1,1,496,262,54,14,1,5,1,
1,2,514,270,26,9,1,5,1,
1,3,384,163,50,16,1,5,1,
1,4,256,407,59,16,1,5,1,
1,5,709,152,28,20,1,5,1,
1,6,630,323,44,16,1,5,1,
1,7,140,62,77,23,1,5,1,
1,8,442,452,159,43,1,5,1,
1,9,771,113,131,44,1,5,1,
1,10,783,443,46,32,1,5,1,
1,11,587,20,68,19,1,5,1,
1,12,101,134,75,20,1,5,1,
1,13,381,55,25,41,1,5,1,
1,14,593,208,78,29,1,5,1,
1,15,0,493,64,48,1,5,1,
1,16,471,92,61,16,1,5,1,
1,17,287,115,33,54,1,5,1,
1,18,133,-9,122,26,1,5,1,
1,19,536,0,154,28,1,5,1,
1,20,0,112,178,46,1,5,1,
1,21,200,326,87,20,1,5,1,
1,22,637,462,75,22,1,5,1,
1,23,742,55,163,65,1,5,1,
1,24,636,486,80,22,1,5,1,
2,1,504,262,51,14,1,5,1,
2,2,515,270,31,9,1,5,1,
2,3,382,163,46,17,1,5,1,
2,4,262,408,57,16,1,5,1,
2,5,702,152,37,19,1,5,1,
2,6,630,322,39,16,1,5,1,
2,7,129,59,81,23,1,5,1,
2,8,456,454,158,42,1,5,1,
2,9,765,115,124,44,1,5,1,
2,10,780,441,48,32,1,5,1,
2,11,596,20,67,19,1,5,1,
2,12,92,132,77,21,1,5,1,
2,13,381,57,19,43,1,5,1,
2,14,594,209,65,28,1,5,1,
2,15,0,497,80,46,1,5,1,
2,16,477,92,60,17,1,5,1,
2,17,284,119,45,53,1,5,1,
2,18,119,-17,124,33,1,5,1,
2,19,520,0,157,30,1,5,1,
2,20,-14,107,177,49,1,5,1,
2,21,208,325,88,20,1,5,1,
2,22,628,462,79,21,1,5,1,
2,23,732,59,151,66,1,5,1,
2,24,643,488,79,22,1,5,1,
3,1,510,262,50,14,1,5,1,
3,2,518,270,34,9,1,5,1,
3,3,381,164,41,17,1,5,1,
3,4,267,408,55,17,1,5,1,
3,5,694,151,47,19,1,5,1,
3,6,631,322,33,16,1,5,1,
3,7,117,56,85,24,1,5,1,
3,8,469,456,158,41,1,5,1,
3,9,760,116,116,45,1,5,1,
3,10,779,438,45,32,1,5,1,
3,11,605,20,66,20,1,5,1,
3,12,86,130,75,21,1,5,1,
3,13,380,59,19,45,1,5,1,
3,14,595,210,54,28,1,5,1,
3,15,0,502,98,41,1,5,1,
3,16,481,93,62,16,1,5,1,
3,17,283,122,55,55,1,5,1,
3,18,101,-27,130,43,1,5,1,
3,19,506,0,128,33,1,5,1,
3,20,-32,101,181,52,1,5,1,
3,21,217,325,89,18,1,5,1,
3,22,619,460,83,21,1,5,1,
3,23,725,63,137,67,1,5,1,
3,24,650,490,76,20,1,5,1,
4,1,517,262,47,14,1,5,1,
4,2,520,269,38,10,1,5,1,
4,3,381,164,35,17,1,5,1,
4,4,272,410,53,16,1,5,1,
4,5,685,151,56,19,1,5,1,
4,6,632,321,26,16,1,5,1,
4,7,107,52,86,27,1,5,1,
4,8,484,457,157,41,1,5,1,
4,9,758,118,103,45,1,5,1,
4,10,777,436,42,31,1,5,1,
4,11,615,21,63,20,1,5,1,
4,12,80,127,72,22,1,5,1,
4,13,379,63,19,43,1,5,1,
4,14,596,211,46,28,1,5,1,
4,15,0,505,116,38,1,5,1,
4,16,487,93,61,17,1,5,1,
4,17,291,127,50,53,1,5,1,
4,19,493,0,128,39,1,5,1,
4,20,-50,99,182,51,1,5,1,
4,21,228,324,87,18,1,5,1,
4,22,611,458,84,21,1,5,1,
4,23,720,68,119,66,1,5,1,
4,24,659,491,71,20,1,5,1,
5,1,523,262,47,14,1,5,1,
5,2,524,269,40,10,1,5,1,
5,3,382,165,28,17,1,5,1,
5,4,277,410,50,17,1,5,1,
5,5,677,151,64,20,1,5,1,
5,6,632,320,22,16,1,5,1,
5,7,97,48,86,29,1,5,1,
5,8,500,456,153,42,1,5,1,
5,9,755,121,92,45,1,5,1,
5,10,776,434,39,30,1,5,1,
5,11,625,21,58,22,1,5,1,
5,12,75,125,68,23,1,5,1,
5,13,379,66,18,43,1,5,1,
5,14,596,212,42,29,1,5,1,
5,15,0,507,128,36,1,5,1,
5,16,493,94,59,16,1,5,1,
5,17,294,133,56,48,1,5,1,
5,19,482,0,125,46,1,5,1,
5,20,-65,92,179,56,1,5,1,
5,21,239,323,85,19,1,5,1,
5,22,603,454,84,24,1,5,1,
5,23,717,74,101,64,1,5,1,
5,24,667,491,67,20,1,5,1,
6,1,529,262,47,14,1,5,1,
6,2,528,269,42,10,1,5,1,
6,3,381,166,23,17,1,5,1,
6,4,282,411,47,18,1,5,1,
6,5,668,151,71,20,1,5,1,
6,6,632,320,18,15,1,5,1,
6,7,88,43,84,31,1,5,1,
6,8,519,455,143,42,1,5,1,
6,9,754,123,78,45,1,5,1,
6,10,774,432,38,29,1,5,1,
6,11,635,20,52,25,1,5,1,
6,12,71,122,64,24,1,5,1,
6,13,379,70,17,43,1,5,1,
6,14,595,213,42,29,1,5,1,
6,15,0,509,138,34,1,5,1,
6,16,499,94,56,17,1,5,1,
6,17,297,139,63,43,1,5,1,
6,19,473,0,121,53,1,5,1,
6,20,-77,84,172,61,1,5,1,
6,21,250,323,82,19,1,5,1,
6,22,597,451,81,27,1,5,1,
6,23,716,80,82,62,1,5,1,
6,24,677,491,59,20,1,5,1,
7,1,534,263,48,13,1,5,1,
7,2,533,268,43,11,1,5,1,
7,3,381,166,18,18,1,5,1,
7,4,287,411,43,19,1,5,1,
7,5,660,151,76,22,1,5,1,
7,6,633,319,16,15,1,5,1,
7,7,79,38,81,33,1,5,1,
7,8,538,453,133,40,1,5,1,
7,9,754,126,64,44,1,5,1,
7,10,772,430,36,29,1,5,1,
7,11,645,21,45,27,1,5,1,
7,12,68,120,59,24,1,5,1,
7,13,381,74,16,42,1,5,1,
7,14,593,215,42,27,1,5,1,
7,15,0,510,149,33,1,5,1,
7,16,506,93,52,19,1,5,1,
7,17,300,143,70,40,1,5,1,
7,19,466,0,116,61,1,5,1,
7,20,-88,75,164,66,1,5,1,
7,21,261,323,79,19,1,5,1,
7,22,591,447,78,30,1,5,1,
7,23,716,86,63,59,1,5,1,
7,24,686,491,51,20,1,5,1,
8,1,540,263,47,13,1,5,1,
8,2,538,268,44,10,1,5,1,
8,3,381,167,15,18,1,5,1,
8,4,292,411,40,21,1,5,1,
8,5,652,150,80,25,1,5,1,
8,6,635,319,15,14,1,5,1,
8,7,72,33,78,34,1,5,1,
8,8,555,450,122,41,1,5,1,
8,9,755,129,51,43,1,5,1,
8,10,771,428,34,28,1,5,1,
8,11,654,22,38,30,1,5,1,
8,12,56,116,67,26,1,5,1,
8,13,379,78,21,40,1,5,1,
8,14,591,216,42,27,1,5,1,
8,15,10,510,151,33,1,5,1,
8,16,513,92,47,21,1,5,1,
8,17,304,147,77,37,1,5,1,
8,19,462,0,110,68,1,5,1,
8,20,-96,66,153,71,1,5,1,
8,21,272,323,75,19,1,5,1,
8,22,586,443,74,33,1,5,1,
8,23,714,92,50,56,1,5,1,
8,24,695,490,43,20,1,5,1,
9,1,545,263,48,13,1,5,1,
9,2,543,268,45,10,1,5,1,
9,3,382,167,15,20,1,5,1,
9,4,295,412,39,21,1,5,1,
9,5,644,150,83,28,1,5,1,
9,6,636,319,15,14,1,5,1,
9,7,66,27,73,36,1,5,1,
9,8,568,448,118,39,1,5,1,
9,9,753,132,41,41,1,5,1,
9,10,769,426,34,27,1,5,1,
9,11,660,24,36,30,1,5,1,
9,12,45,113,72,26,1,5,1,
9,13,378,82,27,39,1,5,1,
9,14,590,217,40,27,1,5,1,
9,15,23,511,150,33,1,5,1,
9,16,519,92,42,22,1,5,1,
9,17,309,150,82,35,1,5,1,
9,19,458,0,107,75,1,5,1,
9,21,280,323,76,19,1,5,1,
9,22,583,439,68,35,1,5,1,
9,23,713,98,38,53,1,5,1,
9,24,703,489,36,20,1,5,1,
10,1,551,263,48,13,1,5,1,
10,2,549,268,45,10,1,5,1,
10,3,383,167,14,22,1,5,1,
10,4,298,413,41,21,1,5,1,
10,5,637,150,85,29,1,5,1,
10,6,637,319,14,13,1,5,1,
10,7,61,21,67,38,1,5,1,
10,8,580,445,115,38,1,5,1,
10,9,752,135,32,39,1,5,1,
10,10,767,424,34,27,1,5,1,
10,11,665,27,36,29,1,5,1,
10,12,38,110,70,27,1,5,1,
10,13,377,86,34,37,1,5,1,
10,14,588,218,39,26,1,5,1,
10,15,34,513,153,30,1,5,1,
10,16,526,92,36,24,1,5,1,
10,17,315,153,87,33,1,5,1,
10,19,457,0,97,83,1,5,1,
10,21,286,323,80,19,1,5,1,
10,22,580,435,62,36,1,5,1,
10,23,713,104,33,49,1,5,1,
10,24,710,487,30,24,1,5,1,
11,1,556,263,49,13,1,5,1,
11,2,555,268,43,10,1,5,1,
11,3,385,167,14,25,1,5,1,
11,4,300,414,44,21,1,5,1,
11,5,630,150,85,31,1,5,1,
11,6,637,318,14,14,1,5,1,
11,7,58,16,59,38,1,5,1,
11,8,591,443,113,37,1,5,1,
11,9,753,139,28,36,1,5,1,
11,10,765,422,34,26,1,5,1,
11,11,670,30,35,29,1,5,1,
11,12,33,107,66,27,1,5,1,
11,13,378,90,39,35,1,5,1,
11,14,587,220,37,25,1,5,1,
11,15,44,515,156,28,1,5,1,
11,16,531,93,32,25,1,5,1,
11,17,322,156,91,31,1,5,1,
11,19,457,0,86,90,1,5,1,
11,21,294,323,81,19,1,5,1,
11,22,578,431,56,37,1,5,1,
11,23,715,109,32,46,1,5,1,
11,24,716,485,25,27,1,5,1,
12,1,562,263,49,14,1,5,1,
12,2,562,268,42,10,1,5,1,
12,3,384,168,18,26,1,5,1,
12,4,302,416,46,21,1,5,1,
12,5,624,151,84,32,1,5,1,
12,6,637,318,14,13,1,5,1,
12,7,56,10,50,39,1,5,1,
12,8,603,440,110,37,1,5,1,
12,9,754,142,28,34,1,5,1,
12,10,763,420,34,26,1,5,1,
12,11,675,33,35,28,1,5,1,
12,12,27,103,62,29,1,5,1,
12,13,379,94,44,32,1,5,1,
12,14,586,221,34,24,1,5,1,
12,15,55,517,158,26,1,5,1,
12,16,534,94,32,25,1,5,1,
12,17,330,159,94,28,1,5,1,
12,19,459,0,68,97,1,5,1,
12,21,302,323,82,19,1,5,1,
12,22,577,428,48,36,1,5,1,
12,23,719,114,30,42,1,5,1,
12,24,720,483,22,28,1,5,1,
13,1,568,263,50,14,1,5,1,
13,2,567,268,42,10,1,5,1,
13,3,383,169,24,27,1,5,1,
13,4,304,417,50,21,1,5,1,
13,5,619,152,81,34,1,5,1,
13,6,637,318,14,13,1,5,1,
13,7,57,5,39,39,1,5,1,
13,8,613,438,109,36,1,5,1,
13,9,757,145,27,32,1,5,1,
13,10,761,418,33,25,1,5,1,
13,11,679,36,36,27,1,5,1,
13,12,23,100,58,29,1,5,1,
13,13,381,98,48,29,1,5,1,
13,14,586,221,29,24,1,5,1,
13,15,66,519,158,24,1,5,1,
13,16,537,96,32,25,1,5,1,
13,17,340,161,93,28,1,5,1,
13,19,457,0,55,103,1,5,1,
13,21,310,323,83,19,1,5,1,
13,22,577,424,40,36,1,5,1,
13,23,721,118,30,40,1,5,1,
13,24,723,481,21,28,1,5,1,
14,1,573,263,52,14,1,5,1,
14,2,573,268,41,10,1,5,1,
14,3,383,171,28,27,1,5,1,
14,4,307,419,52,20,1,5,1,
14,5,615,153,76,35,1,5,1,
14,6,637,317,14,13,1,5,1,
14,7,56,0,31,38,1,5,1,
14,8,624,436,106,35,1,5,1,
14,9,758,148,28,30,1,5,1,
14,10,759,416,32,25,1,5,1,
14,11,684,39,35,26,1,5,1,
14,12,18,97,55,29,1,5,1,
14,13,384,102,52,26,1,5,1,
14,14,586,222,25,24,1,5,1,
14,15,79,520,159,24,1,5,1,
14,16,540,98,32,24,1,5,1,
14,17,349,162,94,28,1,5,1,
14,19,456,8,42,101,1,5,1,
14,21,320,323,82,19,1,5,1,
14,22,578,421,32,35,1,5,1,
14,23,724,122,29,38,1,5,1,
14,24,725,480,20,27,1,5,1,
15,1,580,263,51,14,1,5,1,
15,2,579,268,41,10,1,5,1,
15,3,384,173,32,28,1,5,1,
15,4,311,420,53,21,1,5,1,
15,5,611,154,71,36,1,5,1,
15,6,637,317,14,13,1,5,1,
15,7,56,-3,32,35,1,5,1,
15,8,640,431,91,38,1,5,1,
15,9,760,149,28,30,1,5,1,
15,10,758,414,30,24,1,5,1,
15,11,690,41,34,26,1,5,1,
15,12,15,93,50,30,1,5,1,
15,13,388,105,54,24,1,5,1,
15,14,586,223,22,23,1,5,1,
15,15,92,521,160,23,1,5,1,
15,16,543,100,33,23,1,5,1,
15,17,360,164,93,28,1,5,1,
15,19,457,17,35,95,1,5,1,
15,21,329,323,82,18,1,5,1,
15,22,578,418,25,33,1,5,1,
15,23,727,125,29,37,1,5,1,
15,24,727,478,20,27,1,5,1,
16,1,586,263,52,14,1,5,1,
16,2,585,268,40,10,1,5,1,
16,3,385,175,36,28,1,5,1,
16,4,315,421,54,21,1,5,1,
16,5,608,156,64,36,1,5,1,
16,6,636,316,15,13,1,5,1,
16,7,57,-6,33,32,1,5,1,
16,8,654,426,79,40,1,5,1,
16,9,762,151,27,29,1,5,1,
16,10,758,413,26,23,1,5,1,
16,11,694,44,34,25,1,5,1,
16,12,12,90,45,30,1,5,1,
16,13,393,108,56,22,1,5,1,
16,14,586,223,22,23,1,5,1,
16,15,105,522,162,22,1,5,1,
16,16,546,102,33,22,1,5,1,
16,17,370,166,92,29,1,5,1,
16,19,460,27,34,88,1,5,1,
16,21,339,323,81,18,1,5,1,
16,22,578,416,20,30,1,5,1,
16,23,729,128,29,36,1,5,1,
16,24,729,476,19,27,1,5,1,
17,1,592,264,53,13,1,5,1,
17,2,590,268,40,10,1,5,1,
17,3,387,177,40,27,1,5,1,
17,4,319,422,55,21,1,5,1,
17,5,607,158,56,36,1,5,1,
17,6,636,316,15,13,1,5,1,
17,7,62,-9,31,29,1,5,1,
17,8,663,424,76,38,1,5,1,
17,9,764,152,27,29,1,5,1,
17,10,759,413,20,21,1,5,1,
17,11,699,46,34,25,1,5,1,
17,12,10,86,40,31,1,5,1,
17,13,398,111,58,19,1,5,1,
17,14,585,223,23,22,1,5,1,
17,15,119,522,162,22,1,5,1,
17,16,549,103,33,22,1,5,1,
17,17,379,169,91,27,1,5,1,
17,19,464,36,32,82,1,5,1,
17,21,348,322,80,19,1,5,1,
17,22,579,414,15,28,1,5,1,
17,23,730,131,32,34,1,5,1,
17,24,730,475,20,25,1,5,1,
18,1,598,264,53,13,1,5,1,
18,2,596,268,37,10,1,5,1,
18,3,390,180,42,26,1,5,1,
18,4,323,423,56,21,1,5,1,
18,5,606,160,48,37,1,5,1,
18,6,636,316,15,12,1,5,1,
18,7,60,-12,38,27,1,5,1,
18,8,670,422,75,37,1,5,1,
18,9,766,153,27,29,1,5,1,
18,10,761,412,17,20,1,5,1,
18,11,704,49,34,24,1,5,1,
18,12,9,83,34,31,1,5,1,
18,13,403,113,58,18,1,5,1,
18,14,588,224,22,22,1,5,1,
18,15,132,523,165,21,1,5,1,
18,16,552,105,33,22,1,5,1,
18,17,389,171,90,27,1,5,1,
18,19,465,45,35,75,1,5,1,
18,20,0,19,51,65,1,5,1,
18,21,357,322,80,19,1,5,1,
18,22,580,411,15,27,1,5,1,
18,23,728,135,43,31,1,5,1,
18,24,732,473,20,25,1,5,1,
19,1,605,264,53,13,1,5,1,
19,2,602,268,36,10,1,5,1,
19,3,393,182,45,26,1,5,1,
19,4,328,424,57,21,1,5,1,
19,5,606,162,39,36,1,5,1,
19,6,636,315,15,13,1,5,1,
19,7,61,-16,42,26,1,5,1,
19,8,678,420,73,36,1,5,1,
19,9,767,155,28,28,1,5,1,
19,10,762,411,17,20,1,5,1,
19,11,709,51,33,23,1,5,1,
19,12,6,79,35,31,1,5,1,
19,13,409,114,58,18,1,5,1,
19,14,590,225,22,21,1,5,1,
19,15,147,523,165,21,1,5,1,
19,16,555,106,33,22,1,5,1,
19,17,399,174,88,26,1,5,1,
19,19,463,53,44,69,1,5,1,
19,20,0,14,60,67,1,5,1,
19,21,367,322,79,18,1,5,1,
19,22,582,409,14,24,1,5,1,
19,23,727,138,54,30,1,5,1,
19,24,735,472,18,25,1,5,1,
20,1,612,264,52,13,1,5,1,
20,2,607,268,35,10,1,5,1,
20,3,397,185,46,24,1,5,1,
20,4,332,425,58,21,1,5,1,
20,5,607,165,31,35,1,5,1,
20,6,636,315,14,12,1,5,1,
20,8,685,418,72,35,1,5,1,
20,9,769,156,28,28,1,5,1,
20,10,762,409,17,20,1,5,1,
20,11,713,54,34,22,1,5,1,
20,12,2,76,36,31,1,5,1,
20,13,415,115,57,17,1,5,1,
20,14,588,226,30,21,1,5,1,
20,15,163,524,163,20,1,5,1,
20,16,558,108,33,21,1,5,1,
20,17,408,177,88,24,1,5,1,
20,19,462,60,53,63,1,5,1,
20,20,0,16,79,66,1,5,1,
20,21,376,322,78,18,1,5,1,
20,22,582,408,18,21,1,5,1,
20,23,732,140,55,29,1,5,1,
20,24,736,470,19,26,1,5,1,
21,1,618,264,53,13,1,5,1,
21,2,612,268,35,10,1,5,1,
21,3,401,187,48,23,1,5,1,
21,4,337,426,59,21,1,5,1,
21,5,606,168,25,34,1,5,1,
21,6,635,314,14,13,1,5,1,
21,8,692,416,71,34,1,5,1,
21,9,771,158,28,27,1,5,1,
21,10,763,408,16,19,1,5,1,
21,11,716,56,36,22,1,5,1,
21,12,0,72,36,32,1,5,1,
21,13,420,116,57,17,1,5,1,
21,14,586,226,39,21,1,5,1,
21,15,177,525,163,19,1,5,1,
21,16,561,109,33,21,1,5,1,
21,17,417,179,87,23,1,5,1,
21,19,462,66,63,58,1,5,1,
21,20,0,19,100,64,1,5,1,
21,21,385,322,78,18,1,5,1,
21,22,581,406,23,20,1,5,1,
21,23,737,142,56,28,1,5,1,
21,24,736,468,20,27,1,5,1,
22,1,625,264,52,13,1,5,1,
22,2,617,268,34,10,1,5,1,
22,3,405,190,49,21,1,5,1,
22,4,342,426,59,22,1,5,1,
22,5,605,171,20,32,1,5,1,
22,6,635,314,14,12,1,5,1,
22,8,699,414,69,34,1,5,1,
22,9,772,159,29,27,1,5,1,
22,10,763,407,17,19,1,5,1,
22,11,720,59,36,21,1,5,1,
22,12,0,68,35,33,1,5,1,
22,13,426,116,57,17,1,5,1,
22,14,588,227,40,20,1,5,1,
22,15,192,525,163,19,1,5,1,
22,16,564,111,33,20,1,5,1,
22,17,426,180,87,22,1,5,1,
22,19,463,72,71,53,1,5,1,
22,20,0,17,120,64,1,5,1,
22,21,394,322,77,18,1,5,1,
22,22,580,405,30,18,1,5,1,
22,23,743,143,57,28,1,5,1,
22,24,736,466,21,28,1,5,1,
23,1,631,264,53,13,1,5,1,
23,2,622,268,34,10,1,5,1,
23,3,410,192,49,19,1,5,1,
23,4,347,427,60,22,1,5,1,
23,5,606,174,18,29,1,5,1,
23,6,635,314,14,12,1,5,1,
23,8,707,412,67,34,1,5,1,
23,9,775,160,28,26,1,5,1,
23,10,764,406,16,18,1,5,1,
23,11,725,61,36,20,1,5,1,
23,12,0,64,33,34,1,5,1,
23,13,431,117,57,17,1,5,1,
23,14,591,227,41,20,1,5,1,
23,16,567,112,33,20,1,5,1,
23,17,436,181,86,22,1,5,1,
23,19,466,77,78,49,1,5,1,
23,20,0,14,140,64,1,5,1,
23,21,403,321,77,18,1,5,1,
23,22,581,403,33,17,1,5,1,
23,23,749,145,57,26,1,5,1,
23,24,736,464,21,29,1,5,1,
24,1,637,263,53,14,1,5,1,
24,2,626,268,34,10,1,5,1,
24,3,415,194,49,18,1,5,1,
24,4,351,428,61,22,1,5,1,
24,5,607,177,18,26,1,5,1,
24,6,635,313,14,12,1,5,1,
24,8,709,410,75,33,1,5,1,
24,9,777,161,28,26,1,5,1,
24,10,764,404,16,19,1,5,1,
24,11,730,62,36,21,1,5,1,
24,12,0,60,32,35,1,5,1,
24,13,436,118,58,16,1,5,1,
24,14,594,227,41,20,1,5,1,
24,16,571,113,31,20,1,5,1,
24,17,444,182,86,21,1,5,1,
24,19,470,82,84,44,1,5,1,
24,20,0,10,161,66,1,5,1,
24,21,411,321,77,18,1,5,1,
24,22,584,402,33,16,1,5,1,
24,23,755,146,56,26,1,5,1,
24,24,735,462,22,29,1,5,1,
25,1,644,263,52,14,1,5,1,
25,2,631,268,33,10,1,5,1,
25,3,421,196,48,17,1,5,1,
25,4,356,429,62,23,1,5,1,
25,5,608,179,18,24,1,5,1,
25,6,634,313,15,12,1,5,1,
25,8,709,409,87,32,1,5,1,
25,9,779,162,27,26,1,5,1,
25,10,765,403,16,18,1,5,1,
25,11,735,64,35,20,1,5,1,
25,12,0,56,30,35,1,5,1,
25,13,442,118,57,17,1,5,1,
25,14,597,228,41,20,1,5,1,
25,16,574,115,30,19,1,5,1,
25,17,453,182,86,22,1,5,1,
25,19,475,86,89,41,1,5,1,
25,20,0,6,182,67,1,5,1,
25,21,420,321,76,18,1,5,1,
25,22,588,401,33,16,1,5,1,
25,23,761,147,56,26,1,5,1,
25,24,735,461,20,28,1,5,1,
26,1,650,263,52,14,1,5,1,
26,2,636,268,33,9,1,5,1,
26,3,426,198,48,15,1,5,1,
26,4,361,430,63,23,1,5,1,
26,5,609,181,19,23,1,5,1,
26,6,634,313,14,11,1,5,1,
26,8,713,408,93,31,1,5,1,
26,9,781,163,27,26,1,5,1,
26,10,766,402,15,17,1,5,1,
26,11,740,66,35,20,1,5,1,
26,12,0,52,30,36,1,5,1,
26,13,447,119,57,16,1,5,1,
26,14,600,228,42,20,1,5,1,
26,16,577,116,30,19,1,5,1,
26,17,462,183,86,21,1,5,1,
26,19,480,89,95,39,1,5,1,
26,20,0,2,203,69,1,5,1,
26,21,429,321,76,18,1,5,1,
26,22,592,400,32,16,1,5,1,
26,23,767,148,56,26,1,5,1,
26,24,735,459,21,27,1,5,1,
27,1,657,263,51,13,1,5,1,
27,2,640,268,33,9,1,5,1,
27,3,432,200,46,13,1,5,1,
27,4,366,431,65,23,1,5,1,
27,5,608,183,25,21,1,5,1,
27,6,634,312,14,12,1,5,1,
27,8,720,407,93,31,1,5,1,
27,9,783,164,27,25,1,5,1,
27,10,766,401,16,17,1,5,1,
27,11,745,67,34,20,1,5,1,
27,12,0,47,29,37,1,5,1,
27,13,453,120,56,16,1,5,1,
27,14,603,228,42,19,1,5,1,
27,16,580,117,29,19,1,5,1,
27,17,472,184,85,21,1,5,1,
27,19,485,93,100,35,1,5,1,
27,20,4,0,221,69,1,5,1,
27,21,438,321,75,18,1,5,1,
27,22,597,398,29,16,1,5,1,
27,23,774,150,55,25,1,5,1,
27,24,735,457,21,27,1,5,1,
28,1,663,263,51,13,1,5,1,
28,2,645,268,32,9,1,5,1,
28,3,437,200,45,13,1,5,1,
28,4,371,432,66,23,1,5,1,
28,5,607,184,31,20,1,5,1,
28,6,633,312,15,12,1,5,1,
28,8,729,406,92,30,1,5,1,
28,9,785,165,27,25,1,5,1,
28,10,767,399,15,18,1,5,1,
28,11,749,69,35,19,1,5,1,
28,12,0,43,29,38,1,5,1,
28,13,458,120,56,16,1,5,1,
28,14,605,228,43,19,1,5,1,
28,16,582,118,29,19,1,5,1,
28,17,480,184,85,21,1,5,1,
28,19,491,96,104,33,1,5,1,
28,20,18,0,231,66,1,5,1,
28,21,446,321,75,18,1,5,1,
28,22,600,397,29,16,1,5,1,
28,23,780,151,54,25,1,5,1,
28,24,734,455,22,27,1,5,1,
29,1,670,263,50,13,1,5,1,
29,2,649,268,32,9,1,5,1,
29,3,441,199,45,13,1,5,1,
29,4,376,434,67,22,1,5,1,
29,5,609,185,33,20,1,5,1,
29,6,633,311,13,12,1,5,1,
29,8,738,405,90,30,1,5,1,
29,9,788,166,26,25,1,5,1,
29,10,767,398,16,17,1,5,1,
29,11,754,71,34,19,1,5,1,
29,12,0,38,29,39,1,5,1,
29,13,463,121,56,15,1,5,1,
29,14,608,229,43,18,1,5,1,
29,16,585,120,29,18,1,5,1,
29,17,489,185,84,20,1,5,1,
29,19,498,100,108,30,1,5,1,
29,20,33,0,239,64,1,5,1,
29,21,454,321,75,18,1,5,1,
29,22,604,396,27,16,1,5,1,
29,23,786,152,54,25,1,5,1,
29,24,733,454,23,26,1,5,1,
30,1,676,263,50,13,1,5,1,
30,2,654,268,31,9,1,5,1,
30,3,445,198,45,13,1,5,1,
30,4,381,435,69,22,1,5,1,
30,5,612,186,32,19,1,5,1,
30,6,632,311,13,11,1,5,1,
30,8,747,404,88,30,1,5,1,
30,9,790,167,25,25,1,5,1,
30,10,767,397,16,17,1,5,1,
30,11,758,72,35,19,1,5,1,
30,12,0,33,28,40,1,5,1,
30,13,469,121,55,16,1,5,1,
30,14,610,229,44,19,1,5,1,
30,16,588,121,28,18,1,5,1,
30,17,498,185,83,21,1,5,1,
30,19,506,101,110,29,1,5,1,
30,20,48,0,249,62,1,5,1,
30,21,463,321,74,18,1,5,1,
30,22,608,395,26,15,1,5,1,
30,23,792,153,53,24,1,5,1,
30,24,733,452,23,26,1,5,1,
31,1,683,263,48,13,1,5,1,
31,2,658,268,30,9,1,5,1,
31,3,449,198,46,12,1,5,1,
31,4,387,436,70,22,1,5,1,
31,5,615,186,30,20,1,5,1,
31,6,631,310,13,12,1,5,1,
31,8,756,403,85,30,1,5,1,
31,9,792,168,25,24,1,5,1,
31,10,767,396,16,17,1,5,1,
31,11,763,74,35,18,1,5,1,
31,12,0,29,29,40,1,5,1,
31,13,474,122,55,15,1,5,1,
31,14,613,229,44,19,1,5,1,
31,16,591,122,26,18,1,5,1,
31,17,507,186,82,20,1,5,1,
31,19,515,102,112,28,1,5,1,
31,20,65,0,257,60,1,5,1,
31,21,471,321,73,17,1,5,1,
31,22,612,393,24,16,1,5,1,
31,23,798,154,52,24,1,5,1,
31,24,732,450,24,26,1,5,1,
32,1,691,263,44,13,1,5,1,
32,2,663,268,29,9,1,5,1,
32,3,453,197,46,13,1,5,1,
32,4,392,437,72,23,1,5,1,
32,5,618,187,29,19,1,5,1,
32,6,631,310,13,11,1,5,1,
32,8,765,402,82,30,1,5,1,
32,9,794,169,24,24,1,5,1,
32,10,767,395,16,16,1,5,1,
32,11,768,75,34,19,1,5,1,
32,12,0,23,29,42,1,5,1,
32,13,479,122,54,16,1,5,1,
32,14,617,230,42,18,1,5,1,
32,16,594,123,25,18,1,5,1,
32,17,515,186,82,20,1,5,1,
32,19,524,101,113,28,1,5,1,
32,20,82,0,265,59,1,5,1,
32,21,480,320,72,18,1,5,1,
32,22,615,392,22,16,1,5,1,
32,23,804,155,51,24,1,5,1,
32,24,731,448,24,26,1,5,1,
33,1,697,263,42,12,1,5,1,
33,2,667,268,28,9,1,5,1,
33,3,457,197,47,13,1,5,1,
33,4,398,438,73,23,1,5,1,
33,5,622,188,26,19,1,5,1,
33,6,631,310,13,11,1,5,1,
33,8,773,401,81,29,1,5,1,
33,9,797,170,23,24,1,5,1,
33,10,767,394,16,16,1,5,1,
33,11,773,76,33,19,1,5,1,
33,12,0,18,30,41,1,5,1,
33,13,485,122,53,17,1,5,1,
33,14,622,230,39,18,1,5,1,
33,16,597,124,23,19,1,5,1,
33,17,524,186,80,20,1,5,1,
33,19,533,99,115,28,1,5,1,
33,20,99,0,274,57,1,5,1,
33,21,488,320,72,18,1,5,1,
33,22,618,391,21,15,1,5,1,
33,23,810,156,50,23,1,5,1,
33,24,730,447,25,25,1,5,1,
34,1,704,263,40,12,1,5,1,
34,2,672,268,26,9,1,5,1,
34,3,461,196,48,13,1,5,1,
34,4,404,439,74,23,1,5,1,
34,5,625,188,24,19,1,5,1,
34,6,631,310,13,11,1,5,1,
34,8,782,400,78,29,1,5,1,
34,9,798,171,23,23,1,5,1,
34,10,767,393,16,16,1,5,1,
34,11,778,78,32,18,1,5,1,
34,12,0,13,30,41,1,5,1,
34,13,490,123,52,16,1,5,1,
34,14,626,230,37,18,1,5,1,
34,16,600,125,22,19,1,5,1,
34,17,533,186,79,20,1,5,1,
34,19,542,97,116,29,1,5,1,
34,20,118,0,281,56,1,5,1,
34,21,496,320,71,18,1,5,1,
34,22,622,390,19,15,1,5,1,
34,23,816,157,49,23,1,5,1,
34,24,729,445,25,25,1,5,1,
35,1,709,263,39,12,1,5,1,
35,2,677,268,24,9,1,5,1,
35,3,465,196,49,13,1,5,1,
35,4,409,441,76,22,1,5,1,
35,5,628,189,22,19,1,5,1,
35,6,631,310,14,10,1,5,1,
35,8,787,400,84,29,1,5,1,
35,9,800,172,22,23,1,5,1,
35,10,767,392,17,15,1,5,1,
35,11,782,79,31,18,1,5,1,
35,12,0,7,31,42,1,5,1,
35,13,495,123,51,17,1,5,1,
35,14,630,231,35,17,1,5,1,
35,16,602,126,21,19,1,5,1,
35,17,541,186,79,20,1,5,1,
35,19,551,96,117,28,1,5,1,
35,20,137,0,288,55,1,5,1,
35,21,504,320,70,17,1,5,1,
35,22,625,389,17,15,1,5,1,
35,23,822,158,48,23,1,5,1,
35,24,728,444,26,24,1,5,1,
36,1,714,263,38,12,1,5,1,
36,2,682,268,21,10,1,5,1,
36,3,469,196,50,13,1,5,1,
36,4,415,442,77,22,1,5,1,
36,5,630,190,21,18,1,5,1,
36,6,629,309,18,11,1,5,1,
36,8,792,400,92,29,1,5,1,
36,9,801,173,22,23,1,5,1,
36,10,767,390,17,16,1,5,1,
36,11,787,80,30,18,1,5,1,
36,12,0,2,33,43,1,5,1,
36,13,500,124,49,17,1,5,1,
36,14,634,231,33,17,1,5,1,
36,16,605,127,18,19,1,5,1,
36,17,549,186,80,20,1,5,1,
36,19,560,95,119,29,1,5,1,
36,20,156,0,296,54,1,5,1,
36,21,512,320,70,17,1,5,1,
36,22,628,388,15,14,1,5,1,
36,23,827,159,47,22,1,5,1,
36,24,726,442,27,24,1,5,1,
37,1,719,263,38,12,1,5,1,
37,2,687,269,17,9,1,5,1,
37,3,473,195,51,14,1,5,1,
37,4,422,443,77,22,1,5,1,
37,5,633,190,19,19,1,5,1,
37,6,626,309,22,11,1,5,1,
37,8,801,400,91,29,1,5,1,
37,9,803,173,23,22,1,5,1,
37,10,766,389,18,16,1,5,1,
37,11,791,82,29,18,1,5,1,
37,12,0,0,35,40,1,5,1,
37,13,505,124,48,17,1,5,1,
37,14,638,231,30,18,1,5,1,
37,16,607,128,17,19,1,5,1,
37,17,557,186,80,21,1,5,1,
37,19,569,95,121,29,1,5,1,
37,20,178,0,300,53,1,5,1,
37,21,521,319,68,18,1,5,1,
37,22,631,387,14,14,1,5,1,
37,23,833,159,46,23,1,5,1,
37,24,724,440,29,24,1,5,1,
38,1,725,263,36,12,1,5,1,
38,2,691,269,14,9,1,5,1,
38,3,477,195,52,13,1,5,1,
38,4,428,444,79,21,1,5,1,
38,5,636,191,17,18,1,5,1,
38,6,622,309,27,10,1,5,1,
38,8,811,399,89,29,1,5,1,
38,9,805,174,23,21,1,5,1,
38,10,765,388,20,16,1,5,1,
38,11,796,83,28,18,1,5,1,
38,12,0,-7,36,42,1,5,1,
38,13,510,125,46,17,1,5,1,
38,14,642,232,27,17,1,5,1,
38,16,609,129,16,19,1,5,1,
38,17,566,186,78,21,1,5,1,
38,19,579,95,122,29,1,5,1,
38,20,203,0,302,53,1,5,1,
38,21,528,319,70,17,1,5,1,
38,22,633,385,13,15,1,5,1,
38,23,838,160,45,23,1,5,1,
38,24,722,439,30,23,1,5,1,
39,1,731,263,31,12,1,5,1,
39,2,695,269,11,9,1,5,1,
39,3,482,195,52,13,1,5,1,
39,4,434,445,80,21,1,5,1,
39,5,638,191,16,19,1,5,1,
39,6,618,308,31,11,1,5,1,
39,8,820,399,87,28,1,5,1,
39,9,805,174,23,22,1,5,1,
39,10,765,387,20,16,1,5,1,
39,11,801,84,24,18,1,5,1,
39,12,0,-13,38,43,1,5,1,
39,13,514,126,46,17,1,5,1,
39,14,645,232,26,17,1,5,1,
39,16,611,130,15,19,1,5,1,
39,17,574,186,78,21,1,5,1,
39,19,587,95,123,29,1,5,1,
39,20,226,0,305,52,1,5,1,
39,21,535,319,73,17,1,5,1,
39,22,634,384,13,15,1,5,1,
39,23,844,161,42,23,1,5,1,
39,24,720,437,31,23,1,5,1,
40,1,738,264,25,11,1,5,1,
40,2,697,269,10,9,1,5,1,
40,3,486,195,54,13,1,5,1,
40,4,441,446,80,21,1,5,1,
40,5,638,192,17,18,1,5,1,
40,8,829,398,85,28,1,5,1,
40,9,806,175,23,22,1,5,1,
40,10,764,386,20,15,1,5,1,
40,11,805,85,23,19,1,5,1,
40,12,0,-20,41,44,1,5,1,
40,13,519,126,43,18,1,5,1,
40,14,649,233,22,17,1,5,1,
40,16,613,131,13,19,1,5,1,
40,17,582,187,77,20,1,5,1,
40,19,596,95,123,29,1,5,1,
40,20,303,0,254,52,1,5,1,
40,21,543,319,74,17,1,5,1,
40,22,635,383,14,14,1,5,1,
40,23,850,162,40,22,1,5,1,
40,24,718,436,32,23,1,5,1,
41,1,743,264,21,11,1,5,1,
41,2,698,269,10,9,1,5,1,
41,3,491,194,54,14,1,5,1,
41,4,448,447,81,21,1,5,1,
41,5,639,193,16,18,1,5,1,
41,8,837,397,84,28,1,5,1,
41,9,806,176,23,21,1,5,1,
41,10,763,385,20,15,1,5,1,
41,11,808,87,22,18,1,5,1,
41,12,0,-26,44,45,1,5,1,
41,13,523,127,42,18,1,5,1,
41,14,652,233,21,17,1,5,1,
41,16,615,132,12,19,1,5,1,
41,17,590,187,76,20,1,5,1,
41,19,605,95,121,30,1,5,1,
41,20,336,0,247,52,1,5,1,
41,21,551,319,75,17,1,5,1,
41,22,637,382,13,14,1,5,1,
41,23,855,163,38,22,1,5,1,
41,24,717,434,31,23,1,5,1,
42,1,747,264,19,11,1,5,1,
42,2,699,269,10,9,1,5,1,
42,3,495,194,55,14,1,5,1,
42,4,454,448,82,21,1,5,1,
42,5,639,193,17,18,1,5,1,
42,8,845,397,83,28,1,5,1,
42,9,807,177,22,21,1,5,1,
42,10,762,384,21,15,1,5,1,
42,11,812,88,18,19,1,5,1,
42,12,0,-32,48,45,1,5,1,
42,13,527,128,41,18,1,5,1,
42,14,655,233,19,17,1,5,1,
42,16,616,134,11,18,1,5,1,
42,17,598,187,75,21,1,5,1,
42,19,615,94,118,31,1,5,1,
42,20,369,0,240,53,1,5,1,
42,21,559,319,75,17,1,5,1,
42,22,637,381,13,14,1,5,1,
42,23,857,164,41,22,1,5,1,
42,24,715,433,32,22,1,5,1,
43,1,751,264,17,11,1,5,1,
43,2,700,269,10,9,1,5,1,
43,3,500,194,55,14,1,5,1,
43,4,462,449,81,22,1,5,1,
43,5,640,194,16,18,1,5,1,
43,8,854,396,81,28,1,5,1,
43,9,807,178,22,21,1,5,1,
43,10,761,383,21,15,1,5,1,
43,11,814,90,18,19,1,5,1,
43,13,532,129,38,18,1,5,1,
43,14,656,234,19,16,1,5,1,
43,16,616,135,11,18,1,5,1,
43,17,606,187,74,21,1,5,1,
43,19,627,94,110,32,1,5,1,
43,20,400,0,234,53,1,5,1,
43,21,568,319,73,17,1,5,1,
43,22,638,380,13,14,1,5,1,
43,23,860,165,42,22,1,5,1,
43,24,713,431,32,22,1,5,1,
44,1,753,264,17,11,1,5,1,
44,2,701,269,9,9,1,5,1,
44,3,505,194,56,14,1,5,1,
44,4,468,450,82,23,1,5,1,
44,5,640,195,16,17,1,5,1,
44,8,862,395,78,28,1,5,1,
44,9,807,178,22,21,1,5,1,
44,10,760,382,21,15,1,5,1,
44,11,816,92,18,18,1,5,1,
44,13,535,130,37,18,1,5,1,
44,14,657,234,19,16,1,5,1,
44,16,616,136,12,18,1,5,1,
44,17,613,188,73,20,1,5,1,
44,19,638,94,103,33,1,5,1,
44,20,425,0,233,54,1,5,1,
44,21,576,319,71,17,1,5,1,
44,22,640,379,12,14,1,5,1,
44,23,864,166,42,22,1,5,1,
44,24,711,430,33,22,1,5,1,
45,1,755,264,16,11,1,5,1,
45,2,702,269,9,9,1,5,1,
45,3,510,194,56,14,1,5,1,
45,4,475,452,83,23,1,5,1,
45,5,640,196,16,17,1,5,1,
45,8,870,394,76,28,1,5,1,
45,9,808,179,22,21,1,5,1,
45,10,759,381,21,14,1,5,1,
45,11,819,93,16,19,1,5,1,
45,13,539,131,35,18,1,5,1,
45,14,658,234,18,17,1,5,1,
45,16,616,137,12,18,1,5,1,
45,17,621,188,70,21,1,5,1,
45,19,649,93,97,35,1,5,1,
45,20,451,0,231,55,1,5,1,
45,21,585,319,67,17,1,5,1,
45,22,642,379,13,13,1,5,1,
45,23,869,167,40,21,1,5,1,
45,24,709,429,33,21,1,5,1,
46,1,758,264,15,11,1,5,1,
46,2,703,269,9,9,1,5,1,
46,3,515,194,56,14,1,5,1,
46,4,481,454,86,22,1,5,1,
46,5,640,196,16,17,1,5,1,
46,8,878,394,73,27,1,5,1,
46,9,808,180,22,21,1,5,1,
46,10,758,380,21,14,1,5,1,
46,11,821,95,16,18,1,5,1,
46,13,543,132,32,18,1,5,1,
46,14,658,235,19,16,1,5,1,
46,16,616,138,12,18,1,5,1,
46,17,629,189,68,20,1,5,1,
46,19,658,94,94,35,1,5,1,
46,20,475,0,230,56,1,5,1,
46,21,594,318,61,17,1,5,1,
46,22,642,378,17,13,1,5,1,
46,23,874,168,39,21,1,5,1,
46,24,707,427,33,21,1,5,1,
47,1,760,264,15,11,1,5,1,
47,2,703,269,10,9,1,5,1,
47,3,520,194,57,14,1,5,1,
47,4,488,455,87,22,1,5,1,
47,5,640,197,16,17,1,5,1,
47,8,886,393,70,26,1,5,1,
47,9,808,181,22,20,1,5,1,
47,10,757,379,21,14,1,5,1,
47,11,823,96,16,18,1,5,1,
47,13,546,133,31,18,1,5,1,
47,14,659,235,19,16,1,5,1,
47,16,616,139,11,18,1,5,1,
47,17,636,189,67,20,1,5,1,
47,19,667,94,91,36,1,5,1,
47,20,496,0,232,58,1,5,1,
47,21,602,318,58,17,1,5,1,
47,22,642,378,21,12,1,5,1,
47,23,878,169,38,21,1,5,1,
47,24,705,426,33,21,1,5,1,
48,1,762,264,15,11,1,5,1,
48,2,704,269,9,9,1,5,1,
48,3,525,194,57,14,1,5,1,
48,4,496,456,87,22,1,5,1,
48,5,640,198,15,16,1,5,1,
48,8,894,392,65,26,1,5,1,
48,9,808,182,21,20,1,5,1,
48,10,756,379,21,13,1,5,1,
48,11,825,98,15,18,1,5,1,
48,13,550,134,28,18,1,5,1,
48,14,660,235,18,16,1,5,1,
48,16,616,141,11,17,1,5,1,
48,17,643,190,65,20,1,5,1,
48,19,676,95,87,36,1,5,1,
48,20,516,0,234,59,1,5,1,
48,21,609,318,56,17,1,5,1,
48,22,643,378,24,11,1,5,1,
48,23,883,170,36,20,1,5,1,
48,24,703,425,33,20,1,5,1,
49,1,764,264,14,11,1,5,1,
49,2,705,269,9,9,1,5,1,
49,3,531,194,56,14,1,5,1,
49,4,504,456,87,22,1,5,1,
49,5,639,198,16,17,1,5,1,
49,8,902,391,58,26,1,5,1,
49,9,808,183,21,20,1,5,1,
49,10,756,378,20,13,1,5,1,
49,11,827,100,15,17,1,5,1,
49,13,553,135,26,18,1,5,1,
49,14,660,236,18,15,1,5,1,
49,16,616,142,11,17,1,5,1,
49,17,650,190,64,20,1,5,1,
49,19,684,96,85,36,1,5,1,
49,20,539,0,233,61,1,5,1,
49,21,616,318,54,16,1,5,1,
49,22,645,377,26,12,1,5,1,
49,23,887,170,36,21,1,5,1,
49,24,701,423,34,20,1,5,1,
50,1,766,264,14,11,1,5,1,
50,2,705,269,9,8,1,5,1,
50,3,536,194,56,14,1,5,1,
50,4,511,457,88,22,1,5,1,
50,5,639,199,15,17,1,5,1,
50,8,908,390,52,26,1,5,1,
50,9,808,184,21,19,1,5,1,
50,10,755,377,20,13,1,5,1,
50,11,829,101,14,18,1,5,1,
50,13,556,136,24,18,1,5,1,
50,14,660,236,18,16,1,5,1,
50,16,615,143,11,17,1,5,1,
50,17,657,190,62,21,1,5,1,
50,19,691,98,84,36,1,5,1,
50,20,551,0,245,63,1,5,1,
50,21,622,317,53,17,1,5,1,
50,22,648,377,26,11,1,5,1,
50,23,891,171,35,21,1,5,1,
50,24,699,422,34,20,1,5,1,
51,1,768,264,14,11,1,5,1,
51,2,706,269,9,8,1,5,1,
51,3,541,194,56,14,1,5,1,
51,4,519,457,88,23,1,5,1,
51,5,638,200,15,16,1,5,1,
51,8,915,389,45,26,1,5,1,
51,9,808,184,21,20,1,5,1,
51,10,754,376,20,13,1,5,1,
51,11,831,103,13,17,1,5,1,
51,13,558,137,22,18,1,5,1,
51,14,660,237,18,15,1,5,1,
51,16,615,144,10,17,1,5,1,
51,17,663,191,61,20,1,5,1,
51,19,697,100,84,35,1,5,1,
51,20,568,0,250,64,1,5,1,
51,21,628,317,52,17,1,5,1,
51,22,652,376,24,11,1,5,1,
51,23,895,172,33,20,1,5,1,
51,24,697,421,34,19,1,5,1,
52,1,769,264,14,11,1,5,1,
52,2,706,269,9,8,1,5,1,
52,3,546,194,56,14,1,5,1,
52,4,526,458,90,22,1,5,1,
52,5,638,200,15,17,1,5,1,
52,8,926,388,34,26,1,5,1,
52,9,808,185,21,19,1,5,1,
52,10,753,375,20,13,1,5,1,
52,11,832,104,14,17,1,5,1,
52,13,561,138,20,18,1,5,1,
52,14,660,237,18,15,1,5,1,
52,16,614,145,11,17,1,5,1,
52,17,670,191,59,20,1,5,1,
52,19,704,102,82,34,1,5,1,
52,20,564,0,275,66,1,5,1,
52,21,635,317,49,16,1,5,1,
52,22,655,375,23,12,1,5,1,
52,23,899,173,32,20,1,5,1,
52,24,695,420,34,19,1,5,1,
53,1,771,264,13,11,1,5,1,
53,2,706,269,9,8,1,5,1,
53,3,552,194,54,14,1,5,1,
53,4,535,458,89,22,1,5,1,
53,5,637,201,15,16,1,5,1,
53,8,936,386,24,26,1,5,1,
53,9,808,186,20,19,1,5,1,
53,10,752,374,20,13,1,5,1,
53,11,833,106,13,17,1,5,1,
53,13,563,139,18,18,1,5,1,
53,14,660,237,18,15,1,5,1,
53,16,614,146,10,17,1,5,1,
53,17,676,192,58,20,1,5,1,
53,19,711,103,80,34,1,5,1,
53,20,586,0,275,67,1,5,1,
53,21,641,316,47,17,1,5,1,
53,22,659,374,21,12,1,5,1,
53,23,903,173,30,21,1,5,1,
53,24,693,418,34,19,1,5,1,
54,1,772,264,13,11,1,5,1,
54,2,707,269,9,8,1,5,1,
54,3,557,194,54,14,1,5,1,
54,4,543,458,89,23,1,5,1,
54,5,637,202,15,15,1,5,1,
54,8,935,384,25,27,1,5,1,
54,9,808,187,20,19,1,5,1,
54,10,750,373,21,13,1,5,1,
54,11,834,108,13,17,1,5,1,
54,13,565,140,17,18,1,5,1,
54,14,662,238,17,15,1,5,1,
54,16,613,147,11,16,1,5,1,
54,17,683,192,55,20,1,5,1,
54,19,719,104,77,34,1,5,1,
54,20,610,0,272,69,1,5,1,
54,21,647,316,45,16,1,5,1,
54,22,662,374,20,11,1,5,1,
54,23,907,174,28,20,1,5,1,
54,24,690,417,35,19,1,5,1,
55,1,773,265,14,10,1,5,1,
55,2,707,269,9,8,1,5,1,
55,3,562,194,54,14,1,5,1,
55,4,551,459,89,22,1,5,1,
55,5,638,203,15,15,1,5,1,
55,8,935,382,24,27,1,5,1,
55,9,808,188,20,18,1,5,1,
55,10,749,372,21,13,1,5,1,
55,11,834,110,15,16,1,5,1,
55,13,566,141,17,18,1,5,1,
55,14,664,238,16,15,1,5,1,
55,16,613,148,11,16,1,5,1,
55,17,688,193,54,20,1,5,1,
55,19,726,105,74,34,1,5,1,
55,20,625,0,278,70,1,5,1,
55,21,653,316,42,16,1,5,1,
55,22,664,373,21,11,1,5,1,
55,23,910,175,28,20,1,5,1,
55,24,688,416,35,19,1,5,1,
56,1,775,265,13,10,1,5,1,
56,2,708,269,8,8,1,5,1,
56,3,568,194,52,14,1,5,1,
56,4,559,459,89,22,1,5,1,
56,5,639,203,14,15,1,5,1,
56,8,935,380,24,27,1,5,1,
56,9,808,188,19,19,1,5,1,
56,10,748,372,21,12,1,5,1,
56,11,835,111,15,16,1,5,1,
56,13,567,143,17,17,1,5,1,
56,14,666,239,16,15,1,5,1,
56,15,817,526,92,17,1,5,1,
56,16,612,149,11,16,1,5,1,
56,17,694,193,53,20,1,5,1,
56,19,733,106,72,34,1,5,1,
56,20,649,0,273,72,1,5,1,
56,21,658,315,41,16,1,5,1,
56,22,667,372,20,11,1,5,1,
56,23,913,176,27,20,1,5,1,
56,24,686,415,35,18,1,5,1,
57,1,776,265,13,10,1,5,1,
57,2,708,269,9,8,1,5,1,
57,3,573,194,53,14,1,5,1,
57,4,568,459,88,22,1,5,1,
57,5,639,204,14,14,1,5,1,
57,8,936,379,23,27,1,5,1,
57,9,808,189,19,18,1,5,1,
57,10,747,371,21,12,1,5,1,
57,11,837,113,14,15,1,5,1,
57,13,569,143,16,18,1,5,1,
57,14,666,239,16,15,1,5,1,
57,15,822,523,101,20,1,5,1,
57,16,612,150,11,16,1,5,1,
57,17,700,194,51,19,1,5,1,
57,19,740,107,69,34,1,5,1,
57,20,673,0,275,70,1,5,1,
57,21,663,315,39,16,1,5,1,
57,22,670,372,19,11,1,5,1,
57,23,917,177,26,19,1,5,1,
57,24,684,413,35,19,1,5,1,
58,1,777,265,13,10,1,5,1,
58,2,709,269,8,8,1,5,1,
58,3,578,194,52,14,1,5,1,
58,4,576,459,88,22,1,5,1,
58,5,638,204,15,15,1,5,1,
58,8,936,378,23,26,1,5,1,
58,9,807,190,20,18,1,5,1,
58,10,745,370,22,12,1,5,1,
58,11,838,114,14,16,1,5,1,
58,13,570,144,16,17,1,5,1,
58,14,667,239,16,15,1,5,1,
58,15,793,522,144,21,1,5,1,
58,16,611,151,12,16,1,5,1,
58,17,705,194,50,20,1,5,1,
58,19,746,108,67,34,1,5,1,
58,20,698,0,261,67,1,5,1,
58,21,668,314,37,16,1,5,1,
58,22,672,371,18,11,1,5,1,
58,23,920,177,25,20,1,5,1,
58,24,681,412,36,18,1,5,1,
59,1,778,265,13,10,1,5,1,
59,2,709,269,8,8,1,5,1,
59,3,583,194,52,14,1,5,1,
59,4,585,459,87,22,1,5,1,
59,5,638,205,14,14,1,5,1,
59,8,936,376,23,26,1,5,1,
59,9,807,191,19,17,1,5,1,
59,10,744,369,22,12,1,5,1,
59,11,840,116,13,15,1,5,1,
59,13,572,145,14,17,1,5,1,
59,14,668,239,16,15,1,5,1,
59,15,804,520,146,23,1,5,1,
59,16,609,151,14,16,1,5,1,
59,17,711,195,48,19,1,5,1,
59,19,753,109,64,34,1,5,1,
59,20,725,0,235,67,1,5,1,
59,21,673,314,35,15,1,5,1,
59,22,675,370,17,11,1,5,1,
59,23,922,178,25,19,1,5,1,
59,24,678,410,36,18,1,5,1,
60,1,779,265,13,10,1,5,1,
60,2,709,269,9,8,1,5,1,
60,3,589,194,50,14,1,5,1,
60,4,593,459,87,22,1,5,1,
60,5,638,205,14,15,1,5,1,
60,8,936,375,23,25,1,5,1,
60,9,807,191,19,18,1,5,1,
60,10,742,368,22,12,1,5,1,
60,11,841,117,13,15,1,5,1,
60,13,574,146,13,17,1,5,1,
60,14,668,240,16,14,1,5,1,
60,15,818,519,141,24,1,5,1,
60,16,608,153,14,15,1,5,1,
60,17,716,195,47,20,1,5,1,
60,19,759,110,62,34,1,5,1,
60,20,753,0,207,68,1,5,1,
60,21,677,314,33,15,1,5,1,
60,22,677,369,17,11,1,5,1,
60,23,925,179,24,19,1,5,1,
60,24,676,409,35,16,1,5,1,
61,1,780,265,13,10,1,5,1,
61,2,709,270,9,7,1,5,1,
61,3,594,194,49,14,1,5,1,
61,4,601,459,86,22,1,5,1,
61,5,638,206,13,14,1,5,1,
61,8,936,374,23,25,1,5,1,
61,9,807,192,19,17,1,5,1,
61,10,741,367,22,12,1,5,1,
61,11,843,118,12,15,1,5,1,
61,13,575,147,12,17,1,5,1,
61,14,669,240,16,14,1,5,1,
61,15,832,517,128,26,1,5,1,
61,16,607,154,14,15,1,5,1,
61,17,721,196,46,19,1,5,1,
61,19,764,112,61,33,1,5,1,
61,20,776,0,184,70,1,5,1,
61,21,681,313,32,15,1,5,1,
61,22,680,369,15,10,1,5,1,
61,23,927,180,24,19,1,5,1,
62,1,781,265,13,10,1,5,1,
62,2,709,270,9,7,1,5,1,
62,3,599,194,48,14,1,5,1,
62,4,609,458,86,23,1,5,1,
62,5,637,207,14,14,1,5,1,
62,8,936,372,23,25,1,5,1,
62,9,805,192,19,18,1,5,1,
62,10,739,366,23,12,1,5,1,
62,11,843,119,13,15,1,5,1,
62,13,576,148,11,17,1,5,1,
62,14,669,240,16,14,1,5,1,
62,15,845,515,115,28,1,5,1,
62,16,606,155,14,15,1,5,1,
62,17,726,197,44,19,1,5,1,
62,19,770,113,59,33,1,5,1,
62,20,797,0,163,71,1,5,1,
62,21,685,313,30,15,1,5,1,
62,22,682,368,15,10,1,5,1,
62,23,930,181,24,18,1,5,1,
63,1,783,265,12,10,1,5,1,
63,2,709,269,9,8,1,5,1,
63,3,604,195,47,14,1,5,1,
63,4,618,458,84,22,1,5,1,
63,5,637,207,13,14,1,5,1,
63,8,936,371,23,25,1,5,1,
63,9,804,193,20,18,1,5,1,
63,10,738,366,22,11,1,5,1,
63,11,844,121,13,15,1,5,1,
63,13,576,150,11,16,1,5,1,
63,14,670,240,15,15,1,5,1,
63,15,858,514,102,29,1,5,1,
63,16,604,155,15,16,1,5,1,
63,17,730,197,44,19,1,5,1,
63,19,775,114,57,33,1,5,1,
63,20,818,0,142,64,1,5,1,
63,21,689,313,28,14,1,5,1,
63,22,684,367,14,11,1,5,1,
63,23,932,181,24,19,1,5,1,
64,1,783,265,13,10,1,5,1,
64,2,709,269,9,8,1,5,1,
64,3,609,195,46,14,1,5,1,
64,4,626,458,83,22,1,5,1,
64,5,636,208,14,13,1,5,1,
64,8,935,370,24,24,1,5,1,
64,9,803,194,20,17,1,5,1,
64,10,736,365,23,11,1,5,1,
64,11,845,122,12,15,1,5,1,
64,13,576,151,11,16,1,5,1,
64,14,670,241,15,14,1,5,1,
64,15,872,512,88,31,1,5,1,
64,16,603,156,15,15,1,5,1,
64,17,735,198,42,18,1,5,1,
64,19,781,115,54,33,1,5,1,
64,20,840,0,120,39,1,5,1,
64,21,692,312,27,15,1,5,1,
64,22,686,367,14,10,1,5,1,
64,23,935,182,22,18,1,5,1,
65,1,784,265,13,10,1,5,1,
65,2,709,269,9,8,1,5,1,
65,3,613,195,45,14,1,5,1,
65,4,634,458,82,21,1,5,1,
65,5,635,208,15,14,1,5,1,
65,8,935,369,24,24,1,5,1,
65,9,802,195,20,17,1,5,1,
65,10,734,364,24,11,1,5,1,
65,11,846,123,12,15,1,5,1,
65,13,577,152,11,16,1,5,1,
65,14,670,241,16,14,1,5,1,
65,15,885,514,75,29,1,5,1,
65,17,739,198,41,19,1,5,1,
65,19,786,117,52,32,1,5,1,
65,20,861,0,99,33,1,5,1,
65,21,696,312,25,14,1,5,1,
65,22,688,366,13,10,1,5,1,
65,23,936,183,23,18,1,5,1,
66,1,785,265,13,10,1,5,1,
66,2,709,270,9,7,1,5,1,
66,3,618,195,44,14,1,5,1,
66,4,642,457,81,22,1,5,1,
66,5,635,209,14,13,1,5,1,
66,8,936,368,23,23,1,5,1,
66,9,801,195,20,17,1,5,1,
66,10,733,363,23,11,1,5,1,
66,11,846,125,12,14,1,5,1,
66,13,575,153,14,16,1,5,1,
66,14,671,241,15,14,1,5,1,
66,15,897,516,63,27,1,5,1,
66,17,743,199,41,18,1,5,1,
66,19,790,118,51,32,1,5,1,
66,21,699,311,24,15,1,5,1,
66,22,690,365,12,10,1,5,1,
66,23,938,184,21,17,1,5,1,
67,1,786,265,12,10,1,5,1,
67,2,709,270,8,7,1,5,1,
67,3,622,196,43,13,1,5,1,
67,4,649,457,81,21,1,5,1,
67,5,634,209,15,14,1,5,1,
67,8,936,367,24,23,1,5,1,
67,9,800,196,20,17,1,5,1,
67,10,731,363,24,11,1,5,1,
67,11,847,126,12,14,1,5,1,
67,13,574,155,19,15,1,5,1,
67,14,671,241,15,14,1,5,1,
67,15,909,520,51,23,1,5,1,
67,17,747,199,40,19,1,5,1,
67,19,795,119,49,32,1,5,1,
67,21,701,311,24,14,1,5,1,
67,22,692,364,11,11,1,5,1,
67,23,940,184,19,18,1,5,1,
68,1,786,265,13,10,1,5,1,
68,2,709,270,8,7,1,5,1,
68,3,626,196,43,14,1,5,1,
68,4,657,456,80,22,1,5,1,
68,5,634,210,14,13,1,5,1,
68,8,936,366,23,22,1,5,1,
68,9,799,197,20,16,1,5,1,
68,10,729,362,25,11,1,5,1,
68,11,847,127,12,14,1,5,1,
68,13,573,157,23,13,1,5,1,
68,14,671,242,15,13,1,5,1,
68,17,751,200,39,18,1,5,1,
68,19,799,121,48,31,1,5,1,
68,21,704,311,22,14,1,5,1,
68,22,693,364,10,10,1,5,1,
68,23,942,185,17,18,1,5,1,
69,1,787,265,12,10,1,5,1,
69,2,709,270,8,7,1,5,1,
69,3,631,196,41,14,1,5,1,
69,4,665,456,79,22,1,5,1,
69,5,633,210,14,13,1,5,1,
69,8,935,365,24,22,1,5,1,
69,9,798,197,20,17,1,5,1,
69,10,728,361,24,11,1,5,1,
69,11,848,128,11,14,1,5,1,
69,13,574,158,26,13,1,5,1,
69,14,671,242,15,13,1,5,1,
69,17,755,200,38,18,1,5,1,
69,19,804,122,46,32,1,5,1,
69,21,707,310,21,14,1,5,1,
69,22,693,363,11,10,1,5,1,
69,23,943,186,16,17,1,5,1,
70,1,787,265,13,10,1,5,1,
70,2,709,270,8,7,1,5,1,
70,3,634,197,42,13,1,5,1,
70,4,672,455,78,22,1,5,1,
70,5,632,211,15,13,1,5,1,
70,8,935,364,24,22,1,5,1,
70,9,797,198,20,16,1,5,1,
70,10,726,361,25,10,1,5,1,
70,11,848,129,12,14,1,5,1,
70,13,574,159,31,12,1,5,1,
70,14,672,242,14,14,1,5,1,
70,17,759,201,36,18,1,5,1,
70,19,807,123,47,31,1,5,1,
70,21,709,310,20,14,1,5,1,
70,22,694,362,11,10,1,5,1,
70,23,945,187,15,17,1,5,1,
71,1,788,265,12,10,1,5,1,
71,2,708,270,8,6,1,5,1,
71,3,639,197,41,13,1,5,1,
71,4,680,455,76,21,1,5,1,
71,5,632,211,14,13,1,5,1,
71,8,935,362,24,22,1,5,1,
71,9,796,199,20,16,1,5,1,
71,10,724,360,25,10,1,5,1,
71,11,848,131,12,13,1,5,1,
71,13,576,160,33,11,1,5,1,
71,14,672,242,15,14,1,5,1,
71,17,763,202,35,17,1,5,1,
71,19,811,125,47,29,1,5,1,
71,21,711,309,20,14,1,5,1,
71,22,695,361,10,10,1,5,1,
71,23,946,187,14,17,1,5,1,
72,1,788,265,13,10,1,5,1,
72,2,708,270,8,6,1,5,1,
72,3,643,197,40,14,1,5,1,
72,4,688,454,75,21,1,5,1,
72,8,935,361,24,22,1,5,1,
72,9,795,199,20,16,1,5,1,
72,11,848,132,12,13,1,5,1,
72,13,578,160,36,11,1,5,1,
72,14,672,243,15,13,1,5,1,
72,17,766,202,35,17,1,5,1,
72,19,816,125,46,28,1,5,1,
72,21,714,309,18,13,1,5,1,
72,22,695,361,11,10,1,5,1,
72,23,948,188,12,17,1,5,1,
73,1,789,266,12,9,1,5,1,
73,2,708,270,8,6,1,5,1,
73,3,646,197,40,14,1,5,1,
73,4,695,453,73,22,1,5,1,
73,8,934,361,25,21,1,5,1,
73,9,793,200,21,16,1,5,1,
73,11,849,133,11,14,1,5,1,
73,13,581,160,35,12,1,5,1,
73,14,672,243,15,13,1,5,1,
73,17,769,203,35,17,1,5,1,
73,19,822,126,43,28,1,5,1,
73,21,716,309,18,13,1,5,1,
73,22,696,360,10,10,1,5,1,
73,23,949,189,11,16,1,5,1,
74,1,789,266,12,9,1,5,1,
74,2,708,270,7,6,1,5,1,
74,3,650,198,39,13,1,5,1,
74,4,702,453,72,21,1,5,1,
74,8,934,360,25,21,1,5,1,
74,9,792,201,21,15,1,5,1,
74,11,849,134,11,14,1,5,1,
74,13,584,161,35,11,1,5,1,
74,14,673,243,14,13,1,5,1,
74,17,773,203,33,17,1,5,1,
74,19,828,126,40,29,1,5,1,
74,21,718,308,17,13,1,5,1,
74,22,697,359,10,10,1,5,1,
74,23,950,189,10,17,1,5,1,
75,1,790,266,11,9,1,5,1,
75,2,707,270,8,6,1,5,1,
75,3,654,198,39,13,1,5,1,
75,4,710,452,70,21,1,5,1,
75,8,933,359,26,20,1,5,1,
75,9,791,201,20,15,1,5,1,
75,11,849,135,11,13,1,5,1,
75,13,587,161,35,11,1,5,1,
75,14,674,243,14,13,1,5,1,
75,17,776,204,32,17,1,5,1,
75,19,833,127,37,29,1,5,1,
75,21,720,308,16,13,1,5,1,
75,22,697,359,10,9,1,5,1,
76,1,790,266,12,9,1,5,1,
76,2,707,270,8,6,1,5,1,
76,3,657,198,39,14,1,5,1,
76,4,716,451,69,21,1,5,1,
76,8,933,358,26,20,1,5,1,
76,9,790,202,20,15,1,5,1,
76,11,848,136,12,13,1,5,1,
76,13,590,161,35,11,1,5,1,
76,14,675,243,14,13,1,5,1,
76,17,779,204,32,17,1,5,1,
76,19,837,128,35,29,1,5,1,
76,21,721,308,16,12,1,5,1,
76,22,698,358,10,10,1,5,1,
77,1,790,266,12,8,1,5,1,
77,2,707,270,7,6,1,5,1,
77,3,661,199,38,13,1,5,1,
77,4,723,450,67,21,1,5,1,
77,8,932,357,27,20,1,5,1,
77,9,789,203,20,14,1,5,1,
77,11,847,137,12,13,1,5,1,
77,13,594,160,33,12,1,5,1,
77,14,676,244,15,12,1,5,1,
77,17,782,205,31,16,1,5,1,
77,19,840,129,35,29,1,5,1,
77,21,723,307,15,13,1,5,1,
77,22,698,357,10,10,1,5,1,
78,1,791,266,11,8,1,5,1,
78,2,707,270,7,6,1,5,1,
78,3,665,199,36,13,1,5,1,
78,4,730,449,65,21,1,5,1,
78,8,931,356,28,20,1,5,1,
78,9,788,203,20,15,1,5,1,
78,11,846,138,12,14,1,5,1,
78,13,598,160,31,12,1,5,1,
78,14,676,244,16,12,1,5,1,
78,17,785,205,30,17,1,5,1,
78,19,844,130,33,29,1,5,1,
78,21,724,307,15,12,1,5,1,
78,22,699,357,10,9,1,5,1,
79,1,791,266,11,8,1,5,1,
79,2,706,270,8,6,1,5,1,
79,3,670,199,32,13,1,5,1,
79,4,737,448,63,20,1,5,1,
79,8,931,355,27,20,1,5,1,
79,9,787,204,20,14,1,5,1,
79,11,845,139,12,14,1,5,1,
79,13,602,160,29,12,1,5,1,
79,14,677,244,16,12,1,5,1,
79,17,788,206,29,16,1,5,1,
79,19,847,132,32,28,1,5,1,
79,21,724,306,15,13,1,5,1,
79,22,700,356,10,9,1,5,1,
80,1,791,266,11,8,1,5,1,
80,2,707,270,7,6,1,5,1,
80,3,674,200,30,12,1,5,1,
80,4,743,447,61,20,1,5,1,
80,8,930,354,27,20,1,5,1,
80,9,786,204,20,15,1,5,1,
80,11,844,140,13,14,1,5,1,
80,13,606,160,26,13,1,5,1,
80,14,678,244,16,12,1,5,1,
80,17,791,206,27,16,1,5,1,
80,19,851,133,30,28,1,5,1,
80,21,725,306,15,12,1,5,1,
80,22,701,356,9,9,1,5,1,
81,1,791,266,12,8,1,5,1,
81,3,679,200,27,12,1,5,1,
81,4,750,446,59,20,1,5,1,
81,8,929,353,27,19,1,5,1,
81,9,785,205,19,14,1,5,1,
81,11,843,141,13,14,1,5,1,
81,13,609,161,25,12,1,5,1,
81,14,680,244,15,12,1,5,1,
81,17,794,206,26,17,1,5,1,
81,19,854,134,29,28,1,5,1,
81,21,725,306,15,12,1,5,1,
81,22,701,355,10,9,1,5,1,
82,1,792,266,11,8,1,5,1,
82,3,682,200,26,13,1,5,1,
82,4,756,445,57,20,1,5,1,
82,8,928,352,27,19,1,5,1,
82,9,784,205,19,14,1,5,1,
82,11,841,142,14,14,1,5,1,
82,13,612,161,23,13,1,5,1,
82,14,681,244,15,13,1,5,1,
82,17,797,207,25,16,1,5,1,
82,19,857,135,28,28,1,5,1,
82,21,726,305,14,12,1,5,1,
82,22,702,354,10,9,1,5,1,
83,1,792,266,11,8,1,5,1,
83,3,685,201,25,12,1,5,1,
83,4,762,444,55,20,1,5,1,
83,8,927,351,27,19,1,5,1,
83,9,783,206,19,14,1,5,1,
83,11,840,143,13,14,1,5,1,
83,13,615,162,21,12,1,5,1,
83,14,683,244,14,13,1,5,1,
83,17,799,207,25,16,1,5,1,
83,19,859,136,27,28,1,5,1,
83,21,727,305,15,12,1,5,1,
83,22,703,354,9,9,1,5,1,
84,1,792,266,11,8,1,5,1,
84,3,688,201,24,12,1,5,1,
84,4,767,443,55,19,1,5,1,
84,8,926,350,27,19,1,5,1,
84,9,782,206,19,14,1,5,1,
84,11,839,144,13,14,1,5,1,
84,13,617,162,21,13,1,5,1,
84,14,684,245,14,12,1,5,1,
84,17,801,208,24,16,1,5,1,
84,19,860,138,28,27,1,5,1,
84,21,729,304,15,12,1,5,1,
84,22,703,353,10,9,1,5,1,
85,1,792,266,11,8,1,5,1,
85,3,690,202,24,12,1,5,1,
85,4,773,442,53,19,1,5,1,
85,7,849,0,47,12,1,5,1,
85,8,926,350,26,18,1,5,1,
85,9,780,207,20,14,1,5,1,
85,11,837,146,14,13,1,5,1,
85,13,620,163,19,13,1,5,1,
85,14,686,245,13,12,1,5,1,
85,17,804,208,23,16,1,5,1,
85,19,862,139,28,27,1,5,1,
85,21,729,303,17,12,1,5,1,
85,22,704,353,9,8,1,5,1,
86,1,792,266,11,8,1,5,1,
86,3,693,202,23,12,1,5,1,
86,4,778,441,53,19,1,5,1,
86,7,856,0,50,13,1,5,1,
86,8,925,349,26,18,1,5,1,
86,9,779,208,20,13,1,5,1,
86,11,836,147,14,13,1,5,1,
86,13,622,163,18,13,1,5,1,
86,14,687,245,13,12,1,5,1,
86,17,806,209,23,15,1,5,1,
86,19,864,140,28,27,1,5,1,
86,21,729,303,21,12,1,5,1,
86,22,704,352,10,9,1,5,1,
87,1,792,266,11,8,1,5,1,
87,3,695,203,23,12,1,5,1,
87,4,783,440,52,19,1,5,1,
87,7,864,0,50,15,1,5,1,
87,8,924,348,26,18,1,5,1,
87,9,778,208,19,13,1,5,1,
87,11,835,148,13,13,1,5,1,
87,13,624,164,17,13,1,5,1,
87,14,687,245,14,12,1,5,1,
87,17,808,209,23,16,1,5,1,
87,19,866,141,27,27,1,5,1,
87,21,730,302,24,12,1,5,1,
87,22,705,352,9,8,1,5,1,
88,1,792,266,11,8,1,5,1,
88,3,698,203,21,12,1,5,1,
88,4,788,440,51,18,1,5,1,
88,7,870,0,53,17,1,5,1,
88,8,924,347,25,18,1,5,1,
88,9,777,209,19,13,1,5,1,
88,11,833,149,14,13,1,5,1,
88,13,626,164,15,13,1,5,1,
88,14,688,245,13,12,1,5,1,
88,17,810,210,22,15,1,5,1,
88,19,868,143,27,26,1,5,1,
88,21,732,302,27,12,1,5,1,
88,22,705,351,10,8,1,5,1,
89,1,792,266,11,8,1,5,1,
89,3,700,203,21,12,1,5,1,
89,4,794,439,50,18,1,5,1,
89,7,877,0,55,18,1,5,1,
89,8,923,347,25,17,1,5,1,
89,9,776,209,19,13,1,5,1,
89,11,832,150,13,13,1,5,1,
89,17,812,210,22,15,1,5,1,
89,19,870,144,26,25,1,5,1,
89,21,734,302,29,11,1,5,1,
89,22,706,350,9,9,1,5,1,
90,1,792,266,10,8,1,5,1,
90,3,702,204,21,12,1,5,1,
90,4,797,438,51,18,1,5,1,
90,7,881,0,60,20,1,5,1,
90,8,922,346,25,17,1,5,1,
90,9,775,210,19,13,1,5,1,
90,11,830,151,14,13,1,5,1,
90,17,814,211,22,15,1,5,1,
90,19,871,145,27,25,1,5,1,
90,21,736,302,32,12,1,5,1,
90,22,706,350,9,8,1,5,1,
91,1,792,266,10,8,1,5,1,
91,3,704,204,20,12,1,5,1,
91,4,802,437,50,18,1,5,1,
91,6,488,310,32,10,1,5,1,
91,7,887,0,62,21,1,5,1,
91,8,922,345,24,18,1,5,1,
91,11,829,152,14,13,1,5,1,
91,17,816,211,21,15,1,5,1,
91,19,873,146,26,25,1,5,1,
91,21,739,302,32,11,1,5,1,
91,22,706,349,9,9,1,5,1,
92,1,792,266,10,8,1,5,1,
92,3,706,205,20,11,1,5,1,
92,4,807,436,49,18,1,5,1,
92,6,490,310,33,10,1,5,1,
92,7,892,0,65,23,1,5,1,
92,8,921,345,25,17,1,5,1,
92,11,827,153,14,13,1,5,1,
92,17,818,212,21,14,1,5,1,
92,19,874,147,26,25,1,5,1,
92,21,743,302,30,11,1,5,1,
92,22,706,349,9,8,1,5,1,
93,1,791,266,11,8,1,5,1,
93,3,708,205,19,12,1,5,1,
93,4,812,435,48,18,1,5,1,
93,6,492,310,35,11,1,5,1,
93,7,890,0,69,25,1,5,1,
93,8,920,344,25,17,1,5,1,
93,11,826,154,14,13,1,5,1,
93,17,820,212,20,15,1,5,1,
93,19,876,148,26,25,1,5,1,
93,21,747,302,29,11,1,5,1,
93,22,706,348,9,8,1,5,1,
94,1,791,266,11,8,1,5,1,
94,3,710,206,18,11,1,5,1,
94,4,817,434,47,18,1,5,1,
94,6,494,310,36,11,1,5,1,
94,7,899,0,61,27,1,5,1,
94,8,919,343,25,17,1,5,1,
94,11,824,155,14,12,1,5,1,
94,17,822,213,19,14,1,5,1,
94,19,877,149,26,25,1,5,1,
94,21,751,302,28,11,1,5,1,
94,22,706,348,10,8,1,5,1,
95,1,791,267,10,7,1,5,1,
95,3,712,206,17,11,1,5,1,
95,4,822,433,45,18,1,5,1,
95,6,496,310,37,11,1,5,1,
95,7,906,0,54,29,1,5,1,
95,8,918,342,26,17,1,5,1,
95,11,823,156,14,12,1,5,1,
95,17,824,213,19,15,1,5,1,
95,19,878,150,26,25,1,5,1,
95,21,755,302,26,10,1,5,1,
96,1,791,267,10,7,1,5,1,
96,3,714,206,17,12,1,5,1,
96,4,826,432,45,18,1,5,1,
96,6,498,310,39,11,1,5,1,
96,7,914,0,46,31,1,5,1,
96,8,917,342,26,16,1,5,1,
96,11,821,157,14,12,1,5,1,
96,17,825,214,19,14,1,5,1,
96,19,879,151,25,24,1,5,1,
96,21,757,301,26,11,1,5,1,
97,1,791,267,10,7,1,5,1,
97,3,716,207,16,11,1,5,1,
97,4,831,431,43,17,1,5,1,
97,6,500,310,40,12,1,5,1,
97,7,923,0,37,31,1,5,1,
97,8,916,341,26,16,1,5,1,
97,11,820,158,14,12,1,5,1,
97,17,827,214,18,14,1,5,1,
97,19,880,152,25,24,1,5,1,
97,21,760,301,26,11,1,5,1,
98,1,790,267,10,7,1,5,1,
98,3,717,207,16,11,1,5,1,
98,4,835,430,42,17,1,5,1,
98,6,502,311,42,11,1,5,1,
98,7,930,2,30,31,1,5,1,
98,8,915,340,26,17,1,5,1,
98,11,818,159,14,12,1,5,1,
98,17,828,214,18,15,1,5,1,
98,19,881,153,25,24,1,5,1,
98,21,763,301,25,11,1,5,1,
99,1,790,267,10,7,1,5,1,
99,3,719,208,15,11,1,5,1,
99,4,839,429,41,17,1,5,1,
99,6,505,311,43,11,1,5,1,
99,7,938,4,22,24,1,5,1,
99,8,914,340,26,16,1,5,1,
99,11,816,160,15,12,1,5,1,
99,17,830,215,17,14,1,5,1,
99,19,881,155,26,23,1,5,1,
99,21,766,301,24,10,1,5,1,
100,1,789,267,10,7,1,5,1,
100,3,721,208,14,11,1,5,1,
100,4,843,428,40,17,1,5,1,
100,6,507,311,44,11,1,5,1,
100,8,912,339,27,16,1,5,1,
100,11,815,161,14,12,1,5,1,
100,17,831,215,17,14,1,5,1,
100,19,882,156,25,23,1,5,1,
100,21,769,301,23,10,1,5,1,
101,1,789,267,10,7,1,5,1,
101,3,722,208,14,12,1,5,1,
101,4,847,427,39,17,1,5,1,
101,6,509,311,46,11,1,5,1,
101,8,911,339,27,15,1,5,1,
101,11,813,162,15,11,1,5,1,
101,17,832,216,17,14,1,5,1,
101,19,881,156,25,24,1,5,1,
101,21,771,300,23,11,1,5,1,
102,1,789,267,9,7,1,5,1,
102,3,724,209,13,11,1,5,1,
102,4,850,426,38,17,1,5,1,
102,6,512,311,47,12,1,5,1,
102,8,910,338,27,15,1,5,1,
102,11,811,163,15,11,1,5,1,
102,17,833,216,17,14,1,5,1,
102,19,880,157,25,24,1,5,1,
102,21,774,300,22,11,1,5,1,
103,1,788,267,10,7,1,5,1,
103,3,725,209,12,11,1,5,1,
103,4,854,425,37,17,1,5,1,
103,6,515,311,48,12,1,5,1,
103,8,908,337,27,16,1,5,1,
103,11,809,164,16,11,1,5,1,
103,17,835,217,15,13,1,5,1,
103,19,880,158,24,24,1,5,1,
103,21,776,300,21,10,1,5,1,
104,1,788,267,9,7,1,5,1,
104,3,726,210,12,11,1,5,1,
104,4,858,424,36,17,1,5,1,
104,6,518,311,49,12,1,5,1,
104,8,907,337,27,15,1,5,1,
104,11,807,165,16,11,1,5,1,
104,17,836,217,15,14,1,5,1,
104,19,880,159,24,24,1,5,1,
104,21,779,300,20,10,1,5,1,
105,1,787,267,10,7,1,5,1,
105,3,727,210,12,11,1,5,1,
105,4,862,423,34,17,1,5,1,
105,6,521,312,50,11,1,5,1,
105,8,905,336,28,15,1,5,1,
105,11,806,166,15,10,1,5,1,
105,17,837,218,15,13,1,5,1,
105,19,880,161,24,23,1,5,1,
105,21,781,299,20,11,1,5,1,
106,1,787,267,9,7,1,5,1,
106,3,727,211,13,10,1,5,1,
106,4,865,422,34,17,1,5,1,
106,6,524,312,52,12,1,5,1,
106,8,904,335,27,15,1,5,1,
106,11,804,166,16,11,1,5,1,
106,17,837,218,15,13,1,5,1,
106,19,880,162,24,22,1,5,1,
106,21,783,299,19,11,1,5,1,
107,1,786,267,10,7,1,5,1,
107,3,728,211,12,11,1,5,1,
107,4,869,421,32,17,1,5,1,
107,6,528,312,52,12,1,5,1,
107,8,903,335,27,15,1,5,1,
107,11,802,167,16,11,1,5,1,
107,17,838,219,15,13,1,5,1,
107,19,880,163,24,22,1,5,1,
107,21,786,299,18,10,1,5,1,
108,3,729,211,12,11,1,5,1,
108,4,872,419,31,18,1,5,1,
108,6,531,312,53,12,1,5,1,
108,8,901,334,28,15,1,5,1,
108,11,800,168,16,11,1,5,1,
108,17,839,219,14,13,1,5,1,
108,19,880,164,24,22,1,5,1,
108,21,788,299,17,10,1,5,1,
109,3,729,212,12,10,1,5,1,
109,4,875,418,30,18,1,5,1,
109,6,534,312,54,12,1,5,1,
109,8,900,334,27,14,1,5,1,
109,11,798,169,16,10,1,5,1,
109,17,839,219,15,13,1,5,1,
109,19,880,165,23,22,1,5,1,
109,21,790,299,16,10,1,5,1,
110,3,730,212,12,11,1,5,1,
110,4,878,417,29,18,1,5,1,
110,6,538,312,55,12,1,5,1,
110,8,898,333,28,14,1,5,1,
110,11,796,170,17,10,1,5,1,
110,17,840,220,14,13,1,5,1,
110,19,880,166,23,21,1,5,1,
110,21,792,299,16,9,1,5,1,
111,3,730,213,12,10,1,5,1,
111,4,881,416,28,18,1,5,1,
111,6,541,312,56,12,1,5,1,
111,8,896,333,28,14,1,5,1,
111,11,794,171,17,10,1,5,1,
111,17,840,220,15,13,1,5,1,
111,19,880,167,23,21,1,5,1,
111,21,793,298,16,10,1,5,1,
111,23,952,213,7,9,1,5,1,
112,3,731,213,12,10,1,5,1,
112,4,884,415,27,17,1,5,1,
112,6,545,313,57,12,1,5,1,
112,8,895,332,28,14,1,5,1,
112,11,792,171,17,11,1,5,1,
112,17,840,221,15,12,1,5,1,
112,19,878,168,22,21,1,5,1,
112,21,795,298,15,10,1,5,1,
112,23,951,213,8,9,1,5,1,
113,3,731,213,12,11,1,5,1,
113,4,887,414,26,17,1,5,1,
113,6,549,313,57,12,1,5,1,
113,8,893,331,28,14,1,5,1,
113,17,841,221,14,13,1,5,1,
113,19,876,169,23,21,1,5,1,
113,21,797,298,14,10,1,5,1,
113,23,950,213,9,10,1,5,1,
114,3,731,214,12,10,1,5,1,
114,4,890,413,24,17,1,5,1,
114,6,553,313,57,12,1,5,1,
114,8,891,331,29,14,1,5,1,
114,17,841,221,14,13,1,5,1,
114,19,875,169,25,22,1,5,1,
114,21,799,298,13,9,1,5,1,
114,23,949,213,10,10,1,5,1,
115,3,732,214,11,10,1,5,1,
115,4,892,412,24,17,1,5,1,
115,6,557,313,58,12,1,5,1,
115,8,889,330,29,14,1,5,1,
115,17,841,222,14,12,1,5,1,
115,19,873,170,27,22,1,5,1,
115,21,801,298,12,9,1,5,1,
115,23,946,213,13,10,1,5,1,
116,3,732,215,12,10,1,5,1,
116,4,895,411,23,17,1,5,1,
116,6,561,313,58,12,1,5,1,
116,8,887,330,30,13,1,5,1,
116,17,841,222,14,13,1,5,1,
116,19,871,171,28,22,1,5,1,
116,21,802,297,12,10,1,5,1,
116,23,943,213,16,11,1,5,1,
117,3,732,215,12,10,1,5,1,
117,4,897,410,22,17,1,5,1,
117,6,565,313,59,12,1,5,1,
117,8,885,329,30,14,1,5,1,
117,17,841,223,14,12,1,5,1,
117,19,869,172,29,21,1,5,1,
117,21,804,297,11,10,1,5,1,
117,23,937,214,22,10,1,5,1,
118,3,732,215,12,10,1,5,1,
118,4,899,409,21,17,1,5,1,
118,6,569,313,59,12,1,5,1,
118,8,883,329,30,13,1,5,1,
118,17,841,223,14,12,1,5,1,
118,19,867,173,30,21,1,5,1,
118,21,804,297,12,9,1,5,1,
118,23,933,214,26,11,1,5,1,
119,4,901,408,21,17,1,5,1,
119,6,573,313,60,12,1,5,1,
119,8,880,328,32,13,1,5,1,
119,17,841,224,14,12,1,5,1,
119,19,865,174,31,21,1,5,1,
119,21,805,297,12,9,1,5,1,
119,23,929,215,30,10,1,5,1,
120,4,903,407,20,17,1,5,1,
120,6,577,313,60,13,1,5,1,
120,8,878,328,32,13,1,5,1,
120,17,841,224,14,12,1,5,1,
120,19,863,175,31,21,1,5,1,
120,21,806,297,12,9,1,5,1,
120,23,927,215,32,11,1,5,1,
121,4,905,406,20,17,1,5,1,
121,6,581,313,61,13,1,5,1,
121,8,876,327,32,13,1,5,1,
121,17,841,224,14,12,1,5,1,
121,19,861,176,32,20,1,5,1,
121,21,807,296,11,10,1,5,1,
121,23,924,215,35,11,1,5,1,
122,4,907,405,19,17,1,5,1,
122,6,585,313,62,13,1,5,1,
122,8,874,327,32,13,1,5,1,
122,17,841,225,14,11,1,5,1,
122,19,859,177,32,20,1,5,1,
122,21,807,296,12,9,1,5,1,
122,23,921,216,36,10,1,5,1,
123,4,908,404,18,17,1,5,1,
123,6,589,313,62,13,1,5,1,
123,8,871,326,33,13,1,5,1,
123,17,841,225,13,12,1,5,1,
123,19,857,178,32,20,1,5,1,
123,21,808,296,11,9,1,5,1,
123,23,918,216,36,11,1,5,1,
124,4,909,403,18,17,1,5,1,
124,6,593,313,62,13,1,5,1,
124,8,869,326,33,12,1,5,1,
124,17,841,226,13,11,1,5,1,
124,19,857,179,29,19,1,5,1,
124,21,808,296,11,9,1,5,1,
124,23,915,217,36,10,1,5,1,
125,4,909,402,19,17,1,5,1,
125,6,598,313,62,13,1,5,1,
125,8,867,325,33,13,1,5,1,
125,17,841,226,13,11,1,5,1,
125,19,856,180,26,18,1,5,1,
125,21,808,296,12,9,1,5,1,
125,23,912,217,35,11,1,5,1,
126,4,910,401,18,17,1,5,1,
126,6,602,313,62,13,1,5,1,
126,8,865,325,33,12,1,5,1,
126,17,841,226,13,12,1,5,1,
126,19,857,181,22,18,1,5,1,
126,21,809,296,11,8,1,5,1,
126,23,909,218,35,10,1,5,1,
127,4,911,400,18,17,1,5,1,
127,6,607,313,62,13,1,5,1,
127,8,863,324,33,13,1,5,1,
127,17,841,227,12,11,1,5,1,
127,19,856,182,19,17,1,5,1,
127,21,809,296,11,8,1,5,1,
127,23,906,218,35,10,1,5,1,
128,4,911,399,18,17,1,5,1,
128,6,610,313,63,13,1,5,1,
128,8,861,324,33,12,1,5,1,
128,17,841,227,12,11,1,5,1,
128,19,855,183,19,17,1,5,1,
128,21,810,295,11,9,1,5,1,
128,23,903,219,35,10,1,5,1,
129,4,912,398,17,17,1,5,1,
129,6,614,313,63,13,1,5,1,
129,8,859,324,33,12,1,5,1,
129,17,840,227,13,11,1,5,1,
129,19,854,183,19,17,1,5,1,
129,21,810,295,11,9,1,5,1,
129,23,900,219,36,10,1,5,1,
130,4,912,397,18,17,1,5,1,
130,6,618,313,63,13,1,5,1,
130,8,857,323,33,12,1,5,1,
130,17,840,228,13,11,1,5,1,
130,19,854,184,19,17,1,5,1,
130,21,810,295,11,9,1,5,1,
130,23,897,219,36,10,1,5,1,
131,4,912,396,18,17,1,5,1,
131,6,622,313,64,13,1,5,1,
131,8,855,323,33,12,1,5,1,
131,17,840,228,13,11,1,5,1,
131,19,853,184,20,18,1,5,1,
131,21,810,295,11,8,1,5,1,
131,23,894,220,36,10,1,5,1,
132,4,913,395,17,17,1,5,1,
132,6,627,313,63,13,1,5,1,
132,8,852,322,34,12,1,5,1,
132,17,840,228,12,11,1,5,1,
132,19,852,185,20,17,1,5,1,
132,21,810,295,11,8,1,5,1,
132,23,891,220,36,10,1,5,1,
133,4,913,394,17,17,1,5,1,
133,6,631,313,63,13,1,5,1,
133,8,850,322,34,12,1,5,1,
133,17,840,229,12,10,1,5,1,
133,19,851,186,21,17,1,5,1,
133,21,811,294,10,9,1,5,1,
133,23,888,221,36,9,1,5,1,
134,4,913,393,17,17,1,5,1,
134,6,636,313,62,13,1,5,1,
134,8,848,322,34,11,1,5,1,
134,17,839,229,13,11,1,5,1,
134,19,850,187,21,16,1,5,1,
134,21,811,294,10,9,1,5,1,
134,23,885,221,36,10,1,5,1,
135,4,913,392,17,16,1,5,1,
135,6,640,313,62,13,1,5,1,
135,8,846,321,34,12,1,5,1,
135,17,839,229,12,11,1,5,1,
135,19,847,187,23,17,1,5,1,
135,21,811,294,10,8,1,5,1,
135,23,882,222,36,9,1,5,1,
136,4,913,391,17,16,1,5,1,
136,6,645,313,61,13,1,5,1,
136,8,843,321,35,11,1,5,1,
136,17,839,230,12,10,1,5,1,
136,19,847,188,23,16,1,5,1,
136,21,811,294,10,8,1,5,1,
136,23,879,222,36,9,1,5,1,
137,4,913,390,17,16,1,5,1,
137,6,649,313,61,13,1,5,1,
137,8,841,320,35,12,1,5,1,
137,17,838,230,12,10,1,5,1,
137,19,845,189,24,16,1,5,1,
137,21,810,294,11,8,1,5,1,
137,23,876,222,37,10,1,5,1,
138,4,913,389,17,16,1,5,1,
138,6,654,313,59,12,1,5,1,
138,8,838,320,35,11,1,5,1,
138,17,838,230,12,11,1,5,1,
138,19,842,189,26,16,1,5,1,
138,21,810,294,11,8,1,5,1,
138,23,873,223,36,9,1,5,1,
139,4,913,388,17,16,1,5,1,
139,6,658,313,59,12,1,5,1,
139,8,836,320,35,11,1,5,1,
139,17,838,231,11,10,1,5,1,
139,19,842,190,26,16,1,5,1,
139,21,810,294,11,8,1,5,1,
139,23,870,223,37,9,1,5,1,
140,4,913,387,17,16,1,5,1,
140,6,662,313,59,12,1,5,1,
140,8,834,319,35,11,1,5,1,
140,17,837,231,11,10,1,5,1,
140,19,841,191,25,15,1,5,1,
140,21,810,293,10,8,1,5,1,
140,23,867,224,36,9,1,5,1,
141,4,913,386,17,16,1,5,1,
141,6,667,313,57,12,1,5,1,
141,8,832,319,35,11,1,5,1,
141,17,837,231,11,10,1,5,1,
141,19,839,191,25,16,1,5,1,
141,21,810,293,10,8,1,5,1,
142,4,913,385,16,16,1,5,1,
142,6,670,313,58,12,1,5,1,
142,8,829,319,36,10,1,5,1,
142,17,836,232,11,10,1,5,1,
142,19,836,192,27,15,1,5,1,
142,21,810,293,10,8,1,5,1,
143,4,913,384,16,16,1,5,1,
143,6,674,313,57,12,1,5,1,
143,8,828,318,35,11,1,5,1,
143,17,835,232,12,10,1,5,1,
143,19,832,193,30,15,1,5,1,
143,21,810,293,10,8,1,5,1,
144,4,912,383,17,16,1,5,1,
144,6,678,313,57,12,1,5,1,
144,17,835,232,11,10,1,5,1,
144,19,832,193,30,15,1,5,1,
144,21,809,293,11,8,1,5,1,
145,4,912,382,16,17,1,5,1,
145,6,682,313,56,12,1,5,1,
145,17,834,233,11,9,1,5,1,
145,19,832,194,29,15,1,5,1,
145,21,809,293,10,7,1,5,1,
146,4,912,382,16,16,1,5,1,
146,6,685,312,56,13,1,5,1,
146,17,834,233,11,9,1,5,1,
146,19,832,194,27,15,1,5,1,
146,21,809,293,10,7,1,5,1,
147,4,911,381,17,16,1,5,1,
147,6,688,312,56,12,1,5,1,
147,17,833,233,11,10,1,5,1,
147,19,831,195,25,15,1,5,1,
148,4,911,380,17,16,1,5,1,
148,6,692,312,55,13,1,5,1,
148,17,833,233,11,10,1,5,1,
148,19,830,195,23,15,1,5,1,
149,4,911,379,16,16,1,5,1,
149,6,695,313,54,12,1,5,1,
149,17,832,234,11,9,1,5,1,
149,19,829,196,22,15,1,5,1,
150,4,910,378,17,17,1,5,1,
150,6,698,313,52,12,1,5,1,
150,17,832,234,11,9,1,5,1,
150,19,827,196,23,15,1,5,1,
