1,1,270,142,22,22,1,5,1,
1,2,399,420,12,21,1,5,1,
1,3,707,92,96,29,1,5,1,
1,4,477,250,160,38,1,5,1,
1,5,115,323,107,24,1,5,1,
1,6,129,441,89,22,1,5,1,
1,7,482,234,34,13,1,5,1,
1,8,649,49,77,21,1,5,1,
1,9,673,402,76,53,1,5,1,
1,10,773,420,26,14,1,5,1,
1,11,475,4,48,14,1,5,1,
1,12,172,29,53,49,1,5,1,
1,13,550,291,174,41,1,5,1,
1,14,155,124,53,61,1,5,1,
1,15,679,110,119,37,1,5,1,
1,16,634,201,58,19,1,5,1,
1,17,425,201,65,23,1,5,1,
1,18,659,169,160,49,1,5,1,
1,19,374,17,11,19,1,5,1,
1,20,905,189,26,15,1,5,1,
1,21,438,182,110,27,1,5,1,
1,22,871,365,64,31,1,5,1,
1,23,48,195,230,48,1,5,1,
1,24,523,455,16,29,1,5,1,
1,25,571,73,93,33,1,5,1,
1,26,521,108,61,35,1,5,1,
1,27,381,198,30,35,1,5,1,
1,28,578,384,65,38,1,5,1,
1,29,597,32,66,18,1,5,1,
1,30,-17,93,208,54,1,5,1,
1,31,655,207,25,26,1,5,1,
1,32,389,36,23,33,1,5,1,
2,1,269,141,22,22,1,5,1,
2,2,400,422,12,22,1,5,1,
2,3,698,95,95,26,1,5,1,
2,4,488,250,160,38,1,5,1,
2,5,125,324,105,24,1,5,1,
2,6,135,441,89,21,1,5,1,
2,7,480,233,30,13,1,5,1,
2,8,655,50,75,21,1,5,1,
2,9,676,404,83,55,1,5,1,
2,10,773,418,22,14,1,5,1,
2,11,482,2,47,15,1,5,1,
2,12,171,26,62,48,1,5,1,
2,13,536,291,175,40,1,5,1,
2,14,158,126,51,62,1,5,1,
2,15,683,107,130,38,1,5,1,
2,16,629,202,55,20,1,5,1,
2,17,428,199,74,24,1,5,1,
2,18,651,169,148,53,1,5,1,
2,19,375,14,11,20,1,5,1,
2,20,896,188,35,15,1,5,1,
2,21,429,182,111,27,1,5,1,
2,22,869,364,54,37,1,5,1,
2,23,21,194,244,49,1,5,1,
2,24,523,457,13,32,1,5,1,
2,25,579,76,100,29,1,5,1,
2,26,521,105,74,35,1,5,1,
2,27,382,200,31,34,1,5,1,
2,28,579,386,74,38,1,5,1,
2,29,602,32,67,17,1,5,1,
2,30,-40,88,215,56,1,5,1,
2,31,657,209,24,25,1,5,1,
2,32,390,32,24,34,1,5,1,
3,1,269,139,23,23,1,5,1,
3,2,400,424,13,22,1,5,1,
3,3,689,98,94,24,1,5,1,
3,4,501,250,156,38,1,5,1,
3,5,136,324,102,24,1,5,1,
3,6,142,440,88,21,1,5,1,
3,7,478,233,26,13,1,5,1,
3,8,661,51,73,21,1,5,1,
3,9,681,407,86,56,1,5,1,
3,10,773,416,18,15,1,5,1,
3,11,488,0,47,15,1,5,1,
3,12,172,23,76,46,1,5,1,
3,13,525,291,170,40,1,5,1,
3,14,164,130,48,59,1,5,1,
3,15,687,105,142,37,1,5,1,
3,16,625,203,50,20,1,5,1,
3,17,432,198,83,24,1,5,1,
3,18,645,169,133,57,1,5,1,
3,19,377,10,11,22,1,5,1,
3,20,885,187,45,16,1,5,1,
3,21,421,182,110,28,1,5,1,
3,22,855,367,68,34,1,5,1,
3,23,0,193,250,50,1,5,1,
3,24,522,459,13,35,1,5,1,
3,25,594,76,93,31,1,5,1,
3,26,521,102,88,36,1,5,1,
3,27,379,202,42,34,1,5,1,
3,28,581,389,83,36,1,5,1,
3,29,608,32,68,17,1,5,1,
3,30,-63,87,220,55,1,5,1,
3,31,661,211,23,24,1,5,1,
3,32,387,29,30,33,1,5,1,
4,1,270,137,23,23,1,5,1,
4,2,401,426,13,22,1,5,1,
4,3,680,101,91,22,1,5,1,
4,4,516,250,149,38,1,5,1,
4,5,149,323,97,24,1,5,1,
4,6,150,439,85,20,1,5,1,
4,7,478,232,20,14,1,5,1,
4,8,667,51,70,22,1,5,1,
4,9,682,410,100,57,1,5,1,
4,10,772,415,17,14,1,5,1,
4,11,495,0,46,14,1,5,1,
4,12,175,21,91,46,1,5,1,
4,13,516,290,161,40,1,5,1,
4,14,166,134,50,56,1,5,1,
4,15,694,103,149,37,1,5,1,
4,16,622,203,44,22,1,5,1,
4,17,437,198,90,23,1,5,1,
4,18,641,171,115,59,1,5,1,
4,19,377,6,12,24,1,5,1,
4,20,883,186,38,16,1,5,1,
4,21,414,183,107,27,1,5,1,
4,22,840,371,81,30,1,5,1,
4,23,-9,192,243,51,1,5,1,
4,24,521,462,14,37,1,5,1,
4,25,610,75,83,34,1,5,1,
4,26,523,100,101,35,1,5,1,
4,27,377,204,51,33,1,5,1,
4,28,584,391,91,36,1,5,1,
4,29,614,32,68,17,1,5,1,
4,30,-84,83,221,56,1,5,1,
4,31,662,213,26,23,1,5,1,
4,32,385,26,39,32,1,5,1,
5,1,271,135,23,23,1,5,1,
5,2,401,428,15,23,1,5,1,
5,3,672,102,88,21,1,5,1,
5,4,531,250,139,38,1,5,1,
5,5,162,322,91,25,1,5,1,
5,6,158,439,82,19,1,5,1,
5,7,478,232,15,14,1,5,1,
5,8,673,51,66,24,1,5,1,
5,9,684,413,113,58,1,5,1,
5,10,772,414,15,13,1,5,1,
5,11,499,-2,49,14,1,5,1,
5,12,178,21,107,45,1,5,1,
5,13,509,289,150,39,1,5,1,
5,14,160,137,66,54,1,5,1,
5,15,702,101,156,37,1,5,1,
5,16,620,205,37,22,1,5,1,
5,17,444,197,95,24,1,5,1,
5,18,639,173,97,61,1,5,1,
5,19,377,3,14,24,1,5,1,
5,20,882,185,30,16,1,5,1,
5,21,408,182,102,29,1,5,1,
5,22,824,373,94,28,1,5,1,
5,23,-37,190,253,53,1,5,1,
5,24,522,465,14,39,1,5,1,
5,25,624,75,73,37,1,5,1,
5,26,526,98,113,35,1,5,1,
5,27,377,206,59,32,1,5,1,
5,28,589,393,97,37,1,5,1,
5,29,621,32,66,17,1,5,1,
5,30,-105,76,221,59,1,5,1,
5,31,662,215,34,22,1,5,1,
5,32,384,23,49,31,1,5,1,
6,1,270,133,26,24,1,5,1,
6,2,402,430,16,23,1,5,1,
6,3,663,102,89,22,1,5,1,
6,4,547,251,126,37,1,5,1,
6,5,172,322,92,24,1,5,1,
6,6,165,439,78,18,1,5,1,
6,7,477,231,16,14,1,5,1,
6,8,679,51,62,25,1,5,1,
6,9,688,416,125,58,1,5,1,
6,10,771,412,15,13,1,5,1,
6,11,504,-2,52,12,1,5,1,
6,12,182,21,123,44,1,5,1,
6,13,504,288,135,39,1,5,1,
6,14,156,139,82,54,1,5,1,
6,15,711,100,160,35,1,5,1,
6,16,618,206,32,23,1,5,1,
6,17,452,196,99,24,1,5,1,
6,18,639,177,79,60,1,5,1,
6,19,378,0,17,24,1,5,1,
6,20,882,183,23,17,1,5,1,
6,21,404,182,94,31,1,5,1,
6,22,808,374,105,27,1,5,1,
6,23,-67,188,265,54,1,5,1,
6,24,522,468,15,42,1,5,1,
6,25,639,76,60,39,1,5,1,
6,26,531,96,123,35,1,5,1,
6,27,378,208,67,31,1,5,1,
6,28,595,396,102,35,1,5,1,
6,29,627,32,65,18,1,5,1,
6,30,-121,65,218,68,1,5,1,
6,31,663,216,42,21,1,5,1,
6,32,384,21,59,29,1,5,1,
7,1,270,131,28,24,1,5,1,
7,2,403,433,17,22,1,5,1,
7,3,654,102,90,23,1,5,1,
7,4,563,251,111,36,1,5,1,
7,5,182,321,93,25,1,5,1,
7,6,172,439,75,18,1,5,1,
7,7,477,230,16,15,1,5,1,
7,8,685,51,59,26,1,5,1,
7,9,693,420,137,58,1,5,1,
7,10,769,411,16,12,1,5,1,
7,11,509,-2,54,11,1,5,1,
7,12,192,16,126,46,1,5,1,
7,13,501,287,119,38,1,5,1,
7,14,155,142,95,52,1,5,1,
7,15,722,99,161,35,1,5,1,
7,16,618,209,25,21,1,5,1,
7,17,461,196,101,24,1,5,1,
7,18,641,182,60,57,1,5,1,
7,19,379,-1,20,22,1,5,1,
7,20,880,180,24,19,1,5,1,
7,21,402,183,85,31,1,5,1,
7,22,793,373,113,26,1,5,1,
7,23,-98,186,276,55,1,5,1,
7,24,520,473,19,43,1,5,1,
7,25,653,77,47,42,1,5,1,
7,26,538,95,131,34,1,5,1,
7,27,386,210,59,30,1,5,1,
7,28,602,399,106,34,1,5,1,
7,29,634,33,62,18,1,5,1,
7,30,-136,54,212,76,1,5,1,
7,31,665,218,49,20,1,5,1,
7,32,386,20,66,26,1,5,1,
8,1,267,130,36,24,1,5,1,
8,2,404,435,19,23,1,5,1,
8,3,646,102,89,24,1,5,1,
8,4,579,251,95,37,1,5,1,
8,5,192,322,93,23,1,5,1,
8,6,179,439,70,18,1,5,1,
8,7,478,230,16,14,1,5,1,
8,8,691,51,55,27,1,5,1,
8,9,700,424,145,56,1,5,1,
8,10,768,409,16,13,1,5,1,
8,11,515,-2,55,11,1,5,1,
8,12,199,8,134,48,1,5,1,
8,13,500,286,101,37,1,5,1,
8,14,156,146,106,49,1,5,1,
8,15,734,99,160,35,1,5,1,
8,16,617,211,20,19,1,5,1,
8,17,472,196,100,24,1,5,1,
8,18,639,187,48,54,1,5,1,
8,19,381,-4,21,21,1,5,1,
8,20,880,177,25,20,1,5,1,
8,21,400,184,75,31,1,5,1,
8,22,777,372,120,26,1,5,1,
8,23,-130,183,286,57,1,5,1,
8,24,519,478,26,43,1,5,1,
8,25,660,80,42,42,1,5,1,
8,26,547,93,137,34,1,5,1,
8,27,389,213,62,28,1,5,1,
8,28,610,402,108,31,1,5,1,
8,29,641,32,58,20,1,5,1,
8,30,-151,45,204,80,1,5,1,
8,31,671,219,50,20,1,5,1,
8,32,388,18,74,26,1,5,1,
9,1,265,129,46,23,1,5,1,
9,2,405,437,22,23,1,5,1,
9,3,639,102,86,26,1,5,1,
9,4,594,252,80,36,1,5,1,
9,5,205,322,88,24,1,5,1,
9,6,186,439,65,18,1,5,1,
9,7,479,229,17,15,1,5,1,
9,8,696,52,52,27,1,5,1,
9,9,709,429,151,52,1,5,1,
9,10,767,408,16,12,1,5,1,
9,11,521,-1,56,10,1,5,1,
9,12,203,3,147,49,1,5,1,
9,13,501,285,83,36,1,5,1,
9,14,159,150,116,46,1,5,1,
9,15,746,100,159,35,1,5,1,
9,16,616,213,16,18,1,5,1,
9,17,483,196,99,24,1,5,1,
9,18,638,192,38,50,1,5,1,
9,19,382,-6,25,20,1,5,1,
9,20,882,174,25,21,1,5,1,
9,21,400,185,64,31,1,5,1,
9,22,763,371,123,26,1,5,1,
9,23,-162,184,296,55,1,5,1,
9,24,519,483,32,43,1,5,1,
9,25,666,84,40,40,1,5,1,
9,26,558,92,140,34,1,5,1,
9,27,393,214,66,27,1,5,1,
9,28,620,405,107,29,1,5,1,
9,29,648,32,54,21,1,5,1,
9,31,675,220,55,20,1,5,1,
9,32,391,17,81,25,1,5,1,
10,1,264,128,56,23,1,5,1,
10,2,407,439,24,23,1,5,1,
10,3,633,102,82,28,1,5,1,
10,4,603,252,76,35,1,5,1,
10,5,212,322,91,24,1,5,1,
10,6,193,439,59,19,1,5,1,
10,7,478,227,21,16,1,5,1,
10,8,701,52,49,28,1,5,1,
10,9,719,433,156,48,1,5,1,
10,10,765,406,16,12,1,5,1,
10,11,540,0,43,9,1,5,1,
10,12,207,2,165,50,1,5,1,
10,13,503,284,65,35,1,5,1,
10,14,164,154,123,42,1,5,1,
10,15,759,98,156,36,1,5,1,
10,16,617,215,14,16,1,5,1,
10,17,496,196,94,25,1,5,1,
10,18,640,197,33,45,1,5,1,
10,19,385,-7,27,18,1,5,1,
10,20,882,171,28,21,1,5,1,
10,21,401,186,52,31,1,5,1,
10,22,749,369,125,27,1,5,1,
10,23,-195,187,305,46,1,5,1,
10,24,520,488,38,43,1,5,1,
10,25,672,87,38,40,1,5,1,
10,26,570,91,140,34,1,5,1,
10,27,399,215,69,25,1,5,1,
10,28,630,408,105,26,1,5,1,
10,29,655,32,48,23,1,5,1,
10,31,680,221,60,20,1,5,1,
10,32,396,17,86,25,1,5,1,
11,1,265,127,65,22,1,5,1,
11,2,409,442,26,23,1,5,1,
11,3,628,102,76,31,1,5,1,
11,4,609,252,75,35,1,5,1,
11,5,220,322,91,25,1,5,1,
11,6,199,439,53,20,1,5,1,
11,7,477,226,28,16,1,5,1,
11,8,706,53,45,28,1,5,1,
11,9,731,437,157,44,1,5,1,
11,10,764,405,16,12,1,5,1,
11,11,551,0,38,9,1,5,1,
11,12,215,0,177,51,1,5,1,
11,13,501,283,53,35,1,5,1,
11,14,170,157,129,39,1,5,1,
11,15,774,96,149,37,1,5,1,
11,16,618,216,14,16,1,5,1,
11,17,508,196,89,25,1,5,1,
11,18,642,202,33,40,1,5,1,
11,19,387,-8,31,16,1,5,1,
11,20,881,167,36,23,1,5,1,
11,21,402,187,41,31,1,5,1,
11,22,737,367,124,27,1,5,1,
11,23,-227,182,313,46,1,5,1,
11,24,522,494,43,41,1,5,1,
11,25,675,91,41,38,1,5,1,
11,26,584,91,138,34,1,5,1,
11,27,404,216,72,23,1,5,1,
11,28,641,408,101,26,1,5,1,
11,29,660,32,47,24,1,5,1,
11,31,686,222,64,20,1,5,1,
11,32,401,17,90,25,1,5,1,
12,1,267,126,72,22,1,5,1,
12,2,411,444,28,23,1,5,1,
12,3,624,103,69,32,1,5,1,
12,4,610,253,85,35,1,5,1,
12,5,228,323,92,25,1,5,1,
12,6,205,440,47,20,1,5,1,
12,7,477,225,36,16,1,5,1,
12,8,710,54,43,29,1,5,1,
12,9,744,441,156,40,1,5,1,
12,10,762,403,16,12,1,5,1,
12,11,554,0,40,11,1,5,1,
12,12,225,0,186,51,1,5,1,
12,13,501,283,40,33,1,5,1,
12,14,178,160,133,36,1,5,1,
12,15,790,95,140,38,1,5,1,
12,16,619,217,14,15,1,5,1,
12,17,521,197,81,24,1,5,1,
12,18,646,205,32,38,1,5,1,
12,19,390,-9,33,14,1,5,1,
12,20,881,164,47,23,1,5,1,
12,21,400,187,34,32,1,5,1,
12,22,726,365,120,27,1,5,1,
12,24,525,500,48,39,1,5,1,
12,25,678,95,46,35,1,5,1,
12,26,598,91,133,35,1,5,1,
12,27,410,217,75,22,1,5,1,
12,28,653,408,94,26,1,5,1,
12,29,664,34,46,23,1,5,1,
12,31,692,223,68,20,1,5,1,
12,32,408,17,92,25,1,5,1,
13,1,270,125,78,22,1,5,1,
13,2,414,446,30,24,1,5,1,
13,3,621,104,62,34,1,5,1,
13,4,610,254,97,34,1,5,1,
13,5,234,323,97,26,1,5,1,
13,6,210,441,40,20,1,5,1,
13,7,479,224,42,16,1,5,1,
13,8,713,55,42,29,1,5,1,
13,9,758,445,151,36,1,5,1,
13,10,760,402,17,11,1,5,1,
13,11,557,0,43,13,1,5,1,
13,12,239,0,190,50,1,5,1,
13,13,501,282,34,32,1,5,1,
13,14,187,163,136,33,1,5,1,
13,15,806,96,126,38,1,5,1,
13,16,620,218,14,15,1,5,1,
13,17,534,197,72,25,1,5,1,
13,18,648,209,33,34,1,5,1,
13,20,882,160,60,24,1,5,1,
13,21,400,188,27,33,1,5,1,
13,22,716,363,115,26,1,5,1,
13,24,529,506,53,36,1,5,1,
13,25,681,99,53,31,1,5,1,
13,26,614,92,124,36,1,5,1,
13,27,416,217,78,23,1,5,1,
13,28,665,407,86,26,1,5,1,
13,29,669,35,45,24,1,5,1,
13,31,700,223,71,20,1,5,1,
13,32,415,17,93,26,1,5,1,
14,1,275,125,83,22,1,5,1,
14,2,417,449,32,23,1,5,1,
14,3,618,106,55,35,1,5,1,
14,4,618,254,95,34,1,5,1,
14,5,242,323,99,26,1,5,1,
14,6,215,442,34,21,1,5,1,
14,7,481,223,49,16,1,5,1,
14,8,717,57,41,28,1,5,1,
14,9,774,445,143,36,1,5,1,
14,10,758,400,17,12,1,5,1,
14,11,561,0,43,15,1,5,1,
14,12,254,0,193,50,1,5,1,
14,13,503,281,33,31,1,5,1,
14,14,198,165,137,32,1,5,1,
14,15,820,96,114,40,1,5,1,
14,16,621,219,14,14,1,5,1,
14,17,547,197,61,26,1,5,1,
14,18,645,212,44,31,1,5,1,
14,20,885,156,72,25,1,5,1,
14,21,401,189,26,34,1,5,1,
14,22,707,361,107,26,1,5,1,
14,24,534,512,56,31,1,5,1,
14,25,685,102,60,28,1,5,1,
14,26,627,93,118,37,1,5,1,
14,27,424,218,76,22,1,5,1,
14,28,677,406,77,25,1,5,1,
14,29,674,36,43,24,1,5,1,
14,31,709,224,72,19,1,5,1,
14,32,423,18,92,25,1,5,1,
15,1,281,125,86,23,1,5,1,
15,2,420,451,35,23,1,5,1,
15,3,616,108,47,36,1,5,1,
15,4,626,254,93,34,1,5,1,
15,5,251,324,101,25,1,5,1,
15,6,220,441,27,26,1,5,1,
15,7,484,222,55,16,1,5,1,
15,8,720,58,40,28,1,5,1,
15,9,791,445,131,36,1,5,1,
15,10,756,399,18,11,1,5,1,
15,11,564,0,44,18,1,5,1,
15,12,273,0,192,50,1,5,1,
15,13,506,281,31,30,1,5,1,
15,14,208,166,138,31,1,5,1,
15,15,834,95,101,42,1,5,1,
15,16,622,220,13,14,1,5,1,
15,17,559,197,50,26,1,5,1,
15,18,644,214,55,30,1,5,1,
15,20,890,152,70,26,1,5,1,
15,21,403,190,25,35,1,5,1,
15,22,700,359,99,25,1,5,1,
15,24,539,518,60,25,1,5,1,
15,25,692,104,64,27,1,5,1,
15,26,642,92,108,39,1,5,1,
15,27,432,218,72,22,1,5,1,
15,28,689,406,68,25,1,5,1,
15,29,678,37,43,24,1,5,1,
15,31,718,224,74,19,1,5,1,
15,32,431,18,91,27,1,5,1,
16,1,288,125,88,23,1,5,1,
16,2,423,453,38,23,1,5,1,
16,3,614,110,40,36,1,5,1,
16,4,633,254,94,34,1,5,1,
16,5,261,324,101,25,1,5,1,
16,6,222,442,26,29,1,5,1,
16,7,488,222,60,16,1,5,1,
16,8,723,59,39,28,1,5,1,
16,9,808,445,118,34,1,5,1,
16,10,755,398,17,11,1,5,1,
16,11,567,0,45,20,1,5,1,
16,12,292,0,190,52,1,5,1,
16,13,507,280,33,30,1,5,1,
16,14,220,167,137,31,1,5,1,
16,15,843,96,100,41,1,5,1,
16,16,623,220,14,14,1,5,1,
16,17,567,198,47,26,1,5,1,
16,18,644,216,65,28,1,5,1,
16,20,897,150,63,24,1,5,1,
16,21,407,192,23,34,1,5,1,
16,22,695,357,88,25,1,5,1,
16,24,546,524,60,20,1,5,1,
16,25,699,106,67,26,1,5,1,
16,26,657,92,95,41,1,5,1,
16,27,439,219,71,21,1,5,1,
16,28,698,405,64,25,1,5,1,
16,29,683,39,41,23,1,5,1,
16,31,727,224,75,19,1,5,1,
16,32,440,16,88,30,1,5,1,
17,1,296,125,87,23,1,5,1,
17,2,427,456,40,22,1,5,1,
17,3,614,113,31,36,1,5,1,
17,4,641,254,92,33,1,5,1,
17,5,270,324,103,26,1,5,1,
17,6,222,444,27,30,1,5,1,
17,7,494,221,64,16,1,5,1,
17,8,727,60,37,28,1,5,1,
17,9,827,444,100,34,1,5,1,
17,10,753,396,17,11,1,5,1,
17,11,573,1,44,20,1,5,1,
17,12,313,0,186,53,1,5,1,
17,13,503,280,43,29,1,5,1,
17,14,232,167,135,31,1,5,1,
17,15,851,98,100,40,1,5,1,
17,16,624,221,14,14,1,5,1,
17,17,572,200,47,25,1,5,1,
17,18,645,218,74,26,1,5,1,
17,20,906,147,54,23,1,5,1,
17,21,404,195,31,32,1,5,1,
17,22,691,355,76,24,1,5,1,
17,24,553,529,62,14,1,5,1,
17,25,709,107,64,26,1,5,1,
17,26,673,91,80,45,1,5,1,
17,27,445,219,73,22,1,5,1,
17,28,705,404,63,25,1,5,1,
17,29,687,40,40,24,1,5,1,
17,31,738,224,70,19,1,5,1,
17,32,450,14,83,34,1,5,1,
18,1,303,125,89,23,1,5,1,
18,2,431,458,43,22,1,5,1,
18,3,612,117,26,34,1,5,1,
18,4,650,255,89,32,1,5,1,
18,5,280,324,103,26,1,5,1,
18,6,223,446,27,30,1,5,1,
18,7,500,220,67,17,1,5,1,
18,8,730,62,36,28,1,5,1,
18,9,843,442,86,35,1,5,1,
18,10,751,395,17,11,1,5,1,
18,11,579,1,40,22,1,5,1,
18,12,333,0,184,57,1,5,1,
18,13,503,281,47,28,1,5,1,
18,14,243,168,134,31,1,5,1,
18,15,859,98,99,41,1,5,1,
18,16,625,222,14,13,1,5,1,
18,17,576,201,49,24,1,5,1,
18,18,648,218,82,27,1,5,1,
18,20,916,143,44,23,1,5,1,
18,21,402,197,40,30,1,5,1,
18,22,689,353,65,24,1,5,1,
18,24,561,531,62,12,1,5,1,
18,25,720,108,56,27,1,5,1,
18,26,685,92,70,46,1,5,1,
18,27,451,220,73,21,1,5,1,
18,28,713,403,59,24,1,5,1,
18,29,691,41,39,24,1,5,1,
18,31,748,225,66,19,1,5,1,
18,32,459,14,80,36,1,5,1,
19,1,311,125,88,23,1,5,1,
19,2,436,460,45,22,1,5,1,
19,3,612,120,20,32,1,5,1,
19,4,659,255,85,32,1,5,1,
19,5,290,324,104,26,1,5,1,
19,6,223,448,28,31,1,5,1,
19,7,507,220,70,16,1,5,1,
19,8,733,63,35,28,1,5,1,
19,9,853,441,82,34,1,5,1,
19,10,749,394,18,10,1,5,1,
19,11,584,3,37,22,1,5,1,
19,12,353,3,181,56,1,5,1,
19,13,505,281,48,28,1,5,1,
19,14,255,168,132,31,1,5,1,
19,15,868,99,91,41,1,5,1,
19,16,626,222,16,14,1,5,1,
19,17,583,202,46,24,1,5,1,
19,18,655,219,81,26,1,5,1,
19,21,402,200,48,27,1,5,1,
19,22,688,352,53,23,1,5,1,
19,24,570,530,60,14,1,5,1,
19,25,730,108,47,29,1,5,1,
19,26,694,94,64,46,1,5,1,
19,27,458,220,72,21,1,5,1,
19,28,719,402,58,24,1,5,1,
19,29,695,42,37,24,1,5,1,
19,31,758,225,63,19,1,5,1,
19,32,467,16,78,36,1,5,1,
20,1,318,124,89,24,1,5,1,
20,2,441,463,47,21,1,5,1,
20,3,612,123,19,30,1,5,1,
20,4,664,255,88,32,1,5,1,
20,5,299,324,106,26,1,5,1,
20,6,223,450,30,31,1,5,1,
20,7,515,220,71,16,1,5,1,
20,8,736,64,33,28,1,5,1,
20,9,860,440,83,33,1,5,1,
20,10,747,393,18,10,1,5,1,
20,11,589,5,37,22,1,5,1,
20,12,371,6,179,55,1,5,1,
20,13,510,281,45,27,1,5,1,
20,14,266,169,130,31,1,5,1,
20,15,877,100,83,40,1,5,1,
20,16,628,223,16,13,1,5,1,
20,17,588,203,48,23,1,5,1,
20,18,663,219,79,26,1,5,1,
20,19,448,0,20,5,1,5,1,
20,21,403,202,54,25,1,5,1,
20,22,688,350,42,23,1,5,1,
20,24,579,530,58,13,1,5,1,
20,25,739,109,39,31,1,5,1,
20,26,702,96,60,46,1,5,1,
20,27,465,221,71,21,1,5,1,
20,28,724,401,59,24,1,5,1,
20,29,699,44,36,24,1,5,1,
20,31,766,225,63,19,1,5,1,
20,32,474,18,78,35,1,5,1,
21,1,326,124,89,23,1,5,1,
21,2,447,465,49,21,1,5,1,
21,3,613,126,19,28,1,5,1,
21,4,673,255,85,31,1,5,1,
21,5,308,325,108,26,1,5,1,
21,6,223,452,31,31,1,5,1,
21,7,525,220,69,16,1,5,1,
21,8,739,65,32,28,1,5,1,
21,9,868,439,82,33,1,5,1,
21,10,745,391,18,11,1,5,1,
21,11,593,7,37,22,1,5,1,
21,12,391,7,176,55,1,5,1,
21,13,510,281,52,27,1,5,1,
21,14,276,169,130,31,1,5,1,
21,15,886,101,74,40,1,5,1,
21,16,629,223,17,13,1,5,1,
21,17,595,205,47,21,1,5,1,
21,18,671,219,77,26,1,5,1,
21,19,451,0,22,6,1,5,1,
21,21,404,204,61,23,1,5,1,
21,22,686,349,33,22,1,5,1,
21,24,588,529,54,14,1,5,1,
21,25,744,112,40,29,1,5,1,
21,26,710,99,56,45,1,5,1,
21,27,472,221,70,21,1,5,1,
21,28,729,401,60,23,1,5,1,
21,29,703,45,35,24,1,5,1,
21,31,775,225,61,19,1,5,1,
21,32,483,20,75,35,1,5,1,
22,1,334,124,89,23,1,5,1,
22,2,452,467,52,20,1,5,1,
22,3,615,128,18,27,1,5,1,
22,4,684,255,76,31,1,5,1,
22,5,319,325,108,26,1,5,1,
22,6,224,454,32,32,1,5,1,
22,7,534,220,68,17,1,5,1,
22,8,741,67,32,28,1,5,1,
22,9,883,437,67,34,1,5,1,
22,10,743,390,18,10,1,5,1,
22,11,598,9,37,21,1,5,1,
22,12,409,8,173,55,1,5,1,
22,13,514,281,51,27,1,5,1,
22,14,287,169,129,31,1,5,1,
22,15,894,102,66,40,1,5,1,
22,16,631,224,18,12,1,5,1,
22,17,601,205,45,22,1,5,1,
22,18,681,220,70,25,1,5,1,
22,19,453,0,24,8,1,5,1,
22,21,407,205,66,22,1,5,1,
22,22,685,348,26,21,1,5,1,
22,24,597,527,50,16,1,5,1,
22,25,750,113,38,30,1,5,1,
22,26,718,101,51,45,1,5,1,
22,27,479,222,69,20,1,5,1,
22,28,735,400,58,23,1,5,1,
22,29,706,47,34,24,1,5,1,
22,31,784,225,57,19,1,5,1,
22,32,490,22,74,35,1,5,1,
23,1,342,124,89,23,1,5,1,
23,2,458,469,54,20,1,5,1,
23,3,616,129,19,28,1,5,1,
23,4,692,255,72,31,1,5,1,
23,5,331,325,106,26,1,5,1,
23,6,225,456,34,32,1,5,1,
23,7,544,221,65,16,1,5,1,
23,8,744,68,30,28,1,5,1,
23,9,898,435,53,34,1,5,1,
23,10,740,389,19,10,1,5,1,
23,11,603,10,35,22,1,5,1,
23,12,427,9,171,56,1,5,1,
23,13,524,281,41,25,1,5,1,
23,14,298,170,127,31,1,5,1,
23,15,903,103,57,40,1,5,1,
23,16,634,224,16,12,1,5,1,
23,17,607,206,43,21,1,5,1,
23,18,689,220,68,26,1,5,1,
23,19,455,0,26,9,1,5,1,
23,21,411,207,70,21,1,5,1,
23,22,686,347,23,20,1,5,1,
23,24,607,525,44,18,1,5,1,
23,25,756,115,35,29,1,5,1,
23,26,724,104,49,44,1,5,1,
23,27,485,222,68,20,1,5,1,
23,28,741,399,57,23,1,5,1,
23,29,710,48,32,24,1,5,1,
23,31,793,225,55,19,1,5,1,
23,32,498,24,72,35,1,5,1,
24,1,350,123,89,24,1,5,1,
24,2,465,471,55,19,1,5,1,
24,3,617,131,18,27,1,5,1,
24,4,704,255,57,31,1,5,1,
24,5,343,325,103,25,1,5,1,
24,6,226,458,35,33,1,5,1,
24,7,555,221,60,16,1,5,1,
24,8,747,69,28,28,1,5,1,
24,9,906,433,48,34,1,5,1,
24,10,738,388,19,10,1,5,1,
24,11,608,11,33,23,1,5,1,
24,12,446,10,167,56,1,5,1,
24,13,535,280,31,25,1,5,1,
24,14,308,170,127,31,1,5,1,
24,15,911,104,49,40,1,5,1,
24,16,637,224,14,13,1,5,1,
24,17,613,207,42,21,1,5,1,
24,18,696,221,66,25,1,5,1,
24,19,457,0,28,11,1,5,1,
24,21,415,208,74,20,1,5,1,
24,22,687,346,23,20,1,5,1,
24,24,615,523,39,20,1,5,1,
24,25,762,117,32,29,1,5,1,
24,26,731,106,44,44,1,5,1,
24,27,492,222,67,21,1,5,1,
24,28,747,398,56,22,1,5,1,
24,29,713,49,32,24,1,5,1,
24,31,800,225,55,19,1,5,1,
24,32,507,24,65,38,1,5,1,
25,1,357,123,90,24,1,5,1,
25,2,472,473,57,19,1,5,1,
25,3,618,133,17,26,1,5,1,
25,4,712,256,51,30,1,5,1,
25,5,356,325,98,25,1,5,1,
25,6,226,460,38,33,1,5,1,
25,7,565,221,55,17,1,5,1,
25,8,749,71,28,27,1,5,1,
25,9,911,432,47,33,1,5,1,
25,10,736,387,19,9,1,5,1,
25,11,612,14,33,22,1,5,1,
25,12,464,11,163,57,1,5,1,
25,13,541,280,27,24,1,5,1,
25,14,319,171,125,30,1,5,1,
25,15,919,105,41,40,1,5,1,
25,16,639,225,15,12,1,5,1,
25,17,619,208,40,21,1,5,1,
25,18,703,221,64,25,1,5,1,
25,19,459,0,30,13,1,5,1,
25,21,420,208,77,20,1,5,1,
25,22,690,345,22,19,1,5,1,
25,24,621,521,37,20,1,5,1,
25,25,767,119,30,29,1,5,1,
25,26,734,109,47,42,1,5,1,
25,27,499,223,65,20,1,5,1,
25,28,753,397,56,22,1,5,1,
25,29,717,51,30,24,1,5,1,
25,31,810,226,46,19,1,5,1,
25,32,514,26,62,38,1,5,1,
26,1,365,123,90,23,1,5,1,
26,2,479,476,58,19,1,5,1,
26,3,618,135,17,26,1,5,1,
26,4,718,257,43,30,1,5,1,
26,5,368,325,95,24,1,5,1,
26,6,228,463,39,33,1,5,1,
26,7,574,222,49,16,1,5,1,
26,8,753,71,24,28,1,5,1,
26,9,916,430,43,33,1,5,1,
26,10,734,386,19,9,1,5,1,
26,11,616,16,33,22,1,5,1,
26,12,482,13,160,56,1,5,1,
26,13,542,280,27,25,1,5,1,
26,14,329,171,125,31,1,5,1,
26,15,926,106,34,39,1,5,1,
26,16,640,225,15,13,1,5,1,
26,17,624,209,38,20,1,5,1,
26,18,709,222,63,24,1,5,1,
26,19,459,0,34,14,1,5,1,
26,21,426,208,80,20,1,5,1,
26,22,690,344,26,19,1,5,1,
26,24,628,519,34,20,1,5,1,
26,25,768,122,37,26,1,5,1,
26,26,740,111,44,42,1,5,1,
26,27,505,223,64,20,1,5,1,
26,28,761,394,48,23,1,5,1,
26,29,720,52,29,24,1,5,1,
26,31,815,227,46,19,1,5,1,
26,32,520,29,61,37,1,5,1,
27,1,373,123,91,23,1,5,1,
27,2,487,479,59,18,1,5,1,
27,3,618,137,17,26,1,5,1,
27,4,716,258,51,30,1,5,1,
27,5,379,324,93,24,1,5,1,
27,6,229,465,41,34,1,5,1,
27,7,583,223,43,16,1,5,1,
27,8,756,72,23,28,1,5,1,
27,9,920,428,40,32,1,5,1,
27,10,732,384,19,10,1,5,1,
27,11,620,18,31,22,1,5,1,
27,12,499,14,157,57,1,5,1,
27,13,540,281,31,24,1,5,1,
27,14,339,171,124,31,1,5,1,
27,15,933,107,27,32,1,5,1,
27,16,642,226,14,12,1,5,1,
27,17,628,210,38,20,1,5,1,
27,18,715,222,62,25,1,5,1,
27,19,462,0,34,16,1,5,1,
27,21,433,209,79,20,1,5,1,
27,22,690,343,31,19,1,5,1,
27,24,634,517,31,21,1,5,1,
27,25,772,124,36,26,1,5,1,
27,26,747,113,38,42,1,5,1,
27,27,512,224,62,19,1,5,1,
27,28,768,392,40,24,1,5,1,
27,29,724,53,26,25,1,5,1,
27,31,820,228,46,18,1,5,1,
27,32,527,31,58,38,1,5,1,
28,1,382,123,90,23,1,5,1,
28,2,495,482,60,16,1,5,1,
28,3,618,139,17,25,1,5,1,
28,4,713,259,61,31,1,5,1,
28,5,390,323,91,24,1,5,1,
28,6,230,467,43,34,1,5,1,
28,7,590,223,41,16,1,5,1,
28,8,759,73,21,29,1,5,1,
28,9,924,426,36,32,1,5,1,
28,10,730,383,19,9,1,5,1,
28,11,624,20,31,22,1,5,1,
28,12,517,16,152,57,1,5,1,
28,13,538,281,36,25,1,5,1,
28,14,350,172,122,30,1,5,1,
28,16,643,226,15,12,1,5,1,
28,17,633,211,37,19,1,5,1,
28,18,720,223,62,24,1,5,1,
28,19,467,1,32,17,1,5,1,
28,21,440,209,79,20,1,5,1,
28,22,697,342,23,19,1,5,1,
28,24,640,515,28,21,1,5,1,
28,25,778,125,34,26,1,5,1,
28,26,752,116,36,40,1,5,1,
28,27,518,224,61,20,1,5,1,
28,28,772,391,39,23,1,5,1,
28,29,727,55,25,24,1,5,1,
28,31,827,228,44,18,1,5,1,
28,32,532,34,57,37,1,5,1,
29,1,390,123,90,23,1,5,1,
29,2,505,483,59,16,1,5,1,
29,3,619,141,16,25,1,5,1,
29,4,712,261,69,30,1,5,1,
29,5,401,323,88,23,1,5,1,
29,6,232,470,45,34,1,5,1,
29,7,596,224,40,15,1,5,1,
29,8,761,74,20,29,1,5,1,
29,9,929,424,31,32,1,5,1,
29,10,727,382,19,9,1,5,1,
29,11,627,23,32,20,1,5,1,
29,12,535,17,147,57,1,5,1,
29,13,537,282,44,24,1,5,1,
29,14,361,172,120,30,1,5,1,
29,16,644,227,15,12,1,5,1,
29,17,638,211,36,20,1,5,1,
29,18,726,223,61,24,1,5,1,
29,19,471,3,31,17,1,5,1,
29,21,447,209,78,20,1,5,1,
29,22,700,341,22,18,1,5,1,
29,24,647,513,24,21,1,5,1,
29,25,783,127,32,26,1,5,1,
29,26,756,118,35,40,1,5,1,
29,27,525,224,59,20,1,5,1,
29,28,776,390,39,23,1,5,1,
29,29,730,56,24,25,1,5,1,
29,31,833,228,43,18,1,5,1,
29,32,538,37,56,36,1,5,1,
30,1,398,123,90,23,1,5,1,
30,2,514,483,58,16,1,5,1,
30,3,619,144,17,23,1,5,1,
30,4,712,262,76,30,1,5,1,
30,5,410,322,88,23,1,5,1,
30,6,233,472,47,34,1,5,1,
30,7,602,224,39,15,1,5,1,
30,8,763,76,19,28,1,5,1,
30,9,933,423,27,31,1,5,1,
30,10,725,381,19,9,1,5,1,
30,11,631,25,32,20,1,5,1,
30,12,551,20,144,56,1,5,1,
30,13,536,283,52,23,1,5,1,
30,14,370,172,120,30,1,5,1,
30,16,645,228,16,11,1,5,1,
30,17,642,212,36,19,1,5,1,
30,18,732,223,60,25,1,5,1,
30,19,475,5,29,18,1,5,1,
30,21,455,210,76,20,1,5,1,
30,22,702,340,22,18,1,5,1,
30,24,652,510,21,23,1,5,1,
30,25,788,128,30,26,1,5,1,
30,26,760,120,34,40,1,5,1,
30,27,530,225,59,19,1,5,1,
30,28,779,389,39,23,1,5,1,
30,29,732,58,23,24,1,5,1,
30,31,838,229,43,17,1,5,1,
30,32,543,40,55,35,1,5,1,
31,1,405,123,91,23,1,5,1,
31,2,523,483,56,16,1,5,1,
31,3,618,147,20,22,1,5,1,
31,4,717,263,76,28,1,5,1,
31,5,419,322,87,23,1,5,1,
31,6,235,474,49,35,1,5,1,
31,7,608,225,37,15,1,5,1,
31,8,764,77,19,29,1,5,1,
31,9,937,422,23,30,1,5,1,
31,10,723,380,19,9,1,5,1,
31,11,634,28,33,19,1,5,1,
31,12,566,22,142,56,1,5,1,
31,13,537,283,58,24,1,5,1,
31,14,380,173,119,30,1,5,1,
31,16,646,228,17,12,1,5,1,
31,17,647,213,35,19,1,5,1,
31,18,737,224,60,24,1,5,1,
31,19,479,7,28,18,1,5,1,
31,21,463,210,73,20,1,5,1,
31,22,705,339,22,18,1,5,1,
31,23,0,78,143,114,1,5,1,
31,24,656,508,19,23,1,5,1,
31,25,792,130,29,25,1,5,1,
31,26,764,123,33,38,1,5,1,
31,27,536,225,58,19,1,5,1,
31,28,783,388,38,22,1,5,1,
31,29,735,59,22,25,1,5,1,
31,31,844,229,41,18,1,5,1,
31,32,548,43,55,34,1,5,1,
32,1,414,123,90,23,1,5,1,
32,2,533,482,53,15,1,5,1,
32,3,619,149,21,21,1,5,1,
32,4,723,263,75,28,1,5,1,
32,5,429,321,86,23,1,5,1,
32,6,237,476,51,36,1,5,1,
32,7,614,225,36,15,1,5,1,
32,8,765,79,19,28,1,5,1,
32,9,941,424,19,26,1,5,1,
32,10,720,379,20,9,1,5,1,
32,11,638,30,32,19,1,5,1,
32,12,582,24,138,55,1,5,1,
32,13,539,284,64,23,1,5,1,
32,14,390,174,119,30,1,5,1,
32,16,648,229,17,11,1,5,1,
32,17,651,214,34,18,1,5,1,
32,18,743,224,59,24,1,5,1,
32,19,483,9,26,18,1,5,1,
32,21,472,211,68,20,1,5,1,
32,22,704,338,28,18,1,5,1,
32,23,0,76,179,115,1,5,1,
32,24,660,505,17,24,1,5,1,
32,25,796,132,29,24,1,5,1,
32,26,768,125,31,37,1,5,1,
32,27,542,225,56,20,1,5,1,
32,28,786,387,39,22,1,5,1,
32,29,739,60,17,26,1,5,1,
32,31,849,229,40,18,1,5,1,
32,32,553,45,53,34,1,5,1,
33,1,422,123,90,23,1,5,1,
33,2,541,481,53,15,1,5,1,
33,3,621,150,20,21,1,5,1,
33,4,729,263,74,28,1,5,1,
33,5,438,321,85,22,1,5,1,
33,6,239,479,53,36,1,5,1,
33,7,619,226,35,15,1,5,1,
33,8,766,80,18,28,1,5,1,
33,9,945,426,15,19,1,5,1,
33,10,718,378,20,9,1,5,1,
33,11,642,31,31,19,1,5,1,
33,12,598,26,134,55,1,5,1,
33,13,542,286,69,22,1,5,1,
33,14,400,175,117,30,1,5,1,
33,16,650,229,16,12,1,5,1,
33,17,655,214,34,19,1,5,1,
33,18,748,225,59,23,1,5,1,
33,19,486,11,24,19,1,5,1,
33,21,479,211,67,20,1,5,1,
33,22,707,338,28,17,1,5,1,
33,23,0,69,217,122,1,5,1,
33,24,663,503,16,23,1,5,1,
33,25,800,133,28,25,1,5,1,
33,26,771,127,31,37,1,5,1,
33,27,548,226,55,19,1,5,1,
33,28,790,386,38,22,1,5,1,
33,29,741,60,15,28,1,5,1,
33,31,854,230,39,17,1,5,1,
33,32,559,47,51,34,1,5,1,
34,1,430,123,90,23,1,5,1,
34,2,548,480,53,15,1,5,1,
34,3,623,151,19,21,1,5,1,
34,4,735,263,73,28,1,5,1,
34,5,448,320,83,23,1,5,1,
34,6,241,481,56,36,1,5,1,
34,7,624,226,34,15,1,5,1,
34,8,766,81,18,29,1,5,1,
34,10,716,377,19,9,1,5,1,
34,11,646,33,30,19,1,5,1,
34,12,613,28,131,55,1,5,1,
34,13,547,287,71,21,1,5,1,
34,14,410,175,116,30,1,5,1,
34,16,652,229,15,12,1,5,1,
34,17,659,215,33,18,1,5,1,
34,18,754,225,57,24,1,5,1,
34,19,490,13,21,19,1,5,1,
34,21,489,212,59,19,1,5,1,
34,22,710,337,28,17,1,5,1,
34,23,0,59,256,131,1,5,1,
34,24,666,500,15,23,1,5,1,
34,25,804,135,27,24,1,5,1,
34,26,773,129,31,36,1,5,1,
34,27,553,226,54,19,1,5,1,
34,28,794,385,37,22,1,5,1,
34,29,740,61,16,29,1,5,1,
34,31,860,230,37,17,1,5,1,
34,32,564,50,49,33,1,5,1,
35,1,438,123,90,23,1,5,1,
35,2,556,479,53,15,1,5,1,
35,3,625,153,18,20,1,5,1,
35,4,740,263,72,27,1,5,1,
35,5,457,320,82,22,1,5,1,
35,6,244,484,57,36,1,5,1,
35,7,629,227,33,14,1,5,1,
35,8,765,82,19,29,1,5,1,
35,10,713,376,20,9,1,5,1,
35,11,649,35,30,19,1,5,1,
35,12,627,31,128,54,1,5,1,
35,13,553,287,70,21,1,5,1,
35,14,420,175,114,30,1,5,1,
35,16,654,230,14,11,1,5,1,
35,17,663,216,33,17,1,5,1,
35,18,760,225,56,23,1,5,1,
35,19,493,15,19,20,1,5,1,
35,21,495,212,57,20,1,5,1,
35,22,714,336,26,17,1,5,1,
35,23,0,57,295,136,1,5,1,
35,24,668,498,15,22,1,5,1,
35,25,808,136,25,24,1,5,1,
35,26,776,131,30,36,1,5,1,
35,27,558,227,53,18,1,5,1,
35,28,798,384,36,22,1,5,1,
35,29,739,63,15,29,1,5,1,
35,31,864,230,37,17,1,5,1,
35,32,569,52,47,33,1,5,1,
36,1,446,123,90,24,1,5,1,
36,2,564,478,52,15,1,5,1,
36,3,626,154,18,20,1,5,1,
36,4,746,263,70,27,1,5,1,
36,5,466,319,80,22,1,5,1,
36,6,246,486,60,37,1,5,1,
36,7,633,227,33,14,1,5,1,
36,8,765,83,18,30,1,5,1,
36,10,711,375,20,9,1,5,1,
36,11,653,36,29,19,1,5,1,
36,12,642,33,124,54,1,5,1,
36,13,559,286,69,21,1,5,1,
36,14,430,176,113,30,1,5,1,
36,16,656,230,14,11,1,5,1,
36,17,668,217,31,17,1,5,1,
36,18,766,226,54,23,1,5,1,
36,19,496,17,17,20,1,5,1,
36,21,501,213,56,19,1,5,1,
36,22,717,336,25,16,1,5,1,
36,23,0,54,336,138,1,5,1,
36,24,671,495,14,23,1,5,1,
36,25,812,138,24,23,1,5,1,
36,26,778,133,30,35,1,5,1,
36,27,564,227,51,18,1,5,1,
36,28,802,383,35,21,1,5,1,
36,29,738,64,18,30,1,5,1,
36,31,869,231,36,17,1,5,1,
36,32,572,55,51,31,1,5,1,
37,1,454,123,90,24,1,5,1,
37,2,572,477,52,15,1,5,1,
37,3,628,155,18,20,1,5,1,
37,4,752,263,68,27,1,5,1,
37,5,476,319,77,22,1,5,1,
37,6,249,489,62,37,1,5,1,
37,7,638,227,32,15,1,5,1,
37,8,764,84,19,30,1,5,1,
37,10,709,375,19,8,1,5,1,
37,11,657,38,27,19,1,5,1,
37,12,656,36,121,52,1,5,1,
37,13,566,286,67,21,1,5,1,
37,14,440,177,111,29,1,5,1,
37,16,657,231,14,11,1,5,1,
37,17,672,217,30,17,1,5,1,
37,18,772,226,52,23,1,5,1,
37,19,498,19,15,20,1,5,1,
37,21,507,213,54,19,1,5,1,
37,22,721,335,24,16,1,5,1,
37,23,0,52,377,139,1,5,1,
37,24,673,493,13,22,1,5,1,
37,25,815,139,24,23,1,5,1,
37,26,780,135,30,34,1,5,1,
37,27,569,227,50,18,1,5,1,
37,28,806,382,34,21,1,5,1,
37,29,735,66,23,30,1,5,1,
37,31,874,231,34,17,1,5,1,
37,32,578,56,50,31,1,5,1,
38,1,463,123,88,24,1,5,1,
38,2,580,476,51,15,1,5,1,
38,3,630,156,17,20,1,5,1,
38,4,758,262,66,28,1,5,1,
38,5,486,318,74,22,1,5,1,
38,6,252,491,64,38,1,5,1,
38,7,643,228,31,14,1,5,1,
38,8,764,85,18,30,1,5,1,
38,10,706,374,20,8,1,5,1,
38,11,660,40,27,18,1,5,1,
38,12,670,38,117,52,1,5,1,
38,13,572,286,66,21,1,5,1,
38,14,450,177,109,29,1,5,1,
38,16,659,231,13,11,1,5,1,
38,17,675,218,30,17,1,5,1,
38,18,777,226,51,23,1,5,1,
38,19,501,21,12,21,1,5,1,
38,21,512,214,53,19,1,5,1,
38,22,724,334,23,16,1,5,1,
38,23,0,49,419,141,1,5,1,
38,24,675,490,13,22,1,5,1,
38,25,819,141,23,23,1,5,1,
38,26,782,137,30,34,1,5,1,
38,27,574,228,50,18,1,5,1,
38,28,809,381,33,21,1,5,1,
38,29,731,68,28,29,1,5,1,
38,31,878,231,34,17,1,5,1,
38,32,583,58,49,31,1,5,1,
39,1,471,124,88,23,1,5,1,
39,2,588,475,49,15,1,5,1,
39,3,631,158,17,19,1,5,1,
39,4,763,262,65,28,1,5,1,
39,5,494,318,73,21,1,5,1,
39,6,255,494,67,38,1,5,1,
39,7,647,228,31,14,1,5,1,
39,8,762,87,21,30,1,5,1,
39,10,704,373,20,8,1,5,1,
39,11,665,41,22,20,1,5,1,
39,12,683,40,114,52,1,5,1,
39,13,578,286,64,21,1,5,1,
39,14,460,178,107,29,1,5,1,
39,16,660,231,13,11,1,5,1,
39,17,679,218,29,17,1,5,1,
39,18,782,227,50,22,1,5,1,
39,19,503,23,9,21,1,5,1,
39,21,517,214,52,19,1,5,1,
39,22,724,333,29,17,1,5,1,
39,23,0,46,462,143,1,5,1,
39,24,676,488,13,22,1,5,1,
39,25,822,142,22,23,1,5,1,
39,26,784,139,30,33,1,5,1,
39,27,579,228,49,18,1,5,1,
39,28,812,380,33,21,1,5,1,
39,29,727,70,32,29,1,5,1,
39,31,883,232,32,16,1,5,1,
39,32,588,60,47,30,1,5,1,
40,1,479,124,88,24,1,5,1,
40,2,596,474,48,15,1,5,1,
40,3,633,159,16,19,1,5,1,
40,4,769,262,63,27,1,5,1,
40,5,503,317,70,22,1,5,1,
40,6,259,496,69,38,1,5,1,
40,7,652,229,29,14,1,5,1,
40,8,761,88,23,30,1,5,1,
40,10,701,372,20,8,1,5,1,
40,11,668,42,21,21,1,5,1,
40,12,696,43,111,51,1,5,1,
40,13,584,286,63,20,1,5,1,
40,14,470,178,104,29,1,5,1,
40,16,662,232,12,11,1,5,1,
40,17,683,219,28,17,1,5,1,
40,18,787,227,48,22,1,5,1,
40,19,503,26,9,20,1,5,1,
40,21,522,215,51,18,1,5,1,
40,22,726,333,34,16,1,5,1,
40,23,0,44,505,144,1,5,1,
40,24,677,486,13,21,1,5,1,
40,25,825,144,22,22,1,5,1,
40,26,786,141,29,32,1,5,1,
40,27,584,228,47,18,1,5,1,
40,28,816,379,32,21,1,5,1,
40,29,724,72,33,28,1,5,1,
40,31,887,232,32,16,1,5,1,
40,32,593,62,46,30,1,5,1,
41,1,487,124,87,24,1,5,1,
41,2,603,473,48,15,1,5,1,
41,3,635,160,15,19,1,5,1,
41,4,774,262,62,27,1,5,1,
41,5,512,317,67,21,1,5,1,
41,6,262,499,72,38,1,5,1,
41,7,656,229,29,14,1,5,1,
41,8,760,90,23,29,1,5,1,
41,10,699,371,20,8,1,5,1,
41,11,671,44,19,20,1,5,1,
41,12,709,45,108,51,1,5,1,
41,13,590,286,61,20,1,5,1,
41,14,479,179,103,29,1,5,1,
41,16,663,232,12,11,1,5,1,
41,17,686,220,28,16,1,5,1,
41,18,792,227,47,22,1,5,1,
41,19,503,28,9,20,1,5,1,
41,21,528,215,49,19,1,5,1,
41,22,730,332,33,16,1,5,1,
41,23,0,41,550,147,1,5,1,
41,24,679,483,12,21,1,5,1,
41,25,828,145,21,22,1,5,1,
41,26,788,143,29,32,1,5,1,
41,27,588,229,47,17,1,5,1,
41,28,819,379,32,20,1,5,1,
41,29,721,74,33,28,1,5,1,
41,31,891,232,31,16,1,5,1,
41,32,597,63,45,31,1,5,1,
42,1,495,125,88,23,1,5,1,
42,2,611,472,46,15,1,5,1,
42,3,636,161,14,19,1,5,1,
42,4,779,263,61,26,1,5,1,
42,5,520,316,65,21,1,5,1,
42,6,266,502,74,38,1,5,1,
42,7,661,230,27,13,1,5,1,
42,8,759,91,23,30,1,5,1,
42,10,696,370,20,8,1,5,1,
42,11,673,46,19,20,1,5,1,
42,12,721,47,106,50,1,5,1,
42,13,596,286,59,20,1,5,1,
42,14,488,180,101,28,1,5,1,
42,16,665,232,11,11,1,5,1,
42,17,690,220,27,16,1,5,1,
42,18,797,228,46,21,1,5,1,
42,19,501,30,10,20,1,5,1,
42,21,532,216,49,18,1,5,1,
42,22,734,332,32,15,1,5,1,
42,23,14,39,583,148,1,5,1,
42,24,680,481,12,21,1,5,1,
42,25,831,147,21,21,1,5,1,
42,26,790,144,28,32,1,5,1,
42,27,593,229,46,17,1,5,1,
42,28,823,378,30,20,1,5,1,
42,29,718,76,33,28,1,5,1,
42,31,895,233,30,16,1,5,1,
42,32,601,66,46,29,1,5,1,
43,1,503,125,88,23,1,5,1,
43,2,618,471,45,14,1,5,1,
43,3,637,162,14,19,1,5,1,
43,4,784,263,59,26,1,5,1,
43,5,528,316,63,20,1,5,1,
43,6,270,504,76,39,1,5,1,
43,7,665,230,26,14,1,5,1,
43,8,757,93,23,29,1,5,1,
43,10,694,369,20,8,1,5,1,
43,11,675,48,18,20,1,5,1,
43,12,733,50,103,49,1,5,1,
43,13,601,286,58,19,1,5,1,
43,14,498,180,99,29,1,5,1,
43,16,666,233,10,10,1,5,1,
43,17,693,221,27,16,1,5,1,
43,18,802,228,44,22,1,5,1,
43,19,499,32,12,20,1,5,1,
43,21,540,216,43,19,1,5,1,
43,22,739,331,30,16,1,5,1,
43,23,52,36,593,150,1,5,1,
43,24,681,479,12,20,1,5,1,
43,25,833,148,21,21,1,5,1,
43,26,791,146,29,31,1,5,1,
43,27,598,229,45,18,1,5,1,
43,28,826,377,30,20,1,5,1,
43,29,715,79,33,26,1,5,1,
43,31,899,233,30,16,1,5,1,
43,32,605,68,45,29,1,5,1,
44,1,511,125,88,23,1,5,1,
44,2,625,470,45,14,1,5,1,
44,3,638,163,14,19,1,5,1,
44,4,789,263,57,26,1,5,1,
44,5,536,315,60,21,1,5,1,
44,6,274,507,78,36,1,5,1,
44,7,669,231,25,13,1,5,1,
44,8,756,95,23,28,1,5,1,
44,10,691,369,20,7,1,5,1,
44,11,677,50,18,20,1,5,1,
44,12,745,52,100,49,1,5,1,
44,13,607,286,56,19,1,5,1,
44,14,507,181,96,29,1,5,1,
44,16,667,233,10,11,1,5,1,
44,17,697,221,25,16,1,5,1,
44,18,807,228,42,22,1,5,1,
44,19,497,34,14,19,1,5,1,
44,21,547,217,38,19,1,5,1,
44,22,743,331,30,15,1,5,1,
44,23,90,34,604,151,1,5,1,
44,24,682,477,12,20,1,5,1,
44,25,835,149,21,21,1,5,1,
44,26,793,148,28,30,1,5,1,
44,27,603,230,42,17,1,5,1,
44,28,830,376,28,20,1,5,1,
44,29,712,81,33,26,1,5,1,
44,31,902,233,30,16,1,5,1,
44,32,610,70,43,28,1,5,1,
45,1,520,125,87,23,1,5,1,
45,2,633,469,43,14,1,5,1,
45,3,639,164,13,19,1,5,1,
45,4,794,263,56,25,1,5,1,
45,5,544,315,57,20,1,5,1,
45,6,278,510,81,33,1,5,1,
45,7,674,231,23,14,1,5,1,
45,8,754,96,24,29,1,5,1,
45,10,689,368,20,7,1,5,1,
45,11,680,52,16,20,1,5,1,
45,12,757,54,96,48,1,5,1,
45,13,615,285,49,19,1,5,1,
45,14,518,182,92,28,1,5,1,
45,16,667,233,10,11,1,5,1,
45,17,701,222,24,15,1,5,1,
45,18,812,229,40,21,1,5,1,
45,19,493,37,18,17,1,5,1,
45,21,552,218,36,18,1,5,1,
45,22,749,330,23,15,1,5,1,
45,23,132,31,611,153,1,5,1,
45,24,682,474,13,20,1,5,1,
45,25,838,151,20,20,1,5,1,
45,26,794,149,28,30,1,5,1,
45,27,608,230,41,17,1,5,1,
45,28,833,375,27,20,1,5,1,
45,29,709,83,33,25,1,5,1,
45,31,906,233,29,16,1,5,1,
45,32,614,71,42,29,1,5,1,
46,1,528,125,86,23,1,5,1,
46,2,640,467,41,14,1,5,1,
46,3,640,165,13,18,1,5,1,
46,4,803,262,44,26,1,5,1,
46,5,552,315,54,19,1,5,1,
46,6,283,513,80,31,1,5,1,
46,7,680,232,19,14,1,5,1,
46,8,753,98,23,28,1,5,1,
46,10,686,367,20,7,1,5,1,
46,11,681,54,16,19,1,5,1,
46,12,769,56,93,48,1,5,1,
46,13,621,284,44,20,1,5,1,
46,14,528,183,88,28,1,5,1,
46,16,668,234,10,10,1,5,1,
46,17,704,222,23,16,1,5,1,
46,18,817,229,37,21,1,5,1,
46,19,490,39,20,16,1,5,1,
46,21,559,218,28,18,1,5,1,
46,22,750,329,27,16,1,5,1,
46,23,173,29,620,154,1,5,1,
46,24,683,472,12,20,1,5,1,
46,25,840,152,20,20,1,5,1,
46,26,795,151,28,29,1,5,1,
46,27,613,230,39,17,1,5,1,
46,28,837,374,25,20,1,5,1,
46,29,706,85,33,25,1,5,1,
46,31,910,234,27,15,1,5,1,
46,32,619,73,40,28,1,5,1,
47,1,536,125,85,24,1,5,1,
47,2,647,466,40,14,1,5,1,
47,3,640,167,13,17,1,5,1,
47,4,807,262,42,26,1,5,1,
47,5,560,314,50,20,1,5,1,
47,6,287,516,80,28,1,5,1,
47,7,684,232,17,14,1,5,1,
47,8,751,100,24,27,1,5,1,
47,10,683,366,21,7,1,5,1,
47,11,683,55,15,20,1,5,1,
47,12,779,59,91,47,1,5,1,
47,13,626,284,42,19,1,5,1,
47,14,537,184,84,28,1,5,1,
47,16,669,234,9,10,1,5,1,
47,17,707,223,22,15,1,5,1,
47,18,821,229,36,21,1,5,1,
47,19,486,41,23,15,1,5,1,
47,21,563,218,26,18,1,5,1,
47,22,756,329,20,15,1,5,1,
47,23,214,27,629,156,1,5,1,
47,24,683,470,13,19,1,5,1,
47,25,842,153,20,20,1,5,1,
47,26,796,152,28,30,1,5,1,
47,27,616,231,39,16,1,5,1,
47,28,840,373,24,20,1,5,1,
47,29,705,86,28,26,1,5,1,
47,31,914,234,26,15,1,5,1,
47,32,623,75,38,28,1,5,1,
48,1,544,126,84,23,1,5,1,
48,2,654,465,38,13,1,5,1,
48,3,641,168,12,17,1,5,1,
48,4,811,263,40,25,1,5,1,
48,5,563,314,55,19,1,5,1,
48,6,292,518,79,26,1,5,1,
48,7,687,233,16,13,1,5,1,
48,8,750,101,22,27,1,5,1,
48,10,681,366,20,6,1,5,1,
48,11,685,57,15,20,1,5,1,
48,12,790,61,88,46,1,5,1,
48,13,630,284,40,19,1,5,1,
48,14,545,185,83,27,1,5,1,
48,16,669,235,10,10,1,5,1,
48,17,710,223,21,15,1,5,1,
48,18,824,230,37,21,1,5,1,
48,19,481,43,26,14,1,5,1,
48,21,565,219,26,18,1,5,1,
48,22,757,328,25,15,1,5,1,
48,23,257,25,637,157,1,5,1,
48,24,684,468,12,19,1,5,1,
48,25,843,154,21,20,1,5,1,
48,26,797,154,27,29,1,5,1,
48,27,620,231,38,17,1,5,1,
48,28,842,372,24,20,1,5,1,
48,29,705,89,23,24,1,5,1,
48,31,917,234,26,16,1,5,1,
48,32,627,76,37,29,1,5,1,
49,1,552,126,84,23,1,5,1,
49,2,660,463,38,14,1,5,1,
49,3,641,169,12,17,1,5,1,
49,4,814,263,39,25,1,5,1,
49,5,568,314,58,19,1,5,1,
49,6,298,521,79,23,1,5,1,
49,7,690,233,15,13,1,5,1,
49,8,749,103,20,27,1,5,1,
49,10,678,365,21,7,1,5,1,
49,11,686,59,15,19,1,5,1,
49,12,800,63,85,46,1,5,1,
49,13,633,284,40,19,1,5,1,
49,14,550,185,86,27,1,5,1,
49,16,669,235,10,10,1,5,1,
49,17,713,224,21,15,1,5,1,
49,18,827,230,37,21,1,5,1,
49,19,477,44,28,14,1,5,1,
49,21,568,219,26,18,1,5,1,
49,22,760,328,25,15,1,5,1,
49,23,302,23,642,158,1,5,1,
49,24,684,466,13,19,1,5,1,
49,25,845,156,21,19,1,5,1,
49,26,798,156,27,28,1,5,1,
49,27,624,231,37,17,1,5,1,
49,28,844,372,25,19,1,5,1,
49,29,703,91,22,24,1,5,1,
49,31,920,235,25,15,1,5,1,
49,32,631,78,35,28,1,5,1,
50,1,561,126,82,23,1,5,1,
50,2,666,462,37,14,1,5,1,
50,3,641,170,12,17,1,5,1,
50,4,817,263,39,24,1,5,1,
50,5,574,313,57,20,1,5,1,
50,6,303,524,82,20,1,5,1,
50,7,690,233,18,13,1,5,1,
50,8,747,104,23,27,1,5,1,
50,10,676,364,20,7,1,5,1,
50,11,688,61,14,19,1,5,1,
50,12,810,65,83,46,1,5,1,
50,13,637,283,38,19,1,5,1,
50,14,558,186,84,27,1,5,1,
50,16,669,235,10,10,1,5,1,
50,17,716,224,20,15,1,5,1,
50,18,831,231,35,20,1,5,1,
50,19,473,46,29,12,1,5,1,
50,21,574,220,19,17,1,5,1,
50,22,765,327,19,15,1,5,1,
50,23,348,21,611,159,1,5,1,
50,24,684,464,13,18,1,5,1,
50,25,847,157,20,19,1,5,1,
50,26,799,157,27,28,1,5,1,
50,27,628,232,36,16,1,5,1,
50,28,846,371,24,19,1,5,1,
50,29,700,92,23,24,1,5,1,
50,31,923,235,24,15,1,5,1,
50,32,634,80,35,27,1,5,1,
51,1,568,126,84,22,1,5,1,
51,2,674,461,32,14,1,5,1,
51,3,641,171,12,17,1,5,1,
51,4,820,263,38,24,1,5,1,
51,5,581,313,56,19,1,5,1,
51,6,309,527,84,17,1,5,1,
51,7,692,234,18,12,1,5,1,
51,8,743,105,29,27,1,5,1,
51,10,673,363,21,7,1,5,1,
51,11,689,63,14,19,1,5,1,
51,12,820,68,80,44,1,5,1,
51,13,641,283,36,19,1,5,1,
51,14,566,187,82,27,1,5,1,
51,16,670,236,9,9,1,5,1,
51,17,718,225,20,14,1,5,1,
51,18,835,231,33,20,1,5,1,
51,19,468,47,31,12,1,5,1,
51,21,577,220,17,17,1,5,1,
51,22,765,327,24,14,1,5,1,
51,23,394,20,566,160,1,5,1,
51,24,684,462,13,18,1,5,1,
51,25,848,158,21,19,1,5,1,
51,26,800,159,26,27,1,5,1,
51,27,631,232,37,16,1,5,1,
51,28,848,370,24,19,1,5,1,
51,29,697,94,25,24,1,5,1,
51,31,926,235,24,15,1,5,1,
51,32,638,82,34,27,1,5,1,
52,1,575,126,86,22,1,5,1,
52,2,682,459,26,15,1,5,1,
52,3,642,172,12,17,1,5,1,
52,4,823,263,37,24,1,5,1,
52,5,588,313,55,19,1,5,1,
52,6,314,530,88,14,1,5,1,
52,7,693,234,19,12,1,5,1,
52,8,739,107,34,26,1,5,1,
52,10,670,363,21,6,1,5,1,
52,11,691,65,14,18,1,5,1,
52,12,830,70,77,44,1,5,1,
52,13,645,283,35,18,1,5,1,
52,14,574,188,81,26,1,5,1,
52,16,670,236,9,10,1,5,1,
52,17,721,225,19,15,1,5,1,
52,18,839,231,32,20,1,5,1,
52,19,464,49,32,10,1,5,1,
52,21,577,220,17,17,1,5,1,
52,22,768,326,23,15,1,5,1,
52,23,444,19,516,160,1,5,1,
52,24,684,460,13,18,1,5,1,
52,25,850,159,20,19,1,5,1,
52,26,800,160,26,27,1,5,1,
52,27,635,232,36,16,1,5,1,
52,28,850,369,24,19,1,5,1,
52,29,697,96,20,23,1,5,1,
52,31,929,236,23,14,1,5,1,
52,32,640,84,36,26,1,5,1,
53,1,581,126,89,22,1,5,1,
53,2,688,457,22,16,1,5,1,
53,3,640,174,16,15,1,5,1,
53,4,825,263,37,24,1,5,1,
53,5,594,313,54,18,1,5,1,
53,7,695,234,19,12,1,5,1,
53,8,738,108,32,26,1,5,1,
53,11,692,67,14,18,1,5,1,
53,12,839,72,75,44,1,5,1,
53,13,648,281,35,19,1,5,1,
53,14,581,189,80,26,1,5,1,
53,16,671,236,9,10,1,5,1,
53,17,723,226,19,14,1,5,1,
53,18,842,232,31,20,1,5,1,
53,19,460,50,33,9,1,5,1,
53,21,579,221,17,17,1,5,1,
53,22,771,326,22,14,1,5,1,
53,23,491,18,469,161,1,5,1,
53,24,684,458,13,18,1,5,1,
53,25,851,160,20,19,1,5,1,
53,26,801,162,26,26,1,5,1,
53,27,638,233,36,15,1,5,1,
53,28,852,368,24,19,1,5,1,
53,29,697,98,15,23,1,5,1,
53,31,932,236,23,15,1,5,1,
53,32,645,85,31,27,1,5,1,
54,1,590,126,88,22,1,5,1,
54,2,693,455,21,16,1,5,1,
54,3,639,175,21,15,1,5,1,
54,4,828,263,35,24,1,5,1,
54,5,598,312,58,19,1,5,1,
54,7,697,235,19,12,1,5,1,
54,8,738,110,27,25,1,5,1,
54,11,693,69,15,17,1,5,1,
54,12,848,74,72,43,1,5,1,
54,13,653,280,34,19,1,5,1,
54,14,589,189,78,26,1,5,1,
54,16,671,237,10,9,1,5,1,
54,17,726,226,18,14,1,5,1,
54,18,846,232,29,20,1,5,1,
54,19,456,50,33,9,1,5,1,
54,21,580,221,17,17,1,5,1,
54,22,774,325,22,15,1,5,1,
54,23,541,17,419,161,1,5,1,
54,24,684,456,12,17,1,5,1,
54,25,853,162,20,18,1,5,1,
54,26,802,163,25,26,1,5,1,
54,27,641,233,36,16,1,5,1,
54,28,854,368,24,18,1,5,1,
54,29,696,100,12,22,1,5,1,
54,31,934,236,23,15,1,5,1,
54,32,650,86,24,28,1,5,1,
55,1,599,126,86,21,1,5,1,
55,2,695,454,22,15,1,5,1,
55,3,639,176,26,15,1,5,1,
55,4,831,263,34,24,1,5,1,
55,5,601,311,62,19,1,5,1,
55,7,700,235,19,12,1,5,1,
55,8,738,111,22,25,1,5,1,
55,11,694,71,17,16,1,5,1,
55,12,856,76,71,43,1,5,1,
55,13,657,279,34,18,1,5,1,
55,14,596,190,77,26,1,5,1,
55,16,671,237,11,9,1,5,1,
55,17,727,227,19,14,1,5,1,
55,18,849,232,28,20,1,5,1,
55,19,452,50,33,9,1,5,1,
55,21,582,222,16,16,1,5,1,
55,22,777,325,21,14,1,5,1,
55,23,589,18,371,160,1,5,1,
55,24,683,454,13,17,1,5,1,
55,25,854,163,20,18,1,5,1,
55,26,803,164,25,26,1,5,1,
55,27,644,233,36,16,1,5,1,
55,28,856,367,23,18,1,5,1,
55,29,696,102,12,21,1,5,1,
55,31,937,237,22,14,1,5,1,
55,32,655,88,19,28,1,5,1,
56,1,609,126,83,22,1,5,1,
56,2,698,452,23,15,1,5,1,
56,3,640,177,30,14,1,5,1,
56,4,834,263,33,23,1,5,1,
56,5,605,311,66,18,1,5,1,
56,7,703,235,18,12,1,5,1,
56,8,737,113,17,24,1,5,1,
56,11,695,72,18,16,1,5,1,
56,12,864,78,69,42,1,5,1,
56,13,661,278,34,18,1,5,1,
56,14,604,191,74,25,1,5,1,
56,16,672,237,11,10,1,5,1,
56,17,730,227,18,14,1,5,1,
56,18,852,233,27,19,1,5,1,
56,19,448,50,33,8,1,5,1,
56,21,583,223,17,16,1,5,1,
56,22,780,325,20,13,1,5,1,
56,23,640,21,320,157,1,5,1,
56,24,683,452,13,17,1,5,1,
56,25,856,164,19,18,1,5,1,
56,26,804,166,25,25,1,5,1,
56,27,648,233,35,16,1,5,1,
56,28,858,366,23,18,1,5,1,
56,29,697,105,11,19,1,5,1,
56,31,941,237,18,14,1,5,1,
56,32,657,89,16,29,1,5,1,
57,1,619,127,79,22,1,5,1,
57,2,701,450,24,15,1,5,1,
57,3,641,178,34,13,1,5,1,
57,4,836,263,33,23,1,5,1,
57,5,610,310,69,19,1,5,1,
57,7,705,236,18,11,1,5,1,
57,8,737,115,14,23,1,5,1,
57,11,697,74,18,16,1,5,1,
57,12,872,80,67,42,1,5,1,
57,13,666,278,33,17,1,5,1,
57,14,611,192,73,25,1,5,1,
57,16,672,238,13,9,1,5,1,
57,17,732,228,18,13,1,5,1,
57,18,855,233,27,19,1,5,1,
57,19,444,50,33,8,1,5,1,
57,21,585,223,16,16,1,5,1,
57,22,783,324,18,14,1,5,1,
57,23,692,29,268,130,1,5,1,
57,24,682,450,14,17,1,5,1,
57,25,857,165,19,18,1,5,1,
57,26,805,167,24,24,1,5,1,
57,27,651,234,35,15,1,5,1,
57,28,859,365,24,18,1,5,1,
57,29,698,107,11,19,1,5,1,
57,31,942,237,18,14,1,5,1,
57,32,656,91,16,29,1,5,1,
58,1,627,127,78,22,1,5,1,
58,2,705,449,24,14,1,5,1,
58,3,643,179,37,12,1,5,1,
58,4,839,263,31,23,1,5,1,
58,5,617,310,69,18,1,5,1,
58,7,708,236,17,12,1,5,1,
58,8,736,117,15,23,1,5,1,
58,11,698,76,20,15,1,5,1,
58,12,880,82,65,41,1,5,1,
58,13,671,277,31,17,1,5,1,
58,14,618,192,71,25,1,5,1,
58,16,673,238,14,9,1,5,1,
58,17,734,228,19,14,1,5,1,
58,18,858,233,26,19,1,5,1,
58,19,441,49,32,8,1,5,1,
58,21,587,224,16,16,1,5,1,
58,22,785,324,18,13,1,5,1,
58,23,745,37,215,106,1,5,1,
58,24,682,448,14,17,1,5,1,
58,25,858,166,19,18,1,5,1,
58,26,807,168,24,24,1,5,1,
58,27,655,234,35,15,1,5,1,
58,28,861,364,23,18,1,5,1,
58,29,698,108,11,19,1,5,1,
58,31,944,237,15,14,1,5,1,
58,32,655,92,15,30,1,5,1,
59,1,634,128,78,22,1,5,1,
59,2,709,447,24,14,1,5,1,
59,3,647,179,37,13,1,5,1,
59,4,841,263,31,23,1,5,1,
59,5,625,310,67,18,1,5,1,
59,7,710,236,17,12,1,5,1,
59,8,736,119,14,22,1,5,1,
59,11,700,77,19,15,1,5,1,
59,12,888,84,62,41,1,5,1,
59,13,675,277,30,17,1,5,1,
59,14,625,193,69,25,1,5,1,
59,16,674,238,14,9,1,5,1,
59,17,737,228,18,14,1,5,1,
59,18,861,233,25,19,1,5,1,
59,19,438,48,31,8,1,5,1,
59,21,588,224,16,16,1,5,1,
59,22,787,323,17,14,1,5,1,
59,24,681,447,14,16,1,5,1,
59,25,859,167,19,17,1,5,1,
59,26,808,170,24,23,1,5,1,
59,27,658,234,35,16,1,5,1,
59,28,862,364,23,17,1,5,1,
59,29,697,109,11,19,1,5,1,
59,31,945,238,15,14,1,5,1,
59,32,653,94,18,30,1,5,1,
60,1,642,128,77,22,1,5,1,
60,2,713,446,23,14,1,5,1,
60,3,651,180,35,12,1,5,1,
60,4,843,263,30,23,1,5,1,
60,5,633,310,66,18,1,5,1,
60,7,713,237,16,11,1,5,1,
60,8,735,119,14,22,1,5,1,
60,11,703,78,17,16,1,5,1,
60,12,895,86,61,40,1,5,1,
60,13,679,277,28,17,1,5,1,
60,14,632,193,67,25,1,5,1,
60,16,676,238,13,9,1,5,1,
60,17,740,229,17,13,1,5,1,
60,18,862,234,26,18,1,5,1,
60,19,436,46,29,9,1,5,1,
60,21,590,225,16,15,1,5,1,
60,22,790,323,16,13,1,5,1,
60,24,680,445,15,16,1,5,1,
60,25,860,168,19,17,1,5,1,
60,26,809,171,24,23,1,5,1,
60,27,661,235,35,15,1,5,1,
60,28,864,363,23,17,1,5,1,
60,29,696,110,11,19,1,5,1,
60,31,946,238,13,14,1,5,1,
60,32,650,96,22,30,1,5,1,
61,1,650,129,76,22,1,5,1,
61,2,717,444,22,14,1,5,1,
61,3,654,180,36,12,1,5,1,
61,4,845,263,30,23,1,5,1,
61,5,640,310,65,18,1,5,1,
61,7,715,237,16,11,1,5,1,
61,8,734,120,16,22,1,5,1,
61,11,705,80,16,15,1,5,1,
61,12,902,88,57,40,1,5,1,
61,13,682,277,27,17,1,5,1,
61,14,638,194,66,24,1,5,1,
61,16,678,238,12,9,1,5,1,
61,17,742,229,17,14,1,5,1,
61,18,864,234,26,18,1,5,1,
61,19,433,45,28,9,1,5,1,
61,21,591,225,16,15,1,5,1,
61,22,791,322,16,13,1,5,1,
61,24,679,443,15,16,1,5,1,
61,25,861,169,19,17,1,5,1,
61,26,810,172,23,23,1,5,1,
61,27,664,235,35,15,1,5,1,
61,28,865,362,23,18,1,5,1,
61,29,694,111,15,19,1,5,1,
61,31,946,238,13,14,1,5,1,
61,32,647,99,24,28,1,5,1,
62,1,658,129,74,22,1,5,1,
62,2,721,443,21,13,1,5,1,
62,3,658,180,35,12,1,5,1,
62,4,848,263,28,22,1,5,1,
62,5,647,310,64,18,1,5,1,
62,7,717,237,16,11,1,5,1,
62,8,733,121,17,22,1,5,1,
62,11,707,81,15,15,1,5,1,
62,12,909,90,51,39,1,5,1,
62,13,685,277,26,16,1,5,1,
62,14,645,194,64,25,1,5,1,
62,16,680,238,11,9,1,5,1,
62,17,743,229,17,14,1,5,1,
62,18,866,234,25,19,1,5,1,
62,19,432,43,25,9,1,5,1,
62,21,592,226,16,15,1,5,1,
62,22,792,322,17,13,1,5,1,
62,24,678,441,16,16,1,5,1,
62,25,862,170,18,17,1,5,1,
62,26,811,173,23,22,1,5,1,
62,27,668,235,34,15,1,5,1,
62,28,866,361,23,18,1,5,1,
62,29,692,112,18,19,1,5,1,
62,31,946,238,13,14,1,5,1,
62,32,645,101,24,28,1,5,1,
63,1,665,130,74,22,1,5,1,
63,2,725,441,20,14,1,5,1,
63,3,662,180,33,13,1,5,1,
63,4,850,263,27,22,1,5,1,
63,5,654,310,63,17,1,5,1,
63,7,720,238,14,11,1,5,1,
63,11,709,82,14,16,1,5,1,
63,12,916,92,44,39,1,5,1,
63,13,688,277,25,16,1,5,1,
63,14,651,195,62,24,1,5,1,
63,16,682,238,9,9,1,5,1,
63,17,746,230,16,13,1,5,1,
63,18,867,235,26,18,1,5,1,
63,19,430,41,24,11,1,5,1,
63,21,594,226,16,15,1,5,1,
63,22,794,321,16,13,1,5,1,
63,24,677,440,16,15,1,5,1,
63,25,863,171,18,17,1,5,1,
63,26,811,174,23,22,1,5,1,
63,27,671,235,35,15,1,5,1,
63,28,867,361,23,17,1,5,1,
63,29,688,113,22,19,1,5,1,
63,31,946,239,13,13,1,5,1,
63,32,642,103,25,28,1,5,1,
64,1,673,130,72,22,1,5,1,
64,2,729,440,19,13,1,5,1,
64,3,666,180,32,13,1,5,1,
64,4,851,263,27,22,1,5,1,
64,5,661,309,62,18,1,5,1,
64,7,722,238,14,11,1,5,1,
64,11,711,84,12,15,1,5,1,
64,12,922,94,38,38,1,5,1,
64,13,690,277,26,16,1,5,1,
64,14,657,195,61,24,1,5,1,
64,16,682,238,9,9,1,5,1,
64,17,747,230,16,13,1,5,1,
64,18,869,235,25,18,1,5,1,
64,19,430,39,20,12,1,5,1,
64,21,595,227,16,14,1,5,1,
64,22,795,321,16,13,1,5,1,
64,24,676,438,16,15,1,5,1,
64,25,863,172,18,17,1,5,1,
64,26,812,175,23,22,1,5,1,
64,27,674,235,35,15,1,5,1,
64,28,868,360,23,17,1,5,1,
64,29,685,114,26,19,1,5,1,
64,31,945,239,14,13,1,5,1,
64,32,639,105,26,27,1,5,1,
65,1,680,131,71,22,1,5,1,
65,2,732,438,18,14,1,5,1,
65,3,669,180,31,13,1,5,1,
65,4,853,264,26,21,1,5,1,
65,5,668,309,60,18,1,5,1,
65,7,724,238,14,11,1,5,1,
65,11,713,85,11,16,1,5,1,
65,12,926,97,34,35,1,5,1,
65,13,693,277,25,16,1,5,1,
65,14,663,196,59,23,1,5,1,
65,16,681,238,10,9,1,5,1,
65,17,749,231,16,13,1,5,1,
65,18,870,235,25,18,1,5,1,
65,19,429,37,18,12,1,5,1,
65,21,597,227,15,14,1,5,1,
65,22,797,320,16,13,1,5,1,
65,24,674,436,17,15,1,5,1,
65,25,864,173,18,16,1,5,1,
65,26,812,176,23,22,1,5,1,
65,27,677,236,35,14,1,5,1,
65,28,870,359,22,17,1,5,1,
65,29,681,115,28,19,1,5,1,
65,31,945,239,14,13,1,5,1,
65,32,636,108,27,26,1,5,1,
66,1,687,131,70,22,1,5,1,
66,2,735,437,18,13,1,5,1,
66,3,673,181,29,13,1,5,1,
66,4,854,264,26,21,1,5,1,
66,5,675,309,59,18,1,5,1,
66,7,726,238,13,11,1,5,1,
66,11,714,86,11,16,1,5,1,
66,12,934,98,26,35,1,5,1,
66,13,695,277,25,16,1,5,1,
66,14,668,196,58,24,1,5,1,
66,16,681,239,9,8,1,5,1,
66,17,750,231,16,13,1,5,1,
66,18,871,236,25,17,1,5,1,
66,19,429,35,15,13,1,5,1,
66,21,598,227,16,15,1,5,1,
66,22,797,320,17,13,1,5,1,
66,24,673,435,17,14,1,5,1,
66,25,865,174,17,16,1,5,1,
66,26,813,177,22,21,1,5,1,
66,27,680,236,35,15,1,5,1,
66,28,871,359,22,16,1,5,1,
66,29,678,116,30,19,1,5,1,
66,31,945,240,14,13,1,5,1,
66,32,633,110,28,25,1,5,1,
67,1,694,132,70,22,1,5,1,
67,2,739,435,16,14,1,5,1,
67,3,676,181,29,13,1,5,1,
67,4,855,264,25,21,1,5,1,
67,5,682,309,57,17,1,5,1,
67,7,727,239,14,10,1,5,1,
67,11,715,88,10,15,1,5,1,
67,13,698,277,23,15,1,5,1,
67,14,674,197,57,23,1,5,1,
67,16,680,239,11,8,1,5,1,
67,17,752,231,15,13,1,5,1,
67,18,872,236,25,17,1,5,1,
67,19,430,32,11,14,1,5,1,
67,21,600,228,15,14,1,5,1,
67,22,799,320,16,12,1,5,1,
67,24,671,433,18,15,1,5,1,
67,25,865,175,18,16,1,5,1,
67,26,813,178,22,21,1,5,1,
67,27,683,236,35,15,1,5,1,
67,28,872,358,22,16,1,5,1,
67,29,675,118,30,18,1,5,1,
67,31,944,240,15,13,1,5,1,
67,32,630,112,29,25,1,5,1,
68,1,701,133,69,21,1,5,1,
68,2,742,434,15,13,1,5,1,
68,3,679,181,28,13,1,5,1,
68,4,856,264,25,21,1,5,1,
68,5,688,309,57,17,1,5,1,
68,7,729,239,14,11,1,5,1,
68,11,716,89,10,16,1,5,1,
68,13,700,277,23,15,1,5,1,
68,14,679,197,56,23,1,5,1,
68,16,679,239,12,8,1,5,1,
68,17,753,232,16,12,1,5,1,
68,18,873,236,24,18,1,5,1,
68,19,430,30,9,15,1,5,1,
68,21,600,228,15,14,1,5,1,
68,22,800,319,16,13,1,5,1,
68,24,669,432,18,14,1,5,1,
68,25,865,176,18,16,1,5,1,
68,26,814,179,22,21,1,5,1,
68,27,687,236,34,15,1,5,1,
68,28,873,357,22,17,1,5,1,
68,29,672,119,31,18,1,5,1,
68,31,945,241,14,12,1,5,1,
68,32,630,114,24,24,1,5,1,
69,1,708,133,68,22,1,5,1,
69,2,745,433,14,12,1,5,1,
69,3,683,181,26,13,1,5,1,
69,4,857,264,25,21,1,5,1,
69,5,692,308,61,18,1,5,1,
69,7,729,239,17,11,1,5,1,
69,11,717,91,9,15,1,5,1,
69,13,700,277,29,15,1,5,1,
69,14,683,197,57,24,1,5,1,
69,16,677,239,13,8,1,5,1,
69,17,755,232,15,12,1,5,1,
69,18,874,237,24,17,1,5,1,
69,19,430,27,9,16,1,5,1,
69,21,600,228,16,14,1,5,1,
69,22,801,319,16,12,1,5,1,
69,24,667,430,19,14,1,5,1,
69,25,866,177,17,16,1,5,1,
69,26,814,180,22,21,1,5,1,
69,27,690,237,34,14,1,5,1,
69,28,873,357,22,16,1,5,1,
69,29,669,120,31,18,1,5,1,
69,31,944,241,15,12,1,5,1,
69,32,630,117,18,22,1,5,1,
70,1,714,134,68,21,1,5,1,
70,2,748,431,14,13,1,5,1,
70,3,686,182,25,13,1,5,1,
70,4,857,264,25,20,1,5,1,
70,5,696,308,65,17,1,5,1,
70,7,730,240,20,10,1,5,1,
70,11,717,92,9,15,1,5,1,
70,13,699,277,37,15,1,5,1,
70,14,687,197,58,23,1,5,1,
70,16,676,240,13,8,1,5,1,
70,17,756,232,15,13,1,5,1,
70,18,875,237,24,17,1,5,1,
70,19,431,25,9,16,1,5,1,
70,21,601,229,15,14,1,5,1,
70,22,803,318,16,13,1,5,1,
70,24,666,429,19,13,1,5,1,
70,25,866,178,17,15,1,5,1,
70,26,815,181,21,20,1,5,1,
70,27,695,237,29,14,1,5,1,
70,28,874,356,22,16,1,5,1,
70,29,666,121,31,18,1,5,1,
70,31,945,241,14,13,1,5,1,
70,32,630,118,14,22,1,5,1,
71,1,720,134,69,21,1,5,1,
71,2,751,430,13,13,1,5,1,
71,3,689,182,23,13,1,5,1,
71,4,858,264,25,20,1,5,1,
71,5,702,308,66,17,1,5,1,
71,7,732,240,20,10,1,5,1,
71,11,717,93,9,16,1,5,1,
71,13,704,277,33,15,1,5,1,
71,14,690,196,60,23,1,5,1,
71,16,674,240,14,8,1,5,1,
71,17,758,233,15,12,1,5,1,
71,18,876,237,24,17,1,5,1,
71,19,432,22,9,17,1,5,1,
71,21,601,229,15,15,1,5,1,
71,22,804,318,16,12,1,5,1,
71,24,664,427,19,14,1,5,1,
71,25,866,179,17,15,1,5,1,
71,26,815,182,21,20,1,5,1,
71,27,700,237,24,14,1,5,1,
71,28,875,355,22,16,1,5,1,
71,29,663,123,31,17,1,5,1,
71,31,946,241,13,13,1,5,1,
71,32,631,120,12,21,1,5,1,
72,1,727,134,66,21,1,5,1,
72,2,754,429,12,13,1,5,1,
72,3,692,183,22,13,1,5,1,
72,4,859,264,25,20,1,5,1,
72,5,709,308,65,17,1,5,1,
72,7,735,240,19,10,1,5,1,
72,11,717,95,9,15,1,5,1,
72,13,709,277,30,15,1,5,1,
72,14,692,196,62,23,1,5,1,
72,16,673,240,13,8,1,5,1,
72,17,759,233,15,12,1,5,1,
72,18,877,238,23,16,1,5,1,
72,19,432,20,11,16,1,5,1,
72,21,602,230,15,14,1,5,1,
72,22,805,318,16,12,1,5,1,
72,24,662,426,20,13,1,5,1,
72,25,866,180,17,15,1,5,1,
72,26,815,183,21,20,1,5,1,
72,27,703,237,23,14,1,5,1,
72,28,876,355,22,15,1,5,1,
72,29,660,124,32,17,1,5,1,
72,31,945,242,14,12,1,5,1,
72,32,631,122,13,19,1,5,1,
73,1,734,135,62,20,1,5,1,
73,2,755,427,12,14,1,5,1,
73,3,694,183,21,13,1,5,1,
73,4,860,264,24,20,1,5,1,
73,5,715,308,65,17,1,5,1,
73,7,738,240,18,11,1,5,1,
73,11,717,96,9,15,1,5,1,
73,13,712,277,29,15,1,5,1,
73,14,695,196,64,22,1,5,1,
73,16,671,240,14,8,1,5,1,
73,17,760,233,15,12,1,5,1,
73,18,877,238,24,16,1,5,1,
73,19,433,17,11,17,1,5,1,
73,21,604,230,14,14,1,5,1,
73,22,807,317,15,12,1,5,1,
73,24,660,424,20,13,1,5,1,
73,25,867,181,16,14,1,5,1,
73,26,815,184,21,19,1,5,1,
73,27,706,238,22,14,1,5,1,
73,28,877,354,21,16,1,5,1,
73,31,945,242,14,12,1,5,1,
73,32,631,123,15,19,1,5,1,
74,1,739,135,61,22,1,5,1,
74,2,756,425,12,15,1,5,1,
74,3,697,183,20,13,1,5,1,
74,4,861,264,24,20,1,5,1,
74,5,722,308,63,17,1,5,1,
74,7,740,240,18,11,1,5,1,
74,11,717,98,9,15,1,5,1,
74,13,715,277,28,14,1,5,1,
74,14,698,197,66,22,1,5,1,
74,17,761,234,15,11,1,5,1,
74,18,878,238,23,16,1,5,1,
74,19,434,14,12,18,1,5,1,
74,21,605,230,15,14,1,5,1,
74,22,808,317,15,12,1,5,1,
74,24,657,423,21,13,1,5,1,
74,25,867,182,16,14,1,5,1,
74,26,816,185,20,19,1,5,1,
74,27,708,238,21,14,1,5,1,
74,28,877,353,22,16,1,5,1,
74,31,946,242,13,12,1,5,1,
74,32,630,124,18,19,1,5,1,
75,1,745,135,58,23,1,5,1,
75,2,756,424,12,14,1,5,1,
75,3,699,184,19,13,1,5,1,
75,4,861,264,24,20,1,5,1,
75,5,728,308,63,17,1,5,1,
75,7,743,241,17,10,1,5,1,
75,11,717,99,9,15,1,5,1,
75,13,718,276,27,15,1,5,1,
75,14,702,198,66,22,1,5,1,
75,17,763,234,14,12,1,5,1,
75,18,878,238,24,17,1,5,1,
75,19,435,12,13,17,1,5,1,
75,21,606,231,15,13,1,5,1,
75,22,809,316,15,12,1,5,1,
75,24,655,422,22,12,1,5,1,
75,25,867,182,16,15,1,5,1,
75,26,816,186,20,19,1,5,1,
75,27,710,238,21,14,1,5,1,
75,28,878,353,21,15,1,5,1,
75,31,945,242,14,12,1,5,1,
75,32,629,126,23,18,1,5,1,
76,1,750,136,56,24,1,5,1,
76,2,757,422,12,15,1,5,1,
76,3,701,184,18,13,1,5,1,
76,4,862,264,24,20,1,5,1,
76,5,735,308,62,17,1,5,1,
76,7,745,241,17,10,1,5,1,
76,11,717,101,9,14,1,5,1,
76,13,721,276,26,15,1,5,1,
76,14,706,198,66,22,1,5,1,
76,17,764,234,15,12,1,5,1,
76,18,879,239,23,16,1,5,1,
76,19,436,9,14,18,1,5,1,
76,21,607,231,15,13,1,5,1,
76,22,810,316,15,12,1,5,1,
76,24,653,420,22,13,1,5,1,
76,25,867,183,16,14,1,5,1,
76,26,816,187,20,18,1,5,1,
76,27,712,238,21,14,1,5,1,
76,28,879,352,21,15,1,5,1,
76,31,945,243,14,12,1,5,1,
76,32,629,127,27,18,1,5,1,
77,1,755,137,53,24,1,5,1,
77,2,758,421,12,14,1,5,1,
77,3,703,185,17,13,1,5,1,
77,4,862,265,24,19,1,5,1,
77,5,741,308,61,16,1,5,1,
77,7,748,241,16,10,1,5,1,
77,11,717,102,8,15,1,5,1,
77,13,724,276,25,15,1,5,1,
77,14,712,198,65,23,1,5,1,
77,17,765,235,15,11,1,5,1,
77,18,879,239,23,16,1,5,1,
77,19,437,6,16,18,1,5,1,
77,21,608,232,16,12,1,5,1,
77,22,811,316,15,11,1,5,1,
77,24,651,419,22,12,1,5,1,
77,25,867,184,16,14,1,5,1,
77,26,816,188,20,18,1,5,1,
77,27,714,239,20,13,1,5,1,
77,28,879,351,21,16,1,5,1,
77,31,945,243,14,12,1,5,1,
77,32,631,128,27,18,1,5,1,
78,1,759,138,53,24,1,5,1,
78,2,758,419,12,14,1,5,1,
78,3,705,185,16,13,1,5,1,
78,4,863,265,23,19,1,5,1,
78,5,748,307,59,17,1,5,1,
78,7,750,241,16,10,1,5,1,
78,11,717,103,8,15,1,5,1,
78,13,726,276,25,15,1,5,1,
78,14,717,199,64,22,1,5,1,
78,17,766,235,15,11,1,5,1,
78,18,879,239,23,16,1,5,1,
78,19,439,4,16,18,1,5,1,
78,21,610,232,15,13,1,5,1,
78,22,812,315,15,12,1,5,1,
78,24,648,418,23,12,1,5,1,
78,25,867,185,16,14,1,5,1,
78,26,816,189,20,18,1,5,1,
78,27,716,239,20,13,1,5,1,
78,28,880,351,21,15,1,5,1,
78,31,944,243,15,12,1,5,1,
78,32,634,128,26,18,1,5,1,
79,1,764,139,52,24,1,5,1,
79,2,759,418,11,13,1,5,1,
79,3,707,186,15,13,1,5,1,
79,4,863,265,23,19,1,5,1,
79,5,754,307,59,17,1,5,1,
79,7,754,242,13,9,1,5,1,
79,11,716,105,9,14,1,5,1,
79,13,729,276,24,15,1,5,1,
79,14,723,199,62,22,1,5,1,
79,17,767,235,14,12,1,5,1,
79,18,880,240,22,15,1,5,1,
79,19,440,1,18,18,1,5,1,
79,21,612,232,14,13,1,5,1,
79,22,812,315,15,11,1,5,1,
79,24,646,416,23,12,1,5,1,
79,25,867,186,16,13,1,5,1,
79,26,816,189,20,18,1,5,1,
79,27,718,239,19,13,1,5,1,
79,28,880,350,21,15,1,5,1,
79,31,945,244,14,11,1,5,1,
79,32,637,129,24,18,1,5,1,
80,1,769,140,51,24,1,5,1,
80,2,759,416,12,14,1,5,1,
80,3,710,186,12,13,1,5,1,
80,4,863,265,23,18,1,5,1,
80,5,760,307,58,17,1,5,1,
80,7,757,242,12,10,1,5,1,
80,11,716,106,8,14,1,5,1,
80,13,732,276,22,14,1,5,1,
80,14,728,200,62,21,1,5,1,
80,17,768,236,14,11,1,5,1,
80,18,880,240,22,15,1,5,1,
80,19,442,0,19,17,1,5,1,
80,21,613,232,14,13,1,5,1,
80,22,813,315,15,11,1,5,1,
80,24,644,415,23,12,1,5,1,
80,25,867,187,16,13,1,5,1,
80,26,816,190,20,18,1,5,1,
80,27,721,239,18,14,1,5,1,
80,28,881,349,20,15,1,5,1,
80,31,944,244,14,11,1,5,1,
80,32,640,130,20,18,1,5,1,
81,1,774,140,50,24,1,5,1,
81,2,759,415,12,13,1,5,1,
81,3,711,187,11,13,1,5,1,
81,4,863,265,23,18,1,5,1,
81,5,767,307,56,17,1,5,1,
81,7,758,242,12,10,1,5,1,
81,11,715,107,8,15,1,5,1,
81,13,736,276,19,14,1,5,1,
81,14,734,200,60,22,1,5,1,
81,17,769,236,14,11,1,5,1,
81,18,880,240,22,15,1,5,1,
81,19,444,-3,19,17,1,5,1,
81,21,614,233,15,12,1,5,1,
81,22,814,314,15,11,1,5,1,
81,24,641,414,24,11,1,5,1,
81,25,867,187,16,14,1,5,1,
81,26,816,191,20,17,1,5,1,
81,27,723,239,16,13,1,5,1,
81,28,881,349,20,15,1,5,1,
81,31,944,244,14,12,1,5,1,
81,32,644,131,16,18,1,5,1,
82,1,780,141,48,24,1,5,1,
82,2,759,413,12,14,1,5,1,
82,3,710,187,11,13,1,5,1,
82,4,863,265,23,18,1,5,1,
82,5,773,307,55,16,1,5,1,
82,7,760,242,11,10,1,5,1,
82,11,714,109,9,14,1,5,1,
82,13,740,276,17,14,1,5,1,
82,14,740,200,58,21,1,5,1,
82,17,770,236,14,11,1,5,1,
82,18,880,240,22,16,1,5,1,
82,19,446,-5,20,17,1,5,1,
82,21,616,233,13,12,1,5,1,
82,22,815,314,14,11,1,5,1,
82,24,639,413,23,11,1,5,1,
82,25,867,188,15,13,1,5,1,
82,26,816,192,19,17,1,5,1,
82,27,725,240,15,13,1,5,1,
82,28,881,348,21,15,1,5,1,
82,31,943,244,14,11,1,5,1,
82,32,647,132,12,18,1,5,1,
83,1,784,142,47,23,1,5,1,
83,2,759,412,12,13,1,5,1,
83,3,709,188,11,13,1,5,1,
83,4,863,265,23,18,1,5,1,
83,5,780,307,52,16,1,5,1,
83,7,761,243,12,9,1,5,1,
83,11,713,110,9,14,1,5,1,
83,13,741,276,17,14,1,5,1,
83,14,747,201,56,20,1,5,1,
83,17,771,236,14,11,1,5,1,
83,18,880,241,22,15,1,5,1,
83,19,448,-8,21,17,1,5,1,
83,21,617,233,13,13,1,5,1,
83,22,815,314,15,11,1,5,1,
83,24,636,412,24,11,1,5,1,
83,25,866,189,16,13,1,5,1,
83,26,816,193,19,16,1,5,1,
83,27,726,240,16,13,1,5,1,
83,28,882,348,20,14,1,5,1,
83,31,943,245,14,11,1,5,1,
83,32,647,133,12,18,1,5,1,
84,1,790,143,44,23,1,5,1,
84,2,759,411,12,12,1,5,1,
84,3,708,188,13,14,1,5,1,
84,4,863,265,23,18,1,5,1,
84,5,788,307,47,16,1,5,1,
84,7,762,243,12,9,1,5,1,
84,11,713,112,8,13,1,5,1,
84,13,743,276,16,14,1,5,1,
84,14,755,201,52,22,1,5,1,
84,17,772,237,14,11,1,5,1,
84,18,880,241,22,15,1,5,1,
84,19,451,-11,22,17,1,5,1,
84,21,617,234,14,12,1,5,1,
84,22,816,313,14,11,1,5,1,
84,24,633,410,25,11,1,5,1,
84,25,866,190,15,13,1,5,1,
84,26,816,193,19,17,1,5,1,
84,27,727,240,16,13,1,5,1,
84,28,882,347,20,14,1,5,1,
84,31,942,245,14,11,1,5,1,
84,32,646,134,11,18,1,5,1,
85,1,795,143,42,23,1,5,1,
85,2,759,409,11,13,1,5,1,
85,3,705,189,17,13,1,5,1,
85,4,863,265,22,18,1,5,1,
85,5,796,307,42,16,1,5,1,
85,7,763,243,12,10,1,5,1,
85,11,713,113,8,13,1,5,1,
85,13,744,276,17,14,1,5,1,
85,14,763,202,47,22,1,5,1,
85,17,773,237,14,11,1,5,1,
85,18,880,241,21,15,1,5,1,
85,21,618,234,13,12,1,5,1,
85,22,816,313,15,11,1,5,1,
85,24,631,409,24,11,1,5,1,
85,25,866,190,15,13,1,5,1,
85,26,816,194,18,17,1,5,1,
85,27,728,240,16,13,1,5,1,
85,28,882,347,20,14,1,5,1,
85,31,942,245,14,11,1,5,1,
85,32,644,135,14,18,1,5,1,
86,1,801,144,39,23,1,5,1,
86,2,760,408,11,12,1,5,1,
86,3,702,190,20,13,1,5,1,
86,4,863,265,22,18,1,5,1,
86,5,805,307,35,16,1,5,1,
86,7,764,243,12,10,1,5,1,
86,11,712,114,8,13,1,5,1,
86,13,745,276,16,14,1,5,1,
86,14,771,203,41,22,1,5,1,
86,17,773,237,14,11,1,5,1,
86,18,880,242,21,15,1,5,1,
86,21,617,234,14,12,1,5,1,
86,22,817,313,14,10,1,5,1,
86,24,628,408,25,11,1,5,1,
86,25,866,191,15,13,1,5,1,
86,26,815,195,19,16,1,5,1,
86,27,729,241,16,12,1,5,1,
86,28,882,346,20,14,1,5,1,
86,31,940,245,14,11,1,5,1,
86,32,641,136,18,18,1,5,1,
87,1,806,144,36,23,1,5,1,
87,2,761,407,10,11,1,5,1,
87,3,698,190,24,13,1,5,1,
87,4,863,265,22,18,1,5,1,
87,5,812,307,30,16,1,5,1,
87,7,765,244,12,9,1,5,1,
87,11,710,115,10,13,1,5,1,
87,13,745,276,17,14,1,5,1,
87,14,779,205,36,21,1,5,1,
87,17,774,238,14,10,1,5,1,
87,18,880,242,21,15,1,5,1,
87,21,617,235,13,12,1,5,1,
87,22,817,312,14,11,1,5,1,
87,24,625,407,25,10,1,5,1,
87,25,865,192,15,12,1,5,1,
87,26,815,196,18,16,1,5,1,
87,27,729,241,16,13,1,5,1,
87,28,883,345,19,14,1,5,1,
87,31,940,246,14,10,1,5,1,
87,32,637,137,23,18,1,5,1,
88,1,811,145,34,23,1,5,1,
88,2,761,406,11,11,1,5,1,
88,3,694,191,28,12,1,5,1,
88,4,863,265,21,18,1,5,1,
88,5,817,307,28,16,1,5,1,
88,7,766,244,11,9,1,5,1,
88,11,709,116,11,13,1,5,1,
88,13,746,276,17,13,1,5,1,
88,14,784,206,33,20,1,5,1,
88,17,775,238,13,10,1,5,1,
88,18,881,242,21,15,1,5,1,
88,21,616,235,15,12,1,5,1,
88,22,817,312,14,10,1,5,1,
88,24,622,406,26,10,1,5,1,
88,25,865,193,15,12,1,5,1,
88,26,815,196,18,16,1,5,1,
88,27,729,241,15,13,1,5,1,
88,28,883,345,19,14,1,5,1,
88,31,939,246,14,10,1,5,1,
88,32,633,138,27,17,1,5,1,
89,1,815,146,32,23,1,5,1,
89,2,760,404,12,12,1,5,1,
89,3,691,191,30,13,1,5,1,
89,4,863,265,21,18,1,5,1,
89,5,821,307,26,15,1,5,1,
89,7,767,244,11,9,1,5,1,
89,11,707,117,12,14,1,5,1,
89,13,747,276,16,13,1,5,1,
89,14,788,206,31,21,1,5,1,
89,17,775,238,14,11,1,5,1,
89,18,882,243,20,14,1,5,1,
89,21,614,235,18,12,1,5,1,
89,22,818,312,14,10,1,5,1,
89,24,619,405,26,10,1,5,1,
89,25,865,193,14,13,1,5,1,
89,26,814,197,18,16,1,5,1,
89,27,729,242,15,12,1,5,1,
89,28,883,344,19,14,1,5,1,
89,31,939,246,13,11,1,5,1,
89,32,629,139,31,17,1,5,1,
90,1,819,147,30,22,1,5,1,
90,2,759,403,13,12,1,5,1,
90,3,688,192,30,12,1,5,1,
90,4,863,265,20,17,1,5,1,
90,5,825,306,24,16,1,5,1,
90,7,768,244,11,9,1,5,1,
90,11,706,118,12,14,1,5,1,
90,13,747,276,17,13,1,5,1,
90,14,791,207,30,20,1,5,1,
90,17,776,238,13,11,1,5,1,
90,18,882,243,21,14,1,5,1,
90,21,612,236,20,11,1,5,1,
90,22,818,311,14,11,1,5,1,
90,24,616,404,26,10,1,5,1,
90,25,864,194,15,12,1,5,1,
90,26,814,198,18,15,1,5,1,
90,27,729,242,15,12,1,5,1,
90,28,883,344,19,13,1,5,1,
90,31,938,246,13,11,1,5,1,
90,32,625,140,34,17,1,5,1,
91,1,822,148,29,22,1,5,1,
91,2,759,402,13,12,1,5,1,
91,3,685,192,31,13,1,5,1,
91,4,862,265,21,17,1,5,1,
91,5,828,306,23,15,1,5,1,
91,7,768,244,11,9,1,5,1,
91,11,704,120,13,13,1,5,1,
91,13,747,276,17,13,1,5,1,
91,14,795,207,29,20,1,5,1,
91,17,776,239,14,10,1,5,1,
91,18,883,243,20,15,1,5,1,
91,21,608,236,24,11,1,5,1,
91,22,818,311,14,10,1,5,1,
91,24,613,403,27,10,1,5,1,
91,25,864,195,14,12,1,5,1,
91,26,813,198,18,16,1,5,1,
91,27,728,242,15,12,1,5,1,
91,28,883,343,19,14,1,5,1,
91,31,936,246,14,11,1,5,1,
91,32,620,141,38,17,1,5,1,
92,1,826,149,27,22,1,5,1,
92,2,758,400,12,12,1,5,1,
92,3,682,193,31,12,1,5,1,
92,4,862,265,20,17,1,5,1,
92,5,831,306,22,15,1,5,1,
92,7,769,245,11,9,1,5,1,
92,11,703,121,12,13,1,5,1,
92,13,748,276,16,13,1,5,1,
92,14,798,208,28,20,1,5,1,
92,17,777,239,13,10,1,5,1,
92,18,884,243,20,15,1,5,1,
92,21,604,236,27,12,1,5,1,
92,22,818,311,14,10,1,5,1,
92,24,610,402,27,10,1,5,1,
92,25,863,195,14,12,1,5,1,
92,26,813,199,17,15,1,5,1,
92,27,728,242,15,12,1,5,1,
92,28,883,343,19,13,1,5,1,
92,31,936,247,13,10,1,5,1,
92,32,616,142,40,17,1,5,1,
93,1,829,150,26,22,1,5,1,
93,2,757,399,13,11,1,5,1,
93,3,679,194,31,12,1,5,1,
93,4,862,266,20,16,1,5,1,
93,5,835,305,20,16,1,5,1,
93,7,769,245,11,9,1,5,1,
93,11,701,122,13,13,1,5,1,
93,13,748,276,17,13,1,5,1,
93,14,801,208,27,20,1,5,1,
93,17,777,239,13,10,1,5,1,
93,18,884,243,20,15,1,5,1,
93,21,601,236,29,12,1,5,1,
93,22,818,310,14,10,1,5,1,
93,24,607,401,27,10,1,5,1,
93,25,863,196,14,12,1,5,1,
93,26,813,200,17,15,1,5,1,
93,27,728,243,15,12,1,5,1,
93,28,883,342,19,13,1,5,1,
93,31,935,247,13,10,1,5,1,
93,32,612,144,41,16,1,5,1,
94,1,832,150,25,23,1,5,1,
94,2,756,398,14,11,1,5,1,
94,3,676,194,31,12,1,5,1,
94,4,861,266,20,16,1,5,1,
94,5,837,305,20,15,1,5,1,
94,7,770,245,11,9,1,5,1,
94,13,749,276,16,12,1,5,1,
94,14,804,209,25,20,1,5,1,
94,17,777,239,14,11,1,5,1,
94,18,885,244,19,14,1,5,1,
94,21,597,237,32,12,1,5,1,
94,22,818,310,14,10,1,5,1,
94,24,604,401,27,9,1,5,1,
94,25,862,197,14,11,1,5,1,
94,26,812,200,17,15,1,5,1,
94,27,727,243,15,12,1,5,1,
94,28,883,342,19,13,1,5,1,
94,31,934,247,13,10,1,5,1,
94,32,608,145,42,16,1,5,1,
95,1,834,151,25,22,1,5,1,
95,2,755,397,14,11,1,5,1,
95,4,861,266,20,16,1,5,1,
95,5,840,305,19,15,1,5,1,
95,7,770,245,11,9,1,5,1,
95,13,750,276,16,12,1,5,1,
95,14,807,209,24,20,1,5,1,
95,17,778,240,13,10,1,5,1,
95,18,885,244,20,14,1,5,1,
95,21,593,237,34,12,1,5,1,
95,22,818,310,14,10,1,5,1,
95,25,862,197,14,12,1,5,1,
95,26,811,201,17,15,1,5,1,
95,27,727,243,15,12,1,5,1,
95,28,883,341,19,13,1,5,1,
95,31,933,247,13,10,1,5,1,
95,32,604,146,43,15,1,5,1,
96,1,837,152,24,22,1,5,1,
96,2,754,395,15,12,1,5,1,
96,4,860,266,20,16,1,5,1,
96,5,842,305,19,14,1,5,1,
96,7,771,246,10,8,1,5,1,
96,13,750,276,16,12,1,5,1,
96,14,809,210,24,19,1,5,1,
96,17,778,240,13,10,1,5,1,
96,18,885,244,20,14,1,5,1,
96,21,589,237,37,13,1,5,1,
96,22,818,309,14,10,1,5,1,
96,25,862,198,13,11,1,5,1,
96,26,811,202,17,14,1,5,1,
96,27,727,243,14,12,1,5,1,
96,28,883,341,19,13,1,5,1,
96,31,933,248,12,10,1,5,1,
96,32,600,147,44,15,1,5,1,
97,1,839,153,24,22,1,5,1,
97,2,753,394,15,12,1,5,1,
97,4,860,266,19,16,1,5,1,
97,5,844,304,19,15,1,5,1,
97,7,771,246,11,8,1,5,1,
97,13,750,276,16,12,1,5,1,
97,14,812,210,22,20,1,5,1,
97,17,778,240,13,10,1,5,1,
97,18,885,244,20,14,1,5,1,
97,21,585,238,39,12,1,5,1,
97,22,818,309,14,10,1,5,1,
97,25,861,199,14,11,1,5,1,
97,26,810,202,17,15,1,5,1,
97,27,727,244,14,12,1,5,1,
97,28,883,340,19,13,1,5,1,
97,31,931,248,13,10,1,5,1,
97,32,596,149,45,14,1,5,1,
98,1,842,154,23,22,1,5,1,
98,2,751,393,15,11,1,5,1,
98,4,859,266,20,16,1,5,1,
98,5,846,304,19,15,1,5,1,
98,7,771,246,11,9,1,5,1,
98,13,751,276,16,12,1,5,1,
98,14,814,211,22,19,1,5,1,
98,17,779,240,12,10,1,5,1,
98,18,885,244,20,14,1,5,1,
98,21,581,239,40,12,1,5,1,
98,22,818,309,14,10,1,5,1,
98,25,861,199,13,11,1,5,1,
98,26,810,203,16,14,1,5,1,
98,27,727,244,14,12,1,5,1,
98,28,883,340,18,13,1,5,1,
98,31,930,248,14,10,1,5,1,
98,32,592,150,45,13,1,5,1,
99,1,844,155,23,22,1,5,1,
99,2,749,392,16,11,1,5,1,
99,4,859,266,19,16,1,5,1,
99,5,847,304,19,14,1,5,1,
99,7,772,246,10,9,1,5,1,
99,13,751,276,16,12,1,5,1,
99,14,816,211,21,19,1,5,1,
99,17,779,241,12,9,1,5,1,
99,18,885,245,20,13,1,5,1,
99,21,577,239,41,12,1,5,1,
99,22,818,309,13,9,1,5,1,
99,25,860,200,14,11,1,5,1,
99,26,809,204,17,14,1,5,1,
99,27,727,244,14,12,1,5,1,
99,28,883,339,18,13,1,5,1,
99,31,929,248,13,10,1,5,1,
99,32,588,151,46,13,1,5,1,
100,1,846,156,22,21,1,5,1,
100,2,748,391,16,10,1,5,1,
100,4,858,266,19,16,1,5,1,
100,5,849,303,19,15,1,5,1,
100,7,772,246,10,9,1,5,1,
100,13,751,276,16,12,1,5,1,
100,14,819,212,20,19,1,5,1,
100,17,779,241,13,10,1,5,1,
100,18,885,245,19,13,1,5,1,
100,21,573,240,42,12,1,5,1,
100,22,818,308,13,10,1,5,1,
100,25,860,200,13,11,1,5,1,
100,26,809,204,16,14,1,5,1,
100,27,726,244,14,12,1,5,1,
100,28,883,339,18,12,1,5,1,
100,31,928,248,13,10,1,5,1,
100,32,585,152,46,12,1,5,1,
101,1,847,157,23,21,1,5,1,
101,2,746,390,17,10,1,5,1,
101,4,858,266,19,15,1,5,1,
101,5,850,303,19,14,1,5,1,
101,7,772,247,10,8,1,5,1,
101,13,752,276,15,12,1,5,1,
101,14,820,212,20,19,1,5,1,
101,17,779,241,13,10,1,5,1,
101,18,885,245,19,13,1,5,1,
101,21,569,241,43,11,1,5,1,
101,22,817,308,13,10,1,5,1,
101,25,859,201,13,11,1,5,1,
101,26,808,205,16,14,1,5,1,
101,27,726,245,14,11,1,5,1,
101,28,883,338,17,13,1,5,1,
101,31,926,249,14,9,1,5,1,
101,32,581,153,47,12,1,5,1,
102,1,849,158,22,21,1,5,1,
102,2,744,388,17,11,1,5,1,
102,4,858,266,18,15,1,5,1,
102,5,852,303,18,14,1,5,1,
102,7,772,247,10,8,1,5,1,
102,13,751,276,16,11,1,5,1,
102,14,822,213,20,18,1,5,1,
102,17,779,241,12,10,1,5,1,
102,18,885,245,19,14,1,5,1,
102,21,566,241,42,11,1,5,1,
102,22,816,308,14,9,1,5,1,
102,25,859,202,13,10,1,5,1,
102,26,807,205,16,14,1,5,1,
102,27,725,245,15,11,1,5,1,
102,28,882,338,18,12,1,5,1,
102,31,925,249,14,9,1,5,1,
102,32,578,154,46,11,1,5,1,
103,1,850,159,22,21,1,5,1,
103,2,743,387,17,11,1,5,1,
103,4,857,266,19,15,1,5,1,
103,5,853,303,19,14,1,5,1,
103,7,772,247,10,8,1,5,1,
103,13,752,276,15,11,1,5,1,
103,14,823,213,20,19,1,5,1,
103,17,779,242,12,9,1,5,1,
103,18,884,245,19,14,1,5,1,
103,21,563,240,41,11,1,5,1,
103,22,814,307,15,10,1,5,1,
103,25,858,202,13,11,1,5,1,
103,26,807,206,16,13,1,5,1,
103,27,725,245,15,11,1,5,1,
103,28,882,337,18,13,1,5,1,
103,31,923,249,15,9,1,5,1,
103,32,575,154,46,11,1,5,1,
104,1,851,160,22,21,1,5,1,
104,2,741,386,17,11,1,5,1,
104,4,856,266,19,15,1,5,1,
104,5,854,302,19,14,1,5,1,
104,7,772,247,10,8,1,5,1,
104,13,752,276,15,11,1,5,1,
104,14,824,214,20,18,1,5,1,
104,17,779,242,12,9,1,5,1,
104,18,883,246,18,13,1,5,1,
104,20,952,217,7,9,1,5,1,
104,21,560,240,40,11,1,5,1,
104,22,814,307,14,9,1,5,1,
104,25,858,203,13,10,1,5,1,
104,26,806,207,16,13,1,5,1,
104,27,724,245,15,12,1,5,1,
104,28,882,337,17,12,1,5,1,
104,31,922,249,14,9,1,5,1,
104,32,572,154,45,11,1,5,1,
105,1,852,161,22,20,1,5,1,
105,2,739,385,18,10,1,5,1,
105,4,856,266,18,15,1,5,1,
105,5,855,302,19,14,1,5,1,
105,7,772,247,10,9,1,5,1,
105,13,752,275,14,12,1,5,1,
105,14,826,214,19,18,1,5,1,
105,17,779,242,12,9,1,5,1,
105,18,882,246,18,14,1,5,1,
105,20,949,217,10,9,1,5,1,
105,22,813,307,14,9,1,5,1,
105,25,856,203,15,11,1,5,1,
105,26,805,207,17,13,1,5,1,
105,27,723,246,16,11,1,5,1,
105,28,881,336,18,12,1,5,1,
105,31,920,249,15,9,1,5,1,
105,32,569,154,44,10,1,5,1,
106,1,854,162,21,20,1,5,1,
106,2,737,384,18,10,1,5,1,
106,4,855,266,18,15,1,5,1,
106,5,856,302,19,13,1,5,1,
106,7,771,248,10,8,1,5,1,
106,13,751,275,15,12,1,5,1,
106,14,827,215,19,18,1,5,1,
106,17,779,242,12,10,1,5,1,
106,18,881,247,17,13,1,5,1,
106,20,945,217,14,9,1,5,1,
106,22,811,307,15,9,1,5,1,
106,25,855,204,16,10,1,5,1,
106,26,805,208,16,13,1,5,1,
106,27,723,246,16,11,1,5,1,
106,28,881,336,17,12,1,5,1,
106,31,919,250,14,9,1,5,1,
106,32,567,153,42,11,1,5,1,
107,1,855,163,21,20,1,5,1,
107,2,735,383,18,10,1,5,1,
107,4,854,266,18,15,1,5,1,
107,5,857,301,18,14,1,5,1,
107,7,771,248,10,8,1,5,1,
107,13,751,275,14,12,1,5,1,
107,14,828,215,19,18,1,5,1,
107,17,779,243,12,9,1,5,1,
107,18,881,247,16,14,1,5,1,
107,20,942,218,17,9,1,5,1,
107,22,810,306,15,9,1,5,1,
107,25,854,205,16,10,1,5,1,
107,26,804,208,16,13,1,5,1,
107,27,722,246,16,11,1,5,1,
107,28,880,335,18,12,1,5,1,
107,31,917,250,15,9,1,5,1,
107,32,566,153,39,11,1,5,1,
108,1,855,164,22,20,1,5,1,
108,2,733,382,19,10,1,5,1,
108,4,854,266,17,15,1,5,1,
108,5,858,301,18,14,1,5,1,
108,7,771,248,10,8,1,5,1,
108,13,751,275,14,12,1,5,1,
108,14,829,216,19,17,1,5,1,
108,17,778,243,12,9,1,5,1,
108,18,880,248,16,14,1,5,1,
108,20,941,218,18,9,1,5,1,
108,22,809,306,15,9,1,5,1,
108,25,853,205,16,10,1,5,1,
108,26,803,209,17,13,1,5,1,
108,27,721,246,16,11,1,5,1,
108,28,879,335,19,12,1,5,1,
108,31,915,250,15,9,1,5,1,
108,32,565,152,37,11,1,5,1,
109,1,856,164,22,20,1,5,1,
109,2,730,381,20,10,1,5,1,
109,4,853,266,17,15,1,5,1,
109,5,859,301,18,13,1,5,1,
109,7,771,248,9,8,1,5,1,
109,13,750,275,14,12,1,5,1,
109,14,830,216,19,18,1,5,1,
109,17,778,243,12,9,1,5,1,
109,18,880,248,16,13,1,5,1,
109,20,938,218,21,10,1,5,1,
109,22,808,306,14,9,1,5,1,
109,25,851,206,16,10,1,5,1,
109,26,802,209,17,13,1,5,1,
109,27,720,246,17,11,1,5,1,
109,28,878,334,20,12,1,5,1,
109,31,914,250,14,9,1,5,1,
109,32,564,152,34,11,1,5,1,
110,1,857,165,21,20,1,5,1,
110,2,728,380,20,9,1,5,1,
110,4,852,266,18,15,1,5,1,
110,5,859,301,18,13,1,5,1,
110,7,770,248,10,8,1,5,1,
110,13,750,275,14,11,1,5,1,
110,14,831,217,18,17,1,5,1,
110,17,778,243,12,9,1,5,1,
110,18,880,248,16,13,1,5,1,
110,20,936,219,20,9,1,5,1,
110,22,807,305,14,9,1,5,1,
110,25,850,206,16,10,1,5,1,
110,26,801,210,17,12,1,5,1,
110,27,719,247,17,10,1,5,1,
110,28,878,334,19,12,1,5,1,
110,31,913,250,13,9,1,5,1,
110,32,564,151,30,11,1,5,1,
111,1,858,166,21,20,1,5,1,
111,2,726,379,20,9,1,5,1,
111,4,851,266,18,15,1,5,1,
111,5,860,300,18,13,1,5,1,
111,7,770,249,9,7,1,5,1,
111,9,952,342,7,10,1,5,1,
111,13,749,275,14,11,1,5,1,
111,14,832,217,18,17,1,5,1,
111,17,778,243,11,9,1,5,1,
111,18,879,248,16,13,1,5,1,
111,20,933,219,20,10,1,5,1,
111,22,806,305,14,9,1,5,1,
111,25,849,207,16,10,1,5,1,
111,26,800,210,18,13,1,5,1,
111,27,719,247,16,10,1,5,1,
111,28,877,333,19,12,1,5,1,
111,31,911,250,14,9,1,5,1,
111,32,564,150,26,11,1,5,1,
112,1,859,167,21,19,1,5,1,
112,2,724,378,20,9,1,5,1,
112,4,851,266,17,14,1,5,1,
112,5,861,300,17,13,1,5,1,
112,7,770,249,9,7,1,5,1,
112,9,950,340,10,11,1,5,1,
112,13,749,275,14,11,1,5,1,
112,14,832,218,19,17,1,5,1,
112,17,778,244,11,9,1,5,1,
112,18,879,249,16,13,1,5,1,
112,20,931,220,20,9,1,5,1,
112,22,805,305,14,9,1,5,1,
112,25,847,207,16,10,1,5,1,
112,26,799,211,18,12,1,5,1,
112,27,718,247,16,10,1,5,1,
112,28,876,333,19,12,1,5,1,
112,31,910,250,13,9,1,5,1,
112,32,564,150,22,11,1,5,1,
113,1,859,168,21,19,1,5,1,
113,2,721,377,21,9,1,5,1,
113,4,850,266,17,14,1,5,1,
113,5,861,300,18,13,1,5,1,
113,7,769,249,10,8,1,5,1,
113,9,948,340,11,11,1,5,1,
113,13,748,275,15,11,1,5,1,
113,14,833,218,18,17,1,5,1,
113,17,777,244,12,9,1,5,1,
113,18,879,249,15,13,1,5,1,
113,20,928,220,20,9,1,5,1,
113,22,803,305,15,8,1,5,1,
113,25,846,208,16,9,1,5,1,
113,26,799,211,17,13,1,5,1,
113,27,717,247,17,11,1,5,1,
113,28,875,333,19,11,1,5,1,
113,31,908,251,14,8,1,5,1,
113,32,566,149,17,11,1,5,1,
114,1,859,169,21,19,1,5,1,
114,2,719,376,21,9,1,5,1,
114,4,849,266,17,14,1,5,1,
114,5,861,300,18,12,1,5,1,
114,7,769,249,10,8,1,5,1,
114,9,946,339,13,12,1,5,1,
114,13,748,275,14,11,1,5,1,
114,14,834,219,18,16,1,5,1,
114,17,777,244,11,9,1,5,1,
114,18,878,249,16,13,1,5,1,
114,20,926,221,20,8,1,5,1,
114,22,802,304,15,9,1,5,1,
114,25,845,208,16,10,1,5,1,
114,26,798,212,17,12,1,5,1,
114,28,874,332,19,12,1,5,1,
114,31,907,251,14,8,1,5,1,
114,32,567,148,13,11,1,5,1,
115,1,860,170,20,19,1,5,1,
115,2,716,375,21,9,1,5,1,
115,4,848,266,18,14,1,5,1,
115,5,862,299,17,13,1,5,1,
115,7,768,249,10,8,1,5,1,
115,9,944,339,15,12,1,5,1,
115,13,747,275,15,11,1,5,1,
115,14,834,219,18,17,1,5,1,
115,17,777,244,11,9,1,5,1,
115,18,878,249,15,13,1,5,1,
115,20,923,221,21,8,1,5,1,
115,22,801,304,14,9,1,5,1,
115,25,844,209,15,9,1,5,1,
115,26,797,212,17,12,1,5,1,
115,28,873,332,19,11,1,5,1,
115,31,905,251,14,8,1,5,1,
115,32,567,147,11,11,1,5,1,
116,1,860,171,20,18,1,5,1,
116,2,714,374,21,9,1,5,1,
116,4,847,266,18,14,1,5,1,
116,5,862,299,17,13,1,5,1,
116,7,767,250,11,7,1,5,1,
116,9,942,338,17,13,1,5,1,
116,13,746,275,15,11,1,5,1,
116,14,835,220,18,16,1,5,1,
116,17,776,245,11,8,1,5,1,
116,18,877,249,16,13,1,5,1,
116,20,920,222,23,8,1,5,1,
116,22,800,304,14,8,1,5,1,
116,25,842,209,16,10,1,5,1,
116,26,796,213,17,12,1,5,1,
116,28,872,331,19,12,1,5,1,
116,31,904,251,14,8,1,5,1,
116,32,567,146,12,11,1,5,1,
117,1,860,171,20,19,1,5,1,
117,2,711,374,22,8,1,5,1,
117,4,846,266,18,14,1,5,1,
117,5,862,299,17,12,1,5,1,
117,7,767,250,10,7,1,5,1,
117,9,940,338,19,13,1,5,1,
117,13,746,275,15,11,1,5,1,
117,14,835,220,18,16,1,5,1,
117,17,776,245,11,8,1,5,1,
117,18,877,250,15,12,1,5,1,
117,20,917,222,24,8,1,5,1,
117,22,798,304,15,8,1,5,1,
117,25,841,210,16,9,1,5,1,
117,26,795,213,17,12,1,5,1,
117,28,871,331,19,11,1,5,1,
117,31,902,251,15,9,1,5,1,
117,32,567,145,14,11,1,5,1,
118,1,860,172,20,19,1,5,1,
118,2,709,373,22,8,1,5,1,
118,4,845,266,18,14,1,5,1,
118,5,862,299,17,12,1,5,1,
118,7,766,250,11,7,1,5,1,
118,9,938,337,21,13,1,5,1,
118,13,745,275,15,10,1,5,1,
118,14,835,220,19,16,1,5,1,
118,17,775,245,11,8,1,5,1,
118,18,876,250,15,12,1,5,1,
118,20,914,223,24,8,1,5,1,
118,22,797,303,15,9,1,5,1,
118,25,840,210,15,10,1,5,1,
118,26,793,214,18,11,1,5,1,
118,28,870,330,19,11,1,5,1,
118,31,900,252,15,8,1,5,1,
118,32,567,145,15,11,1,5,1,
119,1,860,173,20,18,1,5,1,
119,2,706,372,22,8,1,5,1,
119,4,844,266,19,14,1,5,1,
119,5,862,298,17,13,1,5,1,
119,7,765,250,11,7,1,5,1,
119,9,936,336,23,13,1,5,1,
119,13,744,275,15,10,1,5,1,
119,14,836,221,18,16,1,5,1,
119,17,775,245,11,9,1,5,1,
119,18,876,250,15,12,1,5,1,
119,20,911,223,24,8,1,5,1,
119,22,796,303,14,8,1,5,1,
119,25,838,211,16,9,1,5,1,
119,26,792,214,18,12,1,5,1,
119,28,869,330,19,11,1,5,1,
119,31,898,252,15,8,1,5,1,
119,32,566,144,19,11,1,5,1,
120,1,860,174,20,18,1,5,1,
120,2,704,371,22,8,1,5,1,
120,4,843,266,19,14,1,5,1,
120,5,862,298,17,12,1,5,1,
120,7,765,250,10,7,1,5,1,
120,9,933,336,26,13,1,5,1,
120,13,743,275,16,10,1,5,1,
120,14,836,221,18,16,1,5,1,
120,17,774,245,11,9,1,5,1,
120,18,875,250,15,12,1,5,1,
120,20,908,224,24,7,1,5,1,
120,22,795,303,14,8,1,5,1,
120,25,837,211,15,9,1,5,1,
120,26,791,215,18,11,1,5,1,
120,28,868,330,18,10,1,5,1,
120,31,896,252,15,8,1,5,1,
120,32,565,143,24,11,1,5,1,
121,1,860,175,20,18,1,5,1,
121,2,701,370,22,8,1,5,1,
121,4,842,266,19,14,1,5,1,
121,5,862,298,16,12,1,5,1,
121,7,764,250,11,8,1,5,1,
121,9,931,335,28,13,1,5,1,
121,13,742,275,16,10,1,5,1,
121,14,836,222,18,15,1,5,1,
121,17,774,246,11,8,1,5,1,
121,18,875,250,14,12,1,5,1,
121,20,905,224,24,8,1,5,1,
121,22,793,303,15,8,1,5,1,
121,25,835,212,16,9,1,5,1,
121,26,790,215,18,11,1,5,1,
121,28,867,329,18,11,1,5,1,
121,31,895,252,14,8,1,5,1,
121,32,565,142,29,11,1,5,1,
122,1,860,176,19,17,1,5,1,
122,2,698,369,23,8,1,5,1,
122,4,841,267,19,13,1,5,1,
122,5,862,298,16,12,1,5,1,
122,7,763,251,11,7,1,5,1,
122,9,929,335,29,12,1,5,1,
122,13,742,275,15,10,1,5,1,
122,14,836,222,18,16,1,5,1,
122,17,773,246,12,8,1,5,1,
122,18,874,250,14,12,1,5,1,
122,20,902,224,24,8,1,5,1,
122,22,792,302,14,8,1,5,1,
122,25,834,212,15,9,1,5,1,
122,26,789,216,18,11,1,5,1,
122,28,866,329,18,10,1,5,1,
122,31,893,252,15,8,1,5,1,
122,32,565,141,33,11,1,5,1,
123,1,860,176,19,18,1,5,1,
123,2,696,369,22,8,1,5,1,
123,4,840,267,19,13,1,5,1,
123,5,861,298,17,11,1,5,1,
123,7,762,251,11,7,1,5,1,
123,9,927,334,29,13,1,5,1,
123,13,741,275,15,10,1,5,1,
123,14,836,223,18,15,1,5,1,
123,17,773,246,11,8,1,5,1,
123,18,873,251,14,11,1,5,1,
123,20,899,225,24,7,1,5,1,
123,25,833,213,15,8,1,5,1,
123,26,788,216,18,11,1,5,1,
123,28,865,328,18,11,1,5,1,
123,31,891,252,15,8,1,5,1,
123,32,565,139,38,12,1,5,1,
124,1,859,177,20,18,1,5,1,
124,2,693,368,23,8,1,5,1,
124,4,839,267,19,13,1,5,1,
124,5,861,297,16,12,1,5,1,
124,9,925,334,29,12,1,5,1,
124,13,740,275,16,10,1,5,1,
124,14,836,223,18,15,1,5,1,
124,18,872,251,15,12,1,5,1,
124,20,896,225,24,8,1,5,1,
124,25,831,213,16,9,1,5,1,
124,26,786,217,20,10,1,5,1,
124,31,889,253,15,7,1,5,1,
124,32,566,138,42,12,1,5,1,
125,1,859,178,19,17,1,5,1,
125,2,690,367,24,8,1,5,1,
125,4,838,267,19,12,1,5,1,
125,5,861,297,16,12,1,5,1,
125,9,923,333,29,13,1,5,1,
125,13,739,275,16,10,1,5,1,
125,14,836,223,18,15,1,5,1,
125,18,871,251,15,12,1,5,1,
125,20,893,226,25,7,1,5,1,
125,24,520,401,8,9,1,5,1,
125,25,830,214,15,8,1,5,1,
125,26,784,217,21,11,1,5,1,
125,31,887,253,16,7,1,5,1,
125,32,567,137,46,12,1,5,1,
126,1,859,179,18,17,1,5,1,
126,2,687,366,24,8,1,5,1,
126,4,836,267,21,12,1,5,1,
126,5,860,297,16,11,1,5,1,
126,9,921,333,29,12,1,5,1,
126,13,738,275,16,10,1,5,1,
126,14,836,224,18,15,1,5,1,
126,15,952,208,7,10,1,5,1,
126,18,871,251,15,12,1,5,1,
126,20,890,226,25,7,1,5,1,
126,24,520,402,10,10,1,5,1,
126,25,828,214,16,9,1,5,1,
126,26,782,217,22,11,1,5,1,
126,31,885,253,16,8,1,5,1,
126,32,569,136,49,12,1,5,1,
127,1,858,180,19,17,1,5,1,
127,2,684,366,24,7,1,5,1,
127,4,835,267,21,12,1,5,1,
127,5,860,297,16,11,1,5,1,
127,9,919,332,29,12,1,5,1,
127,14,836,224,18,15,1,5,1,
127,15,949,208,10,11,1,5,1,
127,18,869,251,17,12,1,5,1,
127,20,887,227,25,7,1,5,1,
127,24,520,403,13,10,1,5,1,
127,25,827,215,16,8,1,5,1,
127,26,781,218,21,10,1,5,1,
127,31,883,253,16,8,1,5,1,
127,32,573,135,49,12,1,5,1,
128,1,858,181,18,16,1,5,1,
128,4,834,267,20,12,1,5,1,
128,5,859,296,16,12,1,5,1,
128,9,916,332,30,12,1,5,1,
128,14,836,225,18,14,1,5,1,
128,15,946,207,13,12,1,5,1,
128,18,868,251,18,12,1,5,1,
128,20,884,227,25,7,1,5,1,
128,24,519,404,17,10,1,5,1,
128,25,825,215,16,8,1,5,1,
128,31,882,253,15,8,1,5,1,
128,32,576,135,51,12,1,5,1,
129,1,857,181,19,17,1,5,1,
129,4,832,267,21,12,1,5,1,
129,5,859,296,15,11,1,5,1,
129,9,914,331,30,12,1,5,1,
129,14,835,225,19,15,1,5,1,
129,15,943,206,16,14,1,5,1,
129,18,866,251,20,12,1,5,1,
129,20,881,227,25,7,1,5,1,
129,24,519,405,20,10,1,5,1,
129,31,880,253,16,8,1,5,1,
129,32,579,134,53,12,1,5,1,
130,1,857,182,18,17,1,5,1,
130,4,831,267,21,12,1,5,1,
130,5,858,296,16,11,1,5,1,
130,9,912,331,30,12,1,5,1,
130,14,835,225,18,15,1,5,1,
130,15,940,207,19,13,1,5,1,
130,18,864,251,21,12,1,5,1,
130,20,878,228,25,7,1,5,1,
130,24,520,406,23,10,1,5,1,
130,31,878,254,16,7,1,5,1,
130,32,583,133,54,12,1,5,1,
131,1,856,183,18,16,1,5,1,
131,4,829,267,22,12,1,5,1,
131,5,858,296,15,11,1,5,1,
131,9,910,331,30,11,1,5,1,
131,14,835,226,18,14,1,5,1,
131,15,938,207,22,14,1,5,1,
131,18,863,252,20,11,1,5,1,
131,20,876,228,24,7,1,5,1,
131,21,501,243,15,14,1,5,1,
131,24,521,407,26,10,1,5,1,
131,31,876,254,16,7,1,5,1,
131,32,586,132,56,12,1,5,1,
132,1,855,184,18,16,1,5,1,
132,4,828,267,21,12,1,5,1,
132,5,857,296,16,11,1,5,1,
132,9,908,330,30,12,1,5,1,
132,14,835,226,18,14,1,5,1,
132,15,935,207,24,14,1,5,1,
132,18,861,252,21,11,1,5,1,
132,20,873,228,24,7,1,5,1,
132,21,501,244,12,14,1,5,1,
132,24,523,408,27,10,1,5,1,
132,31,874,254,16,7,1,5,1,
132,32,591,131,56,13,1,5,1,
133,1,855,184,17,16,1,5,1,
133,5,856,295,16,11,1,5,1,
133,9,905,330,31,11,1,5,1,
133,14,834,227,18,14,1,5,1,
133,15,932,208,28,13,1,5,1,
133,18,859,252,21,11,1,5,1,
133,20,870,229,24,7,1,5,1,
133,21,501,244,11,14,1,5,1,
133,24,525,409,29,9,1,5,1,
133,31,872,254,16,7,1,5,1,
133,32,595,131,57,12,1,5,1,
134,1,854,185,17,16,1,5,1,
134,5,855,295,17,11,1,5,1,
134,9,903,329,30,12,1,5,1,
134,14,834,227,18,14,1,5,1,
134,15,930,208,29,14,1,5,1,
134,18,858,252,21,11,1,5,1,
134,20,867,229,24,7,1,5,1,
134,21,502,244,11,15,1,5,1,
134,24,527,410,31,9,1,5,1,
134,31,870,254,17,7,1,5,1,
134,32,599,130,58,13,1,5,1,
135,1,853,186,18,15,1,5,1,
135,5,854,295,17,11,1,5,1,
135,9,901,329,30,11,1,5,1,
135,14,833,227,19,14,1,5,1,
135,15,927,209,32,13,1,5,1,
135,20,864,230,25,6,1,5,1,
135,21,502,245,12,14,1,5,1,
135,24,530,411,32,9,1,5,1,
135,32,603,129,60,13,1,5,1,
136,1,852,186,18,16,1,5,1,
136,5,854,295,17,10,1,5,1,
136,9,899,328,31,12,1,5,1,
136,14,833,228,19,13,1,5,1,
136,15,924,209,35,14,1,5,1,
136,20,862,230,24,6,1,5,1,
136,21,502,245,14,14,1,5,1,
136,24,532,412,34,9,1,5,1,
136,32,607,129,61,12,1,5,1,
137,1,851,187,19,16,1,5,1,
137,5,853,295,17,10,1,5,1,
137,9,896,328,32,11,1,5,1,
137,14,832,228,19,14,1,5,1,
137,15,921,209,38,14,1,5,1,
137,20,859,230,25,7,1,5,1,
137,21,501,246,18,13,1,5,1,
137,24,535,413,35,9,1,5,1,
137,32,611,128,62,13,1,5,1,
138,1,850,188,19,15,1,5,1,
138,5,852,295,17,10,1,5,1,
138,9,894,327,31,12,1,5,1,
138,14,832,228,19,14,1,5,1,
138,15,917,209,42,14,1,5,1,
138,20,856,231,25,6,1,5,1,
138,21,500,247,23,12,1,5,1,
138,24,538,413,36,10,1,5,1,
138,32,616,128,62,12,1,5,1,
139,1,849,189,19,15,1,5,1,
139,5,851,294,17,11,1,5,1,
139,14,831,229,19,13,1,5,1,
139,20,853,231,25,6,1,5,1,
139,21,499,247,27,12,1,5,1,
139,24,541,414,37,9,1,5,1,
139,32,620,127,64,13,1,5,1,
140,1,848,189,19,15,1,5,1,
140,5,850,294,17,10,1,5,1,
140,14,830,229,20,13,1,5,1,
140,20,851,231,24,7,1,5,1,
140,21,499,248,31,11,1,5,1,
140,24,544,415,38,9,1,5,1,
140,32,625,126,64,13,1,5,1,
141,1,847,190,20,15,1,5,1,
141,5,849,294,18,10,1,5,1,
141,14,830,230,19,13,1,5,1,
141,20,848,231,25,7,1,5,1,
141,21,499,248,35,11,1,5,1,
141,24,547,416,39,9,1,5,1,
141,32,629,126,66,13,1,5,1,
142,1,846,191,20,14,1,5,1,
142,5,848,294,18,10,1,5,1,
142,14,829,230,20,13,1,5,1,
142,21,499,248,39,11,1,5,1,
142,24,551,416,40,9,1,5,1,
142,32,634,125,66,13,1,5,1,
143,1,845,191,20,15,1,5,1,
143,5,847,294,18,10,1,5,1,
143,14,828,230,20,13,1,5,1,
143,21,499,247,43,12,1,5,1,
143,24,554,417,41,9,1,5,1,
143,29,506,133,15,11,1,5,1,
143,32,638,125,67,13,1,5,1,
144,1,844,192,20,14,1,5,1,
144,5,845,293,19,10,1,5,1,
144,14,827,231,21,12,1,5,1,
144,21,501,247,45,12,1,5,1,
144,24,558,417,42,10,1,5,1,
144,29,506,132,17,11,1,5,1,
144,32,643,124,68,14,1,5,1,
145,1,843,192,20,15,1,5,1,
145,5,844,293,19,10,1,5,1,
145,14,826,231,22,13,1,5,1,
145,21,503,247,47,12,1,5,1,
145,24,561,418,43,9,1,5,1,
145,29,506,131,20,11,1,5,1,
145,32,647,124,69,13,1,5,1,
146,1,842,193,20,14,1,5,1,
146,5,843,293,19,10,1,5,1,
146,14,825,231,22,13,1,5,1,
146,21,505,247,48,11,1,5,1,
146,24,566,418,43,10,1,5,1,
146,29,507,130,21,11,1,5,1,
146,32,653,124,69,13,1,5,1,
147,1,840,194,21,14,1,5,1,
147,5,841,293,20,10,1,5,1,
147,14,824,232,23,12,1,5,1,
147,21,508,247,49,11,1,5,1,
147,24,570,419,43,9,1,5,1,
147,29,508,129,23,12,1,5,1,
147,32,658,123,69,14,1,5,1,
148,1,839,194,21,14,1,5,1,
148,5,840,293,20,9,1,5,1,
148,14,822,232,24,12,1,5,1,
148,21,511,247,51,11,1,5,1,
148,24,574,419,44,9,1,5,1,
148,29,509,128,25,12,1,5,1,
148,32,663,123,69,13,1,5,1,
149,1,838,195,21,14,1,5,1,
149,5,839,293,20,9,1,5,1,
149,14,821,232,24,12,1,5,1,
149,21,514,247,52,11,1,5,1,
149,24,578,419,44,10,1,5,1,
149,29,510,127,27,11,1,5,1,
149,32,669,123,69,13,1,5,1,
150,1,836,196,22,13,1,5,1,
150,5,837,292,20,10,1,5,1,
150,14,820,233,24,12,1,5,1,
150,21,517,247,53,11,1,5,1,
150,24,583,420,44,9,1,5,1,
150,29,511,126,29,11,1,5,1,
150,32,674,122,69,14,1,5,1,
