1,1,15,375,60,17,1,5,1,
1,2,253,400,51,46,1,5,1,
1,3,743,379,82,18,1,5,1,
1,4,128,282,68,14,1,5,1,
1,5,462,244,49,23,1,5,1,
1,6,106,427,48,75,1,5,1,
1,7,427,410,61,20,1,5,1,
1,8,324,421,66,41,1,5,1,
1,9,394,363,67,14,1,5,1,
1,10,928,210,31,14,1,5,1,
1,11,310,176,44,13,1,5,1,
1,12,232,182,101,27,1,5,1,
1,13,655,315,73,23,1,5,1,
1,14,581,6,59,14,1,5,1,
1,15,883,316,76,22,1,5,1,
1,16,502,36,84,22,1,5,1,
1,17,189,22,30,53,1,5,1,
1,18,226,-26,91,69,1,5,1,
1,19,441,207,39,28,1,5,1,
1,20,800,478,105,28,1,5,1,
1,21,331,34,96,61,1,5,1,
1,22,854,2,16,24,1,5,1,
2,1,3,375,66,17,1,5,1,
2,2,251,404,47,48,1,5,1,
2,3,738,378,79,17,1,5,1,
2,4,120,282,70,14,1,5,1,
2,5,464,245,56,23,1,5,1,
2,6,106,435,49,72,1,5,1,
2,7,421,413,63,17,1,5,1,
2,8,324,420,73,37,1,5,1,
2,9,387,362,62,15,1,5,1,
2,10,920,210,39,14,1,5,1,
2,11,304,177,46,12,1,5,1,
2,12,223,181,107,27,1,5,1,
2,13,656,313,56,23,1,5,1,
2,14,590,6,57,14,1,5,1,
2,15,873,315,86,24,1,5,1,
2,16,509,36,83,22,1,5,1,
2,17,189,28,36,53,1,5,1,
2,18,217,-38,87,74,1,5,1,
2,19,440,205,53,28,1,5,1,
2,20,815,482,98,25,1,5,1,
2,21,332,34,73,67,1,5,1,
2,22,855,4,15,24,1,5,1,
3,1,-2,375,64,17,1,5,1,
3,2,251,407,36,51,1,5,1,
3,3,734,377,74,17,1,5,1,
3,4,111,281,73,15,1,5,1,
3,5,468,246,61,23,1,5,1,
3,6,109,442,50,68,1,5,1,
3,7,416,413,64,16,1,5,1,
3,8,327,418,78,34,1,5,1,
3,9,382,360,57,16,1,5,1,
3,10,911,210,48,15,1,5,1,
3,11,297,176,48,13,1,5,1,
3,12,215,179,110,28,1,5,1,
3,13,657,313,43,22,1,5,1,
3,14,598,5,56,15,1,5,1,
3,15,864,313,95,24,1,5,1,
3,16,516,36,81,23,1,5,1,
3,17,190,34,43,53,1,5,1,
3,18,208,-50,87,78,1,5,1,
3,19,440,203,68,29,1,5,1,
3,20,830,486,90,22,1,5,1,
3,21,332,36,56,70,1,5,1,
3,22,854,6,15,24,1,5,1,
4,1,-16,375,72,18,1,5,1,
4,2,252,410,28,52,1,5,1,
4,3,731,375,70,18,1,5,1,
4,4,102,281,75,15,1,5,1,
4,5,472,247,66,23,1,5,1,
4,6,105,448,59,65,1,5,1,
4,7,411,412,65,16,1,5,1,
4,8,331,416,82,32,1,5,1,
4,9,377,358,52,16,1,5,1,
4,10,903,210,56,15,1,5,1,
4,11,290,176,51,12,1,5,1,
4,12,207,178,112,28,1,5,1,
4,13,656,312,35,22,1,5,1,
4,14,606,5,54,15,1,5,1,
4,15,857,313,102,22,1,5,1,
4,16,522,37,79,22,1,5,1,
4,17,192,40,49,52,1,5,1,
4,19,442,201,82,30,1,5,1,
4,20,843,487,82,21,1,5,1,
4,21,330,38,44,75,1,5,1,
4,22,853,8,14,24,1,5,1,
5,1,-31,376,78,15,1,5,1,
5,2,251,414,30,52,1,5,1,
5,3,729,374,64,18,1,5,1,
5,4,94,281,77,14,1,5,1,
5,5,478,248,69,23,1,5,1,
5,6,102,453,73,63,1,5,1,
5,7,406,411,65,17,1,5,1,
5,8,335,416,87,29,1,5,1,
5,9,373,356,48,17,1,5,1,
5,10,895,211,64,14,1,5,1,
5,11,284,176,52,12,1,5,1,
5,12,200,176,113,28,1,5,1,
5,13,656,311,27,22,1,5,1,
5,14,614,6,52,15,1,5,1,
5,15,852,312,92,22,1,5,1,
5,16,529,37,76,23,1,5,1,
5,17,196,46,53,52,1,5,1,
5,19,446,200,96,29,1,5,1,
5,20,856,487,73,21,1,5,1,
5,21,329,41,34,78,1,5,1,
5,22,851,10,16,25,1,5,1,
6,1,-46,376,84,13,1,5,1,
6,2,252,418,30,53,1,5,1,
6,3,727,373,59,18,1,5,1,
6,4,85,281,79,14,1,5,1,
6,5,487,249,63,22,1,5,1,
6,6,102,458,84,62,1,5,1,
6,7,402,409,63,18,1,5,1,
6,8,341,415,89,27,1,5,1,
6,9,371,354,41,17,1,5,1,
6,10,887,211,72,15,1,5,1,
6,11,277,175,54,13,1,5,1,
6,12,194,175,112,29,1,5,1,
6,13,657,311,24,21,1,5,1,
6,14,622,6,49,16,1,5,1,
6,15,848,311,79,21,1,5,1,
6,16,537,36,71,26,1,5,1,
6,17,201,53,57,49,1,5,1,
6,19,452,198,109,30,1,5,1,
6,20,869,486,62,21,1,5,1,
6,21,331,46,33,78,1,5,1,
6,22,849,12,18,26,1,5,1,
7,1,-62,377,90,14,1,5,1,
7,2,254,422,31,52,1,5,1,
7,3,726,371,53,19,1,5,1,
7,4,77,280,79,15,1,5,1,
7,5,494,249,66,21,1,5,1,
7,6,104,462,94,61,1,5,1,
7,7,398,406,62,21,1,5,1,
7,8,347,414,91,26,1,5,1,
7,9,369,351,36,19,1,5,1,
7,10,879,211,80,15,1,5,1,
7,11,270,175,55,12,1,5,1,
7,12,186,172,113,33,1,5,1,
7,13,659,310,23,21,1,5,1,
7,14,629,6,46,17,1,5,1,
7,15,847,310,64,21,1,5,1,
7,16,543,35,67,28,1,5,1,
7,17,206,59,61,47,1,5,1,
7,19,460,196,120,30,1,5,1,
7,20,881,485,51,20,1,5,1,
7,21,334,51,31,77,1,5,1,
7,22,846,13,21,27,1,5,1,
8,2,251,427,37,51,1,5,1,
8,3,726,370,46,19,1,5,1,
8,4,69,280,79,15,1,5,1,
8,5,500,249,71,21,1,5,1,
8,6,107,467,105,60,1,5,1,
8,7,396,404,58,23,1,5,1,
8,8,353,413,93,25,1,5,1,
8,9,368,348,30,21,1,5,1,
8,10,872,211,82,16,1,5,1,
8,11,263,174,56,13,1,5,1,
8,12,178,167,113,39,1,5,1,
8,13,660,310,23,21,1,5,1,
8,14,636,6,42,19,1,5,1,
8,15,846,309,51,21,1,5,1,
8,16,551,34,60,31,1,5,1,
8,17,212,66,64,43,1,5,1,
8,19,470,194,128,31,1,5,1,
8,20,892,483,39,21,1,5,1,
8,21,338,58,30,74,1,5,1,
8,22,841,16,26,27,1,5,1,
9,2,248,431,51,50,1,5,1,
9,3,726,370,39,17,1,5,1,
9,4,61,280,80,15,1,5,1,
9,5,507,249,75,20,1,5,1,
9,6,111,471,115,58,1,5,1,
9,7,394,402,54,24,1,5,1,
9,8,359,412,94,25,1,5,1,
9,9,369,345,23,22,1,5,1,
9,10,866,211,81,17,1,5,1,
9,11,256,173,57,13,1,5,1,
9,12,170,161,113,46,1,5,1,
9,13,661,310,23,20,1,5,1,
9,14,642,7,40,20,1,5,1,
9,15,845,309,41,20,1,5,1,
9,16,558,34,54,33,1,5,1,
9,17,219,72,66,40,1,5,1,
9,19,482,193,134,31,1,5,1,
9,20,902,481,29,22,1,5,1,
9,21,334,65,41,70,1,5,1,
9,22,838,18,26,28,1,5,1,
10,2,245,436,67,47,1,5,1,
10,3,727,369,32,17,1,5,1,
10,4,54,280,78,15,1,5,1,
10,5,515,249,76,20,1,5,1,
10,6,116,475,125,57,1,5,1,
10,7,392,399,50,27,1,5,1,
10,8,365,411,96,25,1,5,1,
10,9,368,342,19,22,1,5,1,
10,10,860,212,79,17,1,5,1,
10,11,249,173,58,12,1,5,1,
10,12,163,154,112,52,1,5,1,
10,13,662,309,23,20,1,5,1,
10,14,648,8,38,21,1,5,1,
10,15,844,308,31,20,1,5,1,
10,16,565,34,47,36,1,5,1,
10,17,226,78,69,37,1,5,1,
10,19,496,193,138,31,1,5,1,
10,20,905,478,27,24,1,5,1,
10,21,331,72,52,66,1,5,1,
10,22,835,21,26,27,1,5,1,
11,2,245,441,80,43,1,5,1,
11,3,727,368,27,16,1,5,1,
11,4,48,279,75,17,1,5,1,
11,5,526,249,72,20,1,5,1,
11,6,122,480,135,56,1,5,1,
11,7,391,397,45,27,1,5,1,
11,8,373,410,93,25,1,5,1,
11,9,367,340,15,21,1,5,1,
11,10,854,212,76,17,1,5,1,
11,11,243,172,57,13,1,5,1,
11,12,156,146,109,59,1,5,1,
11,13,662,309,23,19,1,5,1,
11,14,654,9,35,22,1,5,1,
11,15,844,307,27,20,1,5,1,
11,16,570,36,44,36,1,5,1,
11,17,235,84,69,32,1,5,1,
11,19,514,193,136,32,1,5,1,
11,20,905,475,27,26,1,5,1,
11,21,331,79,61,61,1,5,1,
11,22,832,24,26,26,1,5,1,
12,2,246,446,93,39,1,5,1,
12,3,725,367,27,16,1,5,1,
12,4,42,279,73,17,1,5,1,
12,5,535,249,69,20,1,5,1,
12,6,128,484,146,55,1,5,1,
12,7,392,394,38,29,1,5,1,
12,8,382,410,88,24,1,5,1,
12,9,368,338,13,19,1,5,1,
12,10,850,213,72,17,1,5,1,
12,11,236,171,58,13,1,5,1,
12,12,150,139,106,63,1,5,1,
12,13,663,308,23,20,1,5,1,
12,14,659,11,34,22,1,5,1,
12,15,844,307,26,19,1,5,1,
12,16,574,38,43,36,1,5,1,
12,17,244,89,69,28,1,5,1,
12,19,530,193,134,32,1,5,1,
12,20,904,472,26,28,1,5,1,
12,21,331,85,70,57,1,5,1,
12,22,829,26,26,26,1,5,1,
13,2,250,451,104,35,1,5,1,
13,3,724,366,27,16,1,5,1,
13,4,38,280,68,17,1,5,1,
13,5,545,249,65,20,1,5,1,
13,6,137,488,154,53,1,5,1,
13,7,393,391,31,30,1,5,1,
13,8,391,409,84,24,1,5,1,
13,9,369,336,13,18,1,5,1,
13,10,846,214,68,16,1,5,1,
13,11,230,170,58,13,1,5,1,
13,12,143,133,104,65,1,5,1,
13,13,664,308,22,19,1,5,1,
13,14,664,13,33,22,1,5,1,
13,15,843,306,26,19,1,5,1,
13,16,577,40,42,36,1,5,1,
13,17,253,93,69,26,1,5,1,
13,19,548,193,131,32,1,5,1,
13,20,901,469,32,30,1,5,1,
13,21,334,91,77,53,1,5,1,
13,22,826,29,27,25,1,5,1,
14,2,255,455,114,31,1,5,1,
14,3,722,365,27,16,1,5,1,
14,4,34,280,64,17,1,5,1,
14,5,554,250,62,19,1,5,1,
14,6,146,491,163,52,1,5,1,
14,7,394,389,25,30,1,5,1,
14,8,401,409,78,24,1,5,1,
14,9,371,334,13,17,1,5,1,
14,10,844,214,61,17,1,5,1,
14,11,225,169,56,13,1,5,1,
14,12,136,127,101,66,1,5,1,
14,13,664,307,22,19,1,5,1,
14,14,668,15,32,21,1,5,1,
14,15,842,306,26,18,1,5,1,
14,16,581,41,39,37,1,5,1,
14,17,262,97,69,23,1,5,1,
14,19,565,193,129,33,1,5,1,
14,20,899,466,35,30,1,5,1,
14,21,337,97,83,48,1,5,1,
14,22,824,31,26,25,1,5,1,
15,2,264,455,119,31,1,5,1,
15,3,720,364,27,16,1,5,1,
15,4,28,280,62,18,1,5,1,
15,5,563,250,59,19,1,5,1,
15,6,158,495,169,48,1,5,1,
15,7,394,386,20,30,1,5,1,
15,8,411,409,72,23,1,5,1,
15,9,372,333,16,15,1,5,1,
15,10,842,215,54,16,1,5,1,
15,11,219,167,55,14,1,5,1,
15,12,131,121,95,66,1,5,1,
15,13,664,307,22,19,1,5,1,
15,14,674,17,30,21,1,5,1,
15,15,842,305,25,18,1,5,1,
15,16,585,44,36,36,1,5,1,
15,17,273,101,66,20,1,5,1,
15,19,584,194,125,32,1,5,1,
15,20,896,463,36,29,1,5,1,
15,21,343,103,87,42,1,5,1,
15,22,821,34,25,24,1,5,1,
16,2,273,454,123,31,1,5,1,
16,3,718,363,28,16,1,5,1,
16,4,21,280,63,18,1,5,1,
16,5,571,250,57,19,1,5,1,
16,6,170,496,175,47,1,5,1,
16,7,395,384,16,30,1,5,1,
16,8,421,408,66,23,1,5,1,
16,9,371,332,22,13,1,5,1,
16,10,841,216,47,16,1,5,1,
16,11,214,166,53,14,1,5,1,
16,12,127,116,89,65,1,5,1,
16,13,665,306,21,19,1,5,1,
16,14,678,18,29,22,1,5,1,
16,15,841,304,24,18,1,5,1,
16,16,588,46,35,36,1,5,1,
16,17,282,104,65,17,1,5,1,
16,19,601,194,123,32,1,5,1,
16,20,893,460,37,29,1,5,1,
16,21,349,107,91,40,1,5,1,
16,22,818,36,26,24,1,5,1,
17,2,284,453,125,31,1,5,1,
17,3,716,363,28,15,1,5,1,
17,4,14,280,65,19,1,5,1,
17,5,578,250,56,19,1,5,1,
17,6,183,497,181,46,1,5,1,
17,7,396,382,13,29,1,5,1,
17,8,429,408,62,23,1,5,1,
17,9,372,331,27,13,1,5,1,
17,10,840,217,40,15,1,5,1,
17,11,210,164,50,14,1,5,1,
17,12,124,111,82,64,1,5,1,
17,13,665,306,21,19,1,5,1,
17,14,682,20,28,22,1,5,1,
17,15,840,304,24,18,1,5,1,
17,16,591,48,34,36,1,5,1,
17,17,291,106,64,15,1,5,1,
17,19,617,194,121,32,1,5,1,
17,20,891,457,36,29,1,5,1,
17,21,355,111,95,36,1,5,1,
17,22,815,38,26,24,1,5,1,
18,2,296,452,125,29,1,5,1,
18,3,714,362,28,15,1,5,1,
18,4,6,280,67,19,1,5,1,
18,5,586,251,54,18,1,5,1,
18,6,197,498,185,45,1,5,1,
18,7,397,381,14,27,1,5,1,
18,8,436,408,59,23,1,5,1,
18,9,374,330,31,12,1,5,1,
18,10,837,218,39,14,1,5,1,
18,11,206,162,47,15,1,5,1,
18,12,122,107,74,61,1,5,1,
18,13,665,306,21,18,1,5,1,
18,14,686,22,27,22,1,5,1,
18,15,839,303,23,18,1,5,1,
18,16,594,51,32,34,1,5,1,
18,17,298,105,64,16,1,5,1,
18,19,635,195,111,32,1,5,1,
18,20,888,455,36,28,1,5,1,
18,21,363,115,96,34,1,5,1,
18,22,812,40,26,24,1,5,1,
19,2,310,450,123,30,1,5,1,
19,3,712,361,29,15,1,5,1,
19,4,0,280,67,20,1,5,1,
19,5,594,251,49,18,1,5,1,
19,6,213,498,187,45,1,5,1,
19,7,400,380,13,25,1,5,1,
19,8,442,407,58,24,1,5,1,
19,9,377,329,34,12,1,5,1,
19,10,834,218,38,15,1,5,1,
19,11,202,161,44,15,1,5,1,
19,12,122,103,63,59,1,5,1,
19,13,665,305,21,18,1,5,1,
19,14,690,24,26,22,1,5,1,
19,15,838,303,23,17,1,5,1,
19,16,597,53,31,34,1,5,1,
19,17,305,105,65,17,1,5,1,
19,19,655,196,97,31,1,5,1,
19,20,886,452,35,27,1,5,1,
19,21,371,119,98,31,1,5,1,
19,22,809,43,26,23,1,5,1,
20,2,323,449,121,29,1,5,1,
20,3,710,360,29,15,1,5,1,
20,4,0,281,61,19,1,5,1,
20,5,603,251,41,18,1,5,1,
20,6,229,499,188,44,1,5,1,
20,7,399,379,17,23,1,5,1,
20,8,446,406,60,24,1,5,1,
20,9,380,329,38,11,1,5,1,
20,10,831,219,38,14,1,5,1,
20,11,200,159,39,15,1,5,1,
20,12,123,100,52,55,1,5,1,
20,13,665,305,21,18,1,5,1,
20,14,694,26,25,22,1,5,1,
20,15,836,302,23,17,1,5,1,
20,16,599,55,30,34,1,5,1,
20,17,312,104,65,18,1,5,1,
20,19,673,197,83,31,1,5,1,
20,20,883,450,36,26,1,5,1,
20,21,379,122,99,28,1,5,1,
20,22,806,45,26,23,1,5,1,
21,2,336,448,120,29,1,5,1,
21,3,708,359,29,15,1,5,1,
21,4,-8,281,63,19,1,5,1,
21,5,612,251,32,18,1,5,1,
21,6,246,499,189,44,1,5,1,
21,7,398,379,22,20,1,5,1,
21,8,450,405,61,23,1,5,1,
21,9,384,328,41,11,1,5,1,
21,10,828,219,38,15,1,5,1,
21,11,198,157,34,16,1,5,1,
21,12,126,97,40,52,1,5,1,
21,13,665,304,20,18,1,5,1,
21,14,697,28,25,22,1,5,1,
21,15,835,302,23,16,1,5,1,
21,16,602,57,28,33,1,5,1,
21,17,320,104,64,19,1,5,1,
21,19,691,198,66,31,1,5,1,
21,20,880,447,36,26,1,5,1,
21,21,388,123,97,28,1,5,1,
21,22,803,47,26,22,1,5,1,
22,2,349,447,118,28,1,5,1,
22,3,706,358,29,15,1,5,1,
22,4,-16,281,64,20,1,5,1,
22,5,619,252,25,17,1,5,1,
22,6,262,500,191,43,1,5,1,
22,7,398,378,26,19,1,5,1,
22,8,453,404,64,22,1,5,1,
22,9,390,328,40,11,1,5,1,
22,10,825,220,38,14,1,5,1,
22,11,198,156,28,16,1,5,1,
22,12,124,94,42,49,1,5,1,
22,13,665,304,20,18,1,5,1,
22,14,701,30,24,21,1,5,1,
22,15,834,302,23,16,1,5,1,
22,16,604,58,28,34,1,5,1,
22,17,328,104,62,20,1,5,1,
22,19,706,198,50,32,1,5,1,
22,20,877,445,36,26,1,5,1,
22,21,397,123,95,28,1,5,1,
22,22,800,49,26,22,1,5,1,
23,2,362,445,116,29,1,5,1,
23,3,704,358,29,14,1,5,1,
23,4,-24,281,66,20,1,5,1,
23,5,624,252,22,17,1,5,1,
23,6,280,500,190,43,1,5,1,
23,7,400,378,27,16,1,5,1,
23,8,458,403,63,21,1,5,1,
23,9,396,327,40,11,1,5,1,
23,10,822,221,38,13,1,5,1,
23,11,199,154,21,16,1,5,1,
23,12,124,91,43,46,1,5,1,
23,13,664,304,20,17,1,5,1,
23,14,704,32,23,21,1,5,1,
23,15,832,301,23,16,1,5,1,
23,16,607,60,26,34,1,5,1,
23,17,336,104,60,21,1,5,1,
23,19,718,200,41,31,1,5,1,
23,20,874,443,36,25,1,5,1,
23,21,406,123,92,29,1,5,1,
23,22,798,51,25,22,1,5,1,
24,2,376,444,112,28,1,5,1,
24,3,702,357,30,14,1,5,1,
24,4,-32,281,66,17,1,5,1,
24,5,628,252,21,18,1,5,1,
24,6,298,501,190,42,1,5,1,
24,7,403,377,26,16,1,5,1,
24,8,464,402,61,21,1,5,1,
24,9,402,327,39,11,1,5,1,
24,10,819,221,37,14,1,5,1,
24,11,198,153,18,16,1,5,1,
24,12,126,89,44,42,1,5,1,
24,13,664,303,20,17,1,5,1,
24,14,707,34,23,21,1,5,1,
24,15,831,301,23,15,1,5,1,
24,16,609,62,25,33,1,5,1,
24,17,345,104,57,22,1,5,1,
24,19,726,201,36,31,1,5,1,
24,20,871,440,36,25,1,5,1,
24,21,416,123,89,29,1,5,1,
24,22,795,53,25,22,1,5,1,
25,2,388,443,111,28,1,5,1,
25,3,700,356,30,14,1,5,1,
25,4,-40,282,67,13,1,5,1,
25,5,630,253,21,17,1,5,1,
25,6,315,501,191,42,1,5,1,
25,7,406,376,25,17,1,5,1,
25,8,470,401,60,21,1,5,1,
25,9,408,326,38,11,1,5,1,
25,10,816,221,37,14,1,5,1,
25,11,199,152,18,15,1,5,1,
25,12,128,87,45,39,1,5,1,
25,13,664,303,19,17,1,5,1,
25,14,711,36,21,21,1,5,1,
25,15,829,300,24,16,1,5,1,
25,16,611,64,24,33,1,5,1,
25,17,352,106,57,22,1,5,1,
25,19,731,203,35,30,1,5,1,
25,20,868,438,36,24,1,5,1,
25,21,424,124,88,30,1,5,1,
25,22,792,55,26,21,1,5,1,
26,2,400,441,109,28,1,5,1,
26,3,698,355,30,14,1,5,1,
26,5,633,253,19,17,1,5,1,
26,6,333,499,191,44,1,5,1,
26,7,410,375,23,17,1,5,1,
26,8,475,399,59,21,1,5,1,
26,9,414,326,37,10,1,5,1,
26,10,813,222,37,13,1,5,1,
26,11,199,150,19,16,1,5,1,
26,12,122,85,60,36,1,5,1,
26,13,663,303,19,16,1,5,1,
26,14,713,38,22,21,1,5,1,
26,15,827,300,24,15,1,5,1,
26,16,613,66,23,33,1,5,1,
26,17,359,109,57,21,1,5,1,
26,19,736,204,33,29,1,5,1,
26,20,865,436,36,24,1,5,1,
26,21,432,126,88,29,1,5,1,
26,22,789,57,26,21,1,5,1,
27,2,413,439,104,29,1,5,1,
27,3,696,355,30,13,1,5,1,
27,5,636,253,18,17,1,5,1,
27,6,350,499,191,44,1,5,1,
27,7,413,374,22,17,1,5,1,
27,8,480,398,58,21,1,5,1,
27,9,419,325,36,11,1,5,1,
27,10,810,222,37,14,1,5,1,
27,11,201,149,18,16,1,5,1,
27,12,118,85,77,35,1,5,1,
27,13,663,302,19,17,1,5,1,
27,14,716,40,21,20,1,5,1,
27,15,826,299,23,15,1,5,1,
27,16,615,68,22,32,1,5,1,
27,17,366,111,58,21,1,5,1,
27,19,741,206,31,28,1,5,1,
27,20,862,434,36,23,1,5,1,
27,21,439,128,88,28,1,5,1,
27,22,786,59,26,21,1,5,1,
28,2,427,437,98,29,1,5,1,
28,3,694,354,30,14,1,5,1,
28,5,637,253,19,17,1,5,1,
28,6,369,499,189,44,1,5,1,
28,7,416,374,21,16,1,5,1,
28,8,486,397,55,21,1,5,1,
28,9,425,325,35,10,1,5,1,
28,10,807,223,37,13,1,5,1,
28,11,202,148,20,16,1,5,1,
28,12,114,84,95,35,1,5,1,
28,13,662,302,19,16,1,5,1,
28,14,719,42,20,20,1,5,1,
28,15,824,299,24,15,1,5,1,
28,16,617,70,21,32,1,5,1,
28,17,373,114,58,19,1,5,1,
28,19,744,207,31,28,1,5,1,
28,20,859,432,36,23,1,5,1,
28,21,447,129,87,28,1,5,1,
28,22,783,61,26,20,1,5,1,
29,2,439,435,94,29,1,5,1,
29,3,691,353,31,14,1,5,1,
29,5,639,254,18,16,1,5,1,
29,6,387,498,188,45,1,5,1,
29,7,419,373,19,16,1,5,1,
29,8,491,396,54,20,1,5,1,
29,9,430,324,34,11,1,5,1,
29,10,804,223,37,13,1,5,1,
29,11,201,148,25,15,1,5,1,
29,12,113,84,110,35,1,5,1,
29,13,662,302,18,16,1,5,1,
29,14,722,44,19,20,1,5,1,
29,15,822,299,24,14,1,5,1,
29,16,619,72,20,31,1,5,1,
29,17,380,116,57,18,1,5,1,
29,19,747,209,30,27,1,5,1,
29,20,856,430,35,22,1,5,1,
29,21,455,130,85,27,1,5,1,
29,22,780,63,26,20,1,5,1,
30,2,450,433,92,29,1,5,1,
30,3,689,353,31,13,1,5,1,
30,5,641,254,17,16,1,5,1,
30,6,405,497,187,46,1,5,1,
30,7,422,372,18,16,1,5,1,
30,8,496,395,53,20,1,5,1,
30,9,436,324,32,10,1,5,1,
30,10,801,224,37,13,1,5,1,
30,11,201,147,32,15,1,5,1,
30,12,115,84,119,35,1,5,1,
30,13,661,301,19,16,1,5,1,
30,14,725,45,18,20,1,5,1,
30,15,820,298,24,15,1,5,1,
30,16,620,74,20,31,1,5,1,
30,17,387,117,56,18,1,5,1,
30,19,750,210,30,26,1,5,1,
30,20,853,428,35,22,1,5,1,
30,21,464,129,81,28,1,5,1,
30,22,777,65,26,19,1,5,1,
31,2,461,431,88,28,1,5,1,
31,3,687,352,31,13,1,5,1,
31,5,642,254,18,16,1,5,1,
31,6,423,496,185,47,1,5,1,
31,7,424,371,17,16,1,5,1,
31,8,501,394,51,20,1,5,1,
31,9,441,323,32,10,1,5,1,
31,10,798,224,37,13,1,5,1,
31,11,201,147,40,15,1,5,1,
31,12,121,83,124,36,1,5,1,
31,13,660,301,20,16,1,5,1,
31,14,727,47,18,20,1,5,1,
31,15,818,298,24,14,1,5,1,
31,16,622,75,19,31,1,5,1,
31,17,394,118,55,17,1,5,1,
31,19,752,212,30,25,1,5,1,
31,20,850,426,35,21,1,5,1,
31,21,474,129,75,28,1,5,1,
31,22,775,66,25,20,1,5,1,
32,2,472,429,85,28,1,5,1,
32,3,685,351,31,13,1,5,1,
32,5,645,254,17,15,1,5,1,
32,6,442,495,182,48,1,5,1,
32,7,427,370,15,16,1,5,1,
32,8,506,393,49,19,1,5,1,
32,9,446,323,31,10,1,5,1,
32,10,795,225,37,12,1,5,1,
32,11,202,146,47,15,1,5,1,
32,12,127,82,128,37,1,5,1,
32,13,659,301,20,15,1,5,1,
32,14,730,49,17,20,1,5,1,
32,15,817,298,23,13,1,5,1,
32,16,624,77,18,31,1,5,1,
32,17,402,118,52,18,1,5,1,
32,19,755,213,28,25,1,5,1,
32,20,847,424,35,21,1,5,1,
32,21,483,129,71,29,1,5,1,
32,22,772,68,25,19,1,5,1,
33,2,482,427,82,28,1,5,1,
33,3,683,351,31,13,1,5,1,
33,5,645,254,20,15,1,5,1,
33,6,461,493,179,48,1,5,1,
33,7,429,369,13,16,1,5,1,
33,8,511,392,48,19,1,5,1,
33,9,451,322,29,10,1,5,1,
33,10,792,225,37,12,1,5,1,
33,11,204,146,54,15,1,5,1,
33,12,134,82,132,37,1,5,1,
33,13,659,300,20,16,1,5,1,
33,14,732,51,17,20,1,5,1,
33,15,815,297,23,14,1,5,1,
33,16,625,79,17,30,1,5,1,
33,17,409,119,51,18,1,5,1,
33,19,757,214,28,25,1,5,1,
33,20,844,422,35,21,1,5,1,
33,21,490,130,70,29,1,5,1,
33,22,769,70,25,19,1,5,1,
34,2,492,425,79,28,1,5,1,
34,3,680,350,32,13,1,5,1,
34,5,647,255,23,14,1,5,1,
34,6,479,492,176,47,1,5,1,
34,7,431,369,12,15,1,5,1,
34,8,515,390,47,20,1,5,1,
34,9,455,322,29,10,1,5,1,
34,10,789,226,37,12,1,5,1,
34,11,207,146,59,15,1,5,1,
34,12,141,82,136,37,1,5,1,
34,13,658,300,20,15,1,5,1,
34,14,734,53,16,19,1,5,1,
34,15,813,297,23,13,1,5,1,
34,16,626,81,17,30,1,5,1,
34,17,415,120,50,19,1,5,1,
34,19,758,215,28,24,1,5,1,
34,20,841,420,35,21,1,5,1,
34,21,497,132,68,28,1,5,1,
34,22,766,72,26,18,1,5,1,
35,2,502,423,76,27,1,5,1,
35,3,678,349,32,13,1,5,1,
35,5,649,255,26,15,1,5,1,
35,6,497,490,172,47,1,5,1,
35,7,431,368,12,15,1,5,1,
35,8,520,389,45,20,1,5,1,
35,9,460,321,28,10,1,5,1,
35,10,786,226,36,12,1,5,1,
35,11,213,146,61,15,1,5,1,
35,12,150,82,137,36,1,5,1,
35,13,657,300,20,15,1,5,1,
35,14,737,55,15,19,1,5,1,
35,15,811,296,23,14,1,5,1,
35,16,628,83,15,29,1,5,1,
35,17,422,121,49,19,1,5,1,
35,19,760,216,27,24,1,5,1,
35,20,838,419,35,19,1,5,1,
35,21,504,133,66,28,1,5,1,
35,22,763,73,26,19,1,5,1,
36,2,511,421,74,27,1,5,1,
36,3,676,349,31,12,1,5,1,
36,5,652,255,27,15,1,5,1,
36,6,515,488,169,47,1,5,1,
36,7,431,367,12,15,1,5,1,
36,8,524,388,44,19,1,5,1,
36,9,464,321,27,10,1,5,1,
36,10,783,227,36,11,1,5,1,
36,11,219,146,63,15,1,5,1,
36,12,159,81,139,37,1,5,1,
36,13,656,300,21,14,1,5,1,
36,14,739,56,15,19,1,5,1,
36,15,809,296,23,13,1,5,1,
36,16,629,84,15,29,1,5,1,
36,17,428,122,48,19,1,5,1,
36,19,761,218,27,22,1,5,1,
36,20,835,417,35,19,1,5,1,
36,21,509,135,68,27,1,5,1,
36,22,760,75,26,18,1,5,1,
37,2,520,420,71,26,1,5,1,
37,3,674,348,31,13,1,5,1,
37,5,656,256,27,14,1,5,1,
37,6,533,487,165,46,1,5,1,
37,7,428,366,16,15,1,5,1,
37,8,528,387,43,19,1,5,1,
37,9,469,320,26,10,1,5,1,
37,10,781,227,35,12,1,5,1,
37,11,226,145,63,16,1,5,1,
37,12,168,81,140,37,1,5,1,
37,13,655,299,21,15,1,5,1,
37,14,741,58,14,19,1,5,1,
37,15,806,296,24,13,1,5,1,
37,16,629,86,15,29,1,5,1,
37,17,434,124,48,18,1,5,1,
37,19,763,219,26,22,1,5,1,
37,20,832,415,35,19,1,5,1,
37,21,516,136,66,27,1,5,1,
37,22,758,77,25,17,1,5,1,
38,2,528,418,69,26,1,5,1,
38,3,671,348,32,12,1,5,1,
38,5,660,256,26,14,1,5,1,
38,6,550,485,161,46,1,5,1,
38,7,425,365,21,14,1,5,1,
38,8,533,386,41,19,1,5,1,
38,9,473,320,25,9,1,5,1,
38,10,778,227,35,12,1,5,1,
38,11,233,145,64,16,1,5,1,
38,12,178,81,140,37,1,5,1,
38,13,654,299,21,15,1,5,1,
38,14,743,60,14,19,1,5,1,
38,15,804,295,24,13,1,5,1,
38,16,630,88,15,28,1,5,1,
38,17,440,125,47,18,1,5,1,
38,19,764,220,26,22,1,5,1,
38,20,829,414,34,18,1,5,1,
38,21,522,137,65,27,1,5,1,
38,22,755,78,25,18,1,5,1,
39,2,537,416,66,26,1,5,1,
39,3,669,347,32,12,1,5,1,
39,5,664,256,24,14,1,5,1,
39,6,567,483,158,45,1,5,1,
39,7,421,364,26,14,1,5,1,
39,8,537,385,39,19,1,5,1,
39,9,477,320,24,9,1,5,1,
39,10,775,228,35,11,1,5,1,
39,11,240,145,65,16,1,5,1,
39,12,188,81,141,37,1,5,1,
39,13,653,299,21,14,1,5,1,
39,14,745,62,13,18,1,5,1,
39,15,802,295,24,13,1,5,1,
39,16,630,89,15,29,1,5,1,
39,17,446,126,46,18,1,5,1,
39,19,764,221,26,21,1,5,1,
39,20,826,412,34,18,1,5,1,
39,21,529,138,63,26,1,5,1,
39,22,752,80,25,17,1,5,1,
40,2,545,414,64,25,1,5,1,
40,5,667,256,24,14,1,5,1,
40,6,584,481,154,45,1,5,1,
40,7,417,364,30,13,1,5,1,
40,8,541,384,38,19,1,5,1,
40,9,481,319,23,9,1,5,1,
40,10,772,228,35,11,1,5,1,
40,11,247,145,66,16,1,5,1,
40,12,197,81,142,37,1,5,1,
40,13,652,298,21,15,1,5,1,
40,14,746,63,13,19,1,5,1,
40,15,800,295,23,12,1,5,1,
40,16,630,91,15,28,1,5,1,
40,17,452,127,45,18,1,5,1,
40,18,670,0,44,18,1,5,1,
40,19,765,222,25,21,1,5,1,
40,20,823,410,34,18,1,5,1,
40,21,535,139,62,26,1,5,1,
41,2,552,412,62,25,1,5,1,
41,5,671,256,23,14,1,5,1,
41,6,599,479,151,45,1,5,1,
41,7,413,363,33,13,1,5,1,
41,8,544,383,37,18,1,5,1,
41,9,484,319,23,9,1,5,1,
41,10,769,228,35,12,1,5,1,
41,11,254,145,66,15,1,5,1,
41,12,207,81,142,37,1,5,1,
41,13,651,298,21,14,1,5,1,
41,14,748,65,13,18,1,5,1,
41,15,798,295,23,12,1,5,1,
41,16,631,92,14,28,1,5,1,
41,17,458,128,44,18,1,5,1,
41,18,678,0,42,23,1,5,1,
41,19,766,223,24,20,1,5,1,
41,20,820,409,34,18,1,5,1,
41,21,541,140,61,26,1,5,1,
42,2,560,411,60,24,1,5,1,
42,5,674,257,22,13,1,5,1,
42,6,616,477,147,44,1,5,1,
42,7,408,362,37,13,1,5,1,
42,8,548,382,36,18,1,5,1,
42,9,488,318,22,9,1,5,1,
42,10,766,229,35,11,1,5,1,
42,11,262,145,66,15,1,5,1,
42,12,217,81,143,37,1,5,1,
42,13,650,298,21,14,1,5,1,
42,14,750,67,11,18,1,5,1,
42,15,796,294,23,13,1,5,1,
42,16,630,94,14,28,1,5,1,
42,17,463,129,43,18,1,5,1,
42,18,684,0,41,29,1,5,1,
42,19,766,224,24,20,1,5,1,
42,20,817,407,34,18,1,5,1,
42,21,547,142,59,25,1,5,1,
43,2,567,409,58,24,1,5,1,
43,5,677,257,21,13,1,5,1,
43,6,631,475,144,44,1,5,1,
43,7,403,362,40,12,1,5,1,
43,8,551,381,35,18,1,5,1,
43,9,491,318,22,9,1,5,1,
43,10,763,229,36,11,1,5,1,
43,11,269,145,67,15,1,5,1,
43,12,226,81,144,37,1,5,1,
43,13,648,298,22,14,1,5,1,
43,14,749,68,11,19,1,5,1,
43,15,793,294,24,12,1,5,1,
43,16,629,95,14,28,1,5,1,
43,17,469,131,42,17,1,5,1,
43,18,691,0,39,34,1,5,1,
43,19,766,225,24,19,1,5,1,
43,20,814,406,34,17,1,5,1,
43,21,553,143,57,25,1,5,1,
44,2,574,407,56,24,1,5,1,
44,5,680,257,21,13,1,5,1,
44,6,648,473,139,43,1,5,1,
44,7,398,361,42,13,1,5,1,
44,8,555,380,34,18,1,5,1,
44,9,495,317,20,9,1,5,1,
44,10,760,230,35,10,1,5,1,
44,11,277,145,67,15,1,5,1,
44,12,237,81,143,37,1,5,1,
44,13,647,297,22,14,1,5,1,
44,14,748,70,11,19,1,5,1,
44,15,791,294,23,12,1,5,1,
44,16,627,96,18,29,1,5,1,
44,17,475,132,40,17,1,5,1,
44,18,695,0,40,38,1,5,1,
44,19,766,225,24,20,1,5,1,
44,20,811,404,34,17,1,5,1,
44,21,559,144,56,25,1,5,1,
45,2,581,405,54,24,1,5,1,
45,5,683,257,20,13,1,5,1,
45,6,662,471,136,43,1,5,1,
45,7,393,361,44,12,1,5,1,
45,8,558,379,33,18,1,5,1,
45,9,498,317,20,9,1,5,1,
45,10,757,230,36,11,1,5,1,
45,11,284,145,68,15,1,5,1,
45,12,247,81,144,38,1,5,1,
45,13,646,297,22,14,1,5,1,
45,14,747,71,11,20,1,5,1,
45,15,789,293,23,12,1,5,1,
45,16,626,98,19,28,1,5,1,
45,17,479,133,40,17,1,5,1,
45,18,696,0,43,43,1,5,1,
45,19,766,226,24,19,1,5,1,
45,20,807,403,35,16,1,5,1,
45,21,564,145,55,25,1,5,1,
46,2,587,404,52,23,1,5,1,
46,5,686,257,19,13,1,5,1,
46,6,676,470,133,42,1,5,1,
46,7,388,360,45,12,1,5,1,
46,8,562,378,31,18,1,5,1,
46,9,501,317,19,8,1,5,1,
46,10,755,230,35,11,1,5,1,
46,11,291,145,69,15,1,5,1,
46,12,257,81,144,38,1,5,1,
46,13,644,297,23,13,1,5,1,
46,14,745,73,14,21,1,5,1,
46,15,786,293,24,12,1,5,1,
46,16,624,100,20,27,1,5,1,
46,17,485,134,38,17,1,5,1,
46,18,698,0,45,48,1,5,1,
46,19,766,227,23,19,1,5,1,
46,20,804,401,35,17,1,5,1,
46,21,570,146,53,25,1,5,1,
47,2,594,402,50,23,1,5,1,
47,5,689,257,18,13,1,5,1,
47,6,695,466,117,43,1,5,1,
47,7,383,360,46,12,1,5,1,
47,8,565,377,30,18,1,5,1,
47,9,504,316,18,9,1,5,1,
47,11,299,145,69,15,1,5,1,
47,12,267,81,144,38,1,5,1,
47,13,643,297,23,13,1,5,1,
47,14,742,75,17,20,1,5,1,
47,15,784,293,23,11,1,5,1,
47,16,623,102,19,26,1,5,1,
47,17,489,135,38,17,1,5,1,
47,18,702,0,44,52,1,5,1,
47,19,766,228,22,18,1,5,1,
47,20,801,400,34,16,1,5,1,
47,21,575,147,52,25,1,5,1,
48,2,601,400,45,24,1,5,1,
48,5,691,257,18,13,1,5,1,
48,6,715,462,98,45,1,5,1,
48,7,377,360,48,11,1,5,1,
48,8,568,376,29,17,1,5,1,
48,9,507,316,18,8,1,5,1,
48,11,307,145,69,16,1,5,1,
48,12,277,82,144,37,1,5,1,
48,13,642,296,22,14,1,5,1,
48,14,740,77,17,20,1,5,1,
48,15,783,293,21,11,1,5,1,
48,16,621,103,20,27,1,5,1,
48,17,494,136,37,17,1,5,1,
48,18,704,0,45,57,1,5,1,
48,19,766,229,22,17,1,5,1,
48,20,798,399,34,16,1,5,1,
48,21,580,148,51,25,1,5,1,
49,2,609,398,37,24,1,5,1,
49,5,695,257,14,13,1,5,1,
49,6,735,458,76,48,1,5,1,
49,7,372,359,48,12,1,5,1,
49,8,571,375,28,17,1,5,1,
49,9,510,315,17,9,1,5,1,
49,11,314,145,70,16,1,5,1,
49,12,287,82,144,38,1,5,1,
49,13,640,296,23,13,1,5,1,
49,14,738,79,17,20,1,5,1,
49,15,783,293,17,11,1,5,1,
49,16,620,105,20,26,1,5,1,
49,17,499,138,36,16,1,5,1,
49,18,707,0,45,61,1,5,1,
49,19,765,229,22,18,1,5,1,
49,20,795,397,34,16,1,5,1,
49,21,585,149,49,24,1,5,1,
50,2,618,396,27,25,1,5,1,
50,5,696,258,14,12,1,5,1,
50,6,755,453,56,52,1,5,1,
50,7,368,359,47,11,1,5,1,
50,8,573,375,28,16,1,5,1,
50,9,513,315,16,8,1,5,1,
50,11,322,145,69,16,1,5,1,
50,12,297,82,145,38,1,5,1,
50,13,639,296,23,13,1,5,1,
50,14,735,81,18,20,1,5,1,
50,15,783,293,15,10,1,5,1,
50,16,618,106,21,26,1,5,1,
50,17,503,139,35,16,1,5,1,
50,18,713,6,42,59,1,5,1,
50,19,765,230,21,17,1,5,1,
50,20,792,396,34,15,1,5,1,
50,21,590,150,47,24,1,5,1,
51,1,0,491,33,28,1,5,1,
51,2,626,394,21,25,1,5,1,
51,5,698,258,14,12,1,5,1,
51,6,767,449,45,54,1,5,1,
51,7,363,359,47,11,1,5,1,
51,8,576,374,26,16,1,5,1,
51,9,515,315,16,8,1,5,1,
51,11,330,145,69,16,1,5,1,
51,12,307,82,145,38,1,5,1,
51,13,637,296,23,13,1,5,1,
51,14,733,83,18,19,1,5,1,
51,15,782,292,15,11,1,5,1,
51,16,616,108,22,25,1,5,1,
51,17,508,140,34,16,1,5,1,
51,18,718,11,40,58,1,5,1,
51,19,764,231,21,17,1,5,1,
51,20,789,395,34,15,1,5,1,
51,21,595,151,46,24,1,5,1,
52,1,0,489,48,33,1,5,1,
52,2,627,392,20,25,1,5,1,
52,5,699,258,14,12,1,5,1,
52,6,769,444,44,55,1,5,1,
52,7,358,359,47,11,1,5,1,
52,8,579,373,25,16,1,5,1,
52,9,518,314,15,8,1,5,1,
52,11,338,145,69,16,1,5,1,
52,12,318,83,144,38,1,5,1,
52,13,635,296,24,12,1,5,1,
52,14,731,85,17,19,1,5,1,
52,15,781,292,16,11,1,5,1,
52,16,614,109,22,25,1,5,1,
52,17,512,141,33,16,1,5,1,
52,18,723,17,38,56,1,5,1,
52,19,763,231,21,17,1,5,1,
52,20,786,394,34,14,1,5,1,
52,21,600,152,44,24,1,5,1,
53,1,0,491,63,37,1,5,1,
53,2,628,390,20,25,1,5,1,
53,5,700,258,14,12,1,5,1,
53,6,770,441,44,53,1,5,1,
53,7,354,358,45,12,1,5,1,
53,8,582,372,24,16,1,5,1,
53,9,521,314,14,8,1,5,1,
53,11,346,146,69,15,1,5,1,
53,12,329,83,143,38,1,5,1,
53,13,634,295,24,13,1,5,1,
53,14,729,87,17,19,1,5,1,
53,15,780,292,16,10,1,5,1,
53,16,613,111,22,24,1,5,1,
53,17,517,142,32,16,1,5,1,
53,18,728,22,35,54,1,5,1,
53,19,762,232,20,16,1,5,1,
53,20,783,392,34,15,1,5,1,
53,21,604,153,43,24,1,5,1,
54,1,0,493,78,37,1,5,1,
54,2,628,389,21,23,1,5,1,
54,5,701,258,13,12,1,5,1,
54,6,772,437,42,51,1,5,1,
54,7,351,358,43,12,1,5,1,
54,8,584,371,24,16,1,5,1,
54,9,523,313,13,8,1,5,1,
54,11,354,146,69,16,1,5,1,
54,12,339,83,142,38,1,5,1,
54,13,632,295,24,13,1,5,1,
54,14,726,89,18,18,1,5,1,
54,15,779,292,17,10,1,5,1,
54,16,611,112,22,24,1,5,1,
54,17,521,143,31,16,1,5,1,
54,18,732,27,33,53,1,5,1,
54,19,761,233,20,16,1,5,1,
54,20,780,391,34,14,1,5,1,
54,21,609,154,41,24,1,5,1,
55,1,0,495,94,38,1,5,1,
55,2,629,387,20,23,1,5,1,
55,5,702,258,13,12,1,5,1,
55,6,773,433,41,50,1,5,1,
55,7,347,359,41,11,1,5,1,
55,8,587,370,22,16,1,5,1,
55,9,525,313,13,8,1,5,1,
55,11,362,146,68,16,1,5,1,
55,12,350,84,141,38,1,5,1,
55,13,630,295,25,12,1,5,1,
55,14,724,91,18,18,1,5,1,
55,15,778,292,17,10,1,5,1,
55,16,609,114,23,23,1,5,1,
55,17,525,144,30,16,1,5,1,
55,18,736,32,31,52,1,5,1,
55,19,760,233,20,16,1,5,1,
55,20,777,390,34,14,1,5,1,
55,21,613,155,40,24,1,5,1,
56,1,0,497,110,39,1,5,1,
56,2,630,385,19,23,1,5,1,
56,5,702,259,14,11,1,5,1,
56,6,773,430,41,48,1,5,1,
56,7,344,359,39,11,1,5,1,
56,8,589,369,22,16,1,5,1,
56,9,527,313,12,8,1,5,1,
56,11,369,146,69,16,1,5,1,
56,12,360,84,141,38,1,5,1,
56,13,628,295,25,12,1,5,1,
56,14,722,93,17,18,1,5,1,
56,15,777,291,17,10,1,5,1,
56,16,607,115,24,24,1,5,1,
56,17,529,145,28,16,1,5,1,
56,18,739,36,30,51,1,5,1,
56,19,759,234,19,16,1,5,1,
56,20,774,389,34,14,1,5,1,
56,21,618,156,38,23,1,5,1,
57,1,5,498,121,40,1,5,1,
57,2,630,383,19,23,1,5,1,
57,5,703,259,13,12,1,5,1,
57,6,774,426,40,47,1,5,1,
57,7,342,359,36,11,1,5,1,
57,8,592,368,20,16,1,5,1,
57,9,530,312,11,8,1,5,1,
57,11,377,147,68,16,1,5,1,
57,12,371,85,139,38,1,5,1,
57,13,626,295,26,12,1,5,1,
57,14,719,95,18,17,1,5,1,
57,15,776,291,16,10,1,5,1,
57,16,605,117,24,23,1,5,1,
57,17,533,147,27,15,1,5,1,
57,18,743,41,27,50,1,5,1,
57,19,758,235,19,15,1,5,1,
57,20,771,388,33,13,1,5,1,
57,21,622,157,36,23,1,5,1,
58,1,20,500,123,41,1,5,1,
58,2,630,382,19,22,1,5,1,
58,5,703,259,13,12,1,5,1,
58,6,774,423,39,45,1,5,1,
58,7,340,359,33,11,1,5,1,
58,8,594,368,19,15,1,5,1,
58,9,532,312,10,8,1,5,1,
58,11,385,147,68,16,1,5,1,
58,12,381,85,139,39,1,5,1,
58,13,625,294,25,12,1,5,1,
58,14,717,97,18,17,1,5,1,
58,15,775,291,16,10,1,5,1,
58,16,603,118,24,23,1,5,1,
58,17,536,148,27,15,1,5,1,
58,18,744,46,28,48,1,5,1,
58,19,759,235,18,15,1,5,1,
58,20,768,387,33,13,1,5,1,
58,21,625,159,36,22,1,5,1,
59,1,37,503,123,40,1,5,1,
59,2,631,380,18,21,1,5,1,
59,5,704,259,13,12,1,5,1,
59,6,774,420,39,42,1,5,1,
59,7,338,359,28,12,1,5,1,
59,8,597,367,18,15,1,5,1,
59,9,534,311,10,8,1,5,1,
59,11,395,147,65,16,1,5,1,
59,12,394,85,135,39,1,5,1,
59,13,623,294,25,12,1,5,1,
59,14,714,99,18,16,1,5,1,
59,15,773,291,17,10,1,5,1,
59,16,601,119,24,23,1,5,1,
59,17,540,149,25,15,1,5,1,
59,18,746,50,27,47,1,5,1,
59,19,760,235,19,14,1,5,1,
59,20,765,385,33,13,1,5,1,
59,21,630,160,35,22,1,5,1,
60,1,50,505,128,38,1,5,1,
60,2,631,379,18,20,1,5,1,
60,5,705,259,13,12,1,5,1,
60,6,774,417,38,42,1,5,1,
60,7,337,358,26,14,1,5,1,
60,8,598,366,18,15,1,5,1,
60,9,536,311,9,8,1,5,1,
60,11,402,148,66,16,1,5,1,
60,12,403,86,135,39,1,5,1,
60,13,621,294,26,12,1,5,1,
60,14,712,100,18,16,1,5,1,
60,15,772,291,17,9,1,5,1,
60,16,599,120,25,23,1,5,1,
60,17,543,150,25,15,1,5,1,
60,18,747,54,27,46,1,5,1,
60,19,763,235,18,14,1,5,1,
60,20,762,384,33,13,1,5,1,
60,21,632,161,36,21,1,5,1,
61,1,67,508,129,35,1,5,1,
61,2,631,377,18,20,1,5,1,
61,5,706,259,12,12,1,5,1,
61,6,774,414,37,40,1,5,1,
61,7,336,358,22,15,1,5,1,
61,8,601,365,16,15,1,5,1,
61,9,538,311,8,7,1,5,1,
61,11,410,148,65,16,1,5,1,
61,12,414,86,133,39,1,5,1,
61,13,619,294,26,11,1,5,1,
61,14,710,102,18,16,1,5,1,
61,15,771,290,16,10,1,5,1,
61,16,597,122,25,21,1,5,1,
61,17,546,151,25,15,1,5,1,
61,18,748,59,26,44,1,5,1,
61,19,766,236,17,13,1,5,1,
61,20,759,383,33,13,1,5,1,
61,21,636,162,35,21,1,5,1,
62,1,81,510,133,33,1,5,1,
62,2,631,376,17,19,1,5,1,
62,5,707,260,12,11,1,5,1,
62,6,774,411,36,40,1,5,1,
62,7,334,358,22,16,1,5,1,
62,8,602,364,16,15,1,5,1,
62,9,539,310,8,8,1,5,1,
62,11,417,148,65,17,1,5,1,
62,12,423,87,133,39,1,5,1,
62,13,617,294,26,11,1,5,1,
62,14,707,103,19,16,1,5,1,
62,15,770,290,16,10,1,5,1,
62,16,595,123,26,21,1,5,1,
62,17,549,152,24,15,1,5,1,
62,18,749,62,26,44,1,5,1,
62,19,766,236,22,13,1,5,1,
62,20,756,382,33,13,1,5,1,
62,21,639,163,35,21,1,5,1,
63,1,96,512,137,31,1,5,1,
63,2,630,374,18,20,1,5,1,
63,5,707,260,12,11,1,5,1,
63,6,773,408,35,39,1,5,1,
63,7,332,359,22,16,1,5,1,
63,8,604,364,15,14,1,5,1,
63,9,540,310,8,8,1,5,1,
63,11,424,149,65,16,1,5,1,
63,12,433,88,131,39,1,5,1,
63,13,615,293,27,12,1,5,1,
63,14,705,105,18,16,1,5,1,
63,15,769,290,16,10,1,5,1,
63,16,592,124,27,21,1,5,1,
63,17,552,153,24,15,1,5,1,
63,18,750,66,25,43,1,5,1,
63,19,767,236,27,14,1,5,1,
63,20,753,381,33,13,1,5,1,
63,21,642,164,35,20,1,5,1,
64,1,114,515,137,28,1,5,1,
64,2,630,373,17,19,1,5,1,
64,5,708,260,12,11,1,5,1,
64,6,772,406,35,37,1,5,1,
64,7,330,360,22,16,1,5,1,
64,8,605,363,15,14,1,5,1,
64,9,542,310,7,7,1,5,1,
64,11,432,149,64,17,1,5,1,
64,12,443,88,130,39,1,5,1,
64,13,613,293,27,12,1,5,1,
64,14,702,107,19,15,1,5,1,
64,15,767,290,17,9,1,5,1,
64,16,590,126,27,20,1,5,1,
64,17,555,154,23,15,1,5,1,
64,18,750,70,25,42,1,5,1,
64,19,770,237,28,13,1,5,1,
64,20,750,380,33,12,1,5,1,
64,21,645,165,35,20,1,5,1,
65,1,130,518,137,25,1,5,1,
65,2,630,371,17,19,1,5,1,
65,5,708,260,12,11,1,5,1,
65,6,772,403,33,36,1,5,1,
65,7,328,360,22,17,1,5,1,
65,8,607,362,14,14,1,5,1,
65,9,543,309,7,8,1,5,1,
65,11,439,150,64,16,1,5,1,
65,12,453,89,128,39,1,5,1,
65,13,611,293,27,11,1,5,1,
65,14,700,108,18,15,1,5,1,
65,15,766,290,17,9,1,5,1,
65,17,558,155,22,15,1,5,1,
65,18,751,74,24,40,1,5,1,
65,19,774,237,27,13,1,5,1,
65,20,748,379,32,12,1,5,1,
65,21,649,166,33,20,1,5,1,
66,1,146,520,137,24,1,5,1,
66,2,629,370,17,18,1,5,1,
66,5,708,260,12,11,1,5,1,
66,6,771,401,34,35,1,5,1,
66,7,326,361,22,17,1,5,1,
66,8,609,361,13,15,1,5,1,
66,9,544,309,7,7,1,5,1,
66,11,446,150,63,17,1,5,1,
66,12,463,90,127,39,1,5,1,
66,13,609,293,27,11,1,5,1,
66,14,697,109,19,15,1,5,1,
66,15,765,290,16,9,1,5,1,
66,17,561,156,22,14,1,5,1,
66,18,751,77,24,40,1,5,1,
66,19,778,237,26,14,1,5,1,
66,20,745,378,32,12,1,5,1,
66,21,652,166,33,21,1,5,1,
67,1,164,523,137,21,1,5,1,
67,2,629,369,17,18,1,5,1,
67,5,709,260,11,11,1,5,1,
67,6,769,398,35,35,1,5,1,
67,7,324,362,22,17,1,5,1,
67,8,610,360,13,15,1,5,1,
67,9,545,309,7,7,1,5,1,
67,11,454,151,62,16,1,5,1,
67,12,472,90,126,39,1,5,1,
67,13,607,293,28,11,1,5,1,
67,14,695,111,19,15,1,5,1,
67,15,763,289,17,10,1,5,1,
67,17,563,157,22,14,1,5,1,
67,18,751,81,23,39,1,5,1,
67,19,782,237,25,14,1,5,1,
67,20,742,377,32,12,1,5,1,
67,21,655,167,32,20,1,5,1,
68,1,182,525,137,19,1,5,1,
68,2,628,367,18,18,1,5,1,
68,5,709,261,11,10,1,5,1,
68,6,768,396,35,33,1,5,1,
68,7,323,362,21,18,1,5,1,
68,8,611,360,13,14,1,5,1,
68,9,546,308,7,8,1,5,1,
68,11,461,151,61,17,1,5,1,
68,12,482,91,124,39,1,5,1,
68,14,692,112,19,15,1,5,1,
68,15,762,289,17,9,1,5,1,
68,17,566,158,20,14,1,5,1,
68,18,753,85,23,36,1,5,1,
68,19,786,238,24,13,1,5,1,
68,20,739,377,32,11,1,5,1,
68,21,659,168,30,20,1,5,1,
69,1,199,528,142,16,1,5,1,
69,2,628,366,18,18,1,5,1,
69,5,709,261,11,10,1,5,1,
69,6,767,393,35,33,1,5,1,
69,7,321,363,21,18,1,5,1,
69,8,612,359,13,14,1,5,1,
69,9,547,308,7,7,1,5,1,
69,11,468,152,61,16,1,5,1,
69,12,491,92,123,39,1,5,1,
69,14,690,114,19,14,1,5,1,
69,15,760,289,17,9,1,5,1,
69,17,569,159,19,14,1,5,1,
69,18,756,89,23,33,1,5,1,
69,19,789,238,24,13,1,5,1,
69,20,736,376,32,11,1,5,1,
69,21,662,169,30,20,1,5,1,
70,2,627,365,18,17,1,5,1,
70,5,709,261,11,10,1,5,1,
70,6,765,391,36,32,1,5,1,
70,7,319,364,21,18,1,5,1,
70,8,613,358,12,14,1,5,1,
70,9,547,308,7,7,1,5,1,
70,11,475,152,60,17,1,5,1,
70,12,501,93,120,39,1,5,1,
70,14,687,115,20,14,1,5,1,
70,15,759,289,17,9,1,5,1,
70,17,571,160,19,14,1,5,1,
70,18,756,92,27,31,1,5,1,
70,19,792,238,24,13,1,5,1,
70,20,733,375,32,11,1,5,1,
70,21,665,170,29,19,1,5,1,
71,2,626,364,19,17,1,5,1,
71,5,709,261,11,10,1,5,1,
71,6,764,389,35,32,1,5,1,
71,7,317,365,21,18,1,5,1,
71,8,613,357,13,14,1,5,1,
71,9,548,307,7,7,1,5,1,
71,11,481,153,60,16,1,5,1,
71,12,509,94,120,38,1,5,1,
71,14,684,117,20,13,1,5,1,
71,15,757,289,17,9,1,5,1,
71,17,573,161,19,14,1,5,1,
71,18,757,94,30,30,1,5,1,
71,19,795,239,23,12,1,5,1,
71,20,730,374,32,11,1,5,1,
71,21,667,171,29,19,1,5,1,
72,2,625,363,19,16,1,5,1,
72,5,708,261,11,10,1,5,1,
72,6,762,387,36,31,1,5,1,
72,7,315,366,21,18,1,5,1,
72,8,614,357,13,14,1,5,1,
72,9,549,307,6,7,1,5,1,
72,11,488,153,59,17,1,5,1,
72,12,518,96,121,36,1,5,1,
72,14,682,118,20,14,1,5,1,
72,15,756,289,17,8,1,5,1,
72,17,575,162,18,14,1,5,1,
72,18,760,96,31,30,1,5,1,
72,19,800,239,18,12,1,5,1,
72,20,727,373,32,11,1,5,1,
72,21,670,172,27,19,1,5,1,
73,2,625,362,18,16,1,5,1,
73,5,708,261,11,10,1,5,1,
73,6,760,385,36,30,1,5,1,
73,7,314,366,20,20,1,5,1,
73,8,615,356,12,14,1,5,1,
73,9,549,307,7,7,1,5,1,
73,11,495,154,59,16,1,5,1,
73,12,527,97,120,36,1,5,1,
73,14,679,119,20,14,1,5,1,
73,15,754,289,17,8,1,5,1,
73,17,578,163,17,13,1,5,1,
73,18,764,98,29,30,1,5,1,
73,19,802,239,17,12,1,5,1,
73,20,724,372,32,11,1,5,1,
73,21,674,172,25,19,1,5,1,
74,2,624,360,18,16,1,5,1,
74,5,708,261,11,10,1,5,1,
74,6,758,383,36,29,1,5,1,
74,7,312,367,20,20,1,5,1,
74,8,616,355,12,14,1,5,1,
74,9,549,307,7,6,1,5,1,
74,11,501,155,59,16,1,5,1,
74,12,536,97,119,37,1,5,1,
74,14,677,120,20,14,1,5,1,
74,15,752,288,18,9,1,5,1,
74,17,580,164,16,13,1,5,1,
74,18,768,100,28,30,1,5,1,
74,19,802,239,16,12,1,5,1,
74,20,721,371,32,11,1,5,1,
74,21,676,173,24,19,1,5,1,
75,2,623,359,19,16,1,5,1,
75,5,707,261,12,10,1,5,1,
75,6,756,381,37,29,1,5,1,
75,7,310,368,20,20,1,5,1,
75,8,616,355,12,13,1,5,1,
75,9,550,306,7,7,1,5,1,
75,11,508,155,57,16,1,5,1,
75,12,546,98,116,36,1,5,1,
75,14,674,122,20,13,1,5,1,
75,15,750,288,18,9,1,5,1,
75,17,582,165,15,13,1,5,1,
75,18,772,102,26,29,1,5,1,
75,19,804,239,16,12,1,5,1,
75,20,718,371,32,10,1,5,1,
75,21,679,174,23,19,1,5,1,
76,2,622,358,19,16,1,5,1,
76,5,707,261,11,10,1,5,1,
76,6,754,379,37,28,1,5,1,
76,7,309,369,19,20,1,5,1,
76,8,617,354,12,13,1,5,1,
76,9,550,306,7,7,1,5,1,
76,11,514,156,57,16,1,5,1,
76,12,554,98,115,37,1,5,1,
76,14,672,123,20,13,1,5,1,
76,15,749,288,18,8,1,5,1,
76,17,584,166,14,13,1,5,1,
76,18,775,104,25,29,1,5,1,
76,19,807,239,15,12,1,5,1,
76,20,715,370,32,10,1,5,1,
76,21,681,175,23,18,1,5,1,
77,2,621,357,19,15,1,5,1,
77,5,707,262,11,9,1,5,1,
77,6,752,377,37,28,1,5,1,
77,7,307,370,19,21,1,5,1,
77,8,617,353,12,14,1,5,1,
77,9,550,306,7,6,1,5,1,
77,11,521,156,55,17,1,5,1,
77,12,564,99,112,37,1,5,1,
77,14,669,124,20,13,1,5,1,
77,15,747,288,18,8,1,5,1,
77,17,586,167,13,13,1,5,1,
77,18,778,106,24,29,1,5,1,
77,19,807,239,16,12,1,5,1,
77,20,712,369,32,10,1,5,1,
77,21,683,176,22,18,1,5,1,
78,2,620,356,19,15,1,5,1,
78,5,706,262,12,9,1,5,1,
78,6,750,376,37,26,1,5,1,
78,7,305,371,19,21,1,5,1,
78,8,618,353,12,13,1,5,1,
78,9,551,305,6,7,1,5,1,
78,11,528,157,54,16,1,5,1,
78,12,573,100,109,37,1,5,1,
78,14,666,125,21,13,1,5,1,
78,15,745,288,18,8,1,5,1,
78,17,587,168,13,12,1,5,1,
78,18,781,108,23,28,1,5,1,
78,19,807,240,16,11,1,5,1,
78,20,709,368,32,10,1,5,1,
78,21,686,176,20,19,1,5,1,
79,2,619,355,19,15,1,5,1,
79,5,706,262,11,9,1,5,1,
79,6,748,374,36,26,1,5,1,
79,7,304,372,18,21,1,5,1,
79,8,618,352,12,13,1,5,1,
79,9,551,305,6,7,1,5,1,
79,11,534,158,53,16,1,5,1,
79,12,582,100,107,37,1,5,1,
79,14,664,127,20,12,1,5,1,
79,15,743,288,19,8,1,5,1,
79,17,589,169,12,12,1,5,1,
79,18,783,110,22,28,1,5,1,
79,19,809,240,15,11,1,5,1,
79,20,706,368,32,10,1,5,1,
79,21,688,177,20,18,1,5,1,
80,2,617,354,20,15,1,5,1,
80,5,705,262,12,9,1,5,1,
80,6,746,372,36,26,1,5,1,
80,7,302,373,18,22,1,5,1,
80,8,618,351,12,13,1,5,1,
80,9,551,305,6,6,1,5,1,
80,11,540,158,52,16,1,5,1,
80,12,590,101,105,37,1,5,1,
80,14,661,128,21,12,1,5,1,
80,15,742,288,18,8,1,5,1,
80,17,590,169,12,13,1,5,1,
80,18,785,112,22,28,1,5,1,
80,19,812,240,14,12,1,5,1,
80,20,703,367,32,10,1,5,1,
80,21,690,178,20,18,1,5,1,
81,2,616,353,20,15,1,5,1,
81,5,704,262,13,9,1,5,1,
81,6,744,371,36,24,1,5,1,
81,7,301,374,17,22,1,5,1,
81,8,619,351,11,13,1,5,1,
81,9,551,305,6,6,1,5,1,
81,11,546,159,50,16,1,5,1,
81,12,599,102,103,37,1,5,1,
81,14,658,129,21,12,1,5,1,
81,15,740,287,18,8,1,5,1,
81,17,592,170,11,13,1,5,1,
81,18,787,114,21,27,1,5,1,
81,19,812,240,15,11,1,5,1,
81,20,701,366,31,10,1,5,1,
81,21,692,179,19,18,1,5,1,
82,2,615,353,20,13,1,5,1,
82,5,704,262,12,9,1,5,1,
82,6,741,369,37,24,1,5,1,
82,7,299,375,17,23,1,5,1,
82,8,619,350,12,13,1,5,1,
82,9,551,304,6,7,1,5,1,
82,11,552,159,49,17,1,5,1,
82,12,607,103,101,37,1,5,1,
82,15,738,287,18,8,1,5,1,
82,17,593,171,11,13,1,5,1,
82,18,788,116,21,27,1,5,1,
82,19,811,240,15,11,1,5,1,
82,20,698,365,31,10,1,5,1,
82,21,694,180,18,17,1,5,1,
83,2,614,352,20,13,1,5,1,
83,5,703,262,13,9,1,5,1,
83,6,739,368,36,23,1,5,1,
83,7,298,376,17,23,1,5,1,
83,8,619,349,12,13,1,5,1,
83,9,550,304,7,6,1,5,1,
83,11,558,160,48,16,1,5,1,
83,12,615,104,99,37,1,5,1,
83,15,736,287,19,8,1,5,1,
83,17,594,172,11,12,1,5,1,
83,18,789,118,22,26,1,5,1,
83,19,813,240,15,11,1,5,1,
83,21,696,180,18,18,1,5,1,
84,2,612,351,20,13,1,5,1,
84,5,702,262,13,9,1,5,1,
84,6,737,366,36,23,1,5,1,
84,7,296,377,17,24,1,5,1,
84,8,619,349,12,12,1,5,1,
84,9,550,304,7,6,1,5,1,
84,11,563,161,47,16,1,5,1,
84,12,622,105,97,37,1,5,1,
84,15,734,287,19,8,1,5,1,
84,17,595,173,10,12,1,5,1,
84,18,790,120,21,26,1,5,1,
84,19,812,240,15,11,1,5,1,
84,21,698,181,17,17,1,5,1,
85,2,611,350,20,13,1,5,1,
85,5,701,262,13,9,1,5,1,
85,6,734,365,36,22,1,5,1,
85,7,295,378,16,24,1,5,1,
85,8,619,348,12,13,1,5,1,
85,9,550,304,6,6,1,5,1,
85,11,568,162,46,16,1,5,1,
85,12,630,106,95,37,1,5,1,
85,15,732,287,19,8,1,5,1,
85,17,596,174,10,12,1,5,1,
85,18,791,121,21,26,1,5,1,
85,19,814,241,15,11,1,5,1,
85,21,699,182,17,17,1,5,1,
86,2,610,349,20,13,1,5,1,
86,5,700,263,13,8,1,5,1,
86,6,732,363,36,23,1,5,1,
86,7,294,379,16,25,1,5,1,
86,8,619,348,12,12,1,5,1,
86,9,549,303,7,6,1,5,1,
86,11,573,162,45,17,1,5,1,
86,12,637,107,93,37,1,5,1,
86,15,730,287,20,7,1,5,1,
86,17,597,175,9,12,1,5,1,
86,18,792,123,21,26,1,5,1,
86,19,813,241,15,11,1,5,1,
86,21,701,183,16,17,1,5,1,
87,1,656,529,96,14,1,5,1,
87,2,608,348,20,13,1,5,1,
87,5,699,263,14,8,1,5,1,
87,6,729,362,36,22,1,5,1,
87,7,293,381,16,25,1,5,1,
87,8,618,347,14,12,1,5,1,
87,9,547,303,10,6,1,5,1,
87,11,579,163,43,16,1,5,1,
87,12,645,108,91,36,1,5,1,
87,15,728,287,20,7,1,5,1,
87,17,598,175,9,12,1,5,1,
87,18,793,125,20,25,1,5,1,
87,19,815,241,14,11,1,5,1,
87,21,702,183,16,17,1,5,1,
88,1,667,526,105,17,1,5,1,
88,2,606,348,21,12,1,5,1,
88,5,698,263,14,8,1,5,1,
88,6,726,361,37,21,1,5,1,
88,7,291,382,17,25,1,5,1,
88,8,617,346,16,13,1,5,1,
88,9,545,303,12,6,1,5,1,
88,11,584,164,42,16,1,5,1,
88,12,652,109,89,36,1,5,1,
88,15,726,287,20,7,1,5,1,
88,17,599,176,8,12,1,5,1,
88,18,794,127,20,25,1,5,1,
88,19,814,241,15,11,1,5,1,
88,21,703,184,16,17,1,5,1,
89,1,651,523,139,20,1,5,1,
89,2,605,347,20,12,1,5,1,
89,5,697,263,14,8,1,5,1,
89,6,724,360,35,19,1,5,1,
89,7,290,384,16,25,1,5,1,
89,8,614,345,22,12,1,5,1,
89,11,591,165,39,16,1,5,1,
89,12,663,110,83,36,1,5,1,
89,15,725,286,18,8,1,5,1,
89,17,598,177,9,12,1,5,1,
89,18,794,129,20,24,1,5,1,
89,19,816,241,14,11,1,5,1,
89,21,702,185,21,17,1,5,1,
90,1,666,521,142,22,1,5,1,
90,2,603,346,21,12,1,5,1,
90,5,696,263,14,8,1,5,1,
90,6,721,358,36,20,1,5,1,
90,7,289,385,16,26,1,5,1,
90,11,594,165,39,16,1,5,1,
90,12,669,111,82,36,1,5,1,
90,15,723,286,19,8,1,5,1,
90,17,598,178,8,12,1,5,1,
90,18,795,130,19,25,1,5,1,
90,19,818,241,14,11,1,5,1,
90,21,701,186,26,17,1,5,1,
91,1,679,518,146,25,1,5,1,
91,2,602,345,21,13,1,5,1,
91,5,695,263,14,8,1,5,1,
91,6,718,357,37,20,1,5,1,
91,7,288,386,16,27,1,5,1,
91,11,598,166,39,16,1,5,1,
91,12,673,112,82,36,1,5,1,
91,15,721,286,19,7,1,5,1,
91,17,597,179,8,11,1,5,1,
91,18,795,132,20,24,1,5,1,
91,19,820,242,14,10,1,5,1,
91,21,701,187,30,16,1,5,1,
92,1,699,516,143,27,1,5,1,
92,2,600,345,21,12,1,5,1,
92,5,694,263,13,8,1,5,1,
92,6,715,356,37,19,1,5,1,
92,7,286,387,18,28,1,5,1,
92,11,602,167,38,16,1,5,1,
92,12,680,113,80,36,1,5,1,
92,15,719,286,19,7,1,5,1,
92,17,595,180,11,11,1,5,1,
92,18,795,134,20,23,1,5,1,
92,19,820,242,17,10,1,5,1,
92,21,701,188,32,16,1,5,1,
93,1,718,513,141,30,1,5,1,
93,2,598,344,22,12,1,5,1,
93,5,694,263,12,8,1,5,1,
93,6,712,355,37,19,1,5,1,
93,7,285,388,18,29,1,5,1,
93,11,606,168,37,15,1,5,1,
93,12,686,115,79,35,1,5,1,
93,15,717,286,19,7,1,5,1,
93,17,592,180,14,12,1,5,1,
93,18,795,135,20,24,1,5,1,
93,19,821,242,18,10,1,5,1,
93,21,702,189,33,15,1,5,1,
94,1,737,511,138,32,1,5,1,
94,2,596,343,22,12,1,5,1,
94,5,693,263,12,8,1,5,1,
94,6,710,354,37,18,1,5,1,
94,7,284,390,18,29,1,5,1,
94,11,610,169,36,15,1,5,1,
94,12,692,116,77,35,1,5,1,
94,15,715,286,19,7,1,5,1,
94,17,590,181,16,12,1,5,1,
94,18,795,137,19,23,1,5,1,
94,19,823,242,17,10,1,5,1,
94,21,705,190,32,15,1,5,1,
95,1,755,508,136,35,1,5,1,
95,2,595,343,22,11,1,5,1,
95,5,692,263,12,8,1,5,1,
95,6,707,353,37,18,1,5,1,
95,7,283,391,18,30,1,5,1,
95,11,614,169,35,16,1,5,1,
95,12,698,117,75,35,1,5,1,
95,17,588,182,16,11,1,5,1,
95,18,795,139,19,22,1,5,1,
95,19,825,242,17,10,1,5,1,
95,21,708,190,31,15,1,5,1,
96,1,773,506,134,37,1,5,1,
96,2,593,342,22,11,1,5,1,
96,5,691,263,13,8,1,5,1,
96,6,704,352,37,18,1,5,1,
96,7,282,392,19,31,1,5,1,
96,11,618,170,34,16,1,5,1,
96,12,704,118,73,35,1,5,1,
96,17,586,183,17,11,1,5,1,
96,18,795,140,19,23,1,5,1,
96,19,827,243,17,10,1,5,1,
96,21,711,191,30,14,1,5,1,
97,1,789,504,133,37,1,5,1,
97,2,591,341,23,12,1,5,1,
97,5,690,263,13,8,1,5,1,
97,6,701,351,38,17,1,5,1,
97,7,281,394,19,31,1,5,1,
97,11,622,171,33,15,1,5,1,
97,12,710,119,71,35,1,5,1,
97,17,584,184,17,11,1,5,1,
97,18,795,142,18,22,1,5,1,
97,19,829,243,16,10,1,5,1,
97,21,713,191,29,15,1,5,1,
98,1,809,501,128,37,1,5,1,
98,2,589,341,23,11,1,5,1,
98,5,689,263,13,8,1,5,1,
98,6,698,350,37,17,1,5,1,
98,7,280,395,20,32,1,5,1,
98,11,626,172,31,15,1,5,1,
98,12,716,121,69,34,1,5,1,
98,17,582,185,17,10,1,5,1,
98,18,795,143,18,22,1,5,1,
98,19,832,243,15,10,1,5,1,
98,21,717,191,27,15,1,5,1,
99,1,824,499,128,37,1,5,1,
99,2,588,340,23,11,1,5,1,
99,5,687,263,14,8,1,5,1,
99,6,696,349,37,17,1,5,1,
99,7,279,397,20,32,1,5,1,
99,11,629,172,31,16,1,5,1,
99,12,721,122,68,33,1,5,1,
99,17,580,186,18,10,1,5,1,
99,18,794,145,18,21,1,5,1,
99,19,833,243,16,10,1,5,1,
99,21,719,192,27,14,1,5,1,
100,1,843,497,116,36,1,5,1,
100,2,586,340,23,10,1,5,1,
100,5,686,263,14,8,1,5,1,
100,6,693,348,37,17,1,5,1,
100,7,279,399,20,32,1,5,1,
100,11,633,173,29,15,1,5,1,
100,12,727,123,65,33,1,5,1,
100,17,578,186,18,11,1,5,1,
100,18,795,147,18,20,1,5,1,
100,19,836,243,14,10,1,5,1,
100,21,723,192,21,15,1,5,1,
101,1,859,495,101,36,1,5,1,
101,2,584,339,23,11,1,5,1,
101,5,684,263,15,8,1,5,1,
101,6,690,347,37,16,1,5,1,
101,7,278,400,20,34,1,5,1,
101,11,636,174,28,15,1,5,1,
101,12,732,124,65,33,1,5,1,
101,17,576,187,18,10,1,5,1,
101,18,797,148,17,20,1,5,1,
101,19,838,244,13,9,1,5,1,
101,21,727,192,18,15,1,5,1,
102,1,875,493,85,34,1,5,1,
102,2,582,339,24,10,1,5,1,
102,5,681,264,17,7,1,5,1,
102,6,687,346,37,16,1,5,1,
102,7,278,402,20,34,1,5,1,
102,11,639,175,28,15,1,5,1,
102,12,737,125,64,33,1,5,1,
102,17,574,188,18,10,1,5,1,
102,18,798,150,17,19,1,5,1,
102,19,839,244,13,9,1,5,1,
102,21,729,193,16,15,1,5,1,
103,1,891,494,69,31,1,5,1,
103,2,580,338,24,10,1,5,1,
103,5,678,263,20,8,1,5,1,
103,6,684,345,38,16,1,5,1,
103,7,277,403,21,35,1,5,1,
103,11,642,176,27,14,1,5,1,
103,12,741,127,63,32,1,5,1,
103,17,571,189,19,9,1,5,1,
103,18,799,151,17,19,1,5,1,
103,19,839,244,13,9,1,5,1,
103,21,729,193,15,15,1,5,1,
104,1,907,498,53,24,1,5,1,
104,2,578,338,24,9,1,5,1,
104,5,675,263,22,8,1,5,1,
104,6,682,344,37,16,1,5,1,
104,7,277,405,21,36,1,5,1,
104,11,645,177,26,14,1,5,1,
104,12,746,128,62,32,1,5,1,
104,17,569,189,19,10,1,5,1,
104,18,800,153,17,18,1,5,1,
104,19,838,244,13,10,1,5,1,
104,21,728,193,14,16,1,5,1,
105,1,922,496,38,20,1,5,1,
105,2,576,337,24,10,1,5,1,
105,5,672,263,23,7,1,5,1,
105,6,679,343,37,16,1,5,1,
105,7,276,407,22,36,1,5,1,
105,11,648,177,25,15,1,5,1,
105,12,751,129,60,32,1,5,1,
105,17,567,190,19,9,1,5,1,
105,18,801,154,16,18,1,5,1,
105,19,836,244,14,10,1,5,1,
105,21,726,194,17,15,1,5,1,
106,2,574,337,25,9,1,5,1,
106,5,668,263,25,7,1,5,1,
106,6,676,343,37,15,1,5,1,
106,7,276,409,23,37,1,5,1,
106,11,651,178,24,15,1,5,1,
106,12,756,130,58,32,1,5,1,
106,17,564,191,20,9,1,5,1,
106,18,801,155,17,18,1,5,1,
106,19,834,244,16,10,1,5,1,
106,21,722,194,23,16,1,5,1,
107,2,572,336,25,10,1,5,1,
107,6,673,342,37,15,1,5,1,
107,7,276,411,23,38,1,5,1,
107,11,654,179,20,14,1,5,1,
107,12,760,131,57,31,1,5,1,
107,17,562,191,20,10,1,5,1,
107,18,802,156,16,18,1,5,1,
107,19,830,245,21,9,1,5,1,
107,21,718,195,28,15,1,5,1,
108,2,570,336,25,9,1,5,1,
108,6,671,341,37,15,1,5,1,
108,7,276,412,23,39,1,5,1,
108,11,656,180,22,14,1,5,1,
108,12,764,132,62,31,1,5,1,
108,18,803,157,16,18,1,5,1,
108,19,826,245,25,9,1,5,1,
108,21,713,196,34,15,1,5,1,
109,2,568,335,26,9,1,5,1,
109,6,668,340,37,15,1,5,1,
109,7,276,414,24,40,1,5,1,
109,11,658,180,19,15,1,5,1,
109,12,764,134,72,29,1,5,1,
109,18,804,158,16,17,1,5,1,
109,19,820,245,30,9,1,5,1,
109,21,709,196,38,16,1,5,1,
110,2,566,335,26,9,1,5,1,
110,6,665,340,37,14,1,5,1,
110,7,277,416,23,41,1,5,1,
110,11,661,181,16,14,1,5,1,
110,12,765,137,80,26,1,5,1,
110,18,804,159,16,17,1,5,1,
110,19,815,245,34,9,1,5,1,
110,21,706,197,39,15,1,5,1,
111,2,564,335,26,8,1,5,1,
111,6,662,339,38,14,1,5,1,
111,7,277,418,24,42,1,5,1,
111,11,664,182,13,14,1,5,1,
111,12,766,138,84,26,1,5,1,
111,18,804,160,16,17,1,5,1,
111,19,810,246,37,9,1,5,1,
111,21,703,198,41,15,1,5,1,
112,2,562,334,26,9,1,5,1,
112,6,660,338,37,14,1,5,1,
112,7,278,420,24,43,1,5,1,
112,11,665,182,11,15,1,5,1,
112,12,771,138,83,27,1,5,1,
112,18,803,161,15,18,1,5,1,
112,19,806,246,38,9,1,5,1,
112,21,699,198,42,15,1,5,1,
113,2,559,334,27,8,1,5,1,
113,6,657,338,37,13,1,5,1,
113,7,278,422,25,44,1,5,1,
113,11,663,183,12,15,1,5,1,
113,12,777,139,81,26,1,5,1,
113,18,803,162,15,18,1,5,1,
113,19,805,246,35,9,1,5,1,
113,21,696,199,42,15,1,5,1,
114,2,557,333,27,9,1,5,1,
114,6,654,337,37,14,1,5,1,
114,7,279,425,25,44,1,5,1,
114,11,660,184,14,15,1,5,1,
114,12,784,140,78,26,1,5,1,
114,18,803,163,15,18,1,5,1,
114,19,803,246,32,9,1,5,1,
114,21,693,200,41,14,1,5,1,
115,2,555,333,27,8,1,5,1,
115,6,651,336,38,14,1,5,1,
115,7,280,427,26,46,1,5,1,
115,11,658,185,17,15,1,5,1,
115,12,789,140,77,27,1,5,1,
115,18,803,165,14,17,1,5,1,
115,19,802,246,28,9,1,5,1,
115,21,690,200,41,14,1,5,1,
116,2,553,332,27,9,1,5,1,
116,6,649,336,37,13,1,5,1,
116,7,281,429,26,47,1,5,1,
116,11,656,186,19,15,1,5,1,
116,12,795,141,75,26,1,5,1,
116,18,803,166,14,17,1,5,1,
116,19,802,247,24,8,1,5,1,
116,21,687,201,41,14,1,5,1,
117,2,550,332,28,9,1,5,1,
117,6,646,335,37,13,1,5,1,
117,7,281,431,28,48,1,5,1,
117,11,653,187,21,14,1,5,1,
117,12,800,142,73,26,1,5,1,
117,18,802,167,14,17,1,5,1,
117,19,800,247,22,8,1,5,1,
117,21,684,202,41,13,1,5,1,
118,2,548,331,28,9,1,5,1,
118,6,643,334,37,13,1,5,1,
118,7,281,434,30,49,1,5,1,
118,11,651,188,21,14,1,5,1,
118,12,806,142,71,26,1,5,1,
118,18,802,168,14,16,1,5,1,
118,19,797,247,22,8,1,5,1,
118,21,681,202,41,14,1,5,1,
119,2,545,331,29,9,1,5,1,
119,6,641,334,37,13,1,5,1,
119,7,282,436,30,50,1,5,1,
119,11,649,189,21,14,1,5,1,
119,12,812,143,63,26,1,5,1,
119,18,801,169,14,16,1,5,1,
119,19,795,247,22,8,1,5,1,
119,21,678,203,41,13,1,5,1,
120,2,542,331,30,8,1,5,1,
120,6,638,333,37,13,1,5,1,
120,7,282,439,33,51,1,5,1,
120,11,647,190,21,14,1,5,1,
120,12,821,143,51,27,1,5,1,
120,18,800,170,13,16,1,5,1,
120,19,792,247,23,9,1,5,1,
120,21,675,203,40,14,1,5,1,
121,2,540,330,30,9,1,5,1,
121,6,635,333,37,12,1,5,1,
121,7,283,441,34,53,1,5,1,
121,11,645,191,21,13,1,5,1,
121,12,829,143,41,28,1,5,1,
121,18,798,171,15,16,1,5,1,
121,19,789,248,24,8,1,5,1,
121,21,672,204,40,13,1,5,1,
122,2,537,330,31,9,1,5,1,
122,6,633,332,36,12,1,5,1,
122,7,284,444,35,54,1,5,1,
122,11,642,192,22,13,1,5,1,
122,12,838,144,32,28,1,5,1,
122,18,797,172,16,16,1,5,1,
122,19,787,248,24,8,1,5,1,
122,21,669,205,40,12,1,5,1,
123,2,534,330,32,8,1,5,1,
123,6,630,332,37,12,1,5,1,
123,7,285,447,37,55,1,5,1,
123,11,640,193,22,13,1,5,1,
123,12,840,144,28,29,1,5,1,
123,18,798,173,13,16,1,5,1,
123,19,786,248,22,8,1,5,1,
123,21,666,205,40,13,1,5,1,
124,2,531,329,32,9,1,5,1,
124,6,627,331,37,12,1,5,1,
124,7,286,450,39,56,1,5,1,
124,11,638,194,22,12,1,5,1,
124,12,838,145,28,29,1,5,1,
124,18,799,175,13,14,1,5,1,
124,19,785,248,20,8,1,5,1,
124,21,663,206,40,12,1,5,1,
125,2,528,329,33,9,1,5,1,
125,6,625,331,36,11,1,5,1,
125,7,287,452,42,58,1,5,1,
125,11,636,195,22,12,1,5,1,
125,12,836,145,29,30,1,5,1,
125,18,801,176,12,14,1,5,1,
125,19,784,249,19,7,1,5,1,
125,21,660,206,40,13,1,5,1,
126,6,622,330,36,12,1,5,1,
126,7,289,456,44,59,1,5,1,
126,11,633,196,22,12,1,5,1,
126,12,833,146,34,31,1,5,1,
126,18,801,177,16,13,1,5,1,
126,19,783,249,17,7,1,5,1,
127,6,619,330,37,11,1,5,1,
127,7,290,458,48,61,1,5,1,
127,11,631,196,23,12,1,5,1,
127,12,826,146,44,32,1,5,1,
127,18,800,178,16,13,1,5,1,
127,19,781,249,17,8,1,5,1,
128,6,617,330,37,11,1,5,1,
128,7,292,461,51,63,1,5,1,
128,11,629,197,23,12,1,5,1,
128,12,819,147,53,33,1,5,1,
128,18,801,178,15,13,1,5,1,
128,19,778,249,19,8,1,5,1,
129,6,614,329,37,11,1,5,1,
129,7,293,463,55,65,1,5,1,
129,11,626,198,24,11,1,5,1,
129,12,813,147,61,34,1,5,1,
129,18,803,179,13,13,1,5,1,
129,19,775,249,20,8,1,5,1,
130,6,611,329,37,10,1,5,1,
130,7,296,467,57,66,1,5,1,
130,11,624,198,24,12,1,5,1,
130,12,809,149,64,33,1,5,1,
130,18,802,179,12,14,1,5,1,
130,19,772,250,22,7,1,5,1,
131,6,609,328,37,11,1,5,1,
131,7,298,470,61,68,1,5,1,
131,11,622,199,23,12,1,5,1,
131,12,805,151,65,32,1,5,1,
131,18,800,180,14,13,1,5,1,
131,19,769,250,24,7,1,5,1,
132,6,606,328,37,10,1,5,1,
132,7,301,474,65,69,1,5,1,
132,11,619,200,24,11,1,5,1,
132,12,801,153,65,32,1,5,1,
132,18,798,180,16,14,1,5,1,
132,19,766,250,25,7,1,5,1,
133,6,603,328,37,10,1,5,1,
133,7,303,477,69,66,1,5,1,
133,11,617,201,24,11,1,5,1,
133,12,797,154,66,32,1,5,1,
133,18,793,181,21,13,1,5,1,
133,19,762,250,27,7,1,5,1,
134,6,601,327,37,10,1,5,1,
134,7,306,480,70,63,1,5,1,
134,11,614,201,25,11,1,5,1,
134,12,793,156,65,31,1,5,1,
134,18,789,182,26,13,1,5,1,
134,19,759,250,28,7,1,5,1,
135,6,598,327,37,10,1,5,1,
135,7,309,484,72,60,1,5,1,
135,11,612,202,24,11,1,5,1,
135,12,789,158,65,30,1,5,1,
135,18,784,182,31,14,1,5,1,
135,19,755,250,30,8,1,5,1,
136,6,595,327,37,10,1,5,1,
136,7,312,488,73,56,1,5,1,
136,11,609,203,25,10,1,5,1,
136,12,785,160,64,29,1,5,1,
136,18,780,183,35,13,1,5,1,
136,19,752,251,31,7,1,5,1,
137,6,593,327,37,9,1,5,1,
137,7,315,492,76,52,1,5,1,
137,11,607,203,25,11,1,5,1,
137,12,781,161,65,29,1,5,1,
137,18,777,183,37,14,1,5,1,
137,19,749,251,31,7,1,5,1,
138,6,590,326,37,10,1,5,1,
138,7,320,496,79,48,1,5,1,
138,11,604,204,25,10,1,5,1,
138,12,778,163,63,28,1,5,1,
138,18,773,184,38,14,1,5,1,
138,19,746,251,31,7,1,5,1,
139,6,587,326,37,9,1,5,1,
139,7,323,500,85,44,1,5,1,
139,11,602,205,25,10,1,5,1,
139,12,774,164,63,28,1,5,1,
139,18,770,185,39,13,1,5,1,
139,19,743,251,32,7,1,5,1,
140,6,584,326,38,9,1,5,1,
140,7,328,504,89,40,1,5,1,
140,11,599,205,26,10,1,5,1,
140,12,770,165,62,28,1,5,1,
140,18,766,186,39,13,1,5,1,
140,19,740,251,31,7,1,5,1,
141,6,582,325,37,10,1,5,1,
141,7,333,508,94,36,1,5,1,
141,11,597,206,26,10,1,5,1,
141,12,766,167,62,27,1,5,1,
141,18,763,187,39,12,1,5,1,
141,19,737,251,31,7,1,5,1,
142,6,579,325,37,9,1,5,1,
142,7,338,513,100,31,1,5,1,
142,11,594,206,26,10,1,5,1,
142,12,762,168,62,26,1,5,1,
142,18,760,188,38,12,1,5,1,
143,6,576,324,37,10,1,5,1,
143,11,592,207,25,10,1,5,1,
143,12,758,170,61,25,1,5,1,
143,16,407,132,20,15,1,5,1,
143,18,757,188,36,12,1,5,1,
144,6,573,324,38,10,1,5,1,
144,11,589,208,26,9,1,5,1,
144,12,755,171,60,25,1,5,1,
144,16,407,131,19,15,1,5,1,
144,18,753,189,38,12,1,5,1,
145,6,570,324,38,9,1,5,1,
145,11,586,208,27,10,1,5,1,
145,12,751,172,61,25,1,5,1,
145,16,406,130,19,16,1,5,1,
145,18,750,190,38,12,1,5,1,
146,6,567,323,39,10,1,5,1,
146,11,584,208,27,10,1,5,1,
146,12,747,173,62,25,1,5,1,
146,16,406,129,18,16,1,5,1,
146,18,747,190,38,12,1,5,1,
147,6,564,323,39,10,1,5,1,
147,11,581,209,27,9,1,5,1,
147,12,743,174,61,25,1,5,1,
147,16,405,128,17,16,1,5,1,
147,18,743,191,39,12,1,5,1,
148,6,561,323,40,9,1,5,1,
148,11,578,210,28,9,1,5,1,
148,12,740,175,61,24,1,5,1,
148,16,405,127,16,16,1,5,1,
148,18,740,191,39,12,1,5,1,
149,6,558,323,40,9,1,5,1,
149,11,576,210,28,9,1,5,1,
149,12,737,177,60,22,1,5,1,
149,16,404,125,16,17,1,5,1,
149,18,737,192,39,12,1,5,1,
150,6,555,322,40,10,1,5,1,
150,11,573,211,28,9,1,5,1,
150,12,734,179,58,20,1,5,1,
150,16,404,124,15,17,1,5,1,
150,17,476,194,7,7,1,5,1,
150,18,734,193,37,11,1,5,1,
