1,1,132,29,36,40,1,5,1,
1,3,-18,-13,43,25,1,5,1,
1,4,263,273,44,25,1,5,1,
1,5,613,369,24,16,1,5,1,
1,6,810,157,101,29,1,5,1,
1,7,-2,242,95,18,1,5,1,
1,8,626,270,95,28,1,5,1,
1,9,748,454,27,21,1,5,1,
1,10,849,206,28,16,1,5,1,
1,11,96,421,26,38,1,5,1,
1,12,393,236,58,23,1,5,1,
1,13,352,323,37,40,1,5,1,
1,14,143,59,23,21,1,5,1,
1,15,285,207,65,20,1,5,1,
1,16,665,217,90,34,1,5,1,
1,17,181,198,65,50,1,5,1,
1,18,656,418,98,22,1,5,1,
1,19,404,126,83,40,1,5,1,
1,20,0,153,89,19,1,5,1,
1,21,-31,494,116,35,1,5,1,
1,22,447,500,72,25,1,5,1,
1,23,763,165,103,22,1,5,1,
1,24,888,344,58,24,1,5,1,
1,25,483,112,45,18,1,5,1,
1,26,290,75,18,22,1,5,1,
2,1,135,27,36,37,1,5,1,
2,3,-21,-17,40,25,1,5,1,
2,4,266,273,41,26,1,5,1,
2,5,620,369,17,15,1,5,1,
2,6,801,158,91,31,1,5,1,
2,7,-13,242,95,18,1,5,1,
2,8,629,269,108,29,1,5,1,
2,9,742,457,33,18,1,5,1,
2,10,854,206,27,16,1,5,1,
2,11,92,424,26,39,1,5,1,
2,12,388,235,51,23,1,5,1,
2,13,354,325,38,40,1,5,1,
2,14,143,57,19,20,1,5,1,
2,15,293,206,59,20,1,5,1,
2,16,662,218,75,35,1,5,1,
2,17,175,196,81,51,1,5,1,
2,18,649,415,95,24,1,5,1,
2,19,403,122,75,42,1,5,1,
2,20,-3,151,83,20,1,5,1,
2,21,-48,493,121,31,1,5,1,
2,22,454,502,70,25,1,5,1,
2,23,770,164,106,22,1,5,1,
2,24,888,342,45,30,1,5,1,
2,25,489,109,45,19,1,5,1,
2,26,292,73,18,21,1,5,1,
3,1,137,24,37,37,1,5,1,
3,4,267,274,43,26,1,5,1,
3,5,622,368,16,15,1,5,1,
3,6,795,160,82,32,1,5,1,
3,7,-23,241,95,19,1,5,1,
3,8,633,269,121,30,1,5,1,
3,9,735,458,39,16,1,5,1,
3,10,859,205,24,17,1,5,1,
3,11,86,428,27,39,1,5,1,
3,12,385,234,44,24,1,5,1,
3,13,357,327,38,39,1,5,1,
3,14,144,55,16,19,1,5,1,
3,15,299,206,53,20,1,5,1,
3,16,661,219,63,37,1,5,1,
3,17,167,194,110,53,1,5,1,
3,18,643,412,93,26,1,5,1,
3,19,403,117,67,46,1,5,1,
3,20,-12,149,83,20,1,5,1,
3,21,-65,493,128,37,1,5,1,
3,22,460,504,69,25,1,5,1,
3,23,777,163,108,22,1,5,1,
3,24,890,341,33,35,1,5,1,
3,25,494,106,48,20,1,5,1,
3,26,291,71,21,21,1,5,1,
4,1,139,20,37,38,1,5,1,
4,4,268,274,47,27,1,5,1,
4,5,622,368,16,15,1,5,1,
4,6,790,162,72,33,1,5,1,
4,7,-32,241,94,19,1,5,1,
4,8,638,269,133,30,1,5,1,
4,9,727,458,45,15,1,5,1,
4,10,859,205,28,17,1,5,1,
4,11,81,431,28,40,1,5,1,
4,12,385,234,35,24,1,5,1,
4,13,354,328,48,40,1,5,1,
4,14,142,52,17,20,1,5,1,
4,15,304,205,49,21,1,5,1,
4,16,663,220,48,39,1,5,1,
4,17,162,193,137,53,1,5,1,
4,18,638,409,89,29,1,5,1,
4,19,404,113,59,49,1,5,1,
4,20,-19,149,81,19,1,5,1,
4,21,-82,493,134,44,1,5,1,
4,22,464,506,72,26,1,5,1,
4,23,785,163,109,21,1,5,1,
4,24,890,341,32,40,1,5,1,
4,25,499,104,50,19,1,5,1,
4,26,291,70,25,20,1,5,1,
5,1,141,17,38,37,1,5,1,
5,4,269,274,51,27,1,5,1,
5,5,622,367,15,15,1,5,1,
5,6,786,165,63,32,1,5,1,
5,7,-41,242,92,18,1,5,1,
5,8,645,269,142,30,1,5,1,
5,9,720,456,50,16,1,5,1,
5,10,858,204,35,17,1,5,1,
5,11,77,434,28,41,1,5,1,
5,12,385,233,28,25,1,5,1,
5,13,350,329,65,40,1,5,1,
5,14,141,50,17,20,1,5,1,
5,15,306,205,52,20,1,5,1,
5,16,664,221,44,41,1,5,1,
5,17,161,191,155,55,1,5,1,
5,18,633,406,85,32,1,5,1,
5,19,408,108,47,53,1,5,1,
5,20,-26,147,78,20,1,5,1,
5,22,469,509,75,26,1,5,1,
5,23,793,163,110,22,1,5,1,
5,24,889,341,34,45,1,5,1,
5,25,506,102,51,19,1,5,1,
5,26,291,69,31,18,1,5,1,
6,1,144,13,38,38,1,5,1,
6,4,271,274,55,28,1,5,1,
6,5,621,367,18,14,1,5,1,
6,6,784,168,53,31,1,5,1,
6,7,-49,243,89,17,1,5,1,
6,8,654,269,149,31,1,5,1,
6,9,712,453,55,18,1,5,1,
6,10,858,202,45,18,1,5,1,
6,11,74,437,28,42,1,5,1,
6,12,383,232,29,26,1,5,1,
6,13,348,330,82,41,1,5,1,
6,14,140,47,18,20,1,5,1,
6,15,308,204,56,21,1,5,1,
6,16,663,222,46,43,1,5,1,
6,17,165,190,161,57,1,5,1,
6,18,630,402,78,35,1,5,1,
6,19,412,102,38,56,1,5,1,
6,20,-31,146,73,19,1,5,1,
6,22,475,511,74,27,1,5,1,
6,23,801,163,110,22,1,5,1,
6,24,890,342,34,49,1,5,1,
6,25,512,100,54,19,1,5,1,
6,26,292,68,37,17,1,5,1,
7,1,145,9,40,38,1,5,1,
7,4,273,274,59,28,1,5,1,
7,5,619,366,22,14,1,5,1,
7,6,784,171,41,30,1,5,1,
7,7,-56,246,84,10,1,5,1,
7,8,666,269,153,32,1,5,1,
7,9,707,452,53,17,1,5,1,
7,10,858,200,55,18,1,5,1,
7,11,74,440,28,42,1,5,1,
7,12,382,231,31,27,1,5,1,
7,13,347,332,98,40,1,5,1,
7,14,140,45,18,20,1,5,1,
7,15,310,203,61,21,1,5,1,
7,16,664,223,48,44,1,5,1,
7,17,167,190,173,59,1,5,1,
7,18,628,399,71,36,1,5,1,
7,19,411,97,40,57,1,5,1,
7,20,-36,146,67,18,1,5,1,
7,22,482,514,72,27,1,5,1,
7,23,810,163,110,22,1,5,1,
7,24,892,344,35,52,1,5,1,
7,25,518,99,59,18,1,5,1,
7,26,294,68,42,16,1,5,1,
8,1,142,5,47,37,1,5,1,
8,4,275,274,65,29,1,5,1,
8,5,615,365,28,15,1,5,1,
8,6,783,174,33,28,1,5,1,
8,8,677,269,159,32,1,5,1,
8,9,703,451,48,16,1,5,1,
8,10,860,198,65,19,1,5,1,
8,11,72,443,28,43,1,5,1,
8,12,384,230,32,28,1,5,1,
8,13,351,333,106,41,1,5,1,
8,14,140,42,18,20,1,5,1,
8,15,312,203,66,21,1,5,1,
8,16,667,224,50,45,1,5,1,
8,17,168,189,190,61,1,5,1,
8,18,626,396,65,36,1,5,1,
8,19,411,92,42,58,1,5,1,
8,20,-39,144,60,17,1,5,1,
8,22,487,516,73,27,1,5,1,
8,23,818,163,111,22,1,5,1,
8,24,887,346,44,55,1,5,1,
8,25,524,97,63,18,1,5,1,
8,26,295,67,48,16,1,5,1,
9,1,139,1,61,36,1,5,1,
9,4,277,274,70,29,1,5,1,
9,5,610,365,34,14,1,5,1,
9,6,782,177,26,26,1,5,1,
9,8,688,269,165,33,1,5,1,
9,9,699,450,44,16,1,5,1,
9,10,862,196,75,19,1,5,1,
9,11,70,446,29,43,1,5,1,
9,12,384,229,36,29,1,5,1,
9,13,356,334,113,42,1,5,1,
9,14,140,40,18,20,1,5,1,
9,15,315,202,70,22,1,5,1,
9,16,663,225,62,45,1,5,1,
9,17,172,188,205,62,1,5,1,
9,18,626,393,56,36,1,5,1,
9,19,413,88,42,57,1,5,1,
9,22,493,518,69,26,1,5,1,
9,23,826,162,111,22,1,5,1,
9,24,883,349,60,56,1,5,1,
9,25,530,95,68,18,1,5,1,
9,26,299,66,50,16,1,5,1,
10,1,136,0,77,33,1,5,1,
10,4,278,274,82,29,1,5,1,
10,5,606,364,37,14,1,5,1,
10,6,782,180,21,23,1,5,1,
10,8,701,269,169,33,1,5,1,
10,9,696,450,39,16,1,5,1,
10,10,865,194,85,19,1,5,1,
10,11,69,450,30,43,1,5,1,
10,12,381,228,51,31,1,5,1,
10,13,362,335,120,43,1,5,1,
10,14,140,37,19,20,1,5,1,
10,15,318,202,74,21,1,5,1,
10,16,658,225,88,47,1,5,1,
10,17,179,187,218,63,1,5,1,
10,18,626,391,48,34,1,5,1,
10,19,414,84,45,56,1,5,1,
10,22,498,522,68,22,1,5,1,
10,23,835,161,111,23,1,5,1,
10,24,881,352,75,58,1,5,1,
10,25,538,93,70,18,1,5,1,
10,26,302,65,53,16,1,5,1,
11,1,134,0,92,31,1,5,1,
11,4,279,274,94,29,1,5,1,
11,5,601,364,41,13,1,5,1,
11,6,783,183,21,21,1,5,1,
11,8,715,269,172,34,1,5,1,
11,9,694,451,33,16,1,5,1,
11,10,870,192,89,20,1,5,1,
11,11,69,453,31,43,1,5,1,
11,12,380,228,65,31,1,5,1,
11,13,369,337,127,42,1,5,1,
11,14,141,35,19,20,1,5,1,
11,15,321,202,78,21,1,5,1,
11,16,655,225,114,48,1,5,1,
11,17,188,186,229,64,1,5,1,
11,18,627,389,40,32,1,5,1,
11,19,409,79,61,55,1,5,1,
11,22,503,527,72,17,1,5,1,
11,23,844,160,111,23,1,5,1,
11,24,880,355,79,58,1,5,1,
11,25,546,91,73,19,1,5,1,
11,26,306,64,55,16,1,5,1,
12,1,137,0,99,29,1,5,1,
12,4,281,274,105,29,1,5,1,
12,5,601,363,38,14,1,5,1,
12,6,786,185,20,19,1,5,1,
12,8,729,269,176,35,1,5,1,
12,9,693,451,27,19,1,5,1,
12,10,876,190,84,20,1,5,1,
12,11,69,457,32,43,1,5,1,
12,12,380,227,80,33,1,5,1,
12,13,377,338,133,43,1,5,1,
12,14,143,32,18,20,1,5,1,
12,15,324,201,82,22,1,5,1,
12,16,653,226,143,49,1,5,1,
12,17,199,185,239,65,1,5,1,
12,18,629,387,31,31,1,5,1,
12,19,405,75,79,53,1,5,1,
12,22,508,532,79,12,1,5,1,
12,23,853,160,106,23,1,5,1,
12,24,880,358,80,53,1,5,1,
12,25,554,89,76,19,1,5,1,
12,26,311,63,57,16,1,5,1,
13,1,142,0,105,28,1,5,1,
13,4,285,273,114,30,1,5,1,
13,5,601,362,33,14,1,5,1,
13,6,789,187,20,18,1,5,1,
13,8,744,269,175,35,1,5,1,
13,9,693,450,21,23,1,5,1,
13,10,882,189,78,19,1,5,1,
13,11,71,460,32,43,1,5,1,
13,12,382,227,96,34,1,5,1,
13,13,384,339,141,44,1,5,1,
13,14,144,30,19,19,1,5,1,
13,15,328,201,86,21,1,5,1,
13,16,654,225,172,50,1,5,1,
13,17,211,184,248,66,1,5,1,
13,18,629,385,25,29,1,5,1,
13,19,401,70,98,53,1,5,1,
13,23,863,160,96,23,1,5,1,
13,24,882,362,78,49,1,5,1,
13,25,563,88,78,19,1,5,1,
13,26,315,62,59,17,1,5,1,
14,1,149,0,109,26,1,5,1,
14,4,292,274,117,30,1,5,1,
14,5,602,362,27,13,1,5,1,
14,6,788,188,26,17,1,5,1,
14,8,761,269,171,36,1,5,1,
14,9,692,450,17,27,1,5,1,
14,10,890,188,70,17,1,5,1,
14,11,71,463,34,43,1,5,1,
14,12,386,227,111,34,1,5,1,
14,13,392,340,148,44,1,5,1,
14,14,145,27,20,20,1,5,1,
14,15,333,201,87,21,1,5,1,
14,16,657,225,201,51,1,5,1,
14,17,224,184,255,66,1,5,1,
14,18,629,384,20,27,1,5,1,
14,19,398,67,117,50,1,5,1,
14,23,872,161,88,23,1,5,1,
14,24,885,366,75,49,1,5,1,
14,25,572,86,80,19,1,5,1,
14,26,320,61,61,17,1,5,1,
15,1,156,-2,112,26,1,5,1,
15,4,300,274,120,30,1,5,1,
15,5,603,361,21,14,1,5,1,
15,6,790,189,28,17,1,5,1,
15,8,778,269,168,36,1,5,1,
15,9,691,451,18,30,1,5,1,
15,10,900,187,60,16,1,5,1,
15,11,70,467,38,43,1,5,1,
15,12,392,227,125,35,1,5,1,
15,13,402,341,154,45,1,5,1,
15,14,146,25,21,19,1,5,1,
15,15,339,201,88,21,1,5,1,
15,16,662,224,229,53,1,5,1,
15,17,239,183,261,67,1,5,1,
15,18,631,382,16,26,1,5,1,
15,19,397,63,134,50,1,5,1,
15,23,882,161,78,24,1,5,1,
15,24,890,370,70,48,1,5,1,
15,25,582,85,81,19,1,5,1,
15,26,326,60,61,17,1,5,1,
16,1,164,-3,115,26,1,5,1,
16,4,308,274,123,30,1,5,1,
16,5,603,360,17,14,1,5,1,
16,6,791,190,34,17,1,5,1,
16,8,794,269,165,36,1,5,1,
16,9,691,452,19,33,1,5,1,
16,10,910,187,50,13,1,5,1,
16,11,70,470,41,43,1,5,1,
16,12,403,225,130,36,1,5,1,
16,13,410,343,164,45,1,5,1,
16,14,147,22,22,20,1,5,1,
16,15,345,200,89,22,1,5,1,
16,16,669,224,256,54,1,5,1,
16,17,254,182,268,68,1,5,1,
16,18,633,381,16,24,1,5,1,
16,19,396,61,152,49,1,5,1,
16,23,892,162,68,24,1,5,1,
16,24,896,374,64,47,1,5,1,
16,25,592,84,82,19,1,5,1,
16,26,331,59,63,17,1,5,1,
17,1,173,-5,118,26,1,5,1,
17,4,317,274,124,30,1,5,1,
17,5,603,360,14,13,1,5,1,
17,6,793,192,39,16,1,5,1,
17,8,810,269,150,36,1,5,1,
17,9,692,454,19,36,1,5,1,
17,10,922,187,38,10,1,5,1,
17,11,72,473,38,46,1,5,1,
17,12,416,223,138,37,1,5,1,
17,13,418,345,173,45,1,5,1,
17,14,148,19,24,21,1,5,1,
17,15,350,200,91,22,1,5,1,
17,16,680,223,279,56,1,5,1,
17,17,271,182,272,68,1,5,1,
17,18,633,380,20,22,1,5,1,
17,19,398,59,167,48,1,5,1,
17,23,901,162,59,24,1,5,1,
17,24,904,379,56,45,1,5,1,
17,25,603,83,82,20,1,5,1,
17,26,337,58,63,17,1,5,1,
18,1,182,-6,120,26,1,5,1,
18,4,327,274,125,30,1,5,1,
18,5,604,359,12,13,1,5,1,
18,6,797,192,38,16,1,5,1,
18,8,827,269,133,36,1,5,1,
18,9,690,456,25,39,1,5,1,
18,11,72,477,40,46,1,5,1,
18,12,429,222,148,38,1,5,1,
18,13,429,346,179,46,1,5,1,
18,14,150,17,24,20,1,5,1,
18,15,356,200,92,22,1,5,1,
18,16,694,222,266,57,1,5,1,
18,17,288,181,277,69,1,5,1,
18,18,631,379,27,20,1,5,1,
18,19,401,57,180,48,1,5,1,
18,23,909,162,51,24,1,5,1,
18,24,914,383,46,42,1,5,1,
18,25,614,83,80,20,1,5,1,
18,26,342,58,65,17,1,5,1,
19,4,336,274,127,31,1,5,1,
19,5,606,359,12,12,1,5,1,
19,6,802,193,36,16,1,5,1,
19,8,843,269,117,36,1,5,1,
19,9,688,459,35,41,1,5,1,
19,11,69,483,51,43,1,5,1,
19,12,442,220,160,39,1,5,1,
19,13,441,346,185,47,1,5,1,
19,14,152,14,25,21,1,5,1,
19,15,363,200,91,22,1,5,1,
19,16,711,221,249,59,1,5,1,
19,17,306,181,282,69,1,5,1,
19,18,630,378,34,19,1,5,1,
19,19,409,55,187,49,1,5,1,
19,23,916,163,44,24,1,5,1,
19,25,625,83,77,21,1,5,1,
19,26,348,57,66,17,1,5,1,
20,4,344,274,130,31,1,5,1,
20,5,607,358,13,12,1,5,1,
20,6,807,193,34,16,1,5,1,
20,8,857,269,103,35,1,5,1,
20,9,688,462,44,44,1,5,1,
20,11,68,488,62,40,1,5,1,
20,12,456,219,171,40,1,5,1,
20,13,453,347,191,47,1,5,1,
20,14,154,12,26,21,1,5,1,
20,15,368,200,93,22,1,5,1,
20,16,729,220,231,60,1,5,1,
20,17,322,180,288,70,1,5,1,
20,18,629,378,41,16,1,5,1,
20,19,418,53,194,50,1,5,1,
20,23,923,162,37,24,1,5,1,
20,25,636,84,73,21,1,5,1,
20,26,354,56,67,17,1,5,1,
21,4,354,274,131,31,1,5,1,
21,5,605,358,19,12,1,5,1,
21,6,812,194,32,15,1,5,1,
21,8,867,269,93,35,1,5,1,
21,9,688,465,54,46,1,5,1,
21,11,68,492,72,39,1,5,1,
21,12,472,218,179,40,1,5,1,
21,13,465,347,196,47,1,5,1,
21,14,156,9,27,22,1,5,1,
21,15,374,200,94,22,1,5,1,
21,16,751,220,209,59,1,5,1,
21,17,340,180,293,71,1,5,1,
21,18,629,377,48,16,1,5,1,
21,19,428,52,199,50,1,5,1,
21,23,932,162,28,24,1,5,1,
21,25,646,85,70,22,1,5,1,
21,26,359,55,69,18,1,5,1,
22,4,364,274,132,31,1,5,1,
22,5,605,357,21,12,1,5,1,
22,6,816,195,31,15,1,5,1,
22,8,879,272,81,32,1,5,1,
22,9,690,469,63,47,1,5,1,
22,11,70,496,78,38,1,5,1,
22,12,491,218,183,40,1,5,1,
22,13,480,347,195,46,1,5,1,
22,14,158,6,29,22,1,5,1,
22,15,380,200,95,21,1,5,1,
22,16,778,219,182,60,1,5,1,
22,17,359,182,296,71,1,5,1,
22,18,630,376,53,16,1,5,1,
22,19,440,50,203,51,1,5,1,
22,23,942,161,18,21,1,5,1,
22,25,656,86,68,22,1,5,1,
22,26,365,55,70,17,1,5,1,
23,4,375,274,132,31,1,5,1,
23,5,606,357,23,11,1,5,1,
23,6,822,195,25,16,1,5,1,
23,8,892,274,68,26,1,5,1,
23,9,693,474,72,47,1,5,1,
23,11,74,500,83,37,1,5,1,
23,12,514,218,180,40,1,5,1,
23,13,496,347,194,45,1,5,1,
23,14,161,4,30,22,1,5,1,
23,15,387,200,95,21,1,5,1,
23,16,808,222,152,57,1,5,1,
23,17,379,182,294,70,1,5,1,
23,18,632,375,58,17,1,5,1,
23,19,453,49,206,51,1,5,1,
23,25,665,87,66,22,1,5,1,
23,26,372,54,70,17,1,5,1,
24,4,384,274,134,31,1,5,1,
24,5,607,356,26,12,1,5,1,
24,6,827,196,22,15,1,5,1,
24,9,697,478,81,47,1,5,1,
24,11,79,503,87,37,1,5,1,
24,12,535,218,178,41,1,5,1,
24,13,512,347,194,45,1,5,1,
24,14,163,1,32,22,1,5,1,
24,15,393,200,95,21,1,5,1,
24,16,838,226,122,47,1,5,1,
24,17,401,182,285,70,1,5,1,
24,18,635,375,62,16,1,5,1,
24,19,466,46,209,51,1,5,1,
24,25,674,88,65,22,1,5,1,
24,26,378,53,71,18,1,5,1,
25,4,394,274,135,31,1,5,1,
25,5,608,356,28,11,1,5,1,
25,6,831,196,19,16,1,5,1,
25,9,702,483,89,46,1,5,1,
25,11,84,505,91,37,1,5,1,
25,12,557,219,173,41,1,5,1,
25,13,526,347,196,45,1,5,1,
25,14,165,0,34,21,1,5,1,
25,15,399,200,96,21,1,5,1,
25,16,869,231,91,31,1,5,1,
25,17,424,181,272,69,1,5,1,
25,18,638,374,65,17,1,5,1,
25,19,478,43,214,52,1,5,1,
25,25,682,89,64,22,1,5,1,
25,26,384,53,72,17,1,5,1,
26,4,404,274,135,31,1,5,1,
26,5,609,355,30,11,1,5,1,
26,6,833,197,18,15,1,5,1,
26,9,709,488,96,45,1,5,1,
26,11,91,508,94,35,1,5,1,
26,12,580,221,170,40,1,5,1,
26,13,543,347,194,45,1,5,1,
26,14,168,-2,35,21,1,5,1,
26,15,406,200,96,21,1,5,1,
26,17,453,180,249,68,1,5,1,
26,18,642,374,66,16,1,5,1,
26,19,491,40,217,53,1,5,1,
26,25,690,90,63,22,1,5,1,
26,26,390,52,73,18,1,5,1,
27,4,414,274,136,31,1,5,1,
27,5,611,355,30,11,1,5,1,
27,6,833,198,19,15,1,5,1,
27,7,0,239,20,17,1,5,1,
27,9,716,493,102,42,1,5,1,
27,11,96,510,99,33,1,5,1,
27,12,601,222,168,40,1,5,1,
27,13,558,347,194,45,1,5,1,
27,14,171,-5,35,21,1,5,1,
27,15,412,200,97,21,1,5,1,
27,17,480,181,225,66,1,5,1,
27,18,647,374,66,17,1,5,1,
27,19,503,39,222,53,1,5,1,
27,25,698,92,63,21,1,5,1,
27,26,396,52,75,17,1,5,1,
28,4,426,274,135,31,1,5,1,
28,5,615,354,26,11,1,5,1,
28,6,834,198,19,15,1,5,1,
28,7,0,236,27,20,1,5,1,
28,9,725,499,106,38,1,5,1,
28,11,104,513,102,30,1,5,1,
28,12,624,223,163,39,1,5,1,
28,13,576,346,191,45,1,5,1,
28,14,174,-8,35,22,1,5,1,
28,15,419,200,96,21,1,5,1,
28,17,513,182,192,64,1,5,1,
28,18,654,375,64,16,1,5,1,
28,19,519,38,220,53,1,5,1,
28,22,642,535,87,8,1,5,1,
28,25,707,93,60,22,1,5,1,
28,26,403,51,75,18,1,5,1,
29,4,437,274,135,31,1,5,1,
29,5,620,353,21,12,1,5,1,
29,6,834,199,19,15,1,5,1,
29,7,0,236,33,24,1,5,1,
29,9,736,504,108,34,1,5,1,
29,11,111,516,105,27,1,5,1,
29,12,648,221,155,39,1,5,1,
29,13,593,346,188,45,1,5,1,
29,14,178,-11,35,22,1,5,1,
29,15,427,200,95,21,1,5,1,
29,17,545,183,158,63,1,5,1,
29,18,662,375,59,16,1,5,1,
29,19,534,37,221,54,1,5,1,
29,22,651,535,86,8,1,5,1,
29,25,715,94,59,22,1,5,1,
29,26,410,51,75,17,1,5,1,
30,4,449,274,133,31,1,5,1,
30,5,625,353,16,11,1,5,1,
30,6,835,200,18,15,1,5,1,
30,7,0,235,40,26,1,5,1,
30,9,749,510,107,30,1,5,1,
30,11,119,519,105,25,1,5,1,
30,12,671,220,146,38,1,5,1,
30,13,611,346,185,44,1,5,1,
30,14,182,-14,36,22,1,5,1,
30,15,434,200,95,22,1,5,1,
30,17,573,183,132,63,1,5,1,
30,18,671,375,52,15,1,5,1,
30,19,551,37,220,53,1,5,1,
30,22,661,534,84,9,1,5,1,
30,25,724,95,56,22,1,5,1,
30,26,417,50,75,18,1,5,1,
31,4,460,274,133,30,1,5,1,
31,5,629,352,12,11,1,5,1,
31,6,835,201,18,14,1,5,1,
31,7,0,234,47,27,1,5,1,
31,9,761,515,106,27,1,5,1,
31,11,127,522,106,22,1,5,1,
31,12,691,219,139,38,1,5,1,
31,13,627,345,183,44,1,5,1,
31,15,441,200,94,22,1,5,1,
31,17,590,183,122,63,1,5,1,
31,18,679,374,47,15,1,5,1,
31,19,566,36,221,54,1,5,1,
31,22,672,533,80,10,1,5,1,
31,25,731,97,56,21,1,5,1,
31,26,424,50,76,18,1,5,1,
32,4,473,274,130,30,1,5,1,
32,5,630,351,11,12,1,5,1,
32,6,835,202,18,14,1,5,1,
32,7,0,234,54,26,1,5,1,
32,9,778,519,98,24,1,5,1,
32,11,137,525,106,19,1,5,1,
32,12,713,219,129,36,1,5,1,
32,13,646,345,178,44,1,5,1,
32,15,449,200,93,22,1,5,1,
32,17,602,185,121,60,1,5,1,
32,18,688,373,40,16,1,5,1,
32,19,585,36,218,54,1,5,1,
32,22,682,532,77,11,1,5,1,
32,23,946,175,13,18,1,5,1,
32,25,740,98,53,22,1,5,1,
32,26,433,49,74,18,1,5,1,
33,4,483,274,130,30,1,5,1,
33,5,629,351,13,11,1,5,1,
33,6,835,202,18,15,1,5,1,
33,7,0,234,61,26,1,5,1,
33,9,791,518,93,24,1,5,1,
33,11,145,527,107,17,1,5,1,
33,12,728,220,125,35,1,5,1,
33,13,661,345,177,43,1,5,1,
33,15,455,200,93,22,1,5,1,
33,17,607,187,127,57,1,5,1,
33,18,694,371,35,16,1,5,1,
33,19,599,35,220,54,1,5,1,
33,22,686,532,82,11,1,5,1,
33,23,945,176,15,18,1,5,1,
33,25,748,99,48,22,1,5,1,
33,26,439,49,75,18,1,5,1,
34,4,494,274,130,30,1,5,1,
34,5,629,350,13,11,1,5,1,
34,6,835,203,17,14,1,5,1,
34,7,0,234,68,26,1,5,1,
34,9,804,517,86,23,1,5,1,
34,11,155,528,110,16,1,5,1,
34,12,744,220,122,36,1,5,1,
34,13,676,344,175,44,1,5,1,
34,15,462,201,92,21,1,5,1,
34,17,609,190,137,56,1,5,1,
34,18,698,371,34,15,1,5,1,
34,19,615,35,220,54,1,5,1,
34,22,692,532,85,11,1,5,1,
34,23,944,177,15,18,1,5,1,
34,25,755,100,45,22,1,5,1,
34,26,446,48,76,19,1,5,1,
35,4,504,273,130,31,1,5,1,
35,5,628,349,14,11,1,5,1,
35,6,835,204,17,14,1,5,1,
35,7,0,234,76,26,1,5,1,
35,9,817,516,78,23,1,5,1,
35,11,164,530,114,14,1,5,1,
35,12,757,221,122,35,1,5,1,
35,13,691,344,173,43,1,5,1,
35,15,469,201,92,21,1,5,1,
35,17,614,193,141,54,1,5,1,
35,18,701,371,34,15,1,5,1,
35,19,630,34,221,55,1,5,1,
35,22,700,531,85,12,1,5,1,
35,23,943,175,16,21,1,5,1,
35,25,761,101,44,23,1,5,1,
35,26,452,48,77,19,1,5,1,
36,4,515,273,129,31,1,5,1,
36,5,627,349,15,11,1,5,1,
36,6,834,205,18,14,1,5,1,
36,7,0,233,84,27,1,5,1,
36,9,829,515,72,22,1,5,1,
36,12,772,222,121,35,1,5,1,
36,13,707,344,171,43,1,5,1,
36,15,476,201,91,21,1,5,1,
36,17,622,195,143,52,1,5,1,
36,18,705,370,33,15,1,5,1,
36,19,646,34,221,54,1,5,1,
36,22,710,531,81,12,1,5,1,
36,23,942,176,17,20,1,5,1,
36,25,768,103,42,22,1,5,1,
36,26,460,48,77,19,1,5,1,
37,4,525,273,129,30,1,5,1,
37,5,626,348,16,11,1,5,1,
37,6,834,206,17,13,1,5,1,
37,7,0,233,92,27,1,5,1,
37,9,839,514,69,22,1,5,1,
37,12,785,222,121,35,1,5,1,
37,13,720,343,171,43,1,5,1,
37,15,482,201,91,21,1,5,1,
37,17,631,197,144,51,1,5,1,
37,18,709,369,31,15,1,5,1,
37,19,660,34,223,54,1,5,1,
37,22,721,530,77,13,1,5,1,
37,23,940,177,19,20,1,5,1,
37,25,773,105,41,22,1,5,1,
37,26,466,48,78,18,1,5,1,
38,4,536,273,128,30,1,5,1,
38,5,625,347,17,11,1,5,1,
38,6,834,206,16,14,1,5,1,
38,7,3,233,97,27,1,5,1,
38,9,848,512,67,22,1,5,1,
38,12,800,223,119,34,1,5,1,
38,13,735,343,169,43,1,5,1,
38,15,489,201,90,21,1,5,1,
38,17,642,198,142,50,1,5,1,
38,18,713,369,29,14,1,5,1,
38,19,676,33,223,55,1,5,1,
38,22,740,529,63,14,1,5,1,
38,23,939,178,20,20,1,5,1,
38,25,778,106,40,22,1,5,1,
38,26,474,48,77,18,1,5,1,
39,4,547,273,127,30,1,5,1,
39,5,624,347,17,10,1,5,1,
39,6,833,207,17,13,1,5,1,
39,7,9,233,99,27,1,5,1,
39,9,856,511,65,22,1,5,1,
39,12,814,224,118,34,1,5,1,
39,13,750,343,168,42,1,5,1,
39,15,495,202,90,20,1,5,1,
39,17,653,200,140,49,1,5,1,
39,18,716,367,28,15,1,5,1,
39,19,692,33,223,55,1,5,1,
39,22,741,527,66,16,1,5,1,
39,23,938,179,21,20,1,5,1,
39,25,784,108,39,21,1,5,1,
39,26,481,48,78,18,1,5,1,
40,4,557,273,127,30,1,5,1,
40,5,623,346,17,11,1,5,1,
40,6,833,208,16,13,1,5,1,
40,7,15,233,102,27,1,5,1,
40,9,865,509,62,22,1,5,1,
40,12,828,224,116,34,1,5,1,
40,13,764,342,167,43,1,5,1,
40,15,502,202,89,21,1,5,1,
40,17,664,201,138,48,1,5,1,
40,18,720,366,25,15,1,5,1,
40,19,708,33,223,54,1,5,1,
40,22,745,524,65,19,1,5,1,
40,23,936,179,23,21,1,5,1,
40,25,789,109,38,22,1,5,1,
40,26,488,47,78,19,1,5,1,
41,4,568,273,126,30,1,5,1,
41,5,622,345,17,11,1,5,1,
41,6,832,208,17,14,1,5,1,
41,7,22,233,104,27,1,5,1,
41,9,873,508,59,21,1,5,1,
41,12,842,225,115,33,1,5,1,
41,13,778,342,165,42,1,5,1,
41,15,509,202,88,21,1,5,1,
41,17,674,202,137,47,1,5,1,
41,18,723,365,23,15,1,5,1,
41,19,723,32,224,55,1,5,1,
41,22,751,522,64,21,1,5,1,
41,23,935,180,24,20,1,5,1,
41,25,794,111,37,21,1,5,1,
41,26,495,47,79,19,1,5,1,
42,4,579,273,124,30,1,5,1,
42,5,620,345,19,10,1,5,1,
42,6,833,209,16,14,1,5,1,
42,7,29,232,106,28,1,5,1,
42,9,881,507,57,20,1,5,1,
42,12,857,225,103,33,1,5,1,
42,13,793,342,163,42,1,5,1,
42,15,516,202,86,21,1,5,1,
42,17,685,203,135,47,1,5,1,
42,18,726,364,21,15,1,5,1,
42,19,740,32,219,55,1,5,1,
42,22,756,520,64,23,1,5,1,
42,23,934,181,25,20,1,5,1,
42,25,798,113,38,20,1,5,1,
42,26,503,47,78,19,1,5,1,
43,4,590,273,121,29,1,5,1,
43,5,619,344,19,11,1,5,1,
43,6,834,210,15,14,1,5,1,
43,7,35,232,109,28,1,5,1,
43,9,888,505,55,20,1,5,1,
43,12,870,226,90,32,1,5,1,
43,13,807,341,152,42,1,5,1,
43,15,522,202,86,21,1,5,1,
43,17,699,203,121,46,1,5,1,
43,18,728,363,21,15,1,5,1,
43,19,756,32,204,55,1,5,1,
43,22,762,519,64,23,1,5,1,
43,23,932,180,27,22,1,5,1,
43,25,803,114,37,21,1,5,1,
43,26,510,47,78,19,1,5,1,
44,4,602,273,117,29,1,5,1,
44,5,618,344,19,10,1,5,1,
44,6,835,211,15,13,1,5,1,
44,7,43,232,111,28,1,5,1,
44,9,895,504,54,20,1,5,1,
44,12,886,226,74,33,1,5,1,
44,13,823,341,137,42,1,5,1,
44,15,530,203,83,21,1,5,1,
44,17,716,204,110,45,1,5,1,
44,18,730,362,21,15,1,5,1,
44,19,775,32,185,55,1,5,1,
44,22,769,518,62,22,1,5,1,
44,23,931,181,28,22,1,5,1,
44,25,808,116,36,20,1,5,1,
44,26,518,47,78,19,1,5,1,
45,4,611,273,117,28,1,5,1,
45,5,616,343,20,10,1,5,1,
45,6,837,212,14,13,1,5,1,
45,7,50,232,114,28,1,5,1,
45,9,902,502,52,20,1,5,1,
45,12,899,227,61,32,1,5,1,
45,13,836,341,124,41,1,5,1,
45,15,536,203,82,21,1,5,1,
45,17,727,205,106,45,1,5,1,
45,18,733,362,19,14,1,5,1,
45,19,790,32,170,55,1,5,1,
45,22,775,516,61,23,1,5,1,
45,23,930,182,27,21,1,5,1,
45,25,813,117,34,20,1,5,1,
45,26,525,47,78,19,1,5,1,
46,4,621,273,116,28,1,5,1,
46,5,615,343,20,10,1,5,1,
46,6,838,213,15,12,1,5,1,
46,7,58,232,116,28,1,5,1,
46,9,909,501,50,19,1,5,1,
46,12,912,228,48,25,1,5,1,
46,13,850,340,110,42,1,5,1,
46,15,542,203,82,21,1,5,1,
46,17,737,206,103,44,1,5,1,
46,18,735,361,19,14,1,5,1,
46,19,806,31,154,55,1,5,1,
46,22,781,515,59,22,1,5,1,
46,23,929,183,26,21,1,5,1,
46,25,817,119,34,19,1,5,1,
46,26,533,47,77,20,1,5,1,
47,4,630,273,116,28,1,5,1,
47,5,613,342,21,10,1,5,1,
47,6,839,213,15,13,1,5,1,
47,7,66,232,118,28,1,5,1,
47,9,915,499,45,20,1,5,1,
47,12,924,232,36,16,1,5,1,
47,13,862,340,98,41,1,5,1,
47,15,548,204,81,20,1,5,1,
47,17,745,207,102,43,1,5,1,
47,18,737,360,18,15,1,5,1,
47,19,822,31,138,55,1,5,1,
47,22,788,513,53,23,1,5,1,
47,23,927,184,27,21,1,5,1,
47,25,821,120,37,19,1,5,1,
47,26,540,48,77,19,1,5,1,
48,4,640,273,115,28,1,5,1,
48,6,840,214,15,12,1,5,1,
48,7,74,232,120,28,1,5,1,
48,9,922,497,38,20,1,5,1,
48,13,876,340,84,40,1,5,1,
48,15,554,204,80,21,1,5,1,
48,17,752,208,102,43,1,5,1,
48,18,740,359,16,15,1,5,1,
48,19,838,33,122,53,1,5,1,
48,22,795,512,50,23,1,5,1,
48,23,926,185,27,20,1,5,1,
48,25,825,122,38,17,1,5,1,
48,26,547,48,78,19,1,5,1,
49,4,648,273,116,28,1,5,1,
49,6,841,214,15,12,1,5,1,
49,7,81,232,124,28,1,5,1,
49,9,927,496,33,20,1,5,1,
49,13,887,343,73,33,1,5,1,
49,15,560,204,79,21,1,5,1,
49,17,758,209,104,42,1,5,1,
49,18,742,359,15,14,1,5,1,
49,19,851,34,109,52,1,5,1,
49,20,0,53,20,30,1,5,1,
49,22,801,512,47,22,1,5,1,
49,23,925,185,27,21,1,5,1,
49,25,829,123,38,17,1,5,1,
49,26,553,48,79,19,1,5,1,
50,4,658,273,114,28,1,5,1,
50,6,842,215,15,11,1,5,1,
50,7,90,232,125,28,1,5,1,
50,9,934,494,26,21,1,5,1,
50,13,900,345,60,28,1,5,1,
50,15,566,204,78,21,1,5,1,
50,17,766,210,103,41,1,5,1,
50,18,744,358,14,14,1,5,1,
50,19,868,37,92,42,1,5,1,
50,20,0,46,23,35,1,5,1,
50,22,808,510,43,23,1,5,1,
50,23,924,186,27,20,1,5,1,
50,25,834,124,37,18,1,5,1,
50,26,561,48,78,19,1,5,1,
51,4,668,273,113,28,1,5,1,
51,6,842,215,15,11,1,5,1,
51,7,99,231,127,29,1,5,1,
51,9,941,492,19,21,1,5,1,
51,15,572,205,77,20,1,5,1,
51,17,773,211,103,41,1,5,1,
51,18,744,358,14,14,1,5,1,
51,19,884,42,76,33,1,5,1,
51,20,0,43,27,35,1,5,1,
51,22,816,508,36,25,1,5,1,
51,23,922,187,28,20,1,5,1,
51,25,839,125,36,18,1,5,1,
51,26,568,48,78,19,1,5,1,
52,4,676,273,113,28,1,5,1,
52,6,842,215,15,12,1,5,1,
52,7,107,231,130,29,1,5,1,
52,9,946,490,14,22,1,5,1,
52,15,578,205,75,20,1,5,1,
52,17,780,212,103,40,1,5,1,
52,18,743,357,15,14,1,5,1,
52,20,0,39,31,36,1,5,1,
52,22,823,505,30,27,1,5,1,
52,23,921,188,28,19,1,5,1,
52,25,844,126,35,18,1,5,1,
52,26,575,48,78,20,1,5,1,
53,4,684,273,113,28,1,5,1,
53,6,841,216,14,11,1,5,1,
53,7,116,231,132,29,1,5,1,
53,9,949,488,11,21,1,5,1,
53,15,583,205,74,21,1,5,1,
53,17,786,212,105,40,1,5,1,
53,18,742,356,17,14,1,5,1,
53,20,0,36,35,37,1,5,1,
53,22,828,503,27,29,1,5,1,
53,23,919,189,29,19,1,5,1,
53,25,847,127,35,18,1,5,1,
53,26,581,49,79,19,1,5,1,
54,4,693,273,113,27,1,5,1,
54,6,839,216,15,11,1,5,1,
54,7,125,231,134,29,1,5,1,
54,15,589,206,73,20,1,5,1,
54,17,791,213,110,39,1,5,1,
54,18,740,355,19,14,1,5,1,
54,20,0,33,39,42,1,5,1,
54,22,832,500,25,30,1,5,1,
54,23,917,190,30,19,1,5,1,
54,25,852,128,34,18,1,5,1,
54,26,588,49,79,19,1,5,1,
55,4,701,273,113,27,1,5,1,
55,6,838,217,16,11,1,5,1,
55,7,133,231,137,29,1,5,1,
55,15,594,206,72,20,1,5,1,
55,17,796,213,115,39,1,5,1,
55,18,738,354,23,14,1,5,1,
55,20,0,29,44,44,1,5,1,
55,22,835,498,24,29,1,5,1,
55,23,916,190,30,19,1,5,1,
55,25,855,129,34,18,1,5,1,
55,26,594,49,80,19,1,5,1,
56,4,709,273,113,27,1,5,1,
56,6,836,217,18,11,1,5,1,
56,7,143,231,139,29,1,5,1,
56,15,599,206,71,20,1,5,1,
56,17,803,214,114,39,1,5,1,
56,18,737,353,24,15,1,5,1,
56,20,0,26,49,44,1,5,1,
56,22,837,496,24,29,1,5,1,
56,23,914,191,30,19,1,5,1,
56,25,859,130,33,18,1,5,1,
56,26,601,49,79,20,1,5,1,
57,4,718,273,112,27,1,5,1,
57,6,835,218,18,11,1,5,1,
57,7,153,231,140,29,1,5,1,
57,15,604,207,70,20,1,5,1,
57,17,815,214,101,39,1,5,1,
57,18,735,352,25,15,1,5,1,
57,20,0,22,54,45,1,5,1,
57,22,839,494,23,29,1,5,1,
57,23,912,192,30,18,1,5,1,
57,25,863,131,32,18,1,5,1,
57,26,608,50,79,19,1,5,1,
58,4,728,273,109,27,1,5,1,
58,6,833,218,19,11,1,5,1,
58,7,163,231,141,29,1,5,1,
58,15,610,207,68,20,1,5,1,
58,17,828,215,92,38,1,5,1,
58,18,733,352,26,14,1,5,1,
58,20,0,19,60,45,1,5,1,
58,22,842,492,22,28,1,5,1,
58,23,911,193,29,18,1,5,1,
58,25,868,132,30,18,1,5,1,
58,26,615,50,78,20,1,5,1,
59,4,737,273,107,27,1,5,1,
59,6,831,219,19,10,1,5,1,
59,7,174,231,141,29,1,5,1,
59,15,615,208,67,19,1,5,1,
59,17,839,216,86,37,1,5,1,
59,18,731,351,26,14,1,5,1,
59,20,0,15,66,46,1,5,1,
59,22,844,489,21,29,1,5,1,
59,23,909,193,30,19,1,5,1,
59,25,871,134,30,17,1,5,1,
59,26,622,51,78,19,1,5,1,
60,4,745,273,113,27,1,5,1,
60,6,829,219,20,11,1,5,1,
60,7,185,231,139,29,1,5,1,
60,15,621,208,63,20,1,5,1,
60,17,848,216,83,37,1,5,1,
60,18,729,350,27,14,1,5,1,
60,20,0,11,72,48,1,5,1,
60,22,847,487,19,28,1,5,1,
60,23,907,194,30,18,1,5,1,
60,25,875,135,29,17,1,5,1,
60,26,629,51,77,20,1,5,1,
61,4,752,273,110,27,1,5,1,
61,6,828,220,19,10,1,5,1,
61,7,196,231,135,29,1,5,1,
61,15,626,208,62,20,1,5,1,
61,17,854,217,81,36,1,5,1,
61,18,728,349,26,14,1,5,1,
61,20,0,7,77,50,1,5,1,
61,22,848,485,20,28,1,5,1,
61,23,906,195,29,18,1,5,1,
61,25,878,136,28,17,1,5,1,
61,26,636,52,77,19,1,5,1,
62,4,763,273,100,27,1,5,1,
62,6,824,221,22,10,1,5,1,
62,7,210,230,128,29,1,5,1,
62,15,632,209,59,19,1,5,1,
62,17,861,218,78,36,1,5,1,
62,18,726,349,27,13,1,5,1,
62,20,5,3,78,51,1,5,1,
62,22,849,483,20,28,1,5,1,
62,23,904,196,29,17,1,5,1,
62,25,882,137,26,17,1,5,1,
62,26,644,52,75,20,1,5,1,
63,4,774,273,94,27,1,5,1,
63,6,822,221,22,10,1,5,1,
63,7,222,229,121,30,1,5,1,
63,15,636,209,58,20,1,5,1,
63,17,868,218,74,36,1,5,1,
63,18,724,348,27,13,1,5,1,
63,20,10,0,78,51,1,5,1,
63,22,851,481,19,27,1,5,1,
63,23,902,196,30,18,1,5,1,
63,25,885,138,25,17,1,5,1,
63,26,650,53,75,19,1,5,1,
64,4,785,273,88,26,1,5,1,
64,6,820,222,23,10,1,5,1,
64,7,236,229,112,29,1,5,1,
64,15,641,210,56,19,1,5,1,
64,17,874,219,72,35,1,5,1,
64,18,722,347,27,13,1,5,1,
64,20,16,0,77,48,1,5,1,
64,22,852,479,19,27,1,5,1,
64,23,900,197,30,17,1,5,1,
64,25,889,139,24,17,1,5,1,
64,26,657,53,74,20,1,5,1,
65,4,795,273,83,26,1,5,1,
65,6,817,222,24,10,1,5,1,
65,7,248,228,108,30,1,5,1,
65,15,646,210,53,19,1,5,1,
65,17,880,219,71,35,1,5,1,
65,18,720,346,28,13,1,5,1,
65,20,21,-4,79,49,1,5,1,
65,22,853,477,19,27,1,5,1,
65,23,898,198,30,17,1,5,1,
65,25,892,140,23,17,1,5,1,
65,26,664,54,73,20,1,5,1,
66,4,803,273,81,26,1,5,1,
66,6,815,223,24,9,1,5,1,
66,7,258,227,108,31,1,5,1,
66,15,650,211,52,19,1,5,1,
66,17,886,220,70,34,1,5,1,
66,18,718,346,28,12,1,5,1,
66,20,26,-9,81,51,1,5,1,
66,22,853,475,19,26,1,5,1,
66,23,897,198,29,17,1,5,1,
66,25,894,141,23,17,1,5,1,
66,26,671,55,71,19,1,5,1,
67,4,810,273,80,26,1,5,1,
67,6,812,223,24,10,1,5,1,
67,7,267,227,109,30,1,5,1,
67,15,655,211,50,19,1,5,1,
67,17,890,221,69,33,1,5,1,
67,18,716,345,28,12,1,5,1,
67,20,31,-14,82,52,1,5,1,
67,22,854,473,19,26,1,5,1,
67,23,895,199,29,17,1,5,1,
67,25,897,143,22,16,1,5,1,
67,26,677,55,71,20,1,5,1,
68,4,817,273,78,26,1,5,1,
68,6,810,224,24,9,1,5,1,
68,7,275,226,111,31,1,5,1,
68,15,659,211,48,19,1,5,1,
68,17,895,221,65,33,1,5,1,
68,18,714,344,28,13,1,5,1,
68,20,35,-19,84,53,1,5,1,
68,22,855,471,19,26,1,5,1,
68,23,893,200,29,16,1,5,1,
68,25,900,144,21,16,1,5,1,
68,26,684,56,70,20,1,5,1,
69,4,823,273,78,25,1,5,1,
69,6,807,224,25,9,1,5,1,
69,7,281,226,115,31,1,5,1,
69,15,663,212,47,18,1,5,1,
69,17,900,222,60,33,1,5,1,
69,18,711,344,30,12,1,5,1,
69,20,38,-22,91,52,1,5,1,
69,22,856,469,18,26,1,5,1,
69,23,891,200,30,17,1,5,1,
69,25,902,145,21,16,1,5,1,
69,26,690,56,68,21,1,5,1,
70,4,830,273,76,25,1,5,1,
70,6,805,225,24,9,1,5,1,
70,7,289,225,119,31,1,5,1,
70,15,667,212,44,19,1,5,1,
70,17,906,222,54,33,1,5,1,
70,18,709,343,30,12,1,5,1,
70,20,41,-23,99,48,1,5,1,
70,22,856,467,18,25,1,5,1,
70,23,889,201,29,16,1,5,1,
70,25,905,146,20,16,1,5,1,
70,26,698,57,65,21,1,5,1,
71,4,836,273,74,25,1,5,1,
71,6,803,225,24,9,1,5,1,
71,7,296,224,124,32,1,5,1,
71,15,671,213,42,18,1,5,1,
71,17,911,223,49,32,1,5,1,
71,18,707,342,30,12,1,5,1,
71,20,45,-24,110,43,1,5,1,
71,22,857,465,18,25,1,5,1,
71,23,884,202,33,16,1,5,1,
71,25,907,147,20,16,1,5,1,
71,26,704,57,64,22,1,5,1,
72,4,843,273,72,25,1,5,1,
72,6,799,226,25,9,1,5,1,
72,7,303,223,129,32,1,5,1,
72,15,675,213,40,18,1,5,1,
72,17,916,223,44,32,1,5,1,
72,18,705,342,30,11,1,5,1,
72,22,857,463,18,25,1,5,1,
72,23,880,202,37,16,1,5,1,
72,25,909,148,19,15,1,5,1,
72,26,710,58,62,21,1,5,1,
73,4,848,273,71,25,1,5,1,
73,6,796,226,26,9,1,5,1,
73,7,310,222,134,33,1,5,1,
73,15,678,214,39,18,1,5,1,
73,17,921,224,39,31,1,5,1,
73,18,703,341,30,12,1,5,1,
73,22,857,461,18,25,1,5,1,
73,23,878,203,38,16,1,5,1,
73,25,911,149,19,15,1,5,1,
73,26,715,59,62,21,1,5,1,
74,4,854,273,69,24,1,5,1,
74,6,793,226,27,9,1,5,1,
74,7,319,222,137,33,1,5,1,
74,15,682,214,36,18,1,5,1,
74,17,925,225,35,31,1,5,1,
74,18,701,341,30,11,1,5,1,
74,22,857,460,18,24,1,5,1,
74,23,875,204,40,15,1,5,1,
74,25,913,150,18,15,1,5,1,
74,26,721,60,60,21,1,5,1,
75,4,859,273,69,24,1,5,1,
75,6,790,227,28,9,1,5,1,
75,7,328,221,141,33,1,5,1,
75,15,684,214,36,18,1,5,1,
75,17,929,226,31,30,1,5,1,
75,18,698,340,31,11,1,5,1,
75,22,858,458,17,24,1,5,1,
75,23,872,204,41,15,1,5,1,
75,25,915,151,18,15,1,5,1,
75,26,726,61,60,21,1,5,1,
76,4,865,273,68,24,1,5,1,
76,6,788,227,27,9,1,5,1,
76,7,338,221,143,33,1,5,1,
76,15,688,215,34,18,1,5,1,
76,17,933,229,27,27,1,5,1,
76,18,696,339,31,12,1,5,1,
76,22,858,456,17,24,1,5,1,
76,23,869,205,41,15,1,5,1,
76,25,917,152,17,15,1,5,1,
76,26,732,62,58,21,1,5,1,
77,4,870,273,67,24,1,5,1,
77,6,785,228,28,8,1,5,1,
77,7,347,220,147,34,1,5,1,
77,15,690,215,33,18,1,5,1,
77,17,938,229,22,17,1,5,1,
77,18,694,339,31,11,1,5,1,
77,22,858,454,17,24,1,5,1,
77,23,867,205,40,15,1,5,1,
77,25,918,153,17,15,1,5,1,
77,26,737,63,57,21,1,5,1,
78,4,876,273,65,24,1,5,1,
78,6,782,228,28,9,1,5,1,
78,7,357,220,150,34,1,5,1,
78,15,693,216,31,17,1,5,1,
78,18,691,338,32,11,1,5,1,
78,22,857,452,18,24,1,5,1,
78,23,864,206,40,15,1,5,1,
78,25,920,154,16,15,1,5,1,
78,26,742,64,57,21,1,5,1,
79,4,881,273,62,24,1,5,1,
79,6,779,228,28,9,1,5,1,
79,7,366,219,154,35,1,5,1,
79,15,696,216,30,18,1,5,1,
79,18,689,338,32,11,1,5,1,
79,22,857,451,18,23,1,5,1,
79,23,862,207,40,14,1,5,1,
79,25,921,155,16,15,1,5,1,
79,26,747,64,55,22,1,5,1,
80,4,886,273,61,23,1,5,1,
80,6,777,229,28,8,1,5,1,
80,7,376,219,158,35,1,5,1,
80,15,698,217,31,17,1,5,1,
80,18,687,337,32,11,1,5,1,
80,22,857,449,18,24,1,5,1,
80,23,859,207,40,15,1,5,1,
80,25,922,156,16,15,1,5,1,
80,26,752,65,55,22,1,5,1,
81,4,891,273,61,23,1,5,1,
81,6,774,229,28,8,1,5,1,
81,7,386,218,162,35,1,5,1,
81,15,700,217,30,18,1,5,1,
81,18,684,337,33,10,1,5,1,
81,22,857,447,18,24,1,5,1,
81,23,856,208,40,14,1,5,1,
81,25,923,157,16,15,1,5,1,
81,26,756,66,54,22,1,5,1,
82,4,896,273,60,23,1,5,1,
82,6,771,230,28,8,1,5,1,
82,7,397,218,165,35,1,5,1,
82,15,702,218,29,17,1,5,1,
82,18,682,336,33,11,1,5,1,
82,22,856,446,18,23,1,5,1,
82,23,854,208,39,14,1,5,1,
82,25,923,158,16,14,1,5,1,
82,26,761,68,53,22,1,5,1,
83,4,901,273,58,23,1,5,1,
83,6,768,230,29,8,1,5,1,
83,7,407,217,170,36,1,5,1,
83,15,704,218,29,17,1,5,1,
83,18,680,336,33,10,1,5,1,
83,22,856,444,18,23,1,5,1,
83,23,851,209,40,14,1,5,1,
83,25,924,159,16,14,1,5,1,
83,26,766,69,51,21,1,5,1,
84,4,906,273,53,23,1,5,1,
84,6,766,230,28,8,1,5,1,
84,7,419,217,172,36,1,5,1,
84,15,706,218,28,17,1,5,1,
84,18,677,335,33,10,1,5,1,
84,22,855,442,19,23,1,5,1,
84,23,849,210,39,13,1,5,1,
84,25,924,160,16,14,1,5,1,
84,26,771,70,49,21,1,5,1,
85,4,911,273,49,22,1,5,1,
85,6,763,231,28,8,1,5,1,
85,7,430,216,176,37,1,5,1,
85,15,708,219,27,17,1,5,1,
85,18,675,335,33,10,1,5,1,
85,22,855,441,18,22,1,5,1,
85,23,846,210,39,14,1,5,1,
85,25,924,161,16,14,1,5,1,
85,26,775,71,49,22,1,5,1,
86,4,916,273,44,22,1,5,1,
86,6,760,231,28,8,1,5,1,
86,7,443,215,178,37,1,5,1,
86,15,710,219,26,17,1,5,1,
86,18,672,334,34,10,1,5,1,
86,22,854,439,19,22,1,5,1,
86,23,843,211,39,13,1,5,1,
86,25,924,162,16,14,1,5,1,
86,26,780,72,47,22,1,5,1,
87,4,920,273,40,22,1,5,1,
87,6,759,232,26,7,1,5,1,
87,7,454,215,183,37,1,5,1,
87,15,713,220,24,16,1,5,1,
87,18,670,334,34,10,1,5,1,
87,22,854,437,18,22,1,5,1,
87,23,842,211,37,13,1,5,1,
87,25,923,162,16,15,1,5,1,
87,26,785,73,45,22,1,5,1,
88,4,924,273,36,22,1,5,1,
88,6,759,232,23,8,1,5,1,
88,7,467,214,186,38,1,5,1,
88,15,715,220,23,17,1,5,1,
88,18,667,333,34,10,1,5,1,
88,22,853,436,19,22,1,5,1,
88,23,841,212,35,13,1,5,1,
88,25,923,163,15,15,1,5,1,
88,26,789,74,43,22,1,5,1,
89,4,928,273,32,22,1,5,1,
89,6,757,232,22,8,1,5,1,
89,7,479,214,190,38,1,5,1,
89,15,717,220,22,17,1,5,1,
89,22,852,434,19,22,1,5,1,
89,23,838,212,35,13,1,5,1,
89,25,922,164,15,15,1,5,1,
89,26,793,75,38,23,1,5,1,
90,4,931,274,29,21,1,5,1,
90,6,755,232,21,8,1,5,1,
90,7,491,213,195,39,1,5,1,
90,15,719,221,21,16,1,5,1,
90,22,851,433,20,21,1,5,1,
90,23,836,213,34,12,1,5,1,
90,25,922,165,15,15,1,5,1,
90,26,798,75,32,25,1,5,1,
91,4,935,274,25,19,1,5,1,
91,6,753,233,20,7,1,5,1,
91,7,502,213,201,39,1,5,1,
91,15,720,221,20,16,1,5,1,
91,22,850,431,20,22,1,5,1,
91,23,834,213,34,13,1,5,1,
91,25,920,166,15,15,1,5,1,
91,26,803,76,28,26,1,5,1,
92,4,939,276,21,17,1,5,1,
92,6,751,233,20,8,1,5,1,
92,7,514,212,206,39,1,5,1,
92,15,720,222,19,16,1,5,1,
92,22,849,429,21,22,1,5,1,
92,23,832,214,33,12,1,5,1,
92,25,918,167,16,15,1,5,1,
92,26,807,77,23,27,1,5,1,
93,4,943,278,17,9,1,5,1,
93,6,749,233,20,8,1,5,1,
93,7,528,212,210,39,1,5,1,
93,15,719,222,19,16,1,5,1,
93,22,848,428,21,22,1,5,1,
93,23,829,214,34,13,1,5,1,
93,25,916,168,18,15,1,5,1,
93,26,810,77,18,29,1,5,1,
94,6,747,234,21,7,1,5,1,
94,7,541,211,215,40,1,5,1,
94,15,718,222,19,16,1,5,1,
94,22,847,427,21,21,1,5,1,
94,25,914,169,19,15,1,5,1,
94,26,808,78,19,30,1,5,1,
95,6,744,234,22,7,1,5,1,
95,7,552,211,222,40,1,5,1,
95,15,714,223,24,15,1,5,1,
95,22,846,425,21,22,1,5,1,
95,25,911,170,22,15,1,5,1,
95,26,807,79,19,31,1,5,1,
96,6,742,234,23,7,1,5,1,
96,7,563,210,229,41,1,5,1,
96,15,710,223,28,15,1,5,1,
96,22,845,424,21,21,1,5,1,
96,25,908,171,24,15,1,5,1,
96,26,805,80,20,32,1,5,1,
97,7,575,210,236,41,1,5,1,
97,15,707,223,32,16,1,5,1,
97,22,844,422,22,22,1,5,1,
97,25,906,171,25,15,1,5,1,
97,26,803,82,23,32,1,5,1,
98,7,586,209,245,42,1,5,1,
98,15,704,224,36,15,1,5,1,
98,22,843,421,22,22,1,5,1,
98,25,903,172,27,15,1,5,1,
98,26,801,83,25,33,1,5,1,
99,7,598,208,252,42,1,5,1,
99,15,702,224,39,15,1,5,1,
99,22,842,420,22,21,1,5,1,
99,25,900,173,29,15,1,5,1,
99,26,799,85,26,32,1,5,1,
100,7,610,208,260,42,1,5,1,
100,15,699,225,42,15,1,5,1,
100,22,840,418,23,22,1,5,1,
100,25,898,174,29,15,1,5,1,
100,26,797,87,28,32,1,5,1,
101,7,624,207,267,43,1,5,1,
101,15,697,225,43,15,1,5,1,
101,22,839,417,23,22,1,5,1,
101,25,895,175,30,15,1,5,1,
101,26,795,89,28,32,1,5,1,
102,7,639,207,272,43,1,5,1,
102,15,694,225,44,15,1,5,1,
102,22,838,416,23,21,1,5,1,
102,25,892,176,30,15,1,5,1,
102,26,793,91,29,31,1,5,1,
103,7,653,206,279,44,1,5,1,
103,15,692,226,45,14,1,5,1,
103,22,836,414,24,22,1,5,1,
103,25,890,177,30,15,1,5,1,
103,26,791,93,29,31,1,5,1,
104,7,668,205,286,44,1,5,1,
104,15,689,226,46,15,1,5,1,
104,22,835,413,24,21,1,5,1,
104,25,887,178,30,14,1,5,1,
104,26,789,95,29,30,1,5,1,
105,7,685,205,274,44,1,5,1,
105,15,687,227,45,14,1,5,1,
105,22,833,412,25,21,1,5,1,
105,25,885,179,30,14,1,5,1,
105,26,787,97,29,30,1,5,1,
106,7,701,204,259,45,1,5,1,
106,15,684,227,46,14,1,5,1,
106,22,832,411,25,21,1,5,1,
106,25,882,180,30,14,1,5,1,
106,26,785,99,29,29,1,5,1,
107,7,722,203,238,46,1,5,1,
107,15,682,228,45,13,1,5,1,
107,22,830,409,25,21,1,5,1,
107,25,880,181,29,14,1,5,1,
107,26,783,101,29,29,1,5,1,
108,7,740,203,220,46,1,5,1,
108,15,679,228,45,14,1,5,1,
108,22,828,408,26,20,1,5,1,
108,25,877,182,29,13,1,5,1,
108,26,781,103,29,28,1,5,1,
109,7,756,202,204,46,1,5,1,
109,15,677,229,45,13,1,5,1,
109,22,827,407,26,20,1,5,1,
109,25,875,183,29,13,1,5,1,
109,26,779,105,29,28,1,5,1,
110,7,776,201,184,47,1,5,1,
110,15,674,229,45,13,1,5,1,
110,22,825,406,27,19,1,5,1,
110,25,872,184,29,13,1,5,1,
110,26,776,107,30,27,1,5,1,
111,7,796,204,164,44,1,5,1,
111,15,672,229,44,13,1,5,1,
111,22,823,405,27,19,1,5,1,
111,25,870,185,28,12,1,5,1,
111,26,774,109,29,27,1,5,1,
112,7,813,206,147,42,1,5,1,
112,15,669,230,45,13,1,5,1,
112,22,822,404,27,19,1,5,1,
112,25,867,185,29,13,1,5,1,
112,26,772,110,30,27,1,5,1,
113,7,831,206,129,37,1,5,1,
113,15,667,230,45,13,1,5,1,
113,22,820,402,27,20,1,5,1,
113,25,865,186,29,13,1,5,1,
113,26,770,112,30,26,1,5,1,
114,7,850,212,110,27,1,5,1,
114,15,664,230,45,13,1,5,1,
114,22,818,401,28,19,1,5,1,
114,25,862,187,29,12,1,5,1,
114,26,768,114,30,26,1,5,1,
115,7,868,214,92,19,1,5,1,
115,15,662,231,45,12,1,5,1,
115,22,816,400,29,19,1,5,1,
115,25,860,188,29,12,1,5,1,
115,26,765,115,31,26,1,5,1,
116,15,659,231,45,13,1,5,1,
116,22,814,399,29,19,1,5,1,
116,25,857,189,29,12,1,5,1,
116,26,763,117,31,25,1,5,1,
117,15,657,231,45,13,1,5,1,
117,22,812,398,30,18,1,5,1,
117,25,855,189,28,12,1,5,1,
117,26,761,118,30,25,1,5,1,
118,15,654,232,46,12,1,5,1,
118,22,811,397,29,18,1,5,1,
118,25,852,190,29,12,1,5,1,
118,26,759,120,31,24,1,5,1,
119,15,652,232,46,12,1,5,1,
119,22,808,396,31,18,1,5,1,
119,25,850,191,29,12,1,5,1,
119,26,756,121,32,25,1,5,1,
120,15,649,232,47,12,1,5,1,
120,22,804,395,34,18,1,5,1,
120,25,847,191,30,12,1,5,1,
120,26,754,122,32,25,1,5,1,
121,22,799,395,37,17,1,5,1,
121,25,845,192,30,12,1,5,1,
121,26,752,124,32,24,1,5,1,
122,22,794,394,41,17,1,5,1,
122,25,842,193,31,11,1,5,1,
122,26,750,125,33,24,1,5,1,
123,22,790,393,44,17,1,5,1,
123,25,840,193,31,12,1,5,1,
123,26,747,126,34,24,1,5,1,
124,22,786,392,47,17,1,5,1,
124,25,838,194,31,12,1,5,1,
124,26,745,127,34,24,1,5,1,
125,22,783,391,49,17,1,5,1,
125,25,835,194,32,12,1,5,1,
125,26,743,129,34,23,1,5,1,
126,22,779,390,52,17,1,5,1,
126,25,833,195,32,12,1,5,1,
126,26,740,130,35,23,1,5,1,
127,22,776,389,54,17,1,5,1,
127,25,830,196,33,11,1,5,1,
127,26,738,131,35,23,1,5,1,
128,9,947,382,12,6,1,5,1,
128,25,828,196,32,12,1,5,1,
128,26,736,132,36,23,1,5,1,
129,9,942,381,17,8,1,5,1,
129,25,826,197,32,11,1,5,1,
129,26,733,133,36,23,1,5,1,
130,9,937,380,22,9,1,5,1,
130,25,823,198,33,11,1,5,1,
130,26,731,135,36,22,1,5,1,
131,9,933,379,26,10,1,5,1,
131,25,821,198,33,11,1,5,1,
131,26,729,136,36,22,1,5,1,
132,9,928,378,31,11,1,5,1,
132,25,819,199,32,11,1,5,1,
132,26,726,137,37,22,1,5,1,
133,9,923,377,36,12,1,5,1,
133,25,816,199,33,11,1,5,1,
133,26,724,138,37,22,1,5,1,
134,2,953,150,6,8,1,5,1,
134,9,919,376,40,13,1,5,1,
134,25,814,200,32,11,1,5,1,
134,26,722,140,37,21,1,5,1,
135,2,951,150,8,9,1,5,1,
135,9,914,375,45,13,1,5,1,
135,25,812,201,31,10,1,5,1,
135,26,719,141,37,21,1,5,1,
136,2,949,150,10,10,1,5,1,
136,9,910,374,49,13,1,5,1,
136,25,809,201,32,11,1,5,1,
136,26,717,142,36,21,1,5,1,
137,9,905,373,54,13,1,5,1,
137,25,807,202,31,10,1,5,1,
137,26,714,144,36,20,1,5,1,
138,9,901,372,58,14,1,5,1,
138,25,805,203,30,10,1,5,1,
138,26,712,145,36,20,1,5,1,
139,9,897,371,62,15,1,5,1,
139,26,710,146,35,20,1,5,1,
140,9,892,371,66,15,1,5,1,
140,26,707,147,36,19,1,5,1,
141,9,888,370,67,15,1,5,1,
141,26,705,148,37,19,1,5,1,
142,9,884,369,67,15,1,5,1,
142,26,703,149,37,19,1,5,1,
143,5,427,339,15,13,1,5,1,
143,9,880,368,67,15,1,5,1,
143,26,700,150,38,19,1,5,1,
144,5,427,339,17,14,1,5,1,
144,9,875,368,68,14,1,5,1,
145,5,427,340,19,13,1,5,1,
145,9,871,367,68,15,1,5,1,
146,5,427,340,21,14,1,5,1,
146,9,867,366,68,15,1,5,1,
147,5,427,340,23,14,1,5,1,
147,9,863,365,69,15,1,5,1,
148,5,427,341,25,14,1,5,1,
148,9,859,365,69,14,1,5,1,
149,5,428,341,26,15,1,5,1,
149,9,855,364,70,15,1,5,1,
150,5,428,342,28,14,1,5,1,
150,9,851,363,70,15,1,5,1,
