1,1,589,247,21,18,1,5,1,
1,2,88,122,72,26,1,5,1,
1,3,867,319,92,30,1,5,1,
1,4,366,383,136,53,1,5,1,
1,5,609,263,64,16,1,5,1,
1,6,895,482,65,26,1,5,1,
1,8,803,277,105,25,1,5,1,
1,9,203,495,60,15,1,5,1,
1,10,652,254,151,32,1,5,1,
1,11,45,331,109,23,1,5,1,
1,12,184,324,55,25,1,5,1,
1,13,223,203,44,10,1,5,1,
1,14,750,498,52,26,1,5,1,
1,15,346,508,53,31,1,5,1,
1,16,434,293,63,18,1,5,1,
1,17,923,55,36,44,1,5,1,
1,18,0,510,29,20,1,5,1,
1,19,618,231,53,14,1,5,1,
1,20,39,436,47,37,1,5,1,
1,21,852,245,37,11,1,5,1,
1,22,459,117,58,27,1,5,1,
1,23,15,210,83,22,1,5,1,
1,24,479,232,61,24,1,5,1,
1,25,359,0,61,97,1,5,1,
1,26,783,0,102,50,1,5,1,
1,27,387,-15,26,31,1,5,1,
1,28,729,490,69,28,1,5,1,
1,29,333,118,41,15,1,5,1,
2,1,591,248,20,17,1,5,1,
2,2,93,124,74,26,1,5,1,
2,3,865,318,90,29,1,5,1,
2,4,358,383,131,58,1,5,1,
2,5,613,263,69,16,1,5,1,
2,6,903,484,57,26,1,5,1,
2,7,441,0,39,8,1,5,1,
2,8,816,277,96,25,1,5,1,
2,9,210,494,61,15,1,5,1,
2,10,640,254,148,32,1,5,1,
2,11,33,332,112,22,1,5,1,
2,12,193,324,47,26,1,5,1,
2,13,230,203,43,10,1,5,1,
2,14,745,496,54,26,1,5,1,
2,15,341,508,52,35,1,5,1,
2,16,438,293,69,19,1,5,1,
2,17,921,57,36,45,1,5,1,
2,18,0,512,34,19,1,5,1,
2,19,621,230,58,15,1,5,1,
2,20,38,438,41,38,1,5,1,
2,21,854,245,43,11,1,5,1,
2,22,463,120,61,25,1,5,1,
2,23,12,209,76,22,1,5,1,
2,24,479,232,53,24,1,5,1,
2,25,359,2,47,101,1,5,1,
2,26,779,0,100,54,1,5,1,
2,27,388,-21,21,36,1,5,1,
2,28,727,488,64,30,1,5,1,
2,29,335,117,47,15,1,5,1,
3,1,593,248,21,17,1,5,1,
3,2,99,125,75,26,1,5,1,
3,3,865,316,71,29,1,5,1,
3,4,350,384,126,62,1,5,1,
3,5,617,263,73,16,1,5,1,
3,6,912,487,48,24,1,5,1,
3,8,830,277,85,25,1,5,1,
3,9,218,494,60,14,1,5,1,
3,10,630,254,141,32,1,5,1,
3,11,21,332,115,23,1,5,1,
3,12,201,325,39,27,1,5,1,
3,13,236,203,42,10,1,5,1,
3,14,741,494,54,25,1,5,1,
3,15,339,509,48,34,1,5,1,
3,16,443,293,74,19,1,5,1,
3,17,918,58,37,47,1,5,1,
3,18,0,514,40,19,1,5,1,
3,19,624,230,63,15,1,5,1,
3,20,39,441,32,37,1,5,1,
3,21,856,244,49,12,1,5,1,
3,22,468,121,62,24,1,5,1,
3,23,10,208,68,23,1,5,1,
3,24,481,233,42,23,1,5,1,
3,25,361,9,42,99,1,5,1,
3,26,776,0,91,59,1,5,1,
3,27,390,-26,15,40,1,5,1,
3,28,726,485,58,31,1,5,1,
3,29,339,116,52,15,1,5,1,
4,1,593,248,27,18,1,5,1,
4,2,106,127,74,25,1,5,1,
4,3,863,315,56,28,1,5,1,
4,4,343,383,119,72,1,5,1,
4,5,622,263,76,17,1,5,1,
4,6,922,489,38,23,1,5,1,
4,7,429,-3,52,9,1,5,1,
4,8,842,277,78,25,1,5,1,
4,9,226,494,59,14,1,5,1,
4,10,622,254,131,31,1,5,1,
4,11,10,333,115,23,1,5,1,
4,12,208,326,36,27,1,5,1,
4,13,243,203,39,10,1,5,1,
4,14,737,492,54,25,1,5,1,
4,15,337,510,43,34,1,5,1,
4,16,450,293,76,19,1,5,1,
4,17,917,61,36,46,1,5,1,
4,18,3,516,43,18,1,5,1,
4,19,629,230,65,15,1,5,1,
4,20,40,443,25,37,1,5,1,
4,21,859,244,55,11,1,5,1,
4,22,474,123,63,23,1,5,1,
4,23,9,207,58,23,1,5,1,
4,24,480,233,34,22,1,5,1,
4,25,364,17,41,96,1,5,1,
4,26,773,0,82,63,1,5,1,
4,28,725,483,52,32,1,5,1,
4,29,343,115,57,16,1,5,1,
5,1,595,249,31,17,1,5,1,
5,2,113,129,74,23,1,5,1,
5,3,862,314,42,27,1,5,1,
5,4,337,382,110,83,1,5,1,
5,5,628,263,77,17,1,5,1,
5,7,427,-6,49,11,1,5,1,
5,8,847,277,86,25,1,5,1,
5,9,235,493,57,15,1,5,1,
5,10,616,254,119,30,1,5,1,
5,11,0,333,113,24,1,5,1,
5,12,207,327,44,26,1,5,1,
5,13,250,203,36,10,1,5,1,
5,14,734,490,52,25,1,5,1,
5,15,333,512,40,32,1,5,1,
5,16,457,293,78,19,1,5,1,
5,17,916,64,39,46,1,5,1,
5,18,9,516,40,20,1,5,1,
5,19,634,230,68,15,1,5,1,
5,20,39,446,25,36,1,5,1,
5,21,864,243,59,12,1,5,1,
5,22,481,124,62,22,1,5,1,
5,23,11,205,46,24,1,5,1,
5,24,480,234,27,21,1,5,1,
5,25,369,25,39,92,1,5,1,
5,26,772,2,69,65,1,5,1,
5,28,726,480,45,33,1,5,1,
5,29,349,115,59,15,1,5,1,
6,1,597,249,35,17,1,5,1,
6,2,120,131,72,22,1,5,1,
6,3,863,314,36,26,1,5,1,
6,4,333,383,100,92,1,5,1,
6,5,635,263,78,17,1,5,1,
6,8,854,277,88,25,1,5,1,
6,9,244,494,54,14,1,5,1,
6,10,611,254,106,29,1,5,1,
6,11,0,334,102,24,1,5,1,
6,12,206,328,55,26,1,5,1,
6,13,256,203,33,10,1,5,1,
6,14,732,488,50,25,1,5,1,
6,15,331,514,35,30,1,5,1,
6,16,466,294,78,18,1,5,1,
6,17,914,66,45,46,1,5,1,
6,18,12,518,43,19,1,5,1,
6,19,640,230,70,16,1,5,1,
6,20,37,449,26,35,1,5,1,
6,21,868,243,64,12,1,5,1,
6,22,488,125,60,22,1,5,1,
6,23,14,204,35,25,1,5,1,
6,24,481,234,22,21,1,5,1,
6,25,367,34,46,86,1,5,1,
6,26,772,7,57,64,1,5,1,
6,28,726,478,40,32,1,5,1,
6,29,356,114,61,16,1,5,1,
7,1,599,249,40,17,1,5,1,
7,2,128,133,70,20,1,5,1,
7,3,866,313,35,25,1,5,1,
7,4,332,385,87,102,1,5,1,
7,5,642,263,78,17,1,5,1,
7,8,859,277,97,26,1,5,1,
7,9,252,494,51,15,1,5,1,
7,10,608,254,92,28,1,5,1,
7,11,-7,334,97,25,1,5,1,
7,12,206,329,65,26,1,5,1,
7,13,262,203,30,10,1,5,1,
7,14,729,486,48,25,1,5,1,
7,15,329,517,31,27,1,5,1,
7,16,475,294,77,18,1,5,1,
7,17,912,69,41,45,1,5,1,
7,18,16,520,45,19,1,5,1,
7,19,647,230,70,16,1,5,1,
7,20,36,451,27,35,1,5,1,
7,21,874,243,67,12,1,5,1,
7,22,495,126,58,22,1,5,1,
7,23,12,203,37,25,1,5,1,
7,24,483,234,21,21,1,5,1,
7,25,363,42,60,81,1,5,1,
7,26,773,13,44,62,1,5,1,
7,28,728,476,33,32,1,5,1,
7,29,363,114,62,16,1,5,1,
8,1,603,250,43,17,1,5,1,
8,2,136,134,67,20,1,5,1,
8,3,868,312,34,25,1,5,1,
8,4,333,388,72,110,1,5,1,
8,5,650,263,77,17,1,5,1,
8,8,868,277,92,26,1,5,1,
8,9,260,493,48,17,1,5,1,
8,10,606,254,77,27,1,5,1,
8,11,-14,335,91,25,1,5,1,
8,12,209,329,70,27,1,5,1,
8,13,268,202,25,11,1,5,1,
8,14,726,484,46,24,1,5,1,
8,15,329,521,25,23,1,5,1,
8,16,485,294,74,19,1,5,1,
8,17,912,73,32,42,1,5,1,
8,18,20,521,47,19,1,5,1,
8,19,654,231,69,16,1,5,1,
8,20,35,453,27,36,1,5,1,
8,21,881,242,69,12,1,5,1,
8,22,502,127,56,22,1,5,1,
8,23,12,202,39,26,1,5,1,
8,24,486,234,20,21,1,5,1,
8,25,362,50,72,76,1,5,1,
8,26,771,19,35,59,1,5,1,
8,28,729,474,27,31,1,5,1,
8,29,371,114,62,15,1,5,1,
9,1,607,250,46,17,1,5,1,
9,2,143,136,64,18,1,5,1,
9,3,870,312,33,24,1,5,1,
9,4,337,391,58,119,1,5,1,
9,5,657,263,78,17,1,5,1,
9,8,877,277,83,26,1,5,1,
9,9,268,493,45,19,1,5,1,
9,10,605,254,62,27,1,5,1,
9,11,-20,335,85,26,1,5,1,
9,12,213,330,73,27,1,5,1,
9,13,273,202,21,10,1,5,1,
9,14,724,482,43,24,1,5,1,
9,15,329,525,19,19,1,5,1,
9,16,495,294,71,19,1,5,1,
9,17,913,77,32,39,1,5,1,
9,18,25,523,49,18,1,5,1,
9,19,662,231,67,16,1,5,1,
9,20,34,454,28,37,1,5,1,
9,21,889,242,70,12,1,5,1,
9,22,508,128,55,22,1,5,1,
9,23,13,202,39,25,1,5,1,
9,24,487,234,23,21,1,5,1,
9,25,362,58,83,70,1,5,1,
9,26,770,24,27,56,1,5,1,
9,28,730,473,21,29,1,5,1,
9,29,379,113,62,16,1,5,1,
10,1,610,251,51,17,1,5,1,
10,2,151,138,59,17,1,5,1,
10,3,871,311,34,24,1,5,1,
10,4,339,396,56,126,1,5,1,
10,5,664,263,79,18,1,5,1,
10,8,886,277,74,26,1,5,1,
10,9,275,494,43,20,1,5,1,
10,10,605,255,48,26,1,5,1,
10,11,-24,336,77,26,1,5,1,
10,12,218,330,76,27,1,5,1,
10,13,278,201,17,11,1,5,1,
10,14,722,480,41,24,1,5,1,
10,16,505,294,66,18,1,5,1,
10,17,915,81,32,35,1,5,1,
10,18,30,524,51,18,1,5,1,
10,19,670,231,64,16,1,5,1,
10,20,33,456,28,37,1,5,1,
10,21,897,242,63,12,1,5,1,
10,22,512,129,57,22,1,5,1,
10,23,14,201,40,25,1,5,1,
10,24,485,235,32,20,1,5,1,
10,25,364,65,92,65,1,5,1,
10,26,771,30,26,53,1,5,1,
10,28,731,472,17,27,1,5,1,
10,29,386,113,63,16,1,5,1,
11,1,615,251,53,17,1,5,1,
11,2,158,139,55,16,1,5,1,
11,3,875,310,32,23,1,5,1,
11,4,338,401,59,133,1,5,1,
11,5,671,263,80,17,1,5,1,
11,8,895,277,65,25,1,5,1,
11,9,280,495,45,20,1,5,1,
11,10,604,255,39,26,1,5,1,
11,11,-26,336,68,28,1,5,1,
11,12,220,331,84,26,1,5,1,
11,13,281,200,16,11,1,5,1,
11,14,720,478,39,23,1,5,1,
11,16,516,294,59,18,1,5,1,
11,17,917,84,31,34,1,5,1,
11,18,33,526,56,17,1,5,1,
11,19,678,232,60,15,1,5,1,
11,20,33,459,28,37,1,5,1,
11,21,905,242,55,12,1,5,1,
11,22,516,129,59,23,1,5,1,
11,23,12,200,39,26,1,5,1,
11,24,485,235,39,20,1,5,1,
11,25,368,71,100,61,1,5,1,
11,26,773,36,25,48,1,5,1,
11,28,732,472,15,24,1,5,1,
11,29,394,113,63,16,1,5,1,
12,1,621,251,53,17,1,5,1,
12,2,166,139,49,16,1,5,1,
12,3,878,310,32,23,1,5,1,
12,4,339,408,61,135,1,5,1,
12,5,678,263,80,17,1,5,1,
12,8,904,279,56,23,1,5,1,
12,9,285,497,46,19,1,5,1,
12,10,604,255,31,26,1,5,1,
12,11,-26,337,56,28,1,5,1,
12,12,224,331,89,26,1,5,1,
12,13,283,200,15,10,1,5,1,
12,14,718,476,37,23,1,5,1,
12,16,526,294,52,17,1,5,1,
12,17,918,86,31,33,1,5,1,
12,18,38,527,59,16,1,5,1,
12,19,687,232,54,15,1,5,1,
12,20,32,461,29,37,1,5,1,
12,21,914,241,46,13,1,5,1,
12,22,520,131,61,22,1,5,1,
12,23,11,199,40,26,1,5,1,
12,24,486,235,46,20,1,5,1,
12,25,373,77,106,56,1,5,1,
12,26,775,42,25,44,1,5,1,
12,28,733,471,16,23,1,5,1,
12,29,402,113,63,16,1,5,1,
13,1,627,251,53,17,1,5,1,
13,2,173,139,43,16,1,5,1,
13,3,881,309,31,23,1,5,1,
13,4,342,415,64,128,1,5,1,
13,5,686,263,80,17,1,5,1,
13,8,914,279,46,23,1,5,1,
13,9,290,499,48,18,1,5,1,
13,10,606,256,28,24,1,5,1,
13,11,-25,337,44,22,1,5,1,
13,12,230,331,91,26,1,5,1,
13,13,285,199,15,11,1,5,1,
13,14,716,474,35,23,1,5,1,
13,16,531,293,55,18,1,5,1,
13,17,920,87,30,34,1,5,1,
13,18,44,528,60,15,1,5,1,
13,19,694,232,50,15,1,5,1,
13,20,32,463,29,37,1,5,1,
13,21,924,241,36,12,1,5,1,
13,22,525,132,63,22,1,5,1,
13,23,12,198,40,27,1,5,1,
13,24,488,235,52,20,1,5,1,
13,25,380,83,111,51,1,5,1,
13,26,772,47,33,39,1,5,1,
13,28,734,469,15,23,1,5,1,
13,29,410,112,63,16,1,5,1,
14,1,633,251,53,17,1,5,1,
14,2,179,139,38,16,1,5,1,
14,3,884,309,31,22,1,5,1,
14,4,333,423,85,120,1,5,1,
14,5,693,263,80,17,1,5,1,
14,8,924,282,36,16,1,5,1,
14,9,295,500,50,18,1,5,1,
14,10,609,255,26,25,1,5,1,
14,12,236,331,95,27,1,5,1,
14,13,286,198,16,11,1,5,1,
14,14,714,471,34,23,1,5,1,
14,16,535,293,60,18,1,5,1,
14,17,921,89,31,33,1,5,1,
14,18,51,528,61,15,1,5,1,
14,19,700,232,49,15,1,5,1,
14,20,32,465,29,38,1,5,1,
14,21,933,242,27,10,1,5,1,
14,22,530,134,64,21,1,5,1,
14,23,14,197,40,27,1,5,1,
14,24,490,236,59,19,1,5,1,
14,25,387,89,116,46,1,5,1,
14,26,769,53,43,34,1,5,1,
14,28,735,468,15,23,1,5,1,
14,29,418,112,63,16,1,5,1,
15,1,639,251,53,16,1,5,1,
15,2,186,139,30,15,1,5,1,
15,3,886,308,31,22,1,5,1,
15,4,326,431,111,112,1,5,1,
15,5,701,263,80,17,1,5,1,
15,9,300,502,53,17,1,5,1,
15,10,612,255,26,24,1,5,1,
15,12,242,332,98,27,1,5,1,
15,13,288,197,17,11,1,5,1,
15,14,712,469,33,23,1,5,1,
15,16,540,293,64,17,1,5,1,
15,17,922,91,31,32,1,5,1,
15,18,57,529,63,14,1,5,1,
15,19,704,232,50,15,1,5,1,
15,20,32,467,30,38,1,5,1,
15,22,534,136,67,21,1,5,1,
15,23,15,196,42,27,1,5,1,
15,24,494,236,64,19,1,5,1,
15,25,396,94,119,42,1,5,1,
15,26,768,57,51,31,1,5,1,
15,28,735,466,15,23,1,5,1,
15,29,426,112,64,16,1,5,1,
16,1,644,251,54,16,1,5,1,
16,2,191,138,25,16,1,5,1,
16,3,889,307,30,22,1,5,1,
16,4,321,440,138,104,1,5,1,
16,5,707,263,81,17,1,5,1,
16,9,305,503,56,16,1,5,1,
16,10,613,255,29,23,1,5,1,
16,12,249,332,100,27,1,5,1,
16,13,289,197,18,11,1,5,1,
16,14,710,468,32,22,1,5,1,
16,16,546,293,65,17,1,5,1,
16,17,923,92,30,33,1,5,1,
16,18,64,529,64,14,1,5,1,
16,19,709,232,50,15,1,5,1,
16,20,32,469,30,38,1,5,1,
16,22,539,138,69,20,1,5,1,
16,23,14,195,46,28,1,5,1,
16,24,499,236,67,19,1,5,1,
16,25,404,98,122,39,1,5,1,
16,26,770,60,52,29,1,5,1,
16,28,736,465,15,22,1,5,1,
16,29,434,112,64,16,1,5,1,
17,1,650,251,54,16,1,5,1,
17,2,196,137,21,16,1,5,1,
17,3,892,307,30,21,1,5,1,
17,4,318,450,165,94,1,5,1,
17,5,715,263,81,17,1,5,1,
17,9,311,504,58,15,1,5,1,
17,10,611,255,40,23,1,5,1,
17,12,256,332,103,27,1,5,1,
17,13,291,196,19,11,1,5,1,
17,14,708,466,31,21,1,5,1,
17,16,553,293,65,17,1,5,1,
17,17,924,94,30,32,1,5,1,
17,18,71,529,65,14,1,5,1,
17,19,714,233,52,15,1,5,1,
17,20,33,471,30,39,1,5,1,
17,22,545,140,70,18,1,5,1,
17,23,14,194,49,28,1,5,1,
17,24,504,236,71,19,1,5,1,
17,25,414,103,124,35,1,5,1,
17,26,774,62,52,28,1,5,1,
17,28,736,463,15,22,1,5,1,
17,29,442,111,64,16,1,5,1,
18,1,655,251,55,16,1,5,1,
18,2,198,136,19,15,1,5,1,
18,3,895,306,29,21,1,5,1,
18,4,317,459,191,85,1,5,1,
18,5,722,263,82,17,1,5,1,
18,9,318,504,58,16,1,5,1,
18,10,611,255,49,23,1,5,1,
18,12,263,332,106,27,1,5,1,
18,13,293,195,20,11,1,5,1,
18,14,706,464,30,21,1,5,1,
18,16,560,292,66,18,1,5,1,
18,17,925,96,29,32,1,5,1,
18,18,78,529,66,14,1,5,1,
18,19,719,233,52,15,1,5,1,
18,20,33,473,31,39,1,5,1,
18,22,550,141,72,17,1,5,1,
18,23,12,193,57,28,1,5,1,
18,24,510,236,75,19,1,5,1,
18,25,425,105,125,33,1,5,1,
18,26,779,63,50,28,1,5,1,
18,28,737,462,14,22,1,5,1,
18,29,450,111,64,16,1,5,1,
19,1,662,251,53,16,1,5,1,
19,2,197,134,20,16,1,5,1,
19,3,898,306,29,21,1,5,1,
19,4,319,470,215,74,1,5,1,
19,5,730,263,81,17,1,5,1,
19,9,326,504,58,16,1,5,1,
19,10,612,255,57,23,1,5,1,
19,11,0,344,19,31,1,5,1,
19,12,272,332,106,27,1,5,1,
19,13,294,194,24,12,1,5,1,
19,14,704,462,29,21,1,5,1,
19,16,568,292,65,17,1,5,1,
19,17,925,97,29,32,1,5,1,
19,18,86,529,66,14,1,5,1,
19,19,726,233,50,16,1,5,1,
19,20,34,476,31,39,1,5,1,
19,22,557,141,72,17,1,5,1,
19,23,8,192,70,29,1,5,1,
19,24,517,236,76,18,1,5,1,
19,25,436,105,124,33,1,5,1,
19,26,784,64,48,29,1,5,1,
19,28,737,460,15,22,1,5,1,
19,29,459,111,64,16,1,5,1,
20,1,668,251,53,16,1,5,1,
20,2,197,132,19,17,1,5,1,
20,3,900,305,30,21,1,5,1,
20,4,324,480,238,63,1,5,1,
20,5,738,262,81,18,1,5,1,
20,9,333,504,59,16,1,5,1,
20,10,614,255,65,23,1,5,1,
20,11,0,345,22,31,1,5,1,
20,12,281,333,106,27,1,5,1,
20,13,295,193,29,12,1,5,1,
20,14,702,460,29,20,1,5,1,
20,16,576,292,64,17,1,5,1,
20,17,925,98,29,33,1,5,1,
20,18,94,529,67,14,1,5,1,
20,19,732,233,49,16,1,5,1,
20,20,35,478,31,39,1,5,1,
20,22,564,141,71,17,1,5,1,
20,23,9,191,76,29,1,5,1,
20,24,526,236,75,19,1,5,1,
20,25,447,105,124,33,1,5,1,
20,26,788,65,47,29,1,5,1,
20,28,737,459,15,21,1,5,1,
20,29,467,110,64,16,1,5,1,
21,1,675,251,52,16,1,5,1,
21,2,196,131,20,17,1,5,1,
21,3,903,305,29,20,1,5,1,
21,4,334,490,249,54,1,5,1,
21,5,747,262,79,18,1,5,1,
21,9,341,504,58,16,1,5,1,
21,10,618,255,72,23,1,5,1,
21,11,0,346,26,32,1,5,1,
21,12,291,333,106,27,1,5,1,
21,13,297,192,31,12,1,5,1,
21,14,700,458,28,20,1,5,1,
21,16,583,292,65,17,1,5,1,
21,17,925,100,29,32,1,5,1,
21,18,102,529,67,14,1,5,1,
21,19,737,233,48,16,1,5,1,
21,20,36,480,31,39,1,5,1,
21,22,571,140,71,18,1,5,1,
21,23,13,191,78,29,1,5,1,
21,24,536,237,73,19,1,5,1,
21,25,458,105,123,33,1,5,1,
21,26,793,66,44,29,1,5,1,
21,28,738,457,14,21,1,5,1,
21,29,476,110,63,16,1,5,1,
22,1,681,251,52,16,1,5,1,
22,2,196,129,20,18,1,5,1,
22,3,906,305,29,19,1,5,1,
22,4,347,497,257,47,1,5,1,
22,5,754,262,80,18,1,5,1,
22,9,348,504,59,16,1,5,1,
22,10,624,256,76,22,1,5,1,
22,11,0,346,29,33,1,5,1,
22,12,299,333,107,26,1,5,1,
22,13,300,192,33,12,1,5,1,
22,14,699,457,27,19,1,5,1,
22,16,591,292,64,17,1,5,1,
22,17,925,102,28,32,1,5,1,
22,18,110,529,68,14,1,5,1,
22,19,743,234,47,15,1,5,1,
22,20,36,483,33,39,1,5,1,
22,22,577,140,71,18,1,5,1,
22,23,17,190,81,29,1,5,1,
22,24,544,238,72,18,1,5,1,
22,25,468,105,124,33,1,5,1,
22,26,797,67,43,29,1,5,1,
22,28,738,456,15,20,1,5,1,
22,29,483,109,65,16,1,5,1,
23,1,687,251,51,16,1,5,1,
23,2,196,128,20,17,1,5,1,
23,3,909,304,29,20,1,5,1,
23,4,363,502,261,42,1,5,1,
23,5,762,262,79,18,1,5,1,
23,9,356,504,58,15,1,5,1,
23,10,632,256,75,22,1,5,1,
23,11,0,347,32,34,1,5,1,
23,12,308,333,107,26,1,5,1,
23,13,304,191,34,12,1,5,1,
23,14,697,455,27,19,1,5,1,
23,16,598,292,63,17,1,5,1,
23,17,924,103,29,32,1,5,1,
23,18,118,528,68,15,1,5,1,
23,19,748,234,47,15,1,5,1,
23,20,37,485,34,39,1,5,1,
23,22,583,140,72,17,1,5,1,
23,23,22,189,83,30,1,5,1,
23,24,553,238,71,18,1,5,1,
23,25,479,105,123,33,1,5,1,
23,26,801,69,41,28,1,5,1,
23,28,738,454,15,21,1,5,1,
23,29,492,109,64,16,1,5,1,
24,1,693,251,51,16,1,5,1,
24,2,196,126,20,18,1,5,1,
24,3,912,304,28,19,1,5,1,
24,4,381,506,267,38,1,5,1,
24,5,769,262,79,18,1,5,1,
24,9,363,504,59,15,1,5,1,
24,10,641,256,73,22,1,5,1,
24,11,0,348,37,34,1,5,1,
24,12,316,333,109,27,1,5,1,
24,13,308,191,36,12,1,5,1,
24,14,695,453,26,19,1,5,1,
24,16,606,292,62,17,1,5,1,
24,17,924,105,28,31,1,5,1,
24,18,126,528,69,15,1,5,1,
24,19,753,234,46,15,1,5,1,
24,20,37,487,36,39,1,5,1,
24,22,590,139,72,18,1,5,1,
24,23,27,188,86,31,1,5,1,
24,24,561,238,70,18,1,5,1,
24,25,489,105,123,33,1,5,1,
24,26,805,70,40,29,1,5,1,
24,28,738,453,15,20,1,5,1,
24,29,500,108,65,17,1,5,1,
25,1,699,251,50,16,1,5,1,
25,2,196,125,20,18,1,5,1,
25,3,915,303,28,20,1,5,1,
25,4,400,509,273,35,1,5,1,
25,5,777,262,79,18,1,5,1,
25,9,371,504,59,15,1,5,1,
25,10,649,256,73,22,1,5,1,
25,11,0,350,47,33,1,5,1,
25,12,325,333,110,27,1,5,1,
25,13,313,190,36,12,1,5,1,
25,14,693,451,26,19,1,5,1,
25,16,613,292,62,16,1,5,1,
25,17,923,106,27,32,1,5,1,
25,18,134,528,69,15,1,5,1,
25,19,758,234,45,15,1,5,1,
25,20,37,489,38,40,1,5,1,
25,22,596,139,72,18,1,5,1,
25,23,32,188,89,30,1,5,1,
25,24,569,238,69,19,1,5,1,
25,25,500,105,122,33,1,5,1,
25,26,808,71,39,29,1,5,1,
25,28,738,452,15,20,1,5,1,
25,29,508,108,66,16,1,5,1,
26,1,705,252,49,15,1,5,1,
26,2,196,123,21,18,1,5,1,
26,3,918,303,27,19,1,5,1,
26,4,419,512,278,32,1,5,1,
26,5,784,262,81,19,1,5,1,
26,9,379,504,58,15,1,5,1,
26,10,658,256,71,22,1,5,1,
26,11,0,351,57,34,1,5,1,
26,12,335,333,109,27,1,5,1,
26,13,317,189,38,13,1,5,1,
26,14,692,450,25,18,1,5,1,
26,16,621,292,61,16,1,5,1,
26,17,922,108,28,31,1,5,1,
26,18,142,527,70,16,1,5,1,
26,19,764,234,43,15,1,5,1,
26,20,38,492,39,39,1,5,1,
26,22,603,139,72,18,1,5,1,
26,23,37,187,91,31,1,5,1,
26,24,577,238,69,19,1,5,1,
26,25,510,106,122,32,1,5,1,
26,26,812,72,37,29,1,5,1,
26,28,738,450,15,20,1,5,1,
26,29,517,108,65,16,1,5,1,
27,1,711,252,49,15,1,5,1,
27,2,196,122,21,18,1,5,1,
27,3,919,303,28,18,1,5,1,
27,4,439,514,283,30,1,5,1,
27,5,791,262,82,19,1,5,1,
27,6,945,465,14,12,1,5,1,
27,9,386,503,59,16,1,5,1,
27,10,666,256,70,22,1,5,1,
27,11,0,353,69,34,1,5,1,
27,12,344,334,110,26,1,5,1,
27,13,322,189,38,12,1,5,1,
27,14,690,448,25,18,1,5,1,
27,16,628,292,60,16,1,5,1,
27,17,921,110,29,31,1,5,1,
27,18,151,526,70,16,1,5,1,
27,19,767,234,47,15,1,5,1,
27,20,39,494,41,39,1,5,1,
27,22,609,139,72,18,1,5,1,
27,23,42,186,94,31,1,5,1,
27,24,585,238,68,19,1,5,1,
27,25,521,106,121,33,1,5,1,
27,26,815,74,37,28,1,5,1,
27,28,739,449,14,19,1,5,1,
27,29,525,107,66,17,1,5,1,
28,1,717,252,48,15,1,5,1,
28,2,196,120,22,19,1,5,1,
28,3,921,302,27,19,1,5,1,
28,4,460,517,287,27,1,5,1,
28,5,799,262,82,19,1,5,1,
28,6,942,463,17,14,1,5,1,
28,9,394,503,58,15,1,5,1,
28,10,674,256,69,21,1,5,1,
28,11,0,354,80,34,1,5,1,
28,12,354,334,110,27,1,5,1,
28,13,327,188,39,13,1,5,1,
28,14,688,447,25,17,1,5,1,
28,16,636,292,58,16,1,5,1,
28,17,920,112,29,30,1,5,1,
28,18,160,526,69,15,1,5,1,
28,19,769,235,53,15,1,5,1,
28,20,40,496,42,39,1,5,1,
28,22,616,139,72,18,1,5,1,
28,23,48,186,97,31,1,5,1,
28,24,593,239,67,18,1,5,1,
28,25,532,106,120,33,1,5,1,
28,26,818,75,37,28,1,5,1,
28,28,739,447,14,20,1,5,1,
28,29,534,107,66,16,1,5,1,
29,1,723,252,47,15,1,5,1,
29,2,196,118,22,19,1,5,1,
29,3,923,302,27,18,1,5,1,
29,5,806,262,84,19,1,5,1,
29,6,938,461,21,17,1,5,1,
29,9,402,503,58,15,1,5,1,
29,10,682,256,67,21,1,5,1,
29,11,0,355,91,34,1,5,1,
29,12,363,334,111,27,1,5,1,
29,13,332,187,40,13,1,5,1,
29,14,687,445,24,17,1,5,1,
29,16,643,291,58,17,1,5,1,
29,17,919,114,26,29,1,5,1,
29,18,168,525,70,15,1,5,1,
29,19,772,235,58,15,1,5,1,
29,20,42,499,43,39,1,5,1,
29,22,623,139,71,18,1,5,1,
29,23,54,185,99,31,1,5,1,
29,24,601,239,66,18,1,5,1,
29,25,542,106,120,33,1,5,1,
29,26,820,77,39,27,1,5,1,
29,28,738,446,15,19,1,5,1,
29,29,542,106,66,17,1,5,1,
30,1,728,252,47,15,1,5,1,
30,2,197,117,22,19,1,5,1,
30,3,925,302,27,18,1,5,1,
30,5,814,262,84,19,1,5,1,
30,6,934,459,25,18,1,5,1,
30,9,409,503,58,15,1,5,1,
30,10,690,256,66,21,1,5,1,
30,11,0,355,102,35,1,5,1,
30,12,372,334,112,27,1,5,1,
30,13,337,187,40,12,1,5,1,
30,14,685,444,24,17,1,5,1,
30,16,650,291,57,17,1,5,1,
30,17,920,116,26,28,1,5,1,
30,18,177,524,69,15,1,5,1,
30,19,777,235,61,15,1,5,1,
30,20,43,501,46,39,1,5,1,
30,22,629,139,72,18,1,5,1,
30,23,60,184,101,32,1,5,1,
30,24,609,239,65,18,1,5,1,
30,25,552,106,120,33,1,5,1,
30,26,821,79,42,26,1,5,1,
30,28,738,445,15,19,1,5,1,
30,29,551,106,66,17,1,5,1,
31,1,736,252,41,15,1,5,1,
31,2,197,115,22,19,1,5,1,
31,3,926,301,27,18,1,5,1,
31,5,821,262,85,19,1,5,1,
31,6,930,458,29,20,1,5,1,
31,9,417,502,58,15,1,5,1,
31,10,698,256,64,21,1,5,1,
31,11,0,356,112,35,1,5,1,
31,12,381,334,113,27,1,5,1,
31,13,342,186,41,13,1,5,1,
31,14,683,442,24,17,1,5,1,
31,16,657,291,56,16,1,5,1,
31,17,920,118,26,27,1,5,1,
31,18,185,523,69,15,1,5,1,
31,19,783,235,61,15,1,5,1,
31,20,45,503,48,39,1,5,1,
31,22,636,139,71,18,1,5,1,
31,23,67,183,103,32,1,5,1,
31,24,616,239,65,18,1,5,1,
31,25,563,107,119,32,1,5,1,
31,26,824,81,42,26,1,5,1,
31,28,738,443,15,19,1,5,1,
31,29,559,106,67,16,1,5,1,
32,1,745,252,32,15,1,5,1,
32,2,198,114,22,19,1,5,1,
32,3,928,301,26,17,1,5,1,
32,5,830,262,84,19,1,5,1,
32,6,927,456,32,20,1,5,1,
32,9,425,502,57,15,1,5,1,
32,10,706,257,62,20,1,5,1,
32,11,4,357,119,35,1,5,1,
32,12,390,334,114,27,1,5,1,
32,13,347,185,43,13,1,5,1,
32,14,682,441,23,16,1,5,1,
32,16,664,291,55,16,1,5,1,
32,17,921,120,25,26,1,5,1,
32,18,194,522,69,15,1,5,1,
32,19,790,235,60,15,1,5,1,
32,20,47,505,51,38,1,5,1,
32,22,642,139,71,18,1,5,1,
32,23,74,183,104,32,1,5,1,
32,24,624,239,63,18,1,5,1,
32,25,573,107,118,33,1,5,1,
32,26,827,82,42,26,1,5,1,
32,28,738,442,15,19,1,5,1,
32,29,568,105,67,17,1,5,1,
33,1,753,252,24,15,1,5,1,
33,2,199,112,22,19,1,5,1,
33,3,929,300,26,18,1,5,1,
33,5,839,262,83,19,1,5,1,
33,6,923,454,36,21,1,5,1,
33,9,433,501,57,15,1,5,1,
33,10,714,257,60,20,1,5,1,
33,11,14,357,121,35,1,5,1,
33,12,400,334,113,27,1,5,1,
33,13,352,185,44,13,1,5,1,
33,14,680,439,23,16,1,5,1,
33,16,671,291,54,16,1,5,1,
33,17,923,123,24,25,1,5,1,
33,18,203,521,68,15,1,5,1,
33,19,796,235,60,15,1,5,1,
33,20,49,508,54,35,1,5,1,
33,22,649,139,70,18,1,5,1,
33,23,81,182,106,32,1,5,1,
33,24,632,240,62,17,1,5,1,
33,25,584,107,117,33,1,5,1,
33,26,830,84,42,25,1,5,1,
33,28,738,441,15,18,1,5,1,
33,29,577,105,67,17,1,5,1,
34,1,758,252,21,15,1,5,1,
34,2,199,110,23,20,1,5,1,
34,3,932,300,26,17,1,5,1,
34,5,847,262,83,19,1,5,1,
34,6,919,452,40,21,1,5,1,
34,9,440,501,57,15,1,5,1,
34,10,721,257,59,20,1,5,1,
34,11,24,358,122,35,1,5,1,
34,12,410,334,113,27,1,5,1,
34,13,358,184,44,13,1,5,1,
34,14,679,438,23,16,1,5,1,
34,16,677,291,53,16,1,5,1,
34,17,920,125,30,25,1,5,1,
34,18,212,520,67,15,1,5,1,
34,19,802,235,60,15,1,5,1,
34,20,51,510,57,33,1,5,1,
34,22,656,139,69,18,1,5,1,
34,23,88,181,108,33,1,5,1,
34,24,639,240,61,18,1,5,1,
34,25,594,107,116,33,1,5,1,
34,26,832,85,43,25,1,5,1,
34,28,738,440,15,18,1,5,1,
34,29,585,105,67,17,1,5,1,
35,1,760,252,21,15,1,5,1,
35,2,200,108,23,20,1,5,1,
35,3,934,300,25,17,1,5,1,
35,5,855,263,82,18,1,5,1,
35,6,916,451,43,20,1,5,1,
35,9,448,501,56,14,1,5,1,
35,10,728,257,57,20,1,5,1,
35,11,34,358,124,36,1,5,1,
35,12,419,334,115,27,1,5,1,
35,13,363,183,46,14,1,5,1,
35,14,677,436,23,16,1,5,1,
35,16,684,291,52,16,1,5,1,
35,17,918,128,36,23,1,5,1,
35,18,220,518,68,16,1,5,1,
35,19,809,235,59,15,1,5,1,
35,20,54,512,58,31,1,5,1,
35,22,662,139,70,18,1,5,1,
35,23,96,180,109,33,1,5,1,
35,24,647,240,59,18,1,5,1,
35,25,604,108,115,32,1,5,1,
35,26,835,87,43,24,1,5,1,
35,28,737,438,16,18,1,5,1,
35,29,594,105,67,16,1,5,1,
36,1,763,252,21,15,1,5,1,
36,2,201,107,23,20,1,5,1,
36,3,935,299,24,17,1,5,1,
36,5,863,263,82,18,1,5,1,
36,6,912,449,47,20,1,5,1,
36,9,455,500,57,15,1,5,1,
36,10,735,257,56,20,1,5,1,
36,11,43,359,127,36,1,5,1,
36,12,429,334,115,27,1,5,1,
36,13,369,183,47,13,1,5,1,
36,14,675,435,23,16,1,5,1,
36,16,690,291,52,16,1,5,1,
36,17,919,130,38,22,1,5,1,
36,18,229,517,67,15,1,5,1,
36,19,814,235,60,15,1,5,1,
36,20,57,514,58,29,1,5,1,
36,22,668,139,70,18,1,5,1,
36,23,103,179,112,34,1,5,1,
36,24,654,240,59,18,1,5,1,
36,25,614,108,115,33,1,5,1,
36,26,838,88,43,24,1,5,1,
36,28,737,437,16,18,1,5,1,
36,29,603,104,67,17,1,5,1,
37,1,765,252,22,15,1,5,1,
37,2,202,105,24,20,1,5,1,
37,3,936,299,23,17,1,5,1,
37,5,872,263,80,18,1,5,1,
37,6,909,447,50,22,1,5,1,
37,9,463,500,57,15,1,5,1,
37,10,742,257,54,20,1,5,1,
37,11,54,359,128,36,1,5,1,
37,12,439,335,115,27,1,5,1,
37,13,375,182,47,13,1,5,1,
37,14,674,434,22,15,1,5,1,
37,16,697,291,50,15,1,5,1,
37,17,918,133,41,19,1,5,1,
37,18,238,516,66,15,1,5,1,
37,19,821,235,59,15,1,5,1,
37,20,60,516,60,28,1,5,1,
37,22,675,139,69,18,1,5,1,
37,23,111,179,113,33,1,5,1,
37,24,661,240,58,18,1,5,1,
37,25,625,108,113,33,1,5,1,
37,26,841,89,44,24,1,5,1,
37,28,737,436,16,17,1,5,1,
37,29,612,104,67,17,1,5,1,
38,1,768,252,21,15,1,5,1,
38,2,204,103,23,21,1,5,1,
38,3,937,299,22,16,1,5,1,
38,5,881,263,78,18,1,5,1,
38,6,905,446,54,23,1,5,1,
38,9,470,500,57,15,1,5,1,
38,10,749,257,53,20,1,5,1,
38,11,64,360,130,36,1,5,1,
38,12,449,335,115,27,1,5,1,
38,13,381,181,48,14,1,5,1,
38,14,674,433,20,15,1,5,1,
38,16,701,291,55,15,1,5,1,
38,17,917,134,43,18,1,5,1,
38,18,246,515,65,15,1,5,1,
38,19,827,235,59,15,1,5,1,
38,20,63,519,61,25,1,5,1,
38,22,681,139,69,18,1,5,1,
38,23,119,178,115,34,1,5,1,
38,24,668,240,57,18,1,5,1,
38,25,634,109,113,32,1,5,1,
38,26,843,91,45,23,1,5,1,
38,28,735,434,19,18,1,5,1,
38,29,620,104,68,17,1,5,1,
39,1,770,253,22,14,1,5,1,
39,2,204,101,25,21,1,5,1,
39,3,938,298,21,17,1,5,1,
39,5,889,263,71,18,1,5,1,
39,6,902,444,57,23,1,5,1,
39,9,478,500,56,15,1,5,1,
39,10,755,257,52,20,1,5,1,
39,11,75,360,131,37,1,5,1,
39,12,458,335,116,27,1,5,1,
39,13,387,181,49,13,1,5,1,
39,14,674,432,18,15,1,5,1,
39,16,705,291,60,15,1,5,1,
39,17,918,135,42,17,1,5,1,
39,18,255,515,64,14,1,5,1,
39,19,833,235,60,15,1,5,1,
39,20,68,520,58,24,1,5,1,
39,22,688,139,68,18,1,5,1,
39,23,127,177,117,34,1,5,1,
39,24,674,241,57,17,1,5,1,
39,25,644,109,113,33,1,5,1,
39,26,846,92,46,23,1,5,1,
39,28,733,432,22,18,1,5,1,
39,29,629,104,68,17,1,5,1,
40,1,770,253,28,14,1,5,1,
40,2,205,99,26,21,1,5,1,
40,3,939,298,20,16,1,5,1,
40,5,896,263,64,18,1,5,1,
40,6,898,443,57,22,1,5,1,
40,9,485,500,57,15,1,5,1,
40,10,760,257,54,20,1,5,1,
40,11,86,361,132,37,1,5,1,
40,12,468,335,116,27,1,5,1,
40,13,393,180,51,14,1,5,1,
40,14,671,431,21,14,1,5,1,
40,16,709,290,65,16,1,5,1,
40,17,921,135,39,16,1,5,1,
40,18,263,514,63,15,1,5,1,
40,19,839,235,60,15,1,5,1,
40,20,74,521,56,23,1,5,1,
40,22,694,139,69,18,1,5,1,
40,23,135,176,119,35,1,5,1,
40,24,681,241,57,17,1,5,1,
40,25,654,110,112,32,1,5,1,
40,26,849,93,48,22,1,5,1,
40,28,731,431,24,18,1,5,1,
40,29,638,103,68,17,1,5,1,
41,1,773,253,29,14,1,5,1,
41,2,206,98,26,21,1,5,1,
41,3,940,298,19,16,1,5,1,
41,5,907,263,53,18,1,5,1,
41,6,895,441,56,23,1,5,1,
41,9,493,499,56,15,1,5,1,
41,10,766,258,54,19,1,5,1,
41,11,97,362,134,36,1,5,1,
41,12,478,335,116,27,1,5,1,
41,13,400,179,51,14,1,5,1,
41,14,669,430,22,14,1,5,1,
41,16,715,290,68,16,1,5,1,
41,17,924,135,36,10,1,5,1,
41,18,272,515,60,15,1,5,1,
41,19,845,235,60,15,1,5,1,
41,20,79,523,55,21,1,5,1,
41,22,700,139,70,18,1,5,1,
41,23,144,175,121,35,1,5,1,
41,24,687,241,57,17,1,5,1,
41,25,663,111,114,33,1,5,1,
41,26,852,95,49,21,1,5,1,
41,28,730,429,24,18,1,5,1,
41,29,647,103,68,17,1,5,1,
42,1,776,253,30,14,1,5,1,
42,2,207,96,27,21,1,5,1,
42,3,941,298,18,15,1,5,1,
42,5,917,263,43,18,1,5,1,
42,6,891,439,56,23,1,5,1,
42,9,500,499,56,15,1,5,1,
42,10,772,258,53,19,1,5,1,
42,11,108,362,136,37,1,5,1,
42,12,488,335,116,27,1,5,1,
42,13,406,179,52,14,1,5,1,
42,14,668,428,22,15,1,5,1,
42,16,721,291,71,15,1,5,1,
42,17,929,135,31,9,1,5,1,
42,18,280,515,58,16,1,5,1,
42,19,851,235,61,15,1,5,1,
42,20,84,524,54,20,1,5,1,
42,22,706,139,70,18,1,5,1,
42,23,152,174,123,36,1,5,1,
42,24,694,241,56,17,1,5,1,
42,25,671,113,117,32,1,5,1,
42,26,855,96,50,21,1,5,1,
42,28,728,428,24,18,1,5,1,
42,29,655,103,69,17,1,5,1,
43,1,782,253,23,14,1,5,1,
43,2,208,94,28,22,1,5,1,
43,3,942,297,17,16,1,5,1,
43,5,924,264,36,16,1,5,1,
43,6,888,438,55,22,1,5,1,
43,9,507,499,57,15,1,5,1,
43,10,778,258,53,19,1,5,1,
43,11,119,363,138,37,1,5,1,
43,12,498,335,116,27,1,5,1,
43,13,413,178,53,14,1,5,1,
43,14,666,427,22,14,1,5,1,
43,16,728,291,72,15,1,5,1,
43,18,288,516,56,16,1,5,1,
43,19,857,235,61,15,1,5,1,
43,20,89,526,48,18,1,5,1,
43,22,713,139,69,18,1,5,1,
43,23,161,174,125,35,1,5,1,
43,24,700,241,56,17,1,5,1,
43,25,678,116,121,31,1,5,1,
43,26,859,96,49,21,1,5,1,
43,29,664,103,69,17,1,5,1,
44,1,788,253,17,14,1,5,1,
44,2,209,92,30,22,1,5,1,
44,3,943,297,16,15,1,5,1,
44,5,930,264,30,16,1,5,1,
44,6,884,437,55,21,1,5,1,
44,9,515,499,56,14,1,5,1,
44,10,784,258,52,19,1,5,1,
44,11,131,363,139,38,1,5,1,
44,12,508,335,116,27,1,5,1,
44,13,420,177,54,15,1,5,1,
44,14,664,426,23,14,1,5,1,
44,16,736,291,72,15,1,5,1,
44,18,296,515,52,19,1,5,1,
44,19,863,235,62,15,1,5,1,
44,20,94,528,46,16,1,5,1,
44,22,719,139,69,18,1,5,1,
44,23,170,173,127,36,1,5,1,
44,24,706,241,56,17,1,5,1,
44,25,686,118,124,30,1,5,1,
44,26,862,97,49,21,1,5,1,
44,29,673,103,69,17,1,5,1,
45,1,789,253,16,14,1,5,1,
45,2,211,90,30,22,1,5,1,
45,3,944,297,15,15,1,5,1,
45,5,936,266,24,13,1,5,1,
45,6,881,435,55,21,1,5,1,
45,9,522,498,56,15,1,5,1,
45,10,790,258,51,19,1,5,1,
45,11,142,364,141,37,1,5,1,
45,12,518,335,116,28,1,5,1,
45,13,426,177,56,14,1,5,1,
45,14,662,425,23,13,1,5,1,
45,16,744,291,72,15,1,5,1,
45,18,303,515,49,21,1,5,1,
45,19,869,235,63,15,1,5,1,
45,22,725,139,68,19,1,5,1,
45,23,179,172,129,36,1,5,1,
45,24,713,241,54,17,1,5,1,
45,25,695,118,126,30,1,5,1,
45,26,866,98,48,21,1,5,1,
45,29,681,102,70,17,1,5,1,
46,1,792,253,15,14,1,5,1,
46,2,212,88,31,23,1,5,1,
46,3,944,296,16,16,1,5,1,
46,6,878,434,54,21,1,5,1,
46,9,529,498,56,15,1,5,1,
46,10,795,258,52,19,1,5,1,
46,11,154,364,143,38,1,5,1,
46,12,527,335,117,28,1,5,1,
46,13,433,176,57,15,1,5,1,
46,16,751,291,73,15,1,5,1,
46,18,310,516,46,23,1,5,1,
46,19,875,235,63,15,1,5,1,
46,22,731,139,68,19,1,5,1,
46,23,188,171,131,37,1,5,1,
46,24,719,241,54,17,1,5,1,
46,25,705,118,126,29,1,5,1,
46,26,870,99,47,20,1,5,1,
46,29,690,102,70,17,1,5,1,
47,1,792,254,20,13,1,5,1,
47,2,213,86,33,23,1,5,1,
47,3,945,296,15,15,1,5,1,
47,6,874,432,54,21,1,5,1,
47,9,536,498,57,14,1,5,1,
47,10,800,258,53,19,1,5,1,
47,11,165,365,145,38,1,5,1,
47,12,537,335,117,28,1,5,1,
47,13,440,175,58,15,1,5,1,
47,16,759,291,73,15,1,5,1,
47,18,315,517,46,25,1,5,1,
47,19,880,235,65,15,1,5,1,
47,22,737,139,68,19,1,5,1,
47,23,197,170,134,37,1,5,1,
47,24,725,241,54,17,1,5,1,
47,25,715,118,126,29,1,5,1,
47,26,873,100,48,20,1,5,1,
47,29,699,102,70,17,1,5,1,
48,1,792,254,25,14,1,5,1,
48,2,215,84,34,23,1,5,1,
48,3,946,296,14,15,1,5,1,
48,6,871,431,54,21,1,5,1,
48,9,543,497,57,15,1,5,1,
48,10,805,258,54,19,1,5,1,
48,11,177,365,147,39,1,5,1,
48,12,546,335,118,28,1,5,1,
48,13,447,175,59,14,1,5,1,
48,16,766,291,74,16,1,5,1,
48,18,320,519,47,24,1,5,1,
48,19,886,235,67,15,1,5,1,
48,22,743,139,68,19,1,5,1,
48,23,206,169,136,38,1,5,1,
48,24,731,242,54,16,1,5,1,
48,25,724,118,128,29,1,5,1,
48,26,877,100,47,21,1,5,1,
48,29,707,102,71,17,1,5,1,
49,1,794,255,26,13,1,5,1,
49,2,217,82,36,23,1,5,1,
49,6,867,430,54,20,1,5,1,
49,9,550,497,57,14,1,5,1,
49,10,811,258,53,19,1,5,1,
49,11,189,366,149,38,1,5,1,
49,12,556,335,118,28,1,5,1,
49,13,454,175,61,15,1,5,1,
49,16,774,291,75,16,1,5,1,
49,18,325,522,48,21,1,5,1,
49,19,894,235,62,15,1,5,1,
49,22,749,139,68,19,1,5,1,
49,23,216,168,138,38,1,5,1,
49,24,737,242,54,16,1,5,1,
49,25,734,117,128,30,1,5,1,
49,26,881,101,43,20,1,5,1,
49,29,716,102,71,17,1,5,1,
50,1,797,255,25,13,1,5,1,
50,2,219,80,37,24,1,5,1,
50,6,864,428,54,20,1,5,1,
50,9,557,497,57,14,1,5,1,
50,10,816,258,54,19,1,5,1,
50,11,201,366,151,39,1,5,1,
50,12,566,335,118,28,1,5,1,
50,13,462,175,61,15,1,5,1,
50,16,781,291,76,16,1,5,1,
50,18,329,524,48,20,1,5,1,
50,19,903,235,56,15,1,5,1,
50,22,755,140,68,18,1,5,1,
50,23,225,167,142,38,1,5,1,
50,24,742,242,55,16,1,5,1,
50,25,744,117,128,30,1,5,1,
50,26,886,101,39,21,1,5,1,
50,29,724,101,72,18,1,5,1,
51,1,801,255,24,13,1,5,1,
51,2,221,78,39,24,1,5,1,
51,6,861,427,53,20,1,5,1,
51,9,564,496,57,14,1,5,1,
51,10,822,258,53,19,1,5,1,
51,11,214,367,152,39,1,5,1,
51,12,575,335,118,28,1,5,1,
51,13,470,175,62,15,1,5,1,
51,16,789,291,76,16,1,5,1,
51,18,334,526,47,18,1,5,1,
51,19,910,235,50,15,1,5,1,
51,22,761,140,68,18,1,5,1,
51,23,235,166,145,39,1,5,1,
51,24,748,242,54,16,1,5,1,
51,25,754,117,129,30,1,5,1,
51,26,891,101,34,22,1,5,1,
51,29,733,101,72,17,1,5,1,
52,1,804,255,23,13,1,5,1,
52,2,223,76,41,24,1,5,1,
52,6,857,426,53,19,1,5,1,
52,9,571,496,56,14,1,5,1,
52,10,828,259,52,18,1,5,1,
52,11,227,367,154,39,1,5,1,
52,12,586,335,117,27,1,5,1,
52,13,478,175,63,15,1,5,1,
52,16,798,291,75,16,1,5,1,
52,18,340,528,47,16,1,5,1,
52,19,917,235,43,15,1,5,1,
52,21,954,251,6,8,1,5,1,
52,22,767,140,67,18,1,5,1,
52,23,246,165,146,39,1,5,1,
52,24,755,242,53,16,1,5,1,
52,25,765,117,128,29,1,5,1,
52,26,895,101,31,23,1,5,1,
52,29,742,101,72,17,1,5,1,
53,1,808,255,21,13,1,5,1,
53,2,225,74,43,24,1,5,1,
53,6,854,424,53,20,1,5,1,
53,9,579,495,55,14,1,5,1,
53,10,834,259,52,18,1,5,1,
53,11,241,368,154,39,1,5,1,
53,12,597,335,116,27,1,5,1,
53,13,486,174,64,15,1,5,1,
53,16,806,291,75,16,1,5,1,
53,18,346,531,48,13,1,5,1,
53,19,923,235,37,15,1,5,1,
53,21,952,250,7,9,1,5,1,
53,22,774,140,66,18,1,5,1,
53,23,257,164,148,40,1,5,1,
53,24,761,242,52,17,1,5,1,
53,25,776,116,127,30,1,5,1,
53,26,899,102,28,23,1,5,1,
53,29,752,101,71,17,1,5,1,
54,1,811,255,20,13,1,5,1,
54,2,228,72,44,24,1,5,1,
54,6,850,423,53,19,1,5,1,
54,9,586,495,54,14,1,5,1,
54,10,839,259,53,18,1,5,1,
54,11,254,368,156,40,1,5,1,
54,12,608,335,114,28,1,5,1,
54,13,495,173,64,15,1,5,1,
54,16,814,291,75,16,1,5,1,
54,18,351,533,50,11,1,5,1,
54,19,928,236,32,13,1,5,1,
54,21,950,250,9,9,1,5,1,
54,22,780,140,65,18,1,5,1,
54,23,268,163,150,40,1,5,1,
54,24,767,242,52,17,1,5,1,
54,25,786,116,127,30,1,5,1,
54,26,902,103,26,23,1,5,1,
54,29,761,101,71,17,1,5,1,
55,1,813,255,20,13,1,5,1,
55,2,230,70,46,24,1,5,1,
55,6,847,422,52,19,1,5,1,
55,9,594,494,53,14,1,5,1,
55,10,845,259,52,18,1,5,1,
55,11,268,369,157,39,1,5,1,
55,12,620,336,111,28,1,5,1,
55,13,503,172,65,16,1,5,1,
55,16,822,291,75,16,1,5,1,
55,19,934,237,26,12,1,5,1,
55,21,948,250,11,9,1,5,1,
55,22,787,140,63,19,1,5,1,
55,23,279,162,153,40,1,5,1,
55,24,773,242,51,17,1,5,1,
55,25,797,116,126,30,1,5,1,
55,26,904,104,26,23,1,5,1,
55,29,770,101,71,17,1,5,1,
56,1,816,256,19,12,1,5,1,
56,2,233,67,48,25,1,5,1,
56,6,844,421,52,18,1,5,1,
56,9,600,493,53,15,1,5,1,
56,10,850,259,52,18,1,5,1,
56,11,281,369,159,40,1,5,1,
56,12,631,337,109,28,1,5,1,
56,13,511,172,66,15,1,5,1,
56,16,830,291,75,16,1,5,1,
56,19,939,238,21,11,1,5,1,
56,21,946,250,13,9,1,5,1,
56,22,792,141,63,18,1,5,1,
56,23,290,161,155,41,1,5,1,
56,24,778,243,51,16,1,5,1,
56,25,807,115,125,31,1,5,1,
56,26,906,105,25,23,1,5,1,
56,29,779,101,71,17,1,5,1,
57,1,819,256,17,12,1,5,1,
57,2,236,65,50,26,1,5,1,
57,6,840,420,52,18,1,5,1,
57,9,607,493,53,14,1,5,1,
57,10,856,259,51,18,1,5,1,
57,11,294,370,161,40,1,5,1,
57,12,643,338,105,27,1,5,1,
57,13,519,171,67,16,1,5,1,
57,16,838,291,75,16,1,5,1,
57,21,944,250,15,9,1,5,1,
57,22,798,141,62,18,1,5,1,
57,23,301,160,158,41,1,5,1,
57,24,784,243,50,16,1,5,1,
57,25,817,115,125,31,1,5,1,
57,26,908,106,24,22,1,5,1,
57,29,788,100,71,18,1,5,1,
58,1,821,256,17,12,1,5,1,
58,2,239,63,52,26,1,5,1,
58,6,837,419,52,18,1,5,1,
58,9,614,492,52,14,1,5,1,
58,10,861,259,51,18,1,5,1,
58,11,308,370,162,40,1,5,1,
58,12,654,337,102,28,1,5,1,
58,13,527,170,68,16,1,5,1,
58,16,846,291,74,16,1,5,1,
58,21,941,250,18,9,1,5,1,
58,22,804,141,61,19,1,5,1,
58,23,312,159,162,41,1,5,1,
58,24,790,243,49,16,1,5,1,
58,25,827,115,125,31,1,5,1,
58,26,910,107,23,22,1,5,1,
58,29,796,100,72,18,1,5,1,
59,1,824,256,15,12,1,5,1,
59,2,242,61,54,26,1,5,1,
59,6,834,417,51,18,1,5,1,
59,9,620,491,52,14,1,5,1,
59,10,867,259,51,18,1,5,1,
59,11,321,370,164,41,1,5,1,
59,12,664,337,100,28,1,5,1,
59,13,535,170,70,16,1,5,1,
59,16,854,291,74,16,1,5,1,
59,21,939,250,20,9,1,5,1,
59,22,809,141,61,19,1,5,1,
59,23,324,157,164,43,1,5,1,
59,24,795,242,50,16,1,5,1,
59,25,837,115,122,31,1,5,1,
59,26,913,108,20,22,1,5,1,
59,29,805,100,72,18,1,5,1,
60,1,826,256,15,12,1,5,1,
60,2,245,59,56,26,1,5,1,
60,9,627,490,51,15,1,5,1,
60,10,872,259,51,18,1,5,1,
60,11,336,371,165,40,1,5,1,
60,12,674,337,97,27,1,5,1,
60,13,544,169,71,16,1,5,1,
60,16,862,291,73,16,1,5,1,
60,21,934,251,25,8,1,5,1,
60,22,815,142,60,18,1,5,1,
60,23,336,156,167,43,1,5,1,
60,24,800,242,50,16,1,5,1,
60,25,847,115,112,31,1,5,1,
60,26,913,108,21,23,1,5,1,
60,29,814,100,72,18,1,5,1,
61,1,828,256,14,12,1,5,1,
61,2,248,56,58,27,1,5,1,
61,9,633,489,51,15,1,5,1,
61,10,877,259,51,18,1,5,1,
61,11,349,371,167,41,1,5,1,
61,12,682,336,97,28,1,5,1,
61,13,552,169,72,16,1,5,1,
61,16,870,291,72,16,1,5,1,
61,21,929,251,30,8,1,5,1,
61,22,820,142,59,18,1,5,1,
61,23,347,155,172,43,1,5,1,
61,24,804,242,51,15,1,5,1,
61,25,856,116,104,30,1,5,1,
61,26,913,109,21,23,1,5,1,
61,29,822,100,72,18,1,5,1,
62,1,830,256,13,12,1,5,1,
62,2,252,54,60,27,1,5,1,
62,9,639,489,51,14,1,5,1,
62,10,882,259,52,18,1,5,1,
62,11,363,372,169,40,1,5,1,
62,12,692,336,94,27,1,5,1,
62,13,561,168,73,16,1,5,1,
62,16,878,291,72,16,1,5,1,
62,21,924,251,35,8,1,5,1,
62,22,825,143,59,18,1,5,1,
62,23,360,154,174,43,1,5,1,
62,24,808,242,52,15,1,5,1,
62,25,866,116,94,30,1,5,1,
62,26,913,110,21,23,1,5,1,
62,29,831,100,72,18,1,5,1,
63,1,831,256,13,12,1,5,1,
63,2,255,52,63,27,1,5,1,
63,9,646,488,50,14,1,5,1,
63,10,887,259,52,18,1,5,1,
63,11,378,372,170,41,1,5,1,
63,12,700,336,93,27,1,5,1,
63,13,570,168,74,16,1,5,1,
63,16,885,291,72,16,1,5,1,
63,21,920,251,36,8,1,5,1,
63,22,830,143,59,18,1,5,1,
63,23,372,153,178,44,1,5,1,
63,24,813,242,52,15,1,5,1,
63,25,875,116,85,30,1,5,1,
63,26,913,111,20,23,1,5,1,
63,29,840,100,72,18,1,5,1,
64,1,832,256,14,12,1,5,1,
64,2,259,50,65,27,1,5,1,
64,9,653,487,49,14,1,5,1,
64,10,893,259,51,17,1,5,1,
64,11,394,372,170,42,1,5,1,
64,12,710,335,90,27,1,5,1,
64,13,581,167,73,16,1,5,1,
64,16,894,291,65,16,1,5,1,
64,21,916,251,36,9,1,5,1,
64,22,837,143,56,18,1,5,1,
64,23,386,151,180,45,1,5,1,
64,24,819,242,51,15,1,5,1,
64,25,887,116,73,31,1,5,1,
64,26,913,112,20,23,1,5,1,
64,29,850,100,70,18,1,5,1,
65,1,834,257,13,11,1,5,1,
65,2,263,47,67,28,1,5,1,
65,9,659,486,48,14,1,5,1,
65,10,898,259,52,17,1,5,1,
65,11,408,373,172,41,1,5,1,
65,12,719,335,88,26,1,5,1,
65,13,589,167,75,16,1,5,1,
65,16,900,291,60,17,1,5,1,
65,21,912,252,36,8,1,5,1,
65,22,841,143,57,19,1,5,1,
65,23,398,150,185,45,1,5,1,
65,24,824,242,52,15,1,5,1,
65,25,895,116,65,28,1,5,1,
65,26,912,113,20,23,1,5,1,
65,29,858,100,71,18,1,5,1,
66,1,835,257,13,11,1,5,1,
66,2,267,45,69,28,1,5,1,
66,9,665,485,48,14,1,5,1,
66,10,901,259,58,17,1,5,1,
66,11,423,373,174,41,1,5,1,
66,12,727,335,87,26,1,5,1,
66,13,598,166,76,16,1,5,1,
66,16,906,292,54,16,1,5,1,
66,21,909,252,36,8,1,5,1,
66,22,846,144,57,18,1,5,1,
66,23,412,149,188,45,1,5,1,
66,24,830,243,51,15,1,5,1,
66,25,905,116,55,18,1,5,1,
66,26,912,114,20,23,1,5,1,
66,29,866,100,72,18,1,5,1,
67,1,836,257,13,11,1,5,1,
67,2,271,43,72,28,1,5,1,
67,9,671,484,47,14,1,5,1,
67,10,904,259,56,17,1,5,1,
67,11,438,373,175,42,1,5,1,
67,12,735,334,86,26,1,5,1,
67,13,608,166,76,16,1,5,1,
67,16,912,292,48,15,1,5,1,
67,21,905,252,36,8,1,5,1,
67,22,851,144,57,18,1,5,1,
67,23,425,147,192,46,1,5,1,
67,24,835,243,51,15,1,5,1,
67,25,913,117,47,15,1,5,1,
67,26,912,115,19,23,1,5,1,
67,29,875,100,72,18,1,5,1,
68,1,837,257,13,11,1,5,1,
68,2,276,40,74,29,1,5,1,
68,9,678,483,46,14,1,5,1,
68,10,907,259,53,17,1,5,1,
68,11,455,374,175,41,1,5,1,
68,12,744,334,84,26,1,5,1,
68,13,619,165,76,17,1,5,1,
68,16,920,293,40,12,1,5,1,
68,21,901,252,35,8,1,5,1,
68,22,857,145,56,18,1,5,1,
68,23,441,146,194,46,1,5,1,
68,24,841,243,51,15,1,5,1,
68,26,911,116,20,23,1,5,1,
68,29,885,100,71,18,1,5,1,
69,1,838,257,13,11,1,5,1,
69,2,280,38,77,29,1,5,1,
69,9,683,482,46,14,1,5,1,
69,10,909,259,51,17,1,5,1,
69,11,468,374,178,42,1,5,1,
69,12,751,334,83,25,1,5,1,
69,13,627,165,78,16,1,5,1,
69,16,927,293,33,11,1,5,1,
69,21,898,252,35,8,1,5,1,
69,22,861,145,56,18,1,5,1,
69,23,453,145,200,47,1,5,1,
69,24,845,243,52,15,1,5,1,
69,26,910,117,20,23,1,5,1,
69,29,892,100,68,18,1,5,1,
70,1,839,257,13,11,1,5,1,
70,2,285,35,79,30,1,5,1,
70,9,688,481,47,15,1,5,1,
70,10,915,261,45,15,1,5,1,
70,11,484,374,179,42,1,5,1,
70,12,759,333,81,26,1,5,1,
70,13,636,164,80,17,1,5,1,
70,21,894,252,35,8,1,5,1,
70,22,866,145,56,18,1,5,1,
70,23,467,144,205,47,1,5,1,
70,24,850,243,52,15,1,5,1,
70,26,908,118,23,23,1,5,1,
70,29,901,101,59,18,1,5,1,
71,1,840,256,13,12,1,5,1,
71,2,290,33,81,30,1,5,1,
71,9,694,480,46,15,1,5,1,
71,10,921,262,39,13,1,5,1,
71,11,498,374,182,43,1,5,1,
71,12,766,333,80,25,1,5,1,
71,13,645,164,81,16,1,5,1,
71,21,890,253,36,7,1,5,1,
71,22,870,146,56,17,1,5,1,
71,23,481,142,210,48,1,5,1,
71,24,855,243,52,15,1,5,1,
71,26,907,119,24,24,1,5,1,
71,29,910,101,50,18,1,5,1,
72,1,841,256,15,11,1,5,1,
72,2,296,30,83,31,1,5,1,
72,9,700,480,45,14,1,5,1,
72,10,931,264,29,8,1,5,1,
72,11,516,375,180,42,1,5,1,
72,12,775,332,77,26,1,5,1,
72,13,657,163,80,17,1,5,1,
72,21,886,253,35,7,1,5,1,
72,22,876,146,55,18,1,5,1,
72,23,498,141,212,48,1,5,1,
72,24,861,243,51,15,1,5,1,
72,26,905,120,25,24,1,5,1,
72,29,919,102,41,17,1,5,1,
73,1,841,256,17,11,1,5,1,
73,2,301,28,85,30,1,5,1,
73,9,706,479,44,14,1,5,1,
73,11,532,375,181,42,1,5,1,
73,12,783,332,75,25,1,5,1,
73,13,666,163,81,17,1,5,1,
73,21,883,253,35,7,1,5,1,
73,22,881,146,54,18,1,5,1,
73,23,513,140,216,48,1,5,1,
73,24,867,243,51,15,1,5,1,
73,26,904,121,25,24,1,5,1,
73,29,927,102,33,15,1,5,1,
74,1,841,256,19,11,1,5,1,
74,2,306,26,88,30,1,5,1,
74,9,711,478,44,14,1,5,1,
74,11,546,375,184,42,1,5,1,
74,12,789,332,75,25,1,5,1,
74,13,675,162,83,17,1,5,1,
74,21,879,253,35,7,1,5,1,
74,22,885,147,53,17,1,5,1,
74,23,527,139,221,49,1,5,1,
74,24,871,243,52,15,1,5,1,
74,26,902,122,25,24,1,5,1,
74,29,934,103,26,11,1,5,1,
75,1,841,256,21,11,1,5,1,
75,2,311,23,91,31,1,5,1,
75,9,715,477,45,14,1,5,1,
75,11,560,375,186,43,1,5,1,
75,12,795,331,74,25,1,5,1,
75,13,684,162,85,17,1,5,1,
75,21,875,253,36,8,1,5,1,
75,22,890,147,51,18,1,5,1,
75,23,541,138,227,49,1,5,1,
75,24,876,243,52,15,1,5,1,
75,26,900,123,26,24,1,5,1,
76,1,842,256,21,11,1,5,1,
76,2,316,21,95,31,1,5,1,
76,9,721,476,44,14,1,5,1,
76,11,575,375,188,43,1,5,1,
76,12,802,331,72,25,1,5,1,
76,13,693,162,86,17,1,5,1,
76,21,871,253,37,8,1,5,1,
76,22,894,147,50,18,1,5,1,
76,23,556,137,231,50,1,5,1,
76,24,880,243,52,15,1,5,1,
76,26,899,125,26,23,1,5,1,
77,1,845,256,20,11,1,5,1,
77,2,323,18,96,32,1,5,1,
77,9,726,475,44,14,1,5,1,
77,11,592,376,188,42,1,5,1,
77,12,809,331,71,24,1,5,1,
77,13,704,161,86,17,1,5,1,
77,21,868,253,36,8,1,5,1,
77,22,900,148,48,18,1,5,1,
77,23,574,136,233,50,1,5,1,
77,24,886,243,51,15,1,5,1,
77,26,897,126,26,23,1,5,1,
78,1,847,256,19,11,1,5,1,
78,2,329,16,99,32,1,5,1,
78,9,731,474,44,14,1,5,1,
78,11,608,375,191,43,1,5,1,
78,12,816,330,69,24,1,5,1,
78,13,714,161,87,17,1,5,1,
78,21,864,254,36,7,1,5,1,
78,22,904,148,47,18,1,5,1,
78,23,591,135,236,50,1,5,1,
78,24,891,244,51,14,1,5,1,
78,26,895,127,27,23,1,5,1,
79,1,848,257,21,10,1,5,1,
79,2,334,13,103,33,1,5,1,
79,9,736,473,43,14,1,5,1,
79,11,622,374,197,43,1,5,1,
79,12,822,330,67,24,1,5,1,
79,13,724,161,87,17,1,5,1,
79,21,860,254,37,7,1,5,1,
79,22,908,149,46,17,1,5,1,
79,23,606,134,241,51,1,5,1,
79,24,896,244,51,14,1,5,1,
79,26,893,129,27,22,1,5,1,
80,1,850,257,20,10,1,5,1,
80,2,341,10,105,34,1,5,1,
80,9,741,472,43,14,1,5,1,
80,11,637,374,202,43,1,5,1,
80,12,829,329,65,24,1,5,1,
80,13,734,160,88,18,1,5,1,
80,22,912,149,46,18,1,5,1,
80,23,624,133,244,51,1,5,1,
80,24,901,244,50,14,1,5,1,
80,26,891,130,27,22,1,5,1,
81,1,853,257,19,10,1,5,1,
81,2,349,8,107,33,1,5,1,
81,9,747,471,41,14,1,5,1,
81,11,654,374,205,44,1,5,1,
81,12,836,329,63,24,1,5,1,
81,13,746,160,87,17,1,5,1,
81,22,917,150,42,17,1,5,1,
81,23,644,132,245,51,1,5,1,
81,24,906,244,53,14,1,5,1,
81,26,889,131,27,22,1,5,1,
82,1,855,257,19,10,1,5,1,
82,2,355,5,110,34,1,5,1,
82,9,752,470,40,14,1,5,1,
82,11,668,375,211,44,1,5,1,
82,12,841,329,62,23,1,5,1,
82,13,755,160,89,17,1,5,1,
82,22,920,150,40,18,1,5,1,
82,23,661,131,249,52,1,5,1,
82,24,910,244,50,14,1,5,1,
82,26,886,132,29,22,1,5,1,
83,1,857,257,18,10,1,5,1,
83,2,361,3,114,34,1,5,1,
83,9,756,469,40,14,1,5,1,
83,11,682,376,217,44,1,5,1,
83,12,846,328,61,24,1,5,1,
83,13,764,159,90,18,1,5,1,
83,22,923,151,37,17,1,5,1,
83,23,676,130,255,53,1,5,1,
83,24,913,244,47,14,1,5,1,
83,26,883,133,31,22,1,5,1,
84,1,859,257,18,10,1,5,1,
84,2,368,0,117,35,1,5,1,
84,9,761,468,40,14,1,5,1,
84,11,699,377,221,44,1,5,1,
84,12,852,328,59,23,1,5,1,
84,13,775,159,90,18,1,5,1,
84,22,927,151,33,18,1,5,1,
84,23,695,129,258,53,1,5,1,
84,24,918,244,42,14,1,5,1,
84,26,881,135,31,21,1,5,1,
85,1,862,257,16,10,1,5,1,
85,2,377,0,119,32,1,5,1,
85,9,766,467,38,13,1,5,1,
85,11,718,378,223,45,1,5,1,
85,12,859,327,56,23,1,5,1,
85,13,787,159,89,17,1,5,1,
85,22,932,152,28,17,1,5,1,
85,23,717,128,242,53,1,5,1,
85,24,925,244,35,14,1,5,1,
85,26,878,136,32,21,1,5,1,
86,1,864,257,15,10,1,5,1,
86,2,384,0,122,30,1,5,1,
86,9,770,466,38,13,1,5,1,
86,11,734,379,225,45,1,5,1,
86,12,865,326,55,23,1,5,1,
86,13,797,159,90,17,1,5,1,
86,22,935,152,25,18,1,5,1,
86,23,735,128,225,53,1,5,1,
86,24,930,245,30,13,1,5,1,
86,26,876,137,32,21,1,5,1,
87,1,865,257,16,10,1,5,1,
87,2,391,-2,126,30,1,5,1,
87,9,775,465,37,13,1,5,1,
87,11,751,380,209,45,1,5,1,
87,12,869,325,56,23,1,5,1,
87,13,807,158,90,18,1,5,1,
87,22,938,153,22,17,1,5,1,
87,23,753,127,207,53,1,5,1,
87,24,935,245,25,12,1,5,1,
87,26,873,138,33,21,1,5,1,
88,1,867,257,15,10,1,5,1,
88,2,400,-4,128,30,1,5,1,
88,9,780,464,36,13,1,5,1,
88,11,771,381,189,46,1,5,1,
88,12,873,324,57,23,1,5,1,
88,13,818,158,90,18,1,5,1,
88,22,942,153,18,14,1,5,1,
88,23,774,126,186,54,1,5,1,
88,24,941,247,19,7,1,5,1,
88,26,871,140,32,20,1,5,1,
89,1,869,257,14,10,1,5,1,
89,2,409,-7,130,30,1,5,1,
89,9,784,463,36,13,1,5,1,
89,11,790,381,170,47,1,5,1,
89,12,874,324,68,22,1,5,1,
89,13,829,158,91,18,1,5,1,
89,22,946,154,14,14,1,5,1,
89,23,795,125,165,54,1,5,1,
89,26,868,141,33,20,1,5,1,
90,1,870,258,14,9,1,5,1,
90,2,416,-9,132,30,1,5,1,
90,9,787,462,38,13,1,5,1,
90,11,806,382,154,43,1,5,1,
90,12,873,324,81,22,1,5,1,
90,13,838,158,94,18,1,5,1,
90,23,812,127,148,52,1,5,1,
90,26,866,142,33,20,1,5,1,
91,1,871,258,14,9,1,5,1,
91,2,423,-12,133,31,1,5,1,
91,9,790,461,37,13,1,5,1,
91,11,821,383,139,43,1,5,1,
91,12,872,324,88,23,1,5,1,
91,13,846,158,98,17,1,5,1,
91,23,828,129,132,50,1,5,1,
91,26,863,143,34,20,1,5,1,
92,1,872,258,14,9,1,5,1,
92,2,431,-14,132,31,1,5,1,
92,9,794,459,36,14,1,5,1,
92,11,837,386,123,42,1,5,1,
92,12,873,324,87,23,1,5,1,
92,13,855,157,101,18,1,5,1,
92,23,845,131,115,42,1,5,1,
92,26,861,144,34,20,1,5,1,
93,1,874,258,13,9,1,5,1,
93,2,441,-17,134,32,1,5,1,
93,9,799,458,35,14,1,5,1,
93,11,859,387,101,36,1,5,1,
93,12,877,324,83,23,1,5,1,
93,13,867,157,93,18,1,5,1,
93,23,868,138,92,28,1,5,1,
93,26,859,145,33,20,1,5,1,
94,1,875,258,13,9,1,5,1,
94,2,449,-19,138,31,1,5,1,
94,9,803,457,34,14,1,5,1,
94,11,877,390,83,25,1,5,1,
94,12,882,324,78,22,1,5,1,
94,13,877,156,83,18,1,5,1,
94,26,856,146,34,20,1,5,1,
95,1,876,258,13,10,1,5,1,
95,9,806,456,34,14,1,5,1,
95,12,888,324,72,22,1,5,1,
95,13,886,156,74,18,1,5,1,
95,26,854,147,34,19,1,5,1,
96,1,877,258,13,10,1,5,1,
96,9,809,455,34,15,1,5,1,
96,12,894,326,66,20,1,5,1,
96,13,894,156,66,16,1,5,1,
96,26,851,148,35,19,1,5,1,
97,1,878,258,13,10,1,5,1,
97,3,952,288,7,9,1,5,1,
97,9,812,454,34,15,1,5,1,
97,12,901,327,59,20,1,5,1,
97,13,904,156,56,15,1,5,1,
97,26,848,149,36,19,1,5,1,
98,1,879,258,13,10,1,5,1,
98,3,952,288,7,8,1,5,1,
98,9,816,453,32,15,1,5,1,
98,12,909,328,51,17,1,5,1,
98,13,914,156,46,13,1,5,1,
98,26,846,150,36,19,1,5,1,
99,1,879,258,14,10,1,5,1,
99,3,951,288,8,8,1,5,1,
99,9,819,452,32,15,1,5,1,
99,12,917,329,43,12,1,5,1,
99,13,924,159,36,7,1,5,1,
99,26,843,151,37,19,1,5,1,
100,1,880,258,13,10,1,5,1,
100,3,950,287,9,9,1,5,1,
100,9,822,451,32,15,1,5,1,
100,26,841,152,36,18,1,5,1,
101,1,881,258,13,10,1,5,1,
101,3,949,287,10,9,1,5,1,
101,9,825,449,31,16,1,5,1,
102,1,882,259,13,9,1,5,1,
102,3,948,287,12,9,1,5,1,
102,9,827,448,32,16,1,5,1,
103,1,883,259,12,9,1,5,1,
103,3,947,287,12,9,1,5,1,
103,9,829,447,32,16,1,5,1,
103,17,952,179,7,10,1,5,1,
104,1,883,259,13,9,1,5,1,
104,3,946,287,13,9,1,5,1,
104,9,831,446,32,17,1,5,1,
104,17,949,179,11,10,1,5,1,
105,1,884,259,13,9,1,5,1,
105,3,946,287,13,9,1,5,1,
105,9,833,445,32,17,1,5,1,
105,17,947,179,12,11,1,5,1,
106,1,884,259,13,9,1,5,1,
106,3,945,287,14,9,1,5,1,
106,9,835,444,33,17,1,5,1,
106,17,945,179,14,12,1,5,1,
107,1,885,259,13,9,1,5,1,
107,3,944,287,16,9,1,5,1,
107,9,838,443,32,17,1,5,1,
107,17,942,178,17,13,1,5,1,
108,1,886,259,13,9,1,5,1,
108,3,943,286,16,10,1,5,1,
108,9,840,442,32,17,1,5,1,
108,17,940,179,19,13,1,5,1,
109,1,886,259,13,9,1,5,1,
109,3,942,286,17,9,1,5,1,
109,9,842,441,31,17,1,5,1,
110,1,887,259,12,9,1,5,1,
110,3,941,286,17,9,1,5,1,
110,9,844,439,31,18,1,5,1,
111,1,888,259,12,9,1,5,1,
111,3,940,286,18,9,1,5,1,
111,9,847,438,30,19,1,5,1,
112,1,888,259,12,9,1,5,1,
112,3,939,286,18,9,1,5,1,
112,9,849,437,29,19,1,5,1,
113,1,888,259,13,9,1,5,1,
113,3,938,286,18,9,1,5,1,
113,9,851,436,29,19,1,5,1,
114,1,889,260,12,8,1,5,1,
114,3,937,286,18,9,1,5,1,
114,9,853,435,28,19,1,5,1,
115,1,889,260,12,8,1,5,1,
115,3,936,286,19,8,1,5,1,
115,9,855,434,28,19,1,5,1,
116,1,889,260,12,8,1,5,1,
116,3,934,286,19,8,1,5,1,
116,9,858,433,26,18,1,5,1,
117,1,890,260,12,8,1,5,1,
117,3,933,285,19,9,1,5,1,
117,9,860,432,26,18,1,5,1,
117,15,884,538,18,5,1,5,1,
118,1,890,260,12,8,1,5,1,
118,3,932,285,19,9,1,5,1,
118,9,863,431,24,18,1,5,1,
118,15,885,537,19,6,1,5,1,
119,1,890,260,12,8,1,5,1,
119,3,931,285,18,9,1,5,1,
119,9,866,430,23,17,1,5,1,
119,15,887,535,18,8,1,5,1,
120,1,890,260,12,8,1,5,1,
120,3,930,285,18,8,1,5,1,
120,9,868,428,22,18,1,5,1,
120,15,889,533,18,10,1,5,1,
121,1,890,260,12,8,1,5,1,
121,3,929,285,18,8,1,5,1,
121,9,870,427,21,18,1,5,1,
121,15,890,532,18,11,1,5,1,
122,1,891,260,11,8,1,5,1,
122,3,928,285,18,8,1,5,1,
122,9,872,426,20,17,1,5,1,
122,15,892,530,18,13,1,5,1,
123,1,891,260,11,8,1,5,1,
123,3,927,285,18,8,1,5,1,
123,9,873,425,20,17,1,5,1,
123,15,894,529,17,14,1,5,1,
124,1,890,260,12,8,1,5,1,
124,3,925,285,19,8,1,5,1,
124,9,875,424,19,17,1,5,1,
124,15,894,527,19,16,1,5,1,
125,3,924,285,19,8,1,5,1,
125,9,876,423,18,17,1,5,1,
125,15,894,525,20,18,1,5,1,
126,3,923,284,18,8,1,5,1,
126,9,879,422,16,16,1,5,1,
126,15,895,524,20,19,1,5,1,
127,3,921,284,19,8,1,5,1,
127,9,880,421,16,16,1,5,1,
127,15,895,522,22,21,1,5,1,
128,3,920,284,19,8,1,5,1,
128,9,881,420,15,17,1,5,1,
128,15,895,520,23,23,1,5,1,
129,3,919,284,19,8,1,5,1,
129,9,882,419,15,17,1,5,1,
129,15,896,519,23,24,1,5,1,
130,3,917,284,21,8,1,5,1,
130,5,951,268,8,8,1,5,1,
130,9,883,418,14,17,1,5,1,
130,15,897,517,23,26,1,5,1,
131,3,916,284,21,8,1,5,1,
131,5,947,268,12,10,1,5,1,
131,9,884,417,14,17,1,5,1,
131,14,557,424,58,13,1,5,1,
131,15,897,516,24,27,1,5,1,
132,3,914,284,21,8,1,5,1,
132,5,944,268,15,9,1,5,1,
132,9,885,416,13,16,1,5,1,
132,14,561,425,58,13,1,5,1,
132,15,899,514,22,28,1,5,1,
133,3,913,284,20,7,1,5,1,
133,5,940,267,19,10,1,5,1,
133,9,886,415,12,16,1,5,1,
133,14,564,426,59,12,1,5,1,
133,15,901,512,21,28,1,5,1,
134,5,940,267,19,10,1,5,1,
134,9,886,414,13,16,1,5,1,
134,14,569,427,58,12,1,5,1,
134,15,903,511,20,27,1,5,1,
135,5,940,267,19,10,1,5,1,
135,9,887,413,12,16,1,5,1,
135,14,572,427,59,12,1,5,1,
135,15,904,509,20,27,1,5,1,
136,5,938,267,21,10,1,5,1,
136,9,887,412,12,16,1,5,1,
136,14,575,428,60,12,1,5,1,
136,15,906,507,18,28,1,5,1,
137,9,887,411,12,16,1,5,1,
137,14,579,428,60,12,1,5,1,
137,15,907,506,18,27,1,5,1,
138,9,887,410,12,16,1,5,1,
138,14,582,429,62,12,1,5,1,
138,15,908,504,17,28,1,5,1,
139,9,887,409,12,16,1,5,1,
139,14,585,429,63,12,1,5,1,
139,15,909,503,16,27,1,5,1,
140,9,887,408,12,16,1,5,1,
140,14,588,430,64,12,1,5,1,
140,15,910,501,16,28,1,5,1,
141,9,887,407,11,16,1,5,1,
141,14,591,430,65,12,1,5,1,
141,15,911,499,15,29,1,5,1,
142,9,886,406,12,16,1,5,1,
142,14,594,431,66,11,1,5,1,
142,15,911,498,15,28,1,5,1,
143,9,886,405,12,16,1,5,1,
143,14,597,431,68,12,1,5,1,
143,15,912,496,15,29,1,5,1,
144,9,886,404,11,16,1,5,1,
144,14,601,432,68,11,1,5,1,
144,15,912,495,15,28,1,5,1,
145,9,886,403,11,16,1,5,1,
145,14,604,432,69,11,1,5,1,
145,15,912,493,15,29,1,5,1,
146,9,885,402,12,16,1,5,1,
146,14,608,433,69,11,1,5,1,
146,15,912,492,15,28,1,5,1,
147,9,885,401,11,16,1,5,1,
147,14,611,433,71,11,1,5,1,
147,15,912,490,15,29,1,5,1,
148,9,884,400,11,16,1,5,1,
148,14,615,434,71,10,1,5,1,
148,15,912,489,15,28,1,5,1,
149,9,884,399,11,16,1,5,1,
149,14,619,434,71,11,1,5,1,
149,15,912,487,15,28,1,5,1,
150,9,883,398,11,16,1,5,1,
150,14,623,434,71,11,1,5,1,
150,15,912,486,15,28,1,5,1,
