1,1,366,478,124,34,1,5,1,
1,2,311,75,57,47,1,5,1,
1,3,514,465,72,19,1,5,1,
1,4,17,74,27,23,1,5,1,
1,5,790,347,99,20,1,5,1,
1,6,459,387,134,39,1,5,1,
2,1,368,479,136,33,1,5,1,
2,2,312,76,64,49,1,5,1,
2,3,509,463,76,21,1,5,1,
2,4,17,71,28,25,1,5,1,
2,5,779,347,109,20,1,5,1,
2,6,460,387,149,37,1,5,1,
3,1,371,479,146,33,1,5,1,
3,2,312,77,73,49,1,5,1,
3,3,504,460,80,24,1,5,1,
3,4,18,69,28,27,1,5,1,
3,5,769,346,117,21,1,5,1,
3,6,462,386,163,39,1,5,1,
4,1,377,479,154,34,1,5,1,
4,2,312,79,81,49,1,5,1,
4,3,500,457,81,26,1,5,1,
4,4,18,66,29,29,1,5,1,
4,5,760,345,121,21,1,5,1,
4,6,466,386,173,38,1,5,1,
5,1,384,479,161,34,1,5,1,
5,2,314,83,88,48,1,5,1,
5,3,497,454,80,29,1,5,1,
5,4,18,64,29,30,1,5,1,
5,5,752,344,123,22,1,5,1,
5,6,473,386,178,38,1,5,1,
6,1,393,480,166,33,1,5,1,
6,2,316,86,95,48,1,5,1,
6,3,494,451,78,33,1,5,1,
6,4,18,61,29,31,1,5,1,
6,5,745,343,122,22,1,5,1,
6,6,480,386,184,37,1,5,1,
7,1,405,480,168,33,1,5,1,
7,2,320,89,99,48,1,5,1,
7,3,491,448,75,36,1,5,1,
7,4,18,57,28,33,1,5,1,
7,5,740,342,116,21,1,5,1,
7,6,491,385,185,38,1,5,1,
8,1,415,480,172,33,1,5,1,
8,2,324,92,104,48,1,5,1,
8,3,489,445,72,39,1,5,1,
8,4,16,53,29,35,1,5,1,
8,5,736,341,110,21,1,5,1,
8,6,502,385,186,37,1,5,1,
9,1,427,480,173,33,1,5,1,
9,2,330,94,106,48,1,5,1,
9,3,485,444,70,38,1,5,1,
9,4,15,49,29,37,1,5,1,
9,5,733,340,102,21,1,5,1,
9,6,513,385,187,37,1,5,1,
10,1,441,480,173,33,1,5,1,
10,2,337,98,107,46,1,5,1,
10,3,478,442,71,38,1,5,1,
10,4,13,44,30,40,1,5,1,
10,5,731,338,91,22,1,5,1,
10,6,526,385,191,37,1,5,1,
11,1,453,480,176,34,1,5,1,
11,2,343,101,110,45,1,5,1,
11,3,471,441,73,36,1,5,1,
11,4,12,40,30,41,1,5,1,
11,5,731,337,80,22,1,5,1,
11,6,538,384,187,37,1,5,1,
12,1,467,480,175,33,1,5,1,
12,2,351,105,109,42,1,5,1,
12,3,464,440,75,33,1,5,1,
12,4,11,35,31,43,1,5,1,
12,5,731,336,68,22,1,5,1,
12,6,551,384,185,36,1,5,1,
13,1,481,480,174,33,1,5,1,
13,2,359,108,109,40,1,5,1,
13,3,456,440,79,30,1,5,1,
13,4,10,30,32,45,1,5,1,
13,5,730,335,58,22,1,5,1,
13,6,564,383,184,36,1,5,1,
14,1,493,479,175,33,1,5,1,
14,2,367,112,108,38,1,5,1,
14,3,449,439,81,27,1,5,1,
14,4,9,25,33,47,1,5,1,
14,5,730,334,48,21,1,5,1,
14,6,577,383,182,36,1,5,1,
15,1,507,479,174,33,1,5,1,
15,2,375,115,107,36,1,5,1,
15,3,442,440,84,22,1,5,1,
15,4,8,20,34,49,1,5,1,
15,5,730,333,39,21,1,5,1,
15,6,590,382,180,36,1,5,1,
16,1,522,479,172,32,1,5,1,
16,2,384,119,105,33,1,5,1,
16,3,434,439,86,20,1,5,1,
16,4,8,14,34,51,1,5,1,
16,5,729,332,32,21,1,5,1,
16,6,603,381,178,36,1,5,1,
17,1,535,478,172,33,1,5,1,
17,2,393,123,102,30,1,5,1,
17,3,427,440,88,16,1,5,1,
17,4,7,9,36,52,1,5,1,
17,5,727,331,28,20,1,5,1,
17,6,616,381,176,36,1,5,1,
18,1,549,478,171,32,1,5,1,
18,2,401,126,100,27,1,5,1,
18,3,421,440,88,17,1,5,1,
18,4,7,3,36,54,1,5,1,
18,5,724,331,27,19,1,5,1,
18,6,629,380,173,36,1,5,1,
19,1,564,477,168,32,1,5,1,
19,2,411,130,95,23,1,5,1,
19,3,414,441,88,17,1,5,1,
19,4,7,-1,37,53,1,5,1,
19,5,720,330,29,19,1,5,1,
19,6,642,380,171,35,1,5,1,
20,1,578,476,166,32,1,5,1,
20,2,419,130,93,21,1,5,1,
20,3,408,441,87,18,1,5,1,
20,4,8,-7,37,55,1,5,1,
20,5,717,329,31,18,1,5,1,
20,6,655,379,168,35,1,5,1,
21,1,591,476,165,31,1,5,1,
21,2,427,128,92,22,1,5,1,
21,3,402,442,87,19,1,5,1,
21,4,9,-14,38,58,1,5,1,
21,5,714,328,34,18,1,5,1,
21,6,666,379,167,35,1,5,1,
22,1,605,475,163,31,1,5,1,
22,2,436,127,90,22,1,5,1,
22,3,397,442,84,21,1,5,1,
22,4,17,-20,32,59,1,5,1,
22,5,710,327,36,18,1,5,1,
22,6,680,378,163,35,1,5,1,
23,1,618,474,162,31,1,5,1,
23,2,442,125,92,22,1,5,1,
23,3,393,442,81,24,1,5,1,
23,4,18,-27,33,61,1,5,1,
23,5,707,327,38,17,1,5,1,
23,6,691,378,162,34,1,5,1,
24,1,631,473,160,31,1,5,1,
24,2,449,123,92,23,1,5,1,
24,3,389,442,78,27,1,5,1,
24,4,18,-34,22,64,1,5,1,
24,5,704,326,39,17,1,5,1,
24,6,702,377,160,34,1,5,1,
25,1,645,472,157,31,1,5,1,
25,2,455,122,94,22,1,5,1,
25,3,386,442,73,29,1,5,1,
25,4,19,-41,21,65,1,5,1,
25,5,700,325,40,17,1,5,1,
25,6,715,376,157,34,1,5,1,
26,1,658,471,155,31,1,5,1,
26,2,460,120,97,23,1,5,1,
26,3,384,443,68,31,1,5,1,
26,4,20,-49,24,68,1,5,1,
26,5,697,324,41,17,1,5,1,
26,6,725,376,156,34,1,5,1,
27,1,671,470,153,31,1,5,1,
27,2,466,118,100,24,1,5,1,
27,3,383,443,61,34,1,5,1,
27,5,693,324,42,16,1,5,1,
27,6,737,375,153,34,1,5,1,
28,1,683,469,151,31,1,5,1,
28,2,471,117,103,24,1,5,1,
28,3,383,444,55,37,1,5,1,
28,5,690,323,42,16,1,5,1,
28,6,748,375,151,33,1,5,1,
29,1,693,468,151,30,1,5,1,
29,2,476,115,107,25,1,5,1,
29,3,384,445,48,39,1,5,1,
29,5,686,322,44,16,1,5,1,
29,6,757,374,150,34,1,5,1,
30,1,706,466,148,31,1,5,1,
30,2,481,113,111,26,1,5,1,
30,3,384,446,41,41,1,5,1,
30,5,683,322,44,15,1,5,1,
30,6,768,374,148,33,1,5,1,
31,1,720,465,144,30,1,5,1,
31,2,488,112,113,26,1,5,1,
31,3,385,448,33,43,1,5,1,
31,5,679,321,44,15,1,5,1,
31,6,780,373,144,33,1,5,1,
32,1,731,464,143,30,1,5,1,
32,2,493,110,117,26,1,5,1,
32,3,385,450,28,44,1,5,1,
32,5,676,321,44,14,1,5,1,
32,6,789,372,143,33,1,5,1,
33,1,741,463,142,30,1,5,1,
33,2,498,109,122,26,1,5,1,
33,3,385,451,23,46,1,5,1,
33,5,672,320,45,14,1,5,1,
33,6,798,372,142,32,1,5,1,
34,1,753,461,139,30,1,5,1,
34,2,505,107,125,26,1,5,1,
34,3,385,453,23,48,1,5,1,
34,5,669,319,45,14,1,5,1,
34,6,809,371,139,33,1,5,1,
35,1,764,460,137,30,1,5,1,
35,2,510,105,129,27,1,5,1,
35,3,385,455,25,49,1,5,1,
35,5,665,319,46,14,1,5,1,
35,6,818,370,137,33,1,5,1,
36,1,775,459,135,30,1,5,1,
36,2,517,104,132,27,1,5,1,
36,3,386,457,27,51,1,5,1,
36,5,662,318,46,14,1,5,1,
36,6,828,370,132,32,1,5,1,
37,1,786,457,132,30,1,5,1,
37,2,524,102,136,27,1,5,1,
37,3,387,460,30,51,1,5,1,
37,5,658,318,46,13,1,5,1,
37,6,838,369,122,32,1,5,1,
38,1,797,456,129,30,1,5,1,
38,2,531,101,139,27,1,5,1,
38,3,388,462,32,53,1,5,1,
38,5,654,317,47,14,1,5,1,
38,6,847,368,113,32,1,5,1,
39,1,807,455,127,30,1,5,1,
39,2,538,99,143,27,1,5,1,
39,3,388,464,36,54,1,5,1,
39,5,651,317,47,13,1,5,1,
39,6,856,368,104,32,1,5,1,
40,1,818,453,124,30,1,5,1,
40,2,546,98,145,27,1,5,1,
40,3,388,467,40,55,1,5,1,
40,5,647,316,47,13,1,5,1,
40,6,866,367,94,32,1,5,1,
41,1,828,452,122,30,1,5,1,
41,2,553,97,149,26,1,5,1,
41,3,388,469,44,57,1,5,1,
41,5,643,316,48,13,1,5,1,
41,6,874,366,86,32,1,5,1,
42,1,838,450,119,30,1,5,1,
42,2,561,95,152,27,1,5,1,
42,3,389,472,47,58,1,5,1,
42,5,640,315,48,13,1,5,1,
42,6,883,368,77,29,1,5,1,
43,1,849,449,111,30,1,5,1,
43,2,570,94,154,27,1,5,1,
43,3,390,475,51,59,1,5,1,
43,5,636,315,48,12,1,5,1,
43,6,893,370,67,26,1,5,1,
44,1,858,448,102,29,1,5,1,
44,2,578,93,157,27,1,5,1,
44,3,392,477,54,61,1,5,1,
44,5,632,314,49,13,1,5,1,
44,6,901,370,59,25,1,5,1,
45,1,868,447,92,29,1,5,1,
45,2,586,91,161,28,1,5,1,
45,3,393,480,58,62,1,5,1,
45,5,628,314,49,12,1,5,1,
45,6,909,372,51,21,1,5,1,
46,1,878,446,82,28,1,5,1,
46,2,596,90,162,27,1,5,1,
46,3,396,484,61,59,1,5,1,
46,5,625,314,48,12,1,5,1,
46,6,918,373,42,15,1,5,1,
47,1,887,446,73,27,1,5,1,
47,2,605,89,165,27,1,5,1,
47,3,398,487,63,56,1,5,1,
47,5,621,313,49,12,1,5,1,
48,1,894,447,66,24,1,5,1,
48,2,613,88,168,27,1,5,1,
48,3,400,489,64,55,1,5,1,
48,5,617,313,50,12,1,5,1,
49,1,901,448,59,22,1,5,1,
49,2,620,86,173,28,1,5,1,
49,3,402,492,65,52,1,5,1,
49,5,613,312,51,12,1,5,1,
50,1,909,446,51,23,1,5,1,
50,2,629,85,176,28,1,5,1,
50,3,404,495,70,49,1,5,1,
50,5,609,312,52,12,1,5,1,
51,1,916,445,44,23,1,5,1,
51,2,637,84,180,28,1,5,1,
51,3,407,498,74,46,1,5,1,
51,5,605,312,53,11,1,5,1,
52,1,926,443,34,23,1,5,1,
52,2,649,83,180,28,1,5,1,
52,3,411,502,77,42,1,5,1,
52,5,600,311,53,12,1,5,1,
53,2,658,82,183,28,1,5,1,
53,3,414,505,82,39,1,5,1,
53,5,596,311,54,11,1,5,1,
54,2,666,81,187,28,1,5,1,
54,3,416,508,88,36,1,5,1,
54,5,591,311,56,11,1,5,1,
55,2,674,80,191,29,1,5,1,
55,3,419,510,93,34,1,5,1,
55,5,586,311,59,10,1,5,1,
56,2,682,79,195,29,1,5,1,
56,3,423,513,98,31,1,5,1,
56,5,581,311,61,10,1,5,1,
57,2,690,78,199,29,1,5,1,
57,3,426,516,104,28,1,5,1,
57,5,576,311,63,10,1,5,1,
58,2,700,77,201,29,1,5,1,
58,3,429,519,111,25,1,5,1,
58,5,571,310,65,11,1,5,1,
59,2,708,76,206,29,1,5,1,
59,3,433,522,117,22,1,5,1,
59,5,566,310,67,10,1,5,1,
60,2,718,76,208,28,1,5,1,
60,5,561,311,69,9,1,5,1,
61,2,725,75,213,29,1,5,1,
61,5,557,311,70,9,1,5,1,
62,2,733,74,218,29,1,5,1,
62,5,553,311,71,10,1,5,1,
63,2,742,73,217,29,1,5,1,
63,5,549,311,72,10,1,5,1,
64,2,750,73,210,29,1,5,1,
64,5,546,311,72,10,1,5,1,
65,2,759,72,201,29,1,5,1,
65,5,543,311,71,10,1,5,1,
66,2,768,71,192,29,1,5,1,
66,5,541,311,70,11,1,5,1,
67,2,778,73,182,27,1,5,1,
67,5,539,312,68,10,1,5,1,
68,2,788,72,172,27,1,5,1,
68,5,538,312,64,10,1,5,1,
69,2,798,72,162,21,1,5,1,
69,5,538,312,60,10,1,5,1,
70,2,808,72,152,21,1,5,1,
70,5,538,312,56,11,1,5,1,
71,2,818,73,142,19,1,5,1,
71,5,539,312,51,11,1,5,1,
72,2,828,72,132,19,1,5,1,
72,5,538,312,47,11,1,5,1,
73,2,840,71,120,19,1,5,1,
73,5,538,313,43,11,1,5,1,
74,2,852,73,108,17,1,5,1,
74,5,539,313,37,11,1,5,1,
75,2,863,72,97,17,1,5,1,
75,5,540,313,32,12,1,5,1,
76,2,874,74,86,14,1,5,1,
76,5,542,313,26,12,1,5,1,
77,2,885,75,75,13,1,5,1,
77,5,542,314,22,12,1,5,1,
78,5,542,314,24,12,1,5,1,
79,5,543,314,29,13,1,5,1,
80,5,543,314,33,13,1,5,1,
81,5,543,315,38,13,1,5,1,
82,5,544,315,42,13,1,5,1,
83,5,544,315,46,14,1,5,1,
84,5,545,315,50,14,1,5,1,
85,5,545,315,55,15,1,5,1,
86,5,545,316,61,14,1,5,1,
87,5,545,316,66,15,1,5,1,
88,5,545,316,72,15,1,5,1,
89,5,546,316,76,16,1,5,1,
90,5,547,317,81,16,1,5,1,
91,5,548,317,86,16,1,5,1,
92,5,550,317,90,17,1,5,1,
93,5,552,318,94,16,1,5,1,
94,5,555,318,98,17,1,5,1,
95,5,558,318,101,17,1,5,1,
96,5,561,319,105,17,1,5,1,
97,5,564,319,109,17,1,5,1,
98,5,568,320,112,17,1,5,1,
99,5,572,320,115,17,1,5,1,
100,5,576,321,118,17,1,5,1,
101,5,580,321,122,17,1,5,1,
102,5,584,321,125,18,1,5,1,
103,5,588,322,128,17,1,5,1,
104,5,593,322,131,17,1,5,1,
105,5,599,323,133,17,1,5,1,
106,5,604,323,136,17,1,5,1,
107,1,952,358,7,13,1,5,1,
107,5,610,324,138,17,1,5,1,
108,1,950,357,9,12,1,5,1,
108,5,617,324,139,17,1,5,1,
109,1,947,356,12,12,1,5,1,
109,5,627,325,137,17,1,5,1,
110,1,945,355,14,12,1,5,1,
110,5,634,326,138,16,1,5,1,
111,1,943,354,16,14,1,5,1,
111,5,642,326,138,16,1,5,1,
112,1,941,353,18,15,1,5,1,
112,5,650,327,138,16,1,5,1,
113,1,939,352,20,15,1,5,1,
113,5,657,327,140,16,1,5,1,
114,1,937,352,22,17,1,5,1,
114,5,664,328,141,16,1,5,1,
115,1,934,351,25,17,1,5,1,
115,5,672,328,142,16,1,5,1,
116,1,932,350,27,17,1,5,1,
116,5,681,329,141,15,1,5,1,
117,1,930,349,29,17,1,5,1,
117,5,688,329,143,16,1,5,1,
118,1,928,348,31,17,1,5,1,
118,5,695,329,144,16,1,5,1,
119,1,926,348,33,16,1,5,1,
119,5,703,330,144,15,1,5,1,
120,1,924,347,35,16,1,5,1,
120,5,713,330,143,16,1,5,1,
121,1,922,346,37,18,1,5,1,
121,5,721,330,143,16,1,5,1,
122,1,920,346,39,19,1,5,1,
122,5,729,331,144,15,1,5,1,
123,1,918,345,39,19,1,5,1,
123,5,737,331,144,16,1,5,1,
124,1,916,344,39,19,1,5,1,
124,5,744,331,146,16,1,5,1,
125,1,914,343,39,19,1,5,1,
125,5,752,331,146,16,1,5,1,
126,1,912,343,39,18,1,5,1,
126,5,760,331,146,16,1,5,1,
127,1,909,342,39,18,1,5,1,
127,5,768,332,147,15,1,5,1,
128,1,907,342,39,17,1,5,1,
128,5,777,332,146,16,1,5,1,
129,1,905,341,39,17,1,5,1,
129,5,784,332,147,16,1,5,1,
130,1,903,340,39,17,1,5,1,
130,5,792,332,147,16,1,5,1,
131,1,901,340,38,16,1,5,1,
131,5,801,332,146,16,1,5,1,
132,1,899,339,38,17,1,5,1,
132,5,809,332,146,16,1,5,1,
133,1,897,338,38,17,1,5,1,
133,5,817,333,142,15,1,5,1,
134,1,895,338,38,16,1,5,1,
134,5,825,333,135,16,1,5,1,
135,1,893,337,38,16,1,5,1,
135,5,833,333,127,16,1,5,1,
136,1,891,337,38,15,1,5,1,
136,5,843,333,117,16,1,5,1,
137,1,889,336,38,16,1,5,1,
137,5,851,333,109,16,1,5,1,
138,1,887,336,37,15,1,5,1,
138,5,859,333,101,16,1,5,1,
139,1,885,335,37,15,1,5,1,
139,5,867,333,93,16,1,5,1,
140,1,883,335,37,15,1,5,1,
140,5,875,334,85,15,1,5,1,
141,1,882,334,36,15,1,5,1,
141,5,884,334,76,15,1,5,1,
142,1,880,334,36,14,1,5,1,
142,5,892,335,68,12,1,5,1,
143,1,878,333,36,14,1,5,1,
143,5,900,335,60,12,1,5,1,
143,6,952,308,7,10,1,5,1,
144,1,876,333,35,14,1,5,1,
144,5,910,337,50,7,1,5,1,
144,6,950,307,9,11,1,5,1,
145,1,874,332,35,14,1,5,1,
145,5,920,337,40,7,1,5,1,
145,6,948,307,11,10,1,5,1,
146,1,872,332,34,13,1,5,1,
146,6,945,307,14,10,1,5,1,
147,1,870,331,34,13,1,5,1,
147,6,943,307,16,10,1,5,1,
148,1,868,331,34,13,1,5,1,
148,6,941,306,18,11,1,5,1,
149,1,866,330,34,13,1,5,1,
149,6,939,306,20,11,1,5,1,
150,1,864,330,34,12,1,5,1,
150,6,936,306,23,12,1,5,1,
