1,1,643,132,77,20,1,5,1,
1,2,841,0,41,17,1,5,1,
1,3,275,334,74,19,1,5,1,
1,4,896,34,23,17,1,5,1,
1,5,87,227,19,15,1,5,1,
1,6,78,208,14,12,1,5,1,
1,7,457,490,95,40,1,5,1,
1,8,347,438,103,105,1,5,1,
1,9,583,511,29,32,1,5,1,
1,10,28,271,66,15,1,5,1,
1,11,353,150,43,22,1,5,1,
1,12,138,15,66,53,1,5,1,
1,13,126,335,22,21,1,5,1,
2,1,637,132,80,21,1,5,1,
2,2,833,0,48,24,1,5,1,
2,3,264,334,78,23,1,5,1,
2,4,887,33,33,17,1,5,1,
2,5,86,228,25,14,1,5,1,
2,6,77,209,15,11,1,5,1,
2,7,450,490,95,46,1,5,1,
2,8,349,440,92,104,1,5,1,
2,9,584,513,32,31,1,5,1,
2,10,24,271,66,15,1,5,1,
2,11,352,151,38,23,1,5,1,
2,12,137,15,57,58,1,5,1,
2,13,125,335,22,22,1,5,1,
3,1,632,131,81,24,1,5,1,
3,2,828,0,53,30,1,5,1,
3,3,254,334,83,27,1,5,1,
3,4,877,32,44,17,1,5,1,
3,5,85,228,33,15,1,5,1,
3,6,76,210,14,11,1,5,1,
3,7,443,490,96,53,1,5,1,
3,8,348,443,85,101,1,5,1,
3,9,585,515,37,29,1,5,1,
3,10,21,271,65,15,1,5,1,
3,11,352,152,32,23,1,5,1,
3,12,136,15,50,62,1,5,1,
3,13,125,336,22,22,1,5,1,
4,1,628,131,80,26,1,5,1,
4,2,823,0,52,36,1,5,1,
4,3,244,334,85,32,1,5,1,
4,4,866,32,54,17,1,5,1,
4,5,84,229,41,14,1,5,1,
4,6,74,210,16,11,1,5,1,
4,7,440,490,91,53,1,5,1,
4,8,350,446,73,98,1,5,1,
4,9,587,518,42,26,1,5,1,
4,10,19,271,62,15,1,5,1,
4,11,351,154,28,23,1,5,1,
4,12,137,16,40,66,1,5,1,
4,13,126,337,22,23,1,5,1,
5,1,624,131,78,28,1,5,1,
5,2,820,0,50,41,1,5,1,
5,3,234,335,86,36,1,5,1,
5,4,854,32,64,17,1,5,1,
5,5,85,230,48,13,1,5,1,
5,6,71,211,20,11,1,5,1,
5,7,439,490,83,54,1,5,1,
5,8,356,451,55,93,1,5,1,
5,9,589,522,47,22,1,5,1,
5,10,16,270,59,15,1,5,1,
5,11,351,155,22,24,1,5,1,
5,12,140,18,36,69,1,5,1,
5,13,126,338,24,24,1,5,1,
6,1,621,131,74,30,1,5,1,
6,2,818,0,47,46,1,5,1,
6,3,225,336,85,41,1,5,1,
6,4,843,32,72,18,1,5,1,
6,5,87,231,53,13,1,5,1,
6,6,66,212,25,10,1,5,1,
6,7,435,491,77,53,1,5,1,
6,8,360,457,38,87,1,5,1,
6,9,592,526,52,18,1,5,1,
6,10,8,270,62,16,1,5,1,
6,11,351,157,18,23,1,5,1,
6,12,144,20,35,72,1,5,1,
6,13,125,339,30,25,1,5,1,
7,1,619,132,68,31,1,5,1,
7,2,816,0,48,49,1,5,1,
7,3,216,338,83,45,1,5,1,
7,4,831,34,78,17,1,5,1,
7,5,90,231,58,13,1,5,1,
7,6,60,212,31,10,1,5,1,
7,7,432,493,69,51,1,5,1,
7,8,356,464,28,80,1,5,1,
7,10,0,270,67,16,1,5,1,
7,11,354,159,16,23,1,5,1,
7,12,149,23,34,73,1,5,1,
7,13,122,341,41,24,1,5,1,
8,1,618,132,61,33,1,5,1,
8,2,813,0,42,53,1,5,1,
8,3,208,340,82,48,1,5,1,
8,4,819,33,84,21,1,5,1,
8,5,93,231,63,13,1,5,1,
8,6,53,212,37,10,1,5,1,
8,7,430,495,62,49,1,5,1,
8,8,353,472,44,72,1,5,1,
8,10,-4,270,70,17,1,5,1,
8,11,357,160,15,23,1,5,1,
8,12,143,27,49,73,1,5,1,
8,13,120,342,51,24,1,5,1,
9,1,617,134,54,33,1,5,1,
9,2,809,6,39,51,1,5,1,
9,3,201,343,79,50,1,5,1,
9,4,808,33,87,25,1,5,1,
9,5,97,232,67,12,1,5,1,
9,6,46,213,43,9,1,5,1,
9,7,430,498,52,46,1,5,1,
9,8,350,481,70,63,1,5,1,
9,10,-15,270,78,17,1,5,1,
9,11,357,162,20,22,1,5,1,
9,12,139,31,62,72,1,5,1,
9,13,119,344,60,23,1,5,1,
10,1,617,135,47,34,1,5,1,
10,2,806,12,36,49,1,5,1,
10,3,195,347,75,52,1,5,1,
10,4,797,33,90,28,1,5,1,
10,5,102,232,70,13,1,5,1,
10,6,39,212,48,10,1,5,1,
10,7,431,502,42,42,1,5,1,
10,10,-22,270,82,17,1,5,1,
10,11,356,164,27,22,1,5,1,
10,12,137,36,74,71,1,5,1,
10,13,119,346,69,22,1,5,1,
11,1,618,136,39,35,1,5,1,
11,2,801,17,37,48,1,5,1,
11,3,191,351,69,53,1,5,1,
11,4,787,34,90,32,1,5,1,
11,5,108,232,71,13,1,5,1,
11,6,32,212,52,10,1,5,1,
11,7,434,507,30,37,1,5,1,
11,10,-29,269,83,15,1,5,1,
11,11,356,166,33,21,1,5,1,
11,12,136,41,85,69,1,5,1,
11,13,120,349,77,19,1,5,1,
12,1,618,138,32,34,1,5,1,
12,2,796,22,39,46,1,5,1,
12,3,187,355,64,54,1,5,1,
12,4,778,35,89,35,1,5,1,
12,5,114,233,73,12,1,5,1,
12,6,24,211,56,11,1,5,1,
12,10,-36,269,84,16,1,5,1,
12,11,357,167,39,21,1,5,1,
12,12,137,46,94,67,1,5,1,
12,13,122,351,84,17,1,5,1,
13,1,617,140,26,34,1,5,1,
13,2,791,27,40,45,1,5,1,
13,3,185,359,57,55,1,5,1,
13,4,769,37,87,37,1,5,1,
13,5,121,233,73,12,1,5,1,
13,6,17,210,59,11,1,5,1,
13,10,-42,270,82,13,1,5,1,
13,11,359,169,44,20,1,5,1,
13,12,139,51,102,64,1,5,1,
13,13,125,350,88,17,1,5,1,
14,1,617,142,21,33,1,5,1,
14,2,790,31,37,44,1,5,1,
14,3,185,363,49,55,1,5,1,
14,4,762,39,84,39,1,5,1,
14,5,127,233,74,12,1,5,1,
14,6,9,209,63,12,1,5,1,
14,10,-47,271,79,11,1,5,1,
14,11,361,171,49,19,1,5,1,
14,12,142,56,109,61,1,5,1,
14,13,130,350,89,17,1,5,1,
15,1,619,144,17,32,1,5,1,
15,2,788,36,34,42,1,5,1,
15,3,186,368,40,55,1,5,1,
15,4,756,42,79,40,1,5,1,
15,5,134,233,73,12,1,5,1,
15,6,1,208,66,12,1,5,1,
15,11,364,172,54,19,1,5,1,
15,12,147,61,114,58,1,5,1,
15,13,136,350,89,17,1,5,1,
16,1,620,146,17,31,1,5,1,
16,2,788,40,28,41,1,5,1,
16,3,185,372,33,55,1,5,1,
16,4,750,45,75,41,1,5,1,
16,5,141,233,72,12,1,5,1,
16,6,-1,207,63,12,1,5,1,
16,11,368,174,58,17,1,5,1,
16,12,152,66,118,54,1,5,1,
16,13,142,350,89,17,1,5,1,
17,1,623,149,17,29,1,5,1,
17,2,789,45,20,38,1,5,1,
17,3,184,377,28,53,1,5,1,
17,4,747,48,68,42,1,5,1,
17,5,149,233,70,12,1,5,1,
17,6,-9,206,65,12,1,5,1,
17,11,372,175,61,17,1,5,1,
17,12,159,71,121,50,1,5,1,
17,13,149,350,88,17,1,5,1,
18,1,622,151,23,27,1,5,1,
18,2,791,49,18,35,1,5,1,
18,3,186,381,29,52,1,5,1,
18,4,744,52,61,41,1,5,1,
18,5,155,233,68,12,1,5,1,
18,6,-16,206,66,12,1,5,1,
18,11,377,176,64,16,1,5,1,
18,12,166,75,123,47,1,5,1,
18,13,155,350,88,17,1,5,1,
19,1,619,153,31,25,1,5,1,
19,2,794,54,18,32,1,5,1,
19,3,188,386,30,49,1,5,1,
19,4,742,56,52,41,1,5,1,
19,5,163,232,65,13,1,5,1,
19,6,-24,205,67,12,1,5,1,
19,11,383,178,66,15,1,5,1,
19,12,175,80,122,42,1,5,1,
19,13,163,350,85,18,1,5,1,
20,1,617,155,38,24,1,5,1,
20,2,795,57,19,30,1,5,1,
20,3,188,390,38,47,1,5,1,
20,4,741,60,45,40,1,5,1,
20,5,170,232,61,13,1,5,1,
20,6,-30,205,67,11,1,5,1,
20,11,389,179,68,14,1,5,1,
20,12,183,84,122,38,1,5,1,
20,13,169,350,84,18,1,5,1,
21,1,616,158,45,21,1,5,1,
21,2,794,61,24,28,1,5,1,
21,3,188,395,50,43,1,5,1,
21,4,741,64,36,38,1,5,1,
21,5,178,232,56,12,1,5,1,
21,6,-37,204,66,11,1,5,1,
21,11,396,180,68,13,1,5,1,
21,12,193,89,120,34,1,5,1,
21,13,176,350,83,18,1,5,1,
22,1,616,160,48,19,1,5,1,
22,2,794,64,28,26,1,5,1,
22,3,186,399,66,39,1,5,1,
22,4,739,68,30,37,1,5,1,
22,5,185,232,51,12,1,5,1,
22,6,-42,203,64,11,1,5,1,
22,11,402,180,69,14,1,5,1,
22,12,202,92,118,31,1,5,1,
22,13,183,351,81,17,1,5,1,
23,1,618,162,49,18,1,5,1,
23,2,796,66,30,26,1,5,1,
23,3,185,404,80,36,1,5,1,
23,4,740,73,22,34,1,5,1,
23,5,193,232,44,12,1,5,1,
23,11,410,180,68,13,1,5,1,
23,12,213,96,114,27,1,5,1,
23,13,190,351,79,18,1,5,1,
24,1,620,163,50,17,1,5,1,
24,2,797,69,34,24,1,5,1,
24,3,186,408,90,34,1,5,1,
24,4,741,76,16,32,1,5,1,
24,5,198,231,41,13,1,5,1,
24,11,417,180,68,13,1,5,1,
24,12,222,99,111,24,1,5,1,
24,13,195,352,79,17,1,5,1,
25,1,623,163,50,18,1,5,1,
25,2,799,71,37,23,1,5,1,
25,3,190,410,96,33,1,5,1,
25,4,743,80,14,30,1,5,1,
25,5,204,231,38,13,1,5,1,
25,11,424,180,68,13,1,5,1,
25,12,232,99,106,23,1,5,1,
25,13,201,352,79,18,1,5,1,
26,1,626,164,49,17,1,5,1,
26,2,801,73,40,22,1,5,1,
26,3,195,413,102,32,1,5,1,
26,4,746,83,14,28,1,5,1,
26,5,208,231,38,12,1,5,1,
26,11,431,180,68,13,1,5,1,
26,12,242,98,100,23,1,5,1,
26,13,206,352,80,18,1,5,1,
27,1,629,164,49,18,1,5,1,
27,2,804,75,42,21,1,5,1,
27,3,202,415,106,32,1,5,1,
27,4,745,87,21,25,1,5,1,
27,5,212,230,37,13,1,5,1,
27,11,438,179,68,14,1,5,1,
27,12,251,96,94,24,1,5,1,
27,13,212,353,80,17,1,5,1,
28,1,633,165,47,17,1,5,1,
28,2,807,77,45,20,1,5,1,
28,3,210,416,109,33,1,5,1,
28,4,745,90,27,22,1,5,1,
28,5,215,230,38,13,1,5,1,
28,11,445,179,69,13,1,5,1,
28,12,262,94,88,25,1,5,1,
28,13,217,353,82,18,1,5,1,
29,1,637,165,46,18,1,5,1,
29,2,810,79,48,19,1,5,1,
29,3,219,418,112,33,1,5,1,
29,4,744,93,33,20,1,5,1,
29,5,218,230,39,13,1,5,1,
29,11,452,178,69,14,1,5,1,
29,12,271,93,85,25,1,5,1,
29,13,223,353,82,18,1,5,1,
30,1,642,166,43,17,1,5,1,
30,2,816,81,47,18,1,5,1,
30,3,232,420,111,33,1,5,1,
30,4,746,96,35,18,1,5,1,
30,5,223,229,38,13,1,5,1,
30,11,462,178,67,13,1,5,1,
30,12,281,91,81,25,1,5,1,
30,13,231,353,81,18,1,5,1,
31,1,646,167,41,17,1,5,1,
31,2,820,82,48,18,1,5,1,
31,3,242,422,113,32,1,5,1,
31,4,749,98,35,17,1,5,1,
31,5,226,229,39,13,1,5,1,
31,11,469,177,68,14,1,5,1,
31,12,287,90,82,25,1,5,1,
31,13,236,354,82,18,1,5,1,
32,1,650,167,39,17,1,5,1,
32,2,826,83,46,17,1,5,1,
32,3,254,424,113,32,1,5,1,
32,4,753,100,35,16,1,5,1,
32,5,229,229,40,13,1,5,1,
32,11,478,177,66,13,1,5,1,
32,12,293,89,82,25,1,5,1,
32,13,243,354,82,18,1,5,1,
33,1,652,167,39,17,1,5,1,
33,2,830,84,47,17,1,5,1,
33,3,262,425,118,33,1,5,1,
33,4,756,101,36,16,1,5,1,
33,5,232,228,41,14,1,5,1,
33,11,483,176,69,14,1,5,1,
33,12,297,87,85,26,1,5,1,
33,13,248,354,84,18,1,5,1,
34,1,656,168,37,17,1,5,1,
34,2,836,85,45,17,1,5,1,
34,3,274,427,119,33,1,5,1,
34,4,761,102,34,16,1,5,1,
34,5,236,228,42,13,1,5,1,
34,9,787,537,21,6,1,5,1,
34,11,492,176,68,14,1,5,1,
34,12,303,86,86,25,1,5,1,
34,13,255,354,84,18,1,5,1,
35,1,661,169,34,16,1,5,1,
35,2,844,86,41,17,1,5,1,
35,3,291,429,116,33,1,5,1,
35,4,767,104,32,15,1,5,1,
35,5,241,228,41,13,1,5,1,
35,9,792,536,20,7,1,5,1,
35,11,503,175,65,14,1,5,1,
35,12,311,84,85,26,1,5,1,
35,13,264,355,81,18,1,5,1,
36,1,663,169,34,17,1,5,1,
36,2,848,87,41,17,1,5,1,
36,3,298,430,122,34,1,5,1,
36,4,770,105,32,15,1,5,1,
36,5,243,227,44,14,1,5,1,
36,9,795,535,21,8,1,5,1,
36,11,508,175,68,14,1,5,1,
36,12,315,83,89,26,1,5,1,
36,13,268,355,84,18,1,5,1,
37,1,665,169,34,17,1,5,1,
37,2,851,88,42,17,1,5,1,
37,3,306,432,128,33,1,5,1,
37,4,773,105,32,16,1,5,1,
37,5,246,227,47,14,1,5,1,
37,9,796,534,24,9,1,5,1,
37,11,513,175,71,14,1,5,1,
37,12,318,82,93,26,1,5,1,
37,13,273,355,86,18,1,5,1,
38,1,667,170,34,17,1,5,1,
38,2,855,89,42,17,1,5,1,
38,3,316,433,133,34,1,5,1,
38,4,776,106,33,16,1,5,1,
38,5,248,227,51,14,1,5,1,
38,9,798,532,26,11,1,5,1,
38,11,520,175,72,14,1,5,1,
38,12,323,80,95,27,1,5,1,
38,13,278,354,88,19,1,5,1,
39,1,670,170,32,17,1,5,1,
39,2,859,90,42,17,1,5,1,
39,3,326,434,137,35,1,5,1,
39,4,779,107,33,16,1,5,1,
39,5,252,227,53,14,1,5,1,
39,9,798,531,30,12,1,5,1,
39,11,526,174,74,14,1,5,1,
39,12,328,79,98,27,1,5,1,
39,13,283,354,91,18,1,5,1,
40,1,672,171,32,17,1,5,1,
40,2,864,91,40,17,1,5,1,
40,3,338,436,140,35,1,5,1,
40,4,783,109,32,15,1,5,1,
40,5,256,227,55,14,1,5,1,
40,9,798,530,34,13,1,5,1,
40,11,534,174,74,14,1,5,1,
40,12,334,78,100,27,1,5,1,
40,13,290,354,91,18,1,5,1,
41,1,675,172,30,16,1,5,1,
41,2,868,92,40,17,1,5,1,
41,3,350,438,143,34,1,5,1,
41,4,786,110,32,15,1,5,1,
41,5,260,227,57,14,1,5,1,
41,9,799,529,36,14,1,5,1,
41,11,541,174,76,14,1,5,1,
41,12,340,77,102,27,1,5,1,
41,13,296,354,92,18,1,5,1,
42,1,677,172,30,17,1,5,1,
42,2,872,93,39,17,1,5,1,
42,3,363,439,146,35,1,5,1,
42,4,790,111,31,15,1,5,1,
42,5,265,227,58,14,1,5,1,
42,9,801,527,38,16,1,5,1,
42,11,549,173,76,14,1,5,1,
42,12,346,75,104,27,1,5,1,
42,13,303,354,92,18,1,5,1,
43,1,680,173,28,16,1,5,1,
43,2,876,94,38,17,1,5,1,
43,3,375,441,149,35,1,5,1,
43,4,793,112,31,15,1,5,1,
43,5,270,227,58,14,1,5,1,
43,9,802,526,40,17,1,5,1,
43,11,557,173,76,14,1,5,1,
43,12,352,74,106,27,1,5,1,
43,13,310,354,92,18,1,5,1,
44,1,682,173,27,17,1,5,1,
44,2,881,95,37,16,1,5,1,
44,3,389,443,151,34,1,5,1,
44,4,797,113,30,15,1,5,1,
44,5,276,227,58,14,1,5,1,
44,9,807,525,39,18,1,5,1,
44,11,565,173,76,14,1,5,1,
44,12,358,73,108,27,1,5,1,
44,13,317,354,92,18,1,5,1,
45,1,684,174,26,16,1,5,1,
45,2,885,95,36,17,1,5,1,
45,3,402,444,154,35,1,5,1,
45,4,800,114,30,15,1,5,1,
45,5,281,226,59,15,1,5,1,
45,9,811,523,38,19,1,5,1,
45,11,573,173,77,14,1,5,1,
45,12,365,72,110,27,1,5,1,
45,13,324,354,92,18,1,5,1,
46,1,687,174,24,17,1,5,1,
46,2,889,97,35,16,1,5,1,
46,3,416,446,157,34,1,5,1,
46,4,804,115,28,15,1,5,1,
46,5,286,226,60,15,1,5,1,
46,9,815,522,38,18,1,5,1,
46,11,581,172,77,15,1,5,1,
46,12,372,70,112,28,1,5,1,
46,13,331,354,92,18,1,5,1,
47,1,689,175,23,16,1,5,1,
47,2,893,98,33,16,1,5,1,
47,3,430,447,159,34,1,5,1,
47,4,807,116,28,15,1,5,1,
47,5,291,226,61,15,1,5,1,
47,9,819,521,37,18,1,5,1,
47,11,589,172,77,14,1,5,1,
47,12,378,69,114,28,1,5,1,
47,13,338,354,92,18,1,5,1,
48,1,691,176,22,16,1,5,1,
48,2,897,99,32,16,1,5,1,
48,3,447,449,159,34,1,5,1,
48,4,811,117,26,15,1,5,1,
48,5,298,226,60,14,1,5,1,
48,9,824,519,35,18,1,5,1,
48,11,599,172,76,14,1,5,1,
48,12,387,68,114,28,1,5,1,
48,13,346,354,91,18,1,5,1,
49,1,693,176,21,16,1,5,1,
49,2,900,100,32,16,1,5,1,
49,3,460,450,163,34,1,5,1,
49,4,813,118,27,15,1,5,1,
49,5,302,225,63,15,1,5,1,
49,9,828,518,34,18,1,5,1,
49,11,606,172,77,14,1,5,1,
49,12,393,67,117,28,1,5,1,
49,13,352,354,92,18,1,5,1,
50,1,695,177,20,16,1,5,1,
50,2,904,101,30,16,1,5,1,
50,3,476,451,164,34,1,5,1,
50,4,817,119,25,15,1,5,1,
50,5,308,225,63,15,1,5,1,
50,9,831,517,34,17,1,5,1,
50,11,614,172,77,14,1,5,1,
50,12,400,66,119,28,1,5,1,
50,13,360,353,91,19,1,5,1,
51,1,696,177,20,16,1,5,1,
51,2,907,102,30,16,1,5,1,
51,3,490,451,167,35,1,5,1,
51,4,819,120,26,14,1,5,1,
51,5,313,225,64,15,1,5,1,
51,9,835,515,33,18,1,5,1,
51,11,622,172,78,14,1,5,1,
51,12,407,65,121,28,1,5,1,
51,13,366,353,92,19,1,5,1,
52,1,698,178,19,16,1,5,1,
52,2,911,103,28,16,1,5,1,
52,3,506,452,168,34,1,5,1,
52,4,822,121,25,14,1,5,1,
52,5,319,225,65,15,1,5,1,
52,9,839,514,32,18,1,5,1,
52,11,630,171,78,15,1,5,1,
52,12,415,63,122,29,1,5,1,
52,13,373,353,92,19,1,5,1,
53,1,700,178,18,16,1,5,1,
53,2,914,104,28,16,1,5,1,
53,3,521,453,170,34,1,5,1,
53,4,825,122,24,14,1,5,1,
53,5,324,225,67,15,1,5,1,
53,9,842,512,31,18,1,5,1,
53,11,638,171,78,15,1,5,1,
53,12,422,62,125,29,1,5,1,
53,13,380,353,91,18,1,5,1,
54,1,701,179,18,16,1,5,1,
54,2,917,105,27,16,1,5,1,
54,3,537,453,171,35,1,5,1,
54,4,828,123,23,14,1,5,1,
54,5,330,224,67,15,1,5,1,
54,9,845,511,31,18,1,5,1,
54,11,646,171,78,15,1,5,1,
54,12,430,61,126,30,1,5,1,
54,13,387,353,91,18,1,5,1,
55,1,703,180,16,15,1,5,1,
55,2,920,106,26,16,1,5,1,
55,3,553,454,172,34,1,5,1,
55,4,830,124,24,14,1,5,1,
55,5,336,224,68,15,1,5,1,
55,9,849,510,30,18,1,5,1,
55,11,655,171,78,15,1,5,1,
55,12,438,60,128,30,1,5,1,
55,13,394,353,91,18,1,5,1,
56,1,704,180,16,16,1,5,1,
56,2,923,107,25,16,1,5,1,
56,3,570,454,172,35,1,5,1,
56,4,833,125,23,14,1,5,1,
56,5,342,224,69,15,1,5,1,
56,9,852,508,29,18,1,5,1,
56,11,663,171,78,15,1,5,1,
56,12,446,59,129,30,1,5,1,
56,13,401,353,91,18,1,5,1,
57,1,705,181,16,15,1,5,1,
57,2,926,108,24,16,1,5,1,
57,3,586,454,173,35,1,5,1,
57,4,836,126,22,14,1,5,1,
57,5,348,224,70,15,1,5,1,
57,9,855,507,28,18,1,5,1,
57,11,671,171,78,15,1,5,1,
57,12,454,58,131,30,1,5,1,
57,13,408,353,91,18,1,5,1,
58,1,707,181,14,16,1,5,1,
58,2,928,109,24,16,1,5,1,
58,3,604,455,172,35,1,5,1,
58,4,838,127,22,14,1,5,1,
58,5,354,224,71,15,1,5,1,
58,9,859,506,27,17,1,5,1,
58,11,680,171,77,15,1,5,1,
58,12,463,57,132,30,1,5,1,
58,13,416,352,89,18,1,5,1,
59,1,708,182,14,15,1,5,1,
59,2,931,110,23,16,1,5,1,
59,3,619,455,175,35,1,5,1,
59,4,841,128,20,14,1,5,1,
59,5,360,223,72,16,1,5,1,
59,9,861,504,27,18,1,5,1,
59,11,688,171,77,15,1,5,1,
59,12,471,56,134,31,1,5,1,
59,13,422,352,90,18,1,5,1,
60,1,708,183,14,15,1,5,1,
60,2,933,111,23,16,1,5,1,
60,3,637,455,174,36,1,5,1,
60,4,843,129,20,13,1,5,1,
60,5,367,223,72,16,1,5,1,
60,9,864,503,26,17,1,5,1,
60,11,696,171,77,15,1,5,1,
60,12,480,55,134,31,1,5,1,
60,13,430,352,88,18,1,5,1,
61,1,708,183,14,15,1,5,1,
61,2,936,112,21,16,1,5,1,
61,3,653,456,175,35,1,5,1,
61,4,845,130,20,13,1,5,1,
61,5,373,223,73,16,1,5,1,
61,9,867,501,25,18,1,5,1,
61,11,704,171,77,15,1,5,1,
61,12,488,55,136,30,1,5,1,
61,13,437,352,88,18,1,5,1,
62,1,709,184,14,15,1,5,1,
62,2,938,113,21,16,1,5,1,
62,3,671,456,174,35,1,5,1,
62,4,848,131,19,13,1,5,1,
62,5,380,223,73,15,1,5,1,
62,9,870,500,24,17,1,5,1,
62,11,713,171,76,15,1,5,1,
62,12,498,54,137,30,1,5,1,
62,13,444,352,87,17,1,5,1,
63,1,709,184,14,15,1,5,1,
63,2,940,114,19,16,1,5,1,
63,3,688,456,174,36,1,5,1,
63,4,850,132,18,13,1,5,1,
63,5,386,223,74,15,1,5,1,
63,9,873,499,23,17,1,5,1,
63,11,721,171,76,15,1,5,1,
63,12,506,53,139,31,1,5,1,
63,13,451,351,87,18,1,5,1,
64,2,943,115,16,16,1,5,1,
64,3,705,456,174,36,1,5,1,
64,4,852,133,18,13,1,5,1,
64,5,393,222,75,16,1,5,1,
64,9,876,497,22,18,1,5,1,
64,11,729,171,76,15,1,5,1,
64,12,516,52,139,31,1,5,1,
64,13,458,351,86,18,1,5,1,
65,2,944,116,15,16,1,5,1,
65,3,720,457,177,35,1,5,1,
65,4,854,133,18,14,1,5,1,
65,5,398,222,77,16,1,5,1,
65,9,878,496,22,17,1,5,1,
65,11,736,171,76,15,1,5,1,
65,12,524,52,141,31,1,5,1,
65,13,464,351,86,18,1,5,1,
66,2,946,117,14,16,1,5,1,
66,3,736,457,178,35,1,5,1,
66,4,856,134,17,14,1,5,1,
66,5,405,222,78,16,1,5,1,
66,9,880,495,22,17,1,5,1,
66,11,744,171,76,15,1,5,1,
66,12,532,51,143,31,1,5,1,
66,13,471,351,85,17,1,5,1,
67,2,948,118,12,16,1,5,1,
67,3,752,457,179,35,1,5,1,
67,4,857,135,18,13,1,5,1,
67,5,411,222,79,16,1,5,1,
67,9,882,493,22,18,1,5,1,
67,11,752,171,76,15,1,5,1,
67,12,541,50,144,32,1,5,1,
67,13,477,350,86,18,1,5,1,
68,2,949,119,11,16,1,5,1,
68,3,767,457,181,36,1,5,1,
68,4,859,136,17,13,1,5,1,
68,5,417,222,81,16,1,5,1,
68,9,884,492,21,17,1,5,1,
68,11,759,171,76,15,1,5,1,
68,12,549,50,147,31,1,5,1,
68,13,483,350,86,18,1,5,1,
69,2,951,120,9,16,1,5,1,
69,3,785,457,174,36,1,5,1,
69,4,861,137,17,13,1,5,1,
69,5,425,222,80,16,1,5,1,
69,9,887,491,20,17,1,5,1,
69,11,767,171,76,15,1,5,1,
69,12,559,49,147,32,1,5,1,
69,13,490,350,85,17,1,5,1,
70,2,952,121,8,16,1,5,1,
70,3,801,457,159,36,1,5,1,
70,4,863,138,16,13,1,5,1,
70,5,431,222,82,16,1,5,1,
70,9,889,489,20,17,1,5,1,
70,11,775,172,75,14,1,5,1,
70,12,568,48,148,32,1,5,1,
70,13,496,350,84,17,1,5,1,
71,2,954,122,6,16,1,5,1,
71,3,819,457,141,36,1,5,1,
71,4,864,139,16,13,1,5,1,
71,5,439,222,81,16,1,5,1,
71,9,891,488,19,17,1,5,1,
71,11,783,172,75,14,1,5,1,
71,12,578,48,148,32,1,5,1,
71,13,503,349,83,18,1,5,1,
72,3,836,457,124,31,1,5,1,
72,4,866,140,15,12,1,5,1,
72,5,446,221,82,16,1,5,1,
72,9,893,486,19,17,1,5,1,
72,11,791,172,74,14,1,5,1,
72,12,588,47,148,32,1,5,1,
72,13,510,349,83,17,1,5,1,
73,3,851,459,109,29,1,5,1,
73,4,867,140,16,13,1,5,1,
73,5,452,221,84,15,1,5,1,
73,9,895,485,18,17,1,5,1,
73,11,798,172,74,15,1,5,1,
73,12,597,47,150,32,1,5,1,
73,13,516,349,83,18,1,5,1,
74,3,865,462,95,26,1,5,1,
74,4,869,141,15,13,1,5,1,
74,5,459,220,84,16,1,5,1,
74,9,896,484,18,17,1,5,1,
74,11,804,172,75,15,1,5,1,
74,12,605,47,152,32,1,5,1,
74,13,521,349,85,17,1,5,1,
75,3,882,463,78,23,1,5,1,
75,4,870,142,15,13,1,5,1,
75,5,466,219,85,17,1,5,1,
75,9,898,482,17,18,1,5,1,
75,11,812,172,74,15,1,5,1,
75,12,615,46,152,32,1,5,1,
75,13,527,349,86,17,1,5,1,
76,3,897,465,63,15,1,5,1,
76,4,871,143,15,13,1,5,1,
76,5,473,219,86,16,1,5,1,
76,9,900,481,17,17,1,5,1,
76,11,819,172,74,15,1,5,1,
76,12,624,46,153,32,1,5,1,
76,13,532,348,88,18,1,5,1,
77,4,873,144,14,12,1,5,1,
77,5,480,219,87,16,1,5,1,
77,9,901,480,17,17,1,5,1,
77,11,826,173,74,14,1,5,1,
77,12,633,45,154,33,1,5,1,
77,13,537,348,90,17,1,5,1,
78,4,874,144,14,13,1,5,1,
78,5,486,219,89,16,1,5,1,
78,9,903,478,16,18,1,5,1,
78,10,0,273,57,30,1,5,1,
78,11,832,173,74,14,1,5,1,
78,12,642,45,155,33,1,5,1,
78,13,542,348,91,17,1,5,1,
79,4,875,145,14,13,1,5,1,
79,5,493,219,91,16,1,5,1,
79,9,904,477,16,17,1,5,1,
79,10,0,273,73,35,1,5,1,
79,11,840,173,73,15,1,5,1,
79,12,652,45,155,33,1,5,1,
79,13,548,348,92,18,1,5,1,
80,4,876,146,13,13,1,5,1,
80,5,501,218,91,17,1,5,1,
80,9,906,476,15,17,1,5,1,
80,10,0,271,89,39,1,5,1,
80,11,847,173,72,15,1,5,1,
80,12,662,45,155,32,1,5,1,
80,13,554,348,93,18,1,5,1,
81,4,878,147,12,13,1,5,1,
81,5,508,218,92,17,1,5,1,
81,9,907,474,15,17,1,5,1,
81,10,0,271,106,39,1,5,1,
81,11,855,174,71,14,1,5,1,
81,12,673,44,154,33,1,5,1,
81,13,561,348,93,18,1,5,1,
82,4,879,148,12,12,1,5,1,
82,5,516,218,92,16,1,5,1,
82,9,909,473,13,17,1,5,1,
82,10,0,271,122,39,1,5,1,
82,11,863,174,69,14,1,5,1,
82,12,684,44,153,33,1,5,1,
82,13,567,348,93,18,1,5,1,
83,4,880,149,12,12,1,5,1,
83,5,524,218,93,16,1,5,1,
83,9,910,472,13,16,1,5,1,
83,10,0,271,138,39,1,5,1,
83,11,870,174,68,14,1,5,1,
83,12,694,44,153,33,1,5,1,
83,13,574,348,93,18,1,5,1,
84,4,881,150,11,12,1,5,1,
84,5,532,218,93,16,1,5,1,
84,9,911,471,13,16,1,5,1,
84,10,0,271,154,39,1,5,1,
84,11,877,174,67,15,1,5,1,
84,12,705,44,152,33,1,5,1,
84,13,581,348,93,18,1,5,1,
85,4,881,150,12,12,1,5,1,
85,5,540,218,93,16,1,5,1,
85,9,912,469,12,17,1,5,1,
85,10,0,271,170,38,1,5,1,
85,11,884,175,66,14,1,5,1,
85,12,714,44,152,33,1,5,1,
85,13,587,348,94,18,1,5,1,
86,4,882,151,11,12,1,5,1,
86,5,549,217,93,17,1,5,1,
86,9,913,468,12,16,1,5,1,
86,10,0,271,186,38,1,5,1,
86,11,891,175,65,14,1,5,1,
86,12,726,44,150,33,1,5,1,
86,13,595,348,92,18,1,5,1,
87,4,882,152,12,12,1,5,1,
87,5,557,217,93,17,1,5,1,
87,9,914,467,12,16,1,5,1,
87,10,0,271,201,38,1,5,1,
87,11,899,175,60,14,1,5,1,
87,12,737,44,148,33,1,5,1,
87,13,602,348,92,18,1,5,1,
88,4,883,153,11,12,1,5,1,
88,5,564,217,94,17,1,5,1,
88,9,914,465,12,16,1,5,1,
88,10,0,271,216,37,1,5,1,
88,11,905,176,55,14,1,5,1,
88,12,746,44,149,33,1,5,1,
88,13,608,348,92,18,1,5,1,
89,4,883,154,12,11,1,5,1,
89,5,572,217,95,17,1,5,1,
89,9,915,464,11,16,1,5,1,
89,10,2,271,229,37,1,5,1,
89,11,911,176,49,14,1,5,1,
89,12,755,44,149,33,1,5,1,
89,13,615,348,92,18,1,5,1,
90,4,884,154,11,12,1,5,1,
90,5,580,217,95,17,1,5,1,
90,9,915,463,12,16,1,5,1,
90,10,19,271,225,37,1,5,1,
90,11,918,176,42,14,1,5,1,
90,12,766,44,147,33,1,5,1,
90,13,622,348,91,18,1,5,1,
91,4,884,155,11,12,1,5,1,
91,5,588,217,95,17,1,5,1,
91,9,916,461,11,16,1,5,1,
91,10,35,270,220,37,1,5,1,
91,11,924,177,36,13,1,5,1,
91,12,775,44,148,34,1,5,1,
91,13,628,348,92,18,1,5,1,
92,4,884,156,11,12,1,5,1,
92,5,596,217,96,17,1,5,1,
92,9,916,460,11,16,1,5,1,
92,10,52,270,214,37,1,5,1,
92,11,930,177,30,11,1,5,1,
92,12,785,44,147,34,1,5,1,
92,13,634,348,92,18,1,5,1,
93,4,885,157,11,11,1,5,1,
93,5,605,217,95,17,1,5,1,
93,9,916,459,12,16,1,5,1,
93,10,73,270,203,37,1,5,1,
93,11,936,179,24,8,1,5,1,
93,12,795,44,146,34,1,5,1,
93,13,642,348,91,18,1,5,1,
94,4,885,157,11,12,1,5,1,
94,5,613,217,95,16,1,5,1,
94,9,917,458,11,15,1,5,1,
94,10,91,270,194,36,1,5,1,
94,11,942,179,18,7,1,5,1,
94,12,805,44,145,34,1,5,1,
94,13,648,348,91,18,1,5,1,
95,4,885,158,11,12,1,5,1,
95,5,621,217,96,16,1,5,1,
95,9,917,456,11,16,1,5,1,
95,10,110,269,182,37,1,5,1,
95,12,815,45,143,33,1,5,1,
95,13,655,348,90,18,1,5,1,
96,2,954,153,5,8,1,5,1,
96,4,885,159,11,11,1,5,1,
96,5,628,217,97,16,1,5,1,
96,9,917,455,11,16,1,5,1,
96,10,127,269,175,37,1,5,1,
96,12,824,45,135,34,1,5,1,
96,13,661,348,90,18,1,5,1,
97,2,953,153,7,9,1,5,1,
97,4,885,160,11,11,1,5,1,
97,5,637,217,96,16,1,5,1,
97,9,917,454,11,15,1,5,1,
97,10,145,269,168,37,1,5,1,
97,12,834,45,126,34,1,5,1,
97,13,668,348,90,18,1,5,1,
98,2,952,153,7,10,1,5,1,
98,4,886,160,10,12,1,5,1,
98,5,645,217,96,16,1,5,1,
98,9,917,453,11,15,1,5,1,
98,10,160,269,165,37,1,5,1,
98,12,843,45,117,34,1,5,1,
98,13,674,348,90,18,1,5,1,
99,2,951,153,9,11,1,5,1,
99,4,886,161,10,11,1,5,1,
99,5,655,217,94,16,1,5,1,
99,9,917,452,12,15,1,5,1,
99,10,176,269,162,38,1,5,1,
99,12,854,46,106,34,1,5,1,
99,13,682,348,88,18,1,5,1,
100,2,950,154,9,10,1,5,1,
100,4,886,162,10,11,1,5,1,
100,5,663,217,94,16,1,5,1,
100,9,917,450,12,15,1,5,1,
100,10,188,269,162,38,1,5,1,
100,12,864,46,96,34,1,5,1,
100,13,688,348,88,17,1,5,1,
101,2,950,154,9,11,1,5,1,
101,4,886,163,10,11,1,5,1,
101,5,671,217,94,16,1,5,1,
101,9,917,449,12,15,1,5,1,
101,10,200,269,163,38,1,5,1,
101,12,873,47,87,34,1,5,1,
101,13,695,348,86,17,1,5,1,
102,2,949,155,10,11,1,5,1,
102,4,886,164,10,10,1,5,1,
102,5,680,217,93,16,1,5,1,
102,9,917,448,12,15,1,5,1,
102,10,211,269,165,39,1,5,1,
102,12,883,47,77,28,1,5,1,
102,13,702,348,85,17,1,5,1,
103,2,948,156,11,11,1,5,1,
103,4,886,164,10,11,1,5,1,
103,5,687,217,94,16,1,5,1,
103,9,917,447,11,15,1,5,1,
103,10,221,269,169,39,1,5,1,
103,12,892,48,68,27,1,5,1,
103,13,708,347,85,18,1,5,1,
104,2,946,156,14,12,1,5,1,
104,4,885,165,11,11,1,5,1,
104,5,696,217,93,16,1,5,1,
104,9,917,446,11,14,1,5,1,
104,10,231,269,173,39,1,5,1,
104,12,901,48,59,23,1,5,1,
104,13,715,347,84,18,1,5,1,
105,2,945,155,14,13,1,5,1,
105,4,885,166,11,10,1,5,1,
105,5,704,217,93,16,1,5,1,
105,9,917,444,11,15,1,5,1,
105,10,242,269,176,40,1,5,1,
105,12,911,52,49,16,1,5,1,
105,13,721,347,83,18,1,5,1,
106,2,944,156,15,13,1,5,1,
106,4,885,166,10,11,1,5,1,
106,5,713,217,91,16,1,5,1,
106,9,916,443,12,15,1,5,1,
106,10,253,269,179,40,1,5,1,
106,13,728,347,82,17,1,5,1,
107,2,943,157,15,13,1,5,1,
107,4,885,167,10,10,1,5,1,
107,5,720,217,92,16,1,5,1,
107,9,916,442,12,15,1,5,1,
107,10,262,269,185,41,1,5,1,
107,13,733,347,82,17,1,5,1,
108,2,942,158,15,13,1,5,1,
108,4,885,168,10,10,1,5,1,
108,5,727,217,92,16,1,5,1,
108,6,0,46,30,37,1,5,1,
108,9,916,441,11,14,1,5,1,
108,10,272,269,190,41,1,5,1,
108,13,739,347,81,17,1,5,1,
109,2,941,159,15,12,1,5,1,
109,4,885,168,10,11,1,5,1,
109,5,735,217,92,16,1,5,1,
109,6,0,43,43,37,1,5,1,
109,9,916,440,11,14,1,5,1,
109,10,283,269,194,41,1,5,1,
109,13,745,346,81,18,1,5,1,
110,2,939,160,16,12,1,5,1,
110,4,884,169,10,10,1,5,1,
110,5,743,217,91,17,1,5,1,
110,6,0,40,56,38,1,5,1,
110,9,915,439,12,14,1,5,1,
110,10,294,269,199,42,1,5,1,
110,13,751,346,80,17,1,5,1,
111,2,938,161,16,12,1,5,1,
111,4,884,170,10,10,1,5,1,
111,5,753,217,89,17,1,5,1,
111,6,0,38,69,38,1,5,1,
111,9,915,438,11,14,1,5,1,
111,10,308,269,201,42,1,5,1,
111,13,758,346,78,17,1,5,1,
112,2,937,161,16,13,1,5,1,
112,4,884,170,9,10,1,5,1,
112,5,760,217,89,17,1,5,1,
112,6,0,35,83,40,1,5,1,
112,9,914,436,12,14,1,5,1,
112,10,319,269,206,42,1,5,1,
112,13,764,346,77,17,1,5,1,
113,2,935,162,17,12,1,5,1,
113,4,883,171,10,10,1,5,1,
113,5,769,217,87,17,1,5,1,
113,6,0,32,97,40,1,5,1,
113,9,914,435,11,14,1,5,1,
113,10,332,269,210,43,1,5,1,
113,13,771,346,75,17,1,5,1,
114,2,934,163,16,12,1,5,1,
114,4,883,172,10,10,1,5,1,
114,5,777,217,86,17,1,5,1,
114,6,0,29,112,41,1,5,1,
114,9,913,434,12,14,1,5,1,
114,10,345,269,213,43,1,5,1,
114,13,777,345,74,17,1,5,1,
115,2,932,164,17,12,1,5,1,
115,4,883,172,9,10,1,5,1,
115,5,785,217,85,17,1,5,1,
115,6,0,26,127,41,1,5,1,
115,9,913,433,12,14,1,5,1,
115,10,358,269,217,43,1,5,1,
115,13,783,345,72,17,1,5,1,
116,2,931,165,17,12,1,5,1,
116,4,882,173,10,10,1,5,1,
116,5,792,217,85,17,1,5,1,
116,6,0,23,143,42,1,5,1,
116,9,912,432,12,14,1,5,1,
116,10,371,269,221,43,1,5,1,
116,13,788,345,72,17,1,5,1,
117,2,929,166,17,11,1,5,1,
117,4,882,174,9,9,1,5,1,
117,5,801,218,82,16,1,5,1,
117,6,9,20,150,42,1,5,1,
117,9,911,431,13,13,1,5,1,
117,10,386,268,223,45,1,5,1,
117,13,795,345,70,16,1,5,1,
118,2,928,166,17,12,1,5,1,
118,4,881,174,10,10,1,5,1,
118,5,808,218,82,16,1,5,1,
118,6,20,17,156,43,1,5,1,
118,9,911,430,12,13,1,5,1,
118,10,399,269,227,44,1,5,1,
118,13,800,344,69,17,1,5,1,
119,2,926,167,18,12,1,5,1,
119,4,881,175,9,9,1,5,1,
119,5,815,218,82,16,1,5,1,
119,6,32,14,161,43,1,5,1,
119,9,910,429,13,13,1,5,1,
119,10,413,268,230,45,1,5,1,
119,13,805,344,68,17,1,5,1,
120,2,924,168,18,11,1,5,1,
120,5,823,218,80,16,1,5,1,
120,6,46,11,164,43,1,5,1,
120,9,909,428,13,13,1,5,1,
120,10,429,268,231,45,1,5,1,
120,13,811,344,67,16,1,5,1,
121,2,923,169,18,11,1,5,1,
121,5,829,218,80,16,1,5,1,
121,6,56,8,172,44,1,5,1,
121,9,909,427,13,13,1,5,1,
121,10,441,269,236,44,1,5,1,
121,13,816,344,66,16,1,5,1,
122,2,921,169,19,12,1,5,1,
122,5,836,218,80,16,1,5,1,
122,6,69,5,178,45,1,5,1,
122,10,455,269,238,44,1,5,1,
122,13,820,343,66,17,1,5,1,
123,2,919,170,19,11,1,5,1,
123,5,842,218,80,17,1,5,1,
123,6,80,2,186,45,1,5,1,
123,10,468,269,242,44,1,5,1,
123,13,825,343,65,16,1,5,1,
124,2,918,170,19,12,1,5,1,
124,5,847,219,81,16,1,5,1,
124,6,91,0,195,45,1,5,1,
124,10,480,269,247,44,1,5,1,
124,13,828,343,66,16,1,5,1,
125,2,916,171,20,12,1,5,1,
125,5,853,219,81,16,1,5,1,
125,6,104,0,202,43,1,5,1,
125,10,494,269,249,44,1,5,1,
125,13,833,342,64,17,1,5,1,
126,5,860,219,79,16,1,5,1,
126,6,117,0,210,40,1,5,1,
126,10,509,269,251,44,1,5,1,
126,13,837,342,64,16,1,5,1,
127,5,865,219,80,16,1,5,1,
127,6,129,0,219,39,1,5,1,
127,10,521,269,255,44,1,5,1,
127,13,841,342,64,16,1,5,1,
128,5,870,219,80,16,1,5,1,
128,6,142,0,228,36,1,5,1,
128,10,534,269,258,44,1,5,1,
128,13,845,342,63,16,1,5,1,
129,5,876,219,80,16,1,5,1,
129,6,155,-2,237,36,1,5,1,
129,10,548,269,261,44,1,5,1,
129,13,849,341,62,16,1,5,1,
130,5,882,220,77,15,1,5,1,
130,6,170,-4,244,36,1,5,1,
130,10,563,269,262,44,1,5,1,
130,13,853,341,62,16,1,5,1,
131,5,887,220,73,15,1,5,1,
131,6,184,-7,254,37,1,5,1,
131,10,577,269,264,44,1,5,1,
131,13,857,341,61,16,1,5,1,
132,5,893,220,67,16,1,5,1,
132,6,201,-9,260,36,1,5,1,
132,10,593,269,264,44,1,5,1,
132,13,861,340,60,16,1,5,1,
133,5,899,220,61,16,1,5,1,
133,6,217,-11,268,37,1,5,1,
133,10,607,269,266,44,1,5,1,
133,13,865,340,59,16,1,5,1,
134,5,905,220,55,16,1,5,1,
134,6,235,-13,273,37,1,5,1,
134,10,624,269,265,44,1,5,1,
134,13,869,340,58,16,1,5,1,
135,5,916,221,44,15,1,5,1,
135,6,268,-14,264,36,1,5,1,
135,10,652,268,253,45,1,5,1,
135,13,877,339,53,16,1,5,1,
136,5,922,222,38,14,1,5,1,
136,6,289,-16,266,36,1,5,1,
136,10,670,269,251,44,1,5,1,
136,13,881,339,51,16,1,5,1,
137,5,929,222,31,12,1,5,1,
137,10,686,269,251,44,1,5,1,
137,13,885,339,50,15,1,5,1,
138,5,933,223,27,11,1,5,1,
138,10,697,269,255,44,1,5,1,
138,13,888,338,50,16,1,5,1,
139,5,937,224,23,8,1,5,1,
139,10,708,269,251,44,1,5,1,
139,13,890,338,50,16,1,5,1,
140,10,721,269,239,44,1,5,1,
140,13,893,338,49,15,1,5,1,
141,10,732,269,228,44,1,5,1,
141,13,896,337,49,16,1,5,1,
142,10,742,269,218,44,1,5,1,
142,13,898,337,49,16,1,5,1,
143,10,752,269,208,44,1,5,1,
143,13,900,337,49,15,1,5,1,
144,10,770,269,190,44,1,5,1,
144,13,904,336,47,16,1,5,1,
145,10,781,269,179,44,1,5,1,
145,13,907,336,46,15,1,5,1,
146,10,796,271,164,42,1,5,1,
146,13,909,335,45,16,1,5,1,
147,10,808,271,152,42,1,5,1,
147,13,912,335,44,16,1,5,1,
148,10,822,273,138,36,1,5,1,
148,13,915,335,43,15,1,5,1,
149,10,834,273,126,36,1,5,1,
149,13,917,334,42,16,1,5,1,
150,10,847,276,113,31,1,5,1,
150,13,919,334,41,15,1,5,1,
