1,1,415,511,20,28,1,5,1,
1,2,36,80,116,31,1,5,1,
1,3,202,389,176,78,1,5,1,
1,4,-1,213,96,29,1,5,1,
1,5,75,390,75,27,1,5,1,
1,6,560,3,38,29,1,5,1,
1,7,683,95,53,16,1,5,1,
1,8,32,275,110,30,1,5,1,
1,9,88,271,100,20,1,5,1,
1,10,714,192,37,12,1,5,1,
1,11,896,295,31,17,1,5,1,
2,1,414,507,19,31,1,5,1,
2,2,44,82,120,30,1,5,1,
2,3,187,390,184,87,1,5,1,
2,4,-5,212,95,30,1,5,1,
2,5,63,390,86,27,1,5,1,
2,6,558,4,37,32,1,5,1,
2,7,685,94,59,16,1,5,1,
2,8,21,275,118,31,1,5,1,
2,9,79,271,106,20,1,5,1,
2,10,716,193,41,12,1,5,1,
2,11,897,295,25,17,1,5,1,
3,1,415,503,15,35,1,5,1,
3,2,53,83,121,30,1,5,1,
3,3,172,392,191,95,1,5,1,
3,4,-14,211,99,30,1,5,1,
3,5,50,389,98,28,1,5,1,
3,6,556,5,36,35,1,5,1,
3,7,687,92,64,17,1,5,1,
3,8,9,275,127,32,1,5,1,
3,9,70,272,112,20,1,5,1,
3,10,718,193,45,12,1,5,1,
3,11,898,294,24,17,1,5,1,
4,1,416,499,15,37,1,5,1,
4,2,65,85,119,29,1,5,1,
4,3,159,394,191,105,1,5,1,
4,4,-21,210,99,31,1,5,1,
4,5,35,389,110,28,1,5,1,
4,6,555,6,32,39,1,5,1,
4,7,691,91,68,17,1,5,1,
4,8,0,275,130,32,1,5,1,
4,9,61,272,115,20,1,5,1,
4,10,722,194,46,12,1,5,1,
4,11,901,294,23,17,1,5,1,
5,1,418,495,14,39,1,5,1,
5,2,80,86,113,28,1,5,1,
5,3,148,396,188,115,1,5,1,
5,4,-25,210,94,31,1,5,1,
5,5,20,389,122,29,1,5,1,
5,6,555,9,27,40,1,5,1,
5,7,696,90,70,17,1,5,1,
5,8,0,275,122,33,1,5,1,
5,9,52,272,117,21,1,5,1,
5,10,727,194,46,12,1,5,1,
5,11,905,294,22,16,1,5,1,
6,1,421,492,14,39,1,5,1,
6,2,94,87,107,27,1,5,1,
6,3,139,399,182,126,1,5,1,
6,4,-26,211,83,29,1,5,1,
6,5,4,390,133,29,1,5,1,
6,6,554,11,23,43,1,5,1,
6,7,702,89,71,16,1,5,1,
6,8,-6,275,119,35,1,5,1,
6,9,43,272,119,21,1,5,1,
6,10,733,194,45,12,1,5,1,
6,11,907,295,24,16,1,5,1,
7,1,419,488,20,40,1,5,1,
7,2,109,87,101,27,1,5,1,
7,3,134,402,169,137,1,5,1,
7,4,-24,215,68,25,1,5,1,
7,5,0,390,131,32,1,5,1,
7,6,553,15,20,43,1,5,1,
7,7,709,89,70,14,1,5,1,
7,8,-13,276,116,37,1,5,1,
7,9,36,272,117,22,1,5,1,
7,10,738,195,45,12,1,5,1,
7,11,907,294,26,16,1,5,1,
8,1,417,485,27,39,1,5,1,
8,2,122,87,100,26,1,5,1,
8,3,134,406,152,137,1,5,1,
8,4,-18,218,48,22,1,5,1,
8,5,-15,391,138,32,1,5,1,
8,6,552,19,16,43,1,5,1,
8,7,716,89,69,13,1,5,1,
8,8,-19,276,113,39,1,5,1,
8,9,27,272,117,22,1,5,1,
8,10,744,195,43,12,1,5,1,
8,11,909,294,27,16,1,5,1,
9,1,417,483,33,37,1,5,1,
9,2,132,86,102,26,1,5,1,
9,3,142,411,127,132,1,5,1,
9,5,-32,390,147,35,1,5,1,
9,6,552,23,13,42,1,5,1,
9,7,723,88,66,14,1,5,1,
9,8,-29,277,115,40,1,5,1,
9,9,18,272,118,22,1,5,1,
9,10,750,196,40,12,1,5,1,
9,11,912,294,26,16,1,5,1,
10,1,417,480,38,36,1,5,1,
10,2,141,86,106,25,1,5,1,
10,3,148,416,104,128,1,5,1,
10,5,-50,389,156,37,1,5,1,
10,6,553,27,11,42,1,5,1,
10,7,730,88,63,15,1,5,1,
10,8,-41,278,121,40,1,5,1,
10,9,10,272,118,23,1,5,1,
10,10,755,196,38,12,1,5,1,
10,11,915,294,25,15,1,5,1,
11,1,418,479,43,33,1,5,1,
11,2,150,85,110,25,1,5,1,
11,3,144,422,91,122,1,5,1,
11,5,-68,390,164,39,1,5,1,
11,6,555,31,10,41,1,5,1,
11,7,738,88,58,15,1,5,1,
11,8,-52,278,125,42,1,5,1,
11,9,2,273,119,23,1,5,1,
11,10,761,197,35,11,1,5,1,
11,11,919,294,22,15,1,5,1,
12,1,419,477,47,32,1,5,1,
12,2,157,84,117,26,1,5,1,
12,3,142,428,94,116,1,5,1,
12,4,-1,205,29,28,1,5,1,
12,5,-86,390,172,45,1,5,1,
12,6,556,35,12,39,1,5,1,
12,7,744,89,54,15,1,5,1,
12,8,-64,279,131,34,1,5,1,
12,9,0,273,114,23,1,5,1,
12,10,765,197,33,12,1,5,1,
12,11,921,293,22,15,1,5,1,
13,1,422,476,50,28,1,5,1,
13,2,167,82,121,27,1,5,1,
13,3,161,436,80,108,1,5,1,
13,4,0,204,29,28,1,5,1,
13,5,-104,392,175,48,1,5,1,
13,6,554,41,17,35,1,5,1,
13,7,753,89,46,16,1,5,1,
13,8,-75,279,133,29,1,5,1,
13,9,-3,273,109,24,1,5,1,
13,10,771,198,30,11,1,5,1,
13,11,924,293,20,15,1,5,1,
14,1,425,476,53,24,1,5,1,
14,2,176,80,126,28,1,5,1,
14,3,156,444,93,100,1,5,1,
14,4,0,201,31,31,1,5,1,
14,5,-121,394,178,52,1,5,1,
14,6,553,46,22,32,1,5,1,
14,7,760,90,39,17,1,5,1,
14,8,-86,280,135,24,1,5,1,
14,9,-11,273,108,24,1,5,1,
14,10,776,198,26,12,1,5,1,
14,11,925,293,20,15,1,5,1,
15,1,428,475,56,21,1,5,1,
15,2,186,80,129,28,1,5,1,
15,3,152,453,109,91,1,5,1,
15,4,0,197,34,38,1,5,1,
15,6,553,51,25,28,1,5,1,
15,7,766,90,35,18,1,5,1,
15,8,-96,284,135,20,1,5,1,
15,9,-18,273,107,24,1,5,1,
15,10,780,199,25,11,1,5,1,
15,11,926,293,20,14,1,5,1,
16,1,431,474,59,19,1,5,1,
16,2,194,79,135,29,1,5,1,
16,3,147,461,143,83,1,5,1,
16,4,0,196,37,39,1,5,1,
16,6,553,54,29,26,1,5,1,
16,7,771,90,33,19,1,5,1,
16,9,-25,273,107,25,1,5,1,
16,10,783,199,24,12,1,5,1,
16,11,927,292,20,15,1,5,1,
17,1,435,474,61,16,1,5,1,
17,2,203,79,140,30,1,5,1,
17,3,143,472,184,72,1,5,1,
17,4,0,195,40,39,1,5,1,
17,6,554,58,31,23,1,5,1,
17,7,774,91,32,19,1,5,1,
17,9,-32,273,106,25,1,5,1,
17,10,786,200,23,11,1,5,1,
17,11,928,292,20,14,1,5,1,
18,1,439,474,62,14,1,5,1,
18,2,213,79,143,31,1,5,1,
18,3,133,483,234,61,1,5,1,
18,4,0,193,44,41,1,5,1,
18,6,555,61,33,22,1,5,1,
18,7,778,92,30,20,1,5,1,
18,9,-38,273,105,25,1,5,1,
18,10,789,200,22,12,1,5,1,
18,11,929,292,20,14,1,5,1,
19,1,444,474,63,14,1,5,1,
19,2,224,80,145,31,1,5,1,
19,4,0,192,48,41,1,5,1,
19,6,558,64,32,20,1,5,1,
19,7,781,93,29,20,1,5,1,
19,9,-43,273,101,24,1,5,1,
19,10,792,201,21,11,1,5,1,
19,11,930,292,19,14,1,5,1,
20,1,448,474,64,14,1,5,1,
20,2,235,81,147,31,1,5,1,
20,4,0,191,52,42,1,5,1,
20,6,560,67,32,18,1,5,1,
20,7,783,94,29,20,1,5,1,
20,9,-49,274,100,23,1,5,1,
20,10,794,201,20,12,1,5,1,
20,11,931,292,19,13,1,5,1,
21,1,453,474,65,14,1,5,1,
21,2,246,81,149,32,1,5,1,
21,4,0,190,57,42,1,5,1,
21,6,562,68,33,19,1,5,1,
21,7,786,96,28,19,1,5,1,
21,9,-53,274,96,20,1,5,1,
21,10,796,202,20,11,1,5,1,
21,11,931,291,19,14,1,5,1,
22,1,458,474,65,14,1,5,1,
22,2,259,82,148,32,1,5,1,
22,4,0,189,66,42,1,5,1,
22,6,565,70,32,18,1,5,1,
22,7,789,97,27,20,1,5,1,
22,9,-57,278,92,12,1,5,1,
22,10,799,202,19,12,1,5,1,
22,11,932,291,19,14,1,5,1,
23,1,463,473,66,15,1,5,1,
23,2,272,83,147,32,1,5,1,
23,4,0,187,75,44,1,5,1,
23,6,568,71,30,18,1,5,1,
23,7,791,98,26,20,1,5,1,
23,10,801,203,18,11,1,5,1,
23,11,932,291,19,13,1,5,1,
24,1,468,473,66,14,1,5,1,
24,2,284,84,147,32,1,5,1,
24,4,0,186,84,44,1,5,1,
24,6,570,73,30,17,1,5,1,
24,7,793,99,26,20,1,5,1,
24,10,803,203,18,12,1,5,1,
24,11,933,291,18,13,1,5,1,
25,1,473,473,67,14,1,5,1,
25,2,296,85,147,33,1,5,1,
25,4,0,185,96,45,1,5,1,
25,6,573,74,29,18,1,5,1,
25,7,796,101,24,19,1,5,1,
25,10,805,204,17,11,1,5,1,
25,11,933,291,18,13,1,5,1,
26,1,478,473,67,14,1,5,1,
26,2,309,86,144,33,1,5,1,
26,3,426,510,181,33,1,5,1,
26,4,0,184,108,45,1,5,1,
26,6,575,75,28,18,1,5,1,
26,7,798,102,23,20,1,5,1,
26,10,807,205,17,11,1,5,1,
26,11,933,290,19,13,1,5,1,
27,1,484,472,66,14,1,5,1,
27,2,324,87,140,33,1,5,1,
27,3,433,504,194,39,1,5,1,
27,4,0,183,119,45,1,5,1,
27,6,578,77,27,17,1,5,1,
27,7,800,103,23,20,1,5,1,
27,10,809,205,16,11,1,5,1,
27,11,933,290,19,13,1,5,1,
28,1,491,472,64,14,1,5,1,
28,2,339,89,136,33,1,5,1,
28,3,445,499,201,44,1,5,1,
28,4,0,181,130,47,1,5,1,
28,6,581,78,25,18,1,5,1,
28,7,803,105,21,19,1,5,1,
28,10,811,206,15,11,1,5,1,
28,11,933,290,19,13,1,5,1,
29,1,496,471,64,14,1,5,1,
29,2,353,90,132,33,1,5,1,
29,3,460,494,201,49,1,5,1,
29,4,0,180,142,47,1,5,1,
29,6,584,79,23,18,1,5,1,
29,7,805,106,21,19,1,5,1,
29,10,813,206,14,11,1,5,1,
29,11,933,290,18,13,1,5,1,
30,1,503,471,62,13,1,5,1,
30,2,369,92,127,33,1,5,1,
30,3,478,489,200,54,1,5,1,
30,4,6,179,149,47,1,5,1,
30,6,586,81,22,17,1,5,1,
30,7,807,108,20,19,1,5,1,
30,10,815,207,13,11,1,5,1,
30,11,933,290,18,12,1,5,1,
31,1,509,470,61,14,1,5,1,
31,2,382,93,124,33,1,5,1,
31,3,487,484,207,59,1,5,1,
31,4,12,178,155,48,1,5,1,
31,6,589,82,20,18,1,5,1,
31,7,809,109,19,19,1,5,1,
31,8,0,286,53,53,1,5,1,
31,10,816,208,13,10,1,5,1,
31,11,933,290,18,12,1,5,1,
32,1,517,469,57,14,1,5,1,
32,2,400,95,115,33,1,5,1,
32,3,499,480,210,63,1,5,1,
32,4,21,176,159,49,1,5,1,
32,6,591,84,19,17,1,5,1,
32,7,812,111,17,18,1,5,1,
32,8,0,286,70,54,1,5,1,
32,10,818,208,12,11,1,5,1,
32,11,933,289,18,13,1,5,1,
33,1,526,469,53,13,1,5,1,
33,2,420,98,105,32,1,5,1,
33,3,468,475,256,68,1,5,1,
33,4,33,175,160,49,1,5,1,
33,6,594,86,17,17,1,5,1,
33,7,814,113,16,17,1,5,1,
33,8,0,283,87,58,1,5,1,
33,10,819,209,12,10,1,5,1,
33,11,933,289,17,12,1,5,1,
34,1,530,468,54,13,1,5,1,
34,2,429,99,105,32,1,5,1,
34,3,480,471,258,72,1,5,1,
34,4,39,174,167,50,1,5,1,
34,6,596,87,16,17,1,5,1,
34,7,816,114,15,17,1,5,1,
34,8,0,279,105,63,1,5,1,
34,10,820,209,11,10,1,5,1,
34,11,933,289,17,12,1,5,1,
35,1,534,467,54,14,1,5,1,
35,2,438,101,105,32,1,5,1,
35,3,498,467,254,76,1,5,1,
35,4,46,173,174,50,1,5,1,
35,6,597,88,15,17,1,5,1,
35,7,817,115,14,18,1,5,1,
35,8,0,279,124,66,1,5,1,
35,10,820,210,12,10,1,5,1,
35,11,932,289,17,12,1,5,1,
36,1,539,467,53,13,1,5,1,
36,2,448,102,104,32,1,5,1,
36,3,519,464,246,79,1,5,1,
36,4,55,172,179,51,1,5,1,
36,6,599,90,14,17,1,5,1,
36,7,818,116,14,18,1,5,1,
36,8,0,279,143,67,1,5,1,
36,10,821,210,11,10,1,5,1,
36,11,932,289,17,11,1,5,1,
37,1,544,466,53,13,1,5,1,
37,2,458,104,103,31,1,5,1,
37,3,539,460,239,83,1,5,1,
37,4,63,170,186,52,1,5,1,
37,6,600,91,13,17,1,5,1,
37,7,819,117,14,18,1,5,1,
37,8,0,280,163,67,1,5,1,
37,10,821,211,12,10,1,5,1,
37,11,932,288,16,12,1,5,1,
38,1,549,465,52,13,1,5,1,
38,2,469,106,104,31,1,5,1,
38,3,562,456,228,85,1,5,1,
38,4,74,169,189,53,1,5,1,
38,6,601,92,13,17,1,5,1,
38,7,820,118,13,18,1,5,1,
38,8,0,280,183,68,1,5,1,
38,10,822,211,11,10,1,5,1,
38,11,931,288,17,12,1,5,1,
39,1,554,464,51,14,1,5,1,
39,2,478,109,108,28,1,5,1,
39,3,582,453,219,82,1,5,1,
39,4,84,168,193,53,1,5,1,
39,6,603,94,11,16,1,5,1,
39,7,820,120,13,17,1,5,1,
39,8,0,280,204,69,1,5,1,
39,10,822,212,11,10,1,5,1,
39,11,931,288,16,12,1,5,1,
40,1,559,463,50,14,1,5,1,
40,2,488,111,110,27,1,5,1,
40,3,602,450,210,80,1,5,1,
40,4,95,167,197,54,1,5,1,
40,6,604,95,11,17,1,5,1,
40,7,821,121,13,17,1,5,1,
40,8,0,280,226,70,1,5,1,
40,10,822,212,11,10,1,5,1,
40,11,930,288,16,11,1,5,1,
41,1,564,462,49,14,1,5,1,
41,2,497,114,114,24,1,5,1,
41,3,621,446,202,78,1,5,1,
41,4,106,165,201,55,1,5,1,
41,6,605,96,10,17,1,5,1,
41,7,821,122,13,17,1,5,1,
41,8,0,280,248,71,1,5,1,
41,10,822,213,11,10,1,5,1,
41,11,930,288,16,11,1,5,1,
42,1,569,461,47,15,1,5,1,
42,2,507,114,115,24,1,5,1,
42,3,639,443,194,76,1,5,1,
42,4,118,164,205,55,1,5,1,
42,6,606,98,9,16,1,5,1,
42,7,821,123,13,17,1,5,1,
42,8,0,280,272,73,1,5,1,
42,10,822,213,11,10,1,5,1,
42,11,929,288,16,11,1,5,1,
43,1,573,460,47,15,1,5,1,
43,2,517,114,115,24,1,5,1,
43,3,657,440,186,74,1,5,1,
43,4,130,163,210,56,1,5,1,
43,6,606,99,9,16,1,5,1,
43,7,822,124,12,18,1,5,1,
43,8,13,280,283,74,1,5,1,
43,10,822,214,11,9,1,5,1,
43,11,928,288,17,11,1,5,1,
44,1,578,459,45,15,1,5,1,
44,2,528,114,115,24,1,5,1,
44,3,675,437,177,72,1,5,1,
44,4,141,161,222,57,1,5,1,
44,6,607,101,8,16,1,5,1,
44,7,822,126,12,17,1,5,1,
44,8,29,281,293,74,1,5,1,
44,10,822,214,11,10,1,5,1,
44,11,927,287,17,11,1,5,1,
45,1,583,458,44,15,1,5,1,
45,2,538,114,115,24,1,5,1,
45,3,690,434,170,71,1,5,1,
45,4,150,161,236,56,1,5,1,
45,6,607,102,8,16,1,5,1,
45,7,822,127,12,17,1,5,1,
45,8,44,281,304,75,1,5,1,
45,10,822,215,11,9,1,5,1,
45,11,927,287,16,11,1,5,1,
46,1,587,457,43,15,1,5,1,
46,2,550,114,112,25,1,5,1,
46,3,706,434,176,65,1,5,1,
46,4,158,161,249,56,1,5,1,
46,6,606,103,8,16,1,5,1,
46,7,822,128,12,17,1,5,1,
46,8,61,281,313,76,1,5,1,
46,10,822,215,11,10,1,5,1,
46,11,926,287,17,11,1,5,1,
47,1,592,456,41,15,1,5,1,
47,2,561,115,112,24,1,5,1,
47,3,716,435,191,58,1,5,1,
47,4,168,161,257,57,1,5,1,
47,6,606,104,8,16,1,5,1,
47,7,822,129,12,17,1,5,1,
47,8,77,281,329,76,1,5,1,
47,10,822,216,11,9,1,5,1,
47,11,925,287,17,11,1,5,1,
48,1,596,455,40,15,1,5,1,
48,2,572,116,111,24,1,5,1,
48,3,723,435,208,57,1,5,1,
48,4,181,161,263,57,1,5,1,
48,6,606,106,8,15,1,5,1,
48,7,822,131,12,16,1,5,1,
48,8,90,281,344,78,1,5,1,
48,10,822,216,10,9,1,5,1,
48,11,924,287,17,10,1,5,1,
49,1,600,454,39,15,1,5,1,
49,2,582,116,114,23,1,5,1,
49,3,731,435,214,56,1,5,1,
49,4,197,161,266,56,1,5,1,
49,6,605,107,8,16,1,5,1,
49,7,821,132,13,16,1,5,1,
49,8,101,281,358,79,1,5,1,
49,10,822,217,10,9,1,5,1,
49,11,923,287,18,10,1,5,1,
50,1,604,453,38,15,1,5,1,
50,2,592,116,114,24,1,5,1,
50,3,744,434,212,55,1,5,1,
50,4,213,160,268,57,1,5,1,
50,6,605,108,8,16,1,5,1,
50,7,821,133,12,16,1,5,1,
50,8,112,281,369,79,1,5,1,
50,10,821,217,11,9,1,5,1,
50,11,922,287,18,10,1,5,1,
51,1,608,452,36,15,1,5,1,
51,2,603,116,113,24,1,5,1,
51,3,759,433,200,54,1,5,1,
51,4,230,160,270,57,1,5,1,
51,6,604,110,9,15,1,5,1,
51,7,821,134,12,16,1,5,1,
51,8,126,281,374,78,1,5,1,
51,10,821,218,10,9,1,5,1,
51,11,921,286,18,11,1,5,1,
52,1,612,451,35,15,1,5,1,
52,2,614,116,113,24,1,5,1,
52,3,778,431,182,54,1,5,1,
52,4,248,160,270,57,1,5,1,
52,6,603,111,9,15,1,5,1,
52,7,821,135,12,16,1,5,1,
52,8,146,281,374,77,1,5,1,
52,10,820,218,10,9,1,5,1,
52,11,920,286,18,10,1,5,1,
53,1,616,450,33,15,1,5,1,
53,2,624,116,113,24,1,5,1,
53,3,795,430,165,53,1,5,1,
53,4,265,160,271,57,1,5,1,
53,7,820,136,12,16,1,5,1,
53,8,169,281,370,76,1,5,1,
53,10,820,219,10,8,1,5,1,
53,11,919,286,18,10,1,5,1,
54,1,619,449,33,15,1,5,1,
54,2,634,116,113,24,1,5,1,
54,3,812,428,148,52,1,5,1,
54,4,281,160,274,57,1,5,1,
54,7,820,137,12,16,1,5,1,
54,8,195,281,363,74,1,5,1,
54,10,819,219,11,9,1,5,1,
54,11,918,286,18,10,1,5,1,
55,1,622,447,32,16,1,5,1,
55,2,643,117,114,23,1,5,1,
55,3,826,427,134,50,1,5,1,
55,4,297,160,276,57,1,5,1,
55,7,819,138,12,16,1,5,1,
55,8,221,281,356,73,1,5,1,
55,10,819,220,10,8,1,5,1,
55,11,917,286,18,10,1,5,1,
56,1,625,446,31,16,1,5,1,
56,2,653,117,114,24,1,5,1,
56,3,841,430,119,45,1,5,1,
56,4,314,160,278,57,1,5,1,
56,7,819,139,11,16,1,5,1,
56,8,250,280,345,72,1,5,1,
56,10,818,220,11,8,1,5,1,
56,11,916,286,18,9,1,5,1,
57,1,628,445,30,16,1,5,1,
57,2,663,117,113,24,1,5,1,
57,3,855,430,105,43,1,5,1,
57,4,332,161,278,56,1,5,1,
57,7,818,140,12,16,1,5,1,
57,8,280,280,334,70,1,5,1,
57,10,817,220,11,9,1,5,1,
57,11,914,286,19,9,1,5,1,
58,1,631,444,29,16,1,5,1,
58,2,674,117,112,24,1,5,1,
58,3,870,428,90,43,1,5,1,
58,4,351,161,277,55,1,5,1,
58,7,818,142,11,15,1,5,1,
58,8,309,280,323,69,1,5,1,
58,10,817,221,11,8,1,5,1,
58,11,913,285,19,10,1,5,1,
59,1,634,443,28,15,1,5,1,
59,2,684,118,112,23,1,5,1,
59,3,883,435,77,34,1,5,1,
59,4,369,161,277,55,1,5,1,
59,7,817,143,11,15,1,5,1,
59,8,337,280,312,67,1,5,1,
59,10,816,221,11,9,1,5,1,
59,11,912,285,19,10,1,5,1,
60,1,637,442,26,15,1,5,1,
60,2,694,118,111,24,1,5,1,
60,3,897,433,63,32,1,5,1,
60,4,388,161,277,55,1,5,1,
60,7,816,144,11,15,1,5,1,
60,8,364,280,303,66,1,5,1,
60,10,815,222,12,8,1,5,1,
60,11,911,285,19,10,1,5,1,
61,1,640,440,25,16,1,5,1,
61,2,704,118,111,24,1,5,1,
61,4,407,161,276,55,1,5,1,
61,7,815,145,12,15,1,5,1,
61,8,390,280,294,64,1,5,1,
61,10,814,222,12,8,1,5,1,
61,11,909,285,20,9,1,5,1,
62,1,643,439,24,16,1,5,1,
62,2,713,119,111,23,1,5,1,
62,4,422,161,280,55,1,5,1,
62,7,815,146,11,15,1,5,1,
62,8,411,280,290,63,1,5,1,
62,10,813,222,13,9,1,5,1,
62,11,908,285,20,9,1,5,1,
63,1,645,438,23,16,1,5,1,
63,2,723,119,110,24,1,5,1,
63,4,442,161,278,55,1,5,1,
63,7,814,147,12,14,1,5,1,
63,8,436,280,282,62,1,5,1,
63,10,812,223,13,8,1,5,1,
63,11,907,285,19,9,1,5,1,
64,1,648,437,21,16,1,5,1,
64,2,733,119,109,24,1,5,1,
64,4,460,161,278,55,1,5,1,
64,7,813,148,12,14,1,5,1,
64,8,458,279,276,62,1,5,1,
64,10,811,223,13,8,1,5,1,
64,11,905,285,20,9,1,5,1,
65,1,650,435,21,16,1,5,1,
65,2,742,120,109,23,1,5,1,
65,4,476,161,281,56,1,5,1,
65,7,812,149,13,14,1,5,1,
65,8,477,279,273,61,1,5,1,
65,10,810,224,13,8,1,5,1,
65,11,904,285,20,9,1,5,1,
66,1,652,434,20,16,1,5,1,
66,2,752,120,107,24,1,5,1,
66,4,495,161,276,55,1,5,1,
66,7,811,150,13,14,1,5,1,
66,8,499,279,266,60,1,5,1,
66,10,809,224,13,8,1,5,1,
66,11,903,284,20,9,1,5,1,
67,1,654,433,19,16,1,5,1,
67,2,761,121,107,23,1,5,1,
67,4,512,162,276,55,1,5,1,
67,7,810,150,13,15,1,5,1,
67,8,518,279,262,59,1,5,1,
67,10,808,224,14,8,1,5,1,
67,11,901,284,20,9,1,5,1,
68,1,656,432,18,16,1,5,1,
68,2,770,121,106,24,1,5,1,
68,4,530,162,275,55,1,5,1,
68,7,809,151,13,15,1,5,1,
68,8,538,279,257,58,1,5,1,
68,10,807,225,14,8,1,5,1,
68,11,900,284,20,9,1,5,1,
69,1,658,431,17,16,1,5,1,
69,2,781,122,104,23,1,5,1,
69,4,550,162,272,55,1,5,1,
69,7,808,152,14,15,1,5,1,
69,8,559,279,251,57,1,5,1,
69,10,806,225,14,8,1,5,1,
69,11,898,284,20,9,1,5,1,
70,1,660,429,16,16,1,5,1,
70,2,789,122,104,24,1,5,1,
70,4,567,163,272,54,1,5,1,
70,7,807,153,14,14,1,5,1,
70,8,577,279,247,57,1,5,1,
70,10,805,226,14,7,1,5,1,
70,11,897,284,20,9,1,5,1,
71,1,662,428,15,16,1,5,1,
71,2,798,123,103,23,1,5,1,
71,4,585,163,270,54,1,5,1,
71,7,806,154,14,14,1,5,1,
71,8,595,279,243,56,1,5,1,
71,10,803,226,15,7,1,5,1,
71,11,895,284,21,9,1,5,1,
72,1,663,427,15,16,1,5,1,
72,2,808,123,100,24,1,5,1,
72,4,604,163,268,54,1,5,1,
72,7,804,155,15,14,1,5,1,
72,8,615,279,236,55,1,5,1,
72,10,802,226,15,8,1,5,1,
72,11,894,284,20,8,1,5,1,
73,1,665,426,13,16,1,5,1,
73,2,817,124,99,23,1,5,1,
73,4,622,164,266,54,1,5,1,
73,7,803,156,15,14,1,5,1,
73,8,633,281,232,54,1,5,1,
73,10,801,227,15,7,1,5,1,
73,11,892,284,21,8,1,5,1,
74,1,667,425,12,15,1,5,1,
74,2,826,125,97,23,1,5,1,
74,4,640,164,264,54,1,5,1,
74,7,802,157,15,14,1,5,1,
74,8,651,282,228,55,1,5,1,
74,10,800,227,14,7,1,5,1,
74,11,890,284,21,8,1,5,1,
75,1,668,423,12,16,1,5,1,
75,2,835,125,96,23,1,5,1,
75,4,659,165,262,53,1,5,1,
75,7,801,158,15,13,1,5,1,
75,8,669,283,224,54,1,5,1,
75,10,798,227,15,8,1,5,1,
75,11,889,284,21,8,1,5,1,
76,1,669,422,11,16,1,5,1,
76,2,844,126,94,23,1,5,1,
76,4,677,165,260,53,1,5,1,
76,7,800,159,15,13,1,5,1,
76,8,684,284,223,52,1,5,1,
76,10,797,228,15,7,1,5,1,
76,11,887,283,21,9,1,5,1,
77,1,670,421,11,16,1,5,1,
77,2,853,127,92,23,1,5,1,
77,4,694,165,259,53,1,5,1,
77,7,798,160,16,13,1,5,1,
77,8,698,284,222,52,1,5,1,
77,10,795,228,16,7,1,5,1,
77,11,885,283,22,8,1,5,1,
78,1,672,420,9,15,1,5,1,
78,2,862,127,90,23,1,5,1,
78,4,712,166,247,52,1,5,1,
78,7,797,161,15,13,1,5,1,
78,8,712,284,222,51,1,5,1,
78,10,794,228,15,8,1,5,1,
78,11,884,283,21,8,1,5,1,
79,1,672,419,9,15,1,5,1,
79,2,870,128,88,23,1,5,1,
79,4,728,166,232,53,1,5,1,
79,7,796,162,15,12,1,5,1,
79,8,725,284,222,51,1,5,1,
79,10,792,229,16,7,1,5,1,
79,11,882,283,21,8,1,5,1,
80,1,672,418,9,15,1,5,1,
80,2,878,129,81,22,1,5,1,
80,4,746,166,214,53,1,5,1,
80,7,794,162,16,13,1,5,1,
80,8,740,284,219,50,1,5,1,
80,10,791,229,16,7,1,5,1,
80,11,880,283,22,8,1,5,1,
81,1,673,416,9,16,1,5,1,
81,2,886,129,74,23,1,5,1,
81,4,763,167,197,52,1,5,1,
81,7,793,163,16,13,1,5,1,
81,8,755,284,204,50,1,5,1,
81,11,879,283,21,8,1,5,1,
82,1,673,415,9,16,1,5,1,
82,2,893,130,67,23,1,5,1,
82,4,778,167,182,52,1,5,1,
82,7,791,164,17,13,1,5,1,
82,8,768,283,192,50,1,5,1,
82,11,877,283,22,8,1,5,1,
83,1,673,414,9,16,1,5,1,
83,2,899,131,61,22,1,5,1,
83,4,792,167,168,52,1,5,1,
83,8,780,283,180,50,1,5,1,
83,9,0,293,69,105,1,5,1,
83,11,875,283,22,8,1,5,1,
84,1,673,413,9,15,1,5,1,
84,2,907,131,53,23,1,5,1,
84,4,808,169,152,51,1,5,1,
84,8,794,283,166,49,1,5,1,
84,9,0,288,92,116,1,5,1,
84,11,873,283,23,7,1,5,1,
85,1,673,412,9,15,1,5,1,
85,2,913,132,47,19,1,5,1,
85,4,823,169,137,51,1,5,1,
85,8,807,283,153,48,1,5,1,
85,9,0,288,118,121,1,5,1,
85,11,871,283,23,7,1,5,1,
86,1,673,411,9,15,1,5,1,
86,2,920,133,40,14,1,5,1,
86,4,839,171,121,43,1,5,1,
86,8,821,283,139,48,1,5,1,
86,9,0,281,147,135,1,5,1,
86,11,870,283,23,7,1,5,1,
87,1,672,410,10,15,1,5,1,
87,2,927,134,33,12,1,5,1,
87,4,855,174,105,40,1,5,1,
87,8,835,283,125,44,1,5,1,
87,9,0,281,178,141,1,5,1,
87,11,868,282,23,8,1,5,1,
88,1,672,409,10,15,1,5,1,
88,2,933,135,27,12,1,5,1,
88,4,870,179,90,25,1,5,1,
88,8,848,283,112,39,1,5,1,
88,9,0,282,212,148,1,5,1,
88,11,866,282,23,8,1,5,1,
89,1,672,408,9,15,1,5,1,
89,8,862,285,98,36,1,5,1,
89,9,0,282,258,154,1,5,1,
89,11,864,282,24,8,1,5,1,
90,8,872,285,88,32,1,5,1,
90,9,0,284,307,158,1,5,1,
90,11,862,282,24,7,1,5,1,
91,8,881,286,79,27,1,5,1,
91,9,0,285,354,165,1,5,1,
91,11,861,282,24,7,1,5,1,
92,8,889,291,71,21,1,5,1,
92,9,0,286,406,173,1,5,1,
92,11,859,282,25,7,1,5,1,
93,9,0,287,462,183,1,5,1,
94,9,0,288,525,194,1,5,1,
95,9,0,289,596,207,1,5,1,
96,9,0,290,677,222,1,5,1,
97,9,0,291,776,241,1,5,1,
98,9,0,292,896,251,1,5,1,
99,9,0,293,959,250,1,5,1,
100,9,0,294,960,249,1,5,1,
101,9,0,296,960,247,1,5,1,
102,9,0,297,960,247,1,5,1,
103,9,15,299,945,245,1,5,1,
104,9,32,301,928,243,1,5,1,
105,9,50,303,910,241,1,5,1,
106,9,71,306,889,238,1,5,1,
107,9,-25694,-4018,26653,4561,1,5,1,
108,9,-5978,-712,6937,1254,1,5,1,
109,9,-3451,-287,4410,830,1,5,1,
110,9,-2465,-120,3424,663,1,5,1,
