1,1,725,458,54,44,1,5,1,
1,2,280,0,58,22,1,5,1,
1,3,52,303,47,35,1,5,1,
1,4,910,487,49,20,1,5,1,
1,5,214,432,66,28,1,5,1,
1,6,527,6,80,37,1,5,1,
1,7,869,125,91,21,1,5,1,
1,8,849,145,104,28,1,5,1,
2,1,724,455,51,46,1,5,1,
2,2,272,0,69,22,1,5,1,
2,3,52,304,48,35,1,5,1,
2,4,907,484,52,24,1,5,1,
2,5,215,430,73,29,1,5,1,
2,6,529,3,88,39,1,5,1,
2,7,871,124,89,21,1,5,1,
2,8,851,142,108,30,1,5,1,
3,1,725,452,42,47,1,5,1,
3,2,264,0,84,21,1,5,1,
3,3,51,305,49,35,1,5,1,
3,4,904,481,51,26,1,5,1,
3,5,216,429,80,29,1,5,1,
3,6,531,0,97,41,1,5,1,
3,7,875,123,85,20,1,5,1,
3,8,853,140,107,30,1,5,1,
4,1,726,450,33,47,1,5,1,
4,2,256,0,92,20,1,5,1,
4,3,50,305,50,36,1,5,1,
4,4,901,479,47,26,1,5,1,
4,5,220,427,84,29,1,5,1,
4,6,534,0,105,39,1,5,1,
4,7,881,123,79,20,1,5,1,
4,8,856,140,104,29,1,5,1,
5,1,729,448,25,45,1,5,1,
5,2,247,0,98,20,1,5,1,
5,3,49,306,51,37,1,5,1,
5,4,896,476,47,26,1,5,1,
5,5,224,426,87,28,1,5,1,
5,6,538,-2,111,38,1,5,1,
5,7,888,122,72,20,1,5,1,
5,8,860,139,100,29,1,5,1,
6,1,732,447,25,42,1,5,1,
6,2,240,-5,101,25,1,5,1,
6,3,48,307,52,37,1,5,1,
6,4,892,474,45,25,1,5,1,
6,5,229,425,90,26,1,5,1,
6,6,544,-2,116,35,1,5,1,
6,7,896,122,64,19,1,5,1,
6,8,865,138,95,28,1,5,1,
7,1,736,446,25,38,1,5,1,
7,2,239,-10,97,29,1,5,1,
7,3,48,307,53,39,1,5,1,
7,4,887,471,45,25,1,5,1,
7,5,236,424,90,24,1,5,1,
7,6,551,-2,119,31,1,5,1,
7,7,905,122,55,17,1,5,1,
7,8,872,139,88,25,1,5,1,
8,1,733,445,36,35,1,5,1,
8,2,231,-16,100,34,1,5,1,
8,3,48,308,53,39,1,5,1,
8,4,883,469,44,24,1,5,1,
8,5,243,423,90,23,1,5,1,
8,6,558,0,122,25,1,5,1,
8,7,915,123,45,14,1,5,1,
8,8,881,137,79,25,1,5,1,
9,1,731,444,43,31,1,5,1,
9,2,224,-22,101,42,1,5,1,
9,3,47,309,55,40,1,5,1,
9,4,879,466,44,24,1,5,1,
9,5,250,423,89,20,1,5,1,
9,6,566,0,123,23,1,5,1,
9,7,925,124,35,11,1,5,1,
9,8,891,138,69,22,1,5,1,
10,1,730,443,48,29,1,5,1,
10,2,216,-29,103,49,1,5,1,
10,3,47,309,56,41,1,5,1,
10,4,874,464,44,24,1,5,1,
10,5,257,423,88,18,1,5,1,
10,6,574,0,123,24,1,5,1,
10,8,901,139,59,19,1,5,1,
11,1,731,441,49,28,1,5,1,
11,2,209,-36,104,56,1,5,1,
11,3,47,310,57,42,1,5,1,
11,4,870,462,44,23,1,5,1,
11,5,264,422,87,17,1,5,1,
11,6,581,0,124,25,1,5,1,
12,1,734,440,49,27,1,5,1,
12,2,203,-44,104,64,1,5,1,
12,3,48,311,58,43,1,5,1,
12,4,866,460,45,23,1,5,1,
12,5,271,422,85,18,1,5,1,
12,6,589,0,126,25,1,5,1,
13,1,737,438,49,28,1,5,1,
13,2,197,-51,105,70,1,5,1,
13,3,48,312,60,43,1,5,1,
13,4,861,457,46,24,1,5,1,
13,5,277,423,83,17,1,5,1,
13,6,596,0,128,25,1,5,1,
14,1,740,437,48,27,1,5,1,
14,3,49,312,60,45,1,5,1,
14,4,857,455,46,24,1,5,1,
14,5,284,423,80,18,1,5,1,
14,6,604,0,129,25,1,5,1,
15,1,744,435,47,28,1,5,1,
15,3,50,313,62,46,1,5,1,
15,4,853,453,46,24,1,5,1,
15,5,291,423,76,19,1,5,1,
15,6,612,0,130,25,1,5,1,
16,1,747,433,46,29,1,5,1,
16,3,51,314,63,47,1,5,1,
16,4,849,451,47,24,1,5,1,
16,5,296,424,73,19,1,5,1,
16,6,619,0,132,25,1,5,1,
17,1,751,432,44,28,1,5,1,
17,3,53,315,64,48,1,5,1,
17,4,844,449,48,23,1,5,1,
17,5,304,425,66,21,1,5,1,
17,6,628,0,132,25,1,5,1,
18,1,755,430,43,28,1,5,1,
18,3,55,316,65,49,1,5,1,
18,4,840,447,47,23,1,5,1,
18,5,311,425,59,24,1,5,1,
18,6,637,0,132,25,1,5,1,
19,1,758,429,42,28,1,5,1,
19,3,57,317,66,50,1,5,1,
19,4,836,445,48,23,1,5,1,
19,5,317,424,52,29,1,5,1,
19,6,645,0,133,26,1,5,1,
20,1,761,427,40,29,1,5,1,
20,3,59,318,67,52,1,5,1,
20,4,832,443,48,23,1,5,1,
20,5,323,424,50,31,1,5,1,
20,6,654,0,132,26,1,5,1,
21,1,767,426,36,27,1,5,1,
21,3,62,319,68,53,1,5,1,
21,4,828,442,45,20,1,5,1,
21,5,332,424,44,33,1,5,1,
21,6,669,0,126,26,1,5,1,
22,1,770,424,35,27,1,5,1,
22,3,65,320,69,54,1,5,1,
22,4,823,440,45,20,1,5,1,
22,5,336,425,44,35,1,5,1,
22,6,678,0,125,27,1,5,1,
23,1,773,423,34,27,1,5,1,
23,3,68,321,71,56,1,5,1,
23,4,819,438,46,21,1,5,1,
23,5,340,426,44,36,1,5,1,
23,6,685,0,126,27,1,5,1,
24,1,776,421,32,27,1,5,1,
24,3,71,322,73,57,1,5,1,
24,4,815,436,46,21,1,5,1,
24,5,343,427,45,38,1,5,1,
24,6,694,1,125,27,1,5,1,
24,7,951,142,8,14,1,5,1,
25,1,779,420,31,27,1,5,1,
25,3,72,323,77,59,1,5,1,
25,4,811,435,45,19,1,5,1,
25,5,346,429,47,38,1,5,1,
25,6,704,2,123,27,1,5,1,
25,7,947,142,12,15,1,5,1,
26,1,782,419,30,26,1,5,1,
26,3,74,324,81,61,1,5,1,
26,4,807,433,45,19,1,5,1,
26,5,348,431,49,38,1,5,1,
26,6,713,2,122,27,1,5,1,
26,7,943,142,16,17,1,5,1,
27,1,785,417,28,26,1,5,1,
27,3,77,326,84,62,1,5,1,
27,4,803,431,44,19,1,5,1,
27,5,351,433,51,39,1,5,1,
27,6,723,3,120,27,1,5,1,
27,7,939,142,20,18,1,5,1,
28,1,788,416,26,25,1,5,1,
28,3,79,327,89,64,1,5,1,
28,4,799,430,44,18,1,5,1,
28,5,354,435,53,39,1,5,1,
28,6,733,4,117,27,1,5,1,
28,7,935,141,24,20,1,5,1,
29,1,790,414,26,26,1,5,1,
29,3,81,328,97,66,1,5,1,
29,4,795,428,44,18,1,5,1,
29,5,356,437,57,40,1,5,1,
29,6,742,5,115,27,1,5,1,
29,7,932,142,27,20,1,5,1,
30,1,793,413,24,25,1,5,1,
30,3,84,330,104,67,1,5,1,
30,4,790,427,44,17,1,5,1,
30,5,359,439,59,40,1,5,1,
30,6,751,6,114,26,1,5,1,
30,7,928,143,31,21,1,5,1,
31,1,795,412,23,25,1,5,1,
31,3,87,331,111,70,1,5,1,
31,4,786,426,44,17,1,5,1,
31,5,362,441,62,41,1,5,1,
31,6,759,7,113,26,1,5,1,
31,7,924,144,35,21,1,5,1,
32,1,797,410,22,25,1,5,1,
32,3,90,333,120,71,1,5,1,
32,4,782,424,44,17,1,5,1,
32,5,365,444,65,40,1,5,1,
32,6,768,8,110,26,1,5,1,
32,7,920,145,39,21,1,5,1,
33,1,799,409,21,24,1,5,1,
33,3,94,335,128,73,1,5,1,
33,4,778,423,43,16,1,5,1,
33,5,369,446,68,41,1,5,1,
33,6,778,8,107,27,1,5,1,
33,7,917,147,42,20,1,5,1,
34,1,801,408,20,24,1,5,1,
34,3,98,336,137,76,1,5,1,
34,4,774,421,43,16,1,5,1,
34,5,372,448,71,42,1,5,1,
34,6,786,9,106,27,1,5,1,
34,7,913,145,46,23,1,5,1,
35,1,802,406,19,24,1,5,1,
35,3,102,338,148,78,1,5,1,
35,4,770,420,43,16,1,5,1,
35,5,376,451,74,41,1,5,1,
35,6,794,10,104,27,1,5,1,
35,7,910,145,49,24,1,5,1,
36,1,802,405,20,24,1,5,1,
36,3,107,340,158,80,1,5,1,
36,4,766,419,42,15,1,5,1,
36,5,380,453,78,42,1,5,1,
36,6,803,11,101,27,1,5,1,
36,7,906,147,52,23,1,5,1,
37,1,803,404,19,23,1,5,1,
37,3,112,342,169,83,1,5,1,
37,4,762,418,43,15,1,5,1,
37,5,384,455,81,42,1,5,1,
37,6,810,11,100,28,1,5,1,
37,7,903,148,51,23,1,5,1,
38,1,803,403,20,23,1,5,1,
38,3,117,343,182,86,1,5,1,
38,4,758,416,43,15,1,5,1,
38,5,388,457,85,43,1,5,1,
38,6,817,12,99,28,1,5,1,
38,7,899,149,51,23,1,5,1,
39,1,804,401,19,23,1,5,1,
39,3,125,346,193,88,1,5,1,
39,4,754,415,41,14,1,5,1,
39,5,394,461,87,41,1,5,1,
39,6,828,13,94,28,1,5,1,
39,7,896,151,49,22,1,5,1,
40,1,804,400,20,23,1,5,1,
40,3,131,347,207,92,1,5,1,
40,4,750,414,41,14,1,5,1,
40,5,399,463,90,42,1,5,1,
40,6,835,14,93,29,1,5,1,
40,7,892,152,49,22,1,5,1,
41,1,805,399,19,22,1,5,1,
41,3,137,349,223,96,1,5,1,
41,4,746,413,42,13,1,5,1,
41,5,403,465,95,42,1,5,1,
41,6,841,15,92,29,1,5,1,
41,7,889,154,49,21,1,5,1,
42,1,805,398,19,22,1,5,1,
42,3,146,351,238,99,1,5,1,
42,4,742,412,41,13,1,5,1,
42,5,410,468,97,42,1,5,1,
42,6,850,16,88,29,1,5,1,
42,7,886,155,48,21,1,5,1,
43,1,805,396,19,23,1,5,1,
43,3,152,353,258,103,1,5,1,
43,4,739,411,40,13,1,5,1,
43,5,414,470,102,42,1,5,1,
43,6,856,17,88,29,1,5,1,
43,7,882,156,49,21,1,5,1,
44,1,805,395,19,22,1,5,1,
44,3,160,355,278,107,1,5,1,
44,4,737,410,39,13,1,5,1,
44,5,420,472,105,42,1,5,1,
44,6,862,18,87,29,1,5,1,
44,7,879,157,48,21,1,5,1,
45,1,805,394,19,22,1,5,1,
45,3,170,358,298,110,1,5,1,
45,4,733,409,38,12,1,5,1,
45,5,426,475,109,42,1,5,1,
45,6,869,19,84,30,1,5,1,
45,7,875,159,48,20,1,5,1,
46,1,805,393,19,21,1,5,1,
46,3,180,361,321,112,1,5,1,
46,4,728,407,39,13,1,5,1,
46,5,433,477,111,42,1,5,1,
46,6,876,21,82,29,1,5,1,
46,7,872,160,47,20,1,5,1,
47,1,805,392,18,21,1,5,1,
47,3,189,363,347,116,1,5,1,
47,4,723,407,40,12,1,5,1,
47,5,440,480,114,41,1,5,1,
47,6,883,22,76,29,1,5,1,
47,7,869,161,47,20,1,5,1,
48,1,805,391,18,21,1,5,1,
48,3,201,367,372,118,1,5,1,
48,4,719,406,40,11,1,5,1,
48,5,448,482,117,41,1,5,1,
48,6,890,23,69,29,1,5,1,
48,7,866,162,46,20,1,5,1,
49,1,805,390,18,20,1,5,1,
49,3,212,370,400,122,1,5,1,
49,4,715,405,40,11,1,5,1,
49,5,455,485,120,40,1,5,1,
49,6,896,24,64,30,1,5,1,
49,7,862,163,47,19,1,5,1,
50,1,805,389,17,20,1,5,1,
50,3,222,374,431,123,1,5,1,
50,4,711,404,41,11,1,5,1,
50,5,462,487,124,40,1,5,1,
50,6,901,26,59,29,1,5,1,
50,7,859,164,46,19,1,5,1,
51,1,804,387,18,21,1,5,1,
51,3,235,378,458,124,1,5,1,
51,4,707,403,41,11,1,5,1,
51,5,470,490,127,39,1,5,1,
51,6,908,27,52,29,1,5,1,
51,7,856,166,45,18,1,5,1,
52,1,804,386,17,20,1,5,1,
52,3,249,383,483,122,1,5,1,
52,4,703,402,41,11,1,5,1,
52,5,479,492,129,39,1,5,1,
52,6,914,28,46,30,1,5,1,
52,7,853,167,45,18,1,5,1,
53,1,803,385,18,20,1,5,1,
53,3,263,387,505,119,1,5,1,
53,4,699,402,41,10,1,5,1,
53,5,487,494,132,39,1,5,1,
53,6,919,30,41,29,1,5,1,
53,7,850,168,45,18,1,5,1,
54,1,803,384,17,20,1,5,1,
54,3,282,388,521,118,1,5,1,
54,4,695,401,41,10,1,5,1,
54,5,496,497,134,39,1,5,1,
54,6,925,31,35,29,1,5,1,
54,7,847,169,44,17,1,5,1,
55,1,802,383,17,20,1,5,1,
55,3,303,387,534,119,1,5,1,
55,4,691,400,41,10,1,5,1,
55,5,505,499,137,38,1,5,1,
55,6,930,32,30,22,1,5,1,
55,7,843,170,45,17,1,5,1,
56,1,802,382,17,19,1,5,1,
56,3,334,386,537,119,1,5,1,
56,4,687,400,40,9,1,5,1,
56,5,516,502,138,37,1,5,1,
56,6,936,34,24,21,1,5,1,
56,7,840,171,43,17,1,5,1,
57,1,801,381,18,19,1,5,1,
57,3,364,386,540,118,1,5,1,
57,4,684,399,38,9,1,5,1,
57,5,526,504,139,37,1,5,1,
57,7,837,172,43,17,1,5,1,
58,1,801,380,18,19,1,5,1,
58,3,387,385,551,118,1,5,1,
58,4,680,398,39,9,1,5,1,
58,5,533,506,144,37,1,5,1,
58,7,834,173,44,16,1,5,1,
59,1,800,379,18,19,1,5,1,
59,3,417,384,542,118,1,5,1,
59,4,676,398,40,8,1,5,1,
59,5,542,507,147,36,1,5,1,
59,7,831,173,44,17,1,5,1,
60,1,799,378,19,19,1,5,1,
60,3,452,383,508,118,1,5,1,
60,4,672,397,40,9,1,5,1,
60,5,552,509,149,34,1,5,1,
60,7,828,174,43,17,1,5,1,
61,1,798,377,19,19,1,5,1,
61,3,480,383,480,117,1,5,1,
61,5,560,511,153,32,1,5,1,
61,7,825,175,44,17,1,5,1,
62,1,797,376,20,19,1,5,1,
62,3,505,383,455,116,1,5,1,
62,5,568,512,157,31,1,5,1,
62,7,822,176,45,16,1,5,1,
63,1,796,376,20,18,1,5,1,
63,3,541,382,419,105,1,5,1,
63,5,578,514,159,29,1,5,1,
63,7,819,177,44,16,1,5,1,
64,1,795,375,21,18,1,5,1,
64,3,583,382,377,105,1,5,1,
64,5,591,516,158,27,1,5,1,
64,7,816,178,44,16,1,5,1,
65,1,794,374,21,18,1,5,1,
65,3,610,381,350,106,1,5,1,
65,5,599,517,162,26,1,5,1,
65,7,813,178,44,16,1,5,1,
66,1,793,373,21,18,1,5,1,
66,3,642,387,318,99,1,5,1,
66,5,610,519,163,24,1,5,1,
66,7,810,179,44,16,1,5,1,
67,1,792,372,22,18,1,5,1,
67,3,670,393,290,93,1,5,1,
67,5,618,520,166,23,1,5,1,
67,7,807,180,45,15,1,5,1,
68,1,791,371,22,18,1,5,1,
68,3,703,393,257,86,1,5,1,
68,5,629,521,167,22,1,5,1,
68,7,804,181,45,15,1,5,1,
69,1,790,370,22,18,1,5,1,
69,3,737,400,223,73,1,5,1,
69,5,640,523,168,20,1,5,1,
69,7,802,181,44,16,1,5,1,
70,1,789,369,23,18,1,5,1,
70,3,767,408,193,50,1,5,1,
70,5,650,524,169,19,1,5,1,
70,7,799,182,44,15,1,5,1,
70,8,954,197,5,11,1,5,1,
71,1,788,369,23,17,1,5,1,
71,5,662,524,169,19,1,5,1,
71,7,796,183,44,15,1,5,1,
71,8,952,196,7,14,1,5,1,
72,1,786,368,23,17,1,5,1,
72,5,676,525,166,18,1,5,1,
72,7,793,184,43,15,1,5,1,
72,8,950,195,9,16,1,5,1,
73,1,785,367,24,17,1,5,1,
73,5,686,525,168,18,1,5,1,
73,8,948,196,11,15,1,5,1,
74,1,784,366,24,17,1,5,1,
74,5,695,525,170,18,1,5,1,
74,8,946,196,13,16,1,5,1,
75,1,783,365,24,18,1,5,1,
75,5,703,525,173,18,1,5,1,
75,8,944,196,15,16,1,5,1,
76,1,781,365,25,17,1,5,1,
76,5,714,525,173,18,1,5,1,
76,8,942,197,17,16,1,5,1,
77,1,779,364,26,17,1,5,1,
77,5,723,525,175,18,1,5,1,
77,8,940,197,19,16,1,5,1,
78,1,778,363,26,17,1,5,1,
78,5,735,525,173,18,1,5,1,
78,8,938,197,21,17,1,5,1,
79,1,776,362,27,17,1,5,1,
79,5,744,525,175,18,1,5,1,
79,8,936,198,23,16,1,5,1,
80,1,775,362,27,16,1,5,1,
80,5,757,524,172,19,1,5,1,
80,8,934,199,25,16,1,5,1,
81,1,773,361,28,17,1,5,1,
81,5,767,524,172,19,1,5,1,
81,8,932,199,27,16,1,5,1,
82,1,771,360,29,17,1,5,1,
82,5,777,524,172,20,1,5,1,
82,8,930,200,29,16,1,5,1,
83,1,770,359,28,17,1,5,1,
83,5,788,523,171,20,1,5,1,
83,8,928,200,31,16,1,5,1,
84,1,768,359,29,16,1,5,1,
84,4,598,396,26,10,1,5,1,
84,5,803,523,157,20,1,5,1,
84,8,926,200,33,16,1,5,1,
85,1,766,358,29,16,1,5,1,
85,4,598,397,22,10,1,5,1,
85,5,815,522,145,21,1,5,1,
85,8,924,200,35,17,1,5,1,
86,1,764,357,29,16,1,5,1,
86,4,598,397,18,12,1,5,1,
86,5,828,521,132,22,1,5,1,
86,8,922,201,35,16,1,5,1,
87,1,763,357,29,15,1,5,1,
87,4,598,398,15,12,1,5,1,
87,5,840,521,120,22,1,5,1,
87,8,920,202,34,16,1,5,1,
88,1,761,356,29,15,1,5,1,
88,4,599,399,11,12,1,5,1,
88,5,854,522,106,21,1,5,1,
88,8,918,203,34,15,1,5,1,
89,4,599,400,11,11,1,5,1,
89,5,867,522,93,21,1,5,1,
89,8,915,203,34,16,1,5,1,
90,4,599,400,14,12,1,5,1,
90,5,876,524,84,19,1,5,1,
90,8,913,204,35,15,1,5,1,
91,4,600,401,17,12,1,5,1,
91,5,885,525,75,18,1,5,1,
91,8,911,204,35,16,1,5,1,
92,4,601,402,20,12,1,5,1,
92,5,895,525,65,18,1,5,1,
92,8,909,205,35,15,1,5,1,
93,4,601,403,25,12,1,5,1,
93,5,904,524,56,18,1,5,1,
93,8,907,205,35,15,1,5,1,
94,4,600,403,30,12,1,5,1,
94,5,913,523,47,16,1,5,1,
94,8,905,206,35,15,1,5,1,
95,4,600,404,35,12,1,5,1,
95,8,903,206,36,15,1,5,1,
96,4,601,405,39,11,1,5,1,
96,8,901,207,35,15,1,5,1,
97,4,602,406,43,10,1,5,1,
97,8,899,207,36,15,1,5,1,
98,4,603,407,47,10,1,5,1,
98,8,897,208,37,14,1,5,1,
99,4,604,407,51,10,1,5,1,
99,8,895,208,37,15,1,5,1,
100,4,606,408,53,9,1,5,1,
100,8,893,208,37,15,1,5,1,
101,4,608,409,56,8,1,5,1,
101,8,891,209,37,14,1,5,1,
102,4,611,409,57,8,1,5,1,
102,8,889,209,38,15,1,5,1,
103,4,614,409,58,7,1,5,1,
103,8,887,210,38,14,1,5,1,
104,4,617,409,59,7,1,5,1,
104,8,885,210,38,14,1,5,1,
105,4,621,409,59,7,1,5,1,
105,8,883,211,38,14,1,5,1,
106,4,626,409,58,7,1,5,1,
106,8,881,211,37,14,1,5,1,
107,4,630,409,57,7,1,5,1,
107,8,879,212,37,13,1,5,1,
108,4,633,409,58,7,1,5,1,
108,8,877,212,38,14,1,5,1,
109,4,637,408,58,8,1,5,1,
110,4,640,408,58,7,1,5,1,
111,4,644,408,58,7,1,5,1,
112,4,652,408,53,7,1,5,1,
113,4,655,407,53,7,1,5,1,
114,4,658,407,53,7,1,5,1,
115,4,662,407,52,7,1,5,1,
116,4,666,406,51,7,1,5,1,
117,4,669,406,51,7,1,5,1,
118,4,672,405,51,8,1,5,1,
119,4,675,405,50,8,1,5,1,
120,4,678,404,50,8,1,5,1,
121,4,681,404,49,8,1,5,1,
122,4,685,403,48,9,1,5,1,
123,4,688,403,47,9,1,5,1,
124,4,691,402,46,9,1,5,1,
125,4,694,402,45,9,1,5,1,
126,4,697,401,44,10,1,5,1,
127,4,700,400,43,10,1,5,1,
128,4,704,400,41,10,1,5,1,
129,4,707,399,39,11,1,5,1,
130,4,710,398,38,11,1,5,1,
131,4,713,398,37,11,1,5,1,
132,4,716,397,35,11,1,5,1,
133,4,719,396,33,12,1,5,1,
134,4,722,396,32,11,1,5,1,
135,4,724,395,31,12,1,5,1,
136,4,727,394,29,12,1,5,1,
146,6,955,161,4,8,1,5,1,
147,6,953,161,6,9,1,5,1,
148,6,951,161,8,10,1,5,1,
149,6,949,161,10,11,1,5,1,
150,6,947,160,12,12,1,5,1,
