1,1,643,460,48,22,1,5,1,
1,2,695,390,90,30,1,5,1,
1,3,889,33,70,23,1,5,1,
1,4,875,31,65,19,1,5,1,
2,1,636,460,55,22,1,5,1,
2,2,696,390,94,30,1,5,1,
2,3,879,33,80,26,1,5,1,
2,4,866,31,74,21,1,5,1,
3,1,628,461,62,21,1,5,1,
3,2,696,389,96,31,1,5,1,
3,3,869,33,90,30,1,5,1,
3,4,858,31,81,24,1,5,1,
4,1,621,462,69,19,1,5,1,
4,2,698,388,94,32,1,5,1,
4,3,860,34,99,32,1,5,1,
4,4,850,31,88,28,1,5,1,
5,1,614,462,76,18,1,5,1,
5,2,704,387,86,32,1,5,1,
5,3,851,34,108,35,1,5,1,
5,4,842,31,93,31,1,5,1,
6,1,607,460,83,20,1,5,1,
6,2,708,385,79,33,1,5,1,
6,3,843,32,116,41,1,5,1,
6,4,835,32,96,34,1,5,1,
7,1,601,457,87,23,1,5,1,
7,2,714,383,73,34,1,5,1,
7,3,836,31,123,45,1,5,1,
7,4,829,32,98,37,1,5,1,
8,1,595,455,91,24,1,5,1,
8,2,720,381,68,35,1,5,1,
8,3,829,31,130,48,1,5,1,
8,4,823,33,99,39,1,5,1,
9,1,590,452,93,26,1,5,1,
9,2,726,379,63,36,1,5,1,
9,3,824,32,130,50,1,5,1,
9,4,818,34,97,42,1,5,1,
10,1,585,448,95,29,1,5,1,
10,2,732,377,57,37,1,5,1,
10,3,819,33,128,52,1,5,1,
10,4,815,35,94,44,1,5,1,
11,1,582,445,94,33,1,5,1,
11,2,739,375,50,39,1,5,1,
11,3,816,35,123,53,1,5,1,
11,4,812,37,89,45,1,5,1,
12,1,579,441,92,37,1,5,1,
12,2,745,374,45,39,1,5,1,
12,3,812,37,117,53,1,5,1,
12,4,810,39,83,45,1,5,1,
13,1,577,437,89,41,1,5,1,
13,2,750,372,40,40,1,5,1,
13,3,808,39,112,54,1,5,1,
13,4,809,41,77,46,1,5,1,
14,1,576,433,85,45,1,5,1,
14,2,755,371,35,40,1,5,1,
14,3,805,42,106,53,1,5,1,
14,4,809,44,69,45,1,5,1,
15,1,576,430,78,47,1,5,1,
15,2,759,369,32,40,1,5,1,
15,3,802,45,98,52,1,5,1,
15,4,808,47,61,43,1,5,1,
16,1,575,427,72,49,1,5,1,
16,2,760,368,31,40,1,5,1,
16,3,800,49,90,50,1,5,1,
16,4,808,50,53,42,1,5,1,
17,1,576,424,65,50,1,5,1,
17,2,761,367,31,39,1,5,1,
17,3,798,52,83,49,1,5,1,
17,4,808,53,46,40,1,5,1,
18,1,576,422,59,51,1,5,1,
18,2,763,366,29,38,1,5,1,
18,3,796,55,76,48,1,5,1,
18,4,807,56,40,39,1,5,1,
19,1,575,420,52,50,1,5,1,
19,2,764,365,29,36,1,5,1,
19,3,793,59,70,46,1,5,1,
19,4,807,60,33,37,1,5,1,
20,1,576,418,45,49,1,5,1,
20,2,766,364,28,35,1,5,1,
20,3,791,62,64,45,1,5,1,
20,4,807,63,27,35,1,5,1,
21,1,577,416,38,48,1,5,1,
21,2,768,363,28,34,1,5,1,
21,3,789,65,60,44,1,5,1,
21,4,807,66,23,34,1,5,1,
22,1,578,414,31,46,1,5,1,
22,2,770,362,28,33,1,5,1,
22,3,786,68,56,43,1,5,1,
22,4,806,69,20,32,1,5,1,
23,1,580,413,22,43,1,5,1,
23,2,771,361,29,32,1,5,1,
23,3,784,72,51,40,1,5,1,
23,4,806,73,17,30,1,5,1,
24,1,582,411,18,41,1,5,1,
24,2,771,360,31,31,1,5,1,
24,3,782,75,48,39,1,5,1,
24,4,806,75,14,29,1,5,1,
25,1,582,410,22,38,1,5,1,
25,2,771,359,34,30,1,5,1,
25,3,779,78,47,38,1,5,1,
25,4,805,78,14,28,1,5,1,
26,1,582,410,28,35,1,5,1,
26,2,771,358,38,29,1,5,1,
26,3,777,80,45,37,1,5,1,
26,4,805,80,13,27,1,5,1,
27,1,582,409,33,32,1,5,1,
27,2,772,358,41,27,1,5,1,
27,3,775,83,42,36,1,5,1,
27,4,804,82,12,27,1,5,1,
28,1,581,409,40,29,1,5,1,
28,2,772,357,45,27,1,5,1,
28,3,773,85,41,36,1,5,1,
28,4,804,84,12,26,1,5,1,
29,1,581,408,44,27,1,5,1,
29,2,773,356,47,26,1,5,1,
29,3,771,87,40,35,1,5,1,
29,4,803,85,12,27,1,5,1,
30,1,580,407,50,25,1,5,1,
30,2,773,356,50,25,1,5,1,
30,3,769,89,39,35,1,5,1,
30,4,802,87,13,26,1,5,1,
31,1,579,407,55,22,1,5,1,
31,2,775,355,51,24,1,5,1,
31,3,767,91,38,34,1,5,1,
31,4,802,89,12,26,1,5,1,
32,1,580,406,57,21,1,5,1,
32,2,776,354,52,24,1,5,1,
32,3,765,93,37,34,1,5,1,
32,4,801,91,13,25,1,5,1,
33,1,581,405,60,20,1,5,1,
33,2,778,354,52,23,1,5,1,
33,3,763,95,37,33,1,5,1,
33,4,800,92,13,25,1,5,1,
34,1,583,405,62,18,1,5,1,
34,2,780,353,53,23,1,5,1,
34,3,761,97,36,32,1,5,1,
34,4,800,94,13,25,1,5,1,
35,1,587,404,61,17,1,5,1,
35,2,783,352,52,23,1,5,1,
35,3,759,99,35,32,1,5,1,
35,4,799,96,13,24,1,5,1,
36,1,590,403,62,17,1,5,1,
36,2,785,352,52,22,1,5,1,
36,3,757,101,35,31,1,5,1,
36,4,798,97,14,24,1,5,1,
37,1,593,403,62,16,1,5,1,
37,2,788,351,51,22,1,5,1,
37,3,755,103,35,30,1,5,1,
37,4,797,99,14,24,1,5,1,
38,1,597,402,61,16,1,5,1,
38,2,791,350,50,22,1,5,1,
38,3,753,105,34,30,1,5,1,
38,4,796,100,15,24,1,5,1,
39,1,601,401,60,16,1,5,1,
39,2,795,350,48,22,1,5,1,
39,3,751,107,34,29,1,5,1,
39,4,795,102,15,23,1,5,1,
40,1,605,401,60,15,1,5,1,
40,2,798,349,46,22,1,5,1,
40,3,749,108,33,29,1,5,1,
40,4,794,103,15,23,1,5,1,
41,1,609,400,59,16,1,5,1,
41,2,801,348,45,22,1,5,1,
41,3,747,110,33,28,1,5,1,
41,4,793,105,16,23,1,5,1,
42,1,613,399,57,16,1,5,1,
42,2,804,348,44,21,1,5,1,
42,3,745,112,33,28,1,5,1,
42,4,792,106,16,23,1,5,1,
43,1,618,398,55,16,1,5,1,
43,2,807,347,43,21,1,5,1,
43,3,743,113,33,28,1,5,1,
43,4,791,108,16,22,1,5,1,
44,1,622,398,54,15,1,5,1,
44,2,810,346,42,22,1,5,1,
44,3,741,115,33,27,1,5,1,
44,4,790,109,16,22,1,5,1,
45,1,626,397,53,16,1,5,1,
45,2,813,346,40,21,1,5,1,
45,3,739,117,32,26,1,5,1,
45,4,789,111,16,21,1,5,1,
46,1,629,396,52,16,1,5,1,
46,2,816,345,39,21,1,5,1,
46,3,738,118,31,26,1,5,1,
46,4,788,112,17,21,1,5,1,
47,1,633,395,51,16,1,5,1,
47,2,819,345,37,20,1,5,1,
47,3,736,120,31,25,1,5,1,
47,4,787,114,17,21,1,5,1,
48,1,637,395,49,16,1,5,1,
48,2,821,344,37,20,1,5,1,
48,3,734,121,31,26,1,5,1,
48,4,786,115,17,21,1,5,1,
49,1,641,394,47,16,1,5,1,
49,2,824,343,35,21,1,5,1,
49,3,732,123,31,25,1,5,1,
49,4,784,116,18,21,1,5,1,
50,1,644,393,46,16,1,5,1,
50,2,826,343,34,20,1,5,1,
50,3,730,124,31,25,1,5,1,
50,4,783,117,18,21,1,5,1,
51,1,648,392,44,16,1,5,1,
51,2,829,342,32,20,1,5,1,
51,3,728,125,31,25,1,5,1,
51,4,782,119,18,20,1,5,1,
52,1,652,391,42,17,1,5,1,
52,2,831,342,32,19,1,5,1,
52,3,726,127,31,24,1,5,1,
52,4,781,120,18,20,1,5,1,
53,1,655,391,41,16,1,5,1,
53,2,833,341,31,20,1,5,1,
53,3,726,128,29,24,1,5,1,
53,4,779,121,19,20,1,5,1,
54,1,658,390,40,16,1,5,1,
54,2,835,340,29,20,1,5,1,
54,3,725,129,28,24,1,5,1,
54,4,778,123,18,19,1,5,1,
55,1,661,389,39,16,1,5,1,
55,2,837,340,28,19,1,5,1,
55,3,724,131,27,23,1,5,1,
55,4,778,124,17,19,1,5,1,
56,1,666,388,36,16,1,5,1,
56,2,840,339,26,19,1,5,1,
56,3,723,133,25,22,1,5,1,
56,4,776,126,17,18,1,5,1,
57,1,668,388,35,16,1,5,1,
57,2,841,339,26,18,1,5,1,
57,3,721,134,25,22,1,5,1,
57,4,774,127,18,18,1,5,1,
58,1,671,387,34,16,1,5,1,
58,2,843,338,25,19,1,5,1,
58,3,720,135,24,22,1,5,1,
58,4,771,128,20,18,1,5,1,
59,1,674,386,32,16,1,5,1,
59,2,845,338,23,18,1,5,1,
59,3,718,137,24,21,1,5,1,
59,4,769,129,21,18,1,5,1,
60,1,676,385,31,16,1,5,1,
60,2,846,337,23,18,1,5,1,
60,3,716,138,24,21,1,5,1,
60,4,767,130,22,18,1,5,1,
61,1,679,384,30,16,1,5,1,
61,2,847,337,22,18,1,5,1,
61,3,714,139,25,21,1,5,1,
61,4,765,131,23,18,1,5,1,
62,1,681,384,29,16,1,5,1,
62,2,848,336,22,18,1,5,1,
62,3,713,140,24,20,1,5,1,
62,4,763,132,24,18,1,5,1,
63,1,684,383,27,16,1,5,1,
63,2,848,335,22,18,1,5,1,
63,3,711,142,25,19,1,5,1,
64,1,685,382,27,16,1,5,1,
64,2,849,335,21,18,1,5,1,
64,3,709,142,26,20,1,5,1,
65,1,687,381,26,17,1,5,1,
65,2,849,334,21,18,1,5,1,
65,3,707,143,27,20,1,5,1,
66,1,689,381,25,16,1,5,1,
66,2,849,334,22,18,1,5,1,
67,1,690,380,25,17,1,5,1,
67,2,850,333,21,18,1,5,1,
68,1,692,379,24,17,1,5,1,
68,2,850,333,21,18,1,5,1,
69,1,693,378,24,17,1,5,1,
69,2,850,332,21,18,1,5,1,
70,1,694,378,24,17,1,5,1,
70,2,850,332,21,18,1,5,1,
71,1,695,377,24,17,1,5,1,
71,2,850,331,21,18,1,5,1,
72,1,697,376,22,18,1,5,1,
72,2,850,331,21,18,1,5,1,
73,1,698,375,22,18,1,5,1,
73,2,850,331,20,17,1,5,1,
74,1,700,375,21,17,1,5,1,
74,2,850,330,20,18,1,5,1,
75,1,701,374,20,18,1,5,1,
75,2,850,330,20,17,1,5,1,
76,1,702,373,20,18,1,5,1,
76,2,850,329,20,18,1,5,1,
77,1,703,372,19,19,1,5,1,
77,2,850,329,19,17,1,5,1,
78,1,705,372,18,18,1,5,1,
78,2,849,328,20,18,1,5,1,
79,1,706,371,17,18,1,5,1,
79,2,849,328,20,17,1,5,1,
80,1,707,370,16,18,1,5,1,
80,2,849,327,19,18,1,5,1,
81,1,708,370,16,17,1,5,1,
81,2,849,327,19,17,1,5,1,
82,1,709,369,15,18,1,5,1,
82,2,848,326,19,18,1,5,1,
83,1,710,368,14,18,1,5,1,
83,2,848,326,19,17,1,5,1,
84,1,711,368,13,17,1,5,1,
84,2,847,326,19,17,1,5,1,
85,1,712,367,12,18,1,5,1,
85,2,847,325,18,17,1,5,1,
86,1,713,366,11,18,1,5,1,
86,2,846,325,19,16,1,5,1,
87,2,846,324,18,17,1,5,1,
88,2,845,324,18,16,1,5,1,
89,2,845,324,18,16,1,5,1,
90,2,844,323,19,17,1,5,1,
91,2,843,323,19,16,1,5,1,
92,2,843,322,19,17,1,5,1,
93,2,842,322,20,16,1,5,1,
94,2,841,322,21,16,1,5,1,
95,2,840,321,21,17,1,5,1,
96,2,840,321,21,16,1,5,1,
97,2,839,320,22,17,1,5,1,
98,2,838,320,23,16,1,5,1,
99,2,837,320,23,16,1,5,1,
100,2,836,319,24,16,1,5,1,
101,2,835,319,24,16,1,5,1,
102,2,834,319,25,16,1,5,1,
103,2,833,318,25,16,1,5,1,
104,2,832,318,26,16,1,5,1,
105,2,831,318,26,15,1,5,1,
106,2,830,317,27,16,1,5,1,
107,2,829,317,27,15,1,5,1,
108,2,828,317,27,15,1,5,1,
