1,1,431,298,103,27,1,5,1,
1,2,336,259,34,29,1,5,1,
1,3,249,367,76,25,1,5,1,
1,4,485,423,47,23,1,5,1,
1,5,349,0,47,50,1,5,1,
1,6,682,350,34,33,1,5,1,
1,7,386,291,77,24,1,5,1,
1,8,534,196,175,40,1,5,1,
1,9,770,154,89,18,1,5,1,
1,10,-4,126,74,28,1,5,1,
1,11,346,309,65,16,1,5,1,
1,12,249,0,50,57,1,5,1,
1,13,844,52,62,21,1,5,1,
1,14,691,470,60,16,1,5,1,
1,15,466,440,35,54,1,5,1,
1,16,311,233,15,13,1,5,1,
1,17,81,139,76,20,1,5,1,
1,18,37,173,78,38,1,5,1,
1,19,617,511,54,25,1,5,1,
1,20,-72,441,174,52,1,5,1,
1,21,602,442,57,40,1,5,1,
1,22,257,327,53,13,1,5,1,
1,23,770,480,156,51,1,5,1,
1,24,356,249,87,27,1,5,1,
1,25,716,25,27,25,1,5,1,
1,26,382,132,43,11,1,5,1,
1,27,527,4,49,25,1,5,1,
1,28,38,212,112,22,1,5,1,
1,29,657,14,15,33,1,5,1,
1,30,816,301,90,17,1,5,1,
1,31,742,146,37,15,1,5,1,
2,1,442,297,106,27,1,5,1,
2,2,338,259,35,29,1,5,1,
2,3,256,369,73,25,1,5,1,
2,4,492,426,47,20,1,5,1,
2,5,352,-5,31,50,1,5,1,
2,6,686,349,32,29,1,5,1,
2,7,378,290,82,24,1,5,1,
2,8,549,195,175,40,1,5,1,
2,9,784,154,80,18,1,5,1,
2,10,-16,125,86,26,1,5,1,
2,11,355,309,63,16,1,5,1,
2,12,248,0,38,65,1,5,1,
2,13,838,53,56,22,1,5,1,
2,14,686,468,54,16,1,5,1,
2,15,458,436,52,51,1,5,1,
2,16,312,232,14,13,1,5,1,
2,17,95,142,69,17,1,5,1,
2,18,64,171,56,38,1,5,1,
2,19,615,508,48,25,1,5,1,
2,20,-96,445,166,58,1,5,1,
2,21,604,447,64,37,1,5,1,
2,22,253,328,47,13,1,5,1,
2,23,788,489,148,42,1,5,1,
2,24,361,249,92,27,1,5,1,
2,25,716,21,22,30,1,5,1,
2,26,393,132,37,10,1,5,1,
2,27,535,1,50,23,1,5,1,
2,28,23,212,113,21,1,5,1,
2,29,656,20,13,30,1,5,1,
2,30,834,300,78,17,1,5,1,
2,31,753,146,26,17,1,5,1,
3,1,451,297,112,28,1,5,1,
3,2,340,258,37,30,1,5,1,
3,3,258,370,80,24,1,5,1,
3,4,495,428,51,19,1,5,1,
3,5,352,-11,30,52,1,5,1,
3,6,687,347,36,29,1,5,1,
3,7,376,290,74,23,1,5,1,
3,8,562,194,175,40,1,5,1,
3,9,794,154,73,19,1,5,1,
3,10,-23,124,88,26,1,5,1,
3,11,362,309,64,17,1,5,1,
3,12,249,0,37,73,1,5,1,
3,13,832,54,53,23,1,5,1,
3,14,681,465,52,18,1,5,1,
3,15,457,434,62,47,1,5,1,
3,16,313,232,15,13,1,5,1,
3,17,104,143,67,17,1,5,1,
3,18,68,169,57,39,1,5,1,
3,19,613,505,44,27,1,5,1,
3,20,-120,449,167,64,1,5,1,
3,21,607,450,70,36,1,5,1,
3,22,249,328,44,14,1,5,1,
3,23,801,493,147,41,1,5,1,
3,24,366,249,97,26,1,5,1,
3,25,716,18,23,32,1,5,1,
3,26,400,131,34,11,1,5,1,
3,27,540,-1,54,20,1,5,1,
3,28,8,211,118,22,1,5,1,
3,29,655,23,13,30,1,5,1,
3,30,848,300,69,17,1,5,1,
3,31,760,146,19,18,1,5,1,
4,1,460,297,117,28,1,5,1,
4,2,336,258,49,30,1,5,1,
4,3,261,370,86,24,1,5,1,
4,4,499,430,54,17,1,5,1,
4,5,352,-17,31,54,1,5,1,
4,6,684,346,49,28,1,5,1,
4,7,375,290,65,23,1,5,1,
4,8,577,194,173,40,1,5,1,
4,9,804,154,65,19,1,5,1,
4,10,-26,123,83,25,1,5,1,
4,11,370,310,63,16,1,5,1,
4,12,253,0,34,81,1,5,1,
4,13,828,56,50,24,1,5,1,
4,14,677,462,49,20,1,5,1,
4,15,458,432,71,43,1,5,1,
4,16,315,232,15,13,1,5,1,
4,17,113,144,64,17,1,5,1,
4,18,63,167,68,40,1,5,1,
4,19,612,502,39,28,1,5,1,
4,21,611,454,75,34,1,5,1,
4,22,246,328,40,15,1,5,1,
4,23,815,498,144,39,1,5,1,
4,24,372,249,100,26,1,5,1,
4,25,717,13,23,36,1,5,1,
4,26,406,131,33,11,1,5,1,
4,27,546,-2,57,17,1,5,1,
4,28,0,210,116,23,1,5,1,
4,29,656,27,12,29,1,5,1,
4,30,860,300,61,17,1,5,1,
4,31,764,147,15,18,1,5,1,
5,1,471,296,119,29,1,5,1,
5,2,334,257,65,31,1,5,1,
5,3,265,370,91,24,1,5,1,
5,4,504,432,56,15,1,5,1,
5,5,353,-22,31,55,1,5,1,
5,6,684,345,60,28,1,5,1,
5,7,376,290,55,22,1,5,1,
5,8,592,194,168,40,1,5,1,
5,9,813,154,57,19,1,5,1,
5,10,-29,122,77,25,1,5,1,
5,11,377,310,63,17,1,5,1,
5,12,257,0,33,89,1,5,1,
5,13,824,58,46,24,1,5,1,
5,14,673,459,46,22,1,5,1,
5,15,459,430,80,40,1,5,1,
5,16,315,231,17,13,1,5,1,
5,17,122,145,61,16,1,5,1,
5,18,75,166,60,40,1,5,1,
5,19,612,498,34,30,1,5,1,
5,21,616,457,79,32,1,5,1,
5,22,244,329,36,15,1,5,1,
5,23,829,503,130,36,1,5,1,
5,24,379,249,103,26,1,5,1,
5,25,719,8,23,40,1,5,1,
5,26,411,131,33,11,1,5,1,
5,27,552,-4,59,15,1,5,1,
5,28,-12,209,116,23,1,5,1,
5,29,657,31,12,27,1,5,1,
5,30,871,300,53,17,1,5,1,
5,31,765,148,15,18,1,5,1,
6,1,483,296,120,28,1,5,1,
6,2,333,257,81,31,1,5,1,
6,3,269,370,96,24,1,5,1,
6,4,510,432,57,15,1,5,1,
6,5,357,-27,30,54,1,5,1,
6,6,685,345,71,26,1,5,1,
6,7,377,290,44,22,1,5,1,
6,8,610,194,159,40,1,5,1,
6,9,822,154,48,20,1,5,1,
6,10,-30,121,68,24,1,5,1,
6,11,384,310,63,17,1,5,1,
6,12,256,8,40,88,1,5,1,
6,13,820,60,42,25,1,5,1,
6,14,670,456,43,22,1,5,1,
6,15,462,429,87,35,1,5,1,
6,16,314,231,22,13,1,5,1,
6,17,130,146,58,16,1,5,1,
6,18,78,163,60,42,1,5,1,
6,19,613,495,28,31,1,5,1,
6,21,622,460,82,30,1,5,1,
6,22,242,329,32,16,1,5,1,
6,23,845,508,115,33,1,5,1,
6,24,386,249,106,27,1,5,1,
6,25,717,3,27,44,1,5,1,
6,26,415,131,35,11,1,5,1,
6,27,560,-4,59,13,1,5,1,
6,28,-27,208,119,23,1,5,1,
6,29,656,35,15,24,1,5,1,
6,30,882,300,43,17,1,5,1,
6,31,766,149,15,17,1,5,1,
7,1,496,296,119,28,1,5,1,
7,2,334,256,97,33,1,5,1,
7,3,276,370,97,23,1,5,1,
7,4,516,433,57,14,1,5,1,
7,5,353,-32,31,54,1,5,1,
7,6,688,344,80,26,1,5,1,
7,7,377,290,35,22,1,5,1,
7,8,629,194,146,40,1,5,1,
7,9,831,153,38,21,1,5,1,
7,10,-29,119,57,23,1,5,1,
7,11,391,310,63,17,1,5,1,
7,12,255,17,50,87,1,5,1,
7,13,818,62,37,25,1,5,1,
7,14,668,454,38,22,1,5,1,
7,15,466,428,94,32,1,5,1,
7,16,314,230,28,14,1,5,1,
7,17,139,148,53,15,1,5,1,
7,18,77,160,60,43,1,5,1,
7,19,614,492,22,31,1,5,1,
7,21,628,464,85,26,1,5,1,
7,22,241,330,27,16,1,5,1,
7,23,862,508,98,33,1,5,1,
7,24,394,250,107,26,1,5,1,
7,25,715,0,34,45,1,5,1,
7,26,419,131,37,11,1,5,1,
7,27,568,-4,61,12,1,5,1,
7,28,-43,207,122,23,1,5,1,
7,29,656,38,19,23,1,5,1,
7,30,893,299,32,17,1,5,1,
7,31,768,150,14,17,1,5,1,
8,1,511,296,113,28,1,5,1,
8,2,337,256,111,33,1,5,1,
8,3,283,369,97,22,1,5,1,
8,4,522,432,58,15,1,5,1,
8,5,350,-35,44,51,1,5,1,
8,6,693,343,87,26,1,5,1,
8,7,376,289,29,23,1,5,1,
8,8,650,195,129,40,1,5,1,
8,9,840,153,28,22,1,5,1,
8,10,-29,117,47,23,1,5,1,
8,11,399,311,62,17,1,5,1,
8,12,255,26,60,84,1,5,1,
8,13,816,65,32,24,1,5,1,
8,14,667,451,33,22,1,5,1,
8,15,472,428,98,29,1,5,1,
8,16,315,230,34,13,1,5,1,
8,17,147,148,49,15,1,5,1,
8,18,77,157,62,44,1,5,1,
8,19,614,490,19,30,1,5,1,
8,21,636,467,85,23,1,5,1,
8,22,241,331,22,16,1,5,1,
8,23,880,507,80,34,1,5,1,
8,24,401,250,109,27,1,5,1,
8,25,713,-4,41,46,1,5,1,
8,26,423,131,39,10,1,5,1,
8,28,-58,207,123,23,1,5,1,
8,29,655,42,24,20,1,5,1,
8,30,902,299,24,17,1,5,1,
8,31,767,151,15,17,1,5,1,
9,1,524,296,112,28,1,5,1,
9,2,342,256,123,33,1,5,1,
9,3,290,368,97,23,1,5,1,
9,4,529,432,57,15,1,5,1,
9,6,699,343,94,26,1,5,1,
9,7,376,289,25,22,1,5,1,
9,8,667,196,118,40,1,5,1,
9,9,845,153,24,23,1,5,1,
9,11,406,311,62,17,1,5,1,
9,12,257,35,68,81,1,5,1,
9,13,815,67,27,24,1,5,1,
9,14,666,448,29,22,1,5,1,
9,15,479,429,102,28,1,5,1,
9,16,316,230,40,13,1,5,1,
9,17,154,149,45,14,1,5,1,
9,18,78,154,64,46,1,5,1,
9,19,613,488,16,28,1,5,1,
9,21,645,470,83,21,1,5,1,
9,22,242,331,16,17,1,5,1,
9,23,897,506,63,32,1,5,1,
9,24,409,251,110,26,1,5,1,
9,25,712,-8,47,47,1,5,1,
9,26,428,131,41,10,1,5,1,
9,28,-73,208,124,19,1,5,1,
9,29,656,45,28,18,1,5,1,
9,30,903,299,24,17,1,5,1,
9,31,767,152,15,17,1,5,1,
10,1,537,296,111,27,1,5,1,
10,2,349,255,134,35,1,5,1,
10,3,298,367,96,23,1,5,1,
10,4,535,432,57,15,1,5,1,
10,6,705,344,101,25,1,5,1,
10,7,378,289,24,22,1,5,1,
10,8,679,197,115,40,1,5,1,
10,9,846,154,23,23,1,5,1,
10,11,413,311,62,18,1,5,1,
10,12,260,44,75,77,1,5,1,
10,13,814,69,23,24,1,5,1,
10,14,666,446,24,21,1,5,1,
10,15,486,430,105,27,1,5,1,
10,16,319,229,45,14,1,5,1,
10,17,162,149,39,14,1,5,1,
10,18,82,151,65,47,1,5,1,
10,19,613,486,13,26,1,5,1,
10,21,653,470,82,21,1,5,1,
10,22,241,332,16,17,1,5,1,
10,23,912,504,48,31,1,5,1,
10,24,417,252,110,27,1,5,1,
10,25,712,-13,53,50,1,5,1,
10,26,432,131,43,10,1,5,1,
10,27,617,0,37,9,1,5,1,
10,28,-87,209,124,13,1,5,1,
10,29,658,47,32,17,1,5,1,
10,30,902,299,25,16,1,5,1,
10,31,768,153,15,17,1,5,1,
11,1,550,295,110,28,1,5,1,
11,2,358,255,141,35,1,5,1,
11,3,306,367,95,23,1,5,1,
11,4,542,432,56,15,1,5,1,
11,6,714,344,104,26,1,5,1,
11,7,380,289,23,21,1,5,1,
11,8,690,198,113,39,1,5,1,
11,9,846,155,24,23,1,5,1,
11,11,421,312,61,17,1,5,1,
11,12,265,54,81,72,1,5,1,
11,13,813,72,19,23,1,5,1,
11,14,667,444,19,21,1,5,1,
11,15,496,429,103,27,1,5,1,
11,16,322,229,50,14,1,5,1,
11,17,169,149,33,14,1,5,1,
11,18,79,149,76,47,1,5,1,
11,19,614,485,13,23,1,5,1,
11,21,663,470,77,21,1,5,1,
11,22,241,333,16,17,1,5,1,
11,23,924,503,36,32,1,5,1,
11,24,426,253,110,26,1,5,1,
11,25,712,-17,61,50,1,5,1,
11,26,437,131,44,10,1,5,1,
11,27,625,0,35,10,1,5,1,
11,29,660,50,36,15,1,5,1,
11,30,901,299,24,16,1,5,1,
11,31,768,154,15,17,1,5,1,
12,1,563,296,107,27,1,5,1,
12,2,371,255,144,35,1,5,1,
12,3,314,366,94,23,1,5,1,
12,4,548,432,56,15,1,5,1,
12,6,725,344,104,26,1,5,1,
12,7,382,289,23,21,1,5,1,
12,8,702,198,109,40,1,5,1,
12,9,847,156,24,23,1,5,1,
12,11,428,312,60,18,1,5,1,
12,12,271,63,87,66,1,5,1,
12,13,811,75,17,22,1,5,1,
12,14,667,442,16,20,1,5,1,
12,15,504,428,104,28,1,5,1,
12,16,326,229,53,14,1,5,1,
12,17,175,149,27,14,1,5,1,
12,18,72,147,103,48,1,5,1,
12,19,616,483,12,21,1,5,1,
12,21,673,470,71,20,1,5,1,
12,22,241,334,17,17,1,5,1,
12,23,935,501,25,34,1,5,1,
12,24,435,253,109,26,1,5,1,
12,25,713,-20,68,50,1,5,1,
12,26,443,131,44,10,1,5,1,
12,27,632,0,33,12,1,5,1,
12,29,663,52,38,13,1,5,1,
12,30,900,298,26,16,1,5,1,
12,31,768,155,14,17,1,5,1,
13,1,576,295,105,28,1,5,1,
13,2,386,255,145,36,1,5,1,
13,3,322,366,92,22,1,5,1,
13,4,555,432,56,15,1,5,1,
13,6,736,344,104,25,1,5,1,
13,7,379,289,32,20,1,5,1,
13,8,713,199,107,39,1,5,1,
13,9,848,157,24,23,1,5,1,
13,11,435,313,61,18,1,5,1,
13,12,279,72,90,59,1,5,1,
13,13,811,77,14,21,1,5,1,
13,14,667,440,14,20,1,5,1,
13,15,514,427,101,28,1,5,1,
13,16,332,229,55,13,1,5,1,
13,17,181,148,21,14,1,5,1,
13,18,67,143,127,50,1,5,1,
13,19,617,481,12,21,1,5,1,
13,21,682,469,68,20,1,5,1,
13,22,242,335,17,17,1,5,1,
13,24,444,253,109,26,1,5,1,
13,25,714,-23,75,48,1,5,1,
13,26,449,130,43,12,1,5,1,
13,27,637,0,34,13,1,5,1,
13,29,667,54,41,12,1,5,1,
13,30,898,298,27,16,1,5,1,
13,31,768,156,14,17,1,5,1,
14,1,590,295,97,27,1,5,1,
14,2,400,255,148,36,1,5,1,
14,3,329,365,92,23,1,5,1,
14,4,561,432,57,15,1,5,1,
14,6,747,343,103,26,1,5,1,
14,7,377,289,40,20,1,5,1,
14,8,724,200,103,39,1,5,1,
14,9,849,158,24,22,1,5,1,
14,11,439,313,64,18,1,5,1,
14,12,287,80,93,53,1,5,1,
14,13,810,79,13,20,1,5,1,
14,14,667,439,12,18,1,5,1,
14,15,523,427,100,27,1,5,1,
14,16,339,229,55,13,1,5,1,
14,17,186,147,17,14,1,5,1,
14,18,64,140,151,51,1,5,1,
14,19,619,480,12,20,1,5,1,
14,21,689,468,68,21,1,5,1,
14,22,239,336,23,16,1,5,1,
14,24,452,253,109,26,1,5,1,
14,25,717,-26,80,45,1,5,1,
14,26,455,130,42,12,1,5,1,
14,27,641,0,35,15,1,5,1,
14,29,671,56,43,10,1,5,1,
14,30,897,298,26,15,1,5,1,
14,31,768,157,14,17,1,5,1,
15,1,605,295,87,27,1,5,1,
15,2,413,255,151,37,1,5,1,
15,3,337,365,90,22,1,5,1,
15,4,567,433,58,15,1,5,1,
15,6,758,343,101,26,1,5,1,
15,7,376,288,48,20,1,5,1,
15,8,735,201,98,38,1,5,1,
15,9,851,159,23,22,1,5,1,
15,11,444,313,67,17,1,5,1,
15,12,296,87,95,47,1,5,1,
15,13,809,81,14,19,1,5,1,
15,14,668,438,11,17,1,5,1,
15,15,533,426,96,27,1,5,1,
15,16,346,229,56,14,1,5,1,
15,17,186,146,18,14,1,5,1,
15,18,63,138,175,51,1,5,1,
15,19,620,478,11,20,1,5,1,
15,21,696,468,67,20,1,5,1,
15,22,238,337,30,16,1,5,1,
15,24,461,253,109,26,1,5,1,
15,25,720,-28,85,42,1,5,1,
15,26,461,130,41,13,1,5,1,
15,27,644,0,38,17,1,5,1,
15,29,676,56,41,11,1,5,1,
15,30,895,297,27,15,1,5,1,
15,31,767,158,14,17,1,5,1,
16,1,620,294,75,27,1,5,1,
16,2,428,256,153,37,1,5,1,
16,3,344,364,89,23,1,5,1,
16,4,573,433,59,15,1,5,1,
16,6,770,343,99,26,1,5,1,
16,7,376,288,55,20,1,5,1,
16,8,746,202,94,38,1,5,1,
16,9,851,160,23,22,1,5,1,
16,11,449,313,69,17,1,5,1,
16,12,305,93,97,42,1,5,1,
16,13,808,83,14,19,1,5,1,
16,14,669,437,11,16,1,5,1,
16,15,542,425,94,26,1,5,1,
16,16,353,229,56,14,1,5,1,
16,17,185,144,18,15,1,5,1,
16,18,70,137,187,51,1,5,1,
16,19,621,476,11,21,1,5,1,
16,21,703,467,66,20,1,5,1,
16,22,237,339,37,15,1,5,1,
16,24,470,253,108,26,1,5,1,
16,26,467,131,41,12,1,5,1,
16,27,646,0,41,19,1,5,1,
16,29,680,56,40,12,1,5,1,
16,30,893,297,27,15,1,5,1,
16,31,767,159,14,17,1,5,1,
17,1,632,294,69,27,1,5,1,
17,2,444,256,152,38,1,5,1,
17,3,352,364,87,22,1,5,1,
17,4,580,434,58,14,1,5,1,
17,6,780,343,99,26,1,5,1,
17,7,378,288,60,20,1,5,1,
17,8,757,203,89,37,1,5,1,
17,9,852,161,23,22,1,5,1,
17,11,456,313,69,17,1,5,1,
17,12,316,99,97,36,1,5,1,
17,13,806,84,15,19,1,5,1,
17,14,670,436,11,15,1,5,1,
17,15,552,424,91,26,1,5,1,
17,16,360,229,57,14,1,5,1,
17,17,185,142,18,15,1,5,1,
17,18,82,136,194,51,1,5,1,
17,19,621,474,12,21,1,5,1,
17,21,713,466,59,20,1,5,1,
17,22,240,339,38,15,1,5,1,
17,24,479,253,107,26,1,5,1,
17,26,473,131,40,13,1,5,1,
17,27,650,0,43,21,1,5,1,
17,29,685,56,39,12,1,5,1,
17,30,891,297,27,14,1,5,1,
17,31,766,160,14,16,1,5,1,
18,1,641,294,66,26,1,5,1,
18,2,461,256,150,37,1,5,1,
18,3,359,363,85,22,1,5,1,
18,4,587,434,57,14,1,5,1,
18,6,791,343,98,25,1,5,1,
18,7,380,288,65,19,1,5,1,
18,8,766,203,86,37,1,5,1,
18,9,853,162,22,21,1,5,1,
18,11,462,312,70,17,1,5,1,
18,12,326,104,98,32,1,5,1,
18,13,805,86,15,19,1,5,1,
18,14,670,434,12,16,1,5,1,
18,15,561,423,88,26,1,5,1,
18,16,367,229,57,14,1,5,1,
18,17,184,141,19,15,1,5,1,
18,18,97,135,198,52,1,5,1,
18,19,620,472,14,21,1,5,1,
18,21,723,464,50,21,1,5,1,
18,22,243,340,40,15,1,5,1,
18,24,487,253,107,26,1,5,1,
18,26,478,132,41,12,1,5,1,
18,27,656,0,42,23,1,5,1,
18,29,690,56,37,13,1,5,1,
18,30,889,296,28,15,1,5,1,
18,31,766,161,14,16,1,5,1,
19,1,650,293,63,26,1,5,1,
19,2,478,256,148,37,1,5,1,
19,3,367,362,83,22,1,5,1,
19,4,593,434,58,14,1,5,1,
19,6,801,343,97,25,1,5,1,
19,7,383,288,69,19,1,5,1,
19,8,776,204,82,37,1,5,1,
19,9,853,163,23,21,1,5,1,
19,11,470,312,68,17,1,5,1,
19,12,336,108,98,29,1,5,1,
19,13,804,88,15,18,1,5,1,
19,14,669,433,13,15,1,5,1,
19,15,570,422,85,26,1,5,1,
19,16,375,229,57,14,1,5,1,
19,17,184,139,19,16,1,5,1,
19,18,114,134,199,53,1,5,1,
19,19,621,471,12,21,1,5,1,
19,21,733,462,41,22,1,5,1,
19,22,246,340,41,15,1,5,1,
19,24,496,253,106,26,1,5,1,
19,26,484,133,40,12,1,5,1,
19,27,662,2,41,24,1,5,1,
19,29,694,57,36,12,1,5,1,
19,30,887,296,25,14,1,5,1,
19,31,765,162,15,16,1,5,1,
20,1,658,293,60,26,1,5,1,
20,2,495,256,145,37,1,5,1,
20,3,374,362,81,22,1,5,1,
20,4,600,434,57,14,1,5,1,
20,6,812,343,95,25,1,5,1,
20,7,387,288,72,19,1,5,1,
20,8,784,205,79,36,1,5,1,
20,9,854,164,22,21,1,5,1,
20,11,478,312,66,16,1,5,1,
20,12,347,111,97,25,1,5,1,
20,13,802,89,16,19,1,5,1,
20,14,668,431,15,15,1,5,1,
20,15,578,420,83,26,1,5,1,
20,16,382,229,57,14,1,5,1,
20,17,184,138,19,15,1,5,1,
20,18,131,133,201,53,1,5,1,
20,19,622,470,12,20,1,5,1,
20,21,739,461,37,22,1,5,1,
20,22,250,341,42,15,1,5,1,
20,24,505,253,105,26,1,5,1,
20,26,490,133,40,13,1,5,1,
20,27,668,4,40,24,1,5,1,
20,29,698,57,36,13,1,5,1,
20,30,885,295,22,15,1,5,1,
20,31,764,163,16,16,1,5,1,
21,1,666,293,58,25,1,5,1,
21,2,512,256,142,36,1,5,1,
21,3,382,361,78,22,1,5,1,
21,4,607,434,55,14,1,5,1,
21,6,822,342,95,26,1,5,1,
21,7,392,288,74,19,1,5,1,
21,8,793,206,76,36,1,5,1,
21,9,854,164,22,22,1,5,1,
21,10,0,87,19,31,1,5,1,
21,11,487,311,62,17,1,5,1,
21,12,358,111,95,25,1,5,1,
21,13,801,91,15,18,1,5,1,
21,14,667,430,15,15,1,5,1,
21,15,587,419,80,26,1,5,1,
21,16,389,229,58,14,1,5,1,
21,17,184,136,19,16,1,5,1,
21,18,149,132,202,54,1,5,1,
21,19,624,469,12,19,1,5,1,
21,21,745,459,34,22,1,5,1,
21,22,253,341,43,16,1,5,1,
21,24,514,253,104,26,1,5,1,
21,26,496,134,39,12,1,5,1,
21,27,674,6,39,24,1,5,1,
21,29,703,57,34,14,1,5,1,
21,30,884,295,21,14,1,5,1,
21,31,763,164,16,16,1,5,1,
22,1,673,292,56,25,1,5,1,
22,2,528,256,140,36,1,5,1,
22,3,389,360,76,22,1,5,1,
22,4,614,433,54,15,1,5,1,
22,6,836,342,84,25,1,5,1,
22,7,398,288,74,19,1,5,1,
22,8,802,207,72,35,1,5,1,
22,9,854,165,22,21,1,5,1,
22,10,0,85,22,31,1,5,1,
22,11,495,311,60,17,1,5,1,
22,12,368,111,95,25,1,5,1,
22,13,799,92,16,19,1,5,1,
22,14,666,428,15,15,1,5,1,
22,15,595,418,77,25,1,5,1,
22,16,397,229,57,14,1,5,1,
22,17,185,134,19,16,1,5,1,
22,18,166,131,204,54,1,5,1,
22,19,625,468,13,18,1,5,1,
22,21,750,457,30,22,1,5,1,
22,22,257,342,44,15,1,5,1,
22,24,523,253,103,26,1,5,1,
22,26,501,134,39,13,1,5,1,
22,27,680,9,38,23,1,5,1,
22,29,707,58,32,13,1,5,1,
22,30,883,295,21,14,1,5,1,
22,31,763,165,16,16,1,5,1,
23,1,681,292,53,25,1,5,1,
23,2,544,256,138,35,1,5,1,
23,3,396,360,74,21,1,5,1,
23,4,621,433,53,14,1,5,1,
23,6,851,341,70,25,1,5,1,
23,7,404,288,73,19,1,5,1,
23,8,810,207,68,35,1,5,1,
23,9,854,166,22,21,1,5,1,
23,10,0,83,25,31,1,5,1,
23,11,502,311,59,16,1,5,1,
23,12,378,111,95,25,1,5,1,
23,13,797,94,17,18,1,5,1,
23,14,665,427,15,15,1,5,1,
23,15,603,417,75,25,1,5,1,
23,16,404,229,58,14,1,5,1,
23,17,185,133,20,16,1,5,1,
23,18,183,130,207,55,1,5,1,
23,19,624,467,17,18,1,5,1,
23,21,755,455,27,23,1,5,1,
23,22,261,342,45,16,1,5,1,
23,24,532,253,102,26,1,5,1,
23,26,507,135,39,12,1,5,1,
23,27,685,11,37,22,1,5,1,
23,29,711,58,31,14,1,5,1,
23,30,883,295,20,14,1,5,1,
23,31,762,166,16,15,1,5,1,
24,1,688,292,51,24,1,5,1,
24,2,560,256,135,35,1,5,1,
24,3,403,359,72,21,1,5,1,
24,4,627,433,53,14,1,5,1,
24,6,863,341,60,24,1,5,1,
24,7,411,288,71,19,1,5,1,
24,8,818,208,64,35,1,5,1,
24,9,855,167,21,21,1,5,1,
24,10,0,81,29,32,1,5,1,
24,11,509,311,58,16,1,5,1,
24,12,387,111,95,25,1,5,1,
24,13,795,96,17,17,1,5,1,
24,14,664,425,16,15,1,5,1,
24,15,611,415,72,25,1,5,1,
24,16,411,229,58,14,1,5,1,
24,17,186,131,20,16,1,5,1,
24,18,200,129,210,55,1,5,1,
24,19,625,466,18,17,1,5,1,
24,21,759,454,25,22,1,5,1,
24,22,265,343,46,15,1,5,1,
24,24,541,253,100,26,1,5,1,
24,26,513,135,38,13,1,5,1,
24,27,691,13,36,22,1,5,1,
24,29,715,59,29,14,1,5,1,
24,30,883,295,20,13,1,5,1,
24,31,760,167,17,15,1,5,1,
25,1,695,292,49,23,1,5,1,
25,2,576,256,132,35,1,5,1,
25,3,410,358,69,21,1,5,1,
25,4,634,432,51,14,1,5,1,
25,6,871,340,57,24,1,5,1,
25,7,417,288,70,19,1,5,1,
25,8,826,209,61,34,1,5,1,
25,9,855,168,21,20,1,5,1,
25,10,0,79,33,32,1,5,1,
25,11,516,310,56,16,1,5,1,
25,12,397,111,95,25,1,5,1,
25,13,793,97,17,18,1,5,1,
25,14,663,424,16,14,1,5,1,
25,15,619,414,69,25,1,5,1,
25,16,419,229,58,14,1,5,1,
25,17,187,129,20,17,1,5,1,
25,18,218,128,213,56,1,5,1,
25,19,628,465,17,17,1,5,1,
25,21,759,453,32,20,1,5,1,
25,22,269,343,48,16,1,5,1,
25,24,550,253,98,26,1,5,1,
25,26,518,136,38,12,1,5,1,
25,27,696,15,36,22,1,5,1,
25,29,719,59,28,15,1,5,1,
25,30,883,295,19,13,1,5,1,
25,31,759,168,18,15,1,5,1,
26,1,701,291,47,24,1,5,1,
26,2,592,256,130,35,1,5,1,
26,3,417,357,66,21,1,5,1,
26,4,640,432,51,14,1,5,1,
26,6,878,339,55,25,1,5,1,
26,7,422,289,72,18,1,5,1,
26,8,833,210,58,33,1,5,1,
26,9,854,169,22,20,1,5,1,
26,10,0,78,39,32,1,5,1,
26,11,523,310,55,16,1,5,1,
26,12,406,111,96,25,1,5,1,
26,13,791,99,18,17,1,5,1,
26,14,662,422,16,15,1,5,1,
26,15,626,413,67,24,1,5,1,
26,16,427,229,57,14,1,5,1,
26,17,188,128,20,16,1,5,1,
26,18,236,127,216,56,1,5,1,
26,19,630,463,16,18,1,5,1,
26,21,760,452,36,19,1,5,1,
26,22,273,344,49,16,1,5,1,
26,24,559,253,97,26,1,5,1,
26,26,524,137,37,12,1,5,1,
26,27,701,17,35,22,1,5,1,
26,29,722,60,27,15,1,5,1,
26,30,883,294,19,14,1,5,1,
26,31,758,169,18,15,1,5,1,
27,1,707,291,46,23,1,5,1,
27,2,606,256,129,34,1,5,1,
27,3,423,357,64,21,1,5,1,
27,4,648,432,47,14,1,5,1,
27,6,884,339,54,24,1,5,1,
27,7,426,289,74,18,1,5,1,
27,8,839,210,56,34,1,5,1,
27,9,854,170,22,20,1,5,1,
27,10,0,76,45,32,1,5,1,
27,11,529,310,55,16,1,5,1,
27,12,416,111,95,25,1,5,1,
27,13,789,100,18,17,1,5,1,
27,14,659,421,18,14,1,5,1,
27,15,632,412,66,24,1,5,1,
27,16,434,229,58,14,1,5,1,
27,17,189,126,20,17,1,5,1,
27,18,254,126,219,57,1,5,1,
27,19,633,462,15,17,1,5,1,
27,21,764,451,35,19,1,5,1,
27,22,278,344,49,16,1,5,1,
27,24,567,253,96,25,1,5,1,
27,26,529,137,37,13,1,5,1,
27,27,706,19,35,22,1,5,1,
27,29,725,61,26,15,1,5,1,
27,30,882,294,19,14,1,5,1,
27,31,757,170,18,14,1,5,1,
28,1,712,291,46,22,1,5,1,
28,2,621,256,127,34,1,5,1,
28,3,428,356,63,21,1,5,1,
28,4,656,431,42,14,1,5,1,
28,6,890,338,53,24,1,5,1,
28,7,431,289,76,19,1,5,1,
28,8,846,211,53,33,1,5,1,
28,9,854,171,21,20,1,5,1,
28,10,0,74,51,33,1,5,1,
28,11,536,310,53,15,1,5,1,
28,12,425,111,96,25,1,5,1,
28,13,786,102,19,17,1,5,1,
28,14,656,419,21,14,1,5,1,
28,15,639,410,64,25,1,5,1,
28,16,442,229,57,14,1,5,1,
28,17,190,124,20,17,1,5,1,
28,18,272,125,223,58,1,5,1,
28,19,636,461,13,17,1,5,1,
28,21,769,449,32,19,1,5,1,
28,22,282,345,50,16,1,5,1,
28,24,575,253,95,25,1,5,1,
28,26,534,138,37,12,1,5,1,
28,27,711,21,34,22,1,5,1,
28,29,729,62,24,15,1,5,1,
28,30,882,294,19,13,1,5,1,
28,31,755,171,19,14,1,5,1,
29,1,718,290,45,23,1,5,1,
29,2,636,256,125,34,1,5,1,
29,3,434,355,61,21,1,5,1,
29,4,664,430,36,14,1,5,1,
29,6,896,337,52,24,1,5,1,
29,7,436,290,77,18,1,5,1,
29,8,852,212,51,32,1,5,1,
29,9,854,171,21,20,1,5,1,
29,10,0,72,57,33,1,5,1,
29,11,542,309,53,16,1,5,1,
29,12,435,110,96,25,1,5,1,
29,13,784,103,19,17,1,5,1,
29,14,652,418,25,13,1,5,1,
29,15,646,409,61,24,1,5,1,
29,16,449,229,58,14,1,5,1,
29,17,191,123,21,17,1,5,1,
29,18,291,124,225,58,1,5,1,
29,19,638,459,12,17,1,5,1,
29,21,773,447,30,20,1,5,1,
29,22,287,345,51,16,1,5,1,
29,24,584,253,93,25,1,5,1,
29,26,540,139,35,12,1,5,1,
29,27,716,23,33,22,1,5,1,
29,29,732,63,23,15,1,5,1,
29,30,881,294,19,13,1,5,1,
29,31,754,172,18,14,1,5,1,
30,1,724,290,43,22,1,5,1,
30,2,650,256,123,34,1,5,1,
30,3,440,354,59,21,1,5,1,
30,4,672,429,29,14,1,5,1,
30,6,902,337,50,23,1,5,1,
30,7,441,291,77,18,1,5,1,
30,8,858,213,48,32,1,5,1,
30,9,854,172,20,20,1,5,1,
30,10,0,70,63,34,1,5,1,
30,11,548,309,52,16,1,5,1,
30,12,445,110,96,25,1,5,1,
30,13,782,105,19,16,1,5,1,
30,14,647,416,28,13,1,5,1,
30,15,652,408,59,24,1,5,1,
30,16,457,229,57,14,1,5,1,
30,17,192,121,22,17,1,5,1,
30,18,310,124,228,58,1,5,1,
30,19,639,458,12,17,1,5,1,
30,21,778,446,27,19,1,5,1,
30,22,292,346,51,16,1,5,1,
30,24,592,253,92,25,1,5,1,
30,26,545,139,35,12,1,5,1,
30,27,721,25,32,22,1,5,1,
30,29,734,64,23,15,1,5,1,
30,30,881,294,18,12,1,5,1,
30,31,753,173,18,14,1,5,1,
31,1,729,290,43,22,1,5,1,
31,2,664,256,122,34,1,5,1,
31,3,445,354,58,20,1,5,1,
31,4,679,427,22,15,1,5,1,
31,6,908,336,49,23,1,5,1,
31,7,447,291,77,18,1,5,1,
31,8,863,213,47,32,1,5,1,
31,9,853,173,21,20,1,5,1,
31,10,0,69,69,33,1,5,1,
31,11,554,309,51,15,1,5,1,
31,12,455,110,95,26,1,5,1,
31,13,779,106,20,16,1,5,1,
31,14,645,415,27,13,1,5,1,
31,15,659,407,57,23,1,5,1,
31,16,464,229,58,14,1,5,1,
31,17,193,119,22,18,1,5,1,
31,18,330,123,231,59,1,5,1,
31,19,640,456,11,17,1,5,1,
31,21,782,444,25,20,1,5,1,
31,22,296,346,52,17,1,5,1,
31,24,602,252,86,25,1,5,1,
31,26,550,140,35,12,1,5,1,
31,27,726,27,31,22,1,5,1,
31,29,737,65,22,15,1,5,1,
31,30,880,293,18,13,1,5,1,
31,31,751,173,19,14,1,5,1,
32,1,734,290,40,21,1,5,1,
32,2,678,256,120,33,1,5,1,
32,3,449,353,59,20,1,5,1,
32,4,685,425,16,16,1,5,1,
32,6,914,336,45,22,1,5,1,
32,7,452,292,78,18,1,5,1,
32,8,869,214,44,31,1,5,1,
32,9,853,174,20,19,1,5,1,
32,10,0,67,76,34,1,5,1,
32,11,561,308,49,16,1,5,1,
32,12,464,111,96,25,1,5,1,
32,13,778,108,18,16,1,5,1,
32,14,642,414,28,12,1,5,1,
32,15,665,405,54,24,1,5,1,
32,16,472,229,57,14,1,5,1,
32,17,194,117,23,18,1,5,1,
32,18,349,122,234,59,1,5,1,
32,19,641,454,11,18,1,5,1,
32,21,786,443,23,20,1,5,1,
32,22,301,347,53,16,1,5,1,
32,24,612,251,79,25,1,5,1,
32,26,555,141,34,12,1,5,1,
32,27,730,29,31,21,1,5,1,
32,28,0,183,32,23,1,5,1,
32,29,740,66,21,15,1,5,1,
32,30,879,293,18,13,1,5,1,
32,31,749,174,19,14,1,5,1,
33,1,738,290,39,21,1,5,1,
33,2,693,256,116,33,1,5,1,
33,3,454,352,58,20,1,5,1,
33,4,689,425,14,15,1,5,1,
33,6,919,335,40,23,1,5,1,
33,7,458,292,78,18,1,5,1,
33,8,874,215,42,31,1,5,1,
33,9,852,175,20,19,1,5,1,
33,10,1,65,81,34,1,5,1,
33,11,567,308,47,15,1,5,1,
33,12,474,111,95,25,1,5,1,
33,13,777,109,15,16,1,5,1,
33,14,639,413,27,12,1,5,1,
33,15,671,404,52,23,1,5,1,
33,16,480,229,57,14,1,5,1,
33,17,196,115,23,19,1,5,1,
33,18,370,122,236,59,1,5,1,
33,19,641,453,11,17,1,5,1,
33,21,789,441,22,20,1,5,1,
33,22,306,347,54,17,1,5,1,
33,24,620,250,74,25,1,5,1,
33,26,560,141,34,12,1,5,1,
33,27,735,31,29,21,1,5,1,
33,28,0,177,45,29,1,5,1,
33,29,742,67,21,15,1,5,1,
33,30,879,293,17,12,1,5,1,
33,31,748,175,19,14,1,5,1,
34,1,743,290,38,21,1,5,1,
34,2,706,257,115,32,1,5,1,
34,3,459,352,57,19,1,5,1,
34,4,692,424,13,15,1,5,1,
34,6,924,335,36,22,1,5,1,
34,7,464,292,78,18,1,5,1,
34,8,879,215,40,31,1,5,1,
34,9,851,176,21,19,1,5,1,
34,10,5,63,84,35,1,5,1,
34,11,573,308,46,15,1,5,1,
34,12,484,111,95,25,1,5,1,
34,13,775,111,14,16,1,5,1,
34,14,637,411,27,12,1,5,1,
34,15,676,403,52,23,1,5,1,
34,16,487,229,57,14,1,5,1,
34,17,197,114,25,18,1,5,1,
34,18,390,121,239,60,1,5,1,
34,19,641,451,11,17,1,5,1,
34,21,792,440,21,19,1,5,1,
34,22,311,348,55,17,1,5,1,
34,24,628,250,69,25,1,5,1,
34,26,565,142,33,12,1,5,1,
34,27,739,33,29,21,1,5,1,
34,28,0,175,58,35,1,5,1,
34,29,744,68,21,15,1,5,1,
34,30,878,293,17,12,1,5,1,
34,31,746,176,19,13,1,5,1,
35,1,748,290,36,20,1,5,1,
35,2,720,257,112,32,1,5,1,
35,3,463,351,57,19,1,5,1,
35,4,694,422,12,16,1,5,1,
35,6,929,334,31,22,1,5,1,
35,7,470,292,78,18,1,5,1,
35,8,883,216,40,30,1,5,1,
35,9,851,177,20,18,1,5,1,
35,10,10,61,86,35,1,5,1,
35,11,578,308,45,15,1,5,1,
35,12,493,111,95,26,1,5,1,
35,13,774,113,12,15,1,5,1,
35,14,634,410,27,12,1,5,1,
35,15,681,402,51,23,1,5,1,
35,16,495,229,56,14,1,5,1,
35,17,198,112,26,18,1,5,1,
35,18,411,120,240,61,1,5,1,
35,19,642,450,11,16,1,5,1,
35,21,793,438,20,20,1,5,1,
35,22,316,348,55,17,1,5,1,
35,24,634,250,68,24,1,5,1,
35,25,853,0,29,9,1,5,1,
35,26,570,143,32,12,1,5,1,
35,27,743,35,29,21,1,5,1,
35,28,0,174,72,36,1,5,1,
35,29,746,70,20,14,1,5,1,
35,30,877,292,17,13,1,5,1,
35,31,744,177,19,13,1,5,1,
36,1,752,289,35,21,1,5,1,
36,2,733,257,110,31,1,5,1,
36,3,468,350,56,19,1,5,1,
36,4,695,420,12,16,1,5,1,
36,6,934,333,26,22,1,5,1,
36,7,476,292,78,19,1,5,1,
36,8,886,216,40,30,1,5,1,
36,9,850,177,20,19,1,5,1,
36,10,15,59,89,36,1,5,1,
36,11,584,307,43,15,1,5,1,
36,12,503,111,95,26,1,5,1,
36,13,773,115,11,14,1,5,1,
36,14,632,409,26,11,1,5,1,
36,15,687,401,48,22,1,5,1,
36,16,502,229,56,14,1,5,1,
36,17,200,110,26,19,1,5,1,
36,18,433,120,241,60,1,5,1,
36,19,642,448,11,17,1,5,1,
36,21,794,436,20,21,1,5,1,
36,22,322,349,56,17,1,5,1,
36,24,641,250,66,24,1,5,1,
36,25,856,0,29,11,1,5,1,
36,26,574,143,32,12,1,5,1,
36,27,748,37,27,21,1,5,1,
36,28,0,173,86,36,1,5,1,
36,29,749,71,19,15,1,5,1,
36,30,875,292,18,12,1,5,1,
36,31,742,178,19,13,1,5,1,
37,1,757,289,33,20,1,5,1,
37,2,746,257,109,31,1,5,1,
37,3,473,350,56,19,1,5,1,
37,4,696,419,12,16,1,5,1,
37,6,938,333,22,21,1,5,1,
37,7,482,292,79,19,1,5,1,
37,8,889,217,40,30,1,5,1,
37,9,850,178,19,18,1,5,1,
37,10,20,57,91,36,1,5,1,
37,11,590,307,42,15,1,5,1,
37,12,513,112,94,25,1,5,1,
37,13,772,116,11,14,1,5,1,
37,14,630,408,25,11,1,5,1,
37,15,692,398,45,23,1,5,1,
37,16,510,229,56,14,1,5,1,
37,17,202,108,27,19,1,5,1,
37,18,454,119,243,61,1,5,1,
37,19,642,447,11,16,1,5,1,
37,21,794,434,20,21,1,5,1,
37,22,327,349,58,17,1,5,1,
37,24,647,250,65,24,1,5,1,
37,25,859,0,28,12,1,5,1,
37,26,579,144,31,12,1,5,1,
37,27,752,39,26,20,1,5,1,
37,28,0,172,95,36,1,5,1,
37,29,751,72,19,15,1,5,1,
37,30,874,292,18,12,1,5,1,
37,31,741,178,19,13,1,5,1,
38,1,761,289,32,20,1,5,1,
38,2,759,257,106,31,1,5,1,
38,3,478,349,55,19,1,5,1,
38,4,697,417,12,16,1,5,1,
38,5,638,0,51,14,1,5,1,
38,6,943,332,17,22,1,5,1,
38,7,488,292,79,19,1,5,1,
38,8,892,218,39,29,1,5,1,
38,9,849,179,20,18,1,5,1,
38,10,26,56,93,36,1,5,1,
38,11,593,307,45,14,1,5,1,
38,12,523,112,93,25,1,5,1,
38,13,771,117,11,14,1,5,1,
38,14,627,407,25,11,1,5,1,
38,15,697,397,44,23,1,5,1,
38,16,517,229,56,14,1,5,1,
38,17,204,106,28,19,1,5,1,
38,18,476,119,243,61,1,5,1,
38,19,642,445,11,16,1,5,1,
38,21,795,432,20,21,1,5,1,
38,22,333,349,58,17,1,5,1,
38,24,653,250,63,24,1,5,1,
38,25,862,0,28,14,1,5,1,
38,26,584,145,30,12,1,5,1,
38,27,755,41,26,20,1,5,1,
38,28,0,171,106,37,1,5,1,
38,29,753,73,18,15,1,5,1,
38,30,873,292,17,12,1,5,1,
38,31,739,179,19,13,1,5,1,
39,1,765,289,31,19,1,5,1,
39,2,772,257,104,31,1,5,1,
39,3,480,348,59,19,1,5,1,
39,4,698,416,12,15,1,5,1,
39,5,644,0,52,15,1,5,1,
39,7,495,292,78,18,1,5,1,
39,8,895,218,39,29,1,5,1,
39,9,849,180,19,18,1,5,1,
39,10,32,54,94,37,1,5,1,
39,11,597,307,46,14,1,5,1,
39,12,533,112,92,25,1,5,1,
39,13,769,118,12,14,1,5,1,
39,14,625,405,24,11,1,5,1,
39,15,702,396,42,22,1,5,1,
39,16,525,229,55,14,1,5,1,
39,17,205,104,31,19,1,5,1,
39,18,500,119,241,61,1,5,1,
39,19,642,444,11,16,1,5,1,
39,21,796,431,19,20,1,5,1,
39,22,339,349,59,18,1,5,1,
39,24,660,251,60,23,1,5,1,
39,25,864,0,28,16,1,5,1,
39,26,588,145,29,12,1,5,1,
39,27,760,43,24,20,1,5,1,
39,28,0,171,120,36,1,5,1,
39,29,755,74,17,15,1,5,1,
39,30,872,292,17,11,1,5,1,
39,31,737,180,20,13,1,5,1,
40,1,769,289,30,19,1,5,1,
40,2,784,257,103,31,1,5,1,
40,3,483,348,63,18,1,5,1,
40,4,699,414,12,15,1,5,1,
40,5,650,0,54,17,1,5,1,
40,7,502,292,77,18,1,5,1,
40,8,898,219,38,28,1,5,1,
40,9,848,180,19,18,1,5,1,
40,10,37,52,97,37,1,5,1,
40,11,600,307,48,15,1,5,1,
40,12,542,112,92,26,1,5,1,
40,13,768,120,11,13,1,5,1,
40,14,622,404,25,11,1,5,1,
40,15,706,395,41,22,1,5,1,
40,16,532,229,55,15,1,5,1,
40,17,207,102,33,20,1,5,1,
40,18,521,118,242,62,1,5,1,
40,19,641,442,12,16,1,5,1,
40,21,796,429,20,20,1,5,1,
40,22,345,350,60,17,1,5,1,
40,24,665,251,59,23,1,5,1,
40,25,867,0,27,17,1,5,1,
40,26,592,146,29,12,1,5,1,
40,27,763,45,24,20,1,5,1,
40,28,2,170,131,37,1,5,1,
40,29,757,75,16,15,1,5,1,
40,30,870,291,18,12,1,5,1,
40,31,735,181,20,12,1,5,1,
41,1,772,288,29,20,1,5,1,
41,2,796,257,101,31,1,5,1,
41,3,487,348,66,18,1,5,1,
41,4,700,413,11,15,1,5,1,
41,5,655,0,56,18,1,5,1,
41,7,510,291,75,18,1,5,1,
41,8,901,220,38,28,1,5,1,
41,9,848,181,19,18,1,5,1,
41,10,43,50,100,37,1,5,1,
41,11,605,307,48,15,1,5,1,
41,12,551,113,92,25,1,5,1,
41,13,767,121,11,13,1,5,1,
41,14,620,403,24,11,1,5,1,
41,15,710,393,39,23,1,5,1,
41,16,539,229,55,15,1,5,1,
41,17,209,100,35,20,1,5,1,
41,18,544,118,241,62,1,5,1,
41,19,641,441,12,15,1,5,1,
41,21,797,427,19,20,1,5,1,
41,22,350,350,61,18,1,5,1,
41,24,671,251,58,23,1,5,1,
41,25,869,0,27,19,1,5,1,
41,26,596,147,28,12,1,5,1,
41,27,766,46,24,20,1,5,1,
41,28,13,169,134,37,1,5,1,
41,29,759,76,15,15,1,5,1,
41,30,869,291,17,12,1,5,1,
41,31,733,181,21,13,1,5,1,
42,1,776,288,28,19,1,5,1,
42,2,808,257,99,31,1,5,1,
42,3,491,347,69,18,1,5,1,
42,4,701,411,11,15,1,5,1,
42,5,660,0,58,19,1,5,1,
42,7,518,291,71,18,1,5,1,
42,8,903,220,38,28,1,5,1,
42,9,848,182,20,17,1,5,1,
42,10,49,48,102,38,1,5,1,
42,11,610,307,48,15,1,5,1,
42,12,561,113,91,25,1,5,1,
42,14,618,402,24,10,1,5,1,
42,15,714,392,38,22,1,5,1,
42,16,547,229,54,15,1,5,1,
42,17,212,98,36,20,1,5,1,
42,18,567,118,240,62,1,5,1,
42,19,641,440,12,15,1,5,1,
42,21,797,426,19,19,1,5,1,
42,22,356,351,62,17,1,5,1,
42,24,676,251,57,23,1,5,1,
42,25,872,0,26,20,1,5,1,
42,26,600,148,28,12,1,5,1,
42,27,770,48,23,20,1,5,1,
42,28,24,168,137,38,1,5,1,
42,29,761,77,14,15,1,5,1,
42,30,868,291,17,11,1,5,1,
42,31,731,182,21,13,1,5,1,
43,1,779,288,27,19,1,5,1,
43,2,820,257,97,31,1,5,1,
43,3,495,347,72,18,1,5,1,
43,4,701,410,12,15,1,5,1,
43,5,665,0,61,21,1,5,1,
43,7,524,291,71,18,1,5,1,
43,8,906,221,37,27,1,5,1,
43,9,847,183,20,17,1,5,1,
43,10,59,47,99,38,1,5,1,
43,11,615,307,47,14,1,5,1,
43,12,570,113,91,26,1,5,1,
43,14,616,401,23,10,1,5,1,
43,15,718,390,36,22,1,5,1,
43,16,554,230,54,14,1,5,1,
43,17,212,96,44,20,1,5,1,
43,18,589,118,240,61,1,5,1,
43,19,641,438,12,15,1,5,1,
43,21,798,424,19,20,1,5,1,
43,22,363,351,62,17,1,5,1,
43,24,682,251,54,23,1,5,1,
43,25,874,0,26,22,1,5,1,
43,26,604,149,27,11,1,5,1,
43,27,773,50,23,20,1,5,1,
43,28,35,168,140,37,1,5,1,
43,29,763,78,13,15,1,5,1,
43,30,866,291,18,11,1,5,1,
43,31,729,183,21,12,1,5,1,
44,1,782,288,27,18,1,5,1,
44,2,832,257,95,30,1,5,1,
44,3,501,347,73,18,1,5,1,
44,4,702,409,12,14,1,5,1,
44,5,670,0,63,22,1,5,1,
44,7,530,290,70,19,1,5,1,
44,8,908,221,37,27,1,5,1,
44,9,845,184,19,16,1,5,1,
44,10,65,45,103,39,1,5,1,
44,11,621,307,46,14,1,5,1,
44,12,580,114,90,25,1,5,1,
44,14,613,400,24,10,1,5,1,
44,15,720,389,36,22,1,5,1,
44,16,561,230,54,14,1,5,1,
44,17,213,94,50,21,1,5,1,
44,18,613,118,237,61,1,5,1,
44,19,640,437,12,15,1,5,1,
44,21,798,423,19,19,1,5,1,
44,22,370,351,61,18,1,5,1,
44,24,687,251,53,23,1,5,1,
44,25,875,0,26,24,1,5,1,
44,26,608,149,26,12,1,5,1,
44,27,777,52,21,19,1,5,1,
44,28,47,167,143,38,1,5,1,
44,29,765,79,13,16,1,5,1,
44,30,865,291,17,11,1,5,1,
44,31,727,184,21,12,1,5,1,
45,1,785,288,26,18,1,5,1,
45,2,843,258,93,29,1,5,1,
45,3,507,347,73,18,1,5,1,
45,4,703,407,11,14,1,5,1,
45,5,675,0,65,23,1,5,1,
45,7,537,290,68,18,1,5,1,
45,8,910,222,37,27,1,5,1,
45,9,845,184,18,17,1,5,1,
45,10,71,43,106,39,1,5,1,
45,11,626,307,46,14,1,5,1,
45,12,590,114,89,25,1,5,1,
45,14,611,399,23,10,1,5,1,
45,15,724,387,35,23,1,5,1,
45,16,569,230,53,14,1,5,1,
45,17,216,93,53,20,1,5,1,
45,18,636,118,236,61,1,5,1,
45,19,640,436,12,14,1,5,1,
45,21,798,421,19,19,1,5,1,
45,22,377,352,60,18,1,5,1,
45,24,692,252,52,22,1,5,1,
45,25,877,0,26,25,1,5,1,
45,26,612,150,25,12,1,5,1,
45,27,780,54,21,19,1,5,1,
45,28,59,166,146,38,1,5,1,
45,29,766,81,12,15,1,5,1,
45,30,864,290,17,12,1,5,1,
46,1,788,287,26,19,1,5,1,
46,2,854,258,92,29,1,5,1,
46,3,512,347,73,18,1,5,1,
46,4,703,405,12,14,1,5,1,
46,5,679,0,67,25,1,5,1,
46,7,543,290,67,18,1,5,1,
46,8,912,222,37,27,1,5,1,
46,9,844,185,18,17,1,5,1,
46,10,77,41,110,40,1,5,1,
46,11,631,306,45,15,1,5,1,
46,12,599,114,88,26,1,5,1,
46,14,609,398,23,10,1,5,1,
46,15,727,386,34,22,1,5,1,
46,16,576,230,53,14,1,5,1,
46,17,221,91,54,21,1,5,1,
46,18,658,118,235,61,1,5,1,
46,19,639,434,13,15,1,5,1,
46,21,799,420,18,18,1,5,1,
46,22,383,353,61,17,1,5,1,
46,24,697,252,51,22,1,5,1,
46,25,878,0,27,27,1,5,1,
46,26,616,151,24,11,1,5,1,
46,27,783,56,20,19,1,5,1,
46,28,72,166,148,38,1,5,1,
46,29,768,82,11,15,1,5,1,
46,30,862,290,17,11,1,5,1,
47,1,791,287,25,18,1,5,1,
47,2,865,258,90,29,1,5,1,
47,3,518,347,73,18,1,5,1,
47,4,703,404,12,13,1,5,1,
47,5,683,0,70,26,1,5,1,
47,7,549,290,66,18,1,5,1,
47,8,914,223,37,26,1,5,1,
47,9,844,186,18,16,1,5,1,
47,10,83,39,113,40,1,5,1,
47,11,636,306,44,15,1,5,1,
47,12,608,115,88,25,1,5,1,
47,14,607,397,22,9,1,5,1,
47,15,731,385,32,22,1,5,1,
47,16,583,230,53,14,1,5,1,
47,17,226,89,56,21,1,5,1,
47,18,681,118,233,61,1,5,1,
47,19,638,433,14,14,1,5,1,
47,21,799,418,18,19,1,5,1,
47,22,390,353,59,19,1,5,1,
47,24,702,252,49,22,1,5,1,
47,25,881,0,25,28,1,5,1,
47,26,620,151,23,12,1,5,1,
47,27,786,57,20,19,1,5,1,
47,28,85,165,151,39,1,5,1,
47,29,769,83,11,15,1,5,1,
47,30,861,290,17,11,1,5,1,
48,1,794,287,24,18,1,5,1,
48,2,871,258,89,29,1,5,1,
48,3,524,347,72,18,1,5,1,
48,4,703,402,13,14,1,5,1,
48,5,687,0,72,28,1,5,1,
48,7,555,290,65,18,1,5,1,
48,8,916,224,36,25,1,5,1,
48,9,843,186,18,17,1,5,1,
48,10,90,37,116,40,1,5,1,
48,11,641,306,43,14,1,5,1,
48,12,617,115,87,25,1,5,1,
48,14,604,396,23,9,1,5,1,
48,15,735,384,30,22,1,5,1,
48,16,590,230,53,14,1,5,1,
48,17,231,88,57,21,1,5,1,
48,18,703,118,233,62,1,5,1,
48,19,638,432,13,14,1,5,1,
48,21,799,417,19,18,1,5,1,
48,22,397,354,56,19,1,5,1,
48,24,706,252,49,22,1,5,1,
48,25,882,0,26,30,1,5,1,
48,26,623,152,22,12,1,5,1,
48,27,789,59,19,19,1,5,1,
48,28,98,165,154,39,1,5,1,
48,29,770,84,11,15,1,5,1,
48,30,859,290,17,11,1,5,1,
49,1,797,287,23,18,1,5,1,
49,2,881,258,79,29,1,5,1,
49,3,530,347,71,18,1,5,1,
49,4,704,401,13,13,1,5,1,
49,5,691,0,76,28,1,5,1,
49,7,561,290,64,18,1,5,1,
49,8,918,224,36,26,1,5,1,
49,9,842,187,18,16,1,5,1,
49,10,98,35,118,41,1,5,1,
49,11,646,306,42,14,1,5,1,
49,12,627,116,86,25,1,5,1,
49,14,602,395,23,9,1,5,1,
49,15,738,383,29,22,1,5,1,
49,16,597,230,52,14,1,5,1,
49,17,236,86,59,21,1,5,1,
49,18,726,118,231,62,1,5,1,
49,21,800,416,18,17,1,5,1,
49,22,404,355,52,20,1,5,1,
49,24,712,252,46,22,1,5,1,
49,25,883,0,27,31,1,5,1,
49,26,626,153,22,12,1,5,1,
49,27,791,61,19,18,1,5,1,
49,28,112,164,155,39,1,5,1,
49,29,771,85,11,15,1,5,1,
49,30,858,290,17,10,1,5,1,
50,1,800,287,22,17,1,5,1,
50,2,892,258,68,29,1,5,1,
50,3,535,347,72,18,1,5,1,
50,4,705,400,12,13,1,5,1,
50,5,695,0,79,30,1,5,1,
50,7,566,290,64,18,1,5,1,
50,8,919,225,36,25,1,5,1,
50,9,842,188,17,16,1,5,1,
50,10,105,33,121,41,1,5,1,
50,11,651,306,41,14,1,5,1,
50,12,635,116,86,25,1,5,1,
50,14,600,394,22,9,1,5,1,
50,15,742,382,27,21,1,5,1,
50,16,604,230,52,14,1,5,1,
50,17,241,84,61,22,1,5,1,
50,18,748,119,212,61,1,5,1,
50,21,800,414,18,18,1,5,1,
50,22,410,355,49,22,1,5,1,
50,24,716,252,45,22,1,5,1,
50,25,884,0,27,33,1,5,1,
50,26,629,154,21,11,1,5,1,
50,27,794,63,18,18,1,5,1,
50,28,126,164,158,39,1,5,1,
50,29,772,86,11,15,1,5,1,
50,30,856,289,17,11,1,5,1,
51,1,802,286,23,18,1,5,1,
51,2,904,258,56,29,1,5,1,
51,3,540,348,73,18,1,5,1,
51,4,705,399,13,13,1,5,1,
51,5,697,0,83,31,1,5,1,
51,7,572,290,62,17,1,5,1,
51,8,921,225,36,25,1,5,1,
51,9,841,188,18,16,1,5,1,
51,10,113,31,123,42,1,5,1,
51,11,656,306,40,14,1,5,1,
51,12,645,116,84,26,1,5,1,
51,14,597,393,23,9,1,5,1,
51,15,745,381,26,21,1,5,1,
51,16,611,230,51,14,1,5,1,
51,17,247,83,62,21,1,5,1,
51,18,771,119,189,61,1,5,1,
51,21,800,413,18,17,1,5,1,
51,22,414,356,50,22,1,5,1,
51,23,947,420,12,14,1,5,1,
51,24,720,252,44,22,1,5,1,
51,25,887,1,26,34,1,5,1,
51,26,632,154,20,12,1,5,1,
51,27,797,64,18,18,1,5,1,
51,28,140,163,160,40,1,5,1,
51,29,773,88,10,15,1,5,1,
51,30,855,289,17,11,1,5,1,
52,1,804,286,22,17,1,5,1,
52,2,916,260,44,27,1,5,1,
52,3,546,348,72,18,1,5,1,
52,4,706,397,12,13,1,5,1,
52,5,703,0,83,32,1,5,1,
52,7,578,289,61,18,1,5,1,
52,8,922,226,36,24,1,5,1,
52,9,840,189,18,16,1,5,1,
52,10,120,29,126,42,1,5,1,
52,11,660,305,39,14,1,5,1,
52,12,654,117,83,25,1,5,1,
52,15,748,380,24,21,1,5,1,
52,16,618,230,50,14,1,5,1,
52,17,252,81,64,22,1,5,1,
52,18,794,119,166,61,1,5,1,
52,21,800,412,18,17,1,5,1,
52,22,418,357,52,23,1,5,1,
52,23,945,416,14,17,1,5,1,
52,24,725,252,42,22,1,5,1,
52,25,889,3,25,33,1,5,1,
52,26,635,155,20,12,1,5,1,
52,27,799,66,18,18,1,5,1,
52,28,155,163,162,40,1,5,1,
52,29,774,89,10,15,1,5,1,
52,30,853,289,17,11,1,5,1,
53,1,805,286,22,17,1,5,1,
53,2,927,263,33,17,1,5,1,
53,3,551,348,73,18,1,5,1,
53,4,706,396,12,13,1,5,1,
53,5,707,0,85,34,1,5,1,
53,7,583,289,60,18,1,5,1,
53,8,924,226,35,24,1,5,1,
53,9,839,190,18,15,1,5,1,
53,10,128,27,129,43,1,5,1,
53,11,665,305,38,14,1,5,1,
53,12,662,117,83,25,1,5,1,
53,15,751,379,23,21,1,5,1,
53,16,625,231,49,13,1,5,1,
53,17,258,79,66,23,1,5,1,
53,18,815,119,145,61,1,5,1,
53,21,800,410,18,17,1,5,1,
53,22,422,359,55,22,1,5,1,
53,23,944,415,15,17,1,5,1,
53,24,729,253,41,21,1,5,1,
53,25,891,4,24,34,1,5,1,
53,26,638,156,19,12,1,5,1,
53,27,802,68,16,18,1,5,1,
53,28,169,163,165,40,1,5,1,
53,29,774,90,10,15,1,5,1,
53,30,852,289,17,10,1,5,1,
54,1,807,286,21,16,1,5,1,
54,3,557,348,72,18,1,5,1,
54,4,706,395,13,13,1,5,1,
54,5,714,0,84,35,1,5,1,
54,7,589,289,59,18,1,5,1,
54,8,925,227,34,24,1,5,1,
54,9,838,190,18,16,1,5,1,
54,10,136,25,132,43,1,5,1,
54,11,669,305,37,14,1,5,1,
54,12,671,118,81,25,1,5,1,
54,15,753,378,23,20,1,5,1,
54,16,632,231,49,13,1,5,1,
54,17,264,78,67,22,1,5,1,
54,18,830,121,130,60,1,5,1,
54,21,800,409,17,17,1,5,1,
54,22,426,360,58,22,1,5,1,
54,23,942,413,17,19,1,5,1,
54,24,733,253,40,21,1,5,1,
54,25,893,6,24,33,1,5,1,
54,26,641,157,18,12,1,5,1,
54,27,804,69,16,18,1,5,1,
54,28,185,162,166,41,1,5,1,
54,29,775,91,9,15,1,5,1,
54,30,850,289,17,10,1,5,1,
55,1,808,286,21,16,1,5,1,
55,3,562,348,72,18,1,5,1,
55,4,707,394,12,13,1,5,1,
55,5,721,0,83,37,1,5,1,
55,7,594,289,58,17,1,5,1,
55,8,926,227,33,24,1,5,1,
55,9,838,191,18,15,1,5,1,
55,10,145,23,135,44,1,5,1,
55,11,673,305,37,13,1,5,1,
55,12,679,119,81,24,1,5,1,
55,15,755,377,23,20,1,5,1,
55,16,638,231,49,14,1,5,1,
55,17,270,76,69,23,1,5,1,
55,18,843,124,117,52,1,5,1,
55,21,800,408,17,16,1,5,1,
55,22,431,361,60,23,1,5,1,
55,23,941,412,18,19,1,5,1,
55,24,737,253,38,21,1,5,1,
55,25,894,8,24,33,1,5,1,
55,26,643,158,18,11,1,5,1,
55,27,806,71,16,18,1,5,1,
55,28,200,162,168,41,1,5,1,
55,29,775,92,10,15,1,5,1,
55,30,849,289,17,10,1,5,1,
56,1,811,285,21,16,1,5,1,
56,3,568,348,71,18,1,5,1,
56,4,707,393,12,12,1,5,1,
56,5,728,1,82,37,1,5,1,
56,7,599,289,57,17,1,5,1,
56,8,928,227,31,24,1,5,1,
56,9,837,192,20,15,1,5,1,
56,10,153,22,138,43,1,5,1,
56,11,678,305,35,13,1,5,1,
56,12,688,119,79,25,1,5,1,
56,15,757,376,22,20,1,5,1,
56,16,645,231,48,14,1,5,1,
56,17,276,74,71,23,1,5,1,
56,18,859,126,101,40,1,5,1,
56,21,800,407,17,16,1,5,1,
56,22,436,362,62,23,1,5,1,
56,23,939,411,20,19,1,5,1,
56,24,741,253,37,21,1,5,1,
56,25,896,9,23,34,1,5,1,
56,26,646,159,17,11,1,5,1,
56,27,808,73,16,17,1,5,1,
56,28,216,162,170,41,1,5,1,
56,29,775,93,10,15,1,5,1,
56,30,847,289,17,10,1,5,1,
57,1,813,285,21,16,1,5,1,
57,3,574,348,71,18,1,5,1,
57,4,707,392,11,12,1,5,1,
57,5,735,3,80,37,1,5,1,
57,7,604,289,56,17,1,5,1,
57,8,929,228,30,23,1,5,1,
57,9,837,192,22,15,1,5,1,
57,10,162,20,141,44,1,5,1,
57,11,682,304,34,14,1,5,1,
57,12,697,120,77,25,1,5,1,
57,15,758,375,23,20,1,5,1,
57,16,652,231,47,14,1,5,1,
57,17,283,73,73,23,1,5,1,
57,21,800,405,17,16,1,5,1,
57,22,441,363,65,23,1,5,1,
57,23,938,409,21,22,1,5,1,
57,24,745,253,36,21,1,5,1,
57,25,897,11,23,33,1,5,1,
57,26,648,160,17,11,1,5,1,
57,27,811,74,14,18,1,5,1,
57,28,233,162,171,41,1,5,1,
57,29,775,95,10,14,1,5,1,
57,30,846,288,17,10,1,5,1,
58,1,815,285,21,16,1,5,1,
58,3,579,348,71,18,1,5,1,
58,4,707,391,11,12,1,5,1,
58,5,742,4,79,37,1,5,1,
58,7,609,289,55,17,1,5,1,
58,8,930,228,29,24,1,5,1,
58,9,835,193,23,15,1,5,1,
58,10,171,18,144,44,1,5,1,
58,11,686,304,33,14,1,5,1,
58,12,705,120,76,25,1,5,1,
58,15,760,374,22,20,1,5,1,
58,16,658,231,46,14,1,5,1,
58,17,289,71,75,23,1,5,1,
58,21,800,404,16,16,1,5,1,
58,22,446,365,68,23,1,5,1,
58,23,936,408,23,21,1,5,1,
58,24,748,253,35,21,1,5,1,
58,25,898,12,23,34,1,5,1,
58,26,650,160,16,12,1,5,1,
58,27,813,76,14,17,1,5,1,
58,28,249,162,172,42,1,5,1,
58,29,776,96,10,14,1,5,1,
58,30,844,288,17,10,1,5,1,
59,1,818,285,20,15,1,5,1,
59,3,585,347,70,18,1,5,1,
59,4,706,390,12,12,1,5,1,
59,5,749,6,77,36,1,5,1,
59,7,615,289,53,17,1,5,1,
59,8,931,229,28,23,1,5,1,
59,9,835,194,22,14,1,5,1,
59,10,181,16,146,45,1,5,1,
59,11,690,304,32,13,1,5,1,
59,12,713,121,75,25,1,5,1,
59,15,761,373,22,20,1,5,1,
59,16,664,231,46,14,1,5,1,
59,17,297,69,76,24,1,5,1,
59,21,799,403,17,16,1,5,1,
59,22,452,366,70,23,1,5,1,
59,23,935,406,24,22,1,5,1,
59,24,752,254,33,20,1,5,1,
59,25,899,15,24,32,1,5,1,
59,26,653,161,15,11,1,5,1,
59,27,815,77,13,18,1,5,1,
59,28,269,162,169,40,1,5,1,
59,29,777,97,10,13,1,5,1,
59,30,842,288,17,10,1,5,1,
60,1,819,285,21,15,1,5,1,
60,3,590,347,69,18,1,5,1,
60,4,706,389,12,11,1,5,1,
60,5,755,7,76,37,1,5,1,
60,7,619,288,53,17,1,5,1,
60,8,932,229,27,23,1,5,1,
60,9,834,194,21,15,1,5,1,
60,10,191,15,148,45,1,5,1,
60,11,693,304,31,13,1,5,1,
60,12,721,121,74,25,1,5,1,
60,15,762,372,22,19,1,5,1,
60,16,670,232,46,13,1,5,1,
60,17,304,68,77,24,1,5,1,
60,21,799,402,17,15,1,5,1,
60,22,457,367,76,24,1,5,1,
60,23,933,405,26,21,1,5,1,
60,24,755,254,33,20,1,5,1,
60,25,901,16,23,32,1,5,1,
60,26,655,162,14,11,1,5,1,
60,27,817,79,12,17,1,5,1,
60,28,287,161,168,40,1,5,1,
60,29,777,98,13,13,1,5,1,
60,30,841,288,17,10,1,5,1,
61,1,821,285,20,15,1,5,1,
61,3,596,347,68,18,1,5,1,
61,4,706,387,11,12,1,5,1,
61,5,762,9,74,36,1,5,1,
61,7,625,288,50,17,1,5,1,
61,8,933,230,26,22,1,5,1,
61,9,833,195,20,14,1,5,1,
61,10,202,14,149,45,1,5,1,
61,11,697,304,30,13,1,5,1,
61,12,729,122,73,25,1,5,1,
61,15,762,371,22,19,1,5,1,
61,16,676,232,45,13,1,5,1,
61,17,311,66,79,24,1,5,1,
61,21,799,401,16,15,1,5,1,
61,22,462,369,81,23,1,5,1,
61,23,932,404,27,21,1,5,1,
61,24,759,254,31,19,1,5,1,
61,25,903,18,23,31,1,5,1,
61,26,657,163,13,11,1,5,1,
61,27,818,81,12,17,1,5,1,
61,28,306,161,166,40,1,5,1,
61,29,778,99,13,13,1,5,1,
61,30,839,288,17,9,1,5,1,
62,1,823,285,20,15,1,5,1,
62,3,601,347,68,18,1,5,1,
62,4,705,386,12,12,1,5,1,
62,5,768,11,73,36,1,5,1,
62,7,629,287,50,18,1,5,1,
62,8,934,230,25,22,1,5,1,
62,9,833,196,19,14,1,5,1,
62,10,213,13,151,45,1,5,1,
62,11,700,303,29,13,1,5,1,
62,12,736,123,72,25,1,5,1,
62,15,762,369,22,20,1,5,1,
62,16,682,232,44,13,1,5,1,
62,17,319,65,80,24,1,5,1,
62,21,798,399,17,16,1,5,1,
62,22,469,370,84,22,1,5,1,
62,23,930,403,29,20,1,5,1,
62,24,762,254,30,19,1,5,1,
62,25,904,20,24,30,1,5,1,
62,26,659,164,13,11,1,5,1,
62,27,819,82,12,17,1,5,1,
62,28,323,161,166,40,1,5,1,
62,29,780,100,12,13,1,5,1,
62,30,837,288,17,9,1,5,1,
63,1,824,285,20,15,1,5,1,
63,3,607,347,66,18,1,5,1,
63,4,705,385,12,12,1,5,1,
63,5,774,12,72,36,1,5,1,
63,7,634,287,48,17,1,5,1,
63,8,935,231,24,21,1,5,1,
63,9,832,196,19,14,1,5,1,
63,10,224,11,153,46,1,5,1,
63,11,703,303,28,13,1,5,1,
63,12,744,123,71,25,1,5,1,
63,15,762,369,22,19,1,5,1,
63,16,688,232,44,13,1,5,1,
63,17,327,63,81,25,1,5,1,
63,21,798,398,16,15,1,5,1,
63,22,477,371,86,22,1,5,1,
63,23,929,401,30,21,1,5,1,
63,24,765,254,29,19,1,5,1,
63,25,906,21,23,31,1,5,1,
63,26,660,165,13,10,1,5,1,
63,27,820,84,12,17,1,5,1,
63,28,339,161,168,40,1,5,1,
63,29,782,101,11,13,1,5,1,
63,30,836,288,17,9,1,5,1,
64,1,826,284,20,15,1,5,1,
64,3,612,347,66,18,1,5,1,
64,4,704,384,13,12,1,5,1,
64,5,780,14,70,36,1,5,1,
64,7,638,287,47,17,1,5,1,
64,8,935,231,24,21,1,5,1,
64,9,831,197,20,13,1,5,1,
64,10,234,10,156,46,1,5,1,
64,11,707,303,27,12,1,5,1,
64,12,752,124,69,25,1,5,1,
64,15,763,368,22,18,1,5,1,
64,16,694,232,43,13,1,5,1,
64,17,335,61,83,25,1,5,1,
64,21,798,397,16,15,1,5,1,
64,22,486,372,87,22,1,5,1,
64,23,927,400,32,21,1,5,1,
64,24,768,254,28,19,1,5,1,
64,25,907,22,23,31,1,5,1,
64,26,662,165,12,11,1,5,1,
64,27,821,86,12,16,1,5,1,
64,28,356,161,168,40,1,5,1,
64,29,783,102,11,12,1,5,1,
64,30,834,287,17,10,1,5,1,
65,1,827,284,20,15,1,5,1,
65,3,617,347,65,18,1,5,1,
65,4,703,383,13,11,1,5,1,
65,5,786,15,69,36,1,5,1,
65,7,643,287,45,17,1,5,1,
65,8,936,231,23,21,1,5,1,
65,9,830,198,20,13,1,5,1,
65,10,244,8,160,47,1,5,1,
65,11,712,302,24,12,1,5,1,
65,12,759,125,68,25,1,5,1,
65,15,764,367,22,18,1,5,1,
65,16,700,232,42,13,1,5,1,
65,17,342,60,86,25,1,5,1,
65,21,797,396,16,15,1,5,1,
65,22,494,372,89,23,1,5,1,
65,23,925,399,34,20,1,5,1,
65,24,771,254,26,19,1,5,1,
65,25,908,24,23,30,1,5,1,
65,26,664,166,11,11,1,5,1,
65,27,822,87,12,17,1,5,1,
65,28,373,161,167,40,1,5,1,
65,29,785,102,10,13,1,5,1,
65,30,832,287,17,10,1,5,1,
66,1,829,284,19,15,1,5,1,
66,3,623,347,63,17,1,5,1,
66,4,703,382,13,11,1,5,1,
66,5,792,17,67,36,1,5,1,
66,7,648,287,44,17,1,5,1,
66,8,937,232,22,20,1,5,1,
66,9,829,198,20,13,1,5,1,
66,10,255,7,162,47,1,5,1,
66,11,716,301,23,13,1,5,1,
66,12,767,125,66,25,1,5,1,
66,15,765,366,22,18,1,5,1,
66,16,706,232,41,14,1,5,1,
66,17,351,58,87,25,1,5,1,
66,21,797,395,16,14,1,5,1,
66,22,503,373,90,22,1,5,1,
66,23,924,398,33,20,1,5,1,
66,24,774,255,25,18,1,5,1,
66,25,909,25,23,31,1,5,1,
66,26,665,167,10,11,1,5,1,
66,27,823,89,11,16,1,5,1,
66,28,391,162,164,40,1,5,1,
66,29,786,103,10,13,1,5,1,
66,30,831,287,16,9,1,5,1,
67,1,830,284,19,14,1,5,1,
67,3,628,346,63,18,1,5,1,
67,4,702,381,13,11,1,5,1,
67,5,798,18,66,36,1,5,1,
67,7,652,287,43,17,1,5,1,
67,8,938,233,21,19,1,5,1,
67,10,266,6,165,47,1,5,1,
67,11,719,301,23,12,1,5,1,
67,12,774,126,65,25,1,5,1,
67,15,766,365,22,18,1,5,1,
67,16,712,233,40,13,1,5,1,
67,17,359,57,89,25,1,5,1,
67,21,796,394,16,14,1,5,1,
67,22,512,373,91,23,1,5,1,
67,23,922,397,33,19,1,5,1,
67,24,777,255,24,18,1,5,1,
67,25,910,27,23,30,1,5,1,
67,26,666,168,9,11,1,5,1,
67,27,823,90,12,17,1,5,1,
67,28,409,162,161,40,1,5,1,
67,29,787,104,10,13,1,5,1,
67,30,829,287,17,9,1,5,1,
68,1,831,284,19,14,1,5,1,
68,3,633,346,62,17,1,5,1,
68,4,701,380,14,11,1,5,1,
68,5,804,20,64,36,1,5,1,
68,7,656,287,42,17,1,5,1,
68,8,938,234,21,18,1,5,1,
68,10,276,4,169,48,1,5,1,
68,11,723,301,23,12,1,5,1,
68,12,781,127,64,25,1,5,1,
68,15,767,364,21,18,1,5,1,
68,16,717,233,40,13,1,5,1,
68,17,367,55,91,26,1,5,1,
68,21,796,393,15,14,1,5,1,
68,22,521,374,92,23,1,5,1,
68,23,921,395,32,20,1,5,1,
68,24,779,255,24,18,1,5,1,
68,25,911,28,23,31,1,5,1,
68,26,667,170,8,10,1,5,1,
68,27,824,92,11,16,1,5,1,
68,28,427,163,158,39,1,5,1,
68,29,788,105,9,13,1,5,1,
68,30,827,287,17,9,1,5,1,
69,1,832,284,19,14,1,5,1,
69,3,639,346,60,17,1,5,1,
69,4,700,379,14,11,1,5,1,
69,5,809,22,63,35,1,5,1,
69,7,661,287,39,16,1,5,1,
69,8,939,234,20,19,1,5,1,
69,10,288,3,170,48,1,5,1,
69,11,726,301,23,12,1,5,1,
69,12,787,128,64,24,1,5,1,
69,15,767,363,22,18,1,5,1,
69,16,723,233,38,13,1,5,1,
69,17,376,54,93,26,1,5,1,
69,21,795,392,16,14,1,5,1,
69,22,530,375,93,22,1,5,1,
69,23,919,394,33,20,1,5,1,
69,24,782,255,23,19,1,5,1,
69,25,912,30,23,30,1,5,1,
69,26,667,171,8,10,1,5,1,
69,27,824,94,12,16,1,5,1,
69,28,445,164,154,39,1,5,1,
69,29,789,106,9,13,1,5,1,
69,30,826,287,16,9,1,5,1,
70,1,833,284,19,13,1,5,1,
70,3,644,345,59,17,1,5,1,
70,4,700,379,14,10,1,5,1,
70,5,814,23,62,36,1,5,1,
70,7,665,287,38,16,1,5,1,
70,8,940,235,19,18,1,5,1,
70,10,300,2,172,48,1,5,1,
70,11,730,301,23,12,1,5,1,
70,12,794,128,62,25,1,5,1,
70,15,768,362,21,18,1,5,1,
70,16,728,233,38,13,1,5,1,
70,17,385,52,94,26,1,5,1,
70,21,795,391,16,14,1,5,1,
70,22,540,375,93,23,1,5,1,
70,23,917,393,33,19,1,5,1,
70,24,785,255,22,19,1,5,1,
70,25,913,31,23,30,1,5,1,
70,26,667,172,8,10,1,5,1,
70,27,825,95,11,16,1,5,1,
70,28,463,165,150,38,1,5,1,
70,30,824,287,16,8,1,5,1,
71,1,834,283,19,14,1,5,1,
71,3,649,345,57,17,1,5,1,
71,4,699,378,14,10,1,5,1,
71,5,819,25,61,35,1,5,1,
71,7,669,287,37,16,1,5,1,
71,8,941,235,19,18,1,5,1,
71,10,312,1,174,48,1,5,1,
71,11,733,302,23,11,1,5,1,
71,12,801,129,61,24,1,5,1,
71,15,768,362,21,17,1,5,1,
71,16,733,233,38,13,1,5,1,
71,17,394,51,96,26,1,5,1,
71,21,794,390,16,13,1,5,1,
71,22,550,375,94,23,1,5,1,
71,23,916,392,32,19,1,5,1,
71,24,786,255,22,19,1,5,1,
71,25,914,33,22,30,1,5,1,
71,26,667,173,8,10,1,5,1,
71,27,825,97,11,15,1,5,1,
71,28,480,166,147,38,1,5,1,
71,30,822,286,17,9,1,5,1,
72,1,834,283,19,14,1,5,1,
72,3,655,344,53,17,1,5,1,
72,4,698,377,14,10,1,5,1,
72,5,824,27,60,34,1,5,1,
72,7,673,287,35,16,1,5,1,
72,8,939,235,20,18,1,5,1,
72,10,324,0,176,49,1,5,1,
72,11,737,301,21,12,1,5,1,
72,12,807,130,60,24,1,5,1,
72,15,768,361,21,17,1,5,1,
72,16,738,234,37,12,1,5,1,
72,17,403,49,98,27,1,5,1,
72,21,794,389,16,13,1,5,1,
72,22,559,376,95,23,1,5,1,
72,23,914,391,32,19,1,5,1,
72,24,788,256,22,18,1,5,1,
72,25,914,34,23,30,1,5,1,
72,26,667,174,8,9,1,5,1,
72,27,825,98,12,16,1,5,1,
72,28,496,167,145,38,1,5,1,
72,30,820,286,17,9,1,5,1,
73,1,835,283,19,14,1,5,1,
73,3,662,344,47,17,1,5,1,
73,4,696,376,16,10,1,5,1,
73,5,830,28,57,35,1,5,1,
73,7,677,287,33,16,1,5,1,
73,8,938,234,21,19,1,5,1,
73,10,337,0,178,48,1,5,1,
73,11,740,301,20,12,1,5,1,
73,12,814,131,58,24,1,5,1,
73,15,768,360,21,17,1,5,1,
73,16,744,234,35,12,1,5,1,
73,17,413,48,99,27,1,5,1,
73,21,793,388,16,13,1,5,1,
73,22,569,376,96,23,1,5,1,
73,23,913,390,31,18,1,5,1,
73,24,789,256,22,18,1,5,1,
73,25,915,36,23,29,1,5,1,
73,26,667,174,8,10,1,5,1,
73,27,826,100,11,15,1,5,1,
73,28,513,168,141,37,1,5,1,
73,30,818,286,17,9,1,5,1,
74,1,835,283,19,13,1,5,1,
74,3,667,344,45,17,1,5,1,
74,4,694,375,17,10,1,5,1,
74,5,835,30,55,34,1,5,1,
74,7,681,287,31,16,1,5,1,
74,8,936,235,23,18,1,5,1,
74,10,350,0,179,47,1,5,1,
74,11,743,301,19,12,1,5,1,
74,12,820,131,57,25,1,5,1,
74,15,768,359,21,17,1,5,1,
74,16,749,234,34,12,1,5,1,
74,17,422,46,101,27,1,5,1,
74,21,792,387,16,13,1,5,1,
74,22,579,377,96,23,1,5,1,
74,23,911,389,32,18,1,5,1,
74,24,791,256,21,18,1,5,1,
74,25,916,37,22,30,1,5,1,
74,26,667,175,7,10,1,5,1,
74,27,825,101,11,16,1,5,1,
74,28,529,169,138,37,1,5,1,
74,30,816,286,17,9,1,5,1,
75,1,835,283,19,13,1,5,1,
75,3,673,343,41,17,1,5,1,
75,4,692,374,17,10,1,5,1,
75,5,839,31,55,35,1,5,1,
75,7,685,287,29,15,1,5,1,
75,8,934,235,25,19,1,5,1,
75,10,363,0,180,47,1,5,1,
75,11,746,301,18,11,1,5,1,
75,12,826,132,56,24,1,5,1,
75,15,768,358,20,17,1,5,1,
75,16,753,234,34,12,1,5,1,
75,17,432,45,102,27,1,5,1,
75,21,791,386,17,13,1,5,1,
75,22,589,377,96,23,1,5,1,
75,23,909,388,32,18,1,5,1,
75,24,792,256,22,18,1,5,1,
75,25,915,38,22,30,1,5,1,
75,26,666,176,7,10,1,5,1,
75,27,824,103,10,15,1,5,1,
75,28,545,170,135,37,1,5,1,
75,30,814,286,17,8,1,5,1,
76,1,836,283,18,13,1,5,1,
76,3,679,343,37,17,1,5,1,
76,4,691,373,17,10,1,5,1,
76,5,844,33,53,34,1,5,1,
76,7,688,287,28,15,1,5,1,
76,8,934,236,25,19,1,5,1,
76,10,376,0,182,46,1,5,1,
76,11,748,301,18,11,1,5,1,
76,12,832,133,54,24,1,5,1,
76,15,768,357,20,17,1,5,1,
76,16,758,234,32,13,1,5,1,
76,17,442,44,104,27,1,5,1,
76,21,791,385,16,13,1,5,1,
76,22,599,377,97,23,1,5,1,
76,23,908,387,31,17,1,5,1,
76,24,793,256,22,18,1,5,1,
76,25,913,39,22,31,1,5,1,
76,26,664,177,9,9,1,5,1,
76,27,823,104,11,16,1,5,1,
76,28,561,171,132,37,1,5,1,
76,30,812,286,17,8,1,5,1,
77,1,836,283,18,13,1,5,1,
77,3,684,342,34,17,1,5,1,
77,4,689,372,18,10,1,5,1,
77,5,848,35,52,34,1,5,1,
77,7,692,287,26,15,1,5,1,
77,8,934,236,25,19,1,5,1,
77,10,389,0,183,46,1,5,1,
77,11,751,300,16,12,1,5,1,
77,12,838,134,53,24,1,5,1,
77,15,768,357,20,16,1,5,1,
77,16,763,235,31,12,1,5,1,
77,17,453,42,104,28,1,5,1,
77,21,790,384,16,13,1,5,1,
77,22,610,378,96,23,1,5,1,
77,23,906,386,31,17,1,5,1,
77,24,794,256,22,18,1,5,1,
77,25,911,41,25,31,1,5,1,
77,26,662,178,12,9,1,5,1,
77,27,820,106,14,16,1,5,1,
77,28,576,172,130,36,1,5,1,
77,30,811,286,17,8,1,5,1,
78,1,836,283,18,12,1,5,1,
78,3,690,342,30,17,1,5,1,
78,4,687,372,19,9,1,5,1,
78,5,853,36,50,34,1,5,1,
78,7,695,287,24,15,1,5,1,
78,8,934,236,25,19,1,5,1,
78,10,403,0,184,45,1,5,1,
78,11,753,300,16,11,1,5,1,
78,12,844,135,51,23,1,5,1,
78,15,767,356,20,16,1,5,1,
78,16,767,235,31,12,1,5,1,
78,17,463,41,106,28,1,5,1,
78,21,789,383,17,13,1,5,1,
78,22,620,378,97,23,1,5,1,
78,23,904,385,31,17,1,5,1,
78,24,796,256,21,18,1,5,1,
78,25,909,42,29,32,1,5,1,
78,26,659,178,14,10,1,5,1,
78,27,816,108,17,16,1,5,1,
78,28,591,173,127,36,1,5,1,
78,30,809,286,17,8,1,5,1,
79,1,836,282,17,13,1,5,1,
79,3,697,342,24,16,1,5,1,
79,4,685,371,19,9,1,5,1,
79,5,858,38,48,34,1,5,1,
79,7,699,287,22,15,1,5,1,
79,8,934,237,25,18,1,5,1,
79,10,418,0,183,45,1,5,1,
79,11,756,300,15,11,1,5,1,
79,12,849,135,52,24,1,5,1,
79,15,767,355,19,16,1,5,1,
79,16,772,235,29,12,1,5,1,
79,17,475,40,106,28,1,5,1,
79,21,788,382,17,13,1,5,1,
79,22,631,378,96,23,1,5,1,
79,23,903,384,30,17,1,5,1,
79,24,797,257,21,17,1,5,1,
79,25,904,43,35,33,1,5,1,
79,26,655,179,17,9,1,5,1,
79,27,814,110,17,15,1,5,1,
79,28,608,174,122,36,1,5,1,
79,30,807,285,17,9,1,5,1,
80,1,836,282,17,13,1,5,1,
80,3,701,342,21,16,1,5,1,
80,4,684,370,19,9,1,5,1,
80,5,861,40,48,33,1,5,1,
80,7,701,287,21,15,1,5,1,
80,8,933,237,26,18,1,5,1,
80,10,431,0,185,45,1,5,1,
80,11,758,300,14,11,1,5,1,
80,12,855,136,51,23,1,5,1,
80,15,766,354,20,16,1,5,1,
80,16,776,235,28,12,1,5,1,
80,17,485,38,107,28,1,5,1,
80,21,787,381,17,13,1,5,1,
80,22,641,379,97,23,1,5,1,
80,23,901,383,31,17,1,5,1,
80,24,798,257,21,17,1,5,1,
80,25,898,45,42,33,1,5,1,
80,26,652,180,19,9,1,5,1,
80,27,811,111,18,16,1,5,1,
80,28,621,175,121,35,1,5,1,
80,30,805,285,17,9,1,5,1,
81,1,835,282,18,13,1,5,1,
81,3,704,341,20,16,1,5,1,
81,4,682,369,19,10,1,5,1,
81,5,865,41,47,34,1,5,1,
81,7,704,287,20,14,1,5,1,
81,8,933,237,26,18,1,5,1,
81,10,444,0,186,44,1,5,1,
81,11,760,300,14,11,1,5,1,
81,12,860,137,50,23,1,5,1,
81,15,766,353,19,16,1,5,1,
81,16,780,235,28,12,1,5,1,
81,17,495,37,110,28,1,5,1,
81,21,786,380,17,13,1,5,1,
81,22,651,379,97,23,1,5,1,
81,23,899,382,31,17,1,5,1,
81,24,799,257,20,17,1,5,1,
81,25,899,48,35,32,1,5,1,
81,26,648,181,22,9,1,5,1,
81,27,809,113,17,15,1,5,1,
81,28,635,176,118,35,1,5,1,
81,30,803,285,17,8,1,5,1,
82,1,835,282,17,12,1,5,1,
82,3,706,341,19,16,1,5,1,
82,4,680,368,20,10,1,5,1,
82,5,869,43,45,33,1,5,1,
82,7,706,286,19,15,1,5,1,
82,8,933,238,26,17,1,5,1,
82,10,459,0,186,44,1,5,1,
82,11,761,299,14,11,1,5,1,
82,12,866,138,48,23,1,5,1,
82,15,767,353,19,16,1,5,1,
82,16,784,236,27,11,1,5,1,
82,17,507,36,110,28,1,5,1,
82,21,786,379,16,13,1,5,1,
82,22,662,379,97,23,1,5,1,
82,23,898,381,30,17,1,5,1,
82,24,799,257,21,17,1,5,1,
82,25,900,50,27,31,1,5,1,
82,26,644,181,23,9,1,5,1,
82,27,806,115,18,15,1,5,1,
82,28,650,177,114,35,1,5,1,
82,30,801,285,17,8,1,5,1,
83,1,835,282,17,12,1,5,1,
83,3,708,340,18,16,1,5,1,
83,4,678,368,20,9,1,5,1,
83,5,873,44,44,34,1,5,1,
83,7,708,286,18,15,1,5,1,
83,8,932,238,27,18,1,5,1,
83,10,473,0,186,44,1,5,1,
83,11,762,299,15,10,1,5,1,
83,12,871,139,48,23,1,5,1,
83,15,768,352,19,16,1,5,1,
83,16,788,236,26,11,1,5,1,
83,17,518,35,111,28,1,5,1,
83,21,785,379,16,12,1,5,1,
83,22,672,379,97,23,1,5,1,
83,23,896,380,30,16,1,5,1,
83,24,800,257,21,17,1,5,1,
83,25,895,51,32,32,1,5,1,
83,26,641,182,23,9,1,5,1,
83,27,804,116,17,15,1,5,1,
83,28,663,178,112,34,1,5,1,
83,30,799,285,17,8,1,5,1,
84,1,835,282,17,12,1,5,1,
84,3,708,340,23,15,1,5,1,
84,4,677,367,19,9,1,5,1,
84,5,877,46,42,33,1,5,1,
84,7,710,286,18,15,1,5,1,
84,8,932,238,27,18,1,5,1,
84,10,487,0,186,44,1,5,1,
84,11,763,299,16,10,1,5,1,
84,12,876,139,47,23,1,5,1,
84,15,769,352,18,15,1,5,1,
84,16,791,236,26,12,1,5,1,
84,17,529,33,113,29,1,5,1,
84,20,-79970,-30634,0,0,1,5,1,
84,21,784,378,16,12,1,5,1,
84,22,683,380,97,23,1,5,1,
84,23,894,379,30,16,1,5,1,
84,24,801,257,21,17,1,5,1,
84,25,890,53,39,31,1,5,1,
84,26,638,183,23,9,1,5,1,
84,27,801,118,18,14,1,5,1,
84,28,676,179,110,34,1,5,1,
84,30,797,285,17,8,1,5,1,
85,1,836,282,16,12,1,5,1,
85,3,709,339,24,16,1,5,1,
85,4,676,367,18,8,1,5,1,
85,5,880,48,42,32,1,5,1,
85,7,711,286,19,15,1,5,1,
85,8,932,238,27,18,1,5,1,
85,10,502,0,185,44,1,5,1,
85,11,765,298,16,11,1,5,1,
85,12,881,140,45,23,1,5,1,
85,15,771,351,17,15,1,5,1,
85,16,795,236,25,12,1,5,1,
85,17,541,32,113,29,1,5,1,
85,21,783,377,16,12,1,5,1,
85,22,694,380,96,23,1,5,1,
85,23,893,378,29,16,1,5,1,
85,24,802,257,21,17,1,5,1,
85,25,891,55,32,31,1,5,1,
85,26,634,184,24,8,1,5,1,
85,27,799,120,17,14,1,5,1,
85,28,690,179,106,35,1,5,1,
85,30,795,285,17,8,1,5,1,
86,1,835,282,17,11,1,5,1,
86,3,711,339,24,15,1,5,1,
86,4,675,366,18,9,1,5,1,
86,5,884,49,40,33,1,5,1,
86,7,713,286,18,14,1,5,1,
86,8,932,239,26,17,1,5,1,
86,10,516,0,185,44,1,5,1,
86,11,767,298,16,11,1,5,1,
86,12,886,141,44,23,1,5,1,
86,15,770,351,22,14,1,5,1,
86,16,798,236,25,12,1,5,1,
86,17,552,31,115,29,1,5,1,
86,21,782,376,16,12,1,5,1,
86,22,704,380,96,23,1,5,1,
86,23,891,377,29,16,1,5,1,
86,24,803,257,20,17,1,5,1,
86,25,885,57,38,30,1,5,1,
86,26,631,184,23,9,1,5,1,
86,27,796,121,18,14,1,5,1,
86,28,702,180,104,34,1,5,1,
86,30,793,285,17,8,1,5,1,
87,1,835,281,16,12,1,5,1,
87,3,713,338,23,15,1,5,1,
87,4,674,366,17,8,1,5,1,
87,5,887,51,39,32,1,5,1,
87,7,715,286,18,14,1,5,1,
87,8,931,239,27,17,1,5,1,
87,10,530,0,185,44,1,5,1,
87,11,769,298,16,11,1,5,1,
87,12,891,142,43,22,1,5,1,
87,15,768,350,29,15,1,5,1,
87,16,802,237,24,11,1,5,1,
87,17,564,30,115,29,1,5,1,
87,21,782,375,15,12,1,5,1,
87,22,714,380,97,23,1,5,1,
87,23,889,376,29,16,1,5,1,
87,24,804,258,20,16,1,5,1,
87,25,880,58,43,31,1,5,1,
87,26,627,185,24,8,1,5,1,
87,27,793,123,18,13,1,5,1,
87,28,715,181,101,34,1,5,1,
87,30,792,285,17,7,1,5,1,
88,1,835,281,16,12,1,5,1,
88,3,715,338,23,15,1,5,1,
88,5,890,53,38,32,1,5,1,
88,7,716,286,18,14,1,5,1,
88,8,931,239,26,17,1,5,1,
88,10,545,0,183,44,1,5,1,
88,11,771,298,16,10,1,5,1,
88,12,895,143,43,22,1,5,1,
88,15,767,350,35,14,1,5,1,
88,16,805,237,24,11,1,5,1,
88,17,576,29,116,30,1,5,1,
88,21,781,375,15,11,1,5,1,
88,22,725,380,96,23,1,5,1,
88,23,888,375,29,16,1,5,1,
88,24,805,258,20,16,1,5,1,
88,25,880,60,38,30,1,5,1,
88,26,624,186,24,8,1,5,1,
88,27,791,124,18,13,1,5,1,
88,28,727,182,99,34,1,5,1,
89,1,834,281,16,12,1,5,1,
89,3,717,337,23,15,1,5,1,
89,5,893,54,37,32,1,5,1,
89,7,718,286,18,14,1,5,1,
89,8,930,240,26,16,1,5,1,
89,10,558,0,184,45,1,5,1,
89,11,773,298,16,10,1,5,1,
89,12,900,143,41,23,1,5,1,
89,15,766,350,42,14,1,5,1,
89,16,808,237,24,11,1,5,1,
89,17,587,28,118,30,1,5,1,
89,21,780,374,15,11,1,5,1,
89,22,735,380,96,23,1,5,1,
89,23,886,375,29,15,1,5,1,
89,24,806,258,20,15,1,5,1,
89,25,881,63,30,28,1,5,1,
89,26,620,186,25,8,1,5,1,
89,27,788,125,18,14,1,5,1,
89,28,739,183,96,33,1,5,1,
90,1,834,281,16,12,1,5,1,
90,3,719,337,23,15,1,5,1,
90,5,896,56,36,32,1,5,1,
90,7,719,285,18,14,1,5,1,
90,8,930,240,26,16,1,5,1,
90,10,573,0,182,45,1,5,1,
90,11,775,298,16,10,1,5,1,
90,12,904,144,41,22,1,5,1,
90,15,766,349,48,14,1,5,1,
90,16,812,237,22,11,1,5,1,
90,17,599,27,119,30,1,5,1,
90,21,779,373,15,11,1,5,1,
90,22,746,380,95,23,1,5,1,
90,23,884,374,29,15,1,5,1,
90,24,807,258,19,15,1,5,1,
90,25,876,64,35,29,1,5,1,
90,26,617,187,25,8,1,5,1,
90,27,786,127,18,13,1,5,1,
90,28,750,184,94,33,1,5,1,
91,1,833,281,16,11,1,5,1,
91,3,721,337,23,14,1,5,1,
91,5,899,58,35,31,1,5,1,
91,7,721,285,18,14,1,5,1,
91,8,929,240,26,17,1,5,1,
91,10,587,0,181,45,1,5,1,
91,11,776,298,17,10,1,5,1,
91,12,908,145,40,22,1,5,1,
91,15,771,349,44,14,1,5,1,
91,16,815,238,22,11,1,5,1,
91,17,611,26,120,30,1,5,1,
91,21,778,372,16,11,1,5,1,
91,22,756,380,95,23,1,5,1,
91,23,883,373,28,15,1,5,1,
91,24,807,258,20,15,1,5,1,
91,25,871,65,40,30,1,5,1,
91,26,613,188,25,7,1,5,1,
91,27,783,128,18,13,1,5,1,
91,28,762,185,90,33,1,5,1,
92,1,833,281,15,11,1,5,1,
92,3,723,336,22,15,1,5,1,
92,5,902,59,34,31,1,5,1,
92,7,723,285,17,14,1,5,1,
92,8,929,241,25,16,1,5,1,
92,10,602,0,179,46,1,5,1,
92,11,779,297,16,11,1,5,1,
92,12,913,146,38,22,1,5,1,
92,15,776,349,39,14,1,5,1,
92,16,818,238,21,11,1,5,1,
92,17,623,25,121,30,1,5,1,
92,21,777,371,16,12,1,5,1,
92,22,767,380,94,23,1,5,1,
92,23,882,372,27,15,1,5,1,
92,24,808,258,20,15,1,5,1,
92,25,871,67,36,29,1,5,1,
92,26,610,188,25,8,1,5,1,
92,27,780,130,19,12,1,5,1,
92,28,773,186,88,32,1,5,1,
93,1,832,281,16,11,1,5,1,
93,3,726,336,20,14,1,5,1,
93,5,905,61,33,31,1,5,1,
93,7,725,285,15,14,1,5,1,
93,8,928,241,25,16,1,5,1,
93,10,616,0,177,46,1,5,1,
93,11,781,297,16,10,1,5,1,
93,12,917,147,37,21,1,5,1,
93,15,779,349,38,14,1,5,1,
93,16,821,238,21,11,1,5,1,
93,17,636,24,121,31,1,5,1,
93,21,777,371,15,11,1,5,1,
93,22,777,380,93,23,1,5,1,
93,23,880,372,27,14,1,5,1,
93,24,809,258,19,15,1,5,1,
93,25,866,69,39,28,1,5,1,
93,26,606,189,26,7,1,5,1,
93,27,778,131,18,12,1,5,1,
93,28,784,187,85,32,1,5,1,
94,1,831,281,16,11,1,5,1,
94,3,728,335,19,15,1,5,1,
94,5,908,62,32,31,1,5,1,
94,7,727,285,14,13,1,5,1,
94,8,927,241,25,16,1,5,1,
94,10,631,0,175,47,1,5,1,
94,11,783,297,15,10,1,5,1,
94,12,921,148,36,21,1,5,1,
94,15,783,349,37,13,1,5,1,
94,16,824,238,20,11,1,5,1,
94,17,648,23,122,31,1,5,1,
94,21,776,370,15,11,1,5,1,
94,22,788,380,92,23,1,5,1,
94,23,879,371,27,15,1,5,1,
94,24,809,258,19,15,1,5,1,
94,25,866,71,34,27,1,5,1,
94,26,603,190,25,7,1,5,1,
94,27,775,132,19,13,1,5,1,
94,28,795,188,82,32,1,5,1,
95,1,830,281,16,11,1,5,1,
95,3,730,335,18,14,1,5,1,
95,5,910,64,32,30,1,5,1,
95,7,728,285,14,13,1,5,1,
95,8,927,241,25,16,1,5,1,
95,10,645,0,173,48,1,5,1,
95,11,785,297,15,10,1,5,1,
95,12,925,148,34,22,1,5,1,
95,15,786,348,36,14,1,5,1,
95,16,827,238,19,11,1,5,1,
95,17,661,22,122,31,1,5,1,
95,21,775,369,15,11,1,5,1,
95,22,798,380,91,23,1,5,1,
95,23,877,370,27,15,1,5,1,
95,24,810,258,19,15,1,5,1,
95,25,861,72,38,28,1,5,1,
95,26,599,190,26,7,1,5,1,
95,27,772,134,19,12,1,5,1,
95,28,805,189,79,31,1,5,1,
96,1,830,281,15,10,1,5,1,
96,3,732,334,17,15,1,5,1,
96,5,913,65,31,31,1,5,1,
96,7,729,285,14,13,1,5,1,
96,8,926,242,25,15,1,5,1,
96,10,660,0,170,48,1,5,1,
96,11,787,297,15,10,1,5,1,
96,12,929,149,30,21,1,5,1,
96,15,789,348,35,14,1,5,1,
96,16,829,239,19,10,1,5,1,
96,17,674,23,121,31,1,5,1,
96,21,774,369,16,10,1,5,1,
96,22,809,380,90,23,1,5,1,
96,23,876,369,27,15,1,5,1,
96,24,810,258,19,15,1,5,1,
96,25,856,73,43,28,1,5,1,
96,27,769,135,19,12,1,5,1,
96,28,816,190,75,31,1,5,1,
97,1,829,281,15,10,1,5,1,
97,3,734,334,17,14,1,5,1,
97,5,915,67,30,30,1,5,1,
97,7,730,284,13,14,1,5,1,
97,8,926,242,24,16,1,5,1,
97,10,676,0,165,50,1,5,1,
97,11,789,297,14,9,1,5,1,
97,12,933,150,27,21,1,5,1,
97,15,793,348,33,13,1,5,1,
97,16,832,239,18,10,1,5,1,
97,17,688,25,118,31,1,5,1,
97,22,820,380,88,23,1,5,1,
97,23,874,368,27,15,1,5,1,
97,24,811,259,19,14,1,5,1,
97,25,855,76,39,26,1,5,1,
97,27,767,136,18,12,1,5,1,
97,28,827,191,70,30,1,5,1,
98,1,828,281,16,10,1,5,1,
98,3,736,333,16,14,1,5,1,
98,5,917,68,30,30,1,5,1,
98,7,730,284,14,13,1,5,1,
98,8,925,242,24,16,1,5,1,
98,10,688,0,163,51,1,5,1,
98,11,791,296,13,10,1,5,1,
98,12,936,151,24,21,1,5,1,
98,15,795,348,33,13,1,5,1,
98,16,835,239,17,11,1,5,1,
98,17,698,25,120,30,1,5,1,
98,22,829,379,88,23,1,5,1,
98,23,873,368,26,14,1,5,1,
98,24,811,259,19,14,1,5,1,
98,25,856,77,32,26,1,5,1,
98,27,764,137,19,12,1,5,1,
98,28,835,191,69,31,1,5,1,
99,1,826,280,17,11,1,5,1,
99,3,736,333,17,14,1,5,1,
99,5,919,70,29,30,1,5,1,
99,7,731,284,14,13,1,5,1,
99,8,925,242,23,16,1,5,1,
99,10,701,0,161,52,1,5,1,
99,11,792,296,12,9,1,5,1,
99,12,939,152,21,20,1,5,1,
99,15,798,347,32,14,1,5,1,
99,16,837,239,17,11,1,5,1,
99,17,709,24,122,31,1,5,1,
99,22,838,379,88,23,1,5,1,
99,23,872,367,25,14,1,5,1,
99,24,812,259,18,14,1,5,1,
99,25,851,79,36,26,1,5,1,
99,27,761,139,20,11,1,5,1,
99,28,843,192,67,30,1,5,1,
100,1,825,280,17,11,1,5,1,
100,3,737,332,17,14,1,5,1,
100,5,922,72,28,29,1,5,1,
100,7,731,284,14,13,1,5,1,
100,8,924,243,23,15,1,5,1,
100,10,715,0,158,53,1,5,1,
100,11,793,295,13,10,1,5,1,
100,12,943,153,17,20,1,5,1,
100,15,801,347,31,13,1,5,1,
100,16,839,240,17,10,1,5,1,
100,17,722,24,121,31,1,5,1,
100,22,849,379,86,23,1,5,1,
100,23,871,367,24,13,1,5,1,
100,24,812,259,19,14,1,5,1,
100,25,846,80,41,26,1,5,1,
100,27,758,140,20,11,1,5,1,
100,28,852,193,64,30,1,5,1,
101,1,824,280,17,11,1,5,1,
101,3,738,332,17,14,1,5,1,
101,5,923,73,28,29,1,5,1,
101,7,732,284,14,13,1,5,1,
101,8,923,243,24,15,1,5,1,
101,10,728,0,155,54,1,5,1,
101,11,794,295,13,10,1,5,1,
101,12,946,153,14,21,1,5,1,
101,15,803,346,31,14,1,5,1,
101,16,841,240,16,10,1,5,1,
101,17,735,23,121,31,1,5,1,
101,22,858,379,85,23,1,5,1,
101,23,870,366,23,14,1,5,1,
101,24,812,259,19,14,1,5,1,
101,25,846,82,37,25,1,5,1,
101,27,756,141,19,11,1,5,1,
101,28,860,194,62,30,1,5,1,
102,1,823,280,17,10,1,5,1,
102,3,739,331,17,14,1,5,1,
102,5,925,75,27,29,1,5,1,
102,7,733,284,13,12,1,5,1,
102,8,923,243,23,15,1,5,1,
102,10,741,0,152,55,1,5,1,
102,11,795,295,14,10,1,5,1,
102,12,949,154,11,17,1,5,1,
102,15,806,346,30,13,1,5,1,
102,16,844,240,15,10,1,5,1,
102,17,747,23,122,31,1,5,1,
102,22,868,379,84,22,1,5,1,
102,23,869,365,21,14,1,5,1,
102,24,813,259,18,14,1,5,1,
102,27,753,142,20,11,1,5,1,
102,28,868,195,60,29,1,5,1,
103,1,821,280,18,10,1,5,1,
103,3,740,331,17,14,1,5,1,
103,5,927,76,27,29,1,5,1,
103,7,733,283,14,13,1,5,1,
103,8,922,243,23,15,1,5,1,
103,10,753,1,150,56,1,5,1,
103,11,796,295,15,10,1,5,1,
103,15,809,346,29,13,1,5,1,
103,16,846,240,15,10,1,5,1,
103,17,759,23,122,31,1,5,1,
103,22,877,378,82,23,1,5,1,
103,23,868,364,20,14,1,5,1,
103,24,813,259,18,14,1,5,1,
103,27,750,143,20,11,1,5,1,
103,28,876,196,57,29,1,5,1,
104,1,820,280,18,10,1,5,1,
104,3,741,331,16,13,1,5,1,
104,5,929,78,26,28,1,5,1,
104,7,733,283,14,13,1,5,1,
104,8,921,244,23,14,1,5,1,
104,10,764,3,149,55,1,5,1,
104,11,797,295,16,9,1,5,1,
104,15,811,345,29,14,1,5,1,
104,16,847,240,15,10,1,5,1,
104,17,770,22,124,32,1,5,1,
104,22,885,378,75,23,1,5,1,
104,23,867,364,20,13,1,5,1,
104,24,813,259,18,14,1,5,1,
104,27,747,144,21,11,1,5,1,
104,28,882,197,56,29,1,5,1,
105,1,819,280,17,10,1,5,1,
105,3,742,330,16,14,1,5,1,
105,5,930,79,26,28,1,5,1,
105,7,734,283,13,13,1,5,1,
105,8,921,244,22,15,1,5,1,
105,10,777,4,146,55,1,5,1,
105,11,799,295,15,9,1,5,1,
105,15,813,345,29,13,1,5,1,
105,16,849,241,15,10,1,5,1,
105,17,783,22,124,31,1,5,1,
105,20,567769,140947,-566809,-140403,1,5,1,
105,22,895,378,65,22,1,5,1,
105,23,866,363,20,14,1,5,1,
105,24,814,259,18,14,1,5,1,
105,27,745,145,20,11,1,5,1,
105,28,890,198,53,28,1,5,1,
106,1,817,280,18,10,1,5,1,
106,3,743,330,16,13,1,5,1,
106,5,932,81,25,28,1,5,1,
106,7,734,283,14,13,1,5,1,
106,8,920,244,22,15,1,5,1,
106,10,790,5,142,55,1,5,1,
106,11,801,295,15,9,1,5,1,
106,15,816,345,27,13,1,5,1,
106,16,851,241,15,10,1,5,1,
106,17,796,21,123,32,1,5,1,
106,20,211473,51727,-210513,-51183,1,5,1,
106,22,904,377,56,20,1,5,1,
106,23,866,363,20,13,1,5,1,
106,24,814,259,18,14,1,5,1,
106,26,567,191,23,6,1,5,1,
106,27,742,146,20,11,1,5,1,
106,28,897,199,50,28,1,5,1,
107,1,816,280,18,10,1,5,1,
107,3,743,329,16,14,1,5,1,
107,5,933,82,25,28,1,5,1,
107,7,734,283,14,12,1,5,1,
107,8,919,244,22,15,1,5,1,
107,10,804,6,138,55,1,5,1,
107,11,803,295,14,9,1,5,1,
107,14,472,392,12,10,1,5,1,
107,15,819,344,26,13,1,5,1,
107,16,853,241,14,10,1,5,1,
107,17,810,21,122,32,1,5,1,
107,20,127944,30850,-126984,-30306,1,5,1,
107,22,915,378,45,19,1,5,1,
107,23,865,362,20,13,1,5,1,
107,24,814,260,18,13,1,5,1,
107,26,565,190,21,7,1,5,1,
107,27,739,148,20,10,1,5,1,
107,28,905,200,47,28,1,5,1,
108,1,815,280,17,9,1,5,1,
108,3,744,329,16,13,1,5,1,
108,5,934,84,24,27,1,5,1,
108,7,736,283,13,13,1,5,1,
108,8,918,245,22,14,1,5,1,
108,10,818,7,133,55,1,5,1,
108,11,805,294,13,10,1,5,1,
108,14,473,393,13,10,1,5,1,
108,15,821,344,25,13,1,5,1,
108,16,855,241,14,10,1,5,1,
108,17,824,20,121,32,1,5,1,
108,20,90795,21591,-89835,-21047,1,5,1,
108,22,925,381,35,16,1,5,1,
108,24,814,260,18,13,1,5,1,
108,26,565,190,18,7,1,5,1,
108,27,736,149,20,10,1,5,1,
108,28,913,201,43,27,1,5,1,
109,1,813,280,18,9,1,5,1,
109,3,744,329,16,13,1,5,1,
109,5,935,85,24,27,1,5,1,
109,7,738,284,13,12,1,5,1,
109,8,917,245,22,14,1,5,1,
109,10,829,8,130,56,1,5,1,
109,11,806,294,12,9,1,5,1,
109,14,473,394,15,10,1,5,1,
109,15,824,344,23,12,1,5,1,
109,16,856,242,15,9,1,5,1,
109,17,836,20,122,32,1,5,1,
109,20,69861,16392,-68901,-15848,1,5,1,
109,22,936,383,24,11,1,5,1,
109,24,815,260,17,13,1,5,1,
109,26,564,190,16,6,1,5,1,
109,27,733,150,20,9,1,5,1,
109,28,919,202,40,27,1,5,1,
110,1,812,280,17,9,1,5,1,
110,3,745,328,15,13,1,5,1,
110,5,936,87,23,27,1,5,1,
110,7,739,285,14,12,1,5,1,
110,8,917,245,21,14,1,5,1,
110,10,840,10,119,55,1,5,1,
110,11,806,294,12,9,1,5,1,
110,14,474,395,16,10,1,5,1,
110,15,826,343,23,13,1,5,1,
110,16,857,242,16,10,1,5,1,
110,17,849,20,111,32,1,5,1,
110,20,56469,13079,-55509,-12535,1,5,1,
110,24,815,260,17,13,1,5,1,
110,26,564,189,13,7,1,5,1,
110,27,730,151,21,9,1,5,1,
110,28,925,203,35,26,1,5,1,
111,1,810,280,18,9,1,5,1,
111,3,745,328,16,13,1,5,1,
111,5,937,88,22,27,1,5,1,
111,7,740,285,13,12,1,5,1,
111,8,916,245,21,14,1,5,1,
111,10,853,11,107,57,1,5,1,
111,11,807,294,12,9,1,5,1,
111,14,475,396,17,10,1,5,1,
111,15,828,343,22,13,1,5,1,
111,16,858,242,17,10,1,5,1,
111,17,861,19,99,32,1,5,1,
111,20,47194,10794,-46234,-10250,1,5,1,
111,24,815,260,17,13,1,5,1,
111,26,564,189,11,7,1,5,1,
111,27,728,152,20,9,1,5,1,
111,28,932,204,28,26,1,5,1,
112,1,809,279,17,10,1,5,1,
112,3,745,327,16,13,1,5,1,
112,5,938,90,21,26,1,5,1,
112,7,740,285,14,12,1,5,1,
112,8,915,245,21,14,1,5,1,
112,10,863,13,97,59,1,5,1,
112,11,807,294,12,9,1,5,1,
112,14,476,397,18,10,1,5,1,
112,15,830,342,21,13,1,5,1,
112,16,860,242,17,10,1,5,1,
112,17,873,19,87,32,1,5,1,
112,20,40406,9130,-39446,-8586,1,5,1,
112,24,815,260,17,13,1,5,1,
112,26,565,188,8,7,1,5,1,
112,28,936,205,24,25,1,5,1,
113,1,808,279,17,10,1,5,1,
113,3,746,327,15,13,1,5,1,
113,5,939,91,20,26,1,5,1,
113,7,740,285,14,11,1,5,1,
113,8,914,246,21,13,1,5,1,
113,10,871,16,89,60,1,5,1,
113,11,807,294,12,9,1,5,1,
113,14,477,398,19,10,1,5,1,
113,15,832,342,20,13,1,5,1,
113,16,862,242,16,10,1,5,1,
113,17,886,19,74,32,1,5,1,
113,24,815,260,17,13,1,5,1,
113,26,565,188,6,7,1,5,1,
113,28,938,206,22,23,1,5,1,
114,1,806,279,17,10,1,5,1,
114,3,746,327,15,12,1,5,1,
114,5,939,92,20,27,1,5,1,
114,7,740,285,14,11,1,5,1,
114,8,913,246,22,13,1,5,1,
114,10,878,19,82,61,1,5,1,
114,11,808,294,12,8,1,5,1,
114,14,478,399,21,10,1,5,1,
114,15,833,342,20,12,1,5,1,
114,16,864,243,16,9,1,5,1,
114,17,896,19,64,26,1,5,1,
114,24,815,260,17,13,1,5,1,
114,26,565,188,7,6,1,5,1,
114,28,937,207,23,23,1,5,1,
115,1,805,279,17,9,1,5,1,
115,3,746,326,15,13,1,5,1,
115,5,940,94,19,26,1,5,1,
115,7,740,285,14,11,1,5,1,
115,8,912,246,21,14,1,5,1,
115,10,884,24,76,58,1,5,1,
115,11,808,293,12,9,1,5,1,
115,14,480,400,22,10,1,5,1,
115,15,835,341,19,13,1,5,1,
115,16,866,243,16,9,1,5,1,
115,17,909,20,51,20,1,5,1,
115,24,815,260,17,13,1,5,1,
115,26,565,187,8,7,1,5,1,
115,28,937,207,22,23,1,5,1,
116,1,804,279,16,9,1,5,1,
116,3,746,326,15,12,1,5,1,
116,5,941,95,18,26,1,5,1,
116,7,740,285,14,11,1,5,1,
116,8,911,246,22,14,1,5,1,
116,10,890,29,70,55,1,5,1,
116,11,809,293,11,9,1,5,1,
116,14,481,401,23,10,1,5,1,
116,15,838,341,17,13,1,5,1,
116,16,868,243,15,9,1,5,1,
116,17,922,24,38,11,1,5,1,
116,24,815,260,16,13,1,5,1,
116,26,566,187,9,7,1,5,1,
116,28,937,209,22,21,1,5,1,
117,1,803,279,16,9,1,5,1,
117,3,746,325,15,13,1,5,1,
117,5,942,97,17,25,1,5,1,
117,7,740,285,14,11,1,5,1,
117,8,910,246,22,14,1,5,1,
117,10,896,32,64,53,1,5,1,
117,11,809,293,12,9,1,5,1,
117,14,483,402,24,10,1,5,1,
117,15,839,340,17,13,1,5,1,
117,16,870,243,15,9,1,5,1,
117,24,815,260,16,13,1,5,1,
117,26,565,187,12,6,1,5,1,
117,28,938,212,21,19,1,5,1,
118,1,801,279,16,9,1,5,1,
118,3,746,325,14,12,1,5,1,
118,5,942,98,17,25,1,5,1,
118,7,739,284,15,12,1,5,1,
118,8,909,247,22,13,1,5,1,
118,10,902,35,58,51,1,5,1,
118,11,809,293,12,9,1,5,1,
118,14,485,402,25,11,1,5,1,
118,15,838,340,17,13,1,5,1,
118,16,872,243,14,9,1,5,1,
118,24,815,261,16,12,1,5,1,
118,26,566,186,14,7,1,5,1,
118,28,938,213,21,19,1,5,1,
119,1,800,279,16,9,1,5,1,
119,3,745,325,15,12,1,5,1,
119,5,943,99,17,25,1,5,1,
119,7,739,284,16,11,1,5,1,
119,8,908,247,22,13,1,5,1,
119,10,910,37,50,48,1,5,1,
119,11,810,293,11,8,1,5,1,
119,14,487,403,26,11,1,5,1,
119,15,837,340,17,12,1,5,1,
119,16,874,243,13,10,1,5,1,
119,24,814,261,16,12,1,5,1,
119,26,566,186,17,6,1,5,1,
119,28,938,214,21,18,1,5,1,
120,1,799,279,16,9,1,5,1,
120,3,745,324,15,12,1,5,1,
120,5,943,100,17,25,1,5,1,
120,8,907,247,22,13,1,5,1,
120,10,917,39,43,47,1,5,1,
120,11,810,293,11,8,1,5,1,
120,14,489,404,28,11,1,5,1,
120,15,836,339,19,13,1,5,1,
120,16,875,244,14,9,1,5,1,
120,24,814,261,16,12,1,5,1,
120,26,567,186,20,6,1,5,1,
120,28,939,214,20,19,1,5,1,
121,1,798,279,15,9,1,5,1,
121,3,745,324,14,12,1,5,1,
121,5,943,102,16,24,1,5,1,
121,8,906,247,22,13,1,5,1,
121,10,925,41,35,33,1,5,1,
121,11,811,293,11,8,1,5,1,
121,14,491,405,29,11,1,5,1,
121,15,835,338,21,13,1,5,1,
121,16,877,244,13,9,1,5,1,
121,24,814,261,15,12,1,5,1,
121,26,568,185,23,7,1,5,1,
121,28,938,215,21,20,1,5,1,
122,1,797,279,15,8,1,5,1,
122,3,744,323,15,13,1,5,1,
122,5,944,103,15,24,1,5,1,
122,8,905,247,22,13,1,5,1,
122,11,811,292,11,9,1,5,1,
122,14,494,406,30,11,1,5,1,
122,15,833,338,23,12,1,5,1,
122,16,878,244,13,9,1,5,1,
122,24,813,261,16,12,1,5,1,
122,26,570,185,25,6,1,5,1,
122,28,938,215,21,21,1,5,1,
123,1,795,279,16,8,1,5,1,
123,3,744,323,15,12,1,5,1,
123,5,944,104,15,24,1,5,1,
123,8,903,248,23,12,1,5,1,
123,11,812,292,11,9,1,5,1,
123,14,496,407,31,11,1,5,1,
123,15,832,337,23,13,1,5,1,
123,16,879,244,13,9,1,5,1,
123,24,813,261,16,12,1,5,1,
123,26,571,184,28,7,1,5,1,
123,28,936,215,23,21,1,5,1,
124,1,794,279,16,8,1,5,1,
124,3,743,323,16,12,1,5,1,
124,5,944,105,15,25,1,5,1,
124,8,902,248,23,12,1,5,1,
124,11,812,292,11,9,1,5,1,
124,14,499,408,32,10,1,5,1,
124,15,830,337,24,12,1,5,1,
124,16,880,244,13,9,1,5,1,
124,24,813,261,16,12,1,5,1,
124,26,573,184,30,6,1,5,1,
124,28,935,216,25,21,1,5,1,
125,1,793,279,15,8,1,5,1,
125,3,742,322,16,12,1,5,1,
125,5,944,107,16,24,1,5,1,
125,8,901,248,23,12,1,5,1,
125,11,813,292,11,8,1,5,1,
125,14,502,409,33,10,1,5,1,
125,15,828,336,24,13,1,5,1,
125,16,881,244,13,9,1,5,1,
125,24,812,261,16,12,1,5,1,
125,26,576,183,32,7,1,5,1,
125,28,934,216,25,22,1,5,1,
126,1,792,279,15,8,1,5,1,
126,5,944,108,15,24,1,5,1,
126,6,953,299,6,8,1,5,1,
126,8,900,248,22,12,1,5,1,
126,11,814,292,10,8,1,5,1,
126,14,505,410,34,10,1,5,1,
126,15,827,336,24,12,1,5,1,
126,16,882,245,12,8,1,5,1,
126,24,812,261,16,12,1,5,1,
126,26,579,183,33,7,1,5,1,
126,28,932,217,27,21,1,5,1,
127,1,791,279,14,8,1,5,1,
127,5,945,109,14,24,1,5,1,
127,6,952,299,7,8,1,5,1,
127,8,899,248,22,12,1,5,1,
127,11,815,292,10,8,1,5,1,
127,14,508,410,35,11,1,5,1,
127,15,825,335,24,12,1,5,1,
127,16,883,245,12,8,1,5,1,
127,22,949,357,10,12,1,5,1,
127,24,811,261,16,12,1,5,1,
127,26,583,182,33,7,1,5,1,
127,28,930,218,29,21,1,5,1,
128,1,790,279,14,8,1,5,1,
128,5,945,110,14,24,1,5,1,
128,6,950,299,9,8,1,5,1,
128,8,898,249,22,12,1,5,1,
128,11,815,292,11,8,1,5,1,
128,14,511,411,36,11,1,5,1,
128,15,824,335,23,12,1,5,1,
128,16,883,245,13,9,1,5,1,
128,22,946,356,14,14,1,5,1,
128,24,811,261,16,12,1,5,1,
128,26,587,182,34,7,1,5,1,
128,28,929,219,30,20,1,5,1,
129,1,789,278,14,9,1,5,1,
129,5,945,112,14,23,1,5,1,
129,6,948,298,11,9,1,5,1,
129,8,896,249,23,12,1,5,1,
129,11,816,292,10,8,1,5,1,
129,14,515,412,36,11,1,5,1,
129,15,822,334,23,12,1,5,1,
129,16,884,245,12,9,1,5,1,
129,22,944,354,15,16,1,5,1,
129,24,810,262,17,11,1,5,1,
129,26,591,182,34,7,1,5,1,
129,28,927,220,32,20,1,5,1,
130,1,788,278,14,8,1,5,1,
130,5,944,113,15,23,1,5,1,
130,6,947,298,12,9,1,5,1,
130,8,895,249,22,12,1,5,1,
130,11,816,292,11,8,1,5,1,
130,14,518,413,37,10,1,5,1,
130,15,821,334,23,12,1,5,1,
130,16,884,245,13,9,1,5,1,
130,22,941,353,18,16,1,5,1,
130,24,810,262,16,11,1,5,1,
130,26,595,182,35,6,1,5,1,
130,28,925,220,34,20,1,5,1,
131,1,787,278,14,8,1,5,1,
131,5,944,114,15,23,1,5,1,
131,6,945,298,14,9,1,5,1,
131,8,894,249,22,12,1,5,1,
131,14,522,414,38,10,1,5,1,
131,16,885,245,12,9,1,5,1,
131,22,938,352,21,16,1,5,1,
131,26,599,181,35,7,1,5,1,
131,28,923,221,36,20,1,5,1,
132,1,786,278,14,8,1,5,1,
132,5,944,115,15,23,1,5,1,
132,6,943,298,16,9,1,5,1,
132,8,893,249,22,12,1,5,1,
132,14,525,415,39,10,1,5,1,
132,16,885,246,12,8,1,5,1,
132,22,935,351,24,16,1,5,1,
132,26,602,181,36,7,1,5,1,
132,28,921,222,35,19,1,5,1,
133,5,944,116,15,23,1,5,1,
133,6,942,297,17,10,1,5,1,
133,8,892,249,22,12,1,5,1,
133,14,528,415,40,11,1,5,1,
133,16,886,246,12,8,1,5,1,
133,22,934,350,25,16,1,5,1,
133,26,606,181,37,7,1,5,1,
133,28,921,222,31,19,1,5,1,
134,5,944,117,15,23,1,5,1,
134,6,940,297,19,10,1,5,1,
134,8,890,250,23,11,1,5,1,
134,14,531,416,42,10,1,5,1,
134,16,886,246,12,8,1,5,1,
134,22,933,349,26,16,1,5,1,
134,26,610,181,37,7,1,5,1,
134,28,922,222,26,19,1,5,1,
135,5,943,118,16,23,1,5,1,
135,6,938,297,21,9,1,5,1,
135,8,889,250,23,11,1,5,1,
135,14,535,417,42,10,1,5,1,
135,16,886,246,12,8,1,5,1,
135,22,931,348,28,16,1,5,1,
135,26,614,180,38,7,1,5,1,
135,28,924,223,25,18,1,5,1,
136,5,943,119,16,23,1,5,1,
136,6,937,297,21,9,1,5,1,
136,8,888,250,22,11,1,5,1,
136,14,538,417,44,11,1,5,1,
136,16,886,246,12,8,1,5,1,
136,22,930,347,29,16,1,5,1,
136,26,618,180,38,7,1,5,1,
136,28,926,223,26,18,1,5,1,
137,5,943,121,16,22,1,5,1,
137,6,935,297,21,9,1,5,1,
137,8,886,250,23,11,1,5,1,
137,14,544,418,43,10,1,5,1,
137,16,886,246,12,8,1,5,1,
137,22,930,346,26,15,1,5,1,
137,26,623,180,38,7,1,5,1,
137,28,929,224,27,18,1,5,1,
138,5,942,122,17,22,1,5,1,
138,6,933,297,22,8,1,5,1,
138,8,885,250,23,11,1,5,1,
138,14,547,419,45,10,1,5,1,
138,16,886,247,12,8,1,5,1,
138,22,928,345,25,15,1,5,1,
138,26,627,180,38,7,1,5,1,
138,28,929,225,30,18,1,5,1,
139,5,942,123,17,21,1,5,1,
139,6,931,296,22,9,1,5,1,
139,8,884,250,22,11,1,5,1,
139,14,552,420,45,9,1,5,1,
139,16,886,247,12,8,1,5,1,
139,22,927,344,24,15,1,5,1,
139,26,631,180,39,7,1,5,1,
139,28,928,225,31,19,1,5,1,
140,5,941,124,18,21,1,5,1,
140,6,929,296,22,9,1,5,1,
140,8,883,250,22,11,1,5,1,
140,14,556,420,46,9,1,5,1,
140,16,886,247,12,8,1,5,1,
140,22,926,343,23,15,1,5,1,
140,26,635,180,39,7,1,5,1,
140,28,929,226,31,19,1,5,1,
141,5,941,125,18,21,1,5,1,
141,6,928,296,21,9,1,5,1,
141,8,880,251,24,11,1,5,1,
141,14,561,420,46,9,1,5,1,
141,16,886,247,12,8,1,5,1,
141,22,925,342,23,15,1,5,1,
141,26,640,179,38,8,1,5,1,
141,28,929,227,31,19,1,5,1,
142,5,940,126,19,21,1,5,1,
142,6,926,296,22,8,1,5,1,
142,8,879,251,24,11,1,5,1,
142,14,566,419,45,10,1,5,1,
142,16,886,247,11,8,1,5,1,
142,22,924,341,22,15,1,5,1,
142,26,644,179,39,8,1,5,1,
142,28,930,228,30,18,1,5,1,
143,5,940,127,19,21,1,5,1,
143,6,924,296,22,8,1,5,1,
143,14,571,419,44,10,1,5,1,
143,16,886,247,11,8,1,5,1,
143,22,924,340,21,14,1,5,1,
143,26,649,179,38,7,1,5,1,
143,28,932,228,28,18,1,5,1,
144,5,939,128,19,21,1,5,1,
144,6,922,295,22,9,1,5,1,
144,14,575,419,44,10,1,5,1,
144,16,886,248,11,7,1,5,1,
144,22,923,339,21,15,1,5,1,
144,26,653,179,38,7,1,5,1,
144,28,935,228,25,14,1,5,1,
145,5,938,129,19,21,1,5,1,
145,6,920,295,22,9,1,5,1,
145,14,580,419,44,9,1,5,1,
145,16,885,248,11,7,1,5,1,
145,22,922,339,21,14,1,5,1,
145,26,657,179,39,7,1,5,1,
145,28,938,229,22,14,1,5,1,
146,5,938,130,18,21,1,5,1,
146,14,584,419,44,9,1,5,1,
146,16,885,248,11,7,1,5,1,
146,22,921,338,21,14,1,5,1,
146,26,661,179,39,7,1,5,1,
146,28,942,229,18,10,1,5,1,
147,5,937,131,18,21,1,5,1,
147,14,588,418,44,10,1,5,1,
147,16,885,248,11,8,1,5,1,
147,19,478,431,35,13,1,5,1,
147,22,920,337,22,14,1,5,1,
147,26,665,179,39,7,1,5,1,
148,5,936,132,18,21,1,5,1,
148,14,592,418,44,10,1,5,1,
148,16,884,248,11,8,1,5,1,
148,19,480,432,37,13,1,5,1,
148,22,919,337,22,13,1,5,1,
148,26,669,179,39,7,1,5,1,
149,5,936,133,18,20,1,5,1,
149,14,597,418,43,9,1,5,1,
149,16,884,248,11,8,1,5,1,
149,19,482,433,38,13,1,5,1,
149,22,918,336,22,14,1,5,1,
149,26,673,179,39,7,1,5,1,
150,5,935,134,18,20,1,5,1,
150,14,601,418,43,9,1,5,1,
150,16,883,249,11,7,1,5,1,
150,19,484,434,40,13,1,5,1,
150,22,917,335,23,14,1,5,1,
150,26,677,179,39,7,1,5,1,
