1,1,867,56,93,24,1,5,1,
1,2,516,0,47,122,1,5,1,
1,3,708,95,99,31,1,5,1,
1,4,173,351,48,16,1,5,1,
1,5,581,98,93,22,1,5,1,
2,1,869,55,91,24,1,5,1,
2,2,521,3,45,125,1,5,1,
2,3,702,95,103,34,1,5,1,
2,4,169,351,51,18,1,5,1,
2,5,571,99,101,22,1,5,1,
3,1,878,54,82,23,1,5,1,
3,2,528,10,43,125,1,5,1,
3,3,696,96,104,35,1,5,1,
3,4,166,352,51,18,1,5,1,
3,5,561,101,106,23,1,5,1,
4,1,887,54,73,21,1,5,1,
4,2,529,15,43,121,1,5,1,
4,3,691,96,103,38,1,5,1,
4,4,163,352,50,20,1,5,1,
4,5,552,101,110,26,1,5,1,
5,1,900,55,60,18,1,5,1,
5,2,525,24,47,113,1,5,1,
5,3,686,97,101,39,1,5,1,
5,4,161,353,47,20,1,5,1,
5,5,545,101,108,29,1,5,1,
6,1,914,58,46,13,1,5,1,
6,2,527,33,43,104,1,5,1,
6,3,681,98,97,40,1,5,1,
6,4,160,354,43,20,1,5,1,
6,5,538,100,105,34,1,5,1,
7,2,525,42,42,95,1,5,1,
7,3,676,99,95,41,1,5,1,
7,4,158,356,39,20,1,5,1,
7,5,533,101,101,37,1,5,1,
8,2,522,51,43,85,1,5,1,
8,3,671,101,92,41,1,5,1,
8,4,156,357,36,20,1,5,1,
8,5,529,101,94,41,1,5,1,
9,2,518,59,48,76,1,5,1,
9,3,666,102,89,42,1,5,1,
9,4,153,358,35,20,1,5,1,
9,5,526,102,87,43,1,5,1,
10,2,514,66,53,70,1,5,1,
10,3,661,104,88,41,1,5,1,
10,4,151,359,33,21,1,5,1,
10,5,525,104,79,45,1,5,1,
11,2,506,73,63,64,1,5,1,
11,3,656,107,87,39,1,5,1,
11,4,148,360,32,21,1,5,1,
11,5,524,105,70,48,1,5,1,
12,2,497,81,76,58,1,5,1,
12,3,651,110,85,38,1,5,1,
12,4,146,361,31,22,1,5,1,
12,5,523,108,60,48,1,5,1,
13,2,488,87,88,53,1,5,1,
13,3,646,113,83,36,1,5,1,
13,4,143,363,30,21,1,5,1,
13,5,521,111,52,48,1,5,1,
14,2,483,91,95,52,1,5,1,
14,3,640,116,83,34,1,5,1,
14,4,141,364,30,22,1,5,1,
14,5,520,114,44,48,1,5,1,
15,2,482,95,94,50,1,5,1,
15,3,635,118,82,34,1,5,1,
15,4,139,365,29,23,1,5,1,
15,5,521,118,34,47,1,5,1,
16,2,482,97,90,51,1,5,1,
16,3,630,121,83,32,1,5,1,
16,4,136,366,29,23,1,5,1,
16,5,522,121,27,46,1,5,1,
17,2,481,99,82,52,1,5,1,
17,3,624,123,83,32,1,5,1,
17,4,134,367,29,24,1,5,1,
17,5,525,125,17,44,1,5,1,
18,2,481,100,70,54,1,5,1,
18,3,619,126,83,30,1,5,1,
18,4,132,369,28,24,1,5,1,
18,5,527,130,18,41,1,5,1,
19,2,482,101,58,57,1,5,1,
19,3,613,128,85,29,1,5,1,
19,4,129,370,29,25,1,5,1,
19,5,527,133,24,39,1,5,1,
20,2,483,103,46,58,1,5,1,
20,3,608,130,86,28,1,5,1,
20,4,127,371,28,26,1,5,1,
20,5,526,137,31,36,1,5,1,
21,2,483,105,34,58,1,5,1,
21,3,603,132,86,26,1,5,1,
21,4,125,373,28,25,1,5,1,
21,5,525,142,39,32,1,5,1,
22,2,484,108,36,57,1,5,1,
22,3,599,134,86,24,1,5,1,
22,4,123,374,27,26,1,5,1,
22,5,524,146,48,29,1,5,1,
23,2,484,112,44,55,1,5,1,
23,3,594,136,87,22,1,5,1,
23,4,121,375,27,27,1,5,1,
23,5,524,149,56,26,1,5,1,
24,2,483,117,54,52,1,5,1,
24,3,591,139,84,19,1,5,1,
24,4,119,377,26,27,1,5,1,
24,5,526,154,62,22,1,5,1,
25,2,479,121,67,49,1,5,1,
25,3,587,141,84,16,1,5,1,
25,4,116,379,27,28,1,5,1,
25,5,528,156,68,20,1,5,1,
26,2,475,126,80,46,1,5,1,
26,3,580,141,85,16,1,5,1,
26,4,114,380,26,29,1,5,1,
26,5,531,159,74,17,1,5,1,
27,2,474,131,91,41,1,5,1,
27,3,573,141,87,15,1,5,1,
27,4,112,382,26,29,1,5,1,
27,5,535,160,78,15,1,5,1,
28,2,474,135,101,37,1,5,1,
28,3,566,141,89,15,1,5,1,
28,4,110,383,26,30,1,5,1,
28,5,540,160,82,14,1,5,1,
29,2,475,138,110,34,1,5,1,
29,3,560,141,91,15,1,5,1,
29,4,108,385,26,30,1,5,1,
29,5,545,159,85,15,1,5,1,
30,2,479,143,116,28,1,5,1,
30,3,555,141,89,14,1,5,1,
30,4,106,386,25,32,1,5,1,
30,5,551,159,86,14,1,5,1,
31,2,483,146,122,24,1,5,1,
31,3,550,141,88,14,1,5,1,
31,4,104,388,25,32,1,5,1,
31,5,558,158,86,15,1,5,1,
32,2,490,144,125,25,1,5,1,
32,3,546,140,84,15,1,5,1,
32,4,102,390,25,33,1,5,1,
32,5,567,158,84,15,1,5,1,
33,2,497,143,127,25,1,5,1,
33,3,543,140,79,16,1,5,1,
33,4,100,392,24,33,1,5,1,
33,5,574,158,84,15,1,5,1,
34,2,503,142,131,25,1,5,1,
34,3,540,140,76,16,1,5,1,
34,4,99,394,24,34,1,5,1,
34,5,581,158,84,15,1,5,1,
35,2,510,141,131,26,1,5,1,
35,3,535,141,74,15,1,5,1,
35,4,97,396,24,35,1,5,1,
35,5,588,158,85,15,1,5,1,
36,2,518,141,132,26,1,5,1,
36,3,530,141,72,15,1,5,1,
36,4,95,398,24,36,1,5,1,
36,5,595,158,87,15,1,5,1,
37,2,525,140,133,27,1,5,1,
37,3,525,141,71,15,1,5,1,
37,4,94,400,24,37,1,5,1,
37,5,602,158,89,14,1,5,1,
38,2,532,140,135,26,1,5,1,
38,3,520,141,72,15,1,5,1,
38,4,93,401,24,39,1,5,1,
38,5,608,157,92,15,1,5,1,
39,2,540,140,136,26,1,5,1,
39,3,515,141,73,15,1,5,1,
39,4,91,404,26,39,1,5,1,
39,5,616,156,93,15,1,5,1,
40,2,550,139,136,27,1,5,1,
40,3,510,141,73,15,1,5,1,
40,4,90,407,26,39,1,5,1,
40,5,625,155,92,16,1,5,1,
41,2,558,139,137,26,1,5,1,
41,3,506,141,74,15,1,5,1,
41,4,89,409,26,40,1,5,1,
41,5,632,154,94,16,1,5,1,
42,2,566,139,137,26,1,5,1,
42,3,501,141,76,15,1,5,1,
42,4,88,411,27,42,1,5,1,
42,5,639,153,96,16,1,5,1,
43,2,573,138,139,27,1,5,1,
43,3,497,141,77,15,1,5,1,
43,4,87,413,28,43,1,5,1,
43,5,646,152,98,16,1,5,1,
44,2,581,138,139,26,1,5,1,
44,3,494,141,76,15,1,5,1,
44,4,86,415,28,45,1,5,1,
44,5,654,151,99,16,1,5,1,
45,2,589,137,140,27,1,5,1,
45,3,491,141,74,15,1,5,1,
45,4,85,418,29,45,1,5,1,
45,5,663,150,99,16,1,5,1,
46,2,597,137,140,27,1,5,1,
46,3,488,140,73,16,1,5,1,
46,4,85,421,29,46,1,5,1,
46,5,670,149,102,17,1,5,1,
47,2,604,137,142,26,1,5,1,
47,3,486,140,70,16,1,5,1,
47,4,84,423,31,48,1,5,1,
47,5,677,147,104,18,1,5,1,
48,2,614,136,140,27,1,5,1,
48,3,484,140,67,15,1,5,1,
48,4,84,426,31,49,1,5,1,
48,5,687,146,104,18,1,5,1,
49,2,621,136,141,27,1,5,1,
49,3,483,139,63,16,1,5,1,
49,4,84,429,31,50,1,5,1,
49,5,694,145,107,18,1,5,1,
50,2,628,136,143,27,1,5,1,
50,3,483,139,59,16,1,5,1,
50,4,84,431,32,52,1,5,1,
50,5,701,144,110,18,1,5,1,
51,2,637,135,142,28,1,5,1,
51,3,483,138,53,16,1,5,1,
51,4,84,434,33,54,1,5,1,
51,5,710,143,112,18,1,5,1,
52,2,644,135,143,27,1,5,1,
52,3,484,138,48,16,1,5,1,
52,4,85,437,33,55,1,5,1,
52,5,718,142,114,18,1,5,1,
53,2,653,134,142,27,1,5,1,
53,3,485,137,41,16,1,5,1,
53,4,86,441,34,56,1,5,1,
53,5,727,141,116,18,1,5,1,
54,2,662,134,141,27,1,5,1,
54,3,486,136,35,17,1,5,1,
54,4,86,444,35,58,1,5,1,
54,5,737,140,117,18,1,5,1,
55,2,670,134,141,27,1,5,1,
55,3,486,135,30,17,1,5,1,
55,4,88,447,35,60,1,5,1,
55,5,745,139,120,18,1,5,1,
56,2,678,133,142,28,1,5,1,
56,3,486,134,26,17,1,5,1,
56,4,89,450,36,62,1,5,1,
56,5,754,138,121,18,1,5,1,
57,2,688,133,140,28,1,5,1,
57,3,487,133,19,17,1,5,1,
57,4,91,455,36,63,1,5,1,
57,5,765,137,120,18,1,5,1,
58,2,696,133,138,28,1,5,1,
58,3,488,131,18,18,1,5,1,
58,4,92,458,38,65,1,5,1,
58,5,774,137,119,17,1,5,1,
59,2,704,133,137,28,1,5,1,
59,3,488,130,23,18,1,5,1,
59,4,94,462,39,67,1,5,1,
59,5,783,136,117,18,1,5,1,
60,2,714,133,132,28,1,5,1,
60,3,488,128,29,20,1,5,1,
60,4,95,466,41,69,1,5,1,
60,5,794,136,111,18,1,5,1,
61,2,722,133,130,28,1,5,1,
61,3,488,127,35,20,1,5,1,
61,4,96,470,44,71,1,5,1,
61,5,804,136,105,18,1,5,1,
62,2,731,133,125,29,1,5,1,
62,3,487,125,42,22,1,5,1,
62,4,97,474,46,69,1,5,1,
62,5,815,136,97,19,1,5,1,
63,2,741,133,120,29,1,5,1,
63,3,485,124,49,22,1,5,1,
63,4,99,479,49,64,1,5,1,
63,5,826,136,87,20,1,5,1,
64,2,749,134,115,29,1,5,1,
64,3,484,123,55,23,1,5,1,
64,4,100,483,52,61,1,5,1,
64,5,836,137,77,20,1,5,1,
65,2,758,134,109,29,1,5,1,
65,3,484,121,61,24,1,5,1,
65,4,102,487,55,57,1,5,1,
65,5,846,137,66,21,1,5,1,
66,2,768,135,102,29,1,5,1,
66,3,486,120,64,23,1,5,1,
66,4,104,493,59,51,1,5,1,
66,5,858,138,57,21,1,5,1,
67,2,776,135,97,30,1,5,1,
67,3,487,119,69,23,1,5,1,
67,4,106,497,63,47,1,5,1,
67,5,867,139,50,21,1,5,1,
68,2,784,136,93,29,1,5,1,
68,3,489,117,73,24,1,5,1,
68,4,109,502,57,42,1,5,1,
68,5,874,139,46,22,1,5,1,
69,1,953,169,6,9,1,5,1,
69,2,793,137,88,29,1,5,1,
69,3,492,116,76,24,1,5,1,
69,4,112,508,62,36,1,5,1,
69,5,882,140,40,22,1,5,1,
70,1,951,169,8,10,1,5,1,
70,2,801,138,83,29,1,5,1,
70,3,496,115,78,23,1,5,1,
70,4,115,513,68,31,1,5,1,
70,5,887,141,37,22,1,5,1,
71,1,949,168,10,12,1,5,1,
71,2,809,138,78,29,1,5,1,
71,3,500,113,80,24,1,5,1,
71,5,893,142,33,22,1,5,1,
72,1,946,170,13,11,1,5,1,
72,2,816,139,74,29,1,5,1,
72,3,504,112,83,23,1,5,1,
72,5,897,143,30,22,1,5,1,
73,1,944,170,15,12,1,5,1,
73,2,821,140,72,29,1,5,1,
73,3,508,111,85,23,1,5,1,
73,5,899,144,30,23,1,5,1,
74,1,941,170,18,13,1,5,1,
74,2,826,140,70,30,1,5,1,
74,3,511,110,89,23,1,5,1,
74,5,902,145,28,23,1,5,1,
75,1,939,171,20,13,1,5,1,
75,2,832,141,66,29,1,5,1,
75,3,516,108,91,23,1,5,1,
75,5,905,147,26,22,1,5,1,
76,1,936,172,23,13,1,5,1,
76,2,837,142,64,29,1,5,1,
76,3,520,107,94,23,1,5,1,
76,5,907,148,26,22,1,5,1,
77,1,933,171,26,14,1,5,1,
77,2,842,143,61,29,1,5,1,
77,3,525,106,96,23,1,5,1,
77,5,910,149,23,22,1,5,1,
78,1,931,172,28,14,1,5,1,
78,2,847,143,58,30,1,5,1,
78,3,530,105,98,23,1,5,1,
78,5,912,150,22,22,1,5,1,
79,1,928,173,28,14,1,5,1,
79,2,851,144,56,29,1,5,1,
79,3,534,104,101,23,1,5,1,
79,5,913,151,22,22,1,5,1,
80,1,926,174,28,14,1,5,1,
80,2,856,145,53,29,1,5,1,
80,3,540,103,103,22,1,5,1,
80,5,914,153,22,21,1,5,1,
81,1,923,175,28,14,1,5,1,
81,2,861,146,50,29,1,5,1,
81,3,545,102,105,22,1,5,1,
81,5,914,154,22,21,1,5,1,
82,1,921,176,28,14,1,5,1,
82,2,864,147,49,29,1,5,1,
82,3,550,101,108,22,1,5,1,
82,5,915,155,21,21,1,5,1,
83,1,918,176,29,14,1,5,1,
83,2,868,148,47,29,1,5,1,
83,3,556,100,109,22,1,5,1,
83,5,915,156,21,21,1,5,1,
84,1,915,178,28,13,1,5,1,
84,2,873,149,44,28,1,5,1,
84,3,563,99,110,22,1,5,1,
84,5,916,158,20,20,1,5,1,
85,1,913,178,28,14,1,5,1,
85,2,876,150,42,28,1,5,1,
85,3,568,98,113,22,1,5,1,
85,5,916,159,20,20,1,5,1,
86,1,910,179,29,14,1,5,1,
86,2,879,151,41,28,1,5,1,
86,3,574,97,115,22,1,5,1,
86,5,916,160,20,20,1,5,1,
87,1,908,180,28,13,1,5,1,
87,2,883,152,38,28,1,5,1,
87,3,581,96,116,22,1,5,1,
87,5,916,161,20,20,1,5,1,
88,1,905,181,29,13,1,5,1,
88,2,886,152,36,29,1,5,1,
88,3,586,95,118,23,1,5,1,
88,5,915,162,21,20,1,5,1,
89,1,902,182,29,13,1,5,1,
89,2,889,153,34,29,1,5,1,
89,3,594,95,118,22,1,5,1,
89,5,915,163,20,20,1,5,1,
90,1,900,183,27,12,1,5,1,
90,2,893,155,31,28,1,5,1,
90,3,603,94,117,22,1,5,1,
90,5,915,165,19,19,1,5,1,
91,1,897,184,28,12,1,5,1,
91,2,893,156,31,27,1,5,1,
91,3,609,93,119,23,1,5,1,
91,5,914,166,20,19,1,5,1,
92,1,895,185,28,12,1,5,1,
92,2,894,156,30,28,1,5,1,
92,3,615,93,121,22,1,5,1,
92,5,913,167,20,19,1,5,1,
93,1,892,185,28,12,1,5,1,
93,2,894,157,31,28,1,5,1,
93,3,622,92,122,22,1,5,1,
93,5,913,168,19,18,1,5,1,
94,1,889,186,29,12,1,5,1,
94,2,895,158,30,28,1,5,1,
94,3,629,91,123,23,1,5,1,
94,5,912,169,19,18,1,5,1,
95,1,887,187,29,12,1,5,1,
95,2,895,159,30,28,1,5,1,
95,3,636,91,124,23,1,5,1,
95,5,911,170,19,18,1,5,1,
96,1,884,188,29,11,1,5,1,
96,2,895,160,30,28,1,5,1,
96,3,644,90,124,23,1,5,1,
96,5,910,171,18,18,1,5,1,
97,1,882,188,28,12,1,5,1,
97,2,895,161,29,27,1,5,1,
97,3,651,90,125,23,1,5,1,
97,5,909,172,18,18,1,5,1,
98,1,879,189,29,12,1,5,1,
98,2,895,162,29,27,1,5,1,
98,3,658,89,125,23,1,5,1,
98,5,908,173,19,18,1,5,1,
99,1,876,190,29,11,1,5,1,
99,2,894,163,29,27,1,5,1,
99,3,666,89,125,23,1,5,1,
99,5,906,174,20,18,1,5,1,
100,1,874,191,28,11,1,5,1,
100,2,894,164,29,27,1,5,1,
100,3,674,88,125,24,1,5,1,
100,5,905,175,20,17,1,5,1,
101,1,871,191,29,11,1,5,1,
101,2,893,165,29,27,1,5,1,
101,3,681,88,125,24,1,5,1,
101,5,904,176,20,17,1,5,1,
102,1,869,192,28,11,1,5,1,
102,2,893,166,28,26,1,5,1,
102,3,689,88,125,23,1,5,1,
102,5,902,177,21,17,1,5,1,
103,1,866,193,29,10,1,5,1,
103,2,892,167,28,26,1,5,1,
103,3,697,88,124,23,1,5,1,
103,5,901,178,21,17,1,5,1,
104,1,864,194,28,10,1,5,1,
104,2,891,168,28,26,1,5,1,
104,3,705,87,124,24,1,5,1,
104,5,899,179,22,17,1,5,1,
105,1,861,194,28,11,1,5,1,
105,2,890,169,28,26,1,5,1,
105,3,713,87,123,24,1,5,1,
105,5,897,180,23,16,1,5,1,
106,1,858,195,29,10,1,5,1,
106,2,890,170,26,26,1,5,1,
106,3,720,87,123,24,1,5,1,
106,5,896,181,23,16,1,5,1,
107,1,856,196,28,10,1,5,1,
107,2,888,171,27,25,1,5,1,
107,3,729,87,121,24,1,5,1,
107,5,894,182,23,16,1,5,1,
108,1,853,196,28,10,1,5,1,
108,2,887,172,27,25,1,5,1,
108,3,737,87,120,24,1,5,1,
108,5,892,183,24,16,1,5,1,
109,1,851,197,28,10,1,5,1,
109,2,886,173,28,25,1,5,1,
109,3,744,87,120,24,1,5,1,
109,5,890,184,25,15,1,5,1,
110,1,848,197,29,10,1,5,1,
110,2,885,174,28,24,1,5,1,
110,3,751,87,120,24,1,5,1,
110,5,888,185,25,15,1,5,1,
111,1,846,198,28,10,1,5,1,
111,2,884,175,28,24,1,5,1,
111,3,760,87,118,24,1,5,1,
111,5,886,186,25,15,1,5,1,
112,1,843,199,28,9,1,5,1,
112,2,882,176,30,24,1,5,1,
112,3,768,87,116,24,1,5,1,
112,5,885,187,24,14,1,5,1,
113,1,840,199,29,10,1,5,1,
113,2,882,177,29,23,1,5,1,
113,3,775,87,116,25,1,5,1,
113,5,885,187,22,15,1,5,1,
114,2,881,178,28,23,1,5,1,
114,3,784,87,113,25,1,5,1,
114,5,886,188,19,14,1,5,1,
115,2,881,179,27,22,1,5,1,
115,3,789,87,114,25,1,5,1,
115,5,888,189,14,13,1,5,1,
116,2,881,180,25,22,1,5,1,
116,3,797,87,112,25,1,5,1,
116,5,891,190,14,13,1,5,1,
117,2,882,181,24,21,1,5,1,
117,3,804,88,111,25,1,5,1,
117,5,891,191,14,12,1,5,1,
118,2,882,182,23,21,1,5,1,
118,3,810,88,111,25,1,5,1,
118,5,891,192,14,12,1,5,1,
119,2,881,183,24,21,1,5,1,
119,3,816,88,111,25,1,5,1,
119,5,890,192,15,12,1,5,1,
120,2,880,184,24,20,1,5,1,
120,3,824,89,108,25,1,5,1,
120,5,889,193,14,12,1,5,1,
121,2,879,184,23,21,1,5,1,
121,3,830,89,108,25,1,5,1,
121,5,887,193,15,13,1,5,1,
122,2,878,185,23,21,1,5,1,
122,3,838,89,105,25,1,5,1,
122,5,885,194,16,12,1,5,1,
123,2,876,186,25,20,1,5,1,
123,3,846,90,102,25,1,5,1,
123,5,882,194,19,13,1,5,1,
124,2,875,186,25,21,1,5,1,
124,3,852,90,101,25,1,5,1,
124,5,880,195,20,13,1,5,1,
125,2,873,187,27,20,1,5,1,
125,3,858,91,100,25,1,5,1,
125,5,878,195,22,13,1,5,1,
126,2,871,188,29,20,1,5,1,
126,3,865,91,94,25,1,5,1,
126,5,875,196,25,13,1,5,1,
127,2,870,188,30,20,1,5,1,
127,3,871,92,89,25,1,5,1,
127,5,873,196,26,13,1,5,1,
128,2,868,189,32,20,1,5,1,
128,3,878,92,82,26,1,5,1,
128,5,870,197,28,13,1,5,1,
129,2,866,190,33,20,1,5,1,
129,3,885,93,75,25,1,5,1,
129,5,868,198,28,12,1,5,1,
130,2,864,190,34,20,1,5,1,
130,3,891,93,69,26,1,5,1,
130,5,865,198,30,13,1,5,1,
131,2,863,191,34,20,1,5,1,
131,3,896,94,64,25,1,5,1,
131,5,863,199,30,12,1,5,1,
132,2,861,192,34,19,1,5,1,
132,3,902,95,58,25,1,5,1,
132,5,860,200,31,12,1,5,1,
133,2,859,193,35,19,1,5,1,
133,3,909,96,51,21,1,5,1,
133,5,860,200,29,12,1,5,1,
134,2,858,193,34,19,1,5,1,
134,3,915,96,45,21,1,5,1,
134,5,860,201,26,12,1,5,1,
135,2,856,194,34,19,1,5,1,
135,3,920,97,40,15,1,5,1,
135,5,859,202,25,11,1,5,1,
136,2,855,195,33,18,1,5,1,
136,3,926,97,34,16,1,5,1,
136,5,860,202,20,11,1,5,1,
137,2,854,196,32,17,1,5,1,
137,3,931,98,29,16,1,5,1,
137,5,861,203,17,10,1,5,1,
138,2,854,196,29,18,1,5,1,
138,5,861,204,14,10,1,5,1,
139,2,853,197,28,17,1,5,1,
139,5,860,204,12,10,1,5,1,
140,2,852,198,26,17,1,5,1,
140,5,858,205,12,9,1,5,1,
141,2,850,198,26,17,1,5,1,
141,5,856,205,14,10,1,5,1,
142,2,849,199,26,17,1,5,1,
142,5,853,206,17,10,1,5,1,
143,2,846,199,28,17,1,5,1,
143,5,850,206,20,10,1,5,1,
144,2,844,200,29,17,1,5,1,
144,5,848,206,21,11,1,5,1,
145,2,842,200,31,17,1,5,1,
145,5,845,206,25,11,1,5,1,
146,2,840,201,32,17,1,5,1,
146,5,843,207,26,11,1,5,1,
147,2,837,201,35,17,1,5,1,
147,5,840,207,29,11,1,5,1,
148,2,835,202,35,16,1,5,1,
148,5,838,208,29,10,1,5,1,
149,2,833,203,36,16,1,5,1,
149,5,835,208,31,11,1,5,1,
150,2,831,203,37,16,1,5,1,
150,5,833,209,31,10,1,5,1,
