1,1,367,403,89,23,1,5,1,
1,2,152,184,95,26,1,5,1,
1,3,748,488,69,24,1,5,1,
1,4,940,79,19,22,1,5,1,
1,5,840,464,26,24,1,5,1,
1,6,333,72,17,19,1,5,1,
1,7,36,358,114,35,1,5,1,
1,8,606,345,21,26,1,5,1,
1,9,386,210,26,24,1,5,1,
1,10,32,313,32,20,1,5,1,
2,1,371,404,94,23,1,5,1,
2,2,141,182,101,28,1,5,1,
2,3,739,488,78,23,1,5,1,
2,4,933,79,26,21,1,5,1,
2,5,839,463,28,24,1,5,1,
2,6,334,70,18,21,1,5,1,
2,7,18,358,130,34,1,5,1,
2,8,606,345,21,27,1,5,1,
2,9,384,211,34,24,1,5,1,
2,10,34,313,30,21,1,5,1,
3,1,376,404,97,23,1,5,1,
3,2,131,179,105,30,1,5,1,
3,3,730,488,86,22,1,5,1,
3,4,922,79,37,20,1,5,1,
3,5,833,461,34,26,1,5,1,
3,6,334,67,21,23,1,5,1,
3,7,0,357,145,35,1,5,1,
3,8,604,346,22,28,1,5,1,
3,9,383,212,42,22,1,5,1,
3,10,32,314,31,21,1,5,1,
4,1,384,405,97,22,1,5,1,
4,2,122,176,104,31,1,5,1,
4,3,722,487,92,22,1,5,1,
4,4,911,79,48,20,1,5,1,
4,5,830,459,38,26,1,5,1,
4,6,334,65,26,23,1,5,1,
4,7,-6,357,146,35,1,5,1,
4,8,601,347,23,29,1,5,1,
4,9,382,214,50,20,1,5,1,
4,10,29,314,30,21,1,5,1,
5,1,391,405,98,21,1,5,1,
5,2,116,173,99,32,1,5,1,
5,3,714,485,98,23,1,5,1,
5,4,899,79,60,21,1,5,1,
5,5,827,457,40,27,1,5,1,
5,6,335,63,32,24,1,5,1,
5,7,-27,356,161,36,1,5,1,
5,8,597,348,28,30,1,5,1,
5,9,383,216,57,19,1,5,1,
5,10,25,315,29,22,1,5,1,
6,1,400,404,98,22,1,5,1,
6,2,111,170,92,33,1,5,1,
6,3,707,482,100,25,1,5,1,
6,4,887,80,72,22,1,5,1,
6,5,823,455,43,27,1,5,1,
6,6,335,61,41,23,1,5,1,
6,7,-50,357,174,32,1,5,1,
6,8,593,349,33,31,1,5,1,
6,9,384,216,63,19,1,5,1,
6,10,20,316,33,23,1,5,1,
7,1,409,403,97,22,1,5,1,
7,2,108,167,83,34,1,5,1,
7,3,700,479,102,28,1,5,1,
7,4,874,81,85,24,1,5,1,
7,5,819,453,46,27,1,5,1,
7,6,337,59,47,22,1,5,1,
7,7,-74,358,188,31,1,5,1,
7,8,590,351,37,31,1,5,1,
7,9,387,216,68,19,1,5,1,
7,10,15,317,37,25,1,5,1,
8,1,418,402,96,22,1,5,1,
8,2,109,164,69,35,1,5,1,
8,3,694,476,101,32,1,5,1,
8,4,862,80,97,29,1,5,1,
8,5,816,452,48,26,1,5,1,
8,6,339,58,54,21,1,5,1,
8,7,-100,359,202,32,1,5,1,
8,8,588,352,40,32,1,5,1,
8,9,391,216,72,19,1,5,1,
8,10,12,318,36,25,1,5,1,
9,1,426,402,97,21,1,5,1,
9,2,108,161,58,36,1,5,1,
9,3,689,472,99,36,1,5,1,
9,4,850,79,107,34,1,5,1,
9,5,812,450,50,27,1,5,1,
9,6,341,57,62,19,1,5,1,
9,7,-127,360,216,31,1,5,1,
9,8,589,354,38,33,1,5,1,
9,9,395,216,75,18,1,5,1,
9,10,10,319,33,25,1,5,1,
10,1,435,401,97,21,1,5,1,
10,2,106,158,47,37,1,5,1,
10,3,684,469,96,38,1,5,1,
10,4,839,79,111,38,1,5,1,
10,5,809,448,50,26,1,5,1,
10,6,345,57,67,16,1,5,1,
10,7,-155,359,228,37,1,5,1,
10,8,591,356,34,34,1,5,1,
10,9,402,216,76,18,1,5,1,
10,10,7,321,32,25,1,5,1,
11,1,442,401,98,21,1,5,1,
11,2,107,155,46,37,1,5,1,
11,3,681,466,91,40,1,5,1,
11,4,828,79,114,42,1,5,1,
11,5,805,446,51,26,1,5,1,
11,6,349,56,73,17,1,5,1,
11,8,592,357,29,37,1,5,1,
11,9,408,216,77,18,1,5,1,
11,10,5,322,32,25,1,5,1,
12,1,449,400,100,21,1,5,1,
12,2,111,152,48,38,1,5,1,
12,3,679,462,85,43,1,5,1,
12,4,818,80,115,45,1,5,1,
12,5,802,444,51,26,1,5,1,
12,6,354,56,77,17,1,5,1,
12,8,592,357,25,41,1,5,1,
12,9,413,217,80,18,1,5,1,
12,10,3,323,34,25,1,5,1,
13,1,456,400,102,22,1,5,1,
13,2,117,150,49,38,1,5,1,
13,3,677,459,78,44,1,5,1,
13,4,809,82,114,47,1,5,1,
13,5,798,442,51,26,1,5,1,
13,6,360,56,80,17,1,5,1,
13,8,592,358,22,44,1,5,1,
13,9,419,218,82,18,1,5,1,
13,10,1,324,35,25,1,5,1,
14,1,464,401,103,21,1,5,1,
14,2,117,148,59,38,1,5,1,
14,3,676,455,71,46,1,5,1,
14,4,801,84,111,49,1,5,1,
14,5,795,441,51,25,1,5,1,
14,6,368,56,81,17,1,5,1,
14,8,594,358,22,48,1,5,1,
14,9,426,218,82,19,1,5,1,
14,10,0,324,35,27,1,5,1,
15,1,472,401,104,21,1,5,1,
15,2,116,146,78,37,1,5,1,
15,3,677,452,62,46,1,5,1,
15,4,794,87,106,50,1,5,1,
15,5,791,439,51,25,1,5,1,
15,6,376,56,82,16,1,5,1,
15,8,594,359,26,51,1,5,1,
15,9,432,219,84,19,1,5,1,
15,10,0,325,34,27,1,5,1,
16,1,481,401,104,21,1,5,1,
16,2,115,144,100,37,1,5,1,
16,3,678,449,52,46,1,5,1,
16,4,788,91,99,50,1,5,1,
16,5,787,437,51,25,1,5,1,
16,6,385,55,82,17,1,5,1,
16,8,594,359,32,55,1,5,1,
16,9,439,220,85,19,1,5,1,
16,10,0,326,34,28,1,5,1,
17,1,489,401,105,21,1,5,1,
17,2,116,143,121,37,1,5,1,
17,3,679,447,44,44,1,5,1,
17,4,783,94,92,50,1,5,1,
17,5,784,436,51,24,1,5,1,
17,6,394,55,82,16,1,5,1,
17,8,592,361,42,56,1,5,1,
17,9,446,220,85,20,1,5,1,
17,10,0,327,34,28,1,5,1,
18,1,498,401,105,21,1,5,1,
18,2,119,142,140,37,1,5,1,
18,3,680,445,35,42,1,5,1,
18,4,780,99,82,48,1,5,1,
18,5,780,434,51,24,1,5,1,
18,6,403,54,82,16,1,5,1,
18,8,590,362,52,58,1,5,1,
18,9,454,222,85,19,1,5,1,
18,10,0,328,34,29,1,5,1,
19,1,507,402,104,21,1,5,1,
19,2,123,141,158,38,1,5,1,
19,3,680,443,28,40,1,5,1,
19,4,778,103,72,47,1,5,1,
19,5,777,433,50,23,1,5,1,
19,6,412,53,82,16,1,5,1,
19,8,588,364,63,58,1,5,1,
19,9,461,223,85,19,1,5,1,
19,10,0,329,35,30,1,5,1,
20,1,517,401,102,22,1,5,1,
20,2,129,140,174,39,1,5,1,
20,3,681,442,21,37,1,5,1,
20,4,777,108,61,44,1,5,1,
20,5,773,431,51,23,1,5,1,
20,6,421,52,83,17,1,5,1,
20,8,587,367,73,57,1,5,1,
20,9,469,223,84,19,1,5,1,
20,10,0,330,36,30,1,5,1,
21,1,527,401,99,21,1,5,1,
21,2,138,140,185,39,1,5,1,
21,3,683,441,16,34,1,5,1,
21,4,776,112,52,42,1,5,1,
21,5,770,430,50,22,1,5,1,
21,6,430,51,83,17,1,5,1,
21,8,586,369,83,57,1,5,1,
21,9,477,224,83,18,1,5,1,
21,10,0,331,39,31,1,5,1,
22,1,538,400,93,22,1,5,1,
22,2,151,140,191,40,1,5,1,
22,3,686,440,16,31,1,5,1,
22,4,776,117,41,38,1,5,1,
22,5,767,428,49,22,1,5,1,
22,6,439,50,83,17,1,5,1,
22,8,587,373,90,54,1,5,1,
22,9,484,224,84,18,1,5,1,
22,10,0,332,41,32,1,5,1,
23,1,548,399,88,22,1,5,1,
23,2,165,141,195,40,1,5,1,
23,3,686,440,21,27,1,5,1,
23,4,775,122,34,34,1,5,1,
23,5,763,427,50,21,1,5,1,
23,6,448,49,84,17,1,5,1,
23,8,588,376,98,51,1,5,1,
23,9,491,224,84,18,1,5,1,
23,10,0,334,45,32,1,5,1,
24,1,560,398,79,21,1,5,1,
24,2,183,142,194,41,1,5,1,
24,3,684,439,25,24,1,5,1,
24,4,774,126,27,31,1,5,1,
24,5,760,425,49,22,1,5,1,
24,6,457,48,85,17,1,5,1,
24,8,589,380,105,47,1,5,1,
24,9,498,223,85,19,1,5,1,
24,10,3,335,46,33,1,5,1,
25,1,570,396,74,21,1,5,1,
25,2,201,143,193,41,1,5,1,
25,3,684,438,27,22,1,5,1,
25,4,773,130,23,29,1,5,1,
25,5,756,424,50,21,1,5,1,
25,6,465,48,86,16,1,5,1,
25,8,592,384,110,41,1,5,1,
25,9,504,223,87,18,1,5,1,
25,10,3,336,50,33,1,5,1,
26,1,581,395,66,21,1,5,1,
26,2,223,146,190,39,1,5,1,
26,3,685,436,27,22,1,5,1,
26,4,772,133,20,27,1,5,1,
26,5,753,423,49,20,1,5,1,
26,6,474,47,86,17,1,5,1,
26,8,596,388,114,38,1,5,1,
26,9,511,223,87,18,1,5,1,
26,10,4,337,54,34,1,5,1,
27,1,589,394,62,22,1,5,1,
27,2,244,148,188,38,1,5,1,
27,3,688,434,25,23,1,5,1,
27,4,771,136,19,26,1,5,1,
27,5,750,421,48,21,1,5,1,
27,6,482,47,88,17,1,5,1,
27,8,601,391,116,35,1,5,1,
27,9,517,223,89,18,1,5,1,
27,10,5,339,58,34,1,5,1,
28,1,598,392,56,23,1,5,1,
28,2,267,149,183,38,1,5,1,
28,3,692,432,21,23,1,5,1,
28,4,769,138,19,25,1,5,1,
28,5,746,420,49,20,1,5,1,
28,6,491,47,88,17,1,5,1,
28,8,607,394,116,33,1,5,1,
28,9,524,223,90,18,1,5,1,
28,10,8,340,60,35,1,5,1,
29,1,606,391,52,22,1,5,1,
29,2,290,151,175,37,1,5,1,
29,3,696,430,17,24,1,5,1,
29,4,768,140,18,24,1,5,1,
29,5,743,419,48,19,1,5,1,
29,6,502,47,87,17,1,5,1,
29,8,616,398,113,29,1,5,1,
29,9,532,222,89,19,1,5,1,
29,10,11,341,63,36,1,5,1,
30,1,613,390,48,22,1,5,1,
30,2,309,152,170,38,1,5,1,
30,3,696,428,17,24,1,5,1,
30,4,767,142,18,24,1,5,1,
30,5,740,418,47,19,1,5,1,
30,6,511,46,87,18,1,5,1,
30,8,624,400,112,28,1,5,1,
30,9,539,222,90,19,1,5,1,
30,10,14,342,68,37,1,5,1,
31,1,618,388,46,22,1,5,1,
31,2,327,153,164,38,1,5,1,
31,3,695,426,19,25,1,5,1,
31,4,766,144,18,23,1,5,1,
31,5,736,416,48,19,1,5,1,
31,6,520,47,88,17,1,5,1,
31,8,631,403,112,26,1,5,1,
31,9,546,222,91,19,1,5,1,
31,10,17,344,74,37,1,5,1,
32,1,623,387,45,22,1,5,1,
32,2,345,155,157,37,1,5,1,
32,3,691,424,23,25,1,5,1,
32,4,765,145,18,23,1,5,1,
32,5,733,415,47,19,1,5,1,
32,6,529,47,88,17,1,5,1,
32,8,639,405,111,25,1,5,1,
32,9,553,222,91,19,1,5,1,
32,10,21,345,79,38,1,5,1,
33,1,628,386,43,21,1,5,1,
33,2,363,156,150,38,1,5,1,
33,3,686,422,29,25,1,5,1,
33,4,763,147,19,22,1,5,1,
33,5,730,414,47,18,1,5,1,
33,6,538,47,88,17,1,5,1,
33,8,647,406,110,24,1,5,1,
33,9,560,222,92,19,1,5,1,
33,10,25,346,85,39,1,5,1,
34,1,633,384,41,21,1,5,1,
34,2,382,157,142,38,1,5,1,
34,3,681,421,36,24,1,5,1,
34,4,762,149,19,22,1,5,1,
34,5,727,413,46,18,1,5,1,
34,6,548,47,87,17,1,5,1,
34,8,656,406,107,24,1,5,1,
34,9,568,222,89,19,1,5,1,
34,10,30,348,90,39,1,5,1,
35,1,637,383,40,21,1,5,1,
35,2,398,159,137,37,1,5,1,
35,3,677,419,41,24,1,5,1,
35,4,761,150,18,22,1,5,1,
35,5,723,412,47,17,1,5,1,
35,6,557,47,87,17,1,5,1,
35,8,664,406,105,23,1,5,1,
35,9,575,222,88,19,1,5,1,
35,10,35,349,96,40,1,5,1,
36,1,641,382,39,20,1,5,1,
36,2,416,161,129,37,1,5,1,
36,3,674,418,44,23,1,5,1,
36,4,759,152,19,21,1,5,1,
36,5,720,411,46,17,1,5,1,
36,6,566,47,87,18,1,5,1,
36,8,673,405,101,24,1,5,1,
36,9,583,222,86,19,1,5,1,
36,10,41,350,101,41,1,5,1,
37,1,646,381,37,20,1,5,1,
37,2,431,163,124,36,1,5,1,
37,3,671,416,45,23,1,5,1,
37,4,758,153,19,21,1,5,1,
37,5,717,410,46,17,1,5,1,
37,6,576,48,86,17,1,5,1,
37,8,682,405,98,24,1,5,1,
37,9,590,222,86,19,1,5,1,
37,10,47,352,107,41,1,5,1,
38,1,650,379,36,20,1,5,1,
38,2,448,165,117,35,1,5,1,
38,3,668,415,46,22,1,5,1,
38,4,756,155,19,20,1,5,1,
38,5,714,409,45,16,1,5,1,
38,6,586,48,85,17,1,5,1,
38,8,692,403,90,24,1,5,1,
38,9,599,222,83,19,1,5,1,
38,10,55,353,111,42,1,5,1,
39,1,655,378,33,19,1,5,1,
39,2,466,167,108,35,1,5,1,
39,3,665,414,45,21,1,5,1,
39,4,755,157,18,20,1,5,1,
39,5,711,408,44,16,1,5,1,
39,6,598,48,82,18,1,5,1,
39,8,704,400,80,24,1,5,1,
39,9,608,222,80,19,1,5,1,
39,10,64,355,116,42,1,5,1,
40,1,658,377,32,19,1,5,1,
40,2,478,169,105,34,1,5,1,
40,3,662,412,46,21,1,5,1,
40,4,753,158,19,20,1,5,1,
40,5,707,407,45,15,1,5,1,
40,6,606,49,82,17,1,5,1,
40,8,713,398,71,26,1,5,1,
40,9,615,222,78,20,1,5,1,
40,10,71,356,122,44,1,5,1,
41,1,662,375,30,20,1,5,1,
41,2,489,170,103,34,1,5,1,
41,3,658,411,47,21,1,5,1,
41,4,752,159,19,20,1,5,1,
41,5,704,406,45,15,1,5,1,
41,6,614,49,83,18,1,5,1,
41,8,721,396,64,26,1,5,1,
41,9,621,223,78,19,1,5,1,
41,10,78,358,130,44,1,5,1,
42,1,665,374,29,19,1,5,1,
42,2,501,172,99,33,1,5,1,
42,3,655,410,47,20,1,5,1,
42,4,750,160,19,20,1,5,1,
42,5,701,405,45,15,1,5,1,
42,6,623,50,82,18,1,5,1,
42,8,729,395,60,26,1,5,1,
42,9,628,223,76,19,1,5,1,
42,10,87,359,136,45,1,5,1,
43,1,668,373,28,19,1,5,1,
43,2,512,174,96,32,1,5,1,
43,3,652,409,48,20,1,5,1,
43,4,748,162,20,19,1,5,1,
43,5,698,404,45,15,1,5,1,
43,6,631,50,83,18,1,5,1,
43,8,734,394,58,25,1,5,1,
43,9,634,223,76,19,1,5,1,
43,10,96,361,142,46,1,5,1,
44,1,671,372,27,18,1,5,1,
44,2,524,176,91,32,1,5,1,
44,3,649,407,47,20,1,5,1,
44,4,747,163,19,19,1,5,1,
44,5,695,403,44,15,1,5,1,
44,6,641,51,81,18,1,5,1,
44,8,739,393,56,25,1,5,1,
44,9,641,223,74,19,1,5,1,
44,10,106,362,149,47,1,5,1,
45,1,674,371,26,18,1,5,1,
45,2,534,178,88,31,1,5,1,
45,3,645,406,48,19,1,5,1,
45,4,745,164,20,19,1,5,1,
45,6,650,51,80,18,1,5,1,
45,8,743,392,55,25,1,5,1,
45,9,648,223,72,19,1,5,1,
45,10,117,364,155,47,1,5,1,
46,1,676,370,26,18,1,5,1,
46,2,543,179,86,31,1,5,1,
46,3,642,405,49,19,1,5,1,
46,4,743,165,20,19,1,5,1,
46,6,657,52,81,18,1,5,1,
46,8,747,391,54,25,1,5,1,
46,9,654,223,71,19,1,5,1,
46,10,127,365,162,49,1,5,1,
47,1,679,369,25,17,1,5,1,
47,2,552,181,84,30,1,5,1,
47,3,639,404,49,19,1,5,1,
47,4,742,167,20,18,1,5,1,
47,6,665,53,81,18,1,5,1,
47,8,750,390,54,25,1,5,1,
47,9,659,224,71,18,1,5,1,
47,10,137,367,171,49,1,5,1,
48,1,681,368,25,17,1,5,1,
48,2,562,183,81,29,1,5,1,
48,3,635,403,50,18,1,5,1,
48,4,740,168,20,18,1,5,1,
48,6,674,53,80,18,1,5,1,
48,8,755,389,51,24,1,5,1,
48,9,666,224,69,18,1,5,1,
48,10,150,368,177,51,1,5,1,
49,1,684,367,23,17,1,5,1,
49,2,571,184,78,29,1,5,1,
49,3,632,402,49,18,1,5,1,
49,4,738,169,21,18,1,5,1,
49,6,682,54,79,18,1,5,1,
49,8,759,388,50,24,1,5,1,
49,9,672,224,68,18,1,5,1,
49,10,162,370,185,51,1,5,1,
50,1,686,366,23,17,1,5,1,
50,2,579,186,76,28,1,5,1,
50,3,628,401,50,18,1,5,1,
50,4,736,170,21,17,1,5,1,
50,6,690,55,79,18,1,5,1,
50,8,763,387,48,24,1,5,1,
50,9,678,224,66,19,1,5,1,
50,10,175,372,193,52,1,5,1,
51,1,688,365,23,16,1,5,1,
51,2,588,187,73,28,1,5,1,
51,3,625,400,50,17,1,5,1,
51,4,734,171,21,17,1,5,1,
51,6,699,56,77,18,1,5,1,
51,8,767,386,47,24,1,5,1,
51,9,684,224,65,19,1,5,1,
51,10,189,374,200,53,1,5,1,
52,1,691,364,21,16,1,5,1,
52,2,596,189,70,27,1,5,1,
52,3,621,400,51,16,1,5,1,
52,4,732,172,22,17,1,5,1,
52,6,707,56,77,19,1,5,1,
52,8,771,385,45,24,1,5,1,
52,9,690,225,63,18,1,5,1,
52,10,204,374,210,53,1,5,1,
53,1,693,363,21,16,1,5,1,
53,2,603,190,68,27,1,5,1,
53,3,617,399,52,16,1,5,1,
53,4,730,174,22,16,1,5,1,
53,6,715,57,76,18,1,5,1,
53,8,775,385,43,23,1,5,1,
53,9,695,225,62,18,1,5,1,
53,10,218,375,219,54,1,5,1,
54,1,695,362,20,16,1,5,1,
54,2,611,192,71,25,1,5,1,
54,3,614,398,51,15,1,5,1,
54,4,728,175,22,16,1,5,1,
54,6,723,58,76,18,1,5,1,
54,8,779,384,41,23,1,5,1,
54,9,701,225,60,18,1,5,1,
54,10,235,376,226,56,1,5,1,
55,1,697,361,20,16,1,5,1,
55,2,617,194,76,23,1,5,1,
55,3,610,397,52,15,1,5,1,
55,4,726,176,22,16,1,5,1,
55,6,731,59,75,18,1,5,1,
55,8,782,383,40,23,1,5,1,
55,9,706,225,60,18,1,5,1,
55,10,252,377,234,57,1,5,1,
56,1,699,360,19,16,1,5,1,
56,2,622,195,83,22,1,5,1,
56,3,606,397,52,14,1,5,1,
56,4,724,177,22,16,1,5,1,
56,6,739,60,75,18,1,5,1,
56,8,786,382,38,23,1,5,1,
56,9,712,225,58,18,1,5,1,
56,10,272,379,240,58,1,5,1,
57,1,701,359,18,15,1,5,1,
57,2,627,195,90,22,1,5,1,
57,3,602,396,53,14,1,5,1,
57,4,722,178,23,15,1,5,1,
57,6,747,60,75,18,1,5,1,
57,8,789,381,37,22,1,5,1,
57,9,717,226,56,17,1,5,1,
57,10,290,381,248,58,1,5,1,
58,1,703,358,17,15,1,5,1,
58,2,634,194,96,21,1,5,1,
58,3,598,395,53,14,1,5,1,
58,4,720,179,23,15,1,5,1,
58,6,755,61,75,18,1,5,1,
58,8,792,380,36,22,1,5,1,
58,9,722,226,55,18,1,5,1,
58,10,310,382,255,59,1,5,1,
59,1,704,357,18,15,1,5,1,
59,2,640,193,102,21,1,5,1,
59,3,594,394,54,14,1,5,1,
59,4,718,180,23,15,1,5,1,
59,6,762,62,75,17,1,5,1,
59,8,795,379,35,22,1,5,1,
59,9,727,226,54,18,1,5,1,
59,10,329,384,264,59,1,5,1,
60,1,706,356,17,15,1,5,1,
60,2,648,192,107,22,1,5,1,
60,3,590,394,54,13,1,5,1,
60,4,716,181,23,15,1,5,1,
60,6,770,62,75,18,1,5,1,
60,8,799,378,33,22,1,5,1,
60,9,732,226,53,18,1,5,1,
60,10,350,385,271,61,1,5,1,
61,1,708,356,16,14,1,5,1,
61,2,657,191,112,22,1,5,1,
61,3,586,393,54,13,1,5,1,
61,4,714,182,23,14,1,5,1,
61,6,778,63,75,17,1,5,1,
61,8,801,377,32,22,1,5,1,
61,9,736,227,52,17,1,5,1,
61,10,371,387,279,60,1,5,1,
62,1,709,355,16,14,1,5,1,
62,2,667,190,116,22,1,5,1,
62,3,581,393,55,12,1,5,1,
62,4,712,183,23,14,1,5,1,
62,6,785,63,75,18,1,5,1,
62,8,804,376,31,22,1,5,1,
62,9,741,227,50,17,1,5,1,
62,10,394,388,285,61,1,5,1,
63,1,711,354,15,14,1,5,1,
63,2,677,189,120,22,1,5,1,
63,3,577,392,56,12,1,5,1,
63,4,710,183,23,15,1,5,1,
63,6,793,64,75,17,1,5,1,
63,8,807,375,30,22,1,5,1,
63,9,746,227,49,17,1,5,1,
63,10,417,389,292,62,1,5,1,
64,1,712,353,15,14,1,5,1,
64,2,688,189,123,22,1,5,1,
64,3,572,392,56,11,1,5,1,
64,4,708,184,23,15,1,5,1,
64,6,801,64,74,17,1,5,1,
64,8,810,375,29,21,1,5,1,
64,9,750,227,48,17,1,5,1,
64,10,441,390,297,63,1,5,1,
65,1,714,352,13,14,1,5,1,
65,2,699,189,125,21,1,5,1,
65,3,568,391,56,12,1,5,1,
65,4,706,185,23,14,1,5,1,
65,6,809,64,73,18,1,5,1,
65,8,812,374,28,21,1,5,1,
65,9,754,228,47,16,1,5,1,
65,10,465,391,304,63,1,5,1,
66,1,714,353,16,12,1,5,1,
66,2,711,188,125,22,1,5,1,
66,3,563,391,57,12,1,5,1,
66,4,703,186,24,14,1,5,1,
66,6,816,65,73,18,1,5,1,
66,8,814,373,28,21,1,5,1,
66,9,759,228,45,16,1,5,1,
66,10,491,392,309,64,1,5,1,
67,1,715,352,19,13,1,5,1,
67,2,723,188,125,22,1,5,1,
67,3,558,391,57,12,1,5,1,
67,4,701,187,24,14,1,5,1,
67,6,824,65,72,18,1,5,1,
67,8,816,372,28,21,1,5,1,
67,9,763,228,45,17,1,5,1,
67,10,517,393,314,64,1,5,1,
68,1,714,352,22,12,1,5,1,
68,2,736,188,124,22,1,5,1,
68,3,554,391,57,12,1,5,1,
68,4,699,188,24,13,1,5,1,
68,6,832,66,71,18,1,5,1,
68,8,818,372,27,20,1,5,1,
68,9,766,228,45,17,1,5,1,
68,10,544,394,319,65,1,5,1,
69,1,715,351,23,13,1,5,1,
69,2,749,188,123,21,1,5,1,
69,3,550,391,56,12,1,5,1,
69,4,696,189,25,13,1,5,1,
69,6,840,67,69,18,1,5,1,
69,8,819,371,28,20,1,5,1,
69,9,770,229,44,16,1,5,1,
69,10,571,395,324,65,1,5,1,
70,1,717,350,23,13,1,5,1,
70,2,761,187,122,22,1,5,1,
70,3,546,392,55,11,1,5,1,
70,4,694,189,25,14,1,5,1,
70,6,847,67,68,18,1,5,1,
70,8,822,370,25,20,1,5,1,
70,9,774,229,42,16,1,5,1,
70,10,600,396,327,66,1,5,1,
71,1,719,350,22,12,1,5,1,
71,2,774,187,121,22,1,5,1,
71,3,542,392,53,12,1,5,1,
71,4,691,190,26,13,1,5,1,
71,6,855,68,66,18,1,5,1,
71,8,824,369,24,20,1,5,1,
71,9,778,229,41,16,1,5,1,
71,10,627,397,332,66,1,5,1,
72,1,722,349,20,12,1,5,1,
72,2,787,187,119,22,1,5,1,
72,3,539,393,51,11,1,5,1,
72,4,689,191,26,13,1,5,1,
72,6,862,69,65,18,1,5,1,
72,8,824,368,24,20,1,5,1,
72,9,782,229,39,16,1,5,1,
72,10,658,398,302,67,1,5,1,
73,1,725,348,18,13,1,5,1,
73,2,799,187,118,22,1,5,1,
73,3,537,393,48,12,1,5,1,
73,4,687,192,26,12,1,5,1,
73,6,869,70,64,18,1,5,1,
73,8,825,367,23,20,1,5,1,
73,9,786,230,37,15,1,5,1,
73,10,685,399,275,67,1,5,1,
74,1,727,348,16,12,1,5,1,
74,2,812,187,116,22,1,5,1,
74,3,535,394,44,12,1,5,1,
74,4,684,193,27,12,1,5,1,
74,6,876,70,63,18,1,5,1,
74,8,825,366,23,20,1,5,1,
74,9,790,230,35,16,1,5,1,
74,10,716,400,244,57,1,5,1,
75,1,729,347,15,12,1,5,1,
75,2,823,187,116,22,1,5,1,
75,3,533,395,41,12,1,5,1,
75,4,682,193,26,13,1,5,1,
75,6,883,71,62,18,1,5,1,
75,8,825,365,23,20,1,5,1,
75,9,793,230,34,16,1,5,1,
75,10,744,401,216,58,1,5,1,
76,1,731,346,14,12,1,5,1,
76,2,836,187,114,22,1,5,1,
76,3,533,395,35,13,1,5,1,
76,4,679,194,27,12,1,5,1,
76,6,890,72,60,18,1,5,1,
76,8,825,364,23,20,1,5,1,
76,9,797,231,32,15,1,5,1,
76,10,778,406,182,54,1,5,1,
77,1,732,346,13,12,1,5,1,
77,2,848,187,111,22,1,5,1,
77,3,532,395,31,14,1,5,1,
77,4,677,195,27,12,1,5,1,
77,6,896,73,59,18,1,5,1,
77,8,825,364,23,19,1,5,1,
77,9,799,231,32,15,1,5,1,
77,10,806,408,154,48,1,5,1,
78,1,732,345,14,12,1,5,1,
78,2,860,187,100,22,1,5,1,
78,3,531,395,27,15,1,5,1,
78,4,674,195,27,12,1,5,1,
78,6,903,74,56,18,1,5,1,
78,8,825,363,23,19,1,5,1,
78,9,803,231,30,15,1,5,1,
78,10,838,413,122,36,1,5,1,
79,1,733,344,13,12,1,5,1,
79,2,871,187,89,22,1,5,1,
79,3,531,396,23,15,1,5,1,
79,4,671,196,28,12,1,5,1,
79,6,909,74,51,19,1,5,1,
79,8,826,362,22,19,1,5,1,
79,9,805,231,30,15,1,5,1,
80,1,733,344,13,12,1,5,1,
80,2,881,187,79,22,1,5,1,
80,3,531,397,19,16,1,5,1,
80,4,669,197,28,11,1,5,1,
80,6,914,75,46,19,1,5,1,
80,8,825,361,22,19,1,5,1,
80,9,808,232,29,15,1,5,1,
81,1,733,343,13,12,1,5,1,
81,2,891,188,69,21,1,5,1,
81,3,531,397,16,17,1,5,1,
81,4,666,197,29,12,1,5,1,
81,6,920,76,40,18,1,5,1,
81,8,825,360,22,19,1,5,1,
81,9,810,232,28,15,1,5,1,
82,1,733,343,13,11,1,5,1,
82,2,901,189,59,20,1,5,1,
82,3,531,398,13,17,1,5,1,
82,4,664,198,29,11,1,5,1,
82,6,925,77,35,18,1,5,1,
82,8,825,360,22,19,1,5,1,
82,9,812,232,28,15,1,5,1,
83,1,734,342,13,12,1,5,1,
83,2,912,190,48,17,1,5,1,
83,3,531,399,16,17,1,5,1,
83,4,661,199,30,11,1,5,1,
83,6,931,78,29,16,1,5,1,
83,8,825,359,21,19,1,5,1,
83,9,815,232,26,15,1,5,1,
84,1,733,341,14,12,1,5,1,
84,2,922,192,38,11,1,5,1,
84,3,531,400,20,17,1,5,1,
84,4,658,199,30,11,1,5,1,
84,6,936,79,24,11,1,5,1,
84,8,825,358,21,19,1,5,1,
84,9,817,233,26,14,1,5,1,
85,1,733,341,14,11,1,5,1,
85,3,531,401,25,17,1,5,1,
85,4,656,200,30,11,1,5,1,
85,6,941,80,19,11,1,5,1,
85,8,825,357,21,19,1,5,1,
85,9,819,233,26,14,1,5,1,
86,1,733,340,14,12,1,5,1,
86,3,531,402,30,17,1,5,1,
86,8,824,357,21,18,1,5,1,
86,9,822,233,24,15,1,5,1,
87,1,733,339,13,12,1,5,1,
87,3,530,402,36,18,1,5,1,
87,8,824,356,21,18,1,5,1,
87,9,823,234,24,14,1,5,1,
88,1,732,339,14,11,1,5,1,
88,3,529,403,43,18,1,5,1,
88,8,824,355,20,19,1,5,1,
88,9,825,234,24,14,1,5,1,
89,1,732,338,14,12,1,5,1,
89,3,529,404,49,17,1,5,1,
89,8,823,354,21,19,1,5,1,
89,9,826,234,24,14,1,5,1,
90,1,731,338,15,11,1,5,1,
90,3,529,405,55,17,1,5,1,
90,8,823,354,20,18,1,5,1,
90,9,828,234,23,14,1,5,1,
91,1,731,337,14,12,1,5,1,
91,3,530,406,59,17,1,5,1,
91,8,823,353,19,19,1,5,1,
91,9,829,235,23,13,1,5,1,
92,1,730,337,15,11,1,5,1,
92,3,531,407,63,17,1,5,1,
92,8,822,352,20,19,1,5,1,
92,9,831,235,21,13,1,5,1,
93,1,729,336,15,12,1,5,1,
93,3,533,407,66,18,1,5,1,
93,8,821,352,20,18,1,5,1,
93,9,832,235,21,13,1,5,1,
94,1,728,335,16,12,1,5,1,
94,3,535,408,69,17,1,5,1,
94,8,821,351,20,18,1,5,1,
94,9,834,235,19,14,1,5,1,
95,1,727,335,17,11,1,5,1,
95,3,538,409,72,17,1,5,1,
95,8,820,350,21,18,1,5,1,
95,9,836,236,17,14,1,5,1,
96,1,726,334,18,12,1,5,1,
96,3,542,410,73,17,1,5,1,
96,8,819,349,21,19,1,5,1,
96,9,837,236,17,14,1,5,1,
97,1,725,333,18,12,1,5,1,
97,3,545,410,75,17,1,5,1,
97,8,818,349,22,18,1,5,1,
97,9,838,237,17,14,1,5,1,
98,1,724,332,18,13,1,5,1,
98,3,549,411,76,17,1,5,1,
98,8,818,348,21,18,1,5,1,
98,9,839,237,17,14,1,5,1,
99,1,723,331,19,13,1,5,1,
99,3,553,412,78,17,1,5,1,
99,8,817,347,22,18,1,5,1,
99,9,839,238,18,13,1,5,1,
100,1,722,330,18,14,1,5,1,
100,3,557,413,79,16,1,5,1,
100,8,816,347,22,17,1,5,1,
100,9,840,238,18,13,1,5,1,
101,1,722,330,17,13,1,5,1,
101,3,561,414,80,16,1,5,1,
101,8,816,346,21,18,1,5,1,
101,9,840,238,19,13,1,5,1,
102,1,722,329,16,13,1,5,1,
102,3,566,414,80,16,1,5,1,
102,8,815,345,22,18,1,5,1,
102,9,841,239,19,12,1,5,1,
103,1,722,329,14,12,1,5,1,
103,3,570,415,82,16,1,5,1,
103,8,814,345,22,17,1,5,1,
103,9,842,239,19,13,1,5,1,
104,1,721,328,14,12,1,5,1,
104,3,575,416,82,15,1,5,1,
104,8,814,344,21,17,1,5,1,
104,9,842,239,20,13,1,5,1,
105,1,721,328,12,12,1,5,1,
105,3,580,416,82,15,1,5,1,
105,8,813,344,21,16,1,5,1,
105,9,843,239,19,13,1,5,1,
106,1,721,327,11,12,1,5,1,
106,3,584,417,84,15,1,5,1,
106,8,813,343,20,17,1,5,1,
106,9,844,239,19,13,1,5,1,
107,1,721,327,11,11,1,5,1,
107,3,589,417,84,15,1,5,1,
107,8,812,343,20,16,1,5,1,
107,9,846,240,18,12,1,5,1,
108,1,721,327,11,10,1,5,1,
108,3,594,418,84,14,1,5,1,
108,8,811,342,20,16,1,5,1,
108,9,847,240,17,12,1,5,1,
109,1,720,326,11,11,1,5,1,
109,3,599,418,84,14,1,5,1,
109,8,811,341,20,16,1,5,1,
109,9,848,240,17,12,1,5,1,
110,1,720,326,11,10,1,5,1,
110,3,604,418,84,14,1,5,1,
110,8,810,341,20,16,1,5,1,
110,9,849,240,16,12,1,5,1,
111,1,719,325,11,11,1,5,1,
111,3,610,418,83,14,1,5,1,
111,8,809,340,20,16,1,5,1,
111,9,850,240,15,12,1,5,1,
112,1,719,325,11,10,1,5,1,
112,3,615,418,83,14,1,5,1,
112,8,808,340,21,15,1,5,1,
112,9,851,241,15,12,1,5,1,
113,1,719,325,10,10,1,5,1,
113,3,621,418,82,15,1,5,1,
113,8,807,339,21,15,1,5,1,
113,9,851,241,15,12,1,5,1,
114,3,626,418,82,14,1,5,1,
114,8,807,339,20,15,1,5,1,
114,9,852,241,14,12,1,5,1,
115,3,631,418,82,14,1,5,1,
115,8,806,338,21,15,1,5,1,
115,9,852,241,14,12,1,5,1,
116,3,635,418,82,14,1,5,1,
116,8,805,338,21,15,1,5,1,
116,9,852,241,15,12,1,5,1,
117,3,639,418,83,14,1,5,1,
117,8,804,337,22,15,1,5,1,
117,9,852,242,15,11,1,5,1,
118,3,644,418,82,14,1,5,1,
118,8,803,337,22,15,1,5,1,
118,9,852,242,15,11,1,5,1,
119,3,649,418,82,14,1,5,1,
119,8,802,336,22,15,1,5,1,
119,9,853,242,14,11,1,5,1,
120,3,658,418,77,14,1,5,1,
120,8,801,336,22,14,1,5,1,
120,9,853,242,14,12,1,5,1,
121,3,662,417,77,14,1,5,1,
121,8,800,335,22,14,1,5,1,
121,9,853,242,14,12,1,5,1,
122,3,667,417,77,14,1,5,1,
122,8,800,335,21,14,1,5,1,
122,9,852,243,14,11,1,5,1,
123,3,671,417,77,14,1,5,1,
123,9,852,243,14,11,1,5,1,
124,3,675,417,77,14,1,5,1,
124,9,852,243,14,11,1,5,1,
125,3,679,416,77,14,1,5,1,
125,9,852,243,14,11,1,5,1,
126,3,683,416,76,14,1,5,1,
126,9,852,243,13,11,1,5,1,
127,3,686,416,77,13,1,5,1,
127,9,852,244,13,10,1,5,1,
128,3,690,415,77,14,1,5,1,
128,9,851,244,14,10,1,5,1,
129,3,695,415,75,13,1,5,1,
129,9,851,244,13,11,1,5,1,
130,3,698,414,76,14,1,5,1,
130,9,851,244,13,11,1,5,1,
131,3,701,414,76,14,1,5,1,
131,9,850,244,13,11,1,5,1,
132,3,704,413,76,14,1,5,1,
132,9,850,244,13,11,1,5,1,
133,3,708,413,75,14,1,5,1,
133,9,849,245,14,10,1,5,1,
134,3,711,412,76,14,1,5,1,
134,5,499,400,50,18,1,5,1,
134,9,849,245,13,10,1,5,1,
135,3,717,412,73,14,1,5,1,
135,5,500,401,53,17,1,5,1,
135,9,848,245,13,10,1,5,1,
136,3,721,411,71,14,1,5,1,
136,5,502,402,55,17,1,5,1,
136,9,848,245,13,10,1,5,1,
137,3,726,410,69,15,1,5,1,
137,5,503,403,58,17,1,5,1,
137,9,847,245,13,10,1,5,1,
138,3,730,410,68,14,1,5,1,
138,5,505,404,60,16,1,5,1,
138,9,846,245,14,10,1,5,1,
139,3,736,409,64,15,1,5,1,
139,5,508,405,61,16,1,5,1,
139,9,845,245,14,10,1,5,1,
140,3,740,408,63,15,1,5,1,
140,5,510,406,63,15,1,5,1,
140,9,845,246,14,9,1,5,1,
141,3,744,408,61,15,1,5,1,
141,5,513,407,64,15,1,5,1,
141,9,844,246,15,9,1,5,1,
142,3,748,407,60,15,1,5,1,
142,5,516,407,65,15,1,5,1,
142,9,843,246,15,9,1,5,1,
143,3,752,407,58,15,1,5,1,
143,5,518,408,68,15,1,5,1,
144,3,756,406,56,15,1,5,1,
144,5,521,409,69,14,1,5,1,
145,3,759,405,55,16,1,5,1,
145,5,523,410,71,13,1,5,1,
146,3,762,404,54,16,1,5,1,
146,5,526,410,72,14,1,5,1,
147,3,765,404,53,16,1,5,1,
147,5,529,411,73,13,1,5,1,
148,3,768,403,52,17,1,5,1,
148,5,531,411,75,13,1,5,1,
149,3,771,402,51,17,1,5,1,
149,5,534,412,77,12,1,5,1,
150,3,774,402,49,17,1,5,1,
150,5,537,412,78,12,1,5,1,
