1,1,281,413,16,21,1,5,1,
1,2,585,425,95,28,1,5,1,
1,3,462,265,64,15,1,5,1,
1,4,385,476,76,39,1,5,1,
1,5,377,172,39,22,1,5,1,
1,6,717,154,14,19,1,5,1,
1,7,814,498,24,24,1,5,1,
1,8,497,372,18,22,1,5,1,
1,9,243,123,79,19,1,5,1,
1,10,710,454,66,27,1,5,1,
1,11,337,129,46,11,1,5,1,
1,12,112,269,50,33,1,5,1,
1,13,353,40,70,40,1,5,1,
1,14,681,33,50,13,1,5,1,
1,15,648,391,40,39,1,5,1,
1,16,748,0,17,14,1,5,1,
1,17,731,482,56,16,1,5,1,
1,18,278,426,66,27,1,5,1,
1,19,842,381,28,31,1,5,1,
1,20,736,273,48,9,1,5,1,
1,21,595,349,42,14,1,5,1,
1,22,263,471,20,45,1,5,1,
1,23,777,171,127,23,1,5,1,
1,24,174,247,26,18,1,5,1,
1,25,114,419,21,13,1,5,1,
1,26,441,385,107,39,1,5,1,
1,27,256,65,48,23,1,5,1,
1,28,47,162,49,23,1,5,1,
1,29,664,58,25,27,1,5,1,
1,30,815,86,131,32,1,5,1,
1,31,400,0,27,22,1,5,1,
1,32,331,195,71,20,1,5,1,
1,33,394,99,37,17,1,5,1,
1,34,776,51,85,59,1,5,1,
1,35,596,241,80,18,1,5,1,
1,36,36,178,48,30,1,5,1,
1,37,935,59,24,35,1,5,1,
1,38,98,64,131,29,1,5,1,
1,39,153,406,111,26,1,5,1,
1,40,0,237,183,47,1,5,1,
1,41,318,270,121,26,1,5,1,
1,42,834,140,89,18,1,5,1,
2,1,283,410,16,21,1,5,1,
2,2,596,430,91,24,1,5,1,
2,3,458,265,56,15,1,5,1,
2,4,377,479,65,41,1,5,1,
2,5,377,175,29,20,1,5,1,
2,6,719,158,15,15,1,5,1,
2,7,818,496,22,21,1,5,1,
2,8,496,371,23,21,1,5,1,
2,9,257,123,70,19,1,5,1,
2,10,708,452,52,33,1,5,1,
2,11,348,130,41,10,1,5,1,
2,12,102,269,74,34,1,5,1,
2,13,363,48,68,33,1,5,1,
2,14,690,32,47,11,1,5,1,
2,15,654,388,34,35,1,5,1,
2,16,746,0,18,18,1,5,1,
2,17,728,481,45,18,1,5,1,
2,18,283,430,70,23,1,5,1,
2,19,840,385,28,27,1,5,1,
2,20,748,274,42,9,1,5,1,
2,21,606,348,34,14,1,5,1,
2,22,263,475,21,47,1,5,1,
2,23,797,169,115,24,1,5,1,
2,24,169,247,36,19,1,5,1,
2,25,108,418,27,12,1,5,1,
2,26,441,382,83,38,1,5,1,
2,27,253,62,39,22,1,5,1,
2,28,53,165,52,21,1,5,1,
2,29,664,54,22,31,1,5,1,
2,30,829,84,130,29,1,5,1,
2,31,400,0,21,26,1,5,1,
2,32,343,197,66,20,1,5,1,
2,33,396,98,41,16,1,5,1,
2,34,775,59,58,55,1,5,1,
2,35,615,241,68,18,1,5,1,
2,36,40,176,43,30,1,5,1,
2,37,935,54,24,37,1,5,1,
2,38,81,60,127,30,1,5,1,
2,39,173,405,107,26,1,5,1,
2,40,-9,235,184,48,1,5,1,
2,41,309,269,112,27,1,5,1,
2,42,822,141,88,19,1,5,1,
3,1,286,408,15,20,1,5,1,
3,2,603,429,93,26,1,5,1,
3,3,456,265,50,15,1,5,1,
3,4,370,482,60,45,1,5,1,
3,5,377,177,23,19,1,5,1,
3,6,719,159,20,15,1,5,1,
3,7,818,496,21,18,1,5,1,
3,8,496,370,28,21,1,5,1,
3,9,267,123,65,19,1,5,1,
3,10,708,451,42,38,1,5,1,
3,11,354,130,40,11,1,5,1,
3,12,96,269,95,35,1,5,1,
3,13,370,52,70,31,1,5,1,
3,14,697,31,46,11,1,5,1,
3,15,655,385,33,34,1,5,1,
3,16,745,0,18,22,1,5,1,
3,17,725,479,39,23,1,5,1,
3,18,288,431,75,22,1,5,1,
3,19,840,386,29,28,1,5,1,
3,20,756,274,38,9,1,5,1,
3,21,614,347,27,14,1,5,1,
3,22,263,478,22,49,1,5,1,
3,23,811,169,108,24,1,5,1,
3,24,166,247,46,19,1,5,1,
3,25,102,418,32,11,1,5,1,
3,26,442,378,69,41,1,5,1,
3,27,250,59,33,23,1,5,1,
3,28,59,167,55,21,1,5,1,
3,29,664,50,23,35,1,5,1,
3,30,839,82,121,29,1,5,1,
3,31,400,0,18,30,1,5,1,
3,32,351,199,66,19,1,5,1,
3,33,397,97,46,16,1,5,1,
3,34,774,65,44,53,1,5,1,
3,35,627,241,61,19,1,5,1,
3,36,40,175,43,30,1,5,1,
3,37,937,49,23,41,1,5,1,
3,38,62,54,132,34,1,5,1,
3,39,185,405,109,26,1,5,1,
3,40,-34,234,200,48,1,5,1,
3,41,299,268,110,27,1,5,1,
3,42,810,140,89,21,1,5,1,
4,1,286,405,20,20,1,5,1,
4,2,611,429,93,29,1,5,1,
4,3,454,265,45,15,1,5,1,
4,4,364,484,55,49,1,5,1,
4,5,376,178,19,19,1,5,1,
4,6,720,160,24,14,1,5,1,
4,7,820,494,21,19,1,5,1,
4,8,497,369,32,20,1,5,1,
4,9,273,123,64,18,1,5,1,
4,10,709,451,32,43,1,5,1,
4,11,360,129,39,12,1,5,1,
4,12,97,269,108,35,1,5,1,
4,13,377,56,72,27,1,5,1,
4,14,703,30,45,12,1,5,1,
4,15,658,383,32,32,1,5,1,
4,16,745,0,17,25,1,5,1,
4,17,724,479,33,26,1,5,1,
4,18,293,431,79,21,1,5,1,
4,19,841,386,30,31,1,5,1,
4,20,763,274,35,10,1,5,1,
4,21,617,346,28,14,1,5,1,
4,22,260,483,27,49,1,5,1,
4,23,824,169,101,25,1,5,1,
4,24,164,248,56,19,1,5,1,
4,25,94,417,37,12,1,5,1,
4,26,445,375,54,42,1,5,1,
4,27,249,56,28,23,1,5,1,
4,28,66,169,58,21,1,5,1,
4,29,665,45,23,39,1,5,1,
4,30,851,80,109,29,1,5,1,
4,31,399,0,15,35,1,5,1,
4,32,358,200,67,19,1,5,1,
4,33,399,96,50,16,1,5,1,
4,34,772,70,35,52,1,5,1,
4,35,636,242,57,19,1,5,1,
4,36,38,173,43,31,1,5,1,
4,37,936,45,24,43,1,5,1,
4,38,44,48,136,39,1,5,1,
4,39,197,404,111,26,1,5,1,
4,40,-61,233,217,49,1,5,1,
4,41,290,267,107,28,1,5,1,
4,42,799,140,89,23,1,5,1,
5,1,287,402,25,21,1,5,1,
5,2,618,430,94,30,1,5,1,
5,3,453,265,39,15,1,5,1,
5,4,360,488,49,53,1,5,1,
5,5,377,179,17,19,1,5,1,
5,6,721,161,29,13,1,5,1,
5,7,822,493,21,20,1,5,1,
5,8,498,369,37,19,1,5,1,
5,9,279,122,64,19,1,5,1,
5,10,711,452,24,47,1,5,1,
5,11,366,130,38,12,1,5,1,
5,12,105,269,108,35,1,5,1,
5,13,385,59,72,25,1,5,1,
5,14,710,30,43,11,1,5,1,
5,15,659,381,36,31,1,5,1,
5,16,745,0,16,28,1,5,1,
5,17,723,480,27,29,1,5,1,
5,18,299,430,83,22,1,5,1,
5,19,840,386,33,34,1,5,1,
5,20,770,274,31,10,1,5,1,
5,21,621,346,29,13,1,5,1,
5,22,258,488,34,49,1,5,1,
5,23,837,169,92,25,1,5,1,
5,24,164,248,63,19,1,5,1,
5,25,87,417,41,12,1,5,1,
5,26,443,372,45,43,1,5,1,
5,27,249,52,21,24,1,5,1,
5,28,74,171,60,21,1,5,1,
5,29,666,39,24,43,1,5,1,
5,30,864,80,96,27,1,5,1,
5,31,399,0,14,39,1,5,1,
5,32,366,202,67,17,1,5,1,
5,33,401,96,54,15,1,5,1,
5,34,771,76,27,49,1,5,1,
5,35,642,242,61,19,1,5,1,
5,36,40,172,44,31,1,5,1,
5,37,931,38,29,47,1,5,1,
5,38,25,41,140,44,1,5,1,
5,39,211,404,110,26,1,5,1,
5,40,-89,232,234,49,1,5,1,
5,41,282,266,104,29,1,5,1,
5,42,789,141,87,25,1,5,1,
6,1,288,400,30,20,1,5,1,
6,2,624,432,96,30,1,5,1,
6,3,453,265,33,14,1,5,1,
6,4,358,492,42,51,1,5,1,
6,5,378,180,17,19,1,5,1,
6,6,723,162,33,13,1,5,1,
6,7,823,491,20,22,1,5,1,
6,8,500,369,40,18,1,5,1,
6,9,283,121,66,19,1,5,1,
6,10,710,453,25,51,1,5,1,
6,11,372,130,38,12,1,5,1,
6,12,106,269,123,35,1,5,1,
6,13,393,63,73,21,1,5,1,
6,14,716,30,42,11,1,5,1,
6,15,658,380,47,30,1,5,1,
6,16,744,0,15,31,1,5,1,
6,17,722,480,22,33,1,5,1,
6,18,306,430,84,22,1,5,1,
6,19,836,387,43,36,1,5,1,
6,20,776,275,27,9,1,5,1,
6,21,623,345,33,13,1,5,1,
6,22,257,494,42,47,1,5,1,
6,23,848,170,84,25,1,5,1,
6,24,167,248,66,20,1,5,1,
6,25,78,418,46,12,1,5,1,
6,26,444,369,34,42,1,5,1,
6,27,249,49,18,24,1,5,1,
6,28,82,173,61,20,1,5,1,
6,29,663,35,29,44,1,5,1,
6,30,878,78,82,27,1,5,1,
6,31,399,0,14,43,1,5,1,
6,32,375,202,67,18,1,5,1,
6,33,405,95,56,15,1,5,1,
6,34,771,82,27,44,1,5,1,
6,35,649,242,65,19,1,5,1,
6,36,40,170,45,32,1,5,1,
6,37,928,29,32,53,1,5,1,
6,38,6,32,143,50,1,5,1,
6,39,227,404,107,25,1,5,1,
6,40,-119,234,250,46,1,5,1,
6,41,275,265,99,29,1,5,1,
6,42,780,142,84,26,1,5,1,
7,1,291,398,34,19,1,5,1,
7,2,632,436,97,27,1,5,1,
7,3,453,265,26,14,1,5,1,
7,4,358,497,33,47,1,5,1,
7,5,381,181,16,20,1,5,1,
7,6,726,163,35,12,1,5,1,
7,7,824,489,19,23,1,5,1,
7,8,502,370,43,16,1,5,1,
7,9,288,121,67,19,1,5,1,
7,10,710,455,26,54,1,5,1,
7,11,377,131,38,12,1,5,1,
7,12,109,269,136,35,1,5,1,
7,13,401,64,73,21,1,5,1,
7,14,722,31,41,11,1,5,1,
7,15,659,378,57,29,1,5,1,
7,16,743,0,15,33,1,5,1,
7,17,723,481,16,37,1,5,1,
7,18,315,430,84,22,1,5,1,
7,19,833,388,56,37,1,5,1,
7,20,781,275,27,9,1,5,1,
7,21,626,345,37,13,1,5,1,
7,22,256,500,51,43,1,5,1,
7,23,856,170,83,26,1,5,1,
7,24,173,248,64,20,1,5,1,
7,25,69,417,50,14,1,5,1,
7,26,445,367,30,41,1,5,1,
7,27,249,46,18,24,1,5,1,
7,28,90,175,62,20,1,5,1,
7,29,660,30,39,45,1,5,1,
7,30,893,78,67,25,1,5,1,
7,31,401,3,13,44,1,5,1,
7,32,383,202,67,18,1,5,1,
7,33,409,95,58,15,1,5,1,
7,34,774,88,26,39,1,5,1,
7,35,658,242,65,19,1,5,1,
7,36,41,169,46,32,1,5,1,
7,37,927,20,33,58,1,5,1,
7,38,0,22,132,55,1,5,1,
7,39,240,403,107,26,1,5,1,
7,40,-151,236,267,43,1,5,1,
7,41,269,264,93,29,1,5,1,
7,42,771,143,80,28,1,5,1,
8,1,294,396,38,18,1,5,1,
8,2,640,440,97,25,1,5,1,
8,3,452,265,22,14,1,5,1,
8,4,357,502,25,42,1,5,1,
8,5,382,182,18,20,1,5,1,
8,6,733,163,30,13,1,5,1,
8,7,824,488,21,23,1,5,1,
8,8,505,370,45,16,1,5,1,
8,9,292,120,69,19,1,5,1,
8,10,711,457,26,57,1,5,1,
8,11,383,132,37,12,1,5,1,
8,12,122,269,135,35,1,5,1,
8,13,409,64,73,21,1,5,1,
8,14,727,31,40,12,1,5,1,
8,15,662,378,65,27,1,5,1,
8,16,742,3,14,33,1,5,1,
8,17,722,483,16,41,1,5,1,
8,18,323,431,84,22,1,5,1,
8,19,832,389,68,39,1,5,1,
8,20,786,276,26,9,1,5,1,
8,21,630,345,40,12,1,5,1,
8,22,257,507,58,36,1,5,1,
8,23,863,171,85,25,1,5,1,
8,24,179,248,62,19,1,5,1,
8,25,60,417,53,16,1,5,1,
8,26,448,364,29,40,1,5,1,
8,27,249,43,19,24,1,5,1,
8,28,99,177,63,19,1,5,1,
8,29,659,25,48,47,1,5,1,
8,30,909,78,51,21,1,5,1,
8,31,402,7,13,44,1,5,1,
8,32,392,202,66,18,1,5,1,
8,33,414,95,59,15,1,5,1,
8,34,777,93,26,35,1,5,1,
8,35,667,242,65,19,1,5,1,
8,36,43,167,47,33,1,5,1,
8,37,928,11,32,63,1,5,1,
8,38,-16,11,131,61,1,5,1,
8,39,256,403,103,26,1,5,1,
8,40,-184,235,283,38,1,5,1,
8,41,264,263,87,30,1,5,1,
8,42,764,145,75,29,1,5,1,
9,1,298,394,41,17,1,5,1,
9,2,649,443,95,23,1,5,1,
9,3,452,266,16,13,1,5,1,
9,4,359,507,16,37,1,5,1,
9,5,381,183,24,20,1,5,1,
9,6,737,163,29,13,1,5,1,
9,7,824,486,24,25,1,5,1,
9,8,509,369,45,16,1,5,1,
9,9,297,119,71,19,1,5,1,
9,10,710,460,29,59,1,5,1,
9,11,388,133,37,11,1,5,1,
9,12,130,269,142,36,1,5,1,
9,13,417,64,73,21,1,5,1,
9,14,732,32,40,12,1,5,1,
9,15,669,377,67,26,1,5,1,
9,16,741,5,15,34,1,5,1,
9,17,722,485,16,45,1,5,1,
9,18,330,431,85,22,1,5,1,
9,19,831,391,81,39,1,5,1,
9,20,791,276,24,9,1,5,1,
9,21,634,344,43,13,1,5,1,
9,22,259,514,65,29,1,5,1,
9,23,867,171,92,25,1,5,1,
9,24,186,247,58,20,1,5,1,
9,25,51,417,55,18,1,5,1,
9,26,451,362,28,38,1,5,1,
9,27,251,40,19,24,1,5,1,
9,28,109,178,61,19,1,5,1,
9,29,658,21,58,48,1,5,1,
9,31,401,11,18,43,1,5,1,
9,32,401,202,65,17,1,5,1,
9,33,420,95,59,15,1,5,1,
9,34,779,95,26,34,1,5,1,
9,35,675,242,66,18,1,5,1,
9,36,47,166,48,33,1,5,1,
9,38,-34,0,132,66,1,5,1,
9,39,272,403,99,27,1,5,1,
9,40,-219,237,299,27,1,5,1,
9,41,261,262,78,30,1,5,1,
9,42,758,147,68,29,1,5,1,
10,1,303,392,43,16,1,5,1,
10,2,659,444,91,23,1,5,1,
10,3,452,266,15,13,1,5,1,
10,4,360,514,10,30,1,5,1,
10,5,382,185,29,19,1,5,1,
10,6,741,164,29,13,1,5,1,
10,7,824,484,26,26,1,5,1,
10,8,516,368,39,15,1,5,1,
10,9,303,119,71,19,1,5,1,
10,10,706,463,37,62,1,5,1,
10,11,394,133,37,12,1,5,1,
10,12,138,270,148,36,1,5,1,
10,13,425,64,72,22,1,5,1,
10,14,737,33,41,11,1,5,1,
10,15,679,375,61,27,1,5,1,
10,16,739,8,16,33,1,5,1,
10,17,722,488,17,48,1,5,1,
10,18,338,432,86,22,1,5,1,
10,19,832,393,93,39,1,5,1,
10,20,797,277,22,9,1,5,1,
10,21,639,344,44,12,1,5,1,
10,22,262,520,70,23,1,5,1,
10,23,874,171,86,25,1,5,1,
10,24,191,247,58,20,1,5,1,
10,25,41,418,58,19,1,5,1,
10,26,450,360,33,36,1,5,1,
10,27,251,37,21,23,1,5,1,
10,28,118,180,61,18,1,5,1,
10,29,658,16,67,49,1,5,1,
10,31,400,16,23,41,1,5,1,
10,32,410,202,64,17,1,5,1,
10,33,426,95,59,15,1,5,1,
10,34,783,99,26,31,1,5,1,
10,35,684,242,66,18,1,5,1,
10,36,43,166,57,32,1,5,1,
10,38,-51,-12,131,71,1,5,1,
10,39,287,404,95,27,1,5,1,
10,41,259,261,68,31,1,5,1,
10,42,753,149,61,30,1,5,1,
11,1,308,391,46,15,1,5,1,
11,2,668,445,90,23,1,5,1,
11,3,453,266,14,13,1,5,1,
11,4,359,520,9,24,1,5,1,
11,5,383,186,34,19,1,5,1,
11,6,745,165,29,12,1,5,1,
11,7,824,482,24,26,1,5,1,
11,8,521,366,35,16,1,5,1,
11,9,309,118,71,20,1,5,1,
11,10,703,467,49,63,1,5,1,
11,11,399,134,37,11,1,5,1,
11,12,150,270,149,36,1,5,1,
11,13,434,65,71,21,1,5,1,
11,14,742,34,42,10,1,5,1,
11,15,687,374,60,26,1,5,1,
11,16,738,12,16,32,1,5,1,
11,17,720,492,20,50,1,5,1,
11,18,346,431,86,22,1,5,1,
11,19,834,395,104,40,1,5,1,
11,20,801,277,20,9,1,5,1,
11,21,645,344,44,12,1,5,1,
11,22,266,524,75,19,1,5,1,
11,23,888,170,72,26,1,5,1,
11,24,195,247,59,20,1,5,1,
11,25,31,419,60,21,1,5,1,
11,26,447,359,44,34,1,5,1,
11,27,250,35,27,22,1,5,1,
11,28,128,182,59,17,1,5,1,
11,29,659,13,75,47,1,5,1,
11,31,400,21,28,39,1,5,1,
11,32,417,201,64,17,1,5,1,
11,33,432,95,58,15,1,5,1,
11,34,781,102,35,28,1,5,1,
11,35,694,242,64,18,1,5,1,
11,36,40,165,73,33,1,5,1,
11,38,-67,-25,128,76,1,5,1,
11,39,301,405,90,28,1,5,1,
11,41,259,260,57,31,1,5,1,
11,42,750,151,53,31,1,5,1,
12,1,314,390,47,14,1,5,1,
12,2,676,445,89,25,1,5,1,
12,3,454,266,15,14,1,5,1,
12,5,385,187,39,19,1,5,1,
12,6,749,165,28,13,1,5,1,
12,7,824,480,21,25,1,5,1,
12,8,524,366,35,15,1,5,1,
12,9,315,118,72,19,1,5,1,
12,10,702,471,60,64,1,5,1,
12,11,405,134,35,12,1,5,1,
12,12,158,269,153,35,1,5,1,
12,13,442,65,70,22,1,5,1,
12,14,747,34,44,10,1,5,1,
12,15,691,373,66,26,1,5,1,
12,16,738,15,14,31,1,5,1,
12,17,718,497,25,46,1,5,1,
12,18,356,430,83,21,1,5,1,
12,19,838,396,114,42,1,5,1,
12,20,807,277,15,9,1,5,1,
12,21,651,343,43,13,1,5,1,
12,22,272,524,78,19,1,5,1,
12,23,897,172,63,25,1,5,1,
12,24,199,247,60,20,1,5,1,
12,25,21,421,62,22,1,5,1,
12,26,446,357,53,32,1,5,1,
12,27,250,33,34,20,1,5,1,
12,28,137,184,57,16,1,5,1,
12,29,661,10,83,45,1,5,1,
12,31,401,25,31,38,1,5,1,
12,32,424,201,65,17,1,5,1,
12,33,438,96,58,15,1,5,1,
12,34,781,104,44,27,1,5,1,
12,35,702,243,65,17,1,5,1,
12,36,43,164,77,34,1,5,1,
12,38,-81,-39,123,81,1,5,1,
12,39,315,405,84,31,1,5,1,
12,41,261,258,44,33,1,5,1,
12,42,747,154,45,31,1,5,1,
13,1,320,390,49,11,1,5,1,
13,2,684,446,89,26,1,5,1,
13,3,455,267,16,13,1,5,1,
13,5,388,189,43,18,1,5,1,
13,6,755,165,23,14,1,5,1,
13,7,825,479,18,24,1,5,1,
13,8,527,365,35,15,1,5,1,
13,9,321,118,72,19,1,5,1,
13,10,701,475,72,64,1,5,1,
13,11,410,135,35,12,1,5,1,
13,12,166,269,158,35,1,5,1,
13,13,450,66,70,21,1,5,1,
13,14,753,33,43,11,1,5,1,
13,15,701,372,60,26,1,5,1,
13,16,737,18,14,30,1,5,1,
13,17,717,501,29,43,1,5,1,
13,18,365,429,81,21,1,5,1,
13,19,843,399,116,41,1,5,1,
13,20,811,277,11,8,1,5,1,
13,21,657,343,42,12,1,5,1,
13,22,278,523,81,20,1,5,1,
13,23,904,173,56,26,1,5,1,
13,24,204,247,60,20,1,5,1,
13,25,11,422,63,24,1,5,1,
13,26,446,356,62,29,1,5,1,
13,27,251,31,41,19,1,5,1,
13,28,147,186,54,15,1,5,1,
13,29,664,7,89,43,1,5,1,
13,31,402,30,35,35,1,5,1,
13,32,431,201,66,17,1,5,1,
13,33,443,96,58,15,1,5,1,
13,34,781,107,53,25,1,5,1,
13,35,711,243,64,18,1,5,1,
13,36,46,163,83,34,1,5,1,
13,39,326,406,81,34,1,5,1,
13,41,262,258,41,33,1,5,1,
13,42,746,157,36,31,1,5,1,
14,1,327,390,49,11,1,5,1,
14,2,691,446,90,26,1,5,1,
14,3,454,267,21,13,1,5,1,
14,5,392,190,45,17,1,5,1,
14,6,759,166,21,13,1,5,1,
14,7,825,478,18,22,1,5,1,
14,8,529,364,36,15,1,5,1,
14,9,328,117,72,20,1,5,1,
14,10,702,480,82,63,1,5,1,
14,11,415,136,35,11,1,5,1,
14,12,180,269,156,34,1,5,1,
14,13,458,66,69,22,1,5,1,
14,14,758,33,44,12,1,5,1,
14,15,709,371,58,25,1,5,1,
14,16,737,21,14,29,1,5,1,
14,17,716,507,35,37,1,5,1,
14,18,374,428,79,21,1,5,1,
14,19,849,401,111,39,1,5,1,
14,20,812,276,10,9,1,5,1,
14,21,663,343,41,12,1,5,1,
14,22,286,523,80,20,1,5,1,
14,23,911,175,49,25,1,5,1,
14,24,208,246,61,21,1,5,1,
14,25,1,424,64,25,1,5,1,
14,26,447,355,70,27,1,5,1,
14,27,253,30,48,18,1,5,1,
14,28,156,187,52,15,1,5,1,
14,29,668,6,95,39,1,5,1,
14,31,404,35,38,32,1,5,1,
14,32,438,201,67,17,1,5,1,
14,33,449,96,58,15,1,5,1,
14,34,783,110,61,23,1,5,1,
14,35,720,243,64,18,1,5,1,
14,36,50,162,87,34,1,5,1,
14,39,334,409,85,33,1,5,1,
14,41,261,257,43,34,1,5,1,
14,42,745,160,28,30,1,5,1,
15,1,333,389,50,11,1,5,1,
15,2,698,446,90,25,1,5,1,
15,3,453,267,26,13,1,5,1,
15,5,397,192,48,15,1,5,1,
15,6,762,167,20,13,1,5,1,
15,7,826,476,17,22,1,5,1,
15,8,532,363,37,16,1,5,1,
15,9,334,117,72,20,1,5,1,
15,10,704,485,91,58,1,5,1,
15,11,420,137,35,11,1,5,1,
15,12,196,269,152,34,1,5,1,
15,13,465,68,70,20,1,5,1,
15,14,764,34,44,11,1,5,1,
15,15,718,370,53,25,1,5,1,
15,16,738,24,14,28,1,5,1,
15,17,717,513,42,31,1,5,1,
15,18,382,426,79,22,1,5,1,
15,19,856,404,104,34,1,5,1,
15,20,812,276,10,9,1,5,1,
15,21,669,343,40,12,1,5,1,
15,22,294,522,79,21,1,5,1,
15,23,918,176,42,24,1,5,1,
15,24,213,246,61,21,1,5,1,
15,25,-3,427,58,25,1,5,1,
15,26,449,354,77,26,1,5,1,
15,27,256,29,54,19,1,5,1,
15,28,165,188,49,14,1,5,1,
15,29,673,5,98,34,1,5,1,
15,31,407,39,41,29,1,5,1,
15,32,446,200,67,18,1,5,1,
15,33,454,96,58,15,1,5,1,
15,34,789,111,61,23,1,5,1,
15,35,729,243,63,18,1,5,1,
15,36,55,161,90,35,1,5,1,
15,39,340,412,93,33,1,5,1,
15,41,261,256,45,35,1,5,1,
15,42,744,164,22,29,1,5,1,
16,1,340,388,50,12,1,5,1,
16,2,706,446,89,24,1,5,1,
16,3,453,267,31,13,1,5,1,
16,5,402,193,50,14,1,5,1,
16,6,765,167,19,14,1,5,1,
16,7,827,475,17,20,1,5,1,
16,8,535,363,37,15,1,5,1,
16,9,340,117,73,19,1,5,1,
16,10,707,490,97,53,1,5,1,
16,11,425,138,35,11,1,5,1,
16,12,210,269,149,34,1,5,1,
16,13,473,68,70,21,1,5,1,
16,14,769,34,44,11,1,5,1,
16,15,724,369,53,24,1,5,1,
16,16,739,28,14,26,1,5,1,
16,17,719,519,49,25,1,5,1,
16,18,391,425,77,21,1,5,1,
16,19,865,406,95,34,1,5,1,
16,20,812,276,10,9,1,5,1,
16,21,674,342,40,12,1,5,1,
16,22,302,522,79,21,1,5,1,
16,23,924,177,36,23,1,5,1,
16,24,217,246,62,21,1,5,1,
16,25,-12,429,57,23,1,5,1,
16,26,452,354,83,25,1,5,1,
16,27,261,29,58,18,1,5,1,
16,28,173,189,46,13,1,5,1,
16,29,679,5,101,28,1,5,1,
16,31,410,43,43,26,1,5,1,
16,32,453,200,68,17,1,5,1,
16,33,460,97,58,14,1,5,1,
16,34,796,111,60,24,1,5,1,
16,35,737,243,63,18,1,5,1,
16,36,60,160,94,35,1,5,1,
16,39,347,416,101,31,1,5,1,
16,41,264,255,45,36,1,5,1,
16,42,743,167,17,27,1,5,1,
17,1,347,388,49,11,1,5,1,
17,2,714,445,87,24,1,5,1,
17,3,454,268,35,13,1,5,1,
17,5,408,194,51,13,1,5,1,
17,6,768,168,19,13,1,5,1,
17,7,828,473,17,21,1,5,1,
17,8,537,362,38,15,1,5,1,
17,9,346,116,73,20,1,5,1,
17,10,711,495,102,49,1,5,1,
17,11,430,138,35,11,1,5,1,
17,12,224,269,147,34,1,5,1,
17,13,481,69,69,20,1,5,1,
17,14,775,34,43,11,1,5,1,
17,15,730,368,52,24,1,5,1,
17,16,738,32,17,24,1,5,1,
17,17,722,526,55,18,1,5,1,
17,18,399,424,76,21,1,5,1,
17,19,876,409,84,28,1,5,1,
17,20,812,276,10,9,1,5,1,
17,21,680,342,39,12,1,5,1,
17,22,309,522,79,21,1,5,1,
17,23,931,178,29,12,1,5,1,
17,24,222,246,63,21,1,5,1,
17,25,-21,432,56,22,1,5,1,
17,26,457,353,87,25,1,5,1,
17,27,267,27,60,19,1,5,1,
17,28,180,189,43,13,1,5,1,
17,29,686,4,102,24,1,5,1,
17,31,414,47,44,22,1,5,1,
17,32,460,200,69,17,1,5,1,
17,33,465,97,58,14,1,5,1,
17,34,803,112,58,23,1,5,1,
17,35,746,243,62,18,1,5,1,
17,36,65,159,97,35,1,5,1,
17,39,356,420,107,30,1,5,1,
17,41,261,255,53,36,1,5,1,
17,42,743,170,17,26,1,5,1,
18,1,354,388,49,11,1,5,1,
18,2,722,445,86,24,1,5,1,
18,3,456,268,39,13,1,5,1,
18,5,414,194,53,13,1,5,1,
18,6,772,169,15,13,1,5,1,
18,7,827,471,19,22,1,5,1,
18,8,540,362,38,14,1,5,1,
18,9,353,116,72,19,1,5,1,
18,10,717,501,105,43,1,5,1,
18,11,435,139,35,11,1,5,1,
18,12,236,269,147,34,1,5,1,
18,13,489,69,69,21,1,5,1,
18,14,780,34,43,12,1,5,1,
18,15,736,367,52,24,1,5,1,
18,16,736,35,23,22,1,5,1,
18,18,407,423,75,21,1,5,1,
18,19,887,412,73,26,1,5,1,
18,20,812,276,10,9,1,5,1,
18,21,685,342,38,12,1,5,1,
18,22,317,523,78,20,1,5,1,
18,24,227,246,63,21,1,5,1,
18,25,-29,435,54,23,1,5,1,
18,26,462,353,92,24,1,5,1,
18,27,274,26,60,18,1,5,1,
18,28,187,189,39,12,1,5,1,
18,29,694,2,102,24,1,5,1,
18,31,418,51,46,19,1,5,1,
18,32,468,199,69,17,1,5,1,
18,33,471,97,58,15,1,5,1,
18,34,811,112,55,24,1,5,1,
18,35,755,243,61,18,1,5,1,
18,36,71,158,100,36,1,5,1,
18,39,367,423,111,28,1,5,1,
18,41,256,254,73,38,1,5,1,
18,42,745,174,16,23,1,5,1,
19,1,361,388,48,12,1,5,1,
19,2,730,445,84,24,1,5,1,
19,3,458,268,43,13,1,5,1,
19,5,420,195,54,12,1,5,1,
19,6,774,169,15,14,1,5,1,
19,7,827,469,23,23,1,5,1,
19,8,543,361,39,15,1,5,1,
19,9,359,115,73,20,1,5,1,
19,10,724,507,110,37,1,5,1,
19,11,440,140,35,10,1,5,1,
19,12,247,269,148,34,1,5,1,
19,13,497,70,68,20,1,5,1,
19,14,786,34,42,12,1,5,1,
19,15,742,366,51,23,1,5,1,
19,16,737,38,27,20,1,5,1,
19,18,416,422,73,21,1,5,1,
19,19,900,414,60,25,1,5,1,
19,20,811,276,11,8,1,5,1,
19,21,691,341,37,12,1,5,1,
19,22,325,523,77,20,1,5,1,
19,24,234,245,60,21,1,5,1,
19,26,468,353,95,25,1,5,1,
19,27,281,25,60,18,1,5,1,
19,28,194,188,35,12,1,5,1,
19,29,703,1,99,25,1,5,1,
19,31,423,54,46,17,1,5,1,
19,32,476,199,68,17,1,5,1,
19,33,476,97,58,15,1,5,1,
19,34,818,113,53,24,1,5,1,
19,35,763,243,61,18,1,5,1,
19,36,77,157,103,36,1,5,1,
19,39,379,425,114,28,1,5,1,
19,41,252,254,93,38,1,5,1,
19,42,747,177,16,21,1,5,1,
20,1,368,388,47,12,1,5,1,
20,2,738,445,83,23,1,5,1,
20,3,461,268,45,12,1,5,1,
20,5,426,195,55,13,1,5,1,
20,6,776,170,15,13,1,5,1,
20,7,826,467,22,23,1,5,1,
20,8,546,361,39,14,1,5,1,
20,9,365,115,73,20,1,5,1,
20,10,733,512,113,32,1,5,1,
20,11,445,140,35,10,1,5,1,
20,12,259,269,148,35,1,5,1,
20,13,505,70,67,20,1,5,1,
20,14,791,34,41,12,1,5,1,
20,15,748,365,51,23,1,5,1,
20,16,740,40,26,19,1,5,1,
20,18,424,421,72,21,1,5,1,
20,19,914,417,46,21,1,5,1,
20,20,811,276,11,8,1,5,1,
20,21,696,341,36,12,1,5,1,
20,22,332,523,77,20,1,5,1,
20,24,241,245,57,20,1,5,1,
20,26,475,354,97,24,1,5,1,
20,27,288,23,61,19,1,5,1,
20,28,200,187,31,13,1,5,1,
20,29,713,0,95,25,1,5,1,
20,31,427,57,47,14,1,5,1,
20,32,484,199,68,17,1,5,1,
20,33,482,97,58,15,1,5,1,
20,34,822,114,56,24,1,5,1,
20,35,772,243,60,18,1,5,1,
20,36,83,156,107,36,1,5,1,
20,39,392,426,115,28,1,5,1,
20,41,252,253,106,40,1,5,1,
20,42,745,179,22,20,1,5,1,
21,1,374,388,48,12,1,5,1,
21,2,745,444,82,24,1,5,1,
21,3,465,268,47,12,1,5,1,
21,5,433,195,55,13,1,5,1,
21,6,778,171,15,13,1,5,1,
21,7,826,465,19,22,1,5,1,
21,8,549,360,40,15,1,5,1,
21,9,371,114,74,20,1,5,1,
21,10,743,518,114,26,1,5,1,
21,11,450,141,35,10,1,5,1,
21,12,271,269,148,35,1,5,1,
21,13,512,70,68,21,1,5,1,
21,14,797,35,40,11,1,5,1,
21,15,754,364,50,23,1,5,1,
21,16,743,41,26,19,1,5,1,
21,18,432,420,70,21,1,5,1,
21,20,811,276,10,8,1,5,1,
21,21,701,340,36,12,1,5,1,
21,22,339,524,78,19,1,5,1,
21,24,246,244,57,21,1,5,1,
21,26,482,355,98,24,1,5,1,
21,27,295,22,61,19,1,5,1,
21,28,205,186,26,13,1,5,1,
21,29,723,0,90,25,1,5,1,
21,31,432,58,47,13,1,5,1,
21,32,492,199,68,17,1,5,1,
21,33,487,97,58,14,1,5,1,
21,34,829,115,54,23,1,5,1,
21,35,780,243,60,18,1,5,1,
21,36,89,155,110,36,1,5,1,
21,39,407,427,115,28,1,5,1,
21,41,251,253,125,41,1,5,1,
21,42,745,182,28,18,1,5,1,
22,1,381,389,47,12,1,5,1,
22,2,753,444,80,23,1,5,1,
22,3,469,268,49,12,1,5,1,
22,5,440,195,55,13,1,5,1,
22,6,780,172,15,12,1,5,1,
22,7,824,462,22,23,1,5,1,
22,8,552,360,40,14,1,5,1,
22,9,378,114,73,20,1,5,1,
22,10,754,524,112,20,1,5,1,
22,11,455,141,35,10,1,5,1,
22,12,282,269,149,35,1,5,1,
22,13,520,71,67,20,1,5,1,
22,14,802,35,38,12,1,5,1,
22,15,761,363,47,23,1,5,1,
22,16,746,42,25,19,1,5,1,
22,18,438,420,73,19,1,5,1,
22,20,811,276,10,8,1,5,1,
22,21,706,340,35,12,1,5,1,
22,22,347,524,77,19,1,5,1,
22,24,250,244,59,21,1,5,1,
22,26,489,356,100,24,1,5,1,
22,27,302,20,62,19,1,5,1,
22,28,209,186,25,12,1,5,1,
22,29,733,0,85,25,1,5,1,
22,31,437,58,46,13,1,5,1,
22,32,500,199,68,17,1,5,1,
22,33,493,97,58,14,1,5,1,
22,34,835,116,53,23,1,5,1,
22,35,788,244,59,17,1,5,1,
22,36,95,154,115,37,1,5,1,
22,39,421,427,116,28,1,5,1,
22,41,253,253,142,41,1,5,1,
22,42,746,184,34,16,1,5,1,
23,1,387,389,48,12,1,5,1,
23,2,761,444,77,23,1,5,1,
23,3,473,268,51,12,1,5,1,
23,5,447,195,54,13,1,5,1,
23,6,782,172,15,13,1,5,1,
23,7,821,459,25,23,1,5,1,
23,8,556,359,39,15,1,5,1,
23,9,384,113,74,20,1,5,1,
23,10,766,529,109,15,1,5,1,
23,11,460,142,35,9,1,5,1,
23,12,295,269,148,35,1,5,1,
23,13,528,71,66,21,1,5,1,
23,14,808,35,36,12,1,5,1,
23,15,767,362,46,22,1,5,1,
23,16,749,44,24,19,1,5,1,
23,18,445,419,73,19,1,5,1,
23,20,811,276,10,8,1,5,1,
23,21,711,340,34,12,1,5,1,
23,22,354,525,77,18,1,5,1,
23,24,254,244,60,21,1,5,1,
23,26,497,357,101,24,1,5,1,
23,27,309,19,63,19,1,5,1,
23,28,211,185,26,13,1,5,1,
23,29,740,0,85,26,1,5,1,
23,31,442,58,46,13,1,5,1,
23,32,508,199,68,17,1,5,1,
23,33,498,97,59,14,1,5,1,
23,34,841,117,52,23,1,5,1,
23,35,797,244,58,17,1,5,1,
23,36,102,153,118,37,1,5,1,
23,39,436,426,115,28,1,5,1,
23,41,257,252,156,42,1,5,1,
23,42,749,185,36,16,1,5,1,
24,1,393,389,49,12,1,5,1,
24,2,768,443,76,23,1,5,1,
24,3,478,268,51,12,1,5,1,
24,5,454,195,54,13,1,5,1,
24,6,785,173,13,13,1,5,1,
24,7,818,457,28,22,1,5,1,
24,8,559,359,40,14,1,5,1,
24,9,390,113,75,20,1,5,1,
24,10,779,532,103,12,1,5,1,
24,11,465,142,34,10,1,5,1,
24,12,307,269,148,35,1,5,1,
24,13,535,72,66,20,1,5,1,
24,14,812,35,35,13,1,5,1,
24,15,773,361,44,22,1,5,1,
24,16,751,45,24,19,1,5,1,
24,18,453,418,72,19,1,5,1,
24,20,810,276,11,8,1,5,1,
24,21,716,339,33,12,1,5,1,
24,22,361,525,78,18,1,5,1,
24,24,258,244,62,21,1,5,1,
24,26,505,357,101,24,1,5,1,
24,27,316,18,64,19,1,5,1,
24,28,214,184,27,13,1,5,1,
24,29,747,0,85,26,1,5,1,
24,31,446,58,46,12,1,5,1,
24,32,516,199,67,17,1,5,1,
24,33,504,96,58,15,1,5,1,
24,34,848,117,49,24,1,5,1,
24,35,805,244,57,17,1,5,1,
24,36,109,152,123,38,1,5,1,
24,39,451,424,115,29,1,5,1,
24,41,264,252,167,42,1,5,1,
24,42,753,186,36,15,1,5,1,
25,1,400,389,49,12,1,5,1,
25,2,776,443,73,22,1,5,1,
25,3,483,268,52,12,1,5,1,
25,5,461,195,54,13,1,5,1,
25,6,787,174,13,12,1,5,1,
25,7,813,454,32,22,1,5,1,
25,8,562,358,40,15,1,5,1,
25,9,396,113,76,20,1,5,1,
25,10,792,532,96,12,1,5,1,
25,11,470,142,34,10,1,5,1,
25,12,319,269,148,35,1,5,1,
25,13,543,72,65,21,1,5,1,
25,14,817,36,34,13,1,5,1,
25,15,779,360,42,22,1,5,1,
25,16,754,46,23,19,1,5,1,
25,18,461,417,71,20,1,5,1,
25,20,810,276,11,8,1,5,1,
25,21,721,339,32,12,1,5,1,
25,22,369,526,77,17,1,5,1,
25,24,262,243,64,22,1,5,1,
25,26,514,357,101,24,1,5,1,
25,27,324,16,64,20,1,5,1,
25,28,217,183,28,13,1,5,1,
25,29,755,0,83,26,1,5,1,
25,31,451,58,46,12,1,5,1,
25,32,524,199,67,17,1,5,1,
25,33,510,96,58,15,1,5,1,
25,34,854,118,47,23,1,5,1,
25,35,813,244,56,17,1,5,1,
25,36,116,151,127,38,1,5,1,
25,39,466,424,114,29,1,5,1,
25,41,274,252,173,42,1,5,1,
25,42,757,187,38,15,1,5,1,
26,1,407,389,49,12,1,5,1,
26,2,784,442,70,23,1,5,1,
26,3,489,268,51,12,1,5,1,
26,5,468,195,54,13,1,5,1,
26,6,789,174,12,13,1,5,1,
26,7,809,452,34,21,1,5,1,
26,8,563,358,44,14,1,5,1,
26,9,403,112,76,20,1,5,1,
26,10,808,531,88,12,1,5,1,
26,11,475,143,34,9,1,5,1,
26,12,331,269,148,35,1,5,1,
26,13,550,73,65,20,1,5,1,
26,14,822,36,33,13,1,5,1,
26,15,785,359,39,22,1,5,1,
26,16,757,48,22,18,1,5,1,
26,18,468,417,71,19,1,5,1,
26,20,809,276,11,8,1,5,1,
26,21,726,339,30,11,1,5,1,
26,22,376,526,78,17,1,5,1,
26,24,266,243,67,22,1,5,1,
26,26,523,357,100,25,1,5,1,
26,27,331,15,65,20,1,5,1,
26,28,220,182,29,13,1,5,1,
26,29,762,0,83,27,1,5,1,
26,31,455,58,47,12,1,5,1,
26,32,533,199,66,17,1,5,1,
26,33,515,96,58,15,1,5,1,
26,34,860,119,46,23,1,5,1,
26,35,821,244,55,17,1,5,1,
26,36,124,150,130,39,1,5,1,
26,39,481,424,114,29,1,5,1,
26,41,288,252,174,42,1,5,1,
26,42,762,187,38,15,1,5,1,
27,1,414,389,49,12,1,5,1,
27,2,791,441,68,23,1,5,1,
27,3,494,268,51,12,1,5,1,
27,5,474,195,55,13,1,5,1,
27,6,791,175,12,12,1,5,1,
27,7,806,450,34,21,1,5,1,
27,8,567,358,43,14,1,5,1,
27,9,409,112,76,20,1,5,1,
27,10,853,531,50,12,1,5,1,
27,11,480,143,34,10,1,5,1,
27,12,344,269,146,35,1,5,1,
27,13,558,73,64,21,1,5,1,
27,14,826,37,32,13,1,5,1,
27,15,791,358,37,22,1,5,1,
27,16,759,49,23,19,1,5,1,
27,18,476,416,69,19,1,5,1,
27,20,809,276,11,8,1,5,1,
27,21,732,338,25,12,1,5,1,
27,22,384,526,78,17,1,5,1,
27,24,271,243,68,22,1,5,1,
27,26,531,357,100,25,1,5,1,
27,27,338,14,67,19,1,5,1,
27,28,223,181,30,14,1,5,1,
27,29,766,0,90,26,1,5,1,
27,31,459,57,47,13,1,5,1,
27,32,541,199,65,17,1,5,1,
27,33,521,96,58,15,1,5,1,
27,34,865,120,46,23,1,5,1,
27,35,829,244,54,17,1,5,1,
27,36,132,150,134,38,1,5,1,
27,39,496,424,113,28,1,5,1,
27,41,302,252,175,42,1,5,1,
27,42,767,188,37,14,1,5,1,
28,1,421,389,49,12,1,5,1,
28,2,798,441,66,22,1,5,1,
28,3,499,268,51,12,1,5,1,
28,5,482,195,53,13,1,5,1,
28,6,792,176,13,12,1,5,1,
28,7,803,448,35,21,1,5,1,
28,8,571,357,42,14,1,5,1,
28,9,416,111,76,21,1,5,1,
28,10,866,530,41,13,1,5,1,
28,11,485,144,34,9,1,5,1,
28,12,356,269,146,35,1,5,1,
28,13,565,74,64,20,1,5,1,
28,14,830,38,32,13,1,5,1,
28,15,796,357,34,22,1,5,1,
28,16,761,51,23,18,1,5,1,
28,18,484,415,68,19,1,5,1,
28,20,808,276,12,8,1,5,1,
28,21,735,338,27,11,1,5,1,
28,22,391,526,78,17,1,5,1,
28,24,275,243,71,22,1,5,1,
28,26,540,357,99,25,1,5,1,
28,27,346,13,67,19,1,5,1,
28,28,226,180,31,14,1,5,1,
28,29,773,0,90,26,1,5,1,
28,31,464,57,47,13,1,5,1,
28,32,549,200,64,17,1,5,1,
28,33,527,96,57,15,1,5,1,
28,34,870,121,45,23,1,5,1,
28,35,837,244,53,17,1,5,1,
28,36,141,149,136,39,1,5,1,
28,39,511,424,112,28,1,5,1,
28,41,316,252,176,42,1,5,1,
28,42,771,188,37,15,1,5,1,
29,1,428,389,49,12,1,5,1,
29,2,805,440,64,22,1,5,1,
29,3,504,268,51,12,1,5,1,
29,5,489,195,52,13,1,5,1,
29,6,794,176,12,13,1,5,1,
29,7,801,446,34,20,1,5,1,
29,8,576,357,40,14,1,5,1,
29,9,422,111,77,20,1,5,1,
29,10,872,529,37,14,1,5,1,
29,11,489,144,35,8,1,5,1,
29,12,369,269,145,34,1,5,1,
29,13,573,74,63,21,1,5,1,
29,14,834,39,32,13,1,5,1,
29,15,801,356,32,21,1,5,1,
29,16,765,52,19,19,1,5,1,
29,18,491,414,67,19,1,5,1,
29,20,808,276,11,7,1,5,1,
29,21,741,337,22,12,1,5,1,
29,22,399,527,78,16,1,5,1,
29,24,280,242,73,23,1,5,1,
29,26,549,357,98,24,1,5,1,
29,27,354,11,68,20,1,5,1,
29,28,230,179,32,14,1,5,1,
29,29,781,0,89,26,1,5,1,
29,31,469,57,46,12,1,5,1,
29,32,556,200,65,17,1,5,1,
29,33,532,96,58,15,1,5,1,
29,34,876,122,43,22,1,5,1,
29,35,845,244,51,17,1,5,1,
29,36,151,148,138,40,1,5,1,
29,39,526,423,111,29,1,5,1,
29,41,332,252,175,42,1,5,1,
29,42,776,188,36,15,1,5,1,
30,1,436,389,48,12,1,5,1,
30,2,812,440,61,21,1,5,1,
30,3,509,268,51,12,1,5,1,
30,5,495,195,54,13,1,5,1,
30,6,795,177,12,12,1,5,1,
30,7,798,445,34,19,1,5,1,
30,8,580,357,39,13,1,5,1,
30,9,429,111,77,20,1,5,1,
30,10,876,527,34,16,1,5,1,
30,11,494,144,36,8,1,5,1,
30,12,381,269,144,34,1,5,1,
30,13,580,75,63,20,1,5,1,
30,14,838,39,30,13,1,5,1,
30,15,807,355,29,21,1,5,1,
30,16,767,53,19,19,1,5,1,
30,18,498,413,66,19,1,5,1,
30,20,807,276,12,7,1,5,1,
30,21,742,337,26,11,1,5,1,
30,22,406,527,79,16,1,5,1,
30,24,286,242,73,23,1,5,1,
30,26,557,357,98,24,1,5,1,
30,27,362,10,69,20,1,5,1,
30,28,233,178,33,14,1,5,1,
30,29,789,1,85,27,1,5,1,
30,31,473,57,47,12,1,5,1,
30,32,564,200,64,17,1,5,1,
30,33,538,96,58,15,1,5,1,
30,34,881,122,42,23,1,5,1,
30,35,852,244,51,17,1,5,1,
30,36,160,148,141,39,1,5,1,
30,39,540,423,111,28,1,5,1,
30,41,347,252,175,42,1,5,1,
30,42,781,189,35,14,1,5,1,
31,1,443,389,48,11,1,5,1,
31,2,818,439,60,22,1,5,1,
31,3,514,268,52,12,1,5,1,
31,5,503,195,51,13,1,5,1,
31,6,796,178,13,12,1,5,1,
31,7,795,443,35,19,1,5,1,
31,8,584,356,38,14,1,5,1,
31,9,436,110,77,21,1,5,1,
31,10,877,525,31,18,1,5,1,
31,11,500,144,34,8,1,5,1,
31,12,394,269,142,34,1,5,1,
31,13,587,75,62,21,1,5,1,
31,14,842,40,29,13,1,5,1,
31,15,811,354,27,21,1,5,1,
31,16,769,55,18,18,1,5,1,
31,18,506,413,64,18,1,5,1,
31,20,806,276,12,7,1,5,1,
31,21,746,336,25,12,1,5,1,
31,22,414,527,78,16,1,5,1,
31,24,291,242,76,23,1,5,1,
31,26,566,357,97,24,1,5,1,
31,27,370,9,69,20,1,5,1,
31,28,237,178,34,14,1,5,1,
31,29,797,2,79,27,1,5,1,
31,31,478,57,47,12,1,5,1,
31,32,572,200,63,17,1,5,1,
31,33,544,96,57,15,1,5,1,
31,34,886,123,40,23,1,5,1,
31,35,859,245,50,16,1,5,1,
31,36,170,147,143,40,1,5,1,
31,39,555,423,110,28,1,5,1,
31,41,363,252,173,41,1,5,1,
31,42,785,189,34,15,1,5,1,
32,1,450,388,48,12,1,5,1,
32,2,824,438,59,22,1,5,1,
32,3,519,268,52,12,1,5,1,
32,5,510,195,51,13,1,5,1,
32,6,797,178,13,12,1,5,1,
32,7,792,441,35,19,1,5,1,
32,8,588,356,37,13,1,5,1,
32,9,442,110,78,21,1,5,1,
32,10,878,521,29,22,1,5,1,
32,11,505,144,34,9,1,5,1,
32,12,406,269,141,34,1,5,1,
32,13,594,76,62,20,1,5,1,
32,14,846,40,27,14,1,5,1,
32,15,815,353,26,21,1,5,1,
32,16,771,56,18,19,1,5,1,
32,18,513,412,63,18,1,5,1,
32,20,805,276,13,7,1,5,1,
32,21,752,336,19,11,1,5,1,
32,22,422,527,78,16,1,5,1,
32,24,296,242,78,23,1,5,1,
32,26,575,356,96,25,1,5,1,
32,27,378,8,70,20,1,5,1,
32,28,241,177,35,14,1,5,1,
32,29,804,2,74,29,1,5,1,
32,31,482,56,47,13,1,5,1,
32,32,580,200,62,17,1,5,1,
32,33,549,96,57,15,1,5,1,
32,34,892,124,35,24,1,5,1,
32,35,867,245,48,16,1,5,1,
32,36,181,146,144,40,1,5,1,
32,39,569,422,110,29,1,5,1,
32,41,379,252,172,41,1,5,1,
32,42,790,190,32,14,1,5,1,
33,1,457,388,47,12,1,5,1,
33,2,830,437,57,22,1,5,1,
33,3,524,268,52,12,1,5,1,
33,5,517,196,50,13,1,5,1,
33,6,798,179,13,12,1,5,1,
33,7,790,440,34,18,1,5,1,
33,8,591,355,37,14,1,5,1,
33,9,449,110,78,20,1,5,1,
33,10,878,518,30,25,1,5,1,
33,11,510,144,34,9,1,5,1,
33,12,419,269,139,34,1,5,1,
33,13,602,76,60,21,1,5,1,
33,14,850,41,25,15,1,5,1,
33,15,818,352,25,21,1,5,1,
33,16,771,58,20,18,1,5,1,
33,18,519,411,65,19,1,5,1,
33,20,805,276,12,7,1,5,1,
33,21,753,336,23,11,1,5,1,
33,22,430,527,78,16,1,5,1,
33,24,302,241,79,24,1,5,1,
33,26,583,356,96,25,1,5,1,
33,27,386,7,71,20,1,5,1,
33,28,245,176,36,14,1,5,1,
33,29,811,3,69,30,1,5,1,
33,31,486,56,48,13,1,5,1,
33,32,588,201,61,16,1,5,1,
33,33,555,97,57,14,1,5,1,
33,34,895,125,35,24,1,5,1,
33,35,874,245,47,16,1,5,1,
33,36,191,146,146,40,1,5,1,
33,39,584,422,109,28,1,5,1,
33,41,395,252,170,41,1,5,1,
33,42,794,190,32,15,1,5,1,
34,1,464,388,47,12,1,5,1,
34,2,835,437,57,21,1,5,1,
34,3,529,268,52,12,1,5,1,
34,5,523,196,50,13,1,5,1,
34,6,799,180,13,12,1,5,1,
34,7,787,438,35,18,1,5,1,
34,8,595,355,35,13,1,5,1,
34,9,456,109,78,21,1,5,1,
34,10,880,515,29,28,1,5,1,
34,11,515,144,34,9,1,5,1,
34,12,431,269,138,34,1,5,1,
34,13,609,77,60,21,1,5,1,
34,14,853,43,24,14,1,5,1,
34,15,819,351,26,20,1,5,1,
34,16,771,61,23,17,1,5,1,
34,18,525,412,67,18,1,5,1,
34,20,804,276,12,7,1,5,1,
34,21,758,335,18,11,1,5,1,
34,22,437,528,78,15,1,5,1,
34,24,308,241,81,24,1,5,1,
34,26,592,356,94,25,1,5,1,
34,27,394,6,72,20,1,5,1,
34,28,249,175,37,14,1,5,1,
34,29,817,4,63,32,1,5,1,
34,31,491,56,47,13,1,5,1,
34,32,595,201,61,16,1,5,1,
34,33,561,97,56,14,1,5,1,
34,34,899,127,33,23,1,5,1,
34,35,880,245,47,16,1,5,1,
34,36,202,145,147,41,1,5,1,
34,39,598,422,109,28,1,5,1,
34,41,410,253,169,40,1,5,1,
34,42,798,191,31,14,1,5,1,
35,1,471,388,47,11,1,5,1,
35,2,840,436,56,21,1,5,1,
35,3,534,268,52,12,1,5,1,
35,5,529,196,51,13,1,5,1,
35,6,800,180,12,12,1,5,1,
35,7,784,436,35,19,1,5,1,
35,8,601,354,29,13,1,5,1,
35,9,463,109,78,21,1,5,1,
35,10,881,512,28,31,1,5,1,
35,11,520,144,34,9,1,5,1,
35,12,443,269,139,33,1,5,1,
35,13,616,78,59,20,1,5,1,
35,14,856,44,23,14,1,5,1,
35,15,822,350,26,20,1,5,1,
35,16,773,63,22,16,1,5,1,
35,18,531,412,69,18,1,5,1,
35,20,803,276,12,7,1,5,1,
35,21,762,335,14,11,1,5,1,
35,22,445,528,78,15,1,5,1,
35,24,314,241,82,24,1,5,1,
35,26,600,356,94,25,1,5,1,
35,27,403,5,72,20,1,5,1,
35,28,254,174,38,14,1,5,1,
35,29,822,5,61,32,1,5,1,
35,31,495,56,48,13,1,5,1,
35,32,601,201,63,17,1,5,1,
35,33,566,97,57,15,1,5,1,
35,34,903,128,32,23,1,5,1,
35,35,887,245,46,16,1,5,1,
35,36,213,145,148,40,1,5,1,
35,39,612,421,109,29,1,5,1,
35,41,426,253,168,40,1,5,1,
35,42,802,191,30,15,1,5,1,
36,1,477,388,47,11,1,5,1,
36,2,846,435,55,22,1,5,1,
36,3,539,268,52,12,1,5,1,
36,5,535,196,52,13,1,5,1,
36,6,801,181,12,12,1,5,1,
36,7,781,435,35,18,1,5,1,
36,8,607,353,23,14,1,5,1,
36,9,470,109,79,21,1,5,1,
36,10,881,509,29,34,1,5,1,
36,11,525,145,34,8,1,5,1,
36,12,455,269,140,33,1,5,1,
36,13,622,79,60,20,1,5,1,
36,14,860,44,20,15,1,5,1,
36,15,825,349,25,20,1,5,1,
36,16,776,64,21,16,1,5,1,
36,18,538,412,70,19,1,5,1,
36,20,802,276,12,7,1,5,1,
36,21,763,334,13,11,1,5,1,
36,22,452,528,79,15,1,5,1,
36,24,321,241,83,23,1,5,1,
36,26,608,356,94,25,1,5,1,
36,27,411,4,73,20,1,5,1,
36,28,258,173,39,15,1,5,1,
36,29,827,7,60,32,1,5,1,
36,31,500,56,47,13,1,5,1,
36,32,607,202,66,17,1,5,1,
36,33,572,97,56,15,1,5,1,
36,34,907,129,31,23,1,5,1,
36,35,894,245,44,16,1,5,1,
36,36,224,144,150,41,1,5,1,
36,39,627,421,108,28,1,5,1,
36,41,442,253,166,40,1,5,1,
36,42,806,192,28,14,1,5,1,
37,1,484,388,47,11,1,5,1,
37,2,852,435,53,21,1,5,1,
37,3,544,268,52,12,1,5,1,
37,5,541,196,53,13,1,5,1,
37,6,802,182,12,11,1,5,1,
37,7,779,433,34,18,1,5,1,
37,8,611,353,20,13,1,5,1,
37,9,477,109,79,20,1,5,1,
37,10,882,506,28,37,1,5,1,
37,11,530,145,34,8,1,5,1,
37,12,467,269,141,34,1,5,1,
37,13,629,79,59,21,1,5,1,
37,14,864,44,17,15,1,5,1,
37,15,828,348,25,20,1,5,1,
37,16,778,65,20,16,1,5,1,
37,18,545,412,70,18,1,5,1,
37,20,801,276,12,7,1,5,1,
37,21,763,333,14,11,1,5,1,
37,22,460,528,79,15,1,5,1,
37,24,327,240,84,24,1,5,1,
37,26,616,356,94,25,1,5,1,
37,27,420,2,74,21,1,5,1,
37,28,263,172,37,15,1,5,1,
37,29,832,8,59,32,1,5,1,
37,31,504,56,48,13,1,5,1,
37,32,614,202,68,17,1,5,1,
37,33,577,97,56,15,1,5,1,
37,34,910,130,31,22,1,5,1,
37,35,900,245,44,16,1,5,1,
37,36,236,143,150,42,1,5,1,
37,39,641,421,107,28,1,5,1,
37,41,457,253,165,40,1,5,1,
37,42,810,192,27,14,1,5,1,
38,1,491,387,47,12,1,5,1,
38,2,857,434,52,21,1,5,1,
38,3,550,268,51,12,1,5,1,
38,5,548,196,52,13,1,5,1,
38,6,803,182,12,12,1,5,1,
38,7,776,432,35,17,1,5,1,
38,8,614,352,18,13,1,5,1,
38,9,484,108,79,21,1,5,1,
38,10,882,503,29,38,1,5,1,
38,11,535,145,34,9,1,5,1,
38,12,478,269,142,34,1,5,1,
38,13,636,80,58,20,1,5,1,
38,14,868,44,14,16,1,5,1,
38,15,830,348,25,19,1,5,1,
38,16,781,66,18,16,1,5,1,
38,18,552,412,70,18,1,5,1,
38,20,800,276,12,7,1,5,1,
38,21,764,333,14,11,1,5,1,
38,22,468,529,78,14,1,5,1,
38,24,334,240,85,24,1,5,1,
38,26,624,356,94,24,1,5,1,
38,27,429,1,74,21,1,5,1,
38,28,267,171,37,15,1,5,1,
38,29,837,10,57,31,1,5,1,
38,31,509,56,47,13,1,5,1,
38,32,622,202,67,17,1,5,1,
38,33,584,97,54,16,1,5,1,
38,34,914,131,29,22,1,5,1,
38,35,907,246,42,16,1,5,1,
38,36,247,143,152,41,1,5,1,
38,39,655,421,107,28,1,5,1,
38,41,472,253,164,40,1,5,1,
38,42,813,193,27,14,1,5,1,
39,1,498,387,46,12,1,5,1,
39,2,862,433,52,21,1,5,1,
39,3,555,268,51,12,1,5,1,
39,5,555,196,52,13,1,5,1,
39,6,803,183,12,12,1,5,1,
39,7,773,430,35,17,1,5,1,
39,8,615,351,19,13,1,5,1,
39,9,490,108,80,21,1,5,1,
39,10,883,501,28,37,1,5,1,
39,11,540,145,33,9,1,5,1,
39,12,490,269,142,34,1,5,1,
39,13,643,81,57,20,1,5,1,
39,14,870,45,13,17,1,5,1,
39,15,832,347,25,19,1,5,1,
39,16,783,67,18,16,1,5,1,
39,18,560,412,69,18,1,5,1,
39,20,798,276,14,7,1,5,1,
39,21,764,332,14,11,1,5,1,
39,22,476,529,78,14,1,5,1,
39,24,338,240,89,25,1,5,1,
39,26,632,356,94,24,1,5,1,
39,27,437,0,75,21,1,5,1,
39,28,271,169,38,16,1,5,1,
39,29,842,11,56,32,1,5,1,
39,31,513,57,47,12,1,5,1,
39,32,630,202,67,17,1,5,1,
39,33,590,97,51,17,1,5,1,
39,34,917,132,29,22,1,5,1,
39,35,913,245,44,16,1,5,1,
39,36,258,142,154,42,1,5,1,
39,39,669,421,107,28,1,5,1,
39,41,487,253,163,40,1,5,1,
39,42,817,193,25,14,1,5,1,
40,1,505,387,46,11,1,5,1,
40,2,867,432,51,21,1,5,1,
40,3,560,268,51,12,1,5,1,
40,5,562,196,51,13,1,5,1,
40,6,804,184,12,11,1,5,1,
40,7,770,429,35,17,1,5,1,
40,8,618,351,17,13,1,5,1,
40,9,497,108,80,21,1,5,1,
40,10,883,498,28,36,1,5,1,
40,11,545,145,33,9,1,5,1,
40,12,502,269,142,34,1,5,1,
40,13,649,81,57,21,1,5,1,
40,14,872,46,12,17,1,5,1,
40,15,835,346,24,19,1,5,1,
40,16,785,68,16,17,1,5,1,
40,18,567,411,69,19,1,5,1,
40,20,797,276,13,6,1,5,1,
40,21,766,332,13,10,1,5,1,
40,22,483,529,79,14,1,5,1,
40,24,344,240,92,25,1,5,1,
40,26,640,356,94,24,1,5,1,
40,27,446,0,76,20,1,5,1,
40,28,275,168,39,16,1,5,1,
40,29,847,12,54,32,1,5,1,
40,31,518,57,46,12,1,5,1,
40,32,638,202,67,17,1,5,1,
40,33,596,97,48,18,1,5,1,
40,34,921,133,27,22,1,5,1,
40,35,920,245,40,16,1,5,1,
40,36,269,141,155,42,1,5,1,
40,39,683,420,108,29,1,5,1,
40,41,503,253,161,40,1,5,1,
40,42,820,194,25,14,1,5,1,
41,1,511,387,46,11,1,5,1,
41,2,871,432,52,21,1,5,1,
41,3,565,268,51,12,1,5,1,
41,5,568,196,52,13,1,5,1,
41,6,805,184,11,12,1,5,1,
41,7,767,427,35,17,1,5,1,
41,8,620,350,16,13,1,5,1,
41,9,505,108,79,21,1,5,1,
41,10,883,496,28,35,1,5,1,
41,11,550,146,32,8,1,5,1,
41,12,513,269,143,34,1,5,1,
41,13,656,82,56,20,1,5,1,
41,14,873,48,12,17,1,5,1,
41,15,837,345,25,19,1,5,1,
41,16,787,69,16,17,1,5,1,
41,18,574,411,69,18,1,5,1,
41,20,796,276,13,6,1,5,1,
41,21,766,331,13,11,1,5,1,
41,22,491,529,79,14,1,5,1,
41,24,351,240,93,25,1,5,1,
41,26,649,356,92,24,1,5,1,
41,27,455,0,76,19,1,5,1,
41,28,280,167,40,16,1,5,1,
41,29,851,14,54,31,1,5,1,
41,31,522,57,46,13,1,5,1,
41,32,646,202,67,17,1,5,1,
41,33,600,98,49,18,1,5,1,
41,34,924,134,27,22,1,5,1,
41,35,927,246,33,15,1,5,1,
41,36,281,141,157,42,1,5,1,
41,39,697,420,108,28,1,5,1,
41,41,518,253,160,40,1,5,1,
41,42,824,194,24,14,1,5,1,
42,1,518,387,46,11,1,5,1,
42,2,876,431,51,21,1,5,1,
42,3,571,268,50,12,1,5,1,
42,5,575,197,51,12,1,5,1,
42,6,805,185,12,11,1,5,1,
42,7,764,426,35,16,1,5,1,
42,8,623,350,14,12,1,5,1,
42,9,512,108,80,21,1,5,1,
42,10,884,493,27,35,1,5,1,
42,11,555,146,32,9,1,5,1,
42,12,525,269,143,34,1,5,1,
42,13,663,83,55,20,1,5,1,
42,14,873,49,12,17,1,5,1,
42,15,839,344,24,19,1,5,1,
42,16,789,70,15,17,1,5,1,
42,18,582,411,67,18,1,5,1,
42,20,794,276,14,6,1,5,1,
42,21,768,331,13,10,1,5,1,
42,22,499,529,79,14,1,5,1,
42,24,358,240,95,25,1,5,1,
42,26,657,355,92,25,1,5,1,
42,27,464,0,77,18,1,5,1,
42,28,284,166,42,16,1,5,1,
42,29,855,15,54,31,1,5,1,
42,31,527,57,45,13,1,5,1,
42,32,655,202,65,16,1,5,1,
42,33,604,99,49,18,1,5,1,
42,34,927,135,26,22,1,5,1,
42,35,934,246,26,15,1,5,1,
42,36,293,140,158,42,1,5,1,
42,39,712,420,107,28,1,5,1,
42,40,0,134,133,109,1,5,1,
42,41,533,253,158,40,1,5,1,
42,42,827,195,24,13,1,5,1,
43,1,525,386,45,12,1,5,1,
43,2,881,430,51,21,1,5,1,
43,3,576,268,49,12,1,5,1,
43,5,582,197,50,12,1,5,1,
43,6,805,186,12,11,1,5,1,
43,7,762,425,35,16,1,5,1,
43,8,624,349,14,13,1,5,1,
43,9,519,108,80,21,1,5,1,
43,10,884,491,27,34,1,5,1,
43,11,559,146,32,9,1,5,1,
43,12,537,269,143,34,1,5,1,
43,13,669,83,55,21,1,5,1,
43,14,874,51,12,17,1,5,1,
43,15,841,344,24,18,1,5,1,
43,16,790,72,15,16,1,5,1,
43,18,589,411,67,18,1,5,1,
43,20,793,276,14,6,1,5,1,
43,21,770,331,12,9,1,5,1,
43,22,507,529,78,14,1,5,1,
43,24,366,239,96,26,1,5,1,
43,26,667,355,87,23,1,5,1,
43,27,473,0,78,17,1,5,1,
43,28,289,165,43,16,1,5,1,
43,29,859,17,54,31,1,5,1,
43,31,531,58,46,13,1,5,1,
43,32,664,201,61,17,1,5,1,
43,33,608,101,50,17,1,5,1,
43,34,930,136,26,22,1,5,1,
43,35,941,247,19,14,1,5,1,
43,36,304,140,160,42,1,5,1,
43,39,726,420,106,28,1,5,1,
43,40,0,133,170,110,1,5,1,
43,41,547,253,158,39,1,5,1,
43,42,830,195,23,14,1,5,1,
44,1,532,386,45,11,1,5,1,
44,2,886,430,50,20,1,5,1,
44,3,581,268,49,12,1,5,1,
44,5,588,197,50,12,1,5,1,
44,6,806,186,11,11,1,5,1,
44,7,759,423,35,16,1,5,1,
44,8,626,349,13,12,1,5,1,
44,9,526,107,80,22,1,5,1,
44,10,885,489,26,32,1,5,1,
44,11,564,146,32,9,1,5,1,
44,12,549,269,143,34,1,5,1,
44,13,675,84,54,20,1,5,1,
44,14,875,52,11,17,1,5,1,
44,15,843,343,24,18,1,5,1,
44,16,792,73,14,17,1,5,1,
44,18,597,410,65,18,1,5,1,
44,20,791,276,15,6,1,5,1,
44,21,771,330,12,10,1,5,1,
44,22,515,529,78,14,1,5,1,
44,24,373,239,98,26,1,5,1,
44,26,677,354,81,23,1,5,1,
44,27,482,0,78,16,1,5,1,
44,28,294,163,44,17,1,5,1,
44,29,863,18,53,31,1,5,1,
44,31,535,58,46,13,1,5,1,
44,32,674,201,56,17,1,5,1,
44,33,613,102,49,17,1,5,1,
44,34,932,137,26,21,1,5,1,
44,36,316,139,162,43,1,5,1,
44,39,740,420,106,28,1,5,1,
44,40,0,127,207,115,1,5,1,
44,41,562,253,156,39,1,5,1,
44,42,833,196,23,13,1,5,1,
45,1,539,386,44,11,1,5,1,
45,2,891,429,50,21,1,5,1,
45,3,586,268,49,12,1,5,1,
45,5,595,197,50,13,1,5,1,
45,6,806,187,11,11,1,5,1,
45,7,756,422,35,16,1,5,1,
45,8,624,348,18,13,1,5,1,
45,9,533,107,80,22,1,5,1,
45,10,885,486,26,32,1,5,1,
45,11,569,147,31,8,1,5,1,
45,12,560,269,147,34,1,5,1,
45,13,682,85,53,20,1,5,1,
45,14,875,54,12,17,1,5,1,
45,15,844,342,24,18,1,5,1,
45,16,793,74,14,17,1,5,1,
45,18,604,410,64,18,1,5,1,
45,20,790,275,14,7,1,5,1,
45,21,772,330,12,9,1,5,1,
45,22,523,529,78,14,1,5,1,
45,24,381,239,99,26,1,5,1,
45,26,687,352,75,23,1,5,1,
45,27,492,0,78,15,1,5,1,
45,28,299,162,45,17,1,5,1,
45,29,868,20,51,30,1,5,1,
45,31,540,59,45,13,1,5,1,
45,32,679,202,59,17,1,5,1,
45,33,618,102,48,17,1,5,1,
45,34,935,138,24,21,1,5,1,
45,36,329,138,162,43,1,5,1,
45,39,754,420,105,28,1,5,1,
45,40,0,117,246,127,1,5,1,
45,41,576,253,156,39,1,5,1,
45,42,836,196,22,14,1,5,1,
46,1,545,385,44,12,1,5,1,
46,2,896,428,49,21,1,5,1,
46,3,591,268,48,12,1,5,1,
46,5,602,197,49,13,1,5,1,
46,6,806,188,11,11,1,5,1,
46,7,753,421,35,15,1,5,1,
46,8,625,348,20,12,1,5,1,
46,9,540,107,80,22,1,5,1,
46,10,885,484,27,31,1,5,1,
46,11,574,147,31,9,1,5,1,
46,12,572,269,148,34,1,5,1,
46,13,688,85,52,21,1,5,1,
46,14,875,56,12,16,1,5,1,
46,15,845,341,24,18,1,5,1,
46,16,794,75,14,17,1,5,1,
46,18,611,409,63,18,1,5,1,
46,20,788,275,15,7,1,5,1,
46,21,773,329,12,10,1,5,1,
46,22,531,529,77,14,1,5,1,
46,24,389,239,100,26,1,5,1,
46,26,692,353,79,23,1,5,1,
46,27,501,-1,79,15,1,5,1,
46,28,305,161,45,17,1,5,1,
46,29,872,21,51,31,1,5,1,
46,31,544,59,45,13,1,5,1,
46,32,684,202,63,17,1,5,1,
46,33,623,102,48,18,1,5,1,
46,34,938,139,21,21,1,5,1,
46,36,341,138,164,43,1,5,1,
46,39,768,420,105,28,1,5,1,
46,40,0,116,285,128,1,5,1,
46,41,591,253,154,39,1,5,1,
46,42,838,197,22,13,1,5,1,
47,1,552,385,43,11,1,5,1,
47,2,901,428,47,20,1,5,1,
47,3,596,268,48,12,1,5,1,
47,5,608,197,49,13,1,5,1,
47,6,806,188,11,11,1,5,1,
47,7,750,419,35,16,1,5,1,
47,8,627,347,19,13,1,5,1,
47,9,547,107,80,22,1,5,1,
47,10,886,482,26,30,1,5,1,
47,11,578,147,31,9,1,5,1,
47,12,584,269,149,34,1,5,1,
47,13,694,86,52,20,1,5,1,
47,14,876,57,11,17,1,5,1,
47,15,847,341,23,17,1,5,1,
47,16,796,77,12,16,1,5,1,
47,18,618,409,63,18,1,5,1,
47,20,787,275,15,7,1,5,1,
47,21,774,329,12,9,1,5,1,
47,22,539,529,77,14,1,5,1,
47,24,397,238,101,27,1,5,1,
47,26,698,353,82,24,1,5,1,
47,27,511,-2,79,15,1,5,1,
47,28,310,160,47,17,1,5,1,
47,29,876,23,50,30,1,5,1,
47,31,549,59,44,13,1,5,1,
47,32,693,202,59,17,1,5,1,
47,33,627,103,48,17,1,5,1,
47,34,940,140,20,21,1,5,1,
47,36,353,137,166,44,1,5,1,
47,39,782,420,105,27,1,5,1,
47,40,0,114,324,131,1,5,1,
47,41,605,253,153,39,1,5,1,
47,42,841,197,21,14,1,5,1,
48,1,558,385,43,11,1,5,1,
48,2,906,427,46,20,1,5,1,
48,3,601,268,47,12,1,5,1,
48,5,614,197,49,13,1,5,1,
48,6,806,189,11,11,1,5,1,
48,7,747,418,35,15,1,5,1,
48,8,629,347,18,12,1,5,1,
48,9,555,107,79,21,1,5,1,
48,10,886,479,26,31,1,5,1,
48,11,583,148,30,8,1,5,1,
48,12,596,269,150,34,1,5,1,
48,13,700,87,51,20,1,5,1,
48,14,876,59,12,16,1,5,1,
48,15,848,340,24,17,1,5,1,
48,16,797,78,12,16,1,5,1,
48,18,625,409,62,17,1,5,1,
48,20,785,275,15,7,1,5,1,
48,21,774,328,12,10,1,5,1,
48,22,547,529,77,14,1,5,1,
48,24,405,238,103,27,1,5,1,
48,26,704,354,85,24,1,5,1,
48,28,315,158,48,18,1,5,1,
48,29,880,24,49,30,1,5,1,
48,31,553,59,44,14,1,5,1,
48,32,703,202,54,17,1,5,1,
48,33,632,103,47,18,1,5,1,
48,34,943,141,17,21,1,5,1,
48,36,366,137,167,43,1,5,1,
48,39,797,420,104,27,1,5,1,
48,40,0,112,365,133,1,5,1,
48,41,619,253,153,39,1,5,1,
48,42,844,198,20,13,1,5,1,
49,1,565,385,42,11,1,5,1,
49,2,910,426,46,21,1,5,1,
49,3,606,268,47,12,1,5,1,
49,5,621,198,48,12,1,5,1,
49,6,806,190,11,10,1,5,1,
49,7,744,417,35,15,1,5,1,
49,8,634,346,13,12,1,5,1,
49,9,562,107,79,21,1,5,1,
49,10,887,477,26,30,1,5,1,
49,11,588,148,30,9,1,5,1,
49,12,608,269,151,34,1,5,1,
49,13,706,88,51,20,1,5,1,
49,14,876,60,12,17,1,5,1,
49,15,849,339,24,17,1,5,1,
49,16,798,79,12,17,1,5,1,
49,18,632,408,61,18,1,5,1,
49,20,784,275,15,7,1,5,1,
49,21,775,328,12,9,1,5,1,
49,22,555,529,76,14,1,5,1,
49,24,413,238,105,27,1,5,1,
49,26,714,353,79,23,1,5,1,
49,28,321,157,49,17,1,5,1,
49,29,884,26,47,30,1,5,1,
49,31,557,60,44,13,1,5,1,
49,32,708,203,57,16,1,5,1,
49,33,637,104,46,17,1,5,1,
49,34,946,142,14,21,1,5,1,
49,36,378,136,169,44,1,5,1,
49,39,811,419,103,28,1,5,1,
49,40,0,111,406,134,1,5,1,
49,41,634,254,151,38,1,5,1,
49,42,847,198,19,13,1,5,1,
50,1,571,384,42,11,1,5,1,
50,2,915,426,44,20,1,5,1,
50,3,611,268,46,12,1,5,1,
50,5,627,198,48,12,1,5,1,
50,6,806,190,11,11,1,5,1,
50,7,741,416,35,14,1,5,1,
50,8,634,346,15,12,1,5,1,
50,9,569,107,79,21,1,5,1,
50,10,887,475,26,29,1,5,1,
50,11,592,148,30,9,1,5,1,
50,12,621,269,151,34,1,5,1,
50,13,712,88,50,21,1,5,1,
50,14,877,62,11,16,1,5,1,
50,15,850,338,23,17,1,5,1,
50,16,799,80,11,17,1,5,1,
50,18,639,408,60,17,1,5,1,
50,20,782,275,15,7,1,5,1,
50,21,776,327,11,10,1,5,1,
50,22,563,528,76,15,1,5,1,
50,24,421,238,107,27,1,5,1,
50,26,724,352,72,22,1,5,1,
50,28,327,156,51,17,1,5,1,
50,29,888,27,46,30,1,5,1,
50,31,561,60,44,14,1,5,1,
50,32,717,203,53,16,1,5,1,
50,33,642,104,45,18,1,5,1,
50,34,948,143,12,20,1,5,1,
50,36,391,136,170,44,1,5,1,
50,39,825,419,103,28,1,5,1,
50,40,0,109,448,135,1,5,1,
50,41,648,254,150,38,1,5,1,
50,42,849,198,19,14,1,5,1,
51,1,578,384,41,11,1,5,1,
51,2,920,425,40,20,1,5,1,
51,3,616,268,45,12,1,5,1,
51,5,634,198,46,12,1,5,1,
51,6,806,191,11,10,1,5,1,
51,7,738,415,35,14,1,5,1,
51,8,636,345,14,12,1,5,1,
51,9,576,107,79,21,1,5,1,
51,10,888,473,25,29,1,5,1,
51,11,597,149,29,8,1,5,1,
51,12,633,269,152,34,1,5,1,
51,13,718,89,48,20,1,5,1,
51,14,877,63,11,17,1,5,1,
51,15,851,338,23,16,1,5,1,
51,16,800,82,11,16,1,5,1,
51,18,646,407,58,17,1,5,1,
51,20,780,275,16,7,1,5,1,
51,21,776,327,12,9,1,5,1,
51,22,571,528,75,15,1,5,1,
51,24,430,237,108,28,1,5,1,
51,26,733,350,65,23,1,5,1,
51,28,333,154,53,18,1,5,1,
51,29,892,28,44,30,1,5,1,
51,31,566,60,42,14,1,5,1,
51,32,721,203,57,17,1,5,1,
51,33,647,105,44,17,1,5,1,
51,34,950,144,10,20,1,5,1,
51,36,404,135,171,44,1,5,1,
51,39,839,419,102,28,1,5,1,
51,40,0,107,491,137,1,5,1,
51,41,662,254,149,38,1,5,1,
51,42,852,199,18,13,1,5,1,
52,1,584,383,41,12,1,5,1,
52,2,924,424,36,20,1,5,1,
52,3,620,268,46,12,1,5,1,
52,5,640,198,46,13,1,5,1,
52,6,806,192,11,10,1,5,1,
52,7,735,414,35,13,1,5,1,
52,8,637,345,14,12,1,5,1,
52,9,583,107,79,22,1,5,1,
52,10,889,471,25,28,1,5,1,
52,11,601,149,28,9,1,5,1,
52,12,645,269,153,34,1,5,1,
52,13,724,90,47,20,1,5,1,
52,14,877,65,11,16,1,5,1,
52,15,852,337,22,17,1,5,1,
52,16,801,83,11,16,1,5,1,
52,18,652,406,58,18,1,5,1,
52,20,778,275,16,7,1,5,1,
52,21,776,326,12,9,1,5,1,
52,22,579,528,74,15,1,5,1,
52,24,438,238,110,28,1,5,1,
52,26,740,349,62,22,1,5,1,
52,28,339,153,54,18,1,5,1,
52,29,896,29,43,30,1,5,1,
52,31,570,61,42,14,1,5,1,
52,32,730,203,52,17,1,5,1,
52,33,651,105,44,18,1,5,1,
52,36,417,134,173,45,1,5,1,
52,39,853,419,101,27,1,5,1,
52,40,0,105,536,139,1,5,1,
52,41,676,254,148,38,1,5,1,
52,42,854,199,18,14,1,5,1,
53,1,590,383,41,11,1,5,1,
53,2,929,424,31,19,1,5,1,
53,3,626,268,44,12,1,5,1,
53,5,646,198,46,13,1,5,1,
53,6,806,192,10,10,1,5,1,
53,7,735,413,31,13,1,5,1,
53,8,639,344,12,12,1,5,1,
53,9,591,107,78,22,1,5,1,
53,10,887,468,26,28,1,5,1,
53,11,605,149,29,9,1,5,1,
53,12,658,269,153,34,1,5,1,
53,13,730,91,46,20,1,5,1,
53,14,877,66,11,16,1,5,1,
53,15,852,336,23,17,1,5,1,
53,16,801,84,11,16,1,5,1,
53,18,659,406,56,17,1,5,1,
53,20,777,275,15,7,1,5,1,
53,21,777,326,11,9,1,5,1,
53,22,587,527,73,16,1,5,1,
53,24,446,239,112,28,1,5,1,
53,26,744,350,66,22,1,5,1,
53,28,346,152,55,18,1,5,1,
53,29,899,31,43,30,1,5,1,
53,31,574,61,42,14,1,5,1,
53,32,735,204,55,16,1,5,1,
53,33,656,106,43,17,1,5,1,
53,36,430,134,174,45,1,5,1,
53,39,867,418,93,28,1,5,1,
53,40,23,103,560,141,1,5,1,
53,41,690,254,146,38,1,5,1,
53,42,856,200,17,13,1,5,1,
54,1,597,383,40,11,1,5,1,
54,2,934,423,26,18,1,5,1,
54,3,632,268,42,12,1,5,1,
54,5,652,198,45,13,1,5,1,
54,6,805,193,11,10,1,5,1,
54,7,735,412,27,13,1,5,1,
54,8,639,343,12,12,1,5,1,
54,9,598,107,78,22,1,5,1,
54,10,886,465,27,28,1,5,1,
54,11,610,150,26,9,1,5,1,
54,12,671,269,153,35,1,5,1,
54,13,735,92,46,20,1,5,1,
54,14,877,68,11,16,1,5,1,
54,15,853,335,22,17,1,5,1,
54,16,802,85,10,17,1,5,1,
54,18,665,405,55,17,1,5,1,
54,20,775,275,16,6,1,5,1,
54,21,777,325,11,9,1,5,1,
54,22,595,527,73,16,1,5,1,
54,24,454,239,115,28,1,5,1,
54,26,749,351,70,22,1,5,1,
54,28,352,150,58,19,1,5,1,
54,29,903,32,41,30,1,5,1,
54,31,578,61,41,15,1,5,1,
54,32,743,204,51,16,1,5,1,
54,33,660,106,42,18,1,5,1,
54,36,444,133,175,46,1,5,1,
54,39,880,419,80,27,1,5,1,
54,40,58,100,574,143,1,5,1,
54,41,704,254,145,38,1,5,1,
54,42,858,200,17,13,1,5,1,
55,1,603,382,39,11,1,5,1,
55,2,938,422,22,18,1,5,1,
55,3,638,268,40,13,1,5,1,
55,5,658,199,45,12,1,5,1,
55,6,805,193,11,10,1,5,1,
55,7,736,411,22,13,1,5,1,
55,8,639,342,12,12,1,5,1,
55,9,604,107,81,21,1,5,1,
55,10,886,463,27,27,1,5,1,
55,11,615,150,24,10,1,5,1,
55,12,683,269,154,35,1,5,1,
55,13,741,92,45,20,1,5,1,
55,14,877,69,11,16,1,5,1,
55,15,854,335,22,16,1,5,1,
55,16,802,87,11,16,1,5,1,
55,18,671,405,55,17,1,5,1,
55,21,777,325,11,9,1,5,1,
55,22,602,527,73,16,1,5,1,
55,24,464,239,115,28,1,5,1,
55,26,758,349,63,22,1,5,1,
55,28,359,149,59,18,1,5,1,
55,29,906,34,40,29,1,5,1,
55,31,582,62,39,15,1,5,1,
55,32,752,204,47,16,1,5,1,
55,33,665,107,41,18,1,5,1,
55,36,457,133,176,45,1,5,1,
55,39,894,418,66,23,1,5,1,
55,40,97,98,586,145,1,5,1,
55,41,718,254,144,38,1,5,1,
55,42,861,201,15,13,1,5,1,
56,1,609,382,39,11,1,5,1,
56,2,943,421,17,18,1,5,1,
56,3,644,269,37,12,1,5,1,
56,5,665,199,43,12,1,5,1,
56,6,805,194,11,10,1,5,1,
56,7,737,410,17,13,1,5,1,
56,8,637,341,16,12,1,5,1,
56,9,611,107,81,21,1,5,1,
56,10,887,461,26,27,1,5,1,
56,11,618,151,25,9,1,5,1,
56,12,696,269,154,35,1,5,1,
56,13,746,93,44,20,1,5,1,
56,14,877,71,11,16,1,5,1,
56,15,854,334,22,16,1,5,1,
56,16,802,88,11,16,1,5,1,
56,18,678,404,53,17,1,5,1,
56,21,777,324,11,9,1,5,1,
56,22,610,526,72,17,1,5,1,
56,24,473,238,117,29,1,5,1,
56,26,762,350,68,22,1,5,1,
56,28,367,147,59,19,1,5,1,
56,29,909,35,39,29,1,5,1,
56,31,586,63,39,14,1,5,1,
56,32,758,205,46,15,1,5,1,
56,33,669,107,40,18,1,5,1,
56,36,471,133,177,45,1,5,1,
56,39,908,421,52,20,1,5,1,
56,40,137,96,599,147,1,5,1,
56,41,731,254,143,38,1,5,1,
56,42,863,201,15,13,1,5,1,
57,1,615,382,38,10,1,5,1,
57,2,947,421,13,17,1,5,1,
57,3,650,269,34,13,1,5,1,
57,5,672,199,39,13,1,5,1,
57,6,804,195,11,9,1,5,1,
57,7,735,409,19,13,1,5,1,
57,8,636,340,19,13,1,5,1,
57,9,619,107,80,21,1,5,1,
57,10,888,460,26,26,1,5,1,
57,11,622,151,25,9,1,5,1,
57,12,709,269,155,35,1,5,1,
57,13,752,94,43,20,1,5,1,
57,14,877,72,10,16,1,5,1,
57,15,854,333,22,16,1,5,1,
57,16,803,89,10,16,1,5,1,
57,18,684,404,52,16,1,5,1,
57,21,777,324,11,9,1,5,1,
57,22,618,526,72,17,1,5,1,
57,24,483,238,118,29,1,5,1,
57,26,771,348,60,22,1,5,1,
57,28,374,146,61,19,1,5,1,
57,29,913,36,37,30,1,5,1,
57,31,590,63,39,15,1,5,1,
57,32,764,205,44,16,1,5,1,
57,33,674,108,39,18,1,5,1,
57,36,485,132,178,46,1,5,1,
57,39,922,425,38,15,1,5,1,
57,40,177,93,614,149,1,5,1,
57,41,745,254,141,38,1,5,1,
57,42,865,202,14,12,1,5,1,
58,1,621,381,37,11,1,5,1,
58,3,656,270,31,12,1,5,1,
58,5,678,200,38,12,1,5,1,
58,6,804,195,11,10,1,5,1,
58,7,733,408,20,13,1,5,1,
58,8,632,340,24,12,1,5,1,
58,9,626,106,80,22,1,5,1,
58,10,888,458,26,26,1,5,1,
58,11,626,152,25,9,1,5,1,
58,12,721,269,156,35,1,5,1,
58,13,757,95,42,20,1,5,1,
58,14,877,74,10,15,1,5,1,
58,15,854,333,22,15,1,5,1,
58,16,803,90,10,16,1,5,1,
58,18,691,403,49,17,1,5,1,
58,21,777,324,11,8,1,5,1,
58,22,626,525,70,18,1,5,1,
58,24,493,238,119,29,1,5,1,
58,26,780,346,52,22,1,5,1,
58,28,382,144,62,20,1,5,1,
58,29,916,38,36,29,1,5,1,
58,31,594,63,38,16,1,5,1,
58,32,770,205,43,16,1,5,1,
58,33,678,108,38,18,1,5,1,
58,36,499,132,178,46,1,5,1,
58,40,219,90,630,152,1,5,1,
58,41,759,254,139,38,1,5,1,
58,42,866,202,15,13,1,5,1,
59,1,627,381,37,10,1,5,1,
59,3,661,270,28,12,1,5,1,
59,5,683,200,37,12,1,5,1,
59,6,803,196,12,9,1,5,1,
59,8,629,339,28,12,1,5,1,
59,9,633,106,80,22,1,5,1,
59,10,889,456,26,26,1,5,1,
59,11,630,152,24,9,1,5,1,
59,12,734,269,156,35,1,5,1,
59,13,762,96,41,19,1,5,1,
59,14,876,75,11,16,1,5,1,
59,15,857,332,21,16,1,5,1,
59,16,803,92,10,15,1,5,1,
59,18,696,402,49,17,1,5,1,
59,21,777,323,11,9,1,5,1,
59,22,633,524,70,19,1,5,1,
59,24,502,238,121,29,1,5,1,
59,26,785,346,51,21,1,5,1,
59,28,389,143,65,19,1,5,1,
59,29,918,39,37,29,1,5,1,
59,31,597,64,38,15,1,5,1,
59,32,775,206,43,15,1,5,1,
59,33,682,109,37,18,1,5,1,
59,36,512,132,179,46,1,5,1,
59,40,259,87,651,155,1,5,1,
59,41,772,254,138,38,1,5,1,
59,42,867,203,16,12,1,5,1,
60,1,633,380,36,11,1,5,1,
60,3,665,270,26,12,1,5,1,
60,5,688,200,37,13,1,5,1,
60,6,803,196,11,10,1,5,1,
60,9,640,106,80,22,1,5,1,
60,10,889,455,26,25,1,5,1,
60,11,634,153,23,9,1,5,1,
60,12,747,269,156,35,1,5,1,
60,13,767,97,40,19,1,5,1,
60,14,876,77,11,15,1,5,1,
60,15,860,332,20,15,1,5,1,
60,16,803,93,10,15,1,5,1,
60,18,702,402,48,16,1,5,1,
60,21,777,323,11,8,1,5,1,
60,22,641,524,69,19,1,5,1,
60,24,512,238,122,29,1,5,1,
60,26,788,347,56,21,1,5,1,
60,28,397,141,66,20,1,5,1,
60,29,921,41,36,29,1,5,1,
60,31,601,65,37,15,1,5,1,
60,32,781,206,42,15,1,5,1,
60,33,686,110,36,18,1,5,1,
60,36,526,132,180,46,1,5,1,
60,40,302,84,657,157,1,5,1,
60,41,785,254,136,38,1,5,1,
60,42,869,203,15,13,1,5,1,
61,1,638,380,36,10,1,5,1,
61,3,668,270,26,12,1,5,1,
61,5,691,201,40,12,1,5,1,
61,6,802,197,12,9,1,5,1,
61,9,647,106,80,22,1,5,1,
61,10,890,453,25,25,1,5,1,
61,11,637,153,24,9,1,5,1,
61,12,759,269,158,35,1,5,1,
61,13,771,98,41,19,1,5,1,
61,14,876,78,10,15,1,5,1,
61,15,864,332,19,14,1,5,1,
61,16,803,94,10,16,1,5,1,
61,18,706,401,49,16,1,5,1,
61,21,777,322,10,9,1,5,1,
61,22,648,523,69,20,1,5,1,
61,24,522,237,124,30,1,5,1,
61,26,791,347,61,21,1,5,1,
61,28,405,139,68,21,1,5,1,
61,29,924,42,35,29,1,5,1,
61,31,604,65,37,16,1,5,1,
61,32,786,206,42,16,1,5,1,
61,33,690,111,35,17,1,5,1,
61,36,540,131,180,47,1,5,1,
61,40,343,80,617,161,1,5,1,
61,41,797,254,136,38,1,5,1,
61,42,871,204,15,12,1,5,1,
62,1,643,379,36,11,1,5,1,
62,3,671,270,26,12,1,5,1,
62,5,698,201,36,12,1,5,1,
62,6,802,197,11,10,1,5,1,
62,9,655,106,79,22,1,5,1,
62,10,890,452,25,24,1,5,1,
62,11,641,154,23,9,1,5,1,
62,12,776,269,147,35,1,5,1,
62,13,776,98,40,20,1,5,1,
62,14,875,80,11,14,1,5,1,
62,15,866,332,20,14,1,5,1,
62,16,803,95,10,16,1,5,1,
62,18,712,401,48,16,1,5,1,
62,21,776,322,11,8,1,5,1,
62,22,655,523,69,20,1,5,1,
62,24,533,237,125,30,1,5,1,
62,26,796,347,64,22,1,5,1,
62,28,414,138,69,20,1,5,1,
62,29,927,43,32,29,1,5,1,
62,31,608,66,35,16,1,5,1,
62,32,791,207,41,15,1,5,1,
62,33,693,111,35,18,1,5,1,
62,36,555,131,179,47,1,5,1,
62,40,387,76,573,164,1,5,1,
62,41,811,254,133,38,1,5,1,
62,42,873,204,14,12,1,5,1,
63,1,649,379,35,10,1,5,1,
63,3,674,270,25,12,1,5,1,
63,5,703,201,35,13,1,5,1,
63,6,801,198,13,10,1,5,1,
63,9,662,107,79,22,1,5,1,
63,10,891,450,25,24,1,5,1,
63,11,645,154,22,9,1,5,1,
63,12,795,269,132,35,1,5,1,
63,13,781,99,39,20,1,5,1,
63,14,875,81,10,15,1,5,1,
63,15,869,331,19,14,1,5,1,
63,16,803,96,10,16,1,5,1,
63,18,718,400,47,16,1,5,1,
63,21,776,321,11,9,1,5,1,
63,22,662,522,69,21,1,5,1,
63,24,543,237,126,30,1,5,1,
63,26,805,347,57,21,1,5,1,
63,28,422,136,71,21,1,5,1,
63,29,930,45,29,28,1,5,1,
63,31,611,67,35,15,1,5,1,
63,32,797,207,39,15,1,5,1,
63,33,697,112,34,18,1,5,1,
63,36,569,131,179,47,1,5,1,
63,40,431,72,529,167,1,5,1,
63,41,824,254,130,38,1,5,1,
63,42,874,205,14,12,1,5,1,
64,1,654,378,35,11,1,5,1,
64,3,677,270,25,12,1,5,1,
64,5,708,202,35,12,1,5,1,
64,6,800,199,14,9,1,5,1,
64,9,668,108,79,22,1,5,1,
64,10,891,448,24,25,1,5,1,
64,11,648,155,21,9,1,5,1,
64,12,815,269,114,35,1,5,1,
64,13,786,100,37,20,1,5,1,
64,14,874,82,11,15,1,5,1,
64,15,871,331,19,14,1,5,1,
64,16,803,97,10,16,1,5,1,
64,18,723,399,46,16,1,5,1,
64,21,775,321,12,8,1,5,1,
64,22,670,522,67,21,1,5,1,
64,24,554,237,127,30,1,5,1,
64,26,813,345,50,21,1,5,1,
64,28,431,134,73,22,1,5,1,
64,29,932,46,27,29,1,5,1,
64,31,615,67,33,16,1,5,1,
64,32,802,207,38,15,1,5,1,
64,33,701,113,32,18,1,5,1,
64,36,584,129,179,46,1,5,1,
64,40,477,67,483,172,1,5,1,
64,41,838,255,121,37,1,5,1,
64,42,876,205,14,12,1,5,1,
65,1,660,378,33,10,1,5,1,
65,3,681,270,23,12,1,5,1,
65,5,713,202,34,12,1,5,1,
65,6,799,199,14,10,1,5,1,
65,9,675,110,78,21,1,5,1,
65,10,891,447,24,24,1,5,1,
65,11,651,155,22,9,1,5,1,
65,12,832,269,101,35,1,5,1,
65,13,790,101,37,19,1,5,1,
65,14,874,84,10,14,1,5,1,
65,15,873,330,19,14,1,5,1,
65,16,802,99,10,15,1,5,1,
65,18,729,399,44,15,1,5,1,
65,21,775,321,12,8,1,5,1,
65,22,678,521,65,22,1,5,1,
65,24,565,235,127,30,1,5,1,
65,26,820,343,43,21,1,5,1,
65,28,440,133,75,21,1,5,1,
65,29,934,48,26,28,1,5,1,
65,31,618,68,33,16,1,5,1,
65,32,807,208,37,15,1,5,1,
65,33,705,113,30,18,1,5,1,
65,36,600,129,176,46,1,5,1,
65,40,525,62,435,176,1,5,1,
65,41,852,255,108,36,1,5,1,
65,42,877,206,14,11,1,5,1,
66,1,665,377,33,11,1,5,1,
66,3,684,271,22,11,1,5,1,
66,5,718,202,33,12,1,5,1,
66,6,798,200,14,9,1,5,1,
66,9,681,110,79,21,1,5,1,
66,10,891,445,24,24,1,5,1,
66,11,655,156,20,9,1,5,1,
66,12,843,269,96,35,1,5,1,
66,13,795,102,36,19,1,5,1,
66,14,873,85,10,15,1,5,1,
66,15,875,330,18,14,1,5,1,
66,16,802,100,10,15,1,5,1,
66,18,734,398,43,16,1,5,1,
66,21,774,320,12,8,1,5,1,
66,22,685,520,64,22,1,5,1,
66,24,576,234,127,30,1,5,1,
66,26,825,343,41,20,1,5,1,
66,28,449,131,77,22,1,5,1,
66,29,937,49,23,28,1,5,1,
66,31,622,69,31,16,1,5,1,
66,32,812,208,36,15,1,5,1,
66,33,709,114,28,18,1,5,1,
66,36,615,129,175,46,1,5,1,
66,40,574,63,386,174,1,5,1,
66,41,864,255,96,36,1,5,1,
66,42,879,206,13,12,1,5,1,
67,1,670,377,32,10,1,5,1,
67,3,687,270,21,12,1,5,1,
67,5,722,203,33,12,1,5,1,
67,6,797,200,14,9,1,5,1,
67,9,688,110,78,21,1,5,1,
67,10,891,444,24,23,1,5,1,
67,11,659,156,17,10,1,5,1,
67,12,854,269,91,35,1,5,1,
67,13,799,103,35,19,1,5,1,
67,14,873,86,10,15,1,5,1,
67,15,876,329,19,14,1,5,1,
67,16,802,101,10,15,1,5,1,
67,18,739,397,42,16,1,5,1,
67,21,774,320,11,8,1,5,1,
67,22,692,519,64,22,1,5,1,
67,24,588,234,126,29,1,5,1,
67,26,827,344,46,20,1,5,1,
67,28,459,129,79,22,1,5,1,
67,29,940,50,20,28,1,5,1,
67,31,625,70,30,16,1,5,1,
67,32,817,209,34,14,1,5,1,
67,33,712,115,27,18,1,5,1,
67,36,630,129,173,46,1,5,1,
67,40,626,67,334,170,1,5,1,
67,41,876,255,84,36,1,5,1,
67,42,880,206,13,12,1,5,1,
68,1,675,376,32,11,1,5,1,
68,3,690,270,20,12,1,5,1,
68,5,727,203,31,12,1,5,1,
68,6,795,201,15,9,1,5,1,
68,9,696,110,77,22,1,5,1,
68,10,891,442,23,23,1,5,1,
68,11,661,157,17,9,1,5,1,
68,12,863,269,88,35,1,5,1,
68,13,803,104,34,19,1,5,1,
68,14,872,88,10,14,1,5,1,
68,15,878,329,19,14,1,5,1,
68,16,801,102,10,15,1,5,1,
68,18,744,396,41,16,1,5,1,
68,21,773,319,12,8,1,5,1,
68,22,699,518,63,22,1,5,1,
68,24,599,234,126,29,1,5,1,
68,26,831,344,49,20,1,5,1,
68,28,469,127,81,23,1,5,1,
68,29,942,52,18,28,1,5,1,
68,31,628,71,29,16,1,5,1,
68,32,822,209,33,15,1,5,1,
68,33,715,116,27,18,1,5,1,
68,36,645,129,171,47,1,5,1,
68,40,680,89,280,118,1,5,1,
68,41,888,255,72,36,1,5,1,
68,42,881,207,13,11,1,5,1,
69,1,680,376,31,10,1,5,1,
69,3,692,270,20,12,1,5,1,
69,5,731,204,31,11,1,5,1,
69,6,794,202,15,8,1,5,1,
69,9,702,110,77,22,1,5,1,
69,10,891,441,23,22,1,5,1,
69,11,663,157,19,10,1,5,1,
69,12,873,269,84,34,1,5,1,
69,13,806,105,38,18,1,5,1,
69,14,871,89,10,14,1,5,1,
69,15,880,328,19,14,1,5,1,
69,16,801,103,10,15,1,5,1,
69,18,749,396,40,15,1,5,1,
69,21,772,319,12,8,1,5,1,
69,22,706,518,62,21,1,5,1,
69,24,610,234,127,29,1,5,1,
69,26,838,343,43,20,1,5,1,
69,28,479,126,83,22,1,5,1,
69,29,943,53,17,28,1,5,1,
69,31,630,72,29,16,1,5,1,
69,32,826,209,33,15,1,5,1,
69,33,718,117,26,17,1,5,1,
69,36,659,129,170,47,1,5,1,
69,41,900,256,60,35,1,5,1,
69,42,882,207,13,12,1,5,1,
70,1,685,375,30,10,1,5,1,
70,3,695,271,19,11,1,5,1,
70,5,735,204,31,12,1,5,1,
70,9,709,110,77,22,1,5,1,
70,10,890,439,26,23,1,5,1,
70,11,666,158,19,9,1,5,1,
70,12,882,269,77,34,1,5,1,
70,13,810,106,38,18,1,5,1,
70,14,870,90,10,15,1,5,1,
70,15,881,328,19,14,1,5,1,
70,16,801,104,9,15,1,5,1,
70,18,754,395,39,15,1,5,1,
70,21,771,319,13,7,1,5,1,
70,22,713,517,61,21,1,5,1,
70,24,621,233,127,30,1,5,1,
70,26,845,341,35,20,1,5,1,
70,28,489,124,85,23,1,5,1,
70,29,945,55,15,27,1,5,1,
70,31,633,73,29,16,1,5,1,
70,32,830,210,32,14,1,5,1,
70,33,720,117,27,18,1,5,1,
70,36,673,130,169,46,1,5,1,
70,41,912,258,48,32,1,5,1,
70,42,883,208,13,11,1,5,1,
71,1,690,375,29,10,1,5,1,
71,2,947,402,12,13,1,5,1,
71,3,697,271,19,11,1,5,1,
71,5,740,204,30,12,1,5,1,
71,9,716,110,76,22,1,5,1,
71,10,889,437,31,24,1,5,1,
71,11,670,159,16,9,1,5,1,
71,12,892,269,68,34,1,5,1,
71,13,815,107,37,18,1,5,1,
71,14,870,92,9,14,1,5,1,
71,15,883,328,18,13,1,5,1,
71,16,800,106,10,14,1,5,1,
71,18,758,394,38,16,1,5,1,
71,21,770,318,13,8,1,5,1,
71,22,720,516,60,21,1,5,1,
71,24,632,233,127,30,1,5,1,
71,26,846,342,41,19,1,5,1,
71,28,500,122,87,23,1,5,1,
71,29,948,56,12,26,1,5,1,
71,31,636,74,27,16,1,5,1,
71,32,834,210,31,14,1,5,1,
71,33,723,118,25,18,1,5,1,
71,36,688,130,167,46,1,5,1,
71,41,923,261,37,21,1,5,1,
71,42,884,208,13,11,1,5,1,
72,1,695,374,28,10,1,5,1,
72,2,947,402,12,13,1,5,1,
72,3,700,271,17,11,1,5,1,
72,5,744,205,29,11,1,5,1,
72,9,723,110,76,22,1,5,1,
72,10,885,436,39,24,1,5,1,
72,11,672,159,18,9,1,5,1,
72,12,901,269,59,34,1,5,1,
72,13,819,108,37,17,1,5,1,
72,14,869,93,10,14,1,5,1,
72,15,884,327,19,13,1,5,1,
72,16,799,107,10,14,1,5,1,
72,18,763,393,37,16,1,5,1,
72,21,769,318,13,8,1,5,1,
72,22,726,515,60,21,1,5,1,
72,24,644,233,127,30,1,5,1,
72,26,849,342,44,20,1,5,1,
72,28,511,120,90,23,1,5,1,
72,31,639,75,27,16,1,5,1,
72,32,839,211,30,14,1,5,1,
72,33,726,119,25,18,1,5,1,
72,36,702,130,165,46,1,5,1,
72,42,884,209,14,11,1,5,1,
73,1,699,374,29,10,1,5,1,
73,2,946,401,13,16,1,5,1,
73,3,702,271,17,11,1,5,1,
73,5,748,205,29,12,1,5,1,
73,9,730,110,75,22,1,5,1,
73,10,881,434,44,24,1,5,1,
73,11,675,160,16,9,1,5,1,
73,12,908,269,52,33,1,5,1,
73,13,823,108,37,18,1,5,1,
73,14,868,94,10,14,1,5,1,
73,15,886,327,18,13,1,5,1,
73,16,799,108,9,14,1,5,1,
73,18,767,393,36,15,1,5,1,
73,21,768,317,13,8,1,5,1,
73,22,733,514,59,21,1,5,1,
73,24,655,233,127,30,1,5,1,
73,26,856,341,37,19,1,5,1,
73,28,522,118,92,24,1,5,1,
73,31,641,75,26,17,1,5,1,
73,32,843,211,29,14,1,5,1,
73,33,729,120,23,18,1,5,1,
73,36,716,131,163,46,1,5,1,
73,42,885,209,13,11,1,5,1,
74,1,704,373,27,10,1,5,1,
74,2,945,400,14,16,1,5,1,
74,3,704,271,17,10,1,5,1,
74,5,752,205,28,12,1,5,1,
74,9,737,111,74,21,1,5,1,
74,10,879,432,44,24,1,5,1,
74,11,678,160,14,10,1,5,1,
74,12,916,269,44,33,1,5,1,
74,13,828,109,35,18,1,5,1,
74,14,867,96,10,13,1,5,1,
74,15,887,326,18,13,1,5,1,
74,18,772,392,35,15,1,5,1,
74,21,767,317,14,8,1,5,1,
74,22,740,513,57,21,1,5,1,
74,24,666,233,127,30,1,5,1,
74,26,862,339,31,20,1,5,1,
74,28,534,117,95,24,1,5,1,
74,31,644,76,25,17,1,5,1,
74,32,847,211,28,14,1,5,1,
74,33,731,121,23,17,1,5,1,
74,36,730,131,161,46,1,5,1,
74,42,886,210,13,11,1,5,1,
75,1,708,372,27,10,1,5,1,
75,2,942,399,17,16,1,5,1,
75,3,706,271,16,10,1,5,1,
75,5,756,206,28,11,1,5,1,
75,9,743,111,74,22,1,5,1,
75,10,876,431,44,24,1,5,1,
75,11,679,161,16,9,1,5,1,
75,12,923,269,37,33,1,5,1,
75,13,832,110,35,18,1,5,1,
75,14,866,97,10,13,1,5,1,
75,15,888,326,18,13,1,5,1,
75,18,776,391,34,15,1,5,1,
75,21,766,317,14,7,1,5,1,
75,22,746,512,56,21,1,5,1,
75,24,677,233,127,30,1,5,1,
75,26,863,340,36,19,1,5,1,
75,28,546,117,97,23,1,5,1,
75,31,646,77,24,17,1,5,1,
75,32,850,212,28,14,1,5,1,
75,33,734,122,22,17,1,5,1,
75,36,743,132,160,46,1,5,1,
75,42,887,210,13,10,1,5,1,
76,1,713,372,25,10,1,5,1,
76,2,940,397,19,18,1,5,1,
76,3,708,271,16,10,1,5,1,
76,5,760,206,27,12,1,5,1,
76,9,750,111,73,22,1,5,1,
76,10,873,429,45,24,1,5,1,
76,11,682,162,16,9,1,5,1,
76,12,930,271,30,30,1,5,1,
76,13,836,111,34,17,1,5,1,
76,14,865,98,11,14,1,5,1,
76,15,889,326,18,13,1,5,1,
76,18,780,391,33,14,1,5,1,
76,21,765,317,14,7,1,5,1,
76,22,752,511,56,21,1,5,1,
76,24,688,233,127,30,1,5,1,
76,26,866,340,39,20,1,5,1,
76,28,559,116,99,23,1,5,1,
76,31,648,78,24,16,1,5,1,
76,32,854,212,26,14,1,5,1,
76,33,736,123,22,17,1,5,1,
76,36,757,132,158,46,1,5,1,
76,42,887,210,14,10,1,5,1,
77,1,719,372,22,10,1,5,1,
77,2,936,396,24,18,1,5,1,
77,3,711,271,14,10,1,5,1,
77,5,763,207,27,11,1,5,1,
77,9,757,111,72,22,1,5,1,
77,10,870,428,45,23,1,5,1,
77,11,685,162,15,9,1,5,1,
77,12,937,275,23,23,1,5,1,
77,13,840,112,34,17,1,5,1,
77,14,864,99,11,14,1,5,1,
77,15,890,326,17,12,1,5,1,
77,17,953,489,6,10,1,5,1,
77,18,785,390,31,15,1,5,1,
77,21,764,316,15,8,1,5,1,
77,22,759,511,54,20,1,5,1,
77,24,700,233,126,30,1,5,1,
77,26,873,339,31,19,1,5,1,
77,28,572,114,101,24,1,5,1,
77,31,651,79,23,16,1,5,1,
77,32,858,213,25,13,1,5,1,
77,33,739,124,20,17,1,5,1,
77,36,770,133,157,45,1,5,1,
77,42,888,210,13,11,1,5,1,
78,1,724,371,19,10,1,5,1,
78,2,933,395,26,17,1,5,1,
78,3,713,271,13,10,1,5,1,
78,5,767,207,26,11,1,5,1,
78,9,764,111,71,22,1,5,1,
78,10,867,426,46,23,1,5,1,
78,11,688,163,13,9,1,5,1,
78,13,844,112,33,18,1,5,1,
78,14,863,101,11,13,1,5,1,
78,15,890,325,17,13,1,5,1,
78,17,951,487,8,12,1,5,1,
78,18,789,389,29,15,1,5,1,
78,21,762,316,16,7,1,5,1,
78,22,766,509,52,21,1,5,1,
78,24,711,233,126,30,1,5,1,
78,26,878,337,25,19,1,5,1,
78,28,585,112,103,24,1,5,1,
78,31,653,80,22,17,1,5,1,
78,32,862,213,23,13,1,5,1,
78,33,741,124,20,18,1,5,1,
78,36,784,133,154,46,1,5,1,
78,42,888,211,13,10,1,5,1,
79,1,727,371,19,9,1,5,1,
79,2,930,394,29,17,1,5,1,
79,3,715,271,12,10,1,5,1,
79,5,771,207,25,11,1,5,1,
79,9,770,112,71,22,1,5,1,
79,10,866,425,43,22,1,5,1,
79,11,690,163,12,10,1,5,1,
79,13,848,113,32,17,1,5,1,
79,14,862,102,11,13,1,5,1,
79,15,890,325,17,12,1,5,1,
79,17,949,485,10,15,1,5,1,
79,18,793,388,28,15,1,5,1,
79,21,760,316,16,7,1,5,1,
79,22,772,508,50,20,1,5,1,
79,24,723,233,125,30,1,5,1,
79,26,881,336,24,19,1,5,1,
79,28,598,110,106,25,1,5,1,
79,31,655,81,21,17,1,5,1,
79,32,865,213,22,14,1,5,1,
79,33,743,125,19,18,1,5,1,
79,36,797,134,152,45,1,5,1,
79,42,887,211,13,10,1,5,1,
80,1,731,370,17,9,1,5,1,
80,2,927,393,32,17,1,5,1,
80,3,717,271,11,10,1,5,1,
80,5,775,208,24,11,1,5,1,
80,9,777,112,69,22,1,5,1,
80,10,863,423,44,22,1,5,1,
80,11,691,164,14,9,1,5,1,
80,13,852,114,31,17,1,5,1,
80,14,861,103,11,13,1,5,1,
80,15,891,324,17,13,1,5,1,
80,17,947,483,12,15,1,5,1,
80,18,796,387,27,15,1,5,1,
80,21,758,315,17,7,1,5,1,
80,22,778,507,49,20,1,5,1,
80,24,734,233,125,30,1,5,1,
80,26,882,337,28,19,1,5,1,
80,28,611,108,109,25,1,5,1,
80,31,657,83,20,16,1,5,1,
80,32,868,214,22,13,1,5,1,
80,33,746,126,17,17,1,5,1,
80,36,811,134,148,45,1,5,1,
80,42,886,212,14,10,1,5,1,
81,1,733,369,18,10,1,5,1,
81,2,924,391,35,17,1,5,1,
81,3,718,271,12,10,1,5,1,
81,5,778,208,24,11,1,5,1,
81,9,783,112,69,22,1,5,1,
81,10,860,422,44,22,1,5,1,
81,11,694,165,11,9,1,5,1,
81,13,856,115,30,17,1,5,1,
81,14,860,104,11,13,1,5,1,
81,15,891,324,16,12,1,5,1,
81,17,944,481,15,16,1,5,1,
81,18,800,387,26,14,1,5,1,
81,21,757,315,17,7,1,5,1,
81,22,783,506,49,20,1,5,1,
81,24,745,233,125,30,1,5,1,
81,26,884,338,31,18,1,5,1,
81,28,625,106,111,26,1,5,1,
81,31,659,83,19,17,1,5,1,
81,32,871,214,21,13,1,5,1,
81,33,748,127,16,17,1,5,1,
81,36,823,135,137,45,1,5,1,
81,42,886,212,14,10,1,5,1,
82,1,736,369,17,9,1,5,1,
82,2,920,390,39,17,1,5,1,
82,3,720,271,11,10,1,5,1,
82,5,782,208,23,11,1,5,1,
82,9,790,113,67,22,1,5,1,
82,10,857,420,45,22,1,5,1,
82,11,695,165,12,9,1,5,1,
82,13,860,115,29,18,1,5,1,
82,14,859,105,11,13,1,5,1,
82,15,891,324,18,12,1,5,1,
82,17,942,478,17,17,1,5,1,
82,18,805,386,22,14,1,5,1,
82,21,755,315,17,7,1,5,1,
82,22,789,505,47,20,1,5,1,
82,24,756,233,126,30,1,5,1,
82,26,890,337,25,18,1,5,1,
82,28,639,104,114,26,1,5,1,
82,31,661,85,18,16,1,5,1,
82,32,874,215,20,13,1,5,1,
82,33,750,128,15,17,1,5,1,
82,36,836,135,124,45,1,5,1,
82,42,885,213,14,10,1,5,1,
83,1,740,368,16,9,1,5,1,
83,2,915,388,44,18,1,5,1,
83,3,721,271,11,10,1,5,1,
83,5,785,209,23,11,1,5,1,
83,9,796,113,67,22,1,5,1,
83,10,853,418,46,22,1,5,1,
83,11,697,166,11,9,1,5,1,
83,13,863,116,29,17,1,5,1,
83,14,858,107,11,12,1,5,1,
83,15,890,323,17,12,1,5,1,
83,17,939,476,20,17,1,5,1,
83,18,808,385,20,14,1,5,1,
83,21,753,314,17,7,1,5,1,
83,22,795,504,46,19,1,5,1,
83,24,767,233,126,30,1,5,1,
83,26,891,335,22,18,1,5,1,
83,28,654,102,116,26,1,5,1,
83,31,663,86,17,16,1,5,1,
83,32,877,215,19,13,1,5,1,
83,33,752,129,14,17,1,5,1,
83,36,848,136,112,44,1,5,1,
83,42,883,213,15,10,1,5,1,
84,1,742,367,16,9,1,5,1,
84,2,910,386,49,19,1,5,1,
84,3,722,271,10,10,1,5,1,
84,5,788,209,22,11,1,5,1,
84,9,802,114,67,21,1,5,1,
84,10,850,417,46,21,1,5,1,
84,11,699,166,11,10,1,5,1,
84,13,867,117,27,17,1,5,1,
84,15,889,322,17,12,1,5,1,
84,17,936,474,23,16,1,5,1,
84,18,811,384,19,14,1,5,1,
84,21,751,314,18,7,1,5,1,
84,22,801,502,43,20,1,5,1,
84,24,779,233,125,30,1,5,1,
84,26,892,334,23,18,1,5,1,
84,28,669,100,119,27,1,5,1,
84,31,665,87,16,16,1,5,1,
84,32,880,216,18,12,1,5,1,
84,33,753,130,14,17,1,5,1,
84,36,861,136,99,44,1,5,1,
84,42,882,214,15,9,1,5,1,
85,1,745,366,15,9,1,5,1,
85,2,905,383,54,19,1,5,1,
85,3,722,271,11,10,1,5,1,
85,5,790,210,23,10,1,5,1,
85,9,808,114,66,22,1,5,1,
85,10,847,415,45,21,1,5,1,
85,11,701,167,10,9,1,5,1,
85,13,870,118,27,17,1,5,1,
85,15,889,322,17,12,1,5,1,
85,17,934,472,25,18,1,5,1,
85,18,813,383,19,14,1,5,1,
85,21,749,313,18,7,1,5,1,
85,22,806,501,42,20,1,5,1,
85,24,790,233,125,30,1,5,1,
85,26,893,333,23,18,1,5,1,
85,28,684,98,122,27,1,5,1,
85,31,666,88,16,16,1,5,1,
85,32,882,216,18,13,1,5,1,
85,33,755,131,13,17,1,5,1,
85,36,874,137,86,44,1,5,1,
85,42,881,214,15,10,1,5,1,
86,1,747,366,15,9,1,5,1,
86,2,901,382,53,18,1,5,1,
86,3,723,271,10,10,1,5,1,
86,5,792,210,23,11,1,5,1,
86,9,814,114,66,22,1,5,1,
86,10,844,414,46,20,1,5,1,
86,11,702,168,10,9,1,5,1,
86,13,873,119,27,17,1,5,1,
86,15,889,322,19,11,1,5,1,
86,17,931,470,28,20,1,5,1,
86,18,816,382,17,14,1,5,1,
86,19,945,354,14,10,1,5,1,
86,21,747,313,18,7,1,5,1,
86,22,811,500,41,19,1,5,1,
86,24,801,233,125,30,1,5,1,
86,26,895,333,23,18,1,5,1,
86,28,699,96,126,27,1,5,1,
86,31,668,89,14,16,1,5,1,
86,32,883,216,18,13,1,5,1,
86,33,756,132,13,17,1,5,1,
86,36,886,137,74,39,1,5,1,
86,42,880,215,15,9,1,5,1,
87,1,750,365,14,9,1,5,1,
87,2,897,381,54,18,1,5,1,
87,3,724,271,10,10,1,5,1,
87,5,795,210,23,11,1,5,1,
87,9,820,115,65,21,1,5,1,
87,10,841,413,46,20,1,5,1,
87,11,704,168,9,10,1,5,1,
87,13,876,120,26,17,1,5,1,
87,15,888,321,17,12,1,5,1,
87,17,929,469,30,18,1,5,1,
87,18,818,381,17,14,1,5,1,
87,19,941,353,19,12,1,5,1,
87,21,745,313,18,7,1,5,1,
87,22,816,499,40,19,1,5,1,
87,24,812,233,125,30,1,5,1,
87,26,896,332,23,18,1,5,1,
87,28,715,94,128,28,1,5,1,
87,31,669,90,14,16,1,5,1,
87,32,885,217,18,12,1,5,1,
87,33,757,133,13,16,1,5,1,
87,36,898,138,62,33,1,5,1,
87,42,879,215,15,9,1,5,1,
88,1,753,364,13,9,1,5,1,
88,2,894,380,53,17,1,5,1,
88,3,725,271,10,9,1,5,1,
88,5,798,211,23,10,1,5,1,
88,9,826,115,64,22,1,5,1,
88,10,838,411,45,20,1,5,1,
88,11,705,169,9,9,1,5,1,
88,13,880,120,24,17,1,5,1,
88,15,887,320,17,12,1,5,1,
88,17,926,467,30,18,1,5,1,
88,18,820,380,16,14,1,5,1,
88,19,938,352,21,14,1,5,1,
88,22,821,497,39,20,1,5,1,
88,24,824,233,124,30,1,5,1,
88,26,898,332,22,17,1,5,1,
88,28,732,92,131,28,1,5,1,
88,31,670,91,14,17,1,5,1,
88,32,887,217,18,13,1,5,1,
88,33,758,133,13,17,1,5,1,
88,36,911,141,49,23,1,5,1,
88,42,878,216,15,9,1,5,1,
89,1,755,364,13,8,1,5,1,
89,2,891,379,52,17,1,5,1,
89,3,725,271,10,9,1,5,1,
89,5,801,211,22,11,1,5,1,
89,9,832,116,63,21,1,5,1,
89,10,835,410,45,19,1,5,1,
89,11,707,170,8,9,1,5,1,
89,13,882,121,25,17,1,5,1,
89,15,886,320,17,11,1,5,1,
89,17,924,465,30,18,1,5,1,
89,18,821,379,17,14,1,5,1,
89,19,934,351,25,14,1,5,1,
89,22,825,496,39,19,1,5,1,
89,24,834,233,125,30,1,5,1,
89,26,899,331,23,18,1,5,1,
89,28,748,90,134,28,1,5,1,
89,31,671,92,13,17,1,5,1,
89,32,889,218,17,12,1,5,1,
89,33,758,134,14,17,1,5,1,
89,42,876,216,16,9,1,5,1,
90,1,757,363,13,9,1,5,1,
90,2,888,378,51,17,1,5,1,
90,3,726,271,10,9,1,5,1,
90,5,804,211,22,11,1,5,1,
90,9,838,116,62,22,1,5,1,
90,10,832,409,45,19,1,5,1,
90,11,708,170,8,9,1,5,1,
90,13,886,122,23,17,1,5,1,
90,15,884,319,19,12,1,5,1,
90,17,922,463,29,18,1,5,1,
90,18,823,378,16,14,1,5,1,
90,19,930,350,29,15,1,5,1,
90,22,829,495,38,19,1,5,1,
90,24,845,233,115,30,1,5,1,
90,26,900,331,23,17,1,5,1,
90,28,765,88,137,29,1,5,1,
90,31,673,93,12,17,1,5,1,
90,32,890,218,18,12,1,5,1,
90,33,759,135,14,17,1,5,1,
90,42,875,217,15,9,1,5,1,
91,1,759,362,12,9,1,5,1,
91,2,884,377,52,17,1,5,1,
91,3,726,271,10,9,1,5,1,
91,5,807,212,21,10,1,5,1,
91,9,843,116,62,22,1,5,1,
91,10,828,407,46,19,1,5,1,
91,11,709,171,8,9,1,5,1,
91,13,888,123,23,17,1,5,1,
91,15,881,318,23,12,1,5,1,
91,17,919,461,30,18,1,5,1,
91,18,824,378,17,13,1,5,1,
91,19,926,350,33,14,1,5,1,
91,22,834,493,37,19,1,5,1,
91,24,857,233,103,30,1,5,1,
91,26,901,330,23,17,1,5,1,
91,28,782,86,140,29,1,5,1,
91,32,891,218,18,13,1,5,1,
91,33,760,136,13,17,1,5,1,
91,42,874,217,15,9,1,5,1,
92,1,761,362,12,8,1,5,1,
92,2,880,376,53,16,1,5,1,
92,3,727,271,10,9,1,5,1,
92,5,810,212,20,10,1,5,1,
92,9,849,117,61,21,1,5,1,
92,10,825,406,46,19,1,5,1,
92,11,710,172,8,8,1,5,1,
92,13,891,124,22,16,1,5,1,
92,15,881,318,20,12,1,5,1,
92,17,916,460,31,17,1,5,1,
92,18,825,377,17,13,1,5,1,
92,19,923,349,36,15,1,5,1,
92,22,838,492,36,19,1,5,1,
92,24,868,233,92,30,1,5,1,
92,26,902,330,23,17,1,5,1,
92,28,799,84,143,29,1,5,1,
92,32,892,219,18,12,1,5,1,
92,33,761,137,13,17,1,5,1,
92,42,873,218,15,8,1,5,1,
93,1,763,361,11,8,1,5,1,
93,2,877,375,52,16,1,5,1,
93,3,727,271,10,9,1,5,1,
93,5,812,212,21,10,1,5,1,
93,9,855,117,59,22,1,5,1,
93,10,822,405,46,18,1,5,1,
93,11,711,172,8,9,1,5,1,
93,13,894,125,21,16,1,5,1,
93,15,882,318,16,11,1,5,1,
93,17,914,458,30,17,1,5,1,
93,18,827,376,16,14,1,5,1,
93,19,919,349,40,14,1,5,1,
93,22,842,491,36,18,1,5,1,
93,24,877,233,83,29,1,5,1,
93,26,904,329,22,17,1,5,1,
93,28,818,82,141,30,1,5,1,
93,32,894,219,17,12,1,5,1,
93,33,761,138,14,16,1,5,1,
93,42,871,218,15,9,1,5,1,
94,1,765,360,11,9,1,5,1,
94,2,874,374,51,16,1,5,1,
94,3,728,271,9,9,1,5,1,
94,5,816,213,21,10,1,5,1,
94,9,861,117,58,22,1,5,1,
94,10,819,404,45,17,1,5,1,
94,11,713,173,7,9,1,5,1,
94,13,897,126,20,16,1,5,1,
94,15,883,318,16,11,1,5,1,
94,17,912,456,29,17,1,5,1,
94,18,829,375,16,14,1,5,1,
94,19,916,348,43,14,1,5,1,
94,22,847,490,34,18,1,5,1,
94,24,885,233,75,30,1,5,1,
94,26,905,329,22,17,1,5,1,
94,28,839,81,121,30,1,5,1,
94,32,896,220,17,12,1,5,1,
94,33,762,139,13,16,1,5,1,
94,42,870,219,15,8,1,5,1,
95,1,767,360,11,8,1,5,1,
95,2,871,374,50,15,1,5,1,
95,3,728,271,10,9,1,5,1,
95,5,819,213,20,10,1,5,1,
95,9,866,118,58,21,1,5,1,
95,10,817,403,45,17,1,5,1,
95,11,714,174,7,8,1,5,1,
95,13,899,126,20,17,1,5,1,
95,15,882,317,15,11,1,5,1,
95,17,910,455,29,17,1,5,1,
95,18,830,375,16,13,1,5,1,
95,19,912,347,47,14,1,5,1,
95,22,850,488,35,18,1,5,1,
95,24,892,234,68,28,1,5,1,
95,26,906,329,22,16,1,5,1,
95,28,855,79,105,30,1,5,1,
95,32,897,220,17,12,1,5,1,
95,33,763,140,13,16,1,5,1,
95,42,869,219,15,8,1,5,1,
96,1,769,359,10,8,1,5,1,
96,2,867,373,51,15,1,5,1,
96,3,728,271,11,9,1,5,1,
96,5,822,213,20,11,1,5,1,
96,9,872,118,56,22,1,5,1,
96,10,813,401,46,18,1,5,1,
96,11,715,174,7,9,1,5,1,
96,13,901,127,20,16,1,5,1,
96,15,880,317,18,11,1,5,1,
96,17,907,453,30,17,1,5,1,
96,18,831,374,16,13,1,5,1,
96,19,908,347,51,13,1,5,1,
96,22,854,487,34,18,1,5,1,
96,24,900,235,60,23,1,5,1,
96,26,907,328,21,17,1,5,1,
96,28,874,78,86,25,1,5,1,
96,32,898,220,17,12,1,5,1,
96,33,764,141,13,16,1,5,1,
96,42,868,219,15,9,1,5,1,
97,1,771,358,10,9,1,5,1,
97,2,864,372,51,15,1,5,1,
97,3,728,271,11,9,1,5,1,
97,5,825,214,19,10,1,5,1,
97,9,877,119,55,21,1,5,1,
97,10,810,400,46,18,1,5,1,
97,11,715,175,8,8,1,5,1,
97,13,904,128,19,16,1,5,1,
97,15,877,316,22,11,1,5,1,
97,17,904,451,30,17,1,5,1,
97,18,832,373,16,13,1,5,1,
97,19,904,346,54,14,1,5,1,
97,22,859,486,32,18,1,5,1,
97,24,910,238,50,17,1,5,1,
97,26,908,328,21,16,1,5,1,
97,28,893,78,67,20,1,5,1,
97,32,899,221,17,11,1,5,1,
97,33,764,142,13,15,1,5,1,
97,42,866,220,16,8,1,5,1,
98,1,772,358,10,8,1,5,1,
98,2,860,371,51,15,1,5,1,
98,3,728,271,11,9,1,5,1,
98,5,828,214,18,10,1,5,1,
98,9,882,119,54,22,1,5,1,
98,10,810,399,41,17,1,5,1,
98,11,716,175,7,9,1,5,1,
98,13,906,129,18,16,1,5,1,
98,15,874,315,25,11,1,5,1,
98,17,902,450,30,16,1,5,1,
98,18,833,372,16,13,1,5,1,
98,19,901,345,53,14,1,5,1,
98,22,863,485,31,17,1,5,1,
98,26,908,327,21,16,1,5,1,
98,28,913,81,47,12,1,5,1,
98,32,899,221,17,12,1,5,1,
98,33,765,143,13,15,1,5,1,
98,42,865,220,15,8,1,5,1,
99,1,774,357,9,8,1,5,1,
99,2,857,370,51,15,1,5,1,
99,3,728,271,11,9,1,5,1,
99,5,831,214,16,10,1,5,1,
99,9,887,120,53,21,1,5,1,
99,10,807,398,40,17,1,5,1,
99,11,717,176,7,8,1,5,1,
99,13,908,130,18,16,1,5,1,
99,15,872,315,25,11,1,5,1,
99,17,900,448,29,16,1,5,1,
99,18,833,371,16,13,1,5,1,
99,19,897,345,53,13,1,5,1,
99,22,866,483,30,18,1,5,1,
99,26,909,327,21,16,1,5,1,
99,32,900,222,17,11,1,5,1,
99,33,766,143,12,16,1,5,1,
99,42,863,221,16,8,1,5,1,
100,1,775,356,9,8,1,5,1,
100,2,853,369,51,15,1,5,1,
100,3,728,271,10,9,1,5,1,
100,5,833,215,16,10,1,5,1,
100,9,892,120,52,22,1,5,1,
100,10,804,397,41,17,1,5,1,
100,11,717,177,8,8,1,5,1,
100,13,910,131,18,16,1,5,1,
100,15,870,315,25,10,1,5,1,
100,17,898,447,29,16,1,5,1,
100,18,834,370,16,13,1,5,1,
100,19,894,344,52,13,1,5,1,
100,22,870,482,29,18,1,5,1,
100,26,909,326,21,16,1,5,1,
100,32,901,222,16,11,1,5,1,
100,33,766,144,13,16,1,5,1,
100,42,862,221,16,8,1,5,1,
101,1,776,356,9,8,1,5,1,
101,2,849,367,51,16,1,5,1,
101,3,727,271,11,9,1,5,1,
101,5,835,215,16,10,1,5,1,
101,9,897,121,51,21,1,5,1,
101,10,802,396,40,16,1,5,1,
101,13,912,132,17,15,1,5,1,
101,15,867,314,26,11,1,5,1,
101,17,895,445,29,16,1,5,1,
101,18,835,370,15,12,1,5,1,
101,19,891,343,51,13,1,5,1,
101,22,873,481,29,17,1,5,1,
101,26,910,326,21,16,1,5,1,
101,32,901,222,17,12,1,5,1,
101,33,767,145,12,15,1,5,1,
101,42,860,221,17,9,1,5,1,
102,1,776,355,10,8,1,5,1,
102,2,845,366,51,15,1,5,1,
102,5,837,215,16,10,1,5,1,
102,9,901,122,51,21,1,5,1,
102,10,799,395,40,16,1,5,1,
102,13,914,132,17,16,1,5,1,
102,15,865,314,26,10,1,5,1,
102,17,893,443,29,16,1,5,1,
102,18,835,369,16,13,1,5,1,
102,19,887,343,51,13,1,5,1,
102,22,877,479,27,18,1,5,1,
102,26,910,325,21,16,1,5,1,
102,32,902,223,16,11,1,5,1,
102,33,767,146,13,15,1,5,1,
102,42,859,222,16,8,1,5,1,
103,1,777,354,9,8,1,5,1,
103,2,842,365,50,15,1,5,1,
103,5,840,216,15,10,1,5,1,
103,9,906,122,50,21,1,5,1,
103,10,796,394,41,16,1,5,1,
103,13,916,133,17,16,1,5,1,
103,15,863,313,26,11,1,5,1,
103,17,890,442,29,16,1,5,1,
103,18,835,368,16,13,1,5,1,
103,19,884,342,50,13,1,5,1,
103,22,881,478,25,18,1,5,1,
103,26,911,325,20,16,1,5,1,
103,32,902,223,17,11,1,5,1,
103,33,767,147,13,15,1,5,1,
103,42,857,222,17,8,1,5,1,
104,1,778,354,9,7,1,5,1,
104,2,838,364,49,15,1,5,1,
104,5,842,216,14,10,1,5,1,
104,9,911,123,48,21,1,5,1,
104,10,793,393,41,16,1,5,1,
104,13,916,134,17,16,1,5,1,
104,15,860,313,26,11,1,5,1,
104,17,888,440,29,16,1,5,1,
104,18,835,367,16,13,1,5,1,
104,19,880,342,51,12,1,5,1,
104,22,885,477,23,18,1,5,1,
104,26,911,325,20,15,1,5,1,
104,32,902,224,17,11,1,5,1,
104,33,768,148,12,14,1,5,1,
104,42,855,223,17,7,1,5,1,
105,1,778,353,9,8,1,5,1,
105,2,835,364,49,13,1,5,1,
105,5,844,216,13,10,1,5,1,
105,9,915,123,44,22,1,5,1,
105,10,791,392,40,16,1,5,1,
105,13,915,135,17,16,1,5,1,
105,15,858,313,26,10,1,5,1,
105,17,885,439,29,15,1,5,1,
105,18,835,366,16,13,1,5,1,
105,19,877,341,50,13,1,5,1,
105,22,888,475,22,19,1,5,1,
105,26,911,324,20,16,1,5,1,
105,32,902,224,17,11,1,5,1,
105,33,768,148,12,15,1,5,1,
105,42,853,223,17,8,1,5,1,
106,1,779,352,9,8,1,5,1,
106,2,831,363,49,14,1,5,1,
106,5,844,217,13,9,1,5,1,
106,9,920,124,40,21,1,5,1,
106,10,788,391,41,15,1,5,1,
106,13,914,136,17,17,1,5,1,
106,15,855,312,27,11,1,5,1,
106,17,883,438,29,15,1,5,1,
106,18,835,365,15,13,1,5,1,
106,19,873,340,50,13,1,5,1,
106,22,891,474,21,18,1,5,1,
106,26,911,324,20,15,1,5,1,
106,32,902,224,16,11,1,5,1,
106,33,768,149,12,15,1,5,1,
106,42,851,223,18,8,1,5,1,
107,1,779,352,9,7,1,5,1,
107,2,828,362,48,14,1,5,1,
107,5,844,217,13,10,1,5,1,
107,9,925,124,35,22,1,5,1,
107,10,785,390,41,15,1,5,1,
107,13,913,137,16,17,1,5,1,
107,15,853,312,26,10,1,5,1,
107,17,881,436,28,15,1,5,1,
107,18,835,365,15,12,1,5,1,
107,19,870,340,49,12,1,5,1,
107,22,893,473,20,18,1,5,1,
107,26,911,323,20,15,1,5,1,
107,32,902,225,16,11,1,5,1,
107,33,768,150,12,15,1,5,1,
107,42,849,224,18,7,1,5,1,
108,1,779,351,9,8,1,5,1,
108,2,825,361,48,14,1,5,1,
108,5,844,217,13,10,1,5,1,
108,9,930,125,30,22,1,5,1,
108,10,782,389,41,15,1,5,1,
108,13,912,138,16,17,1,5,1,
108,15,850,312,27,10,1,5,1,
108,17,878,435,29,15,1,5,1,
108,18,834,364,16,12,1,5,1,
108,19,867,339,49,13,1,5,1,
108,22,896,471,19,18,1,5,1,
108,26,910,323,21,15,1,5,1,
108,32,901,225,16,11,1,5,1,
108,33,768,151,12,15,1,5,1,
108,42,847,224,18,8,1,5,1,
109,1,780,350,8,8,1,5,1,
109,2,821,361,48,13,1,5,1,
109,5,844,218,12,10,1,5,1,
109,9,934,126,26,22,1,5,1,
109,10,779,387,41,16,1,5,1,
109,13,912,139,15,17,1,5,1,
109,15,847,311,28,10,1,5,1,
109,17,876,434,28,14,1,5,1,
109,18,834,363,15,12,1,5,1,
109,19,863,339,49,12,1,5,1,
109,22,898,470,19,18,1,5,1,
109,26,910,322,21,15,1,5,1,
109,32,901,226,16,10,1,5,1,
109,33,768,152,12,14,1,5,1,
109,42,845,225,19,7,1,5,1,
110,1,780,350,9,7,1,5,1,
110,2,818,360,48,13,1,5,1,
110,5,844,218,12,10,1,5,1,
110,9,937,127,23,22,1,5,1,
110,10,776,386,41,16,1,5,1,
110,13,911,140,15,17,1,5,1,
110,15,845,311,27,10,1,5,1,
110,17,873,432,29,15,1,5,1,
110,18,833,362,15,12,1,5,1,
110,19,860,338,49,12,1,5,1,
110,22,900,468,18,18,1,5,1,
110,26,909,322,21,15,1,5,1,
110,32,900,226,16,11,1,5,1,
111,1,780,349,9,7,1,5,1,
111,2,815,359,48,13,1,5,1,
111,5,844,219,12,10,1,5,1,
111,9,940,127,20,22,1,5,1,
111,10,773,385,41,15,1,5,1,
111,13,910,142,15,16,1,5,1,
111,15,842,311,28,9,1,5,1,
111,17,871,431,29,14,1,5,1,
111,18,833,361,15,13,1,5,1,
111,19,857,338,48,12,1,5,1,
111,22,902,467,18,18,1,5,1,
111,26,909,321,21,15,1,5,1,
111,32,900,226,15,11,1,5,1,
112,1,780,348,8,8,1,5,1,
112,2,811,359,48,13,1,5,1,
112,5,844,219,12,10,1,5,1,
112,9,943,128,17,22,1,5,1,
112,10,771,384,39,15,1,5,1,
112,13,909,143,15,16,1,5,1,
112,15,840,310,28,10,1,5,1,
112,17,869,430,28,14,1,5,1,
112,18,832,360,15,13,1,5,1,
112,22,904,465,17,18,1,5,1,
112,26,909,321,21,14,1,5,1,
112,32,899,227,15,10,1,5,1,
113,1,780,348,8,7,1,5,1,
113,2,809,359,47,12,1,5,1,
113,5,844,220,12,9,1,5,1,
113,9,946,129,14,18,1,5,1,
113,13,908,144,15,16,1,5,1,
113,15,837,310,28,10,1,5,1,
113,17,866,428,28,15,1,5,1,
113,18,832,360,15,12,1,5,1,
113,22,906,464,17,18,1,5,1,
113,26,908,320,22,15,1,5,1,
113,29,948,118,11,14,1,5,1,
113,32,898,227,16,11,1,5,1,
114,1,779,347,9,7,1,5,1,
114,5,844,220,12,10,1,5,1,
114,13,907,145,16,16,1,5,1,
114,15,835,310,28,9,1,5,1,
114,17,864,427,28,14,1,5,1,
114,18,831,359,15,12,1,5,1,
114,22,907,463,17,17,1,5,1,
114,26,908,320,21,14,1,5,1,
114,29,943,118,16,15,1,5,1,
114,32,898,228,15,10,1,5,1,
114,34,954,196,5,8,1,5,1,
115,1,779,347,9,7,1,5,1,
115,5,844,220,12,10,1,5,1,
115,13,906,146,16,16,1,5,1,
115,15,832,309,28,10,1,5,1,
115,17,862,426,28,14,1,5,1,
115,18,831,358,15,12,1,5,1,
115,22,909,461,17,18,1,5,1,
115,26,907,320,22,14,1,5,1,
115,29,939,117,20,17,1,5,1,
115,32,897,228,15,10,1,5,1,
115,34,952,196,7,8,1,5,1,
116,1,779,346,9,7,1,5,1,
116,5,843,221,13,9,1,5,1,
116,13,905,147,16,16,1,5,1,
116,15,830,309,28,9,1,5,1,
116,17,860,425,28,14,1,5,1,
116,18,830,358,16,12,1,5,1,
116,22,910,460,17,18,1,5,1,
116,26,906,319,22,14,1,5,1,
116,29,935,117,24,18,1,5,1,
116,32,896,228,15,11,1,5,1,
116,34,950,195,9,10,1,5,1,
117,1,779,345,9,7,1,5,1,
117,5,843,221,12,9,1,5,1,
117,13,904,148,16,16,1,5,1,
117,15,827,309,29,9,1,5,1,
117,17,858,424,27,13,1,5,1,
117,18,829,357,16,12,1,5,1,
117,22,911,458,17,18,1,5,1,
117,26,906,319,22,14,1,5,1,
117,29,931,118,28,18,1,5,1,
117,32,895,229,15,10,1,5,1,
117,34,948,195,11,10,1,5,1,
118,1,778,345,9,7,1,5,1,
118,5,843,221,12,10,1,5,1,
118,13,903,149,16,16,1,5,1,
118,15,825,308,28,10,1,5,1,
118,17,855,422,28,14,1,5,1,
118,18,829,356,16,12,1,5,1,
118,22,913,457,17,18,1,5,1,
118,26,903,318,25,14,1,5,1,
118,29,928,118,31,19,1,5,1,
118,32,894,229,15,10,1,5,1,
118,34,945,195,14,11,1,5,1,
119,1,778,344,9,7,1,5,1,
119,5,843,222,12,9,1,5,1,
119,8,496,341,34,12,1,5,1,
119,13,901,150,17,15,1,5,1,
119,15,822,308,28,9,1,5,1,
119,18,828,355,16,12,1,5,1,
119,22,913,455,18,18,1,5,1,
119,26,901,317,27,14,1,5,1,
119,29,924,120,35,18,1,5,1,
119,32,893,229,15,10,1,5,1,
119,34,943,196,16,10,1,5,1,
120,1,777,344,10,7,1,5,1,
120,5,843,222,11,9,1,5,1,
120,8,497,341,36,12,1,5,1,
120,13,900,151,17,15,1,5,1,
120,15,820,308,28,9,1,5,1,
120,18,827,355,17,11,1,5,1,
120,22,914,454,17,18,1,5,1,
120,26,898,316,29,14,1,5,1,
120,29,921,121,38,19,1,5,1,
120,32,892,230,16,10,1,5,1,
120,34,941,196,19,11,1,5,1,
121,1,777,343,9,7,1,5,1,
121,5,842,223,12,9,1,5,1,
121,8,499,341,37,13,1,5,1,
121,13,899,152,16,15,1,5,1,
121,15,817,307,28,9,1,5,1,
121,18,826,354,17,12,1,5,1,
121,22,915,452,17,18,1,5,1,
121,26,896,315,29,15,1,5,1,
121,29,917,121,42,20,1,5,1,
121,32,891,230,16,10,1,5,1,
121,34,939,197,20,10,1,5,1,
122,1,776,342,10,7,1,5,1,
122,5,842,223,11,9,1,5,1,
122,8,501,342,39,12,1,5,1,
122,13,898,153,16,15,1,5,1,
122,15,815,307,28,9,1,5,1,
122,18,825,353,17,12,1,5,1,
122,22,917,451,17,18,1,5,1,
122,26,894,315,28,14,1,5,1,
122,29,914,119,45,23,1,5,1,
122,32,890,230,16,10,1,5,1,
122,34,936,197,23,11,1,5,1,
123,1,775,342,10,7,1,5,1,
123,5,842,223,11,9,1,5,1,
123,8,503,342,40,13,1,5,1,
123,13,896,154,17,15,1,5,1,
123,15,812,307,28,9,1,5,1,
123,18,824,353,17,11,1,5,1,
123,22,918,450,17,17,1,5,1,
123,26,893,315,26,14,1,5,1,
123,29,910,120,49,23,1,5,1,
123,32,889,231,16,10,1,5,1,
123,34,934,197,25,11,1,5,1,
124,1,775,341,10,7,1,5,1,
124,5,841,224,12,9,1,5,1,
124,8,505,342,42,13,1,5,1,
124,13,895,155,17,15,1,5,1,
124,15,810,307,28,8,1,5,1,
124,18,823,352,17,11,1,5,1,
124,22,919,449,18,16,1,5,1,
124,26,892,314,24,14,1,5,1,
124,29,907,121,49,23,1,5,1,
124,32,888,231,16,10,1,5,1,
124,34,932,198,25,11,1,5,1,
125,1,774,341,10,6,1,5,1,
125,5,841,224,11,9,1,5,1,
125,8,507,343,43,13,1,5,1,
125,13,894,156,16,15,1,5,1,
125,15,807,306,28,9,1,5,1,
125,18,822,351,17,11,1,5,1,
125,22,921,447,17,17,1,5,1,
125,26,891,314,24,14,1,5,1,
125,29,904,123,48,22,1,5,1,
125,32,887,231,15,10,1,5,1,
125,34,930,198,24,11,1,5,1,
126,1,773,340,11,7,1,5,1,
126,5,840,224,12,9,1,5,1,
126,8,509,343,45,13,1,5,1,
126,13,892,157,17,14,1,5,1,
126,18,821,351,17,11,1,5,1,
126,22,922,446,18,16,1,5,1,
126,26,890,313,23,14,1,5,1,
126,29,900,124,48,22,1,5,1,
126,32,886,232,15,9,1,5,1,
126,34,928,199,24,11,1,5,1,
127,1,772,339,11,7,1,5,1,
127,5,840,225,11,8,1,5,1,
127,8,512,343,46,13,1,5,1,
127,13,891,158,17,14,1,5,1,
127,18,820,350,17,11,1,5,1,
127,22,923,445,18,16,1,5,1,
127,26,889,313,23,14,1,5,1,
127,29,897,125,48,22,1,5,1,
127,32,885,232,15,10,1,5,1,
127,34,926,199,24,11,1,5,1,
128,1,771,339,11,7,1,5,1,
128,5,840,225,11,9,1,5,1,
128,8,514,344,48,13,1,5,1,
128,13,890,159,16,14,1,5,1,
128,18,819,349,17,11,1,5,1,
128,22,925,444,17,16,1,5,1,
128,26,888,313,23,13,1,5,1,
128,29,893,126,48,22,1,5,1,
128,32,883,232,16,10,1,5,1,
129,1,770,338,11,7,1,5,1,
129,5,839,225,11,9,1,5,1,
129,8,517,344,49,13,1,5,1,
129,13,888,160,17,14,1,5,1,
129,18,818,349,17,11,1,5,1,
129,22,926,443,17,16,1,5,1,
129,26,887,312,23,14,1,5,1,
129,29,890,127,48,21,1,5,1,
129,32,882,233,16,9,1,5,1,
130,1,769,338,12,6,1,5,1,
130,5,839,226,10,8,1,5,1,
130,8,520,345,50,13,1,5,1,
130,13,887,161,17,13,1,5,1,
130,18,816,348,18,11,1,5,1,
130,22,927,442,17,16,1,5,1,
130,26,885,312,24,13,1,5,1,
130,32,881,233,16,9,1,5,1,
131,1,768,337,12,7,1,5,1,
131,5,838,226,11,9,1,5,1,
131,8,523,345,51,13,1,5,1,
131,13,886,162,16,13,1,5,1,
131,18,815,348,18,10,1,5,1,
131,22,928,441,17,15,1,5,1,
131,26,884,312,23,13,1,5,1,
131,32,880,233,16,9,1,5,1,
132,1,767,337,12,6,1,5,1,
132,5,838,226,10,9,1,5,1,
132,8,526,345,52,13,1,5,1,
132,13,884,162,17,14,1,5,1,
132,18,814,347,18,11,1,5,1,
132,22,929,439,17,16,1,5,1,
132,26,883,312,23,13,1,5,1,
132,32,878,234,17,9,1,5,1,
133,1,766,336,12,7,1,5,1,
133,5,837,227,11,8,1,5,1,
133,8,529,346,53,13,1,5,1,
133,13,883,163,17,14,1,5,1,
133,18,813,346,18,11,1,5,1,
133,22,929,438,17,16,1,5,1,
133,26,882,311,23,13,1,5,1,
133,32,877,234,16,9,1,5,1,
134,1,765,336,12,6,1,5,1,
134,5,837,227,10,8,1,5,1,
134,8,532,346,54,13,1,5,1,
134,13,881,164,17,13,1,5,1,
134,18,811,346,19,10,1,5,1,
134,22,930,437,16,16,1,5,1,
134,26,881,311,23,13,1,5,1,
134,32,876,234,16,9,1,5,1,
135,1,764,335,12,7,1,5,1,
135,5,836,227,11,9,1,5,1,
135,8,535,346,56,13,1,5,1,
135,13,880,165,17,13,1,5,1,
135,18,810,345,19,11,1,5,1,
135,22,930,436,17,16,1,5,1,
135,26,879,311,24,12,1,5,1,
135,32,874,235,17,8,1,5,1,
136,1,763,335,12,6,1,5,1,
136,5,836,228,10,8,1,5,1,
136,8,538,347,57,13,1,5,1,
136,13,879,166,16,13,1,5,1,
136,18,808,345,20,10,1,5,1,
136,22,930,434,17,17,1,5,1,
136,26,878,310,24,13,1,5,1,
136,32,873,235,17,9,1,5,1,
137,5,835,228,10,8,1,5,1,
137,8,543,347,56,13,1,5,1,
137,13,878,167,15,13,1,5,1,
137,18,807,344,20,10,1,5,1,
137,22,930,433,17,16,1,5,1,
137,26,877,310,23,13,1,5,1,
137,32,871,235,17,9,1,5,1,
138,5,834,228,11,8,1,5,1,
138,8,546,347,58,13,1,5,1,
138,13,876,168,16,12,1,5,1,
138,18,805,344,20,10,1,5,1,
138,22,930,432,17,16,1,5,1,
138,26,876,310,23,12,1,5,1,
138,32,870,235,17,9,1,5,1,
139,5,834,229,10,8,1,5,1,
139,8,550,347,58,14,1,5,1,
139,13,875,168,15,13,1,5,1,
139,18,804,343,19,10,1,5,1,
139,22,930,431,17,16,1,5,1,
139,26,874,309,23,13,1,5,1,
139,32,869,236,16,8,1,5,1,
139,35,954,261,5,5,1,5,1,
140,5,835,229,10,8,1,5,1,
140,8,553,348,60,13,1,5,1,
140,13,874,169,15,13,1,5,1,
140,18,803,343,19,9,1,5,1,
140,22,930,430,17,16,1,5,1,
140,26,873,309,23,12,1,5,1,
140,32,867,236,17,8,1,5,1,
140,35,952,260,7,7,1,5,1,
141,5,835,229,10,8,1,5,1,
141,8,558,348,59,13,1,5,1,
141,13,873,170,15,12,1,5,1,
141,22,930,428,17,16,1,5,1,
141,26,872,309,23,12,1,5,1,
141,32,866,236,16,9,1,5,1,
141,35,949,260,10,7,1,5,1,
142,5,835,229,10,8,1,5,1,
142,8,562,348,60,14,1,5,1,
142,13,871,171,15,12,1,5,1,
142,22,930,427,17,16,1,5,1,
142,26,870,308,23,13,1,5,1,
142,32,864,237,17,8,1,5,1,
142,35,946,260,13,7,1,5,1,
143,5,835,230,10,7,1,5,1,
143,8,565,348,61,14,1,5,1,
143,13,870,171,15,13,1,5,1,
143,22,932,427,15,15,1,5,1,
143,26,869,308,23,12,1,5,1,
143,32,862,237,18,8,1,5,1,
143,35,943,260,16,7,1,5,1,
144,8,568,348,63,14,1,5,1,
144,13,869,172,15,12,1,5,1,
144,22,933,426,15,14,1,5,1,
144,26,868,308,23,12,1,5,1,
144,32,860,237,19,9,1,5,1,
144,35,941,260,18,7,1,5,1,
145,8,572,349,63,13,1,5,1,
145,13,867,173,16,12,1,5,1,
145,22,934,425,14,14,1,5,1,
145,26,867,308,22,12,1,5,1,
145,32,858,238,20,9,1,5,1,
145,35,938,260,21,7,1,5,1,
146,8,575,349,65,13,1,5,1,
146,13,866,173,16,13,1,5,1,
146,22,934,424,15,15,1,5,1,
146,26,865,308,23,11,1,5,1,
146,32,855,238,21,9,1,5,1,
146,35,935,260,24,7,1,5,1,
147,8,580,349,64,14,1,5,1,
147,22,934,423,15,15,1,5,1,
147,26,864,307,23,12,1,5,1,
147,32,851,238,24,10,1,5,1,
147,35,932,260,26,7,1,5,1,
148,8,583,349,66,14,1,5,1,
148,22,934,422,15,15,1,5,1,
148,26,863,307,22,12,1,5,1,
148,32,847,239,27,9,1,5,1,
148,35,930,260,26,7,1,5,1,
149,8,587,349,67,14,1,5,1,
149,22,934,421,15,15,1,5,1,
149,26,861,307,23,11,1,5,1,
150,8,591,349,67,14,1,5,1,
150,22,934,420,15,15,1,5,1,
150,26,860,307,23,11,1,5,1,
