1,1,713,363,103,26,1,5,1,
1,2,637,223,54,16,1,5,1,
1,3,600,4,59,22,1,5,1,
1,4,664,213,43,20,1,5,1,
1,5,241,0,159,29,1,5,1,
1,6,529,341,25,16,1,5,1,
1,7,391,493,67,39,1,5,1,
1,8,669,138,84,25,1,5,1,
2,1,716,364,112,26,1,5,1,
2,2,639,224,60,16,1,5,1,
2,3,601,2,65,23,1,5,1,
2,4,664,214,40,20,1,5,1,
2,5,222,-2,174,29,1,5,1,
2,6,528,342,24,17,1,5,1,
2,7,385,493,71,45,1,5,1,
2,8,671,139,94,25,1,5,1,
3,1,722,366,116,24,1,5,1,
3,2,642,224,65,17,1,5,1,
3,3,603,0,70,24,1,5,1,
3,4,664,214,36,22,1,5,1,
3,5,209,-11,180,37,1,5,1,
3,6,529,342,21,18,1,5,1,
3,7,380,494,72,49,1,5,1,
3,8,676,140,101,25,1,5,1,
4,1,729,367,117,24,1,5,1,
4,2,647,225,67,16,1,5,1,
4,3,607,0,73,23,1,5,1,
4,4,662,215,33,23,1,5,1,
4,5,199,-20,180,45,1,5,1,
4,6,528,343,19,18,1,5,1,
4,7,379,495,67,48,1,5,1,
4,8,682,141,105,25,1,5,1,
5,1,737,367,117,23,1,5,1,
5,2,651,225,69,17,1,5,1,
5,3,610,-1,77,23,1,5,1,
5,4,661,215,29,24,1,5,1,
5,5,180,-32,190,56,1,5,1,
5,6,528,344,16,19,1,5,1,
5,7,377,497,64,47,1,5,1,
5,8,688,141,108,25,1,5,1,
6,1,744,367,115,23,1,5,1,
6,2,656,226,71,16,1,5,1,
6,3,614,-1,80,21,1,5,1,
6,4,662,216,24,24,1,5,1,
6,5,161,-45,199,69,1,5,1,
6,6,529,344,16,20,1,5,1,
6,7,374,498,61,46,1,5,1,
6,8,695,142,111,24,1,5,1,
7,1,754,367,109,22,1,5,1,
7,2,662,226,71,16,1,5,1,
7,3,619,-1,81,19,1,5,1,
7,4,662,217,19,24,1,5,1,
7,5,141,-59,206,83,1,5,1,
7,6,530,345,16,21,1,5,1,
7,7,372,500,56,44,1,5,1,
7,8,704,142,110,25,1,5,1,
8,1,766,367,100,22,1,5,1,
8,2,669,226,70,16,1,5,1,
8,3,624,0,83,16,1,5,1,
8,4,664,218,16,24,1,5,1,
8,5,122,-76,210,100,1,5,1,
8,6,531,346,18,21,1,5,1,
8,7,372,503,49,41,1,5,1,
8,8,713,142,109,25,1,5,1,
9,1,777,366,91,23,1,5,1,
9,2,676,226,73,16,1,5,1,
9,3,630,0,82,14,1,5,1,
9,4,666,220,17,23,1,5,1,
9,6,531,347,24,22,1,5,1,
9,7,373,506,41,38,1,5,1,
9,8,724,143,108,24,1,5,1,
10,1,787,365,87,23,1,5,1,
10,2,682,226,77,15,1,5,1,
10,3,635,0,83,15,1,5,1,
10,4,667,221,21,23,1,5,1,
10,6,531,348,31,22,1,5,1,
10,7,376,510,32,34,1,5,1,
10,8,732,143,110,25,1,5,1,
11,1,797,365,82,22,1,5,1,
11,2,688,226,81,15,1,5,1,
11,3,642,0,80,16,1,5,1,
11,4,666,223,27,21,1,5,1,
11,6,531,349,39,22,1,5,1,
11,7,378,514,23,30,1,5,1,
11,8,742,144,110,24,1,5,1,
12,1,805,364,80,23,1,5,1,
12,2,694,226,83,15,1,5,1,
12,3,648,0,79,17,1,5,1,
12,4,664,224,35,21,1,5,1,
12,6,530,350,48,22,1,5,1,
12,7,377,519,18,25,1,5,1,
12,8,751,144,110,24,1,5,1,
13,1,813,363,76,23,1,5,1,
13,2,701,226,85,15,1,5,1,
13,3,654,0,76,19,1,5,1,
13,4,662,226,44,19,1,5,1,
13,6,531,351,56,22,1,5,1,
13,8,760,144,110,25,1,5,1,
14,1,820,362,73,23,1,5,1,
14,2,708,226,86,15,1,5,1,
14,3,660,0,74,20,1,5,1,
14,4,661,228,50,17,1,5,1,
14,6,532,353,64,21,1,5,1,
14,8,769,145,109,24,1,5,1,
15,1,827,362,69,22,1,5,1,
15,2,715,226,87,15,1,5,1,
15,3,666,1,73,20,1,5,1,
15,4,661,229,54,16,1,5,1,
15,6,533,354,72,21,1,5,1,
15,8,778,145,109,24,1,5,1,
16,1,833,361,67,22,1,5,1,
16,2,722,226,88,15,1,5,1,
16,3,671,1,73,21,1,5,1,
16,4,662,230,56,15,1,5,1,
16,6,535,355,79,21,1,5,1,
16,8,786,146,109,24,1,5,1,
17,1,840,360,63,22,1,5,1,
17,2,730,226,87,15,1,5,1,
17,3,677,2,71,21,1,5,1,
17,4,664,231,58,15,1,5,1,
17,6,539,356,84,21,1,5,1,
17,8,796,146,112,24,1,5,1,
18,1,846,359,61,22,1,5,1,
18,2,737,226,88,15,1,5,1,
18,3,682,3,71,21,1,5,1,
18,4,667,231,58,15,1,5,1,
18,6,543,357,89,21,1,5,1,
18,8,805,147,112,23,1,5,1,
19,1,851,358,58,23,1,5,1,
19,2,745,226,85,15,1,5,1,
19,3,687,4,70,22,1,5,1,
19,4,670,231,56,15,1,5,1,
19,6,548,358,93,21,1,5,1,
19,8,813,147,112,23,1,5,1,
20,1,857,357,54,23,1,5,1,
20,2,754,226,79,16,1,5,1,
20,3,693,5,68,22,1,5,1,
20,4,674,231,52,15,1,5,1,
20,6,554,360,96,20,1,5,1,
20,8,822,147,110,23,1,5,1,
21,1,863,357,50,22,1,5,1,
21,2,762,227,73,15,1,5,1,
21,3,698,6,67,22,1,5,1,
21,4,679,231,46,15,1,5,1,
21,6,561,361,98,20,1,5,1,
21,8,832,148,107,23,1,5,1,
22,1,868,356,48,22,1,5,1,
22,2,770,227,68,16,1,5,1,
22,3,703,7,66,22,1,5,1,
22,4,684,232,40,15,1,5,1,
22,6,567,362,102,19,1,5,1,
22,8,841,148,105,23,1,5,1,
23,1,875,355,43,21,1,5,1,
23,2,780,227,62,16,1,5,1,
23,3,709,9,64,21,1,5,1,
23,4,689,232,34,15,1,5,1,
23,6,576,363,102,19,1,5,1,
23,8,852,149,101,23,1,5,1,
24,1,880,354,40,21,1,5,1,
24,2,788,228,58,15,1,5,1,
24,3,714,10,63,22,1,5,1,
24,4,694,232,29,15,1,5,1,
24,6,584,364,103,18,1,5,1,
24,8,862,149,97,24,1,5,1,
25,1,884,353,38,21,1,5,1,
25,2,795,228,55,15,1,5,1,
25,3,719,11,61,22,1,5,1,
25,4,699,233,23,14,1,5,1,
25,6,592,365,105,18,1,5,1,
25,8,871,150,89,23,1,5,1,
26,1,889,352,35,21,1,5,1,
26,2,802,228,52,16,1,5,1,
26,3,724,12,60,22,1,5,1,
26,4,704,233,17,15,1,5,1,
26,6,601,366,106,17,1,5,1,
26,8,881,151,79,23,1,5,1,
27,1,892,351,33,21,1,5,1,
27,2,807,229,50,15,1,5,1,
27,3,729,13,58,22,1,5,1,
27,4,704,234,17,14,1,5,1,
27,6,609,366,107,18,1,5,1,
27,8,889,151,71,23,1,5,1,
28,1,895,350,32,21,1,5,1,
28,2,812,229,49,15,1,5,1,
28,3,733,14,57,23,1,5,1,
28,4,701,234,20,14,1,5,1,
28,6,618,366,108,18,1,5,1,
28,8,897,152,63,23,1,5,1,
29,1,899,349,29,21,1,5,1,
29,2,818,230,42,14,1,5,1,
29,3,738,15,55,23,1,5,1,
29,4,697,234,24,15,1,5,1,
29,6,627,367,108,18,1,5,1,
29,8,906,153,54,19,1,5,1,
30,1,901,349,28,20,1,5,1,
30,2,822,230,40,14,1,5,1,
30,3,742,16,54,24,1,5,1,
30,4,694,235,27,14,1,5,1,
30,6,635,367,110,18,1,5,1,
30,8,913,153,47,16,1,5,1,
31,1,903,348,26,20,1,5,1,
31,2,829,230,35,15,1,5,1,
31,3,748,18,51,23,1,5,1,
31,4,691,235,31,14,1,5,1,
31,6,647,368,107,17,1,5,1,
31,8,923,155,37,13,1,5,1,
32,1,904,347,26,19,1,5,1,
32,2,836,231,30,14,1,5,1,
32,3,754,20,48,22,1,5,1,
32,4,689,236,32,14,1,5,1,
32,6,661,368,103,18,1,5,1,
33,1,905,346,25,20,1,5,1,
33,2,839,231,28,14,1,5,1,
33,3,757,21,47,23,1,5,1,
33,4,686,236,34,14,1,5,1,
33,6,668,368,105,18,1,5,1,
34,1,905,345,25,19,1,5,1,
34,2,844,231,25,14,1,5,1,
34,3,762,23,45,22,1,5,1,
34,4,684,237,34,13,1,5,1,
34,6,681,368,102,18,1,5,1,
35,1,905,344,25,19,1,5,1,
35,2,846,232,24,14,1,5,1,
35,3,765,24,44,23,1,5,1,
35,4,681,237,35,13,1,5,1,
35,6,688,368,104,18,1,5,1,
36,1,905,343,25,20,1,5,1,
36,2,848,232,23,14,1,5,1,
36,3,768,24,43,24,1,5,1,
36,4,678,238,37,13,1,5,1,
36,6,694,369,107,17,1,5,1,
37,1,905,343,25,18,1,5,1,
37,2,852,233,20,13,1,5,1,
37,3,773,27,40,23,1,5,1,
37,4,676,238,35,13,1,5,1,
37,6,709,369,101,18,1,5,1,
38,1,905,342,24,17,1,5,1,
38,2,856,233,17,14,1,5,1,
38,3,780,30,35,21,1,5,1,
38,4,673,239,32,12,1,5,1,
38,6,730,369,89,18,1,5,1,
39,1,905,341,24,18,1,5,1,
39,2,856,233,18,14,1,5,1,
39,3,782,30,35,23,1,5,1,
39,4,671,239,33,12,1,5,1,
39,6,735,369,93,18,1,5,1,
40,1,904,340,24,18,1,5,1,
40,2,857,234,17,13,1,5,1,
40,3,783,31,36,23,1,5,1,
40,4,668,239,35,13,1,5,1,
40,6,740,369,97,18,1,5,1,
41,1,904,339,23,19,1,5,1,
41,2,857,234,17,13,1,5,1,
41,3,785,32,35,24,1,5,1,
41,4,665,239,36,13,1,5,1,
41,6,745,369,101,18,1,5,1,
42,1,903,339,23,18,1,5,1,
42,2,858,235,17,13,1,5,1,
42,3,787,33,35,24,1,5,1,
42,4,663,240,37,12,1,5,1,
42,6,750,369,104,17,1,5,1,
43,1,905,338,22,18,1,5,1,
43,2,858,235,17,13,1,5,1,
43,3,789,34,34,25,1,5,1,
43,4,660,240,38,12,1,5,1,
43,6,758,369,104,18,1,5,1,
44,1,907,338,22,17,1,5,1,
44,2,859,235,16,13,1,5,1,
44,3,791,35,33,25,1,5,1,
44,4,657,241,39,11,1,5,1,
44,6,765,369,106,18,1,5,1,
45,1,910,338,20,16,1,5,1,
45,2,860,236,16,12,1,5,1,
45,3,793,37,33,25,1,5,1,
45,4,655,241,39,12,1,5,1,
45,6,772,369,107,18,1,5,1,
46,1,914,338,19,15,1,5,1,
46,2,860,236,16,12,1,5,1,
46,3,796,38,31,25,1,5,1,
46,4,652,241,39,12,1,5,1,
46,6,781,369,107,18,1,5,1,
47,1,914,338,20,14,1,5,1,
47,2,860,236,17,12,1,5,1,
47,3,798,40,30,25,1,5,1,
47,4,649,242,40,11,1,5,1,
47,6,790,369,106,17,1,5,1,
48,1,914,337,22,15,1,5,1,
48,2,861,237,16,12,1,5,1,
48,3,800,41,28,26,1,5,1,
48,4,647,242,40,11,1,5,1,
48,6,798,369,105,17,1,5,1,
49,1,914,337,23,14,1,5,1,
49,2,861,237,16,12,1,5,1,
49,3,803,43,26,25,1,5,1,
49,4,644,242,40,11,1,5,1,
49,6,808,368,103,18,1,5,1,
50,1,915,336,23,14,1,5,1,
50,2,861,237,16,12,1,5,1,
50,3,805,44,25,26,1,5,1,
50,4,641,242,40,11,1,5,1,
50,6,816,368,102,18,1,5,1,
51,1,916,335,24,15,1,5,1,
51,2,861,238,15,11,1,5,1,
51,3,806,46,25,25,1,5,1,
51,4,638,243,41,11,1,5,1,
51,6,825,368,100,17,1,5,1,
52,1,918,335,23,14,1,5,1,
52,2,861,238,15,12,1,5,1,
52,3,808,48,24,25,1,5,1,
52,4,636,243,40,11,1,5,1,
52,6,834,368,98,17,1,5,1,
53,1,920,334,21,15,1,5,1,
53,2,860,238,16,12,1,5,1,
53,3,810,49,22,25,1,5,1,
53,4,633,243,41,11,1,5,1,
53,6,843,367,96,17,1,5,1,
54,1,922,334,20,14,1,5,1,
54,2,860,239,15,11,1,5,1,
54,3,812,51,21,25,1,5,1,
54,4,630,244,41,10,1,5,1,
54,6,851,367,94,17,1,5,1,
55,1,924,333,19,14,1,5,1,
55,2,860,239,15,11,1,5,1,
55,3,813,53,20,24,1,5,1,
55,4,627,244,41,10,1,5,1,
55,6,861,366,90,17,1,5,1,
56,1,925,333,19,14,1,5,1,
56,2,859,239,15,11,1,5,1,
56,3,815,54,19,25,1,5,1,
56,4,624,244,42,10,1,5,1,
56,6,868,366,90,17,1,5,1,
57,1,926,332,18,14,1,5,1,
57,2,859,240,14,11,1,5,1,
57,3,816,56,18,25,1,5,1,
57,4,622,245,41,10,1,5,1,
57,6,876,366,84,17,1,5,1,
58,1,926,331,19,14,1,5,1,
58,2,859,240,14,11,1,5,1,
58,3,817,57,17,25,1,5,1,
58,4,619,245,41,10,1,5,1,
58,6,885,365,75,17,1,5,1,
59,1,927,331,18,14,1,5,1,
59,2,860,240,14,11,1,5,1,
59,3,819,59,15,25,1,5,1,
59,4,616,245,42,10,1,5,1,
59,6,892,365,68,16,1,5,1,
60,1,928,330,18,14,1,5,1,
60,2,863,241,13,11,1,5,1,
60,3,819,60,15,25,1,5,1,
60,4,613,245,42,10,1,5,1,
60,6,899,364,61,16,1,5,1,
61,1,929,330,18,14,1,5,1,
61,2,865,241,16,11,1,5,1,
61,3,820,62,14,25,1,5,1,
61,6,906,365,54,15,1,5,1,
62,1,931,330,17,13,1,5,1,
62,2,864,242,22,11,1,5,1,
62,3,821,63,13,25,1,5,1,
62,6,912,367,48,13,1,5,1,
63,1,932,329,17,13,1,5,1,
63,2,864,242,27,11,1,5,1,
63,3,821,65,13,25,1,5,1,
63,6,917,367,43,12,1,5,1,
64,1,932,329,18,13,1,5,1,
64,2,864,242,31,11,1,5,1,
64,3,821,66,13,25,1,5,1,
64,6,921,368,39,11,1,5,1,
65,1,933,328,18,13,1,5,1,
65,2,864,243,34,10,1,5,1,
65,3,820,68,13,25,1,5,1,
65,6,928,369,32,7,1,5,1,
66,1,934,328,17,13,1,5,1,
66,2,864,243,37,10,1,5,1,
66,3,820,69,13,25,1,5,1,
67,1,935,327,17,14,1,5,1,
67,2,864,243,40,10,1,5,1,
67,3,819,70,13,26,1,5,1,
68,1,935,327,18,13,1,5,1,
68,2,865,243,42,10,1,5,1,
68,3,819,71,13,26,1,5,1,
69,1,936,326,17,14,1,5,1,
69,2,867,243,43,10,1,5,1,
69,3,818,73,14,26,1,5,1,
70,1,936,326,18,13,1,5,1,
70,2,869,243,44,10,1,5,1,
70,3,817,74,14,26,1,5,1,
71,1,937,326,17,12,1,5,1,
71,2,873,244,43,9,1,5,1,
71,3,816,76,15,25,1,5,1,
72,1,937,325,17,13,1,5,1,
72,2,876,244,43,10,1,5,1,
72,3,815,78,15,25,1,5,1,
73,1,938,325,16,12,1,5,1,
73,2,879,244,43,10,1,5,1,
73,3,814,79,16,25,1,5,1,
74,1,937,324,17,13,1,5,1,
74,2,881,244,44,10,1,5,1,
74,3,813,80,16,26,1,5,1,
74,5,-28993,15246,0,-14702,1,5,1,
75,1,937,324,17,12,1,5,1,
75,2,885,244,42,10,1,5,1,
75,3,812,82,16,25,1,5,1,
76,1,937,323,17,13,1,5,1,
76,2,888,244,42,10,1,5,1,
76,3,811,83,17,25,1,5,1,
77,1,937,323,17,12,1,5,1,
77,2,891,244,41,10,1,5,1,
77,3,809,85,19,25,1,5,1,
78,1,937,322,17,13,1,5,1,
78,2,894,244,41,10,1,5,1,
78,3,808,86,19,25,1,5,1,
79,1,937,322,16,12,1,5,1,
79,2,897,244,40,10,1,5,1,
79,3,807,88,20,24,1,5,1,
80,1,937,322,16,12,1,5,1,
80,2,900,245,39,9,1,5,1,
80,3,805,89,21,25,1,5,1,
81,1,936,321,17,12,1,5,1,
81,2,903,245,38,9,1,5,1,
81,3,804,90,21,25,1,5,1,
82,1,936,321,16,12,1,5,1,
82,2,905,245,38,9,1,5,1,
82,3,802,92,23,24,1,5,1,
83,1,936,321,16,12,1,5,1,
83,2,908,245,37,9,1,5,1,
83,3,800,93,24,24,1,5,1,
84,1,935,320,16,12,1,5,1,
84,2,911,245,36,9,1,5,1,
84,3,799,95,24,24,1,5,1,
85,1,935,320,15,12,1,5,1,
85,2,914,245,34,10,1,5,1,
85,3,797,96,25,24,1,5,1,
86,1,934,319,16,12,1,5,1,
86,2,917,245,33,10,1,5,1,
86,3,795,97,26,24,1,5,1,
87,1,933,319,17,12,1,5,1,
87,2,919,245,33,10,1,5,1,
87,3,793,99,27,23,1,5,1,
88,1,933,319,16,11,1,5,1,
88,2,922,246,31,9,1,5,1,
88,3,791,100,28,23,1,5,1,
89,1,932,318,17,12,1,5,1,
89,2,924,246,30,9,1,5,1,
89,3,789,101,28,24,1,5,1,
90,1,931,318,17,11,1,5,1,
90,2,927,246,29,9,1,5,1,
90,3,787,103,29,23,1,5,1,
91,1,930,318,18,11,1,5,1,
91,2,929,246,28,9,1,5,1,
91,3,785,104,30,23,1,5,1,
92,1,929,317,19,11,1,5,1,
92,2,932,246,27,9,1,5,1,
92,3,783,106,30,22,1,5,1,
93,1,928,317,20,11,1,5,1,
93,2,934,246,25,9,1,5,1,
93,3,780,107,32,22,1,5,1,
94,1,927,317,20,10,1,5,1,
94,2,936,246,23,9,1,5,1,
95,1,926,316,21,11,1,5,1,
95,2,938,246,21,9,1,5,1,
96,1,925,316,21,11,1,5,1,
96,2,939,246,21,9,1,5,1,
97,1,924,316,22,10,1,5,1,
97,2,941,247,19,8,1,5,1,
98,1,923,315,22,11,1,5,1,
98,2,942,247,18,8,1,5,1,
99,1,921,315,24,11,1,5,1,
99,2,944,247,16,8,1,5,1,
100,1,920,315,24,10,1,5,1,
100,2,945,247,15,9,1,5,1,
101,1,918,314,26,11,1,5,1,
101,2,946,247,14,9,1,5,1,
102,1,917,314,26,11,1,5,1,
102,2,948,247,12,9,1,5,1,
103,1,915,314,27,10,1,5,1,
103,2,949,247,11,7,1,5,1,
104,1,913,313,28,11,1,5,1,
104,2,951,248,9,6,1,5,1,
105,1,912,313,28,10,1,5,1,
105,2,952,248,8,6,1,5,1,
106,1,910,313,29,10,1,5,1,
106,2,953,249,7,5,1,5,1,
107,1,908,312,30,11,1,5,1,
107,2,954,249,6,5,1,5,1,
108,1,906,312,31,10,1,5,1,
109,1,904,312,32,10,1,5,1,
110,1,902,311,33,11,1,5,1,
111,1,901,311,33,10,1,5,1,
112,1,900,310,33,11,1,5,1,
113,1,898,310,34,11,1,5,1,
114,1,897,310,34,11,1,5,1,
114,4,516,251,35,10,1,5,1,
115,1,896,309,33,11,1,5,1,
115,4,517,251,38,10,1,5,1,
116,1,895,309,31,10,1,5,1,
116,4,517,251,41,10,1,5,1,
117,1,894,309,30,10,1,5,1,
117,4,516,251,46,9,1,5,1,
118,1,894,309,28,10,1,5,1,
118,4,516,251,50,9,1,5,1,
119,1,893,308,27,10,1,5,1,
119,4,516,250,54,10,1,5,1,
120,1,893,308,25,10,1,5,1,
120,4,517,250,56,10,1,5,1,
121,4,518,250,59,10,1,5,1,
122,4,519,250,62,10,1,5,1,
123,4,520,250,65,10,1,5,1,
124,4,521,250,68,10,1,5,1,
125,4,522,250,71,10,1,5,1,
126,4,524,250,73,10,1,5,1,
127,4,526,250,75,10,1,5,1,
128,4,528,250,77,10,1,5,1,
129,4,530,250,79,10,1,5,1,
130,4,532,250,81,10,1,5,1,
131,4,535,250,82,10,1,5,1,
132,4,538,249,83,11,1,5,1,
133,4,541,249,84,11,1,5,1,
134,2,955,253,5,6,1,5,1,
134,4,544,249,85,11,1,5,1,
135,2,954,252,5,7,1,5,1,
135,4,548,249,85,11,1,5,1,
136,2,953,252,6,7,1,5,1,
136,4,552,249,85,11,1,5,1,
137,2,953,252,6,7,1,5,1,
137,4,556,249,86,10,1,5,1,
138,4,561,249,85,10,1,5,1,
139,4,565,249,85,10,1,5,1,
140,4,569,249,85,10,1,5,1,
141,4,573,249,85,10,1,5,1,
142,4,577,249,85,10,1,5,1,
143,4,580,249,87,10,1,5,1,
144,4,583,249,88,10,1,5,1,
145,4,587,249,88,10,1,5,1,
146,4,591,249,88,10,1,5,1,
147,4,594,249,89,10,1,5,1,
148,4,597,249,90,10,1,5,1,
149,4,601,249,91,10,1,5,1,
150,4,604,249,92,10,1,5,1,
