1,1,424,4,69,27,1,5,1,
1,2,328,437,42,17,1,5,1,
1,3,285,29,33,18,1,5,1,
1,4,921,206,39,16,1,5,1,
1,6,398,269,40,19,1,5,1,
1,7,526,156,96,31,1,5,1,
1,8,165,370,24,23,1,5,1,
1,9,884,405,75,30,1,5,1,
1,10,715,415,131,42,1,5,1,
1,11,541,286,62,18,1,5,1,
2,1,422,3,67,32,1,5,1,
2,2,331,438,44,17,1,5,1,
2,3,286,28,39,18,1,5,1,
2,4,923,206,37,16,1,5,1,
2,6,401,269,42,19,1,5,1,
2,7,523,154,94,33,1,5,1,
2,8,169,368,23,24,1,5,1,
2,9,882,403,77,31,1,5,1,
2,10,722,418,143,41,1,5,1,
2,11,537,286,62,18,1,5,1,
3,1,420,2,64,37,1,5,1,
3,2,335,439,45,18,1,5,1,
3,3,287,27,45,18,1,5,1,
3,4,926,206,34,14,1,5,1,
3,6,405,269,44,20,1,5,1,
3,7,521,152,89,34,1,5,1,
3,8,169,366,29,26,1,5,1,
3,9,881,400,78,32,1,5,1,
3,10,732,421,151,40,1,5,1,
3,11,534,286,59,18,1,5,1,
4,1,419,1,59,43,1,5,1,
4,2,338,440,48,19,1,5,1,
4,3,288,27,51,16,1,5,1,
4,4,930,208,30,10,1,5,1,
4,6,409,269,47,20,1,5,1,
4,7,520,150,80,35,1,5,1,
4,8,165,364,39,28,1,5,1,
4,9,880,398,79,32,1,5,1,
4,10,746,424,154,39,1,5,1,
4,11,532,286,54,19,1,5,1,
5,1,418,1,52,47,1,5,1,
5,2,342,442,50,18,1,5,1,
5,3,291,27,55,15,1,5,1,
5,6,412,269,51,21,1,5,1,
5,7,521,147,69,37,1,5,1,
5,8,162,362,48,30,1,5,1,
5,9,881,397,78,36,1,5,1,
5,10,761,428,154,37,1,5,1,
5,11,530,286,49,19,1,5,1,
6,1,419,1,45,52,1,5,1,
6,2,346,444,52,18,1,5,1,
6,3,294,27,59,14,1,5,1,
6,6,415,269,56,21,1,5,1,
6,7,524,145,57,38,1,5,1,
6,8,161,360,56,32,1,5,1,
6,9,883,395,69,36,1,5,1,
6,10,776,432,153,34,1,5,1,
6,11,530,286,42,22,1,5,1,
7,1,419,2,38,56,1,5,1,
7,2,350,446,55,17,1,5,1,
7,3,298,27,61,14,1,5,1,
7,6,418,269,61,21,1,5,1,
7,7,525,142,47,39,1,5,1,
7,8,160,358,63,33,1,5,1,
7,9,885,394,57,34,1,5,1,
7,10,793,435,147,32,1,5,1,
7,11,530,287,36,24,1,5,1,
8,1,418,3,33,59,1,5,1,
8,2,354,448,58,15,1,5,1,
8,3,303,26,62,14,1,5,1,
8,6,422,269,67,22,1,5,1,
8,7,524,139,39,41,1,5,1,
8,8,160,356,70,33,1,5,1,
8,9,885,394,47,31,1,5,1,
8,10,811,439,138,27,1,5,1,
8,11,528,288,32,26,1,5,1,
9,1,418,5,27,62,1,5,1,
9,2,359,450,60,14,1,5,1,
9,3,308,26,64,14,1,5,1,
9,6,426,269,69,23,1,5,1,
9,7,525,135,39,43,1,5,1,
9,8,161,354,76,34,1,5,1,
9,9,886,393,38,29,1,5,1,
9,10,830,439,125,26,1,5,1,
9,11,527,289,26,28,1,5,1,
10,1,418,8,21,63,1,5,1,
10,2,365,451,61,13,1,5,1,
10,3,314,25,64,14,1,5,1,
10,6,431,269,74,24,1,5,1,
10,7,528,132,40,44,1,5,1,
10,8,163,352,80,34,1,5,1,
10,9,886,392,30,27,1,5,1,
10,10,849,437,109,26,1,5,1,
10,11,528,289,23,31,1,5,1,
11,1,419,12,17,63,1,5,1,
11,2,371,451,62,13,1,5,1,
11,3,320,23,64,15,1,5,1,
11,6,437,269,80,24,1,5,1,
11,7,529,128,46,46,1,5,1,
11,8,166,351,83,32,1,5,1,
11,9,886,391,26,25,1,5,1,
11,10,870,435,90,26,1,5,1,
11,11,531,290,23,32,1,5,1,
12,1,421,15,16,64,1,5,1,
12,2,377,451,62,14,1,5,1,
12,3,326,21,63,15,1,5,1,
12,6,441,269,88,24,1,5,1,
12,7,527,125,63,47,1,5,1,
12,8,169,349,86,32,1,5,1,
12,9,886,390,25,24,1,5,1,
12,10,885,434,75,25,1,5,1,
12,11,530,291,31,33,1,5,1,
13,1,422,20,19,62,1,5,1,
13,2,383,452,63,13,1,5,1,
13,3,333,20,62,15,1,5,1,
13,6,446,269,97,24,1,5,1,
13,7,525,121,81,49,1,5,1,
13,8,173,348,88,30,1,5,1,
13,9,885,388,25,24,1,5,1,
13,10,900,432,60,25,1,5,1,
13,11,530,293,42,33,1,5,1,
14,1,421,24,25,60,1,5,1,
14,2,389,452,64,13,1,5,1,
14,3,338,19,63,15,1,5,1,
14,6,451,268,107,25,1,5,1,
14,7,522,118,101,51,1,5,1,
14,8,177,346,90,30,1,5,1,
14,9,885,387,25,24,1,5,1,
14,10,911,432,49,23,1,5,1,
14,11,529,295,54,33,1,5,1,
15,1,418,30,33,56,1,5,1,
15,2,396,452,64,13,1,5,1,
15,3,345,18,63,15,1,5,1,
15,6,458,268,115,26,1,5,1,
15,7,519,115,122,51,1,5,1,
15,8,183,345,89,28,1,5,1,
15,9,884,386,25,24,1,5,1,
15,10,922,430,38,23,1,5,1,
15,11,527,297,69,32,1,5,1,
16,1,417,35,39,53,1,5,1,
16,2,402,452,65,13,1,5,1,
16,3,350,17,64,16,1,5,1,
16,6,465,268,123,26,1,5,1,
16,7,518,112,141,52,1,5,1,
16,8,189,344,87,27,1,5,1,
16,9,884,385,25,23,1,5,1,
16,10,930,432,30,19,1,5,1,
16,11,527,299,83,31,1,5,1,
17,1,416,41,46,49,1,5,1,
17,2,410,452,64,13,1,5,1,
17,3,356,17,65,15,1,5,1,
17,6,475,269,128,26,1,5,1,
17,7,518,110,159,50,1,5,1,
17,8,195,344,86,24,1,5,1,
17,9,883,383,25,24,1,5,1,
17,11,529,301,96,30,1,5,1,
18,1,416,45,51,46,1,5,1,
18,2,415,452,66,13,1,5,1,
18,3,360,16,68,15,1,5,1,
18,6,482,269,135,27,1,5,1,
18,7,519,109,176,49,1,5,1,
18,8,200,343,84,23,1,5,1,
18,9,882,382,26,23,1,5,1,
18,11,531,303,109,30,1,5,1,
19,1,418,50,55,41,1,5,1,
19,2,423,452,65,13,1,5,1,
19,3,367,15,67,16,1,5,1,
19,6,494,269,137,28,1,5,1,
19,7,522,108,189,46,1,5,1,
19,8,207,343,81,20,1,5,1,
19,9,882,381,25,23,1,5,1,
19,11,536,305,118,28,1,5,1,
20,1,419,55,60,36,1,5,1,
20,2,429,452,65,13,1,5,1,
20,3,372,15,69,15,1,5,1,
20,6,504,270,140,27,1,5,1,
20,7,527,107,200,44,1,5,1,
20,8,213,343,77,18,1,5,1,
20,9,881,380,26,23,1,5,1,
20,11,541,307,128,27,1,5,1,
21,1,421,59,63,32,1,5,1,
21,2,435,452,66,13,1,5,1,
21,3,378,14,70,15,1,5,1,
21,6,516,270,141,27,1,5,1,
21,7,533,106,208,45,1,5,1,
21,8,220,343,72,16,1,5,1,
21,9,880,379,26,22,1,5,1,
21,11,548,307,135,27,1,5,1,
22,1,424,63,66,29,1,5,1,
22,2,442,452,66,13,1,5,1,
22,3,384,13,71,16,1,5,1,
22,6,528,270,142,27,1,5,1,
22,7,541,106,212,45,1,5,1,
22,8,226,343,67,17,1,5,1,
22,9,880,378,25,22,1,5,1,
22,11,556,307,140,26,1,5,1,
23,1,427,67,68,25,1,5,1,
23,2,448,452,67,13,1,5,1,
23,3,389,13,72,15,1,5,1,
23,6,539,271,143,27,1,5,1,
23,7,549,106,214,46,1,5,1,
23,8,232,343,62,17,1,5,1,
23,9,879,377,26,22,1,5,1,
23,11,565,307,144,26,1,5,1,
24,1,431,71,69,21,1,5,1,
24,2,455,452,67,13,1,5,1,
24,3,396,12,72,16,1,5,1,
24,6,554,271,139,27,1,5,1,
24,7,562,105,213,48,1,5,1,
24,8,239,344,54,17,1,5,1,
24,9,878,376,26,21,1,5,1,
24,11,577,307,142,26,1,5,1,
25,1,435,74,70,18,1,5,1,
25,2,461,451,68,14,1,5,1,
25,3,401,11,74,16,1,5,1,
25,6,566,271,138,27,1,5,1,
25,7,574,106,213,47,1,5,1,
25,8,244,344,51,18,1,5,1,
25,9,877,375,27,21,1,5,1,
25,11,588,306,142,27,1,5,1,
26,1,439,77,70,15,1,5,1,
26,2,468,451,67,13,1,5,1,
26,3,408,11,74,16,1,5,1,
26,6,579,271,137,27,1,5,1,
26,7,587,106,213,47,1,5,1,
26,8,249,345,49,17,1,5,1,
26,9,876,374,27,21,1,5,1,
26,11,600,306,143,27,1,5,1,
27,1,444,78,70,14,1,5,1,
27,2,475,451,67,13,1,5,1,
27,3,414,10,75,16,1,5,1,
27,6,594,271,134,27,1,5,1,
27,7,602,106,211,48,1,5,1,
27,8,254,345,47,18,1,5,1,
27,9,875,373,27,21,1,5,1,
27,11,614,306,141,26,1,5,1,
28,1,448,78,70,14,1,5,1,
28,2,482,451,67,13,1,5,1,
28,3,421,10,75,16,1,5,1,
28,6,607,271,132,26,1,5,1,
28,7,616,107,210,47,1,5,1,
28,8,257,345,48,19,1,5,1,
28,9,874,372,27,20,1,5,1,
28,11,627,306,140,26,1,5,1,
29,1,452,78,70,14,1,5,1,
29,2,488,451,67,13,1,5,1,
29,3,427,9,76,16,1,5,1,
29,6,619,271,132,26,1,5,1,
29,7,630,107,209,47,1,5,1,
29,8,260,345,48,19,1,5,1,
29,9,873,371,28,20,1,5,1,
29,11,639,306,140,26,1,5,1,
30,1,457,78,69,14,1,5,1,
30,2,496,450,66,13,1,5,1,
30,3,435,9,75,16,1,5,1,
30,6,634,271,128,26,1,5,1,
30,7,646,108,206,46,1,5,1,
30,8,263,346,49,19,1,5,1,
30,9,872,370,28,20,1,5,1,
30,11,653,306,139,26,1,5,1,
31,1,461,78,70,14,1,5,1,
31,2,503,450,65,13,1,5,1,
31,3,441,9,76,15,1,5,1,
31,6,646,271,128,26,1,5,1,
31,7,659,108,206,47,1,5,1,
31,8,265,346,50,20,1,5,1,
31,9,871,369,28,20,1,5,1,
31,11,665,306,139,26,1,5,1,
32,1,466,78,69,15,1,5,1,
32,2,509,450,66,13,1,5,1,
32,3,448,8,76,16,1,5,1,
32,6,658,271,127,26,1,5,1,
32,7,672,108,206,47,1,5,1,
32,8,267,347,52,19,1,5,1,
32,9,870,368,28,20,1,5,1,
32,11,677,306,139,26,1,5,1,
33,1,470,78,69,15,1,5,1,
33,2,517,449,64,13,1,5,1,
33,3,455,8,77,16,1,5,1,
33,6,672,271,124,26,1,5,1,
33,7,687,109,203,46,1,5,1,
33,8,269,347,54,20,1,5,1,
33,9,869,367,28,19,1,5,1,
33,11,691,306,137,26,1,5,1,
34,1,474,78,69,15,1,5,1,
34,2,523,449,65,13,1,5,1,
34,3,461,7,78,17,1,5,1,
34,6,683,272,124,25,1,5,1,
34,7,700,109,203,46,1,5,1,
34,8,271,348,56,20,1,5,1,
34,9,868,366,28,19,1,5,1,
34,11,702,306,138,26,1,5,1,
35,1,479,79,68,15,1,5,1,
35,2,530,448,64,13,1,5,1,
35,3,468,7,78,16,1,5,1,
35,6,695,272,123,25,1,5,1,
35,7,713,109,202,47,1,5,1,
35,8,274,348,57,21,1,5,1,
35,9,866,365,29,19,1,5,1,
35,11,714,306,138,26,1,5,1,
36,1,483,79,68,15,1,5,1,
36,2,537,448,63,13,1,5,1,
36,3,476,7,77,16,1,5,1,
36,6,708,272,121,25,1,5,1,
36,7,728,110,200,46,1,5,1,
36,8,277,349,58,20,1,5,1,
36,9,865,365,29,18,1,5,1,
36,11,727,306,138,26,1,5,1,
37,1,488,79,67,15,1,5,1,
37,2,544,448,62,12,1,5,1,
37,3,483,6,77,17,1,5,1,
37,6,720,272,119,25,1,5,1,
37,7,741,110,199,46,1,5,1,
37,8,279,350,60,20,1,5,1,
37,9,864,364,29,18,1,5,1,
37,11,740,306,137,26,1,5,1,
38,1,492,79,67,16,1,5,1,
38,2,550,447,62,13,1,5,1,
38,3,489,6,78,17,1,5,1,
38,6,730,272,120,25,1,5,1,
38,7,754,111,198,46,1,5,1,
38,8,282,350,62,21,1,5,1,
38,9,862,363,30,18,1,5,1,
38,11,751,306,138,26,1,5,1,
39,1,497,80,65,15,1,5,1,
39,2,558,447,61,12,1,5,1,
39,3,497,6,77,16,1,5,1,
39,6,744,272,117,24,1,5,1,
39,7,769,111,190,46,1,5,1,
39,8,285,351,63,20,1,5,1,
39,9,861,362,29,18,1,5,1,
39,11,765,306,136,26,1,5,1,
40,1,501,80,65,16,1,5,1,
40,2,564,446,61,13,1,5,1,
40,3,504,6,78,16,1,5,1,
40,6,754,272,117,24,1,5,1,
40,7,781,112,179,45,1,5,1,
40,8,288,351,65,21,1,5,1,
40,9,860,361,29,18,1,5,1,
40,11,776,306,137,26,1,5,1,
41,1,505,80,65,16,1,5,1,
41,2,570,446,60,12,1,5,1,
41,3,511,6,78,16,1,5,1,
41,6,766,272,115,24,1,5,1,
41,7,795,112,165,46,1,5,1,
41,8,291,352,67,21,1,5,1,
41,9,858,360,30,18,1,5,1,
41,11,789,306,136,26,1,5,1,
42,1,510,80,63,17,1,5,1,
42,2,577,445,59,13,1,5,1,
42,3,518,6,78,16,1,5,1,
42,6,777,272,114,24,1,5,1,
42,7,809,112,151,46,1,5,1,
42,8,295,353,68,20,1,5,1,
42,9,857,360,29,17,1,5,1,
42,11,801,306,135,26,1,5,1,
43,1,514,81,63,16,1,5,1,
43,2,583,445,59,12,1,5,1,
43,3,525,5,78,17,1,5,1,
43,6,787,272,113,24,1,5,1,
43,7,822,113,138,46,1,5,1,
43,8,298,353,70,21,1,5,1,
43,9,855,359,30,17,1,5,1,
43,11,812,306,136,26,1,5,1,
44,1,518,81,62,17,1,5,1,
44,2,589,444,59,13,1,5,1,
44,3,532,5,78,17,1,5,1,
44,6,798,272,112,24,1,5,1,
44,7,836,113,124,47,1,5,1,
44,8,301,354,72,21,1,5,1,
44,9,853,358,31,17,1,5,1,
44,11,825,306,134,25,1,5,1,
45,1,522,81,61,17,1,5,1,
45,2,596,443,57,13,1,5,1,
45,3,539,5,78,17,1,5,1,
45,6,810,272,109,24,1,5,1,
45,7,851,114,109,46,1,5,1,
45,8,305,354,73,21,1,5,1,
45,9,852,357,30,17,1,5,1,
45,11,837,306,123,25,1,5,1,
46,1,527,82,59,17,1,5,1,
46,2,602,443,57,12,1,5,1,
46,3,546,5,78,17,1,5,1,
46,6,820,272,108,24,1,5,1,
46,7,864,115,96,38,1,5,1,
46,8,308,355,75,21,1,5,1,
46,9,850,356,31,17,1,5,1,
46,11,849,306,111,25,1,5,1,
47,1,530,82,60,17,1,5,1,
47,2,608,442,56,13,1,5,1,
47,3,553,5,79,17,1,5,1,
47,6,830,272,107,24,1,5,1,
47,7,875,116,85,37,1,5,1,
47,8,312,356,77,21,1,5,1,
47,9,848,356,31,16,1,5,1,
47,11,860,306,100,25,1,5,1,
48,1,536,83,57,17,1,5,1,
48,2,616,442,54,12,1,5,1,
48,3,562,5,77,17,1,5,1,
48,6,843,272,103,24,1,5,1,
48,7,890,117,70,28,1,5,1,
48,8,317,356,77,22,1,5,1,
48,9,846,355,31,16,1,5,1,
48,11,875,306,85,25,1,5,1,
49,1,539,83,56,18,1,5,1,
49,2,621,441,54,12,1,5,1,
49,3,568,5,78,17,1,5,1,
49,6,852,272,103,24,1,5,1,
49,7,900,119,60,23,1,5,1,
49,8,320,357,80,21,1,5,1,
49,9,845,354,31,16,1,5,1,
49,11,886,307,74,24,1,5,1,
50,1,543,83,55,18,1,5,1,
50,2,627,440,53,13,1,5,1,
50,3,575,5,78,17,1,5,1,
50,6,862,272,97,23,1,5,1,
50,8,324,357,82,22,1,5,1,
50,9,843,354,31,15,1,5,1,
50,11,898,308,62,20,1,5,1,
51,1,546,84,55,18,1,5,1,
51,2,632,440,54,12,1,5,1,
51,3,581,5,79,17,1,5,1,
51,6,870,272,90,23,1,5,1,
51,8,328,358,84,21,1,5,1,
51,9,841,353,32,15,1,5,1,
51,11,908,309,52,18,1,5,1,
52,1,551,85,53,18,1,5,1,
52,2,639,439,52,12,1,5,1,
52,3,590,5,77,17,1,5,1,
52,6,883,272,77,23,1,5,1,
52,8,334,359,84,21,1,5,1,
52,9,839,352,32,15,1,5,1,
53,1,554,85,52,19,1,5,1,
53,2,644,438,52,12,1,5,1,
53,3,596,5,78,17,1,5,1,
53,6,890,272,70,23,1,5,1,
53,8,337,359,87,22,1,5,1,
53,9,837,351,33,15,1,5,1,
54,1,556,85,53,19,1,5,1,
54,2,648,438,53,12,1,5,1,
54,3,601,5,80,17,1,5,1,
54,6,897,272,63,19,1,5,1,
54,8,340,360,90,21,1,5,1,
54,9,836,351,32,15,1,5,1,
55,1,559,86,52,19,1,5,1,
55,2,652,437,53,12,1,5,1,
55,3,606,5,82,17,1,5,1,
55,6,904,272,56,19,1,5,1,
55,8,344,360,92,22,1,5,1,
55,9,834,350,33,15,1,5,1,
56,1,563,87,51,19,1,5,1,
56,2,657,436,53,12,1,5,1,
56,3,613,6,81,17,1,5,1,
56,6,913,272,47,17,1,5,1,
56,8,348,361,95,21,1,5,1,
56,9,832,350,33,14,1,5,1,
57,1,565,87,51,20,1,5,1,
57,2,661,435,54,13,1,5,1,
57,3,618,6,83,17,1,5,1,
57,6,920,273,40,14,1,5,1,
57,8,352,361,97,22,1,5,1,
57,9,830,349,34,15,1,5,1,
58,1,568,88,50,20,1,5,1,
58,2,666,435,53,12,1,5,1,
58,3,624,6,84,17,1,5,1,
58,6,927,274,33,11,1,5,1,
58,8,356,361,100,23,1,5,1,
58,9,828,348,34,15,1,5,1,
59,1,572,89,48,19,1,5,1,
59,2,672,434,52,12,1,5,1,
59,3,632,6,83,17,1,5,1,
59,8,362,362,101,22,1,5,1,
59,9,826,348,34,14,1,5,1,
60,1,574,89,48,20,1,5,1,
60,2,676,433,52,13,1,5,1,
60,3,637,6,84,18,1,5,1,
60,8,366,363,103,22,1,5,1,
60,9,824,347,35,15,1,5,1,
61,1,577,90,47,20,1,5,1,
61,2,680,432,52,13,1,5,1,
61,3,643,7,85,17,1,5,1,
61,8,370,363,106,22,1,5,1,
61,9,822,346,36,15,1,5,1,
62,1,580,91,45,20,1,5,1,
62,2,685,432,52,12,1,5,1,
62,3,649,7,85,17,1,5,1,
62,8,375,364,108,22,1,5,1,
62,9,821,346,35,14,1,5,1,
63,1,583,91,44,21,1,5,1,
63,2,689,431,52,13,1,5,1,
63,3,656,7,84,18,1,5,1,
63,8,380,364,110,22,1,5,1,
63,9,819,345,35,15,1,5,1,
64,1,586,92,43,21,1,5,1,
64,2,693,430,52,13,1,5,1,
64,3,662,7,84,18,1,5,1,
64,8,385,364,112,23,1,5,1,
64,9,817,345,36,14,1,5,1,
65,1,589,93,41,21,1,5,1,
65,2,699,429,50,13,1,5,1,
65,3,669,8,83,18,1,5,1,
65,8,391,365,113,22,1,5,1,
65,9,815,344,36,14,1,5,1,
66,1,591,94,40,21,1,5,1,
66,2,703,428,50,13,1,5,1,
66,3,676,8,83,18,1,5,1,
66,8,396,365,115,23,1,5,1,
66,9,813,343,36,15,1,5,1,
67,1,594,95,39,21,1,5,1,
67,2,708,428,48,13,1,5,1,
67,3,682,9,81,18,1,5,1,
67,8,402,365,117,23,1,5,1,
67,9,811,343,36,14,1,5,1,
68,1,597,95,37,22,1,5,1,
68,2,713,427,47,13,1,5,1,
68,3,690,9,79,19,1,5,1,
68,8,408,366,118,22,1,5,1,
68,9,809,342,36,14,1,5,1,
69,1,599,96,36,22,1,5,1,
69,2,717,426,47,13,1,5,1,
69,3,696,10,79,19,1,5,1,
69,8,414,366,119,23,1,5,1,
69,9,807,342,36,13,1,5,1,
70,1,603,97,33,22,1,5,1,
70,2,723,425,44,13,1,5,1,
70,3,704,11,76,19,1,5,1,
70,8,422,366,119,23,1,5,1,
70,9,805,341,36,14,1,5,1,
71,1,605,98,32,22,1,5,1,
71,2,728,424,43,13,1,5,1,
71,3,712,12,74,19,1,5,1,
71,8,429,367,119,22,1,5,1,
71,9,803,341,36,13,1,5,1,
72,1,607,99,31,22,1,5,1,
72,2,731,424,43,12,1,5,1,
72,3,717,12,74,19,1,5,1,
72,8,435,367,120,23,1,5,1,
73,1,609,100,30,22,1,5,1,
73,2,734,423,43,13,1,5,1,
73,3,722,13,74,19,1,5,1,
73,8,439,367,124,23,1,5,1,
74,1,611,100,28,23,1,5,1,
74,2,737,422,43,13,1,5,1,
74,3,726,13,75,20,1,5,1,
74,8,444,367,126,23,1,5,1,
75,1,613,101,27,23,1,5,1,
75,2,741,421,42,13,1,5,1,
75,3,732,14,74,20,1,5,1,
75,4,951,236,8,8,1,5,1,
75,8,450,368,128,23,1,5,1,
76,1,615,102,26,23,1,5,1,
76,2,745,420,41,13,1,5,1,
76,3,738,15,73,20,1,5,1,
76,4,948,236,11,8,1,5,1,
76,8,457,368,128,23,1,5,1,
77,2,749,419,40,14,1,5,1,
77,3,744,15,72,21,1,5,1,
77,4,946,235,13,9,1,5,1,
77,8,463,368,130,23,1,5,1,
78,2,753,418,39,14,1,5,1,
78,3,749,16,72,21,1,5,1,
78,4,943,235,16,10,1,5,1,
78,8,470,368,130,23,1,5,1,
79,2,756,418,39,13,1,5,1,
79,3,755,17,70,21,1,5,1,
79,4,941,235,18,10,1,5,1,
79,8,477,368,131,23,1,5,1,
80,2,760,417,38,13,1,5,1,
80,3,760,18,70,21,1,5,1,
80,4,938,235,21,10,1,5,1,
80,8,483,368,132,23,1,5,1,
81,2,763,416,37,13,1,5,1,
81,3,765,19,69,21,1,5,1,
81,4,936,236,23,10,1,5,1,
81,8,489,368,134,24,1,5,1,
82,2,766,415,37,14,1,5,1,
82,3,770,19,69,22,1,5,1,
82,4,934,236,25,10,1,5,1,
82,8,495,368,135,24,1,5,1,
83,2,770,414,35,14,1,5,1,
83,3,776,21,67,21,1,5,1,
83,4,931,236,28,10,1,5,1,
83,8,503,368,135,24,1,5,1,
84,2,773,413,34,14,1,5,1,
84,3,781,21,66,22,1,5,1,
84,4,929,237,30,9,1,5,1,
84,8,510,368,135,24,1,5,1,
85,2,776,412,34,14,1,5,1,
85,3,786,22,65,22,1,5,1,
85,4,927,237,32,10,1,5,1,
85,8,516,368,137,24,1,5,1,
86,2,778,412,34,13,1,5,1,
86,3,790,23,65,22,1,5,1,
86,4,924,237,35,10,1,5,1,
86,8,523,368,137,24,1,5,1,
87,2,782,411,32,13,1,5,1,
87,3,797,24,62,22,1,5,1,
87,4,922,237,37,10,1,5,1,
87,8,532,368,135,24,1,5,1,
88,2,785,410,31,13,1,5,1,
88,3,801,25,62,22,1,5,1,
88,4,920,238,38,9,1,5,1,
88,8,539,368,135,24,1,5,1,
89,2,788,409,30,13,1,5,1,
89,3,806,26,61,23,1,5,1,
89,4,917,238,38,9,1,5,1,
89,8,546,368,135,24,1,5,1,
90,2,790,408,30,14,1,5,1,
90,3,810,27,60,23,1,5,1,
90,4,915,238,38,10,1,5,1,
90,8,553,368,135,24,1,5,1,
91,2,794,407,28,13,1,5,1,
91,3,816,29,58,22,1,5,1,
91,4,913,238,37,10,1,5,1,
91,8,562,368,133,23,1,5,1,
92,2,796,406,28,14,1,5,1,
92,3,821,30,56,22,1,5,1,
92,4,910,239,38,9,1,5,1,
92,8,569,368,133,23,1,5,1,
93,2,799,405,26,14,1,5,1,
93,3,825,31,55,22,1,5,1,
93,4,908,239,37,9,1,5,1,
93,8,576,368,133,23,1,5,1,
94,2,801,405,26,13,1,5,1,
94,3,829,32,54,23,1,5,1,
94,4,906,239,37,9,1,5,1,
94,8,583,368,133,23,1,5,1,
95,2,804,404,24,13,1,5,1,
95,3,834,33,52,23,1,5,1,
95,4,904,239,36,9,1,5,1,
95,8,591,368,132,23,1,5,1,
96,2,806,403,24,13,1,5,1,
96,3,839,34,50,23,1,5,1,
96,4,902,240,36,9,1,5,1,
96,8,599,367,130,24,1,5,1,
97,2,808,402,23,13,1,5,1,
97,3,843,35,49,23,1,5,1,
97,8,606,367,130,23,1,5,1,
98,2,810,401,23,13,1,5,1,
98,3,846,36,49,24,1,5,1,
98,8,612,367,130,23,1,5,1,
99,2,812,400,22,13,1,5,1,
99,3,849,37,49,24,1,5,1,
99,8,619,367,130,23,1,5,1,
100,2,814,399,21,14,1,5,1,
100,3,852,38,48,24,1,5,1,
100,8,625,367,130,23,1,5,1,
101,2,815,398,21,14,1,5,1,
101,3,856,39,47,24,1,5,1,
101,8,631,366,130,23,1,5,1,
102,2,817,398,20,13,1,5,1,
102,3,859,40,46,25,1,5,1,
102,8,637,366,130,23,1,5,1,
103,2,818,397,21,14,1,5,1,
103,3,862,41,45,25,1,5,1,
103,8,643,366,130,23,1,5,1,
104,2,820,396,19,14,1,5,1,
104,3,865,43,45,24,1,5,1,
104,8,650,366,129,22,1,5,1,
105,2,822,395,18,14,1,5,1,
105,3,868,44,44,25,1,5,1,
105,8,657,365,128,23,1,5,1,
106,2,823,394,18,14,1,5,1,
106,3,872,45,42,25,1,5,1,
106,8,664,365,126,22,1,5,1,
107,2,825,393,17,14,1,5,1,
107,3,875,46,41,25,1,5,1,
107,8,671,365,125,22,1,5,1,
108,2,827,392,16,14,1,5,1,
108,3,879,48,38,24,1,5,1,
108,8,679,364,122,23,1,5,1,
109,2,828,391,16,14,1,5,1,
109,3,882,49,37,25,1,5,1,
109,8,685,364,122,22,1,5,1,
110,2,829,391,15,13,1,5,1,
110,3,885,50,36,25,1,5,1,
110,8,692,364,120,22,1,5,1,
111,2,831,390,14,13,1,5,1,
111,3,887,51,35,25,1,5,1,
111,8,699,363,118,22,1,5,1,
112,2,832,389,13,13,1,5,1,
112,3,891,53,33,25,1,5,1,
112,8,708,363,114,22,1,5,1,
113,2,833,388,13,13,1,5,1,
113,3,894,54,32,25,1,5,1,
113,8,715,363,112,21,1,5,1,
114,2,834,387,12,13,1,5,1,
114,3,896,56,31,24,1,5,1,
114,8,721,362,111,22,1,5,1,
115,2,835,387,11,13,1,5,1,
115,3,899,57,30,25,1,5,1,
115,8,728,362,108,21,1,5,1,
116,2,837,386,10,13,1,5,1,
116,3,902,58,28,25,1,5,1,
116,8,735,361,106,22,1,5,1,
117,2,837,385,10,13,1,5,1,
117,3,904,60,28,24,1,5,1,
117,8,742,361,103,21,1,5,1,
118,2,838,384,9,13,1,5,1,
118,3,906,61,27,24,1,5,1,
118,8,748,360,102,22,1,5,1,
119,2,839,383,8,13,1,5,1,
119,3,908,62,26,25,1,5,1,
119,8,754,360,100,21,1,5,1,
120,2,839,382,9,13,1,5,1,
120,3,911,64,24,24,1,5,1,
120,8,762,360,96,21,1,5,1,
121,2,839,382,9,12,1,5,1,
121,3,912,65,24,24,1,5,1,
121,8,767,359,95,21,1,5,1,
122,2,839,381,9,12,1,5,1,
122,3,914,67,23,23,1,5,1,
122,8,774,359,92,21,1,5,1,
123,2,839,380,9,12,1,5,1,
123,3,916,68,22,24,1,5,1,
123,8,780,358,89,21,1,5,1,
124,2,839,379,9,12,1,5,1,
124,3,918,69,21,24,1,5,1,
124,8,786,358,87,20,1,5,1,
125,2,839,379,8,12,1,5,1,
125,3,920,71,19,23,1,5,1,
125,8,791,357,86,21,1,5,1,
126,2,839,378,8,12,1,5,1,
126,3,921,72,19,24,1,5,1,
126,8,796,357,84,20,1,5,1,
127,2,839,377,8,12,1,5,1,
127,3,922,73,18,24,1,5,1,
127,8,801,356,82,21,1,5,1,
128,2,839,376,8,12,1,5,1,
128,3,924,75,17,23,1,5,1,
128,8,807,356,79,20,1,5,1,
129,2,838,376,9,11,1,5,1,
129,3,925,76,16,23,1,5,1,
129,8,812,355,77,20,1,5,1,
130,2,838,375,9,12,1,5,1,
130,3,926,77,16,23,1,5,1,
130,8,817,355,75,20,1,5,1,
131,2,838,374,9,12,1,5,1,
131,3,927,78,15,24,1,5,1,
131,8,821,354,74,20,1,5,1,
132,2,837,373,9,12,1,5,1,
132,3,927,80,15,23,1,5,1,
132,8,827,354,71,20,1,5,1,
133,2,837,373,9,11,1,5,1,
133,3,927,81,15,23,1,5,1,
133,8,831,353,70,20,1,5,1,
134,2,837,372,9,12,1,5,1,
134,3,927,82,15,23,1,5,1,
134,8,836,353,67,20,1,5,1,
135,2,836,371,9,12,1,5,1,
135,3,927,84,15,23,1,5,1,
135,8,841,352,64,20,1,5,1,
136,2,835,371,10,11,1,5,1,
136,3,927,85,15,23,1,5,1,
136,8,846,351,62,20,1,5,1,
137,2,835,370,10,11,1,5,1,
137,3,927,86,15,23,1,5,1,
137,8,849,351,61,20,1,5,1,
138,2,834,369,11,11,1,5,1,
138,3,927,87,15,23,1,5,1,
138,8,853,350,59,20,1,5,1,
139,3,927,89,15,22,1,5,1,
139,8,857,350,57,20,1,5,1,
140,3,927,90,14,22,1,5,1,
140,8,861,349,55,20,1,5,1,
141,3,927,91,14,23,1,5,1,
141,8,864,349,54,20,1,5,1,
142,3,926,92,14,23,1,5,1,
142,8,867,348,53,20,1,5,1,
143,3,926,93,14,23,1,5,1,
143,8,870,348,51,20,1,5,1,
144,3,926,94,14,23,1,5,1,
144,8,873,347,50,20,1,5,1,
145,3,925,95,14,23,1,5,1,
145,8,876,347,48,19,1,5,1,
146,3,925,96,13,23,1,5,1,
146,8,879,346,47,20,1,5,1,
147,3,924,97,14,23,1,5,1,
147,8,882,346,46,19,1,5,1,
148,3,924,98,13,23,1,5,1,
148,8,884,345,45,20,1,5,1,
149,3,923,100,13,22,1,5,1,
149,8,888,344,43,20,1,5,1,
150,3,922,101,14,22,1,5,1,
150,8,891,344,41,19,1,5,1,
