1,1,722,0,21,9,1,5,1,
1,2,288,24,121,45,1,5,1,
1,3,356,194,34,23,1,5,1,
1,4,392,200,63,22,1,5,1,
1,5,894,21,65,41,1,5,1,
1,6,770,34,189,42,1,5,1,
1,7,385,381,39,23,1,5,1,
1,8,653,383,170,44,1,5,1,
1,9,262,39,48,25,1,5,1,
1,10,908,51,51,25,1,5,1,
1,11,776,407,58,17,1,5,1,
1,12,260,201,82,19,1,5,1,
1,13,411,10,104,30,1,5,1,
1,14,356,422,44,20,1,5,1,
1,15,449,438,44,23,1,5,1,
1,16,868,26,61,53,1,5,1,
1,17,557,134,40,19,1,5,1,
1,18,741,59,30,43,1,5,1,
2,1,718,0,24,13,1,5,1,
2,2,277,17,116,50,1,5,1,
2,3,354,196,41,22,1,5,1,
2,4,390,200,56,21,1,5,1,
2,5,886,20,73,45,1,5,1,
2,6,788,33,172,40,1,5,1,
2,7,382,382,35,25,1,5,1,
2,8,671,387,170,42,1,5,1,
2,9,260,35,42,27,1,5,1,
2,10,900,53,59,26,1,5,1,
2,11,773,405,51,19,1,5,1,
2,12,268,202,81,18,1,5,1,
2,13,422,12,102,28,1,5,1,
2,14,364,424,39,21,1,5,1,
2,15,446,439,40,25,1,5,1,
2,16,865,20,61,54,1,5,1,
2,17,559,132,46,19,1,5,1,
2,18,738,67,42,36,1,5,1,
3,1,716,0,25,17,1,5,1,
3,2,268,10,108,54,1,5,1,
3,3,353,197,48,21,1,5,1,
3,4,390,199,46,21,1,5,1,
3,5,878,23,77,45,1,5,1,
3,6,809,33,151,40,1,5,1,
3,7,380,384,29,27,1,5,1,
3,8,690,391,169,42,1,5,1,
3,9,259,32,36,28,1,5,1,
3,10,894,52,65,31,1,5,1,
3,11,772,402,45,21,1,5,1,
3,12,277,203,79,17,1,5,1,
3,13,433,13,100,27,1,5,1,
3,14,371,426,35,22,1,5,1,
3,15,443,440,36,28,1,5,1,
3,16,866,13,63,60,1,5,1,
3,17,561,130,53,19,1,5,1,
3,18,739,73,52,31,1,5,1,
4,1,714,0,24,21,1,5,1,
4,2,260,2,101,58,1,5,1,
4,3,354,199,53,19,1,5,1,
4,4,391,198,37,22,1,5,1,
4,5,872,27,74,44,1,5,1,
4,6,828,33,132,41,1,5,1,
4,7,378,386,24,29,1,5,1,
4,8,708,396,167,39,1,5,1,
4,9,258,29,30,28,1,5,1,
4,10,889,53,65,33,1,5,1,
4,11,771,401,40,21,1,5,1,
4,12,284,203,79,17,1,5,1,
4,13,443,13,98,27,1,5,1,
4,14,375,427,35,23,1,5,1,
4,15,441,440,32,33,1,5,1,
4,16,869,5,65,67,1,5,1,
4,17,564,128,59,19,1,5,1,
4,18,741,77,62,28,1,5,1,
5,1,713,0,22,25,1,5,1,
5,2,255,-6,92,62,1,5,1,
5,3,355,200,58,17,1,5,1,
5,4,392,197,29,23,1,5,1,
5,5,867,31,68,43,1,5,1,
5,6,845,33,115,42,1,5,1,
5,7,378,388,18,31,1,5,1,
5,8,729,401,160,36,1,5,1,
5,9,259,25,23,29,1,5,1,
5,10,886,56,55,32,1,5,1,
5,11,771,399,34,21,1,5,1,
5,12,293,203,76,17,1,5,1,
5,13,453,13,96,26,1,5,1,
5,14,378,430,37,22,1,5,1,
5,15,440,442,26,35,1,5,1,
5,16,870,-1,70,71,1,5,1,
5,17,569,127,63,18,1,5,1,
5,18,745,81,70,25,1,5,1,
6,1,712,0,20,28,1,5,1,
6,2,256,-16,77,67,1,5,1,
6,3,358,201,61,17,1,5,1,
6,4,393,197,24,22,1,5,1,
6,5,864,35,62,42,1,5,1,
6,6,858,33,102,42,1,5,1,
6,7,377,391,15,33,1,5,1,
6,8,750,402,151,35,1,5,1,
6,9,259,22,18,29,1,5,1,
6,10,884,60,46,31,1,5,1,
6,11,771,397,30,21,1,5,1,
6,12,301,203,74,17,1,5,1,
6,13,463,11,94,27,1,5,1,
6,14,381,432,40,23,1,5,1,
6,15,439,444,22,38,1,5,1,
6,16,862,-13,92,81,1,5,1,
6,17,574,126,68,18,1,5,1,
6,18,752,83,72,24,1,5,1,
7,1,712,0,18,31,1,5,1,
7,2,253,-28,66,73,1,5,1,
7,3,361,202,64,16,1,5,1,
7,4,392,196,26,23,1,5,1,
7,5,860,39,57,41,1,5,1,
7,6,871,32,89,42,1,5,1,
7,7,376,394,16,33,1,5,1,
7,8,769,402,147,35,1,5,1,
7,9,259,19,18,29,1,5,1,
7,10,883,64,38,29,1,5,1,
7,11,772,396,24,20,1,5,1,
7,12,309,202,71,18,1,5,1,
7,13,473,9,91,27,1,5,1,
7,14,385,434,42,23,1,5,1,
7,15,440,447,16,40,1,5,1,
7,16,856,-26,104,90,1,5,1,
7,17,580,125,71,17,1,5,1,
7,18,762,84,70,24,1,5,1,
8,1,711,0,15,34,1,5,1,
8,2,252,-39,54,78,1,5,1,
8,3,364,202,66,16,1,5,1,
8,4,393,195,26,23,1,5,1,
8,5,857,42,53,40,1,5,1,
8,6,885,33,75,34,1,5,1,
8,7,377,398,16,31,1,5,1,
8,8,786,402,144,35,1,5,1,
8,9,259,16,19,28,1,5,1,
8,10,883,67,29,29,1,5,1,
8,11,772,395,21,19,1,5,1,
8,12,316,202,68,18,1,5,1,
8,13,481,7,92,27,1,5,1,
8,14,389,436,44,23,1,5,1,
8,15,440,450,12,42,1,5,1,
8,16,852,-40,108,100,1,5,1,
8,17,586,124,74,17,1,5,1,
8,18,771,85,70,24,1,5,1,
9,1,711,3,12,34,1,5,1,
9,2,254,-51,40,82,1,5,1,
9,3,368,202,68,16,1,5,1,
9,4,394,194,26,24,1,5,1,
9,5,854,46,48,38,1,5,1,
9,6,899,34,61,26,1,5,1,
9,7,378,401,18,31,1,5,1,
9,8,803,401,142,36,1,5,1,
9,9,261,13,19,28,1,5,1,
9,10,881,71,24,26,1,5,1,
9,11,772,394,17,17,1,5,1,
9,12,324,202,64,17,1,5,1,
9,13,487,5,95,27,1,5,1,
9,14,393,438,47,23,1,5,1,
9,15,439,454,13,43,1,5,1,
9,16,850,-54,110,109,1,5,1,
9,17,594,123,75,17,1,5,1,
9,18,783,85,61,25,1,5,1,
10,1,711,7,13,32,1,5,1,
10,3,372,202,69,16,1,5,1,
10,4,391,193,32,25,1,5,1,
10,5,851,49,45,38,1,5,1,
10,7,377,405,22,29,1,5,1,
10,8,818,401,141,35,1,5,1,
10,9,261,11,21,26,1,5,1,
10,10,881,74,18,25,1,5,1,
10,11,773,394,14,15,1,5,1,
10,12,331,201,60,18,1,5,1,
10,13,493,3,98,27,1,5,1,
10,14,398,440,49,22,1,5,1,
10,15,439,458,13,43,1,5,1,
10,16,850,-69,110,117,1,5,1,
10,17,603,123,75,17,1,5,1,
10,18,793,85,56,26,1,5,1,
11,1,712,11,12,30,1,5,1,
11,3,377,202,69,16,1,5,1,
11,4,388,192,43,25,1,5,1,
11,5,852,53,36,36,1,5,1,
11,7,376,408,30,28,1,5,1,
11,8,832,401,128,35,1,5,1,
11,9,260,8,24,26,1,5,1,
11,10,881,77,18,24,1,5,1,
11,11,774,393,14,14,1,5,1,
11,12,336,201,60,18,1,5,1,
11,13,499,1,101,27,1,5,1,
11,14,402,442,53,21,1,5,1,
11,15,438,462,15,44,1,5,1,
11,16,853,-83,107,125,1,5,1,
11,17,611,122,76,17,1,5,1,
11,18,801,87,53,26,1,5,1,
12,1,713,15,13,27,1,5,1,
12,3,382,201,69,17,1,5,1,
12,4,385,191,55,26,1,5,1,
12,5,851,56,30,34,1,5,1,
12,7,377,411,37,27,1,5,1,
12,8,847,401,113,35,1,5,1,
12,9,261,6,26,25,1,5,1,
12,10,884,80,17,22,1,5,1,
12,11,776,392,13,13,1,5,1,
12,12,341,200,61,18,1,5,1,
12,13,505,0,104,26,1,5,1,
12,14,407,444,57,20,1,5,1,
12,15,437,467,20,43,1,5,1,
12,16,858,-98,102,132,1,5,1,
12,17,619,122,77,17,1,5,1,
12,18,808,88,52,26,1,5,1,
13,1,711,20,19,23,1,5,1,
13,3,388,201,67,16,1,5,1,
13,4,383,190,65,26,1,5,1,
13,5,848,59,30,34,1,5,1,
13,7,378,414,45,26,1,5,1,
13,8,864,400,96,34,1,5,1,
13,9,263,3,27,25,1,5,1,
13,10,887,83,16,20,1,5,1,
13,11,776,391,14,13,1,5,1,
13,12,345,200,64,18,1,5,1,
13,13,513,0,106,24,1,5,1,
13,14,414,446,59,19,1,5,1,
13,15,435,472,27,41,1,5,1,
13,17,629,122,75,17,1,5,1,
13,18,816,90,49,26,1,5,1,
14,1,711,23,22,21,1,5,1,
14,3,393,201,67,16,1,5,1,
14,4,382,189,76,26,1,5,1,
14,5,845,61,31,34,1,5,1,
14,7,381,416,52,25,1,5,1,
14,8,877,402,83,27,1,5,1,
14,9,265,0,28,26,1,5,1,
14,10,886,85,23,18,1,5,1,
14,11,777,390,13,13,1,5,1,
14,12,349,199,66,19,1,5,1,
14,13,520,-2,108,24,1,5,1,
14,14,420,447,62,19,1,5,1,
14,15,434,477,33,39,1,5,1,
14,17,637,121,76,18,1,5,1,
14,18,823,91,47,26,1,5,1,
15,1,713,25,21,20,1,5,1,
15,3,398,200,65,17,1,5,1,
15,4,383,189,86,26,1,5,1,
15,5,843,64,29,33,1,5,1,
15,7,384,419,59,23,1,5,1,
15,8,890,406,70,23,1,5,1,
15,9,266,-1,31,25,1,5,1,
15,10,886,87,28,17,1,5,1,
15,11,777,389,13,14,1,5,1,
15,12,353,199,69,18,1,5,1,
15,13,527,-4,111,24,1,5,1,
15,14,426,448,65,18,1,5,1,
15,15,434,482,40,37,1,5,1,
15,17,644,121,78,18,1,5,1,
15,18,829,93,46,26,1,5,1,
16,1,715,27,21,20,1,5,1,
16,3,404,200,62,16,1,5,1,
16,4,385,188,94,26,1,5,1,
16,5,841,68,26,31,1,5,1,
16,7,389,421,64,21,1,5,1,
16,8,907,409,53,19,1,5,1,
16,9,269,-4,31,25,1,5,1,
16,10,889,89,28,16,1,5,1,
16,11,778,388,13,13,1,5,1,
16,12,358,198,72,19,1,5,1,
16,13,535,-6,111,24,1,5,1,
16,14,433,449,67,18,1,5,1,
16,15,435,487,46,34,1,5,1,
16,17,654,121,77,17,1,5,1,
16,18,837,94,39,27,1,5,1,
17,1,717,29,21,19,1,5,1,
17,3,410,199,58,17,1,5,1,
17,4,388,187,101,26,1,5,1,
17,5,839,71,25,30,1,5,1,
17,7,395,423,69,20,1,5,1,
17,9,271,-7,31,25,1,5,1,
17,10,892,90,28,16,1,5,1,
17,11,778,387,13,13,1,5,1,
17,12,363,198,74,19,1,5,1,
17,13,543,-8,110,25,1,5,1,
17,14,441,450,68,17,1,5,1,
17,15,437,492,52,30,1,5,1,
17,17,662,121,78,17,1,5,1,
17,18,842,96,42,26,1,5,1,
18,1,719,30,20,20,1,5,1,
18,3,416,199,54,17,1,5,1,
18,4,392,186,107,26,1,5,1,
18,5,837,73,25,30,1,5,1,
18,7,402,424,72,19,1,5,1,
18,9,273,-10,32,25,1,5,1,
18,10,896,91,27,16,1,5,1,
18,11,778,386,13,13,1,5,1,
18,12,368,198,76,18,1,5,1,
18,13,551,-10,109,25,1,5,1,
18,14,449,451,69,17,1,5,1,
18,15,440,497,57,26,1,5,1,
18,17,671,120,78,18,1,5,1,
18,18,844,99,50,25,1,5,1,
19,1,721,32,20,20,1,5,1,
19,3,420,198,52,17,1,5,1,
19,4,397,186,111,26,1,5,1,
19,5,835,75,25,30,1,5,1,
19,7,409,426,74,18,1,5,1,
19,9,275,-13,33,26,1,5,1,
19,10,899,92,27,17,1,5,1,
19,11,779,385,13,13,1,5,1,
19,12,374,197,77,19,1,5,1,
19,13,559,-12,110,25,1,5,1,
19,14,456,451,70,17,1,5,1,
19,15,443,501,62,22,1,5,1,
19,17,679,120,76,18,1,5,1,
19,18,847,101,54,24,1,5,1,
20,1,724,33,18,20,1,5,1,
20,3,425,198,51,17,1,5,1,
20,4,404,185,112,26,1,5,1,
20,5,833,78,25,29,1,5,1,
20,7,418,426,75,19,1,5,1,
20,9,278,-16,34,26,1,5,1,
20,10,904,93,24,17,1,5,1,
20,11,779,384,13,13,1,5,1,
20,12,380,197,79,19,1,5,1,
20,14,465,452,70,17,1,5,1,
20,15,449,506,64,19,1,5,1,
20,17,690,121,71,18,1,5,1,
20,18,853,103,53,23,1,5,1,
21,1,725,35,18,20,1,5,1,
21,3,428,197,53,17,1,5,1,
21,4,410,186,114,26,1,5,1,
21,5,830,80,26,29,1,5,1,
21,7,426,427,77,19,1,5,1,
21,10,907,94,23,17,1,5,1,
21,11,779,383,13,13,1,5,1,
21,12,385,197,81,19,1,5,1,
21,14,473,452,71,17,1,5,1,
21,15,454,507,66,18,1,5,1,
21,17,699,121,69,18,1,5,1,
21,18,859,104,52,23,1,5,1,
22,1,727,36,17,20,1,5,1,
22,3,430,197,55,17,1,5,1,
22,4,418,186,114,26,1,5,1,
22,5,828,82,26,29,1,5,1,
22,7,434,428,79,19,1,5,1,
22,10,910,95,22,17,1,5,1,
22,11,779,383,13,12,1,5,1,
22,12,391,197,83,18,1,5,1,
22,14,480,453,73,17,1,5,1,
22,15,459,507,68,18,1,5,1,
22,17,707,122,68,18,1,5,1,
22,18,865,105,51,23,1,5,1,
23,1,729,38,17,20,1,5,1,
23,3,433,196,57,17,1,5,1,
23,4,426,186,113,26,1,5,1,
23,5,825,84,27,28,1,5,1,
23,7,443,429,80,19,1,5,1,
23,10,913,97,21,16,1,5,1,
23,11,779,382,13,12,1,5,1,
23,12,398,197,83,18,1,5,1,
23,14,488,453,74,17,1,5,1,
23,15,466,508,68,17,1,5,1,
23,17,714,122,68,18,1,5,1,
23,18,872,107,49,22,1,5,1,
24,1,731,40,16,19,1,5,1,
24,3,436,195,58,18,1,5,1,
24,4,435,186,112,26,1,5,1,
24,5,823,87,26,27,1,5,1,
24,7,453,429,80,19,1,5,1,
24,10,916,98,20,17,1,5,1,
24,11,779,381,13,12,1,5,1,
24,12,405,196,83,19,1,5,1,
24,14,498,453,73,17,1,5,1,
24,15,473,509,69,17,1,5,1,
24,17,723,123,66,18,1,5,1,
24,18,879,108,47,22,1,5,1,
25,1,732,41,16,20,1,5,1,
25,3,439,195,60,18,1,5,1,
25,4,442,186,113,27,1,5,1,
25,5,823,89,23,25,1,5,1,
25,7,461,430,83,19,1,5,1,
25,10,919,99,20,17,1,5,1,
25,11,779,380,13,12,1,5,1,
25,12,411,196,85,19,1,5,1,
25,14,505,453,75,17,1,5,1,
25,15,479,510,70,17,1,5,1,
25,17,729,123,67,18,1,5,1,
25,18,884,109,46,22,1,5,1,
26,1,735,42,13,21,1,5,1,
26,3,442,194,64,18,1,5,1,
26,4,451,187,111,26,1,5,1,
26,5,822,92,20,23,1,5,1,
26,7,472,430,82,20,1,5,1,
26,10,921,100,20,17,1,5,1,
26,11,778,379,14,12,1,5,1,
26,12,418,196,85,19,1,5,1,
26,14,515,454,74,17,1,5,1,
26,15,486,511,70,17,1,5,1,
26,17,738,124,64,18,1,5,1,
26,18,891,110,43,22,1,5,1,
27,1,737,44,11,20,1,5,1,
27,3,444,194,69,18,1,5,1,
27,4,459,187,109,26,1,5,1,
27,5,822,94,16,21,1,5,1,
27,7,480,431,84,19,1,5,1,
27,10,923,101,20,17,1,5,1,
27,11,778,378,13,12,1,5,1,
27,12,425,196,85,19,1,5,1,
27,14,523,454,75,17,1,5,1,
27,15,492,511,71,18,1,5,1,
27,17,745,124,64,18,1,5,1,
27,18,896,111,42,22,1,5,1,
28,1,738,46,11,20,1,5,1,
28,3,447,193,72,18,1,5,1,
28,4,469,188,106,26,1,5,1,
28,5,822,96,17,20,1,5,1,
28,7,491,432,84,19,1,5,1,
28,10,926,103,20,16,1,5,1,
28,11,778,377,13,12,1,5,1,
28,12,433,196,84,19,1,5,1,
28,14,533,454,74,17,1,5,1,
28,15,500,512,70,18,1,5,1,
28,17,753,125,62,18,1,5,1,
28,18,902,113,40,21,1,5,1,
29,1,738,47,12,20,1,5,1,
29,3,451,193,73,18,1,5,1,
29,4,477,188,105,26,1,5,1,
29,5,823,97,17,19,1,5,1,
29,7,501,432,84,19,1,5,1,
29,10,929,104,19,16,1,5,1,
29,11,778,376,13,12,1,5,1,
29,12,440,197,84,18,1,5,1,
29,14,542,454,74,17,1,5,1,
29,15,506,513,72,18,1,5,1,
29,17,760,126,61,17,1,5,1,
29,18,908,114,38,22,1,5,1,
30,1,739,49,12,19,1,5,1,
30,3,455,193,75,18,1,5,1,
30,4,485,188,104,26,1,5,1,
30,5,824,98,17,19,1,5,1,
30,7,511,432,85,20,1,5,1,
30,10,931,105,19,16,1,5,1,
30,11,777,376,13,11,1,5,1,
30,12,447,197,84,18,1,5,1,
30,14,550,454,75,17,1,5,1,
30,15,513,514,72,18,1,5,1,
30,17,767,126,60,18,1,5,1,
30,18,913,115,36,22,1,5,1,
31,1,740,51,13,18,1,5,1,
31,3,460,192,76,18,1,5,1,
31,4,493,189,103,25,1,5,1,
31,5,826,99,17,19,1,5,1,
31,7,521,433,85,19,1,5,1,
31,10,933,106,20,16,1,5,1,
31,11,777,375,13,12,1,5,1,
31,12,454,197,84,18,1,5,1,
31,14,559,454,75,17,1,5,1,
31,15,520,515,73,18,1,5,1,
31,17,774,127,59,17,1,5,1,
31,18,918,116,34,22,1,5,1,
32,1,741,52,13,18,1,5,1,
32,3,464,192,77,18,1,5,1,
32,4,501,189,102,26,1,5,1,
32,5,829,100,16,19,1,5,1,
32,7,531,433,86,19,1,5,1,
32,10,936,107,19,15,1,5,1,
32,11,776,374,14,12,1,5,1,
32,12,462,197,83,18,1,5,1,
32,14,568,454,75,17,1,5,1,
32,15,527,516,73,17,1,5,1,
32,17,781,128,58,17,1,5,1,
32,18,923,118,32,21,1,5,1,
33,1,742,54,14,17,1,5,1,
33,3,469,192,78,18,1,5,1,
33,4,509,189,100,26,1,5,1,
33,5,829,101,18,19,1,5,1,
33,7,541,433,86,20,1,5,1,
33,10,938,108,20,15,1,5,1,
33,11,776,373,13,12,1,5,1,
33,12,469,197,83,19,1,5,1,
33,14,577,454,75,17,1,5,1,
33,15,534,517,74,17,1,5,1,
33,17,788,128,57,18,1,5,1,
33,18,927,119,31,21,1,5,1,
34,1,743,55,14,17,1,5,1,
34,3,475,191,78,19,1,5,1,
34,4,517,190,99,25,1,5,1,
34,5,831,102,17,19,1,5,1,
34,7,553,434,85,19,1,5,1,
34,10,941,110,18,14,1,5,1,
34,11,775,372,14,12,1,5,1,
34,12,477,197,82,19,1,5,1,
34,14,587,454,74,17,1,5,1,
34,15,542,517,73,18,1,5,1,
34,17,796,129,54,17,1,5,1,
34,18,932,120,27,22,1,5,1,
35,1,745,56,14,18,1,5,1,
35,3,479,191,79,18,1,5,1,
35,4,524,190,98,25,1,5,1,
35,5,833,103,16,19,1,5,1,
35,7,562,434,86,19,1,5,1,
35,10,943,110,17,15,1,5,1,
35,11,775,372,14,11,1,5,1,
35,12,483,197,82,19,1,5,1,
35,14,595,454,75,17,1,5,1,
35,15,548,518,75,18,1,5,1,
35,17,802,130,54,17,1,5,1,
35,18,935,122,25,21,1,5,1,
36,1,746,57,14,18,1,5,1,
36,3,485,191,79,18,1,5,1,
36,4,533,191,95,25,1,5,1,
36,5,835,104,15,19,1,5,1,
36,7,573,434,85,19,1,5,1,
36,10,946,112,14,14,1,5,1,
36,11,774,371,14,11,1,5,1,
36,12,491,198,81,18,1,5,1,
36,14,604,454,74,17,1,5,1,
36,15,556,519,74,17,1,5,1,
36,17,809,130,52,17,1,5,1,
36,18,940,123,20,21,1,5,1,
37,1,748,59,13,17,1,5,1,
37,3,489,191,81,18,1,5,1,
37,4,540,191,94,25,1,5,1,
37,5,836,105,16,19,1,5,1,
37,7,583,434,86,19,1,5,1,
37,10,949,112,11,14,1,5,1,
37,11,773,370,15,11,1,5,1,
37,12,498,198,81,18,1,5,1,
37,14,612,454,75,17,1,5,1,
37,15,563,519,75,18,1,5,1,
37,17,814,131,52,17,1,5,1,
37,18,943,124,17,21,1,5,1,
38,1,750,60,12,18,1,5,1,
38,3,496,190,80,19,1,5,1,
38,4,547,191,97,25,1,5,1,
38,5,837,106,16,19,1,5,1,
38,7,595,434,84,19,1,5,1,
38,10,951,114,9,13,1,5,1,
38,11,772,369,15,11,1,5,1,
38,12,506,198,79,18,1,5,1,
38,14,623,454,73,17,1,5,1,
38,15,572,520,74,18,1,5,1,
38,17,822,132,49,17,1,5,1,
38,18,947,126,13,20,1,5,1,
39,1,751,61,12,18,1,5,1,
39,3,501,190,81,18,1,5,1,
39,4,552,192,102,24,1,5,1,
39,5,838,107,16,19,1,5,1,
39,7,605,434,84,19,1,5,1,
39,10,954,115,6,13,1,5,1,
39,11,772,368,15,11,1,5,1,
39,12,513,198,79,18,1,5,1,
39,14,631,454,74,17,1,5,1,
39,15,578,520,76,18,1,5,1,
39,17,828,132,47,17,1,5,1,
39,18,949,127,11,20,1,5,1,
40,1,752,63,12,17,1,5,1,
40,3,506,190,81,18,1,5,1,
40,4,558,192,105,24,1,5,1,
40,5,839,108,15,19,1,5,1,
40,7,615,434,84,19,1,5,1,
40,11,771,368,15,10,1,5,1,
40,12,519,198,80,18,1,5,1,
40,14,640,454,73,17,1,5,1,
40,15,586,521,75,18,1,5,1,
40,17,834,133,46,17,1,5,1,
40,18,951,128,9,21,1,5,1,
41,1,753,64,11,17,1,5,1,
41,3,511,190,82,18,1,5,1,
41,4,564,192,107,24,1,5,1,
41,5,841,109,15,19,1,5,1,
41,7,624,434,85,19,1,5,1,
41,11,770,367,15,11,1,5,1,
41,12,526,198,80,18,1,5,1,
41,14,648,454,74,17,1,5,1,
41,15,592,521,77,19,1,5,1,
41,17,839,134,45,17,1,5,1,
42,1,754,65,12,17,1,5,1,
42,3,516,189,83,19,1,5,1,
42,4,571,192,108,24,1,5,1,
42,5,842,110,15,18,1,5,1,
42,7,634,434,85,18,1,5,1,
42,11,769,366,15,11,1,5,1,
42,12,532,199,80,18,1,5,1,
42,14,656,454,74,16,1,5,1,
42,15,599,522,78,18,1,5,1,
42,17,844,135,45,17,1,5,1,
43,1,755,66,11,18,1,5,1,
43,3,521,189,84,19,1,5,1,
43,4,578,192,108,24,1,5,1,
43,5,843,111,15,18,1,5,1,
43,7,643,433,86,19,1,5,1,
43,11,767,365,17,11,1,5,1,
43,12,538,199,81,18,1,5,1,
43,14,664,453,75,17,1,5,1,
43,15,606,522,78,19,1,5,1,
43,17,849,135,44,18,1,5,1,
44,1,755,67,10,19,1,5,1,
44,3,526,189,85,19,1,5,1,
44,4,585,192,108,24,1,5,1,
44,5,845,112,15,18,1,5,1,
44,7,653,433,85,19,1,5,1,
44,11,766,365,17,10,1,5,1,
44,12,545,199,80,18,1,5,1,
44,14,672,453,75,17,1,5,1,
44,15,614,523,78,18,1,5,1,
44,17,854,136,43,17,1,5,1,
45,1,754,69,10,18,1,5,1,
45,3,532,188,86,19,1,5,1,
45,4,594,192,107,24,1,5,1,
45,5,846,114,15,17,1,5,1,
45,7,664,433,84,19,1,5,1,
45,11,765,364,17,10,1,5,1,
45,12,553,199,79,18,1,5,1,
45,14,682,453,74,17,1,5,1,
45,15,622,523,78,18,1,5,1,
45,17,860,137,39,17,1,5,1,
46,1,754,70,10,19,1,5,1,
46,3,538,188,86,19,1,5,1,
46,4,602,192,106,24,1,5,1,
46,5,847,115,15,17,1,5,1,
46,7,675,433,83,18,1,5,1,
46,11,764,363,17,11,1,5,1,
46,12,560,199,78,18,1,5,1,
46,14,691,453,73,17,1,5,1,
46,15,630,523,78,19,1,5,1,
46,17,866,138,36,17,1,5,1,
47,1,754,72,10,18,1,5,1,
47,3,543,188,87,19,1,5,1,
47,4,609,192,106,24,1,5,1,
47,5,848,115,15,18,1,5,1,
47,7,684,432,83,19,1,5,1,
47,11,763,363,17,10,1,5,1,
47,12,566,199,79,18,1,5,1,
47,14,699,453,73,16,1,5,1,
47,15,637,524,78,18,1,5,1,
47,17,870,138,35,18,1,5,1,
48,1,754,73,9,18,1,5,1,
48,3,549,188,87,19,1,5,1,
48,4,617,192,105,24,1,5,1,
48,5,849,116,15,18,1,5,1,
48,7,694,432,83,18,1,5,1,
48,11,761,362,18,10,1,5,1,
48,12,573,200,76,18,1,5,1,
48,14,707,452,74,17,1,5,1,
48,15,644,524,79,19,1,5,1,
48,17,875,139,33,18,1,5,1,
49,1,753,75,10,18,1,5,1,
49,3,555,188,87,19,1,5,1,
49,4,625,192,103,24,1,5,1,
49,5,850,117,14,18,1,5,1,
49,7,704,432,82,18,1,5,1,
49,12,580,200,75,18,1,5,1,
49,14,716,452,73,17,1,5,1,
49,15,652,524,79,19,1,5,1,
49,17,879,140,32,18,1,5,1,
50,1,753,76,9,18,1,5,1,
50,3,560,188,88,18,1,5,1,
50,4,632,192,103,24,1,5,1,
50,5,851,118,14,17,1,5,1,
50,7,713,431,82,19,1,5,1,
50,12,587,200,73,18,1,5,1,
50,14,723,452,74,17,1,5,1,
50,15,659,525,79,18,1,5,1,
50,17,883,141,30,18,1,5,1,
51,1,752,78,10,17,1,5,1,
51,3,566,187,88,19,1,5,1,
51,4,639,192,103,24,1,5,1,
51,5,852,119,14,17,1,5,1,
51,7,722,431,82,18,1,5,1,
51,12,593,201,73,17,1,5,1,
51,14,731,451,74,17,1,5,1,
51,15,666,525,80,18,1,5,1,
51,17,886,142,29,18,1,5,1,
52,1,752,79,9,18,1,5,1,
52,3,571,187,89,19,1,5,1,
52,4,647,193,101,23,1,5,1,
52,5,852,120,15,17,1,5,1,
52,7,731,431,82,18,1,5,1,
52,12,599,201,72,17,1,5,1,
52,14,740,451,73,17,1,5,1,
52,15,674,525,80,18,1,5,1,
52,17,890,143,28,18,1,5,1,
53,1,751,80,10,18,1,5,1,
53,3,577,187,89,19,1,5,1,
53,4,653,193,102,23,1,5,1,
53,5,853,121,14,17,1,5,1,
53,7,740,430,82,19,1,5,1,
53,12,605,201,72,18,1,5,1,
53,14,747,451,74,17,1,5,1,
53,15,681,525,80,18,1,5,1,
53,17,893,144,27,18,1,5,1,
54,1,751,82,9,17,1,5,1,
54,3,584,187,88,19,1,5,1,
54,4,662,193,99,23,1,5,1,
54,5,853,122,15,17,1,5,1,
54,7,751,430,80,18,1,5,1,
54,12,612,201,70,18,1,5,1,
54,14,757,451,72,16,1,5,1,
54,15,690,525,79,18,1,5,1,
54,17,897,145,25,18,1,5,1,
55,1,750,83,9,17,1,5,1,
55,3,589,187,89,19,1,5,1,
55,4,669,193,99,24,1,5,1,
55,5,853,123,15,17,1,5,1,
55,7,759,429,81,19,1,5,1,
55,12,618,202,70,17,1,5,1,
55,14,764,450,73,17,1,5,1,
55,15,696,525,80,18,1,5,1,
55,17,900,146,25,17,1,5,1,
56,3,596,187,88,19,1,5,1,
56,4,677,193,97,24,1,5,1,
56,5,853,124,15,17,1,5,1,
56,7,770,429,79,18,1,5,1,
56,12,625,202,68,17,1,5,1,
56,14,773,450,72,16,1,5,1,
56,15,705,525,79,18,1,5,1,
56,17,903,147,24,17,1,5,1,
57,3,601,187,89,19,1,5,1,
57,4,683,194,97,23,1,5,1,
57,5,854,125,14,17,1,5,1,
57,7,777,428,80,19,1,5,1,
57,12,629,202,69,17,1,5,1,
57,14,780,450,72,16,1,5,1,
57,15,711,525,80,18,1,5,1,
57,17,906,148,23,17,1,5,1,
58,3,607,187,89,19,1,5,1,
58,4,691,194,96,23,1,5,1,
58,5,854,126,14,17,1,5,1,
58,7,787,428,79,18,1,5,1,
58,12,636,203,68,17,1,5,1,
58,14,788,449,72,17,1,5,1,
58,15,720,525,79,18,1,5,1,
58,17,909,149,22,17,1,5,1,
59,3,612,187,90,19,1,5,1,
59,4,697,194,96,23,1,5,1,
59,5,854,127,13,17,1,5,1,
59,7,795,427,79,19,1,5,1,
59,12,641,203,68,17,1,5,1,
59,14,795,449,73,16,1,5,1,
59,15,726,525,80,18,1,5,1,
59,17,911,150,22,17,1,5,1,
60,3,619,187,89,19,1,5,1,
60,4,704,194,95,23,1,5,1,
60,5,853,128,14,17,1,5,1,
60,7,805,427,77,18,1,5,1,
60,12,647,203,67,17,1,5,1,
60,14,804,448,71,17,1,5,1,
60,15,734,525,79,18,1,5,1,
60,17,913,151,21,17,1,5,1,
61,3,624,187,90,19,1,5,1,
61,4,711,195,94,22,1,5,1,
61,5,853,129,14,16,1,5,1,
61,7,813,426,78,19,1,5,1,
61,12,652,203,67,17,1,5,1,
61,14,811,448,72,17,1,5,1,
61,15,741,525,79,18,1,5,1,
61,17,916,152,20,17,1,5,1,
62,3,630,187,90,19,1,5,1,
62,4,718,195,93,23,1,5,1,
62,5,853,130,14,16,1,5,1,
62,7,822,426,77,18,1,5,1,
62,12,658,204,66,16,1,5,1,
62,14,819,448,71,16,1,5,1,
62,15,749,525,78,18,1,5,1,
62,17,918,153,19,17,1,5,1,
63,3,636,186,90,20,1,5,1,
63,4,724,195,92,23,1,5,1,
63,5,853,131,14,16,1,5,1,
63,7,830,425,77,18,1,5,1,
63,12,663,204,66,17,1,5,1,
63,14,827,447,71,17,1,5,1,
63,15,756,525,79,18,1,5,1,
63,17,920,154,19,17,1,5,1,
64,3,642,186,90,20,1,5,1,
64,4,731,195,91,23,1,5,1,
64,5,853,132,13,16,1,5,1,
64,7,839,425,76,18,1,5,1,
64,12,669,204,66,17,1,5,1,
64,14,835,447,70,16,1,5,1,
64,15,764,525,78,18,1,5,1,
64,17,921,155,19,16,1,5,1,
65,3,648,186,90,20,1,5,1,
65,4,738,196,90,22,1,5,1,
65,5,853,132,13,17,1,5,1,
65,7,848,424,75,18,1,5,1,
65,12,675,205,65,16,1,5,1,
65,14,842,446,70,17,1,5,1,
65,15,772,524,77,19,1,5,1,
65,17,922,156,19,16,1,5,1,
66,3,655,186,89,19,1,5,1,
66,4,745,196,89,22,1,5,1,
66,5,852,133,14,17,1,5,1,
66,7,857,424,73,18,1,5,1,
66,12,680,205,65,16,1,5,1,
66,14,850,446,69,16,1,5,1,
66,15,780,524,75,18,1,5,1,
66,17,923,157,19,16,1,5,1,
67,3,661,186,89,19,1,5,1,
67,4,751,196,88,23,1,5,1,
67,5,852,134,13,16,1,5,1,
67,7,865,423,73,18,1,5,1,
67,12,685,205,65,17,1,5,1,
67,14,858,445,68,17,1,5,1,
67,15,787,524,75,18,1,5,1,
67,17,924,157,18,17,1,5,1,
68,3,667,186,89,20,1,5,1,
68,4,758,196,87,23,1,5,1,
68,5,852,135,13,16,1,5,1,
68,7,873,423,72,17,1,5,1,
68,12,691,205,64,17,1,5,1,
68,14,865,445,68,16,1,5,1,
68,15,794,524,75,18,1,5,1,
68,17,925,158,18,17,1,5,1,
69,3,672,186,90,20,1,5,1,
69,4,764,197,86,22,1,5,1,
69,5,852,136,13,16,1,5,1,
69,7,881,422,72,18,1,5,1,
69,12,696,206,64,16,1,5,1,
69,14,872,445,68,16,1,5,1,
69,15,801,523,75,18,1,5,1,
69,17,926,159,18,17,1,5,1,
69,18,951,171,8,10,1,5,1,
70,3,680,186,88,20,1,5,1,
70,4,772,197,84,22,1,5,1,
70,5,851,137,13,16,1,5,1,
70,7,891,421,68,18,1,5,1,
70,12,703,206,62,16,1,5,1,
70,14,881,444,66,16,1,5,1,
70,15,810,523,72,18,1,5,1,
70,17,926,161,18,16,1,5,1,
70,18,950,171,9,11,1,5,1,
71,3,686,186,88,20,1,5,1,
71,4,778,197,83,23,1,5,1,
71,5,851,138,13,16,1,5,1,
71,7,899,421,61,17,1,5,1,
71,12,708,206,62,17,1,5,1,
71,14,889,443,65,17,1,5,1,
71,15,817,523,72,17,1,5,1,
71,17,927,161,18,16,1,5,1,
71,18,949,171,10,12,1,5,1,
72,3,693,186,87,20,1,5,1,
72,4,786,197,80,23,1,5,1,
72,5,850,139,13,15,1,5,1,
72,7,908,420,52,18,1,5,1,
72,12,714,206,61,17,1,5,1,
72,14,897,443,62,16,1,5,1,
72,15,825,522,70,18,1,5,1,
72,17,927,162,18,16,1,5,1,
72,18,947,171,12,13,1,5,1,
73,3,698,186,88,20,1,5,1,
73,4,791,198,80,22,1,5,1,
73,5,850,140,13,15,1,5,1,
73,7,915,420,45,17,1,5,1,
73,12,719,207,61,16,1,5,1,
73,14,904,443,56,16,1,5,1,
73,15,832,522,69,18,1,5,1,
73,17,927,163,18,16,1,5,1,
73,18,946,172,13,13,1,5,1,
74,3,705,186,87,20,1,5,1,
74,4,798,198,78,22,1,5,1,
74,5,849,141,13,15,1,5,1,
74,7,924,420,36,16,1,5,1,
74,12,725,207,60,16,1,5,1,
74,14,912,442,48,16,1,5,1,
74,15,840,521,68,18,1,5,1,
74,17,928,164,17,16,1,5,1,
74,18,945,172,14,14,1,5,1,
75,3,711,186,86,20,1,5,1,
75,4,804,198,77,23,1,5,1,
75,5,849,142,12,15,1,5,1,
75,7,931,421,29,14,1,5,1,
75,12,729,207,61,16,1,5,1,
75,14,918,442,42,15,1,5,1,
75,15,846,521,68,17,1,5,1,
75,17,928,165,17,16,1,5,1,
75,18,943,173,16,13,1,5,1,
76,3,717,186,86,20,1,5,1,
76,4,811,199,72,22,1,5,1,
76,7,939,423,21,8,1,5,1,
76,12,735,207,60,17,1,5,1,
76,14,925,441,35,16,1,5,1,
76,15,854,520,66,18,1,5,1,
76,17,928,166,17,16,1,5,1,
76,18,941,174,18,13,1,5,1,
77,3,723,186,83,20,1,5,1,
77,4,817,199,70,22,1,5,1,
77,12,739,208,60,16,1,5,1,
77,14,931,443,29,12,1,5,1,
77,15,859,519,67,18,1,5,1,
77,17,928,167,17,15,1,5,1,
77,18,940,174,19,14,1,5,1,
78,3,729,187,81,19,1,5,1,
78,4,823,199,67,22,1,5,1,
78,12,744,208,60,16,1,5,1,
78,14,937,443,23,9,1,5,1,
78,15,865,519,66,17,1,5,1,
78,17,928,168,17,15,1,5,1,
78,18,938,175,20,14,1,5,1,
79,3,735,187,80,19,1,5,1,
79,4,828,200,66,21,1,5,1,
79,12,749,208,59,16,1,5,1,
79,15,872,518,63,17,1,5,1,
79,17,927,169,17,15,1,5,1,
79,18,936,175,21,15,1,5,1,
80,3,741,187,79,19,1,5,1,
80,4,833,200,65,22,1,5,1,
80,12,753,208,60,16,1,5,1,
80,15,878,517,63,17,1,5,1,
80,17,927,170,17,15,1,5,1,
80,18,935,176,20,15,1,5,1,
81,3,745,187,80,19,1,5,1,
81,4,837,201,65,21,1,5,1,
81,12,757,209,60,16,1,5,1,
81,15,883,516,63,17,1,5,1,
81,17,927,170,16,15,1,5,1,
81,18,933,177,21,14,1,5,1,
82,3,751,187,78,19,1,5,1,
82,4,841,201,65,21,1,5,1,
82,12,762,209,59,16,1,5,1,
82,15,889,515,62,17,1,5,1,
82,17,926,171,17,15,1,5,1,
82,18,931,178,22,14,1,5,1,
83,3,756,188,78,19,1,5,1,
83,4,846,201,64,22,1,5,1,
83,12,767,209,59,16,1,5,1,
83,15,895,514,61,17,1,5,1,
83,17,926,172,16,15,1,5,1,
83,18,929,179,22,14,1,5,1,
84,3,761,188,78,19,1,5,1,
84,4,850,202,63,21,1,5,1,
84,12,771,209,59,16,1,5,1,
84,15,901,514,58,16,1,5,1,
84,17,925,173,16,15,1,5,1,
84,18,927,180,22,14,1,5,1,
85,3,767,188,76,19,1,5,1,
85,4,856,202,61,21,1,5,1,
85,12,777,210,57,15,1,5,1,
85,15,907,513,53,16,1,5,1,
85,17,925,174,16,15,1,5,1,
85,18,925,181,22,13,1,5,1,
86,3,773,188,75,19,1,5,1,
86,4,860,202,60,21,1,5,1,
86,12,782,210,56,16,1,5,1,
86,15,913,512,47,16,1,5,1,
86,17,924,175,16,14,1,5,1,
86,18,923,182,22,13,1,5,1,
87,3,779,188,73,19,1,5,1,
87,4,865,203,59,21,1,5,1,
87,12,787,210,55,16,1,5,1,
87,15,920,511,40,16,1,5,1,
87,17,923,176,16,14,1,5,1,
87,18,921,183,22,13,1,5,1,
88,3,785,189,71,19,1,5,1,
88,4,871,203,56,21,1,5,1,
88,12,793,211,53,15,1,5,1,
88,15,926,510,34,16,1,5,1,
88,17,922,177,16,14,1,5,1,
88,18,919,184,22,13,1,5,1,
89,3,790,189,71,19,1,5,1,
89,4,875,204,55,20,1,5,1,
89,12,797,211,53,15,1,5,1,
89,15,931,509,29,16,1,5,1,
89,17,922,178,15,13,1,5,1,
89,18,916,185,23,12,1,5,1,
90,3,795,189,70,19,1,5,1,
90,4,879,204,55,21,1,5,1,
90,12,801,211,53,16,1,5,1,
90,15,936,511,24,13,1,5,1,
90,17,921,178,16,14,1,5,1,
90,18,914,185,23,13,1,5,1,
91,3,803,189,66,19,1,5,1,
91,4,886,204,51,21,1,5,1,
91,12,808,211,50,16,1,5,1,
91,17,920,179,15,14,1,5,1,
91,18,912,187,22,12,1,5,1,
92,3,807,190,66,18,1,5,1,
92,4,889,205,51,20,1,5,1,
92,12,812,212,50,15,1,5,1,
92,17,919,180,15,13,1,5,1,
92,18,910,187,22,12,1,5,1,
93,3,810,190,67,19,1,5,1,
93,4,892,205,51,21,1,5,1,
93,12,815,212,51,15,1,5,1,
93,17,919,181,15,13,1,5,1,
93,18,909,188,21,12,1,5,1,
94,3,814,190,67,19,1,5,1,
94,4,895,206,51,20,1,5,1,
94,12,818,212,51,15,1,5,1,
94,17,919,181,15,13,1,5,1,
94,18,908,188,20,12,1,5,1,
95,3,818,190,67,19,1,5,1,
95,4,898,206,50,20,1,5,1,
95,12,822,212,51,16,1,5,1,
95,17,920,182,15,13,1,5,1,
95,18,909,189,15,11,1,5,1,
96,3,823,191,66,18,1,5,1,
96,4,902,206,49,20,1,5,1,
96,12,826,213,50,15,1,5,1,
96,17,921,183,15,12,1,5,1,
96,18,911,190,12,11,1,5,1,
97,3,827,191,65,19,1,5,1,
97,4,905,207,49,20,1,5,1,
97,12,830,213,50,15,1,5,1,
97,17,922,184,14,12,1,5,1,
97,18,913,191,12,10,1,5,1,
98,3,831,191,65,19,1,5,1,
98,4,908,207,49,20,1,5,1,
98,12,833,213,50,15,1,5,1,
98,17,923,185,15,11,1,5,1,
98,18,914,192,15,9,1,5,1,
99,3,836,192,64,18,1,5,1,
99,4,913,207,42,20,1,5,1,
99,12,838,213,48,15,1,5,1,
99,17,925,185,14,12,1,5,1,
99,18,914,193,18,8,1,5,1,
100,3,840,192,62,18,1,5,1,
100,4,917,208,38,19,1,5,1,
100,12,842,214,46,15,1,5,1,
100,17,926,186,14,11,1,5,1,
100,18,913,193,21,9,1,5,1,
101,3,844,192,61,18,1,5,1,
101,4,923,208,33,19,1,5,1,
101,12,846,214,45,15,1,5,1,
101,17,926,187,15,11,1,5,1,
101,18,914,193,22,9,1,5,1,
102,3,849,192,59,19,1,5,1,
102,4,928,209,28,19,1,5,1,
102,12,850,214,43,15,1,5,1,
102,17,927,187,15,11,1,5,1,
102,18,915,194,23,8,1,5,1,
103,3,854,193,57,18,1,5,1,
103,4,928,209,29,19,1,5,1,
103,12,854,214,42,15,1,5,1,
103,17,928,188,15,10,1,5,1,
103,18,917,194,23,8,1,5,1,
104,3,858,193,56,18,1,5,1,
104,4,929,210,29,18,1,5,1,
104,10,955,175,4,6,1,5,1,
104,12,858,215,40,14,1,5,1,
104,17,929,188,15,11,1,5,1,
104,18,919,194,23,9,1,5,1,
105,3,863,193,54,19,1,5,1,
105,4,930,210,28,19,1,5,1,
105,10,954,175,6,6,1,5,1,
105,12,862,215,39,15,1,5,1,
105,17,930,189,16,10,1,5,1,
105,18,921,195,24,8,1,5,1,
106,3,868,194,52,18,1,5,1,
106,4,931,211,28,18,1,5,1,
106,10,952,175,7,7,1,5,1,
106,12,866,215,37,15,1,5,1,
106,17,932,189,15,11,1,5,1,
106,18,924,195,23,8,1,5,1,
107,3,872,194,51,18,1,5,1,
107,4,931,211,28,19,1,5,1,
107,10,951,175,8,7,1,5,1,
107,12,870,216,35,14,1,5,1,
107,17,933,190,15,10,1,5,1,
107,18,927,195,22,9,1,5,1,
108,3,876,194,50,18,1,5,1,
108,4,931,212,28,18,1,5,1,
108,12,873,216,34,14,1,5,1,
108,17,934,190,15,11,1,5,1,
108,18,929,196,22,8,1,5,1,
109,3,879,195,50,18,1,5,1,
109,4,932,212,27,18,1,5,1,
109,12,876,216,34,15,1,5,1,
109,17,935,191,14,10,1,5,1,
109,18,931,196,22,8,1,5,1,
110,3,883,195,49,18,1,5,1,
110,4,932,213,27,18,1,5,1,
110,12,880,217,29,14,1,5,1,
110,17,936,191,14,10,1,5,1,
110,18,933,196,22,8,1,5,1,
111,3,886,195,48,18,1,5,1,
111,4,932,213,27,18,1,5,1,
111,12,883,217,27,13,1,5,1,
111,17,937,192,14,10,1,5,1,
111,18,935,196,22,9,1,5,1,
112,3,890,196,42,17,1,5,1,
112,4,931,214,27,18,1,5,1,
112,12,886,217,25,14,1,5,1,
112,17,938,192,14,10,1,5,1,
112,18,937,197,21,8,1,5,1,
113,3,896,196,36,17,1,5,1,
113,4,931,214,27,18,1,5,1,
113,12,890,217,22,14,1,5,1,
113,17,939,193,14,10,1,5,1,
113,18,939,197,20,8,1,5,1,
114,3,900,196,32,17,1,5,1,
114,4,930,215,27,18,1,5,1,
114,12,893,218,19,13,1,5,1,
114,17,939,193,14,10,1,5,1,
114,18,941,197,18,9,1,5,1,
115,3,906,197,25,17,1,5,1,
115,4,929,215,27,18,1,5,1,
115,12,894,218,19,13,1,5,1,
115,17,938,193,14,11,1,5,1,
115,18,944,198,15,8,1,5,1,
116,3,904,197,25,18,1,5,1,
116,4,928,216,26,17,1,5,1,
116,12,894,219,20,13,1,5,1,
116,17,937,194,13,10,1,5,1,
116,18,947,198,12,9,1,5,1,
117,3,903,197,25,19,1,5,1,
117,4,927,216,26,18,1,5,1,
117,12,895,219,19,13,1,5,1,
117,17,936,194,14,11,1,5,1,
117,18,947,198,12,9,1,5,1,
118,3,902,198,24,18,1,5,1,
118,4,926,217,26,17,1,5,1,
118,12,895,219,19,13,1,5,1,
118,17,935,195,14,10,1,5,1,
118,18,945,199,13,9,1,5,1,
119,3,901,198,24,19,1,5,1,
119,4,925,217,26,18,1,5,1,
119,12,895,220,20,13,1,5,1,
119,17,933,195,16,11,1,5,1,
119,18,942,199,16,9,1,5,1,
120,3,900,198,24,19,1,5,1,
120,4,924,218,26,17,1,5,1,
120,12,896,220,19,13,1,5,1,
120,17,931,196,18,10,1,5,1,
120,18,938,199,20,10,1,5,1,
121,3,899,199,25,19,1,5,1,
121,4,923,218,26,17,1,5,1,
121,12,896,220,19,13,1,5,1,
121,17,929,196,19,11,1,5,1,
121,18,935,200,23,9,1,5,1,
122,3,898,199,25,19,1,5,1,
122,4,922,219,26,17,1,5,1,
122,12,896,221,19,13,1,5,1,
122,17,927,197,21,10,1,5,1,
122,18,932,200,25,10,1,5,1,
123,3,897,200,25,19,1,5,1,
123,4,921,219,26,17,1,5,1,
123,12,896,221,19,13,1,5,1,
123,17,925,197,22,11,1,5,1,
123,18,930,201,27,10,1,5,1,
124,3,896,201,25,18,1,5,1,
124,4,920,220,26,16,1,5,1,
124,12,896,222,19,12,1,5,1,
124,17,923,198,23,10,1,5,1,
124,18,927,201,28,10,1,5,1,
125,3,895,201,25,19,1,5,1,
125,4,919,220,26,17,1,5,1,
125,12,896,222,19,13,1,5,1,
125,17,921,199,23,10,1,5,1,
125,18,924,202,28,9,1,5,1,
126,3,894,202,25,18,1,5,1,
126,4,918,221,26,16,1,5,1,
126,12,896,222,18,13,1,5,1,
126,17,919,199,23,10,1,5,1,
126,18,921,203,28,9,1,5,1,
127,3,893,203,25,18,1,5,1,
127,4,917,221,26,16,1,5,1,
127,12,896,223,18,12,1,5,1,
127,17,917,200,23,10,1,5,1,
127,18,918,203,29,9,1,5,1,
128,3,892,203,26,18,1,5,1,
128,4,916,221,26,16,1,5,1,
128,12,895,223,19,12,1,5,1,
128,17,915,200,23,10,1,5,1,
128,18,916,204,28,9,1,5,1,
129,3,890,204,27,18,1,5,1,
129,4,914,222,27,16,1,5,1,
129,12,895,223,18,13,1,5,1,
129,17,913,201,24,10,1,5,1,
129,18,913,204,29,9,1,5,1,
130,3,889,204,27,18,1,5,1,
130,4,913,222,27,16,1,5,1,
130,12,895,224,18,12,1,5,1,
130,17,910,201,25,10,1,5,1,
130,18,910,205,29,9,1,5,1,
131,3,888,205,27,18,1,5,1,
131,4,912,223,27,15,1,5,1,
131,12,894,224,18,12,1,5,1,
131,17,908,202,25,10,1,5,1,
131,18,907,205,30,9,1,5,1,
132,3,886,206,28,17,1,5,1,
132,4,911,223,26,16,1,5,1,
132,12,895,225,17,11,1,5,1,
132,17,906,202,25,10,1,5,1,
132,18,904,206,30,9,1,5,1,
133,3,885,206,27,18,1,5,1,
133,4,910,224,26,15,1,5,1,
133,12,895,225,17,12,1,5,1,
133,17,904,203,25,10,1,5,1,
133,18,901,206,30,9,1,5,1,
134,3,884,207,27,17,1,5,1,
134,4,909,224,26,15,1,5,1,
134,12,895,225,17,12,1,5,1,
134,17,901,204,26,9,1,5,1,
134,18,898,207,31,9,1,5,1,
135,3,882,207,28,17,1,5,1,
135,4,908,224,25,15,1,5,1,
135,12,894,226,17,11,1,5,1,
135,17,899,204,26,10,1,5,1,
136,3,881,208,28,17,1,5,1,
136,4,907,225,25,14,1,5,1,
136,12,894,226,16,11,1,5,1,
136,15,950,435,9,7,1,5,1,
136,17,897,205,26,9,1,5,1,
137,3,879,209,28,16,1,5,1,
137,4,906,225,25,15,1,5,1,
137,12,893,226,16,12,1,5,1,
137,15,947,433,12,10,1,5,1,
138,3,878,209,28,16,1,5,1,
138,4,905,225,25,15,1,5,1,
138,12,892,227,17,11,1,5,1,
138,15,944,432,15,11,1,5,1,
139,3,876,210,29,16,1,5,1,
139,4,904,226,25,14,1,5,1,
139,12,891,227,17,11,1,5,1,
139,15,941,430,19,13,1,5,1,
140,3,876,210,28,16,1,5,1,
140,4,903,226,25,14,1,5,1,
140,12,891,227,17,11,1,5,1,
140,15,940,429,19,13,1,5,1,
141,3,876,211,25,14,1,5,1,
141,4,902,227,25,14,1,5,1,
141,12,890,228,17,11,1,5,1,
141,15,940,428,19,14,1,5,1,
142,3,877,212,19,13,1,5,1,
142,4,901,227,22,14,1,5,1,
142,12,890,228,16,11,1,5,1,
142,15,941,427,18,13,1,5,1,
143,3,878,212,19,13,1,5,1,
143,4,901,227,22,14,1,5,1,
143,12,889,228,16,11,1,5,1,
143,15,940,426,19,13,1,5,1,
144,3,880,212,18,13,1,5,1,
144,4,900,228,21,13,1,5,1,
144,12,889,229,16,10,1,5,1,
144,15,940,424,19,16,1,5,1,
145,3,882,212,18,14,1,5,1,
145,4,900,228,20,13,1,5,1,
145,12,889,229,16,11,1,5,1,
145,15,940,423,19,17,1,5,1,
146,3,883,213,18,13,1,5,1,
146,4,899,228,20,13,1,5,1,
146,12,889,229,15,11,1,5,1,
146,15,940,422,17,16,1,5,1,
147,3,884,213,18,14,1,5,1,
147,4,899,228,19,13,1,5,1,
147,12,889,230,15,10,1,5,1,
147,15,940,421,14,16,1,5,1,
148,3,884,214,21,13,1,5,1,
148,4,898,229,20,13,1,5,1,
148,12,890,230,14,11,1,5,1,
148,15,940,420,12,15,1,5,1,
149,3,884,214,23,13,1,5,1,
149,4,898,229,19,13,1,5,1,
149,12,890,230,14,11,1,5,1,
149,15,940,419,12,15,1,5,1,
150,3,884,214,24,13,1,5,1,
150,4,898,229,19,13,1,5,1,
150,12,890,230,14,11,1,5,1,
150,15,940,418,12,15,1,5,1,
