1,1,534,312,99,22,1,5,1,
1,2,174,256,24,17,1,5,1,
1,3,665,338,126,28,1,5,1,
1,4,189,457,78,86,1,5,1,
1,5,403,135,64,16,1,5,1,
1,6,476,477,76,45,1,5,1,
1,7,112,90,27,27,1,5,1,
1,8,750,391,209,57,1,5,1,
1,9,572,211,69,16,1,5,1,
1,10,-13,326,31,24,1,5,1,
1,11,144,390,24,18,1,5,1,
1,12,168,165,51,15,1,5,1,
1,13,152,489,64,14,1,5,1,
1,14,96,445,134,27,1,5,1,
2,1,525,312,103,22,1,5,1,
2,2,172,256,24,18,1,5,1,
2,3,660,337,121,28,1,5,1,
2,4,193,461,66,82,1,5,1,
2,5,408,136,65,15,1,5,1,
2,6,482,480,71,43,1,5,1,
2,7,113,87,28,30,1,5,1,
2,8,741,387,218,56,1,5,1,
2,9,566,212,72,16,1,5,1,
2,10,-8,328,24,23,1,5,1,
2,11,142,388,32,20,1,5,1,
2,12,160,165,57,15,1,5,1,
2,13,160,490,62,14,1,5,1,
2,14,110,445,130,27,1,5,1,
3,1,518,312,101,22,1,5,1,
3,2,172,256,24,17,1,5,1,
3,3,657,335,112,28,1,5,1,
3,4,195,466,53,77,1,5,1,
3,5,415,136,64,16,1,5,1,
3,6,490,483,64,40,1,5,1,
3,7,115,86,28,30,1,5,1,
3,8,735,384,219,62,1,5,1,
3,9,561,212,72,17,1,5,1,
3,10,-2,330,20,23,1,5,1,
3,11,141,386,39,21,1,5,1,
3,12,153,164,60,15,1,5,1,
3,13,169,491,61,14,1,5,1,
3,14,128,445,122,28,1,5,1,
4,1,512,311,98,23,1,5,1,
4,2,169,256,29,17,1,5,1,
4,3,655,334,101,28,1,5,1,
4,4,193,471,44,73,1,5,1,
4,5,422,137,62,16,1,5,1,
4,6,494,486,69,41,1,5,1,
4,7,116,84,27,29,1,5,1,
4,8,732,380,192,62,1,5,1,
4,9,556,212,71,18,1,5,1,
4,10,0,330,21,24,1,5,1,
4,11,142,384,44,22,1,5,1,
4,12,145,163,65,16,1,5,1,
4,13,177,491,58,14,1,5,1,
4,14,144,446,114,28,1,5,1,
5,1,506,311,94,22,1,5,1,
5,2,163,256,39,17,1,5,1,
5,3,654,333,89,27,1,5,1,
5,4,192,477,46,67,1,5,1,
5,5,429,137,61,16,1,5,1,
5,6,497,487,75,45,1,5,1,
5,7,115,81,27,30,1,5,1,
5,8,730,377,165,61,1,5,1,
5,9,552,212,69,19,1,5,1,
5,10,0,330,25,24,1,5,1,
5,11,145,383,44,21,1,5,1,
5,12,136,161,69,17,1,5,1,
5,13,185,492,55,14,1,5,1,
5,14,159,447,109,28,1,5,1,
6,1,502,311,88,22,1,5,1,
6,2,158,256,45,18,1,5,1,
6,3,655,332,75,27,1,5,1,
6,4,200,483,40,61,1,5,1,
6,5,436,138,59,15,1,5,1,
6,6,499,488,83,48,1,5,1,
6,7,112,79,28,30,1,5,1,
6,8,731,374,137,59,1,5,1,
6,9,548,212,67,20,1,5,1,
6,10,0,330,28,25,1,5,1,
6,11,151,382,40,19,1,5,1,
6,12,128,159,72,18,1,5,1,
6,13,193,492,51,16,1,5,1,
6,14,171,448,108,28,1,5,1,
7,1,500,311,79,21,1,5,1,
7,2,153,257,50,18,1,5,1,
7,3,656,331,63,26,1,5,1,
7,4,198,489,46,55,1,5,1,
7,5,442,139,59,15,1,5,1,
7,6,501,489,91,51,1,5,1,
7,7,105,76,33,30,1,5,1,
7,8,733,371,110,56,1,5,1,
7,9,546,212,62,21,1,5,1,
7,10,0,331,31,25,1,5,1,
7,11,158,382,34,16,1,5,1,
7,12,119,158,76,17,1,5,1,
7,13,201,492,45,18,1,5,1,
7,14,182,449,108,28,1,5,1,
8,1,498,310,71,22,1,5,1,
8,2,146,258,57,18,1,5,1,
8,3,657,330,51,26,1,5,1,
8,4,195,496,53,48,1,5,1,
8,5,447,139,61,15,1,5,1,
8,6,504,492,97,51,1,5,1,
8,7,96,72,46,32,1,5,1,
8,8,733,368,89,54,1,5,1,
8,9,544,213,57,21,1,5,1,
8,10,0,332,34,26,1,5,1,
8,11,164,382,29,13,1,5,1,
8,12,110,156,78,18,1,5,1,
8,13,208,492,40,21,1,5,1,
8,14,192,450,109,28,1,5,1,
9,1,497,310,61,21,1,5,1,
9,2,139,259,63,17,1,5,1,
9,3,656,329,41,26,1,5,1,
9,4,191,504,63,40,1,5,1,
9,5,451,140,63,14,1,5,1,
9,6,508,496,103,47,1,5,1,
9,7,97,70,46,32,1,5,1,
9,8,732,366,69,50,1,5,1,
9,9,543,214,51,21,1,5,1,
9,10,0,332,35,27,1,5,1,
9,11,171,381,22,13,1,5,1,
9,12,101,155,80,17,1,5,1,
9,13,215,493,37,23,1,5,1,
9,14,203,451,110,28,1,5,1,
10,1,498,309,50,22,1,5,1,
10,2,132,259,69,18,1,5,1,
10,3,656,328,32,25,1,5,1,
10,4,185,512,84,32,1,5,1,
10,5,455,139,65,15,1,5,1,
10,6,512,500,108,43,1,5,1,
10,7,101,68,38,32,1,5,1,
10,8,732,364,53,47,1,5,1,
10,9,542,214,45,22,1,5,1,
10,10,0,333,38,27,1,5,1,
10,11,177,381,16,13,1,5,1,
10,12,92,153,82,18,1,5,1,
10,13,219,495,38,24,1,5,1,
10,14,213,452,113,28,1,5,1,
11,1,498,309,41,21,1,5,1,
11,2,123,260,77,18,1,5,1,
11,3,658,328,26,24,1,5,1,
11,5,460,139,66,15,1,5,1,
11,6,517,505,112,38,1,5,1,
11,7,101,66,33,31,1,5,1,
11,8,735,363,42,43,1,5,1,
11,9,542,215,38,22,1,5,1,
11,10,0,334,40,27,1,5,1,
11,11,180,382,13,12,1,5,1,
11,12,84,152,83,17,1,5,1,
11,13,223,497,39,24,1,5,1,
11,14,223,452,115,29,1,5,1,
12,1,497,308,34,21,1,5,1,
12,2,115,261,82,17,1,5,1,
12,3,660,327,26,24,1,5,1,
12,5,464,139,67,15,1,5,1,
12,6,523,509,114,34,1,5,1,
12,7,102,65,28,30,1,5,1,
12,8,739,362,41,40,1,5,1,
12,9,543,216,31,22,1,5,1,
12,10,3,335,39,27,1,5,1,
12,11,179,382,14,13,1,5,1,
12,12,75,150,84,18,1,5,1,
12,13,227,499,41,24,1,5,1,
12,14,233,453,118,28,1,5,1,
13,1,497,307,26,21,1,5,1,
13,2,106,262,86,17,1,5,1,
13,3,664,327,24,23,1,5,1,
13,5,470,138,66,16,1,5,1,
13,6,532,516,113,27,1,5,1,
13,7,103,63,29,29,1,5,1,
13,8,745,361,39,36,1,5,1,
13,9,543,217,24,21,1,5,1,
13,10,5,336,40,28,1,5,1,
13,11,178,383,15,13,1,5,1,
13,12,67,148,82,19,1,5,1,
13,13,231,502,43,23,1,5,1,
13,14,245,453,119,28,1,5,1,
14,1,498,307,21,20,1,5,1,
14,2,97,262,91,17,1,5,1,
14,3,663,326,28,23,1,5,1,
14,5,476,138,64,16,1,5,1,
14,6,540,520,112,23,1,5,1,
14,7,106,61,29,28,1,5,1,
14,8,741,360,52,34,1,5,1,
14,9,542,218,20,21,1,5,1,
14,10,6,336,42,29,1,5,1,
14,11,175,382,19,16,1,5,1,
14,12,60,146,81,19,1,5,1,
14,13,235,504,45,23,1,5,1,
14,14,255,453,122,28,1,5,1,
15,1,500,306,20,20,1,5,1,
15,2,89,263,94,17,1,5,1,
15,3,663,326,30,22,1,5,1,
15,5,481,138,64,16,1,5,1,
15,6,549,520,108,23,1,5,1,
15,7,106,59,31,28,1,5,1,
15,8,736,359,70,33,1,5,1,
15,9,543,220,16,19,1,5,1,
15,10,7,337,44,29,1,5,1,
15,11,170,382,26,17,1,5,1,
15,12,53,144,79,20,1,5,1,
15,13,239,507,47,22,1,5,1,
15,14,266,453,124,28,1,5,1,
16,1,503,305,19,20,1,5,1,
16,2,80,263,97,17,1,5,1,
16,3,664,325,32,22,1,5,1,
16,5,488,137,62,17,1,5,1,
16,6,558,519,106,24,1,5,1,
16,7,106,56,35,28,1,5,1,
16,8,733,359,86,32,1,5,1,
16,9,544,221,15,18,1,5,1,
16,10,9,338,46,29,1,5,1,
16,11,165,383,32,18,1,5,1,
16,12,47,142,76,21,1,5,1,
16,13,244,509,49,22,1,5,1,
16,14,278,453,124,28,1,5,1,
17,1,502,305,25,19,1,5,1,
17,2,71,263,99,17,1,5,1,
17,3,666,325,34,21,1,5,1,
17,5,494,138,61,16,1,5,1,
17,6,567,518,104,25,1,5,1,
17,7,105,54,42,27,1,5,1,
17,8,734,358,93,31,1,5,1,
17,9,545,222,15,18,1,5,1,
17,10,13,339,42,30,1,5,1,
17,11,159,384,37,19,1,5,1,
17,12,42,140,72,21,1,5,1,
17,13,249,511,50,22,1,5,1,
17,14,291,453,124,28,1,5,1,
18,1,500,304,33,19,1,5,1,
18,2,63,263,100,18,1,5,1,
18,3,667,324,36,21,1,5,1,
18,5,500,138,61,17,1,5,1,
18,6,575,517,103,26,1,5,1,
18,7,104,52,49,26,1,5,1,
18,8,739,357,95,32,1,5,1,
18,9,547,223,15,18,1,5,1,
18,10,12,340,43,31,1,5,1,
18,11,153,384,42,21,1,5,1,
18,12,38,138,67,22,1,5,1,
18,13,254,513,52,22,1,5,1,
18,14,303,452,124,28,1,5,1,
19,1,499,303,40,19,1,5,1,
19,2,55,263,100,18,1,5,1,
19,3,670,324,35,21,1,5,1,
19,5,505,138,62,17,1,5,1,
19,6,583,516,101,27,1,5,1,
19,7,104,50,56,26,1,5,1,
19,8,746,356,94,32,1,5,1,
19,9,545,224,20,18,1,5,1,
19,10,13,341,43,31,1,5,1,
19,11,146,386,48,21,1,5,1,
19,12,35,136,60,22,1,5,1,
19,13,259,515,56,22,1,5,1,
19,14,315,452,125,28,1,5,1,
20,1,498,303,48,19,1,5,1,
20,2,48,263,98,18,1,5,1,
20,3,672,323,36,21,1,5,1,
20,5,511,139,62,17,1,5,1,
20,6,590,516,101,27,1,5,1,
20,7,105,48,63,26,1,5,1,
20,8,754,356,93,31,1,5,1,
20,9,543,225,26,18,1,5,1,
20,10,15,342,44,32,1,5,1,
20,11,139,387,52,23,1,5,1,
20,12,34,134,52,22,1,5,1,
20,13,264,518,58,21,1,5,1,
20,14,328,451,124,28,1,5,1,
21,1,499,303,53,18,1,5,1,
21,2,41,263,96,18,1,5,1,
21,3,675,323,36,20,1,5,1,
21,5,517,139,61,17,1,5,1,
21,6,598,515,100,28,1,5,1,
21,7,105,46,71,27,1,5,1,
21,8,762,355,91,31,1,5,1,
21,9,542,226,32,17,1,5,1,
21,10,17,343,44,32,1,5,1,
21,11,132,388,55,24,1,5,1,
21,12,34,132,43,23,1,5,1,
21,13,271,520,59,20,1,5,1,
21,14,341,451,123,27,1,5,1,
22,1,501,302,58,18,1,5,1,
22,2,35,263,93,19,1,5,1,
22,3,677,322,37,20,1,5,1,
22,5,523,140,59,17,1,5,1,
22,6,605,514,99,29,1,5,1,
22,7,106,45,79,27,1,5,1,
22,8,769,354,91,31,1,5,1,
22,9,542,228,35,16,1,5,1,
22,10,19,344,45,33,1,5,1,
22,11,125,390,58,24,1,5,1,
22,12,35,130,34,23,1,5,1,
22,13,277,522,61,20,1,5,1,
22,14,353,450,124,27,1,5,1,
23,1,503,302,64,17,1,5,1,
23,2,31,263,87,19,1,5,1,
23,3,680,322,37,20,1,5,1,
23,5,529,140,57,18,1,5,1,
23,6,613,513,97,29,1,5,1,
23,7,108,44,86,27,1,5,1,
23,8,777,354,89,30,1,5,1,
23,9,543,229,33,15,1,5,1,
23,10,21,345,46,33,1,5,1,
23,11,117,392,62,24,1,5,1,
23,12,33,128,29,23,1,5,1,
23,13,284,524,62,19,1,5,1,
23,14,367,449,121,27,1,5,1,
24,1,507,302,67,17,1,5,1,
24,2,27,262,82,19,1,5,1,
24,3,683,321,37,20,1,5,1,
24,5,534,141,57,17,1,5,1,
24,6,620,512,97,29,1,5,1,
24,7,111,43,92,27,1,5,1,
24,8,785,353,87,30,1,5,1,
24,9,546,230,30,15,1,5,1,
24,10,23,346,47,34,1,5,1,
24,11,110,394,64,23,1,5,1,
24,12,31,126,26,23,1,5,1,
24,13,291,525,63,18,1,5,1,
24,14,379,448,121,27,1,5,1,
25,1,511,302,70,17,1,5,1,
25,2,25,262,73,19,1,5,1,
25,3,686,321,37,20,1,5,1,
25,5,540,142,57,17,1,5,1,
25,6,629,511,94,29,1,5,1,
25,7,115,43,97,27,1,5,1,
25,8,793,352,85,30,1,5,1,
25,9,551,230,23,15,1,5,1,
25,10,24,347,50,35,1,5,1,
25,11,103,396,65,23,1,5,1,
25,12,29,124,27,23,1,5,1,
25,13,298,527,65,16,1,5,1,
25,14,393,447,119,27,1,5,1,
26,1,516,302,73,17,1,5,1,
26,2,24,261,65,20,1,5,1,
26,3,689,321,36,19,1,5,1,
26,5,545,143,58,16,1,5,1,
26,6,636,510,93,29,1,5,1,
26,7,120,42,101,28,1,5,1,
26,8,800,352,87,29,1,5,1,
26,9,555,231,19,14,1,5,1,
26,10,26,348,51,35,1,5,1,
26,11,95,398,67,22,1,5,1,
26,12,28,122,27,23,1,5,1,
26,13,306,529,65,14,1,5,1,
26,14,406,446,117,27,1,5,1,
27,1,521,302,74,17,1,5,1,
27,2,24,260,56,20,1,5,1,
27,3,692,320,36,19,1,5,1,
27,5,550,143,59,16,1,5,1,
27,6,643,509,92,29,1,5,1,
27,7,126,42,104,27,1,5,1,
27,8,806,351,88,29,1,5,1,
27,9,559,231,15,14,1,5,1,
27,10,28,350,53,35,1,5,1,
27,11,88,400,68,22,1,5,1,
27,12,28,120,27,23,1,5,1,
27,13,313,530,66,13,1,5,1,
27,14,419,445,115,27,1,5,1,
28,1,527,302,74,17,1,5,1,
28,2,25,260,47,20,1,5,1,
28,3,695,320,35,19,1,5,1,
28,5,555,144,59,16,1,5,1,
28,6,650,508,91,29,1,5,1,
28,7,132,42,107,27,1,5,1,
28,8,812,351,88,28,1,5,1,
28,9,560,231,13,15,1,5,1,
28,10,30,351,55,36,1,5,1,
28,11,82,401,67,22,1,5,1,
28,12,27,118,29,23,1,5,1,
28,13,321,531,64,13,1,5,1,
28,14,431,444,114,26,1,5,1,
29,1,534,302,73,17,1,5,1,
29,2,27,259,36,21,1,5,1,
29,3,698,320,34,18,1,5,1,
29,5,561,144,58,16,1,5,1,
29,6,657,508,92,27,1,5,1,
29,7,139,42,109,27,1,5,1,
29,8,820,350,86,29,1,5,1,
29,9,559,232,13,14,1,5,1,
29,10,32,352,58,37,1,5,1,
29,11,75,403,67,22,1,5,1,
29,12,28,116,28,23,1,5,1,
29,13,329,533,64,11,1,5,1,
29,14,444,443,112,26,1,5,1,
30,1,540,302,73,17,1,5,1,
30,2,26,259,31,21,1,5,1,
30,3,702,319,32,19,1,5,1,
30,5,566,145,57,15,1,5,1,
30,6,663,507,92,27,1,5,1,
30,7,146,41,111,28,1,5,1,
30,8,828,349,82,29,1,5,1,
30,9,558,232,13,14,1,5,1,
30,10,35,353,59,38,1,5,1,
30,11,69,405,66,22,1,5,1,
30,12,28,114,29,23,1,5,1,
30,13,337,534,63,10,1,5,1,
30,14,456,442,111,26,1,5,1,
31,1,547,302,72,17,1,5,1,
31,2,24,258,30,22,1,5,1,
31,3,705,319,30,18,1,5,1,
31,5,572,145,56,16,1,5,1,
31,6,669,506,92,27,1,5,1,
31,7,153,41,114,28,1,5,1,
31,8,836,348,77,29,1,5,1,
31,9,558,232,13,15,1,5,1,
31,10,38,354,61,38,1,5,1,
31,11,64,406,63,22,1,5,1,
31,12,28,112,30,23,1,5,1,
31,13,345,536,64,8,1,5,1,
31,14,468,441,109,25,1,5,1,
32,1,553,302,71,17,1,5,1,
32,2,22,258,29,22,1,5,1,
32,3,707,318,30,18,1,5,1,
32,5,577,145,56,16,1,5,1,
32,6,676,505,91,27,1,5,1,
32,7,161,41,115,29,1,5,1,
32,8,842,347,76,29,1,5,1,
32,9,557,233,13,14,1,5,1,
32,10,41,355,63,39,1,5,1,
32,11,59,408,61,22,1,5,1,
32,12,29,110,30,24,1,5,1,
32,13,353,537,65,7,1,5,1,
32,14,479,440,109,25,1,5,1,
33,1,560,302,70,17,1,5,1,
33,2,20,258,29,22,1,5,1,
33,3,711,318,28,18,1,5,1,
33,5,583,146,54,16,1,5,1,
33,6,683,504,89,27,1,5,1,
33,7,169,41,116,29,1,5,1,
33,8,847,346,76,29,1,5,1,
33,9,556,233,14,14,1,5,1,
33,10,44,357,66,39,1,5,1,
33,11,55,409,57,23,1,5,1,
33,12,30,108,30,24,1,5,1,
33,14,492,438,106,26,1,5,1,
34,1,565,302,70,17,1,5,1,
34,2,17,258,31,22,1,5,1,
34,3,713,318,27,17,1,5,1,
34,5,587,146,55,16,1,5,1,
34,6,690,503,88,27,1,5,1,
34,7,176,41,118,29,1,5,1,
34,8,851,346,77,28,1,5,1,
34,9,555,234,14,13,1,5,1,
34,10,47,358,70,40,1,5,1,
34,11,52,410,54,23,1,5,1,
34,12,31,106,30,24,1,5,1,
34,14,502,437,106,26,1,5,1,
35,1,571,302,69,16,1,5,1,
35,2,15,258,31,22,1,5,1,
35,3,716,317,26,18,1,5,1,
35,5,592,147,54,16,1,5,1,
35,6,697,502,82,26,1,5,1,
35,7,184,42,119,28,1,5,1,
35,8,857,345,73,29,1,5,1,
35,9,554,234,15,14,1,5,1,
35,10,51,359,73,41,1,5,1,
35,11,50,412,49,23,1,5,1,
35,12,32,104,31,24,1,5,1,
35,14,513,436,104,25,1,5,1,
36,1,577,302,68,16,1,5,1,
36,2,13,258,32,22,1,5,1,
36,3,719,317,24,17,1,5,1,
36,5,597,147,53,16,1,5,1,
36,6,707,500,73,28,1,5,1,
36,7,192,42,120,29,1,5,1,
36,8,864,345,68,28,1,5,1,
36,9,553,235,15,13,1,5,1,
36,10,55,361,76,41,1,5,1,
36,11,48,413,44,24,1,5,1,
36,12,34,102,31,25,1,5,1,
36,14,524,435,103,25,1,5,1,
37,1,584,302,66,16,1,5,1,
37,2,11,257,32,23,1,5,1,
37,3,723,316,21,18,1,5,1,
37,5,603,148,51,16,1,5,1,
37,6,716,498,67,29,1,5,1,
37,7,201,42,120,29,1,5,1,
37,8,872,344,64,28,1,5,1,
37,9,551,235,16,13,1,5,1,
37,10,59,362,80,43,1,5,1,
37,11,48,415,37,24,1,5,1,
37,12,36,99,31,25,1,5,1,
37,14,536,434,101,25,1,5,1,
38,1,590,301,65,17,1,5,1,
38,2,9,257,33,23,1,5,1,
38,3,725,316,20,17,1,5,1,
38,5,607,148,51,16,1,5,1,
38,6,723,497,64,29,1,5,1,
38,7,210,43,120,29,1,5,1,
38,8,877,344,63,27,1,5,1,
38,9,550,236,16,13,1,5,1,
38,10,63,363,84,44,1,5,1,
38,11,48,416,31,25,1,5,1,
38,12,38,97,32,26,1,5,1,
38,14,546,433,100,25,1,5,1,
39,1,596,301,64,17,1,5,1,
39,2,7,257,33,23,1,5,1,
39,3,727,316,20,17,1,5,1,
39,5,613,149,49,16,1,5,1,
39,6,729,495,62,29,1,5,1,
39,7,219,43,120,29,1,5,1,
39,8,883,343,60,27,1,5,1,
39,9,549,236,17,13,1,5,1,
39,10,68,365,87,44,1,5,1,
39,11,46,417,27,26,1,5,1,
39,12,39,95,33,26,1,5,1,
39,14,557,432,98,24,1,5,1,
40,1,603,301,61,16,1,5,1,
40,2,5,257,34,24,1,5,1,
40,3,729,315,19,17,1,5,1,
40,5,618,149,48,16,1,5,1,
40,6,735,494,59,28,1,5,1,
40,7,228,43,120,30,1,5,1,
40,8,889,342,58,27,1,5,1,
40,9,547,236,18,13,1,5,1,
40,10,73,367,91,44,1,5,1,
40,11,44,419,25,26,1,5,1,
40,12,40,93,35,26,1,5,1,
40,14,568,431,97,24,1,5,1,
41,1,609,301,60,16,1,5,1,
41,2,4,257,34,24,1,5,1,
41,3,730,315,19,17,1,5,1,
41,5,622,150,47,16,1,5,1,
41,6,740,492,58,28,1,5,1,
41,7,238,44,119,29,1,5,1,
41,8,894,342,56,27,1,5,1,
41,9,546,237,18,12,1,5,1,
41,10,78,368,95,46,1,5,1,
41,11,41,420,25,27,1,5,1,
41,12,42,91,36,26,1,5,1,
41,14,579,430,95,24,1,5,1,
42,1,614,301,59,16,1,5,1,
42,2,2,256,35,25,1,5,1,
42,3,731,315,19,16,1,5,1,
42,5,627,150,46,16,1,5,1,
42,6,745,490,56,29,1,5,1,
42,7,246,44,119,30,1,5,1,
42,8,899,341,54,27,1,5,1,
42,9,544,237,19,13,1,5,1,
42,10,83,369,99,47,1,5,1,
42,11,39,422,25,27,1,5,1,
42,12,43,89,39,26,1,5,1,
42,14,588,428,94,25,1,5,1,
43,1,620,301,57,16,1,5,1,
43,2,1,256,35,25,1,5,1,
43,3,732,314,19,17,1,5,1,
43,5,631,151,45,16,1,5,1,
43,6,750,489,55,28,1,5,1,
43,7,256,45,118,30,1,5,1,
43,8,904,340,53,27,1,5,1,
43,9,543,237,19,13,1,5,1,
43,10,89,371,103,48,1,5,1,
43,11,37,424,24,28,1,5,1,
43,12,45,86,40,27,1,5,1,
43,14,599,427,92,24,1,5,1,
44,1,625,301,57,16,1,5,1,
44,2,0,256,35,25,1,5,1,
44,3,733,314,19,16,1,5,1,
44,5,636,152,43,16,1,5,1,
44,6,754,487,54,28,1,5,1,
44,7,265,47,118,28,1,5,1,
44,8,908,340,51,26,1,5,1,
44,9,541,238,19,12,1,5,1,
44,10,95,373,107,48,1,5,1,
44,11,35,425,24,29,1,5,1,
44,12,47,84,42,27,1,5,1,
44,14,609,426,90,24,1,5,1,
45,1,631,300,55,16,1,5,1,
45,2,0,256,34,25,1,5,1,
45,3,734,313,18,16,1,5,1,
45,5,640,152,43,16,1,5,1,
45,6,760,486,51,27,1,5,1,
45,7,277,47,115,27,1,5,1,
45,8,913,339,46,26,1,5,1,
45,9,539,238,20,12,1,5,1,
45,10,102,374,111,50,1,5,1,
45,11,33,427,23,29,1,5,1,
45,12,51,81,42,28,1,5,1,
45,14,620,425,87,24,1,5,1,
46,1,636,300,53,16,1,5,1,
46,2,0,255,33,26,1,5,1,
46,3,734,313,19,16,1,5,1,
46,5,644,153,42,16,1,5,1,
46,6,764,484,50,28,1,5,1,
46,7,288,47,112,26,1,5,1,
46,8,918,339,42,25,1,5,1,
46,10,108,376,116,50,1,5,1,
46,11,30,429,24,29,1,5,1,
46,12,54,79,42,28,1,5,1,
46,14,629,424,86,24,1,5,1,
47,1,641,300,52,16,1,5,1,
47,2,0,255,32,26,1,5,1,
47,3,735,313,18,15,1,5,1,
47,4,725,530,85,13,1,5,1,
47,5,648,153,41,16,1,5,1,
47,6,768,482,49,28,1,5,1,
47,7,298,45,109,27,1,5,1,
47,8,922,338,38,26,1,5,1,
47,10,115,378,121,51,1,5,1,
47,11,28,431,24,30,1,5,1,
47,12,58,76,41,29,1,5,1,
47,14,638,423,85,23,1,5,1,
48,1,646,300,51,15,1,5,1,
48,2,0,255,31,26,1,5,1,
48,3,735,312,18,16,1,5,1,
48,4,732,528,90,15,1,5,1,
48,5,652,154,39,16,1,5,1,
48,6,772,481,48,28,1,5,1,
48,7,310,42,103,28,1,5,1,
48,8,926,338,34,25,1,5,1,
48,10,122,379,126,53,1,5,1,
48,11,26,433,23,30,1,5,1,
48,12,61,73,41,30,1,5,1,
48,14,647,422,84,23,1,5,1,
49,1,652,300,48,15,1,5,1,
49,2,0,255,30,27,1,5,1,
49,3,735,312,18,15,1,5,1,
49,4,740,527,94,16,1,5,1,
49,5,657,155,37,16,1,5,1,
49,6,777,479,46,28,1,5,1,
49,7,322,39,97,28,1,5,1,
49,8,930,337,30,25,1,5,1,
49,10,130,381,131,54,1,5,1,
49,11,24,435,23,30,1,5,1,
49,12,65,70,40,31,1,5,1,
49,14,657,420,81,24,1,5,1,
50,1,656,300,48,15,1,5,1,
50,2,-1,254,30,27,1,5,1,
50,3,736,312,18,15,1,5,1,
50,4,746,525,99,18,1,5,1,
50,5,660,155,37,16,1,5,1,
50,6,781,478,44,27,1,5,1,
50,7,331,37,96,29,1,5,1,
50,8,934,336,26,25,1,5,1,
50,10,138,383,136,54,1,5,1,
50,11,22,437,22,31,1,5,1,
50,12,68,67,41,32,1,5,1,
50,14,666,419,80,23,1,5,1,
51,1,661,299,46,16,1,5,1,
51,2,-3,254,31,26,1,5,1,
51,3,736,311,18,15,1,5,1,
51,4,753,523,103,20,1,5,1,
51,5,664,156,35,16,1,5,1,
51,6,785,476,43,27,1,5,1,
51,7,339,35,96,29,1,5,1,
51,8,938,336,22,24,1,5,1,
51,10,146,385,142,55,1,5,1,
51,11,20,439,22,31,1,5,1,
51,12,71,63,41,33,1,5,1,
51,14,675,418,78,23,1,5,1,
52,1,666,299,44,15,1,5,1,
52,2,-4,254,31,26,1,5,1,
52,3,736,311,17,15,1,5,1,
52,4,732,522,134,21,1,5,1,
52,5,667,157,35,16,1,5,1,
52,6,789,475,41,27,1,5,1,
52,7,346,33,97,29,1,5,1,
52,8,941,337,19,20,1,5,1,
52,10,155,387,148,57,1,5,1,
52,11,17,441,23,32,1,5,1,
52,12,73,60,43,34,1,5,1,
52,14,683,417,77,23,1,5,1,
53,1,671,299,42,15,1,5,1,
53,2,-5,256,31,24,1,5,1,
53,3,736,311,17,14,1,5,1,
53,4,739,520,137,23,1,5,1,
53,5,671,157,33,16,1,5,1,
53,6,793,473,40,27,1,5,1,
53,7,352,32,100,29,1,5,1,
53,8,945,341,15,15,1,5,1,
53,10,164,389,154,58,1,5,1,
53,11,15,443,23,32,1,5,1,
53,12,76,57,44,34,1,5,1,
53,14,692,416,75,23,1,5,1,
54,1,675,299,41,15,1,5,1,
54,2,-6,257,31,23,1,5,1,
54,3,736,310,17,15,1,5,1,
54,4,749,519,137,24,1,5,1,
54,5,674,158,32,16,1,5,1,
54,6,796,472,39,26,1,5,1,
54,7,358,30,103,29,1,5,1,
54,10,173,391,160,59,1,5,1,
54,11,13,445,24,33,1,5,1,
54,12,78,54,46,34,1,5,1,
54,14,700,415,73,22,1,5,1,
55,1,679,299,40,14,1,5,1,
55,2,-7,257,31,23,1,5,1,
55,3,736,310,17,14,1,5,1,
55,4,760,517,136,26,1,5,1,
55,5,677,159,31,16,1,5,1,
55,6,800,470,37,27,1,5,1,
55,7,365,28,105,29,1,5,1,
55,10,183,393,167,60,1,5,1,
55,11,11,447,24,34,1,5,1,
55,12,81,50,47,36,1,5,1,
55,14,708,413,72,23,1,5,1,
56,1,683,298,38,15,1,5,1,
56,2,-8,257,32,24,1,5,1,
56,3,735,310,17,14,1,5,1,
56,4,771,515,135,28,1,5,1,
56,5,680,159,30,16,1,5,1,
56,6,803,469,36,26,1,5,1,
56,7,371,26,108,30,1,5,1,
56,10,192,395,175,62,1,5,1,
56,11,10,449,24,35,1,5,1,
56,12,83,47,50,36,1,5,1,
56,14,715,412,71,23,1,5,1,
57,1,687,298,37,15,1,5,1,
57,3,735,309,17,15,1,5,1,
57,4,782,514,133,29,1,5,1,
57,5,683,160,29,16,1,5,1,
57,6,806,467,35,27,1,5,1,
57,7,378,24,110,30,1,5,1,
57,10,203,398,182,63,1,5,1,
57,11,8,451,24,35,1,5,1,
57,12,87,44,52,36,1,5,1,
57,14,723,411,69,23,1,5,1,
58,1,690,298,36,15,1,5,1,
58,3,735,309,16,14,1,5,1,
58,4,792,512,132,31,1,5,1,
58,5,686,161,28,15,1,5,1,
58,6,809,465,34,27,1,5,1,
58,7,384,22,113,31,1,5,1,
58,10,213,400,190,64,1,5,1,
58,11,6,453,25,36,1,5,1,
58,12,90,40,55,38,1,5,1,
58,14,730,410,68,22,1,5,1,
59,1,694,298,35,14,1,5,1,
59,3,734,309,17,14,1,5,1,
59,4,804,510,129,33,1,5,1,
59,5,689,162,27,15,1,5,1,
59,6,812,464,33,26,1,5,1,
59,7,392,21,115,30,1,5,1,
59,10,225,402,198,66,1,5,1,
59,11,4,455,26,37,1,5,1,
59,12,93,36,58,39,1,5,1,
59,14,737,409,67,22,1,5,1,
60,1,697,298,34,14,1,5,1,
60,3,734,308,17,14,1,5,1,
60,4,813,510,134,33,1,5,1,
60,5,691,162,26,16,1,5,1,
60,6,815,462,32,27,1,5,1,
60,7,398,19,118,31,1,5,1,
60,10,235,404,208,68,1,5,1,
60,11,3,458,26,37,1,5,1,
60,12,97,33,61,39,1,5,1,
60,14,744,407,62,23,1,5,1,
61,1,701,297,32,15,1,5,1,
61,3,733,308,18,14,1,5,1,
61,4,823,509,132,34,1,5,1,
61,5,694,163,25,15,1,5,1,
61,6,818,461,31,26,1,5,1,
61,7,406,17,120,31,1,5,1,
61,10,248,407,216,69,1,5,1,
61,11,1,460,26,38,1,5,1,
61,12,101,29,64,40,1,5,1,
61,14,753,405,56,23,1,5,1,
62,1,704,297,31,14,1,5,1,
62,3,733,308,18,13,1,5,1,
62,4,833,507,126,36,1,5,1,
62,5,696,164,24,15,1,5,1,
62,6,821,460,30,26,1,5,1,
62,7,413,15,123,32,1,5,1,
62,10,260,410,226,70,1,5,1,
62,11,0,462,26,39,1,5,1,
62,12,105,25,67,41,1,5,1,
62,14,760,404,53,23,1,5,1,
63,1,707,297,30,14,1,5,1,
63,3,732,307,19,14,1,5,1,
63,4,846,505,114,38,1,5,1,
63,5,699,164,23,16,1,5,1,
63,6,824,458,28,26,1,5,1,
63,7,422,14,124,31,1,5,1,
63,10,274,413,235,71,1,5,1,
63,11,0,465,25,39,1,5,1,
63,12,109,24,77,39,1,5,1,
63,14,767,403,50,22,1,5,1,
64,1,710,297,29,14,1,5,1,
64,3,731,307,19,13,1,5,1,
64,4,857,504,103,37,1,5,1,
64,5,701,165,22,15,1,5,1,
64,6,826,457,28,25,1,5,1,
64,7,430,13,126,31,1,5,1,
64,10,288,416,245,71,1,5,1,
64,11,0,467,25,40,1,5,1,
64,12,111,23,91,36,1,5,1,
64,14,772,401,49,23,1,5,1,
65,1,713,297,27,13,1,5,1,
65,2,-1,254,27,26,1,5,1,
65,3,730,307,20,13,1,5,1,
65,4,868,503,92,35,1,5,1,
65,5,703,166,21,15,1,5,1,
65,6,829,456,26,25,1,5,1,
65,7,438,13,128,31,1,5,1,
65,10,303,419,255,72,1,5,1,
65,11,0,470,24,41,1,5,1,
65,12,113,22,106,34,1,5,1,
65,14,777,400,47,22,1,5,1,
66,1,716,296,26,14,1,5,1,
66,2,0,251,29,29,1,5,1,
66,3,729,306,21,14,1,5,1,
66,4,879,501,81,35,1,5,1,
66,5,706,167,19,15,1,5,1,
66,6,831,454,26,25,1,5,1,
66,7,446,12,130,31,1,5,1,
66,10,319,422,264,73,1,5,1,
66,11,0,473,23,41,1,5,1,
66,12,116,22,120,34,1,5,1,
66,14,783,399,45,22,1,5,1,
67,1,720,296,24,14,1,5,1,
67,2,0,249,33,31,1,5,1,
67,3,729,306,20,13,1,5,1,
67,4,891,503,69,31,1,5,1,
67,5,708,167,18,15,1,5,1,
67,6,835,453,23,24,1,5,1,
67,7,456,11,130,32,1,5,1,
67,10,338,426,271,72,1,5,1,
67,11,0,476,23,41,1,5,1,
67,12,121,22,132,34,1,5,1,
67,14,788,397,43,22,1,5,1,
68,1,722,296,23,14,1,5,1,
68,2,0,249,37,32,1,5,1,
68,3,728,306,21,13,1,5,1,
68,4,901,501,59,32,1,5,1,
68,5,710,168,17,15,1,5,1,
68,6,838,452,22,24,1,5,1,
68,7,464,11,132,32,1,5,1,
68,10,354,429,281,71,1,5,1,
68,11,0,478,22,43,1,5,1,
68,12,126,21,144,36,1,5,1,
68,14,793,396,41,21,1,5,1,
69,1,725,296,22,13,1,5,1,
69,2,0,248,43,36,1,5,1,
69,3,727,305,21,13,1,5,1,
69,4,912,500,48,31,1,5,1,
69,5,712,169,16,15,1,5,1,
69,6,840,450,21,25,1,5,1,
69,7,474,11,132,32,1,5,1,
69,10,374,433,288,69,1,5,1,
69,11,0,481,22,43,1,5,1,
69,12,135,22,151,37,1,5,1,
69,14,797,395,45,21,1,5,1,
70,1,727,296,21,13,1,5,1,
70,2,0,247,53,37,1,5,1,
70,3,726,305,21,13,1,5,1,
70,4,920,504,40,23,1,5,1,
70,5,713,170,16,14,1,5,1,
70,6,841,449,21,25,1,5,1,
70,7,482,11,133,32,1,5,1,
70,10,392,434,296,70,1,5,1,
70,11,0,484,22,44,1,5,1,
70,12,144,23,156,37,1,5,1,
70,14,799,395,53,19,1,5,1,
71,1,730,295,19,14,1,5,1,
71,2,0,247,62,37,1,5,1,
71,3,724,305,22,12,1,5,1,
71,5,715,170,15,15,1,5,1,
71,6,842,447,21,25,1,5,1,
71,7,494,11,130,32,1,5,1,
71,10,417,435,297,70,1,5,1,
71,11,0,487,21,44,1,5,1,
71,12,160,24,154,38,1,5,1,
71,14,802,394,59,19,1,5,1,
72,1,732,295,18,13,1,5,1,
72,2,0,247,69,37,1,5,1,
72,3,723,305,23,12,1,5,1,
72,5,716,171,15,15,1,5,1,
72,6,843,446,21,24,1,5,1,
72,7,501,11,133,33,1,5,1,
72,10,434,435,306,71,1,5,1,
72,11,0,490,21,45,1,5,1,
72,12,171,25,157,38,1,5,1,
72,14,804,394,68,18,1,5,1,
73,1,734,295,17,13,1,5,1,
73,2,0,246,77,38,1,5,1,
73,3,722,304,23,13,1,5,1,
73,5,718,172,14,14,1,5,1,
73,6,844,444,21,25,1,5,1,
73,7,511,11,133,33,1,5,1,
73,10,458,436,308,71,1,5,1,
73,11,0,493,21,46,1,5,1,
73,12,187,27,155,38,1,5,1,
73,14,808,394,75,19,1,5,1,
74,1,736,295,16,13,1,5,1,
74,2,0,246,85,38,1,5,1,
74,3,721,304,23,12,1,5,1,
74,5,719,172,13,15,1,5,1,
74,6,846,444,20,23,1,5,1,
74,7,521,11,132,33,1,5,1,
74,10,480,436,312,71,1,5,1,
74,11,0,495,22,48,1,5,1,
74,12,201,28,155,38,1,5,1,
74,14,813,394,78,19,1,5,1,
75,1,738,295,15,13,1,5,1,
75,2,0,246,93,38,1,5,1,
75,3,719,304,24,12,1,5,1,
75,5,720,173,13,15,1,5,1,
75,6,847,443,20,22,1,5,1,
75,7,530,11,133,33,1,5,1,
75,10,504,436,313,72,1,5,1,
75,11,0,498,22,45,1,5,1,
75,12,216,29,153,38,1,5,1,
75,14,819,394,80,19,1,5,1,
76,1,739,295,16,12,1,5,1,
76,2,0,246,102,38,1,5,1,
76,3,718,304,24,12,1,5,1,
76,5,721,174,13,14,1,5,1,
76,6,847,441,21,23,1,5,1,
76,7,540,11,132,34,1,5,1,
76,10,528,436,315,72,1,5,1,
76,11,0,501,22,42,1,5,1,
76,12,231,31,153,38,1,5,1,
76,14,827,394,79,18,1,5,1,
77,1,741,294,15,13,1,5,1,
77,2,0,245,107,39,1,5,1,
77,3,716,303,25,12,1,5,1,
77,5,722,175,12,14,1,5,1,
77,6,847,440,21,23,1,5,1,
77,7,550,12,133,33,1,5,1,
77,10,552,436,317,72,1,5,1,
77,11,0,505,23,39,1,5,1,
77,12,247,34,150,36,1,5,1,
77,14,835,394,78,18,1,5,1,
78,1,743,294,13,13,1,5,1,
78,2,4,245,109,39,1,5,1,
78,3,714,303,26,12,1,5,1,
78,5,722,175,12,14,1,5,1,
78,6,847,438,22,24,1,5,1,
78,7,559,13,135,32,1,5,1,
78,10,577,436,318,72,1,5,1,
78,11,0,508,24,36,1,5,1,
78,12,262,37,149,33,1,5,1,
78,14,843,393,78,19,1,5,1,
79,1,744,294,13,12,1,5,1,
79,2,12,245,108,39,1,5,1,
79,3,713,303,25,12,1,5,1,
79,5,723,176,12,14,1,5,1,
79,6,848,437,21,24,1,5,1,
79,7,570,13,134,32,1,5,1,
79,10,604,436,317,73,1,5,1,
79,11,0,512,25,32,1,5,1,
79,12,279,38,145,33,1,5,1,
79,14,852,393,76,18,1,5,1,
80,1,744,294,14,12,1,5,1,
80,2,19,244,110,40,1,5,1,
80,3,711,303,26,11,1,5,1,
80,5,723,177,12,14,1,5,1,
80,6,848,435,21,24,1,5,1,
80,7,579,13,135,32,1,5,1,
80,10,628,436,319,73,1,5,1,
80,11,0,516,26,28,1,5,1,
80,12,292,39,145,33,1,5,1,
80,14,859,393,76,18,1,5,1,
81,1,745,294,14,12,1,5,1,
81,2,26,244,112,41,1,5,1,
81,3,709,302,27,12,1,5,1,
81,5,723,178,12,13,1,5,1,
81,6,848,434,21,24,1,5,1,
81,7,590,13,133,32,1,5,1,
81,10,656,436,303,73,1,5,1,
81,11,0,519,27,25,1,5,1,
81,12,308,40,142,33,1,5,1,
81,14,868,393,73,18,1,5,1,
82,1,746,293,13,13,1,5,1,
82,2,31,244,116,41,1,5,1,
82,3,708,302,27,12,1,5,1,
82,5,723,178,12,14,1,5,1,
82,6,848,433,21,23,1,5,1,
82,7,599,13,134,32,1,5,1,
82,10,678,437,282,72,1,5,1,
82,11,0,523,10,21,1,5,1,
82,12,320,41,143,32,1,5,1,
82,14,875,392,73,18,1,5,1,
83,1,746,293,14,12,1,5,1,
83,2,38,243,119,42,1,5,1,
83,3,706,302,27,11,1,5,1,
83,5,723,179,12,13,1,5,1,
83,6,848,431,21,24,1,5,1,
83,7,609,13,133,32,1,5,1,
83,10,706,437,254,73,1,5,1,
83,11,0,526,12,18,1,5,1,
83,12,335,41,140,33,1,5,1,
83,14,883,392,72,18,1,5,1,
84,1,747,293,13,12,1,5,1,
84,2,43,243,123,42,1,5,1,
84,3,704,302,28,11,1,5,1,
84,5,723,180,12,13,1,5,1,
84,6,848,430,21,23,1,5,1,
84,7,619,13,133,32,1,5,1,
84,10,729,437,231,65,1,5,1,
84,12,347,42,141,33,1,5,1,
84,14,890,391,69,18,1,5,1,
85,1,747,293,13,12,1,5,1,
85,2,49,243,128,42,1,5,1,
85,3,702,301,28,12,1,5,1,
85,5,723,180,12,14,1,5,1,
85,6,848,429,20,23,1,5,1,
85,7,628,13,133,33,1,5,1,
85,10,754,437,206,63,1,5,1,
85,12,360,43,140,33,1,5,1,
85,14,897,391,63,18,1,5,1,
86,1,748,293,13,11,1,5,1,
86,2,54,242,133,43,1,5,1,
86,5,723,181,12,13,1,5,1,
86,6,847,427,21,23,1,5,1,
86,7,637,14,133,32,1,5,1,
86,10,776,440,184,60,1,5,1,
86,12,372,44,140,33,1,5,1,
86,14,903,391,57,17,1,5,1,
87,1,748,293,13,11,1,5,1,
87,2,60,242,138,43,1,5,1,
87,5,723,182,11,13,1,5,1,
87,6,847,426,21,23,1,5,1,
87,7,646,14,134,32,1,5,1,
87,10,799,445,161,55,1,5,1,
87,12,384,45,140,33,1,5,1,
87,14,910,390,50,17,1,5,1,
88,1,748,292,13,12,1,5,1,
88,2,65,242,144,44,1,5,1,
88,5,723,182,11,13,1,5,1,
88,6,847,425,21,23,1,5,1,
88,7,654,14,135,33,1,5,1,
88,10,820,446,140,50,1,5,1,
88,12,394,46,142,33,1,5,1,
88,14,916,391,44,16,1,5,1,
89,1,748,292,13,12,1,5,1,
89,2,73,241,148,45,1,5,1,
89,5,722,183,12,13,1,5,1,
89,6,847,423,20,23,1,5,1,
89,7,664,14,134,33,1,5,1,
89,10,846,452,114,32,1,5,1,
89,12,408,48,140,32,1,5,1,
89,14,923,393,37,13,1,5,1,
90,1,748,292,13,11,1,5,1,
90,2,79,241,153,45,1,5,1,
90,5,722,184,11,13,1,5,1,
90,6,846,422,21,23,1,5,1,
90,7,672,15,134,32,1,5,1,
90,12,419,49,140,33,1,5,1,
90,14,929,393,31,12,1,5,1,
91,1,748,292,13,11,1,5,1,
91,2,86,241,159,45,1,5,1,
91,5,722,184,11,13,1,5,1,
91,6,846,421,21,22,1,5,1,
91,7,682,15,133,33,1,5,1,
91,12,432,50,138,33,1,5,1,
91,14,936,395,24,7,1,5,1,
92,1,748,292,13,11,1,5,1,
92,2,93,241,164,45,1,5,1,
92,5,721,185,11,13,1,5,1,
92,6,846,420,20,22,1,5,1,
92,7,690,16,134,32,1,5,1,
92,9,463,241,28,11,1,5,1,
92,12,442,51,139,33,1,5,1,
93,1,748,292,13,11,1,5,1,
93,2,100,240,170,46,1,5,1,
93,5,721,185,11,13,1,5,1,
93,6,845,419,21,22,1,5,1,
93,7,699,16,133,33,1,5,1,
93,9,463,241,31,11,1,5,1,
93,12,454,52,137,34,1,5,1,
94,1,748,291,13,11,1,5,1,
94,2,108,240,169,46,1,5,1,
94,5,720,186,11,13,1,5,1,
94,6,845,417,20,22,1,5,1,
94,7,708,17,133,32,1,5,1,
94,9,464,241,33,11,1,5,1,
94,12,467,53,135,34,1,5,1,
95,1,748,291,12,11,1,5,1,
95,2,117,239,167,47,1,5,1,
95,5,720,187,10,12,1,5,1,
95,6,845,416,20,22,1,5,1,
95,7,717,17,132,33,1,5,1,
95,9,465,240,35,12,1,5,1,
95,12,478,54,135,34,1,5,1,
96,1,748,291,12,11,1,5,1,
96,2,129,239,167,47,1,5,1,
96,5,719,187,11,13,1,5,1,
96,6,844,415,20,22,1,5,1,
96,7,726,18,132,33,1,5,1,
96,9,466,240,37,12,1,5,1,
96,12,490,56,133,34,1,5,1,
97,1,747,291,13,11,1,5,1,
97,2,142,238,166,48,1,5,1,
97,5,718,188,11,12,1,5,1,
97,6,844,414,20,21,1,5,1,
97,7,736,19,130,32,1,5,1,
97,9,468,240,38,11,1,5,1,
97,12,503,58,135,32,1,5,1,
98,1,747,291,13,10,1,5,1,
98,2,155,238,166,48,1,5,1,
98,5,718,189,11,12,1,5,1,
98,6,843,413,21,21,1,5,1,
98,7,746,19,131,32,1,5,1,
98,9,470,240,39,11,1,5,1,
98,12,515,60,137,29,1,5,1,
99,1,747,291,12,10,1,5,1,
99,2,165,238,169,49,1,5,1,
99,6,842,412,21,20,1,5,1,
99,7,753,20,135,31,1,5,1,
99,9,472,240,41,11,1,5,1,
99,12,525,60,142,27,1,5,1,
100,1,746,291,13,10,1,5,1,
100,2,174,237,173,50,1,5,1,
100,6,842,410,21,21,1,5,1,
100,7,761,20,138,31,1,5,1,
100,9,473,239,43,12,1,5,1,
100,12,536,57,146,28,1,5,1,
101,1,746,290,13,11,1,5,1,
101,2,182,236,180,51,1,5,1,
101,6,841,409,21,21,1,5,1,
101,7,769,20,142,31,1,5,1,
101,9,475,239,45,12,1,5,1,
101,12,546,53,151,30,1,5,1,
102,1,745,290,14,11,1,5,1,
102,2,190,236,186,51,1,5,1,
102,6,841,408,21,21,1,5,1,
102,7,776,20,147,30,1,5,1,
102,9,477,239,46,12,1,5,1,
102,12,556,50,156,31,1,5,1,
103,1,744,290,14,10,1,5,1,
103,2,200,235,192,53,1,5,1,
103,6,840,407,21,21,1,5,1,
103,7,785,19,151,30,1,5,1,
103,9,480,239,47,12,1,5,1,
103,12,569,45,159,34,1,5,1,
104,1,743,290,15,10,1,5,1,
104,2,208,235,199,53,1,5,1,
104,6,839,406,22,20,1,5,1,
104,7,792,18,157,30,1,5,1,
104,9,482,239,49,12,1,5,1,
104,12,581,40,163,38,1,5,1,
105,1,742,289,16,11,1,5,1,
105,2,216,234,208,54,1,5,1,
105,6,838,405,22,20,1,5,1,
105,7,801,17,158,30,1,5,1,
105,9,484,239,50,12,1,5,1,
105,12,592,39,167,38,1,5,1,
106,1,741,289,16,10,1,5,1,
106,2,227,233,214,56,1,5,1,
106,6,838,404,22,20,1,5,1,
106,7,811,16,149,31,1,5,1,
106,9,487,238,51,12,1,5,1,
106,12,606,38,167,37,1,5,1,
107,1,740,289,17,10,1,5,1,
107,2,236,233,223,56,1,5,1,
107,6,837,403,22,20,1,5,1,
107,7,820,15,140,32,1,5,1,
107,9,489,238,53,12,1,5,1,
107,12,618,38,168,34,1,5,1,
108,1,739,288,17,11,1,5,1,
108,2,245,232,233,57,1,5,1,
108,6,836,402,22,20,1,5,1,
108,7,829,15,131,32,1,5,1,
108,9,492,238,54,12,1,5,1,
108,12,629,37,168,32,1,5,1,
109,1,739,288,15,11,1,5,1,
109,2,258,231,239,58,1,5,1,
109,6,835,401,22,19,1,5,1,
109,7,842,15,118,32,1,5,1,
109,9,495,238,55,12,1,5,1,
109,12,644,37,166,31,1,5,1,
110,1,739,288,14,10,1,5,1,
110,2,267,231,250,59,1,5,1,
110,6,835,400,22,19,1,5,1,
110,7,853,15,107,33,1,5,1,
110,9,498,238,56,12,1,5,1,
110,12,656,36,168,32,1,5,1,
111,2,278,230,260,60,1,5,1,
111,6,834,399,22,19,1,5,1,
111,7,863,15,97,33,1,5,1,
111,9,501,238,57,12,1,5,1,
111,12,668,36,169,32,1,5,1,
112,2,290,229,270,61,1,5,1,
112,6,833,398,22,19,1,5,1,
112,7,875,15,85,29,1,5,1,
112,9,504,238,58,12,1,5,1,
112,12,683,36,168,31,1,5,1,
113,2,299,229,283,62,1,5,1,
113,6,832,397,23,19,1,5,1,
113,7,883,16,77,24,1,5,1,
113,9,507,237,59,13,1,5,1,
113,12,693,35,172,32,1,5,1,
114,2,309,228,296,63,1,5,1,
114,6,831,396,23,19,1,5,1,
114,7,892,16,68,20,1,5,1,
114,9,509,237,61,13,1,5,1,
114,12,704,35,174,32,1,5,1,
115,2,321,228,307,63,1,5,1,
115,6,830,395,23,19,1,5,1,
115,7,901,17,59,17,1,5,1,
115,9,513,237,62,13,1,5,1,
115,12,718,34,174,32,1,5,1,
116,2,336,227,315,65,1,5,1,
116,6,829,394,23,18,1,5,1,
116,7,914,20,46,14,1,5,1,
116,9,517,237,62,12,1,5,1,
116,12,734,34,172,32,1,5,1,
117,2,348,227,325,65,1,5,1,
117,6,828,393,23,18,1,5,1,
117,9,520,237,63,12,1,5,1,
117,12,746,34,173,32,1,5,1,
118,2,359,226,336,66,1,5,1,
118,6,827,392,24,19,1,5,1,
118,9,523,237,64,12,1,5,1,
118,12,758,33,175,33,1,5,1,
119,2,370,226,346,67,1,5,1,
119,6,826,391,24,19,1,5,1,
119,9,526,237,66,12,1,5,1,
119,12,768,33,178,32,1,5,1,
120,2,383,226,355,67,1,5,1,
120,6,825,391,24,18,1,5,1,
120,8,951,308,8,10,1,5,1,
120,9,529,237,67,12,1,5,1,
120,12,780,33,179,32,1,5,1,
121,2,400,226,359,67,1,5,1,
121,6,824,390,24,18,1,5,1,
121,8,950,307,9,10,1,5,1,
121,9,533,237,67,12,1,5,1,
121,12,795,33,165,32,1,5,1,
122,2,418,226,362,67,1,5,1,
122,8,949,307,10,10,1,5,1,
122,9,537,236,67,13,1,5,1,
122,12,808,33,152,32,1,5,1,
123,2,433,226,369,67,1,5,1,
123,8,947,306,12,11,1,5,1,
123,9,540,236,69,13,1,5,1,
123,12,819,33,141,32,1,5,1,
124,2,454,226,369,67,1,5,1,
124,8,946,306,13,11,1,5,1,
124,9,544,236,69,13,1,5,1,
124,12,833,33,127,32,1,5,1,
125,2,470,226,375,67,1,5,1,
125,8,945,306,14,11,1,5,1,
125,9,547,236,70,13,1,5,1,
125,12,845,33,115,26,1,5,1,
126,2,489,226,378,67,1,5,1,
126,8,944,306,15,13,1,5,1,
126,9,551,236,71,13,1,5,1,
126,12,857,33,103,26,1,5,1,
127,2,511,226,378,67,1,5,1,
127,8,943,305,16,13,1,5,1,
127,9,555,236,71,13,1,5,1,
127,12,871,34,89,21,1,5,1,
128,2,531,226,380,67,1,5,1,
128,8,941,305,18,13,1,5,1,
128,9,559,236,71,13,1,5,1,
128,12,883,34,77,22,1,5,1,
129,2,551,226,382,67,1,5,1,
129,8,940,305,19,12,1,5,1,
129,9,562,236,73,13,1,5,1,
129,12,896,37,64,15,1,5,1,
130,2,571,226,384,67,1,5,1,
130,8,939,305,20,12,1,5,1,
130,9,566,236,73,13,1,5,1,
130,12,908,39,52,11,1,5,1,
131,2,595,226,364,67,1,5,1,
131,8,938,304,21,13,1,5,1,
131,9,571,236,72,13,1,5,1,
132,2,613,226,347,67,1,5,1,
132,8,936,304,23,12,1,5,1,
132,9,574,236,73,13,1,5,1,
133,2,630,226,330,67,1,5,1,
133,8,935,304,24,12,1,5,1,
133,9,578,236,73,13,1,5,1,
134,2,647,226,313,68,1,5,1,
134,8,934,304,25,12,1,5,1,
134,9,581,236,74,13,1,5,1,
135,2,668,226,292,68,1,5,1,
135,8,933,303,26,13,1,5,1,
135,9,585,236,75,13,1,5,1,
136,2,685,226,275,68,1,5,1,
136,8,931,303,28,12,1,5,1,
136,9,589,236,75,13,1,5,1,
137,2,706,226,254,68,1,5,1,
137,8,930,303,28,12,1,5,1,
137,9,593,236,74,13,1,5,1,
138,2,724,229,236,65,1,5,1,
138,8,929,303,27,12,1,5,1,
138,9,596,236,75,13,1,5,1,
139,2,748,229,212,65,1,5,1,
139,8,927,303,28,11,1,5,1,
139,9,601,236,74,13,1,5,1,
140,2,767,231,193,56,1,5,1,
140,8,926,302,28,12,1,5,1,
140,9,605,236,74,13,1,5,1,
141,2,787,232,173,55,1,5,1,
141,8,924,302,29,12,1,5,1,
141,9,609,236,74,13,1,5,1,
142,2,807,238,153,44,1,5,1,
142,8,923,302,28,11,1,5,1,
142,9,613,236,74,13,1,5,1,
143,2,836,244,124,28,1,5,1,
143,8,922,302,28,11,1,5,1,
143,9,618,236,72,13,1,5,1,
144,8,920,301,28,12,1,5,1,
144,9,622,236,72,13,1,5,1,
145,8,919,301,28,12,1,5,1,
145,9,625,236,72,13,1,5,1,
146,9,629,236,72,13,1,5,1,
147,9,632,236,72,13,1,5,1,
148,9,634,236,73,13,1,5,1,
149,9,637,236,74,13,1,5,1,
150,9,640,236,74,13,1,5,1,
