1,1,758,259,20,16,1,5,1,
1,2,335,424,51,35,1,5,1,
1,3,107,210,66,17,1,5,1,
1,4,793,194,83,30,1,5,1,
1,5,77,246,40,28,1,5,1,
1,6,268,327,64,16,1,5,1,
1,7,128,212,47,41,1,5,1,
1,8,603,501,20,42,1,5,1,
1,9,322,209,33,24,1,5,1,
1,10,392,45,46,15,1,5,1,
1,11,687,0,66,17,1,5,1,
1,12,898,333,62,29,1,5,1,
1,13,245,375,71,21,1,5,1,
1,14,511,76,112,72,1,5,1,
1,15,679,340,83,25,1,5,1,
1,16,95,306,75,19,1,5,1,
1,17,830,120,130,48,1,5,1,
1,18,489,468,12,29,1,5,1,
1,19,703,137,50,24,1,5,1,
1,20,127,-21,17,30,1,5,1,
1,21,44,496,55,48,1,5,1,
1,22,470,387,34,15,1,5,1,
1,23,681,306,42,36,1,5,1,
1,24,176,454,24,34,1,5,1,
1,25,633,304,16,14,1,5,1,
1,26,744,430,50,18,1,5,1,
1,27,344,388,13,20,1,5,1,
1,28,115,394,42,44,1,5,1,
1,29,288,140,32,30,1,5,1,
2,1,757,259,21,16,1,5,1,
2,2,332,426,47,37,1,5,1,
2,3,98,210,72,17,1,5,1,
2,4,791,198,72,27,1,5,1,
2,5,68,245,42,30,1,5,1,
2,6,261,327,65,17,1,5,1,
2,7,132,213,47,41,1,5,1,
2,8,603,505,20,39,1,5,1,
2,9,321,210,26,25,1,5,1,
2,10,397,46,47,15,1,5,1,
2,11,692,0,69,18,1,5,1,
2,12,903,334,57,28,1,5,1,
2,13,233,376,76,21,1,5,1,
2,14,510,78,96,75,1,5,1,
2,15,673,338,80,25,1,5,1,
2,16,104,306,69,19,1,5,1,
2,17,832,116,128,49,1,5,1,
2,18,488,470,12,31,1,5,1,
2,19,703,135,59,24,1,5,1,
2,21,44,500,47,44,1,5,1,
2,22,473,388,37,15,1,5,1,
2,23,682,306,46,39,1,5,1,
2,24,175,456,28,33,1,5,1,
2,25,634,303,16,14,1,5,1,
2,26,736,430,57,17,1,5,1,
2,27,342,389,14,20,1,5,1,
2,28,115,396,34,46,1,5,1,
2,29,284,139,33,29,1,5,1,
3,1,757,259,21,16,1,5,1,
3,2,330,427,42,40,1,5,1,
3,3,88,210,78,17,1,5,1,
3,4,791,200,58,26,1,5,1,
3,5,63,245,43,30,1,5,1,
3,6,255,328,65,17,1,5,1,
3,7,127,214,62,42,1,5,1,
3,8,602,510,22,34,1,5,1,
3,9,321,211,23,26,1,5,1,
3,10,403,47,47,14,1,5,1,
3,11,696,0,72,19,1,5,1,
3,12,911,336,49,28,1,5,1,
3,13,220,375,81,24,1,5,1,
3,14,511,81,78,76,1,5,1,
3,15,669,336,75,25,1,5,1,
3,16,113,307,62,19,1,5,1,
3,17,836,116,124,46,1,5,1,
3,18,487,472,13,34,1,5,1,
3,19,704,133,67,25,1,5,1,
3,21,44,504,38,40,1,5,1,
3,22,477,389,39,15,1,5,1,
3,23,678,307,60,43,1,5,1,
3,24,177,457,28,35,1,5,1,
3,25,636,302,15,14,1,5,1,
3,26,729,429,62,17,1,5,1,
3,27,340,391,13,20,1,5,1,
3,28,115,398,31,47,1,5,1,
3,29,275,138,42,29,1,5,1,
4,1,759,259,21,16,1,5,1,
4,2,328,429,36,42,1,5,1,
4,3,78,209,83,17,1,5,1,
4,4,790,202,46,24,1,5,1,
4,5,60,245,41,31,1,5,1,
4,6,249,328,64,18,1,5,1,
4,7,124,216,77,41,1,5,1,
4,8,600,516,21,28,1,5,1,
4,9,319,214,23,22,1,5,1,
4,10,410,48,46,14,1,5,1,
4,11,701,0,75,20,1,5,1,
4,13,208,375,83,28,1,5,1,
4,14,512,85,61,76,1,5,1,
4,15,668,334,65,25,1,5,1,
4,16,122,307,54,19,1,5,1,
4,17,842,113,118,46,1,5,1,
4,18,487,475,14,35,1,5,1,
4,19,707,131,74,26,1,5,1,
4,21,46,509,29,35,1,5,1,
4,22,482,390,40,15,1,5,1,
4,23,675,307,82,49,1,5,1,
4,24,179,459,28,35,1,5,1,
4,25,638,301,15,14,1,5,1,
4,26,722,427,66,18,1,5,1,
4,27,338,392,13,21,1,5,1,
4,28,112,402,32,46,1,5,1,
4,29,278,137,34,30,1,5,1,
5,1,758,259,24,16,1,5,1,
5,2,328,432,30,44,1,5,1,
5,3,68,209,87,17,1,5,1,
5,4,788,203,37,24,1,5,1,
5,5,59,245,42,31,1,5,1,
5,6,243,329,63,17,1,5,1,
5,7,124,218,90,40,1,5,1,
5,8,599,523,29,21,1,5,1,
5,9,316,217,27,19,1,5,1,
5,10,416,49,45,13,1,5,1,
5,11,707,2,77,19,1,5,1,
5,13,195,375,87,32,1,5,1,
5,14,510,89,49,75,1,5,1,
5,15,668,332,54,25,1,5,1,
5,16,130,307,45,19,1,5,1,
5,17,850,114,110,42,1,5,1,
5,18,487,478,15,37,1,5,1,
5,19,709,129,82,26,1,5,1,
5,21,50,513,15,31,1,5,1,
5,22,487,391,41,15,1,5,1,
5,23,674,307,105,55,1,5,1,
5,24,180,462,29,34,1,5,1,
5,25,639,300,17,14,1,5,1,
5,26,715,425,69,19,1,5,1,
5,27,337,394,13,21,1,5,1,
5,28,111,406,32,45,1,5,1,
5,29,278,136,34,30,1,5,1,
6,1,755,259,32,16,1,5,1,
6,2,328,435,23,45,1,5,1,
6,3,58,208,91,18,1,5,1,
6,4,788,204,28,23,1,5,1,
6,5,59,244,44,32,1,5,1,
6,6,238,329,61,18,1,5,1,
6,7,127,220,100,39,1,5,1,
6,9,313,218,26,20,1,5,1,
6,10,422,49,44,13,1,5,1,
6,11,713,3,78,19,1,5,1,
6,13,181,376,91,36,1,5,1,
6,14,510,95,36,71,1,5,1,
6,15,669,330,43,25,1,5,1,
6,16,138,307,36,20,1,5,1,
6,17,861,111,99,42,1,5,1,
6,18,486,482,18,37,1,5,1,
6,19,713,127,88,26,1,5,1,
6,21,50,518,13,26,1,5,1,
6,22,491,392,43,15,1,5,1,
6,23,675,309,129,60,1,5,1,
6,24,181,464,30,35,1,5,1,
6,25,639,299,21,14,1,5,1,
6,26,708,422,72,22,1,5,1,
6,27,336,395,13,22,1,5,1,
6,28,111,410,31,44,1,5,1,
6,29,277,135,36,31,1,5,1,
7,1,754,259,41,16,1,5,1,
7,2,328,438,21,47,1,5,1,
7,3,48,207,93,18,1,5,1,
7,4,789,205,28,23,1,5,1,
7,5,62,243,44,33,1,5,1,
7,6,234,330,58,18,1,5,1,
7,7,133,220,107,43,1,5,1,
7,9,313,218,21,21,1,5,1,
7,10,428,50,43,12,1,5,1,
7,11,720,4,78,20,1,5,1,
7,13,167,378,94,38,1,5,1,
7,14,511,100,35,69,1,5,1,
7,15,669,329,34,23,1,5,1,
7,16,144,308,30,20,1,5,1,
7,17,875,108,85,39,1,5,1,
7,18,485,486,24,37,1,5,1,
7,19,717,126,94,25,1,5,1,
7,21,48,523,15,21,1,5,1,
7,22,495,393,46,14,1,5,1,
7,23,678,311,154,65,1,5,1,
7,24,182,466,32,35,1,5,1,
7,25,639,299,26,13,1,5,1,
7,26,702,419,72,25,1,5,1,
7,27,335,397,13,22,1,5,1,
7,28,108,415,34,40,1,5,1,
7,29,278,135,37,31,1,5,1,
8,1,754,258,50,17,1,5,1,
8,2,327,442,21,47,1,5,1,
8,3,39,205,94,19,1,5,1,
8,4,791,206,28,22,1,5,1,
8,5,56,243,55,33,1,5,1,
8,6,230,331,55,18,1,5,1,
8,7,140,224,113,39,1,5,1,
8,9,314,219,21,21,1,5,1,
8,10,435,50,41,11,1,5,1,
8,11,727,4,77,21,1,5,1,
8,13,154,381,95,40,1,5,1,
8,14,513,106,34,65,1,5,1,
8,15,668,327,28,23,1,5,1,
8,16,148,308,26,21,1,5,1,
8,18,485,491,29,36,1,5,1,
8,19,722,124,99,24,1,5,1,
8,21,49,526,11,18,1,5,1,
8,22,500,394,47,13,1,5,1,
8,23,683,314,180,68,1,5,1,
8,24,183,468,34,35,1,5,1,
8,25,640,298,31,13,1,5,1,
8,26,696,416,72,28,1,5,1,
8,27,334,399,14,22,1,5,1,
8,28,101,420,44,37,1,5,1,
8,29,280,134,37,31,1,5,1,
9,1,754,258,60,17,1,5,1,
9,2,327,446,21,47,1,5,1,
9,3,29,203,96,20,1,5,1,
9,4,796,207,26,22,1,5,1,
9,5,50,242,72,33,1,5,1,
9,6,228,331,49,19,1,5,1,
9,7,147,228,119,35,1,5,1,
9,9,317,220,20,21,1,5,1,
9,10,441,49,39,11,1,5,1,
9,11,733,5,75,21,1,5,1,
9,13,140,384,98,42,1,5,1,
9,14,517,112,33,61,1,5,1,
9,15,669,326,22,21,1,5,1,
9,16,147,309,26,21,1,5,1,
9,18,485,495,36,35,1,5,1,
9,19,728,123,102,22,1,5,1,
9,22,505,395,49,12,1,5,1,
9,23,691,317,205,71,1,5,1,
9,24,185,470,35,36,1,5,1,
9,25,642,298,35,13,1,5,1,
9,26,692,413,70,30,1,5,1,
9,27,334,400,14,23,1,5,1,
9,28,98,425,54,34,1,5,1,
9,29,275,133,48,32,1,5,1,
10,1,756,258,68,17,1,5,1,
10,2,327,450,23,47,1,5,1,
10,3,20,202,97,20,1,5,1,
10,4,794,209,36,21,1,5,1,
10,5,46,241,91,34,1,5,1,
10,6,226,332,45,19,1,5,1,
10,7,156,232,123,31,1,5,1,
10,9,319,221,21,21,1,5,1,
10,10,447,47,37,13,1,5,1,
10,11,740,5,73,22,1,5,1,
10,13,126,387,100,43,1,5,1,
10,14,512,117,43,57,1,5,1,
10,15,671,325,21,20,1,5,1,
10,16,148,310,27,21,1,5,1,
10,18,487,500,41,33,1,5,1,
10,19,734,123,105,21,1,5,1,
10,22,510,395,50,12,1,5,1,
10,23,702,322,228,71,1,5,1,
10,24,186,473,39,35,1,5,1,
10,25,647,298,33,12,1,5,1,
10,26,687,409,69,32,1,5,1,
10,27,335,402,14,23,1,5,1,
10,28,97,428,60,33,1,5,1,
10,29,270,133,63,32,1,5,1,
11,1,759,257,76,18,1,5,1,
11,2,323,455,30,45,1,5,1,
11,3,11,200,95,21,1,5,1,
11,4,797,210,41,20,1,5,1,
11,5,43,241,110,35,1,5,1,
11,6,225,332,38,20,1,5,1,
11,7,169,232,122,32,1,5,1,
11,9,319,223,27,20,1,5,1,
11,10,453,45,35,13,1,5,1,
11,11,747,6,70,21,1,5,1,
11,13,112,390,100,46,1,5,1,
11,14,508,123,56,52,1,5,1,
11,15,675,324,19,20,1,5,1,
11,16,149,310,27,21,1,5,1,
11,18,490,505,45,30,1,5,1,
11,19,742,122,105,21,1,5,1,
11,22,517,396,49,11,1,5,1,
11,23,717,327,242,70,1,5,1,
11,24,188,475,41,35,1,5,1,
11,25,653,298,30,12,1,5,1,
11,26,683,406,65,32,1,5,1,
11,27,333,404,17,22,1,5,1,
11,28,98,430,65,33,1,5,1,
11,29,266,132,79,33,1,5,1,
12,1,762,257,84,18,1,5,1,
12,2,321,459,40,44,1,5,1,
12,3,3,198,94,21,1,5,1,
12,4,803,211,40,19,1,5,1,
12,5,45,242,118,35,1,5,1,
12,6,225,333,32,20,1,5,1,
12,7,180,233,123,33,1,5,1,
12,9,319,224,35,20,1,5,1,
12,10,457,43,36,14,1,5,1,
12,11,754,7,66,21,1,5,1,
12,13,98,394,102,47,1,5,1,
12,14,507,128,66,47,1,5,1,
12,15,675,324,25,18,1,5,1,
12,16,148,310,30,22,1,5,1,
12,18,493,509,50,28,1,5,1,
12,19,750,122,104,21,1,5,1,
12,22,523,395,48,12,1,5,1,
12,23,734,332,226,66,1,5,1,
12,24,190,477,44,35,1,5,1,
12,25,657,297,29,13,1,5,1,
12,26,679,403,63,32,1,5,1,
12,27,331,407,23,21,1,5,1,
12,28,100,432,70,33,1,5,1,
12,29,264,131,92,34,1,5,1,
13,1,767,256,90,19,1,5,1,
13,2,320,464,50,41,1,5,1,
13,3,0,196,87,22,1,5,1,
13,4,806,211,45,20,1,5,1,
13,5,50,243,122,35,1,5,1,
13,6,227,334,24,20,1,5,1,
13,7,192,234,122,34,1,5,1,
13,9,321,226,41,19,1,5,1,
13,10,461,41,37,14,1,5,1,
13,11,761,7,62,22,1,5,1,
13,13,85,398,102,48,1,5,1,
13,14,507,132,76,43,1,5,1,
13,15,674,323,33,19,1,5,1,
13,16,148,311,32,21,1,5,1,
13,18,497,514,53,24,1,5,1,
13,19,758,122,102,21,1,5,1,
13,22,529,395,49,12,1,5,1,
13,23,754,339,206,63,1,5,1,
13,24,192,479,47,36,1,5,1,
13,25,661,297,29,12,1,5,1,
13,26,677,400,58,32,1,5,1,
13,27,331,409,28,20,1,5,1,
13,28,102,434,75,32,1,5,1,
13,29,263,130,104,35,1,5,1,
14,1,773,256,95,18,1,5,1,
14,2,320,469,60,38,1,5,1,
14,3,-2,195,79,21,1,5,1,
14,4,809,212,51,21,1,5,1,
14,5,57,243,124,35,1,5,1,
14,6,227,334,21,21,1,5,1,
14,7,205,236,121,34,1,5,1,
14,9,324,227,46,18,1,5,1,
14,10,465,40,38,14,1,5,1,
14,11,768,7,58,23,1,5,1,
14,13,73,402,100,50,1,5,1,
14,14,510,136,82,40,1,5,1,
14,15,674,323,41,18,1,5,1,
14,16,148,311,35,22,1,5,1,
14,18,502,518,56,21,1,5,1,
14,19,767,122,98,21,1,5,1,
14,22,536,396,49,12,1,5,1,
14,23,778,346,182,60,1,5,1,
14,24,195,482,49,35,1,5,1,
14,25,665,297,29,12,1,5,1,
14,26,675,397,52,32,1,5,1,
14,27,332,411,31,20,1,5,1,
14,28,104,436,80,32,1,5,1,
14,29,267,129,109,35,1,5,1,
15,1,780,256,99,18,1,5,1,
15,2,321,473,69,35,1,5,1,
15,3,-7,193,74,22,1,5,1,
15,4,812,213,56,21,1,5,1,
15,5,67,242,122,36,1,5,1,
15,6,227,335,22,21,1,5,1,
15,7,218,238,119,35,1,5,1,
15,9,328,228,50,18,1,5,1,
15,10,469,38,39,14,1,5,1,
15,11,774,7,54,24,1,5,1,
15,13,62,406,97,52,1,5,1,
15,14,515,138,83,39,1,5,1,
15,15,675,322,48,18,1,5,1,
15,16,148,312,40,22,1,5,1,
15,18,508,522,58,18,1,5,1,
15,19,777,122,91,21,1,5,1,
15,22,542,396,50,12,1,5,1,
15,23,806,351,154,43,1,5,1,
15,24,198,484,51,35,1,5,1,
15,25,669,297,28,12,1,5,1,
15,26,673,395,47,30,1,5,1,
15,27,334,412,34,20,1,5,1,
15,28,107,438,85,32,1,5,1,
15,29,271,127,119,36,1,5,1,
16,1,789,255,100,19,1,5,1,
16,2,324,478,77,30,1,5,1,
16,3,-12,191,68,22,1,5,1,
16,4,818,214,58,20,1,5,1,
16,5,78,242,120,36,1,5,1,
16,6,228,336,22,21,1,5,1,
16,7,231,241,118,33,1,5,1,
16,9,334,229,53,17,1,5,1,
16,10,473,36,40,14,1,5,1,
16,11,781,7,49,26,1,5,1,
16,13,51,410,93,53,1,5,1,
16,14,522,140,82,39,1,5,1,
16,15,678,321,53,18,1,5,1,
16,16,148,312,45,22,1,5,1,
16,18,515,525,58,16,1,5,1,
16,19,787,121,84,22,1,5,1,
16,22,549,397,50,12,1,5,1,
16,23,838,354,122,42,1,5,1,
16,24,201,486,54,35,1,5,1,
16,25,673,297,27,11,1,5,1,
16,26,672,393,41,28,1,5,1,
16,27,336,414,37,20,1,5,1,
16,28,111,440,88,31,1,5,1,
16,29,276,126,127,36,1,5,1,
17,1,798,255,101,19,1,5,1,
17,2,328,482,84,28,1,5,1,
17,3,-15,190,60,21,1,5,1,
17,4,826,214,56,21,1,5,1,
17,5,88,241,118,36,1,5,1,
17,6,230,336,22,22,1,5,1,
17,7,244,244,116,31,1,5,1,
17,9,339,230,57,17,1,5,1,
17,10,477,34,41,14,1,5,1,
17,11,787,7,44,27,1,5,1,
17,13,43,415,88,54,1,5,1,
17,14,528,142,82,38,1,5,1,
17,15,680,321,59,18,1,5,1,
17,16,149,312,50,23,1,5,1,
17,18,521,525,59,17,1,5,1,
17,19,797,121,75,23,1,5,1,
17,22,555,397,50,12,1,5,1,
17,23,871,357,89,33,1,5,1,
17,24,204,488,56,35,1,5,1,
17,25,677,296,26,12,1,5,1,
17,26,672,391,34,26,1,5,1,
17,27,339,416,39,19,1,5,1,
17,28,115,442,92,31,1,5,1,
17,29,283,126,134,34,1,5,1,
18,1,808,255,99,19,1,5,1,
18,2,333,486,89,24,1,5,1,
18,3,-18,189,53,21,1,5,1,
18,4,834,215,54,20,1,5,1,
18,5,97,241,118,36,1,5,1,
18,6,230,337,24,22,1,5,1,
18,7,257,246,114,28,1,5,1,
18,9,346,231,59,16,1,5,1,
18,10,482,32,42,14,1,5,1,
18,11,792,8,40,28,1,5,1,
18,13,36,419,80,57,1,5,1,
18,14,535,143,78,39,1,5,1,
18,15,684,320,64,18,1,5,1,
18,16,149,312,59,23,1,5,1,
18,18,529,526,58,16,1,5,1,
18,19,807,119,65,25,1,5,1,
18,22,562,397,50,12,1,5,1,
18,24,208,490,58,35,1,5,1,
18,25,680,296,26,12,1,5,1,
18,26,673,389,27,24,1,5,1,
18,27,342,417,41,20,1,5,1,
18,28,119,443,97,31,1,5,1,
18,29,291,126,138,36,1,5,1,
19,1,819,254,96,20,1,5,1,
19,2,340,487,93,23,1,5,1,
19,3,-19,187,44,21,1,5,1,
19,4,842,215,53,20,1,5,1,
19,5,105,239,124,37,1,5,1,
19,6,231,338,25,22,1,5,1,
19,7,269,247,112,27,1,5,1,
19,9,354,232,60,15,1,5,1,
19,10,486,30,44,14,1,5,1,
19,11,798,9,34,29,1,5,1,
19,13,30,424,72,59,1,5,1,
19,14,540,146,80,37,1,5,1,
19,15,690,320,65,18,1,5,1,
19,16,152,313,62,22,1,5,1,
19,18,536,526,58,17,1,5,1,
19,19,815,119,57,26,1,5,1,
19,22,568,397,51,12,1,5,1,
19,24,212,492,60,35,1,5,1,
19,25,684,296,25,11,1,5,1,
19,26,672,388,22,22,1,5,1,
19,27,345,419,43,19,1,5,1,
19,28,124,444,100,32,1,5,1,
19,29,302,125,139,36,1,5,1,
20,1,830,254,91,19,1,5,1,
20,2,348,487,95,23,1,5,1,
20,3,-19,191,33,15,1,5,1,
20,4,849,216,51,20,1,5,1,
20,5,114,238,130,36,1,5,1,
20,6,232,338,27,23,1,5,1,
20,7,282,247,109,27,1,5,1,
20,9,362,232,61,15,1,5,1,
20,10,491,28,44,15,1,5,1,
20,11,802,10,31,29,1,5,1,
20,13,28,429,59,60,1,5,1,
20,14,546,148,80,36,1,5,1,
20,15,697,319,65,18,1,5,1,
20,16,156,313,63,23,1,5,1,
20,18,543,526,59,17,1,5,1,
20,19,822,119,52,27,1,5,1,
20,22,575,397,50,12,1,5,1,
20,24,216,495,62,34,1,5,1,
20,25,686,296,29,11,1,5,1,
20,26,672,386,17,21,1,5,1,
20,27,349,420,44,20,1,5,1,
20,28,129,445,104,32,1,5,1,
20,29,313,125,139,36,1,5,1,
21,1,842,254,84,19,1,5,1,
21,2,357,486,95,23,1,5,1,
21,4,857,216,49,20,1,5,1,
21,5,124,237,134,36,1,5,1,
21,6,234,339,27,23,1,5,1,
21,7,295,246,105,27,1,5,1,
21,9,370,232,62,15,1,5,1,
21,10,496,27,45,14,1,5,1,
21,11,806,12,28,30,1,5,1,
21,13,28,435,46,60,1,5,1,
21,14,552,149,79,35,1,5,1,
21,15,705,319,63,18,1,5,1,
21,16,159,313,66,23,1,5,1,
21,18,550,526,59,17,1,5,1,
21,19,828,120,48,27,1,5,1,
21,22,582,397,50,12,1,5,1,
21,24,221,497,64,34,1,5,1,
21,25,687,296,34,11,1,5,1,
21,26,673,385,14,19,1,5,1,
21,27,353,422,46,19,1,5,1,
21,28,134,446,108,33,1,5,1,
21,29,323,124,140,37,1,5,1,
22,1,854,254,75,19,1,5,1,
22,2,367,486,94,23,1,5,1,
22,4,865,217,46,19,1,5,1,
22,5,136,237,135,36,1,5,1,
22,6,236,340,27,24,1,5,1,
22,7,306,246,103,27,1,5,1,
22,9,378,232,63,14,1,5,1,
22,10,500,25,47,14,1,5,1,
22,11,809,14,26,30,1,5,1,
22,13,27,441,40,61,1,5,1,
22,14,558,151,79,34,1,5,1,
22,15,713,319,62,18,1,5,1,
22,16,164,314,67,23,1,5,1,
22,18,557,527,59,16,1,5,1,
22,19,833,120,44,28,1,5,1,
22,22,588,397,50,12,1,5,1,
22,24,226,498,65,35,1,5,1,
22,25,691,296,36,11,1,5,1,
22,26,674,384,14,17,1,5,1,
22,27,357,423,47,20,1,5,1,
22,28,141,447,110,33,1,5,1,
22,29,334,124,140,36,1,5,1,
23,1,865,254,66,19,1,5,1,
23,2,376,485,94,23,1,5,1,
23,4,871,217,44,20,1,5,1,
23,5,148,237,135,36,1,5,1,
23,6,238,341,27,24,1,5,1,
23,7,315,246,104,27,1,5,1,
23,9,387,231,63,15,1,5,1,
23,10,505,23,48,15,1,5,1,
23,11,811,16,25,30,1,5,1,
23,13,25,447,42,60,1,5,1,
23,14,564,152,79,34,1,5,1,
23,15,720,319,62,17,1,5,1,
23,16,168,314,69,23,1,5,1,
23,18,564,527,59,16,1,5,1,
23,19,838,121,41,28,1,5,1,
23,22,595,397,49,12,1,5,1,
23,24,231,500,66,35,1,5,1,
23,25,695,296,36,11,1,5,1,
23,26,676,383,14,15,1,5,1,
23,27,361,425,49,19,1,5,1,
23,28,150,449,103,33,1,5,1,
23,29,344,123,141,37,1,5,1,
24,1,876,254,56,19,1,5,1,
24,2,385,485,94,23,1,5,1,
24,4,878,218,42,19,1,5,1,
24,5,158,237,136,36,1,5,1,
24,6,241,342,26,24,1,5,1,
24,7,324,246,105,27,1,5,1,
24,9,395,231,63,15,1,5,1,
24,10,510,21,50,15,1,5,1,
24,11,814,18,23,30,1,5,1,
24,13,25,454,43,58,1,5,1,
24,14,570,153,78,34,1,5,1,
24,15,727,319,61,17,1,5,1,
24,16,173,314,70,24,1,5,1,
24,18,571,527,59,16,1,5,1,
24,19,842,122,38,28,1,5,1,
24,22,601,397,50,12,1,5,1,
24,24,236,502,68,36,1,5,1,
24,25,700,296,35,11,1,5,1,
24,26,677,382,14,15,1,5,1,
24,27,366,426,50,20,1,5,1,
24,28,159,452,96,33,1,5,1,
24,29,355,122,142,37,1,5,1,
25,1,887,254,44,19,1,5,1,
25,2,394,485,93,23,1,5,1,
25,4,884,218,40,19,1,5,1,
25,5,169,236,136,37,1,5,1,
25,6,240,342,29,25,1,5,1,
25,7,333,246,106,27,1,5,1,
25,9,404,231,62,14,1,5,1,
25,10,516,19,50,15,1,5,1,
25,11,816,20,22,30,1,5,1,
25,13,28,461,44,54,1,5,1,
25,14,576,154,78,33,1,5,1,
25,15,735,318,59,18,1,5,1,
25,16,178,315,71,23,1,5,1,
25,18,579,527,58,16,1,5,1,
25,19,847,123,34,28,1,5,1,
25,22,608,397,49,12,1,5,1,
25,24,241,504,69,36,1,5,1,
25,25,705,295,34,12,1,5,1,
25,26,679,381,14,15,1,5,1,
25,27,371,427,50,20,1,5,1,
25,28,165,453,97,35,1,5,1,
25,29,365,122,143,36,1,5,1,
26,1,897,254,32,19,1,5,1,
26,2,403,486,93,24,1,5,1,
26,4,891,219,36,19,1,5,1,
26,5,179,236,138,37,1,5,1,
26,6,239,343,36,25,1,5,1,
26,7,343,245,106,28,1,5,1,
26,9,413,230,61,15,1,5,1,
26,10,521,17,52,15,1,5,1,
26,11,818,22,21,31,1,5,1,
26,13,22,468,58,50,1,5,1,
26,14,582,156,77,32,1,5,1,
26,15,742,318,58,18,1,5,1,
26,16,182,315,73,24,1,5,1,
26,18,586,527,58,16,1,5,1,
26,19,852,124,30,29,1,5,1,
26,22,615,397,48,12,1,5,1,
26,24,246,506,71,37,1,5,1,
26,25,710,295,32,11,1,5,1,
26,26,680,380,14,15,1,5,1,
26,27,375,430,54,19,1,5,1,
26,28,169,455,102,35,1,5,1,
26,29,376,121,144,37,1,5,1,
27,1,903,254,28,19,1,5,1,
27,2,412,486,93,24,1,5,1,
27,4,896,219,35,19,1,5,1,
27,5,189,236,140,37,1,5,1,
27,6,237,345,45,24,1,5,1,
27,7,352,245,107,28,1,5,1,
27,9,422,230,60,15,1,5,1,
27,10,526,16,53,15,1,5,1,
27,11,820,24,19,31,1,5,1,
27,13,18,475,79,44,1,5,1,
27,14,588,157,76,31,1,5,1,
27,15,749,318,56,17,1,5,1,
27,16,186,315,76,24,1,5,1,
27,18,593,527,58,16,1,5,1,
27,19,856,125,26,29,1,5,1,
27,22,621,397,49,12,1,5,1,
27,24,251,509,73,34,1,5,1,
27,25,714,295,32,11,1,5,1,
27,26,681,380,14,14,1,5,1,
27,27,379,432,59,18,1,5,1,
27,28,174,457,106,35,1,5,1,
27,29,386,120,145,37,1,5,1,
28,1,905,254,27,19,1,5,1,
28,2,421,487,93,24,1,5,1,
28,4,901,220,34,18,1,5,1,
28,5,200,235,141,38,1,5,1,
28,6,236,347,53,23,1,5,1,
28,7,362,245,108,28,1,5,1,
28,9,430,230,60,15,1,5,1,
28,10,532,14,54,15,1,5,1,
28,11,821,26,18,31,1,5,1,
28,13,22,479,85,44,1,5,1,
28,14,595,157,74,32,1,5,1,
28,15,756,318,55,17,1,5,1,
28,16,191,317,76,24,1,5,1,
28,18,600,527,58,16,1,5,1,
28,19,858,126,25,29,1,5,1,
28,22,628,397,48,12,1,5,1,
28,24,257,511,74,32,1,5,1,
28,25,719,295,30,11,1,5,1,
28,26,682,379,14,14,1,5,1,
28,27,384,434,63,16,1,5,1,
28,28,180,458,108,36,1,5,1,
28,29,397,119,146,38,1,5,1,
29,1,907,254,27,19,1,5,1,
29,2,429,487,95,24,1,5,1,
29,4,906,220,32,19,1,5,1,
29,5,210,235,143,38,1,5,1,
29,6,235,349,62,22,1,5,1,
29,7,371,245,109,27,1,5,1,
29,9,437,230,61,14,1,5,1,
29,10,538,12,55,16,1,5,1,
29,11,821,29,18,30,1,5,1,
29,13,29,483,89,44,1,5,1,
29,14,601,158,74,31,1,5,1,
29,15,763,318,54,17,1,5,1,
29,16,194,318,79,24,1,5,1,
29,18,608,527,56,16,1,5,1,
29,19,860,128,24,28,1,5,1,
29,22,634,397,47,12,1,5,1,
29,24,262,513,76,30,1,5,1,
29,25,723,295,30,11,1,5,1,
29,26,684,378,15,14,1,5,1,
29,27,390,435,65,16,1,5,1,
29,28,186,460,112,36,1,5,1,
29,29,408,119,147,37,1,5,1,
30,1,909,255,27,18,1,5,1,
30,2,439,487,94,24,1,5,1,
30,4,911,221,31,18,1,5,1,
30,5,221,235,145,38,1,5,1,
30,6,238,350,66,22,1,5,1,
30,7,381,245,109,27,1,5,1,
30,9,445,229,61,15,1,5,1,
30,10,544,11,56,15,1,5,1,
30,11,821,31,18,30,1,5,1,
30,13,37,486,92,45,1,5,1,
30,14,608,159,71,30,1,5,1,
30,15,770,317,52,17,1,5,1,
30,16,198,319,82,24,1,5,1,
30,18,615,526,56,17,1,5,1,
30,19,861,129,24,28,1,5,1,
30,22,641,396,46,12,1,5,1,
30,24,267,516,77,27,1,5,1,
30,25,727,295,29,10,1,5,1,
30,26,684,378,18,13,1,5,1,
30,27,397,435,66,16,1,5,1,
30,28,192,461,115,37,1,5,1,
30,29,419,118,148,38,1,5,1,
31,1,910,255,27,18,1,5,1,
31,2,448,487,94,24,1,5,1,
31,4,915,221,30,18,1,5,1,
31,5,232,235,147,38,1,5,1,
31,6,242,350,69,23,1,5,1,
31,7,390,245,111,27,1,5,1,
31,9,452,229,63,15,1,5,1,
31,10,550,9,57,16,1,5,1,
31,11,821,33,18,30,1,5,1,
31,13,45,490,96,46,1,5,1,
31,14,615,159,68,31,1,5,1,
31,15,776,317,51,17,1,5,1,
31,16,203,319,85,24,1,5,1,
31,18,622,526,56,17,1,5,1,
31,19,861,131,24,27,1,5,1,
31,22,647,396,46,12,1,5,1,
31,24,273,518,77,25,1,5,1,
31,25,731,295,29,10,1,5,1,
31,26,684,378,23,12,1,5,1,
31,27,404,435,66,16,1,5,1,
31,28,199,463,117,37,1,5,1,
31,29,429,118,150,37,1,5,1,
32,1,912,255,27,18,1,5,1,
32,2,457,487,94,24,1,5,1,
32,4,919,222,29,18,1,5,1,
32,5,243,234,149,39,1,5,1,
32,6,248,351,69,23,1,5,1,
32,7,400,244,112,28,1,5,1,
32,9,460,229,64,15,1,5,1,
32,10,556,7,58,16,1,5,1,
32,11,821,36,18,29,1,5,1,
32,13,54,493,99,47,1,5,1,
32,14,621,160,67,31,1,5,1,
32,15,783,317,50,16,1,5,1,
32,16,209,319,86,25,1,5,1,
32,18,629,526,55,17,1,5,1,
32,19,862,132,24,28,1,5,1,
32,22,653,397,47,12,1,5,1,
32,24,280,520,76,24,1,5,1,
32,25,735,294,28,11,1,5,1,
32,26,685,378,26,12,1,5,1,
32,27,411,435,67,16,1,5,1,
32,28,206,464,119,38,1,5,1,
32,29,441,117,151,38,1,5,1,
33,1,913,255,27,18,1,5,1,
33,2,467,487,93,23,1,5,1,
33,4,923,222,28,18,1,5,1,
33,5,254,234,151,39,1,5,1,
33,6,253,352,71,22,1,5,1,
33,7,409,244,113,28,1,5,1,
33,9,468,229,64,15,1,5,1,
33,10,562,6,60,16,1,5,1,
33,11,821,38,18,29,1,5,1,
33,13,63,496,103,47,1,5,1,
33,14,627,161,65,30,1,5,1,
33,15,789,317,49,16,1,5,1,
33,16,215,319,87,25,1,5,1,
33,18,636,526,55,17,1,5,1,
33,19,863,134,23,27,1,5,1,
33,22,659,398,48,11,1,5,1,
33,24,286,522,76,22,1,5,1,
33,25,739,294,28,11,1,5,1,
33,26,687,378,28,12,1,5,1,
33,27,419,435,66,16,1,5,1,
33,28,213,466,121,38,1,5,1,
33,29,452,117,152,38,1,5,1,
34,1,915,255,26,18,1,5,1,
34,2,476,486,93,24,1,5,1,
34,4,927,223,28,17,1,5,1,
34,5,265,234,153,39,1,5,1,
34,6,259,352,72,23,1,5,1,
34,7,419,244,114,28,1,5,1,
34,9,476,228,65,16,1,5,1,
34,10,569,4,60,17,1,5,1,
34,11,821,40,17,29,1,5,1,
34,13,73,500,106,43,1,5,1,
34,14,632,162,63,30,1,5,1,
34,15,795,316,48,17,1,5,1,
34,16,221,320,89,24,1,5,1,
34,18,643,526,55,17,1,5,1,
34,19,863,135,23,27,1,5,1,
34,22,666,398,47,12,1,5,1,
34,24,293,524,77,20,1,5,1,
34,25,743,294,28,10,1,5,1,
34,26,693,377,23,12,1,5,1,
34,27,426,436,67,15,1,5,1,
34,28,221,467,123,39,1,5,1,
34,29,464,116,152,38,1,5,1,
35,1,916,255,26,18,1,5,1,
35,2,485,486,93,24,1,5,1,
35,4,931,223,27,18,1,5,1,
35,5,277,234,155,39,1,5,1,
35,6,264,353,75,23,1,5,1,
35,7,429,244,115,28,1,5,1,
35,9,484,228,66,15,1,5,1,
35,10,575,3,61,16,1,5,1,
35,11,821,42,17,29,1,5,1,
35,13,83,504,110,39,1,5,1,
35,14,638,163,61,30,1,5,1,
35,15,801,316,48,17,1,5,1,
35,16,227,320,90,25,1,5,1,
35,18,650,526,55,17,1,5,1,
35,19,863,136,23,27,1,5,1,
35,22,673,398,47,11,1,5,1,
35,24,300,526,79,18,1,5,1,
35,25,747,294,27,10,1,5,1,
35,26,697,376,20,12,1,5,1,
35,27,434,436,67,16,1,5,1,
35,28,228,468,126,39,1,5,1,
35,29,475,116,153,38,1,5,1,
36,1,917,256,27,17,1,5,1,
36,2,495,486,92,24,1,5,1,
36,4,935,224,24,17,1,5,1,
36,5,289,233,157,40,1,5,1,
36,6,270,354,76,23,1,5,1,
36,7,440,244,115,28,1,5,1,
36,9,493,228,66,15,1,5,1,
36,10,582,1,62,17,1,5,1,
36,11,821,45,16,28,1,5,1,
36,13,94,507,108,36,1,5,1,
36,14,643,164,60,30,1,5,1,
36,15,807,316,46,16,1,5,1,
36,16,234,320,91,25,1,5,1,
36,18,657,525,54,17,1,5,1,
36,19,864,138,22,26,1,5,1,
36,22,680,398,45,11,1,5,1,
36,24,307,528,80,16,1,5,1,
36,25,751,294,25,10,1,5,1,
36,26,700,376,18,11,1,5,1,
36,27,442,436,66,16,1,5,1,
36,28,236,470,128,39,1,5,1,
36,29,487,116,153,38,1,5,1,
37,1,919,256,25,17,1,5,1,
37,2,504,486,92,23,1,5,1,
37,4,938,224,21,17,1,5,1,
37,5,301,233,159,40,1,5,1,
37,6,276,354,77,24,1,5,1,
37,7,449,244,116,29,1,5,1,
37,9,502,228,66,15,1,5,1,
37,10,589,0,62,17,1,5,1,
37,11,820,47,17,28,1,5,1,
37,13,104,511,110,33,1,5,1,
37,14,647,165,60,29,1,5,1,
37,15,812,316,46,16,1,5,1,
37,16,240,320,93,25,1,5,1,
37,18,664,525,54,17,1,5,1,
37,19,864,139,22,26,1,5,1,
37,22,686,398,45,11,1,5,1,
37,24,314,530,82,14,1,5,1,
37,25,754,294,25,10,1,5,1,
37,26,702,375,18,11,1,5,1,
37,27,449,436,67,16,1,5,1,
37,28,244,471,130,40,1,5,1,
37,29,499,116,151,40,1,5,1,
38,1,920,256,25,17,1,5,1,
38,2,513,486,92,23,1,5,1,
38,4,942,225,18,17,1,5,1,
38,5,313,233,161,40,1,5,1,
38,6,283,355,78,23,1,5,1,
38,7,460,244,116,29,1,5,1,
38,9,510,227,68,16,1,5,1,
38,10,596,0,63,16,1,5,1,
38,11,820,49,16,28,1,5,1,
38,13,116,515,108,29,1,5,1,
38,14,649,167,67,28,1,5,1,
38,15,818,315,45,16,1,5,1,
38,16,247,320,94,26,1,5,1,
38,18,671,525,53,17,1,5,1,
38,19,864,140,22,26,1,5,1,
38,22,692,397,45,12,1,5,1,
38,25,758,294,24,10,1,5,1,
38,26,705,374,16,11,1,5,1,
38,27,457,436,66,16,1,5,1,
38,28,253,473,132,40,1,5,1,
38,29,511,117,151,39,1,5,1,
39,1,921,256,25,17,1,5,1,
39,2,523,485,90,24,1,5,1,
39,4,945,225,15,17,1,5,1,
39,5,326,233,162,40,1,5,1,
39,6,289,355,80,24,1,5,1,
39,7,471,244,116,29,1,5,1,
39,9,519,227,68,16,1,5,1,
39,10,603,0,63,15,1,5,1,
39,11,819,51,16,28,1,5,1,
39,13,127,519,118,25,1,5,1,
39,14,650,169,75,27,1,5,1,
39,15,824,315,43,16,1,5,1,
39,16,254,320,95,26,1,5,1,
39,18,679,524,51,17,1,5,1,
39,19,864,142,22,25,1,5,1,
39,22,699,397,44,11,1,5,1,
39,25,762,293,23,10,1,5,1,
39,26,707,373,15,12,1,5,1,
39,27,465,436,66,16,1,5,1,
39,28,261,474,135,41,1,5,1,
39,29,524,117,149,39,1,5,1,
40,1,922,256,25,17,1,5,1,
40,2,531,485,91,23,1,5,1,
40,4,948,226,12,16,1,5,1,
40,5,337,233,166,41,1,5,1,
40,6,295,356,82,24,1,5,1,
40,7,481,244,117,29,1,5,1,
40,9,527,227,69,16,1,5,1,
40,10,609,0,65,14,1,5,1,
40,11,819,53,16,28,1,5,1,
40,13,139,522,129,22,1,5,1,
40,14,652,170,82,26,1,5,1,
40,15,829,315,43,16,1,5,1,
40,16,261,321,96,25,1,5,1,
40,18,685,524,52,17,1,5,1,
40,19,864,143,22,25,1,5,1,
40,22,705,397,43,11,1,5,1,
40,25,765,293,23,10,1,5,1,
40,26,709,372,15,12,1,5,1,
40,27,472,436,67,16,1,5,1,
40,28,269,475,138,41,1,5,1,
40,29,535,117,149,40,1,5,1,
41,1,923,256,25,17,1,5,1,
41,2,541,485,90,23,1,5,1,
41,4,951,226,9,17,1,5,1,
41,5,349,233,169,41,1,5,1,
41,6,302,357,83,24,1,5,1,
41,7,491,244,118,29,1,5,1,
41,9,536,227,70,16,1,5,1,
41,10,616,0,66,13,1,5,1,
41,11,818,56,16,27,1,5,1,
41,13,155,524,134,20,1,5,1,
41,14,655,172,89,25,1,5,1,
41,15,834,315,42,15,1,5,1,
41,16,268,321,97,26,1,5,1,
41,18,691,523,52,17,1,5,1,
41,19,864,144,21,25,1,5,1,
41,22,711,397,43,11,1,5,1,
41,25,768,293,22,10,1,5,1,
41,26,711,372,14,11,1,5,1,
41,27,479,436,67,16,1,5,1,
41,28,278,476,141,42,1,5,1,
41,29,546,117,149,40,1,5,1,
42,1,923,256,25,17,1,5,1,
42,2,550,484,89,23,1,5,1,
42,5,366,232,166,42,1,5,1,
42,6,309,357,84,25,1,5,1,
42,7,502,244,118,29,1,5,1,
42,9,546,227,69,16,1,5,1,
42,10,624,-1,65,13,1,5,1,
42,11,817,58,16,27,1,5,1,
42,13,172,526,135,18,1,5,1,
42,14,660,172,94,25,1,5,1,
42,15,840,314,40,16,1,5,1,
42,16,275,321,99,26,1,5,1,
42,18,698,523,51,16,1,5,1,
42,19,864,146,21,24,1,5,1,
42,22,717,396,42,11,1,5,1,
42,25,771,293,22,10,1,5,1,
42,26,714,371,12,11,1,5,1,
42,27,487,436,67,15,1,5,1,
42,28,288,478,142,41,1,5,1,
42,29,559,117,148,40,1,5,1,
43,1,924,257,25,16,1,5,1,
43,2,558,484,89,23,1,5,1,
43,5,381,232,166,42,1,5,1,
43,6,315,358,87,25,1,5,1,
43,7,512,244,119,28,1,5,1,
43,9,554,227,71,16,1,5,1,
43,10,631,-1,66,12,1,5,1,
43,11,816,60,16,26,1,5,1,
43,13,188,528,138,16,1,5,1,
43,14,665,173,99,24,1,5,1,
43,15,844,314,42,16,1,5,1,
43,16,282,321,100,26,1,5,1,
43,18,705,522,50,17,1,5,1,
43,19,864,147,20,24,1,5,1,
43,22,723,396,42,11,1,5,1,
43,25,774,293,21,10,1,5,1,
43,26,715,370,12,11,1,5,1,
43,27,494,435,67,16,1,5,1,
43,28,297,479,144,42,1,5,1,
43,29,569,117,150,40,1,5,1,
44,1,925,257,24,16,1,5,1,
44,2,568,482,87,23,1,5,1,
44,5,395,231,167,43,1,5,1,
44,6,323,359,87,24,1,5,1,
44,7,524,244,114,29,1,5,1,
44,9,564,227,71,16,1,5,1,
44,10,639,-2,66,12,1,5,1,
44,11,815,62,16,26,1,5,1,
44,14,671,173,103,24,1,5,1,
44,15,849,314,41,15,1,5,1,
44,16,290,321,100,26,1,5,1,
44,18,712,521,49,17,1,5,1,
44,19,863,148,21,24,1,5,1,
44,22,729,396,41,11,1,5,1,
44,25,779,293,16,10,1,5,1,
44,26,715,369,12,11,1,5,1,
44,27,503,435,65,16,1,5,1,
44,28,307,480,146,42,1,5,1,
44,29,583,117,147,40,1,5,1,
45,1,925,257,25,16,1,5,1,
45,2,576,481,87,23,1,5,1,
45,5,405,231,173,43,1,5,1,
45,6,329,359,90,25,1,5,1,
45,7,535,244,110,29,1,5,1,
45,9,572,227,72,16,1,5,1,
45,11,814,64,16,26,1,5,1,
45,14,677,173,104,24,1,5,1,
45,15,853,314,41,15,1,5,1,
45,16,297,322,102,26,1,5,1,
45,18,717,521,49,16,1,5,1,
45,19,863,149,20,24,1,5,1,
45,22,734,395,41,11,1,5,1,
45,25,782,293,13,9,1,5,1,
45,26,715,368,12,12,1,5,1,
45,27,509,435,67,16,1,5,1,
45,28,316,481,149,43,1,5,1,
45,29,593,118,147,39,1,5,1,
46,1,926,257,24,16,1,5,1,
46,2,584,481,87,23,1,5,1,
46,5,417,231,178,44,1,5,1,
46,6,335,360,94,25,1,5,1,
46,7,545,244,107,29,1,5,1,
46,9,581,226,73,17,1,5,1,
46,11,813,66,16,26,1,5,1,
46,14,684,172,105,25,1,5,1,
46,15,858,313,40,16,1,5,1,
46,16,304,322,104,26,1,5,1,
46,18,723,520,49,16,1,5,1,
46,19,862,151,20,23,1,5,1,
46,22,740,395,39,11,1,5,1,
46,25,782,292,13,10,1,5,1,
46,26,714,367,13,12,1,5,1,
46,27,517,435,66,16,1,5,1,
46,28,326,482,151,43,1,5,1,
46,29,605,118,145,39,1,5,1,
47,1,926,257,24,16,1,5,1,
47,2,593,480,86,23,1,5,1,
47,5,429,231,182,45,1,5,1,
47,6,342,362,98,24,1,5,1,
47,7,557,245,100,28,1,5,1,
47,9,590,226,73,17,1,5,1,
47,11,812,68,16,25,1,5,1,
47,14,692,172,104,24,1,5,1,
47,15,863,313,38,15,1,5,1,
47,16,312,322,105,26,1,5,1,
47,18,730,519,47,17,1,5,1,
47,19,862,152,20,23,1,5,1,
47,22,746,394,37,11,1,5,1,
47,25,782,292,13,10,1,5,1,
47,26,714,366,14,12,1,5,1,
47,27,524,434,67,16,1,5,1,
47,28,336,483,153,43,1,5,1,
47,29,617,118,143,40,1,5,1,
48,1,926,257,24,16,1,5,1,
48,2,601,480,87,22,1,5,1,
48,5,441,231,187,45,1,5,1,
48,6,349,363,101,24,1,5,1,
48,7,569,245,91,29,1,5,1,
48,9,599,226,74,17,1,5,1,
48,11,811,70,16,25,1,5,1,
48,14,699,172,105,24,1,5,1,
48,15,868,313,36,15,1,5,1,
48,16,319,323,107,26,1,5,1,
48,18,736,518,46,17,1,5,1,
48,19,861,153,20,23,1,5,1,
48,22,751,394,37,10,1,5,1,
48,25,782,292,12,10,1,5,1,
48,26,713,366,16,11,1,5,1,
48,27,532,434,66,16,1,5,1,
48,28,347,483,154,44,1,5,1,
48,29,629,119,140,40,1,5,1,
49,1,927,257,23,16,1,5,1,
49,2,610,479,85,23,1,5,1,
49,5,454,231,190,46,1,5,1,
49,6,357,363,103,24,1,5,1,
49,7,581,246,80,28,1,5,1,
49,9,609,226,73,17,1,5,1,
49,11,810,72,16,25,1,5,1,
49,14,707,172,101,25,1,5,1,
49,15,873,312,33,16,1,5,1,
49,16,327,323,108,26,1,5,1,
49,18,743,517,44,17,1,5,1,
49,19,860,154,20,23,1,5,1,
49,22,757,393,35,11,1,5,1,
49,25,782,292,12,9,1,5,1,
49,26,711,366,20,10,1,5,1,
49,27,540,434,65,16,1,5,1,
49,28,358,484,155,44,1,5,1,
49,29,641,120,137,39,1,5,1,
50,1,927,258,23,15,1,5,1,
50,2,619,479,84,22,1,5,1,
50,5,467,231,192,46,1,5,1,
50,6,366,364,103,23,1,5,1,
50,7,592,246,69,29,1,5,1,
50,9,618,226,74,17,1,5,1,
50,11,808,74,17,24,1,5,1,
50,14,715,172,100,24,1,5,1,
50,15,878,312,29,15,1,5,1,
50,16,335,323,109,27,1,5,1,
50,18,749,516,43,16,1,5,1,
50,19,860,155,19,23,1,5,1,
50,22,762,392,33,11,1,5,1,
50,25,781,292,12,9,1,5,1,
50,26,707,365,25,11,1,5,1,
50,27,547,434,65,16,1,5,1,
50,28,369,485,156,44,1,5,1,
50,29,653,120,133,40,1,5,1,
51,1,927,258,23,15,1,5,1,
51,2,628,478,83,22,1,5,1,
51,5,481,231,192,46,1,5,1,
51,6,376,363,103,24,1,5,1,
51,7,601,247,64,28,1,5,1,
51,9,628,226,73,17,1,5,1,
51,11,807,75,17,25,1,5,1,
51,14,723,171,98,25,1,5,1,
51,15,881,312,28,15,1,5,1,
51,16,343,324,110,26,1,5,1,
51,18,755,515,42,16,1,5,1,
51,19,859,157,19,22,1,5,1,
51,22,767,391,32,11,1,5,1,
51,25,781,292,12,9,1,5,1,
51,26,704,364,29,11,1,5,1,
51,27,555,433,64,16,1,5,1,
51,28,381,485,156,45,1,5,1,
51,29,665,121,130,40,1,5,1,
52,1,927,258,23,15,1,5,1,
52,2,637,477,81,22,1,5,1,
52,5,497,231,190,46,1,5,1,
52,6,386,363,102,23,1,5,1,
52,7,608,247,62,27,1,5,1,
52,9,638,226,73,17,1,5,1,
52,11,806,77,17,25,1,5,1,
52,14,732,172,93,25,1,5,1,
52,15,885,312,23,14,1,5,1,
52,16,352,324,110,26,1,5,1,
52,18,761,514,41,16,1,5,1,
52,19,858,158,18,22,1,5,1,
52,22,772,391,30,10,1,5,1,
52,25,780,291,12,10,1,5,1,
52,26,700,364,32,11,1,5,1,
52,27,563,433,63,16,1,5,1,
52,28,393,485,157,45,1,5,1,
52,29,676,122,128,39,1,5,1,
53,1,927,258,22,15,1,5,1,
53,2,645,476,80,22,1,5,1,
53,5,512,231,188,45,1,5,1,
53,6,396,363,101,23,1,5,1,
53,7,614,247,61,27,1,5,1,
53,9,647,226,73,17,1,5,1,
53,11,804,79,18,24,1,5,1,
53,14,740,173,88,25,1,5,1,
53,15,887,312,21,14,1,5,1,
53,16,360,324,111,26,1,5,1,
53,18,766,513,40,16,1,5,1,
53,19,857,159,18,22,1,5,1,
53,22,777,390,29,11,1,5,1,
53,25,779,291,12,9,1,5,1,
53,26,698,363,32,11,1,5,1,
53,27,570,433,63,15,1,5,1,
53,28,405,486,157,44,1,5,1,
53,29,687,123,126,39,1,5,1,
54,1,926,258,23,15,1,5,1,
54,2,653,475,80,23,1,5,1,
54,5,527,231,187,45,1,5,1,
54,6,405,363,101,23,1,5,1,
54,7,620,248,60,26,1,5,1,
54,9,656,226,74,17,1,5,1,
54,11,803,81,18,24,1,5,1,
54,14,748,174,81,25,1,5,1,
54,15,888,311,21,15,1,5,1,
54,16,369,324,111,27,1,5,1,
54,18,772,512,39,16,1,5,1,
54,19,856,160,18,22,1,5,1,
54,22,781,389,28,11,1,5,1,
54,25,778,291,12,9,1,5,1,
54,26,695,362,33,11,1,5,1,
54,27,577,432,63,16,1,5,1,
54,28,416,486,158,45,1,5,1,
54,29,697,123,124,39,1,5,1,
55,1,926,258,22,15,1,5,1,
55,2,662,475,78,22,1,5,1,
55,5,543,231,184,45,1,5,1,
55,6,415,362,100,23,1,5,1,
55,7,626,248,59,26,1,5,1,
55,9,666,226,74,17,1,5,1,
55,11,801,83,18,23,1,5,1,
55,14,755,174,76,26,1,5,1,
55,15,889,311,21,15,1,5,1,
55,16,377,324,113,27,1,5,1,
55,18,777,511,38,15,1,5,1,
55,19,855,161,18,21,1,5,1,
55,22,785,388,27,11,1,5,1,
55,25,777,291,12,9,1,5,1,
55,26,692,361,34,12,1,5,1,
55,27,584,432,62,15,1,5,1,
55,28,428,486,158,45,1,5,1,
55,29,708,124,122,39,1,5,1,
56,1,925,258,22,15,1,5,1,
56,2,670,474,77,22,1,5,1,
56,5,560,230,181,45,1,5,1,
56,6,425,362,99,23,1,5,1,
56,7,632,248,58,25,1,5,1,
56,9,675,226,75,17,1,5,1,
56,11,799,85,19,23,1,5,1,
56,14,761,175,74,25,1,5,1,
56,15,891,311,20,14,1,5,1,
56,16,387,325,112,26,1,5,1,
56,18,783,510,36,15,1,5,1,
56,19,853,162,19,21,1,5,1,
56,22,789,388,26,10,1,5,1,
56,25,777,291,11,9,1,5,1,
56,26,690,360,33,12,1,5,1,
56,27,592,431,61,16,1,5,1,
56,28,441,486,157,45,1,5,1,
56,29,718,125,121,39,1,5,1,
57,1,925,258,22,14,1,5,1,
57,2,678,473,76,22,1,5,1,
57,5,576,230,178,45,1,5,1,
57,6,435,362,98,23,1,5,1,
57,7,638,248,57,25,1,5,1,
57,9,685,226,72,17,1,5,1,
57,11,798,86,19,23,1,5,1,
57,14,767,175,71,25,1,5,1,
57,15,891,310,20,15,1,5,1,
57,16,395,326,113,26,1,5,1,
57,18,788,508,35,16,1,5,1,
57,19,852,163,19,21,1,5,1,
57,22,793,387,25,10,1,5,1,
57,25,776,290,11,9,1,5,1,
57,26,687,360,33,11,1,5,1,
57,27,599,431,61,15,1,5,1,
57,28,453,486,157,45,1,5,1,
57,29,729,126,117,38,1,5,1,
58,1,924,258,22,14,1,5,1,
58,2,686,472,75,22,1,5,1,
58,5,592,230,175,45,1,5,1,
58,6,445,361,96,23,1,5,1,
58,7,646,248,48,25,1,5,1,
58,9,696,226,66,18,1,5,1,
58,11,796,88,19,23,1,5,1,
58,14,773,175,69,26,1,5,1,
58,15,892,310,20,14,1,5,1,
58,16,405,327,112,26,1,5,1,
58,18,793,507,34,16,1,5,1,
58,19,851,164,19,21,1,5,1,
58,22,797,386,23,11,1,5,1,
58,25,775,290,12,9,1,5,1,
58,26,684,359,34,11,1,5,1,
58,27,606,430,60,16,1,5,1,
58,28,466,486,156,45,1,5,1,
58,29,743,125,103,40,1,5,1,
59,1,924,259,21,13,1,5,1,
59,2,694,471,74,22,1,5,1,
59,5,608,231,171,43,1,5,1,
59,6,454,360,96,23,1,5,1,
59,7,655,248,40,24,1,5,1,
59,9,706,227,61,17,1,5,1,
59,11,794,90,20,22,1,5,1,
59,14,779,176,66,25,1,5,1,
59,15,893,310,20,14,1,5,1,
59,16,414,327,113,26,1,5,1,
59,18,798,506,32,16,1,5,1,
59,19,849,165,20,21,1,5,1,
59,22,801,385,22,11,1,5,1,
59,25,774,290,12,9,1,5,1,
59,26,682,358,33,11,1,5,1,
59,27,613,430,60,15,1,5,1,
59,28,478,486,156,45,1,5,1,
59,29,757,124,89,43,1,5,1,
60,1,923,259,21,13,1,5,1,
60,2,701,470,74,22,1,5,1,
60,5,625,231,165,43,1,5,1,
60,6,462,359,98,24,1,5,1,
60,7,661,248,37,24,1,5,1,
60,9,716,227,56,17,1,5,1,
60,11,792,91,20,22,1,5,1,
60,14,785,176,64,25,1,5,1,
60,15,894,309,19,14,1,5,1,
60,16,423,327,113,26,1,5,1,
60,18,802,505,32,16,1,5,1,
60,19,848,166,20,21,1,5,1,
60,22,804,385,21,10,1,5,1,
60,25,773,290,12,8,1,5,1,
60,26,679,358,33,10,1,5,1,
60,27,620,430,59,15,1,5,1,
60,28,490,486,156,45,1,5,1,
60,29,773,124,70,44,1,5,1,
61,1,922,259,21,13,1,5,1,
61,2,709,470,72,21,1,5,1,
61,5,641,231,160,43,1,5,1,
61,6,471,358,98,24,1,5,1,
61,7,665,249,36,23,1,5,1,
61,9,724,227,55,18,1,5,1,
61,11,791,93,20,22,1,5,1,
61,14,790,176,62,26,1,5,1,
61,15,895,309,19,14,1,5,1,
61,16,432,327,113,25,1,5,1,
61,18,807,503,31,16,1,5,1,
61,19,846,167,21,20,1,5,1,
61,22,807,384,21,10,1,5,1,
61,25,772,290,12,8,1,5,1,
61,26,676,357,34,10,1,5,1,
61,27,627,429,59,15,1,5,1,
61,28,503,486,155,45,1,5,1,
61,29,786,124,56,45,1,5,1,
62,1,921,259,21,13,1,5,1,
62,2,717,469,70,21,1,5,1,
62,5,656,231,156,43,1,5,1,
62,6,480,358,99,24,1,5,1,
62,7,669,249,35,23,1,5,1,
62,9,731,228,55,17,1,5,1,
62,11,789,95,20,21,1,5,1,
62,14,795,177,60,25,1,5,1,
62,15,895,309,19,13,1,5,1,
62,16,442,327,112,25,1,5,1,
62,18,811,502,30,16,1,5,1,
62,19,845,168,21,20,1,5,1,
62,22,811,383,19,10,1,5,1,
62,25,770,290,13,8,1,5,1,
62,26,673,356,34,10,1,5,1,
62,27,634,429,58,15,1,5,1,
62,28,515,486,154,44,1,5,1,
62,29,794,125,52,45,1,5,1,
63,1,920,259,21,13,1,5,1,
63,2,726,468,67,21,1,5,1,
63,5,671,231,153,43,1,5,1,
63,6,488,360,100,24,1,5,1,
63,7,672,249,35,23,1,5,1,
63,9,737,228,56,17,1,5,1,
63,11,787,96,20,22,1,5,1,
63,14,800,177,58,25,1,5,1,
63,15,896,308,19,14,1,5,1,
63,16,451,327,112,25,1,5,1,
63,18,815,501,29,16,1,5,1,
63,19,843,169,21,20,1,5,1,
63,22,814,382,18,11,1,5,1,
63,25,769,289,13,9,1,5,1,
63,26,671,356,33,10,1,5,1,
63,27,641,428,57,15,1,5,1,
63,28,528,485,153,45,1,5,1,
63,29,800,127,49,44,1,5,1,
64,1,920,259,20,13,1,5,1,
64,2,733,467,66,21,1,5,1,
64,4,951,240,8,8,1,5,1,
64,5,685,232,150,41,1,5,1,
64,6,497,362,101,23,1,5,1,
64,7,676,249,33,23,1,5,1,
64,9,744,228,56,17,1,5,1,
64,11,785,98,21,21,1,5,1,
64,14,805,178,56,25,1,5,1,
64,15,896,308,19,14,1,5,1,
64,16,461,327,111,25,1,5,1,
64,18,820,499,27,16,1,5,1,
64,19,842,170,21,20,1,5,1,
64,22,815,382,22,10,1,5,1,
64,25,768,289,13,8,1,5,1,
64,26,668,355,33,10,1,5,1,
64,27,649,427,53,15,1,5,1,
64,28,541,485,151,45,1,5,1,
64,29,805,129,48,43,1,5,1,
65,1,919,259,20,13,1,5,1,
65,2,741,465,63,21,1,5,1,
65,4,947,239,12,11,1,5,1,
65,5,700,232,146,41,1,5,1,
65,6,507,363,100,23,1,5,1,
65,7,679,250,33,22,1,5,1,
65,9,752,229,55,16,1,5,1,
65,11,783,99,21,21,1,5,1,
65,14,810,178,53,25,1,5,1,
65,15,897,308,18,13,1,5,1,
65,16,471,326,110,26,1,5,1,
65,18,823,498,29,16,1,5,1,
65,19,840,171,22,20,1,5,1,
65,22,817,382,25,10,1,5,1,
65,25,768,289,11,8,1,5,1,
65,26,665,354,34,10,1,5,1,
65,27,657,426,51,15,1,5,1,
65,28,554,485,150,45,1,5,1,
65,29,811,131,45,42,1,5,1,
66,1,919,259,20,13,1,5,1,
66,2,749,464,60,21,1,5,1,
66,4,944,239,16,12,1,5,1,
66,5,718,233,129,41,1,5,1,
66,6,516,363,101,23,1,5,1,
66,7,683,250,31,22,1,5,1,
66,9,759,229,55,17,1,5,1,
66,11,781,101,21,20,1,5,1,
66,14,815,178,51,26,1,5,1,
66,15,898,308,18,13,1,5,1,
66,16,480,326,110,26,1,5,1,
66,18,827,497,29,15,1,5,1,
66,19,838,172,22,19,1,5,1,
66,22,821,382,24,10,1,5,1,
66,25,767,289,12,8,1,5,1,
66,26,662,354,34,9,1,5,1,
66,27,663,425,50,15,1,5,1,
66,28,567,484,148,45,1,5,1,
66,29,817,133,42,42,1,5,1,
67,1,920,260,19,12,1,5,1,
67,2,755,463,59,21,1,5,1,
67,4,941,239,18,12,1,5,1,
67,5,734,233,117,42,1,5,1,
67,6,525,363,102,24,1,5,1,
67,7,686,250,31,22,1,5,1,
67,9,766,229,54,17,1,5,1,
67,11,779,103,21,20,1,5,1,
67,14,819,179,50,25,1,5,1,
67,15,898,307,18,13,1,5,1,
67,16,490,326,109,26,1,5,1,
67,18,831,496,28,15,1,5,1,
67,19,837,173,21,19,1,5,1,
67,22,824,381,24,10,1,5,1,
67,25,766,289,13,8,1,5,1,
67,26,659,353,34,10,1,5,1,
67,27,671,425,45,14,1,5,1,
67,28,579,484,146,44,1,5,1,
67,29,821,134,41,42,1,5,1,
68,1,920,260,19,13,1,5,1,
68,2,764,462,52,20,1,5,1,
68,4,937,240,22,11,1,5,1,
68,5,746,234,112,41,1,5,1,
68,6,535,363,101,24,1,5,1,
68,7,689,250,30,22,1,5,1,
68,9,773,229,53,17,1,5,1,
68,11,777,104,21,20,1,5,1,
68,14,823,179,48,25,1,5,1,
68,15,899,307,18,13,1,5,1,
68,16,499,326,108,25,1,5,1,
68,18,835,495,27,15,1,5,1,
68,19,835,174,22,18,1,5,1,
68,22,828,381,23,9,1,5,1,
68,25,764,289,15,8,1,5,1,
68,27,679,424,40,14,1,5,1,
68,28,592,483,144,44,1,5,1,
68,29,824,136,40,41,1,5,1,
69,1,919,260,20,13,1,5,1,
69,2,773,460,46,21,1,5,1,
69,4,934,240,25,11,1,5,1,
69,5,755,234,113,41,1,5,1,
69,6,544,364,102,23,1,5,1,
69,7,692,251,29,20,1,5,1,
69,9,780,230,52,16,1,5,1,
69,11,775,105,21,20,1,5,1,
69,14,827,180,46,25,1,5,1,
69,15,899,307,18,13,1,5,1,
69,16,508,325,108,26,1,5,1,
69,18,838,494,28,15,1,5,1,
69,19,834,175,22,18,1,5,1,
69,22,831,380,22,10,1,5,1,
69,25,761,289,18,8,1,5,1,
69,27,687,422,33,15,1,5,1,
69,28,604,483,143,43,1,5,1,
69,29,827,138,40,40,1,5,1,
70,1,918,260,21,13,1,5,1,
70,2,782,458,39,22,1,5,1,
70,4,931,240,28,11,1,5,1,
70,5,767,234,109,40,1,5,1,
70,6,554,364,101,23,1,5,1,
70,7,696,251,28,20,1,5,1,
70,9,788,230,49,16,1,5,1,
70,11,773,107,21,19,1,5,1,
70,14,831,180,44,25,1,5,1,
70,15,900,306,17,13,1,5,1,
70,16,518,325,106,26,1,5,1,
70,18,843,492,26,15,1,5,1,
70,19,832,175,22,19,1,5,1,
70,22,835,379,21,10,1,5,1,
70,25,758,289,21,8,1,5,1,
70,27,695,421,27,15,1,5,1,
70,28,617,482,140,44,1,5,1,
70,29,830,140,39,39,1,5,1,
71,1,917,260,21,13,1,5,1,
71,2,789,457,34,22,1,5,1,
71,4,928,241,31,11,1,5,1,
71,5,778,235,105,38,1,5,1,
71,6,564,364,101,23,1,5,1,
71,7,699,251,27,20,1,5,1,
71,9,795,230,48,16,1,5,1,
71,11,771,108,22,20,1,5,1,
71,14,835,181,42,25,1,5,1,
71,15,900,306,17,13,1,5,1,
71,16,527,325,106,25,1,5,1,
71,18,846,491,26,15,1,5,1,
71,19,830,176,23,18,1,5,1,
71,22,838,379,21,9,1,5,1,
71,25,755,289,23,8,1,5,1,
71,27,700,419,24,16,1,5,1,
71,28,628,481,139,44,1,5,1,
71,29,832,141,39,40,1,5,1,
72,1,916,260,21,13,1,5,1,
72,2,794,455,31,23,1,5,1,
72,3,0,36,38,62,1,5,1,
72,4,924,241,31,11,1,5,1,
72,5,789,235,101,38,1,5,1,
72,6,573,364,101,23,1,5,1,
72,7,702,251,26,20,1,5,1,
72,9,802,230,45,16,1,5,1,
72,11,768,110,23,19,1,5,1,
72,14,838,182,41,24,1,5,1,
72,15,900,306,17,13,1,5,1,
72,16,537,324,104,26,1,5,1,
72,18,850,490,24,15,1,5,1,
72,19,828,177,23,18,1,5,1,
72,22,841,378,20,10,1,5,1,
72,25,752,289,25,8,1,5,1,
72,27,703,418,24,16,1,5,1,
72,28,640,480,137,44,1,5,1,
72,29,834,143,39,39,1,5,1,
73,1,915,260,21,13,1,5,1,
73,2,798,453,30,23,1,5,1,
73,3,0,30,46,64,1,5,1,
73,4,921,242,31,10,1,5,1,
73,5,800,235,96,38,1,5,1,
73,6,583,364,100,23,1,5,1,
73,7,705,251,25,20,1,5,1,
73,9,809,230,43,16,1,5,1,
73,10,881,0,29,8,1,5,1,
73,11,766,111,23,19,1,5,1,
73,14,842,182,39,25,1,5,1,
73,15,900,306,17,12,1,5,1,
73,16,546,324,103,26,1,5,1,
73,18,854,489,23,15,1,5,1,
73,19,826,178,23,18,1,5,1,
73,22,844,377,19,10,1,5,1,
73,25,750,289,24,7,1,5,1,
73,27,707,417,22,15,1,5,1,
73,28,653,480,134,43,1,5,1,
73,29,836,145,38,38,1,5,1,
74,1,914,261,21,12,1,5,1,
74,2,803,451,28,23,1,5,1,
74,3,0,24,55,66,1,5,1,
74,4,917,242,32,10,1,5,1,
74,5,810,236,92,37,1,5,1,
74,6,594,364,98,23,1,5,1,
74,7,708,252,24,19,1,5,1,
74,9,815,231,41,16,1,5,1,
74,10,886,0,30,8,1,5,1,
74,11,764,112,23,19,1,5,1,
74,14,846,183,37,24,1,5,1,
74,15,901,306,16,12,1,5,1,
74,16,556,324,101,25,1,5,1,
74,18,857,487,23,15,1,5,1,
74,19,824,179,23,18,1,5,1,
74,22,848,377,18,9,1,5,1,
74,25,747,289,24,7,1,5,1,
74,27,710,415,21,16,1,5,1,
74,28,665,479,132,43,1,5,1,
74,29,838,147,38,37,1,5,1,
75,1,913,261,21,12,1,5,1,
75,2,807,449,26,23,1,5,1,
75,3,0,18,65,68,1,5,1,
75,4,914,242,31,11,1,5,1,
75,5,820,236,88,37,1,5,1,
75,6,604,364,98,23,1,5,1,
75,7,710,252,24,19,1,5,1,
75,9,822,231,38,16,1,5,1,
75,10,891,0,31,9,1,5,1,
75,11,762,114,22,18,1,5,1,
75,14,849,183,35,25,1,5,1,
75,15,901,305,16,13,1,5,1,
75,16,565,323,100,26,1,5,1,
75,18,861,486,22,15,1,5,1,
75,19,822,180,24,17,1,5,1,
75,22,851,376,17,10,1,5,1,
75,25,744,289,24,7,1,5,1,
75,27,714,414,20,15,1,5,1,
75,28,678,478,128,43,1,5,1,
75,29,840,148,37,37,1,5,1,
76,1,912,261,21,12,1,5,1,
76,2,810,448,25,22,1,5,1,
76,3,0,11,79,70,1,5,1,
76,4,911,243,31,10,1,5,1,
76,5,829,237,85,36,1,5,1,
76,6,614,364,97,23,1,5,1,
76,7,713,252,23,19,1,5,1,
76,9,827,231,37,16,1,5,1,
76,10,895,0,32,10,1,5,1,
76,11,759,115,23,18,1,5,1,
76,14,852,184,34,24,1,5,1,
76,15,901,305,16,12,1,5,1,
76,16,574,323,99,26,1,5,1,
76,18,864,485,21,15,1,5,1,
76,19,819,180,25,18,1,5,1,
76,22,853,375,17,10,1,5,1,
76,25,741,288,25,8,1,5,1,
76,27,716,412,20,16,1,5,1,
76,28,690,477,125,43,1,5,1,
76,29,841,150,37,36,1,5,1,
77,1,911,261,21,12,1,5,1,
77,2,813,446,25,22,1,5,1,
77,3,0,4,93,73,1,5,1,
77,4,907,243,31,10,1,5,1,
77,5,838,237,82,36,1,5,1,
77,6,623,364,96,23,1,5,1,
77,7,715,252,22,19,1,5,1,
77,9,833,231,35,16,1,5,1,
77,10,899,0,34,10,1,5,1,
77,11,757,116,23,18,1,5,1,
77,14,855,184,32,24,1,5,1,
77,15,901,305,16,12,1,5,1,
77,16,583,323,97,25,1,5,1,
77,18,867,483,20,15,1,5,1,
77,19,817,181,25,17,1,5,1,
77,22,856,375,16,9,1,5,1,
77,25,738,288,25,7,1,5,1,
77,27,719,411,19,15,1,5,1,
77,28,701,476,123,42,1,5,1,
77,29,843,152,36,35,1,5,1,
78,1,910,261,21,12,1,5,1,
78,2,817,444,23,22,1,5,1,
78,3,0,0,109,72,1,5,1,
78,4,907,243,26,10,1,5,1,
78,5,846,237,79,36,1,5,1,
78,6,635,364,90,22,1,5,1,
78,7,717,253,22,18,1,5,1,
78,9,838,232,34,15,1,5,1,
78,10,903,0,35,11,1,5,1,
78,11,755,118,23,17,1,5,1,
78,14,857,185,32,24,1,5,1,
78,15,901,305,16,12,1,5,1,
78,16,592,323,95,25,1,5,1,
78,18,870,482,20,15,1,5,1,
78,19,815,182,25,17,1,5,1,
78,22,860,374,13,10,1,5,1,
78,25,736,288,24,7,1,5,1,
78,27,722,410,18,15,1,5,1,
78,28,713,475,120,42,1,5,1,
78,29,844,153,36,35,1,5,1,
79,1,908,261,22,12,1,5,1,
79,2,820,443,22,21,1,5,1,
79,3,0,0,126,67,1,5,1,
79,4,907,243,20,10,1,5,1,
79,5,855,238,75,35,1,5,1,
79,6,649,363,81,23,1,5,1,
79,7,718,253,22,18,1,5,1,
79,9,844,232,28,16,1,5,1,
79,10,907,0,36,12,1,5,1,
79,11,752,119,24,17,1,5,1,
79,14,858,186,34,23,1,5,1,
79,15,901,304,16,12,1,5,1,
79,16,602,322,92,25,1,5,1,
79,18,874,481,17,15,1,5,1,
79,19,813,183,25,17,1,5,1,
79,22,862,374,11,9,1,5,1,
79,25,733,288,24,7,1,5,1,
79,27,725,408,17,15,1,5,1,
79,28,725,474,116,42,1,5,1,
79,29,845,155,36,34,1,5,1,
80,1,907,261,21,12,1,5,1,
80,2,823,441,21,21,1,5,1,
80,3,0,-5,144,67,1,5,1,
80,4,906,243,17,10,1,5,1,
80,5,863,238,71,35,1,5,1,
80,6,661,362,73,23,1,5,1,
80,7,720,253,22,18,1,5,1,
80,9,848,233,27,15,1,5,1,
80,10,910,0,38,13,1,5,1,
80,11,750,120,24,18,1,5,1,
80,14,859,187,36,23,1,5,1,
80,15,902,304,15,12,1,5,1,
80,16,611,322,90,25,1,5,1,
80,18,877,479,16,16,1,5,1,
80,19,811,184,25,16,1,5,1,
80,22,862,373,12,9,1,5,1,
80,25,730,288,24,7,1,5,1,
80,27,727,407,17,15,1,5,1,
80,28,737,473,112,41,1,5,1,
80,29,846,156,36,34,1,5,1,
81,1,906,261,20,12,1,5,1,
81,2,825,439,21,22,1,5,1,
81,3,0,-12,164,69,1,5,1,
81,4,906,244,14,9,1,5,1,
81,5,871,239,67,34,1,5,1,
81,6,671,361,68,23,1,5,1,
81,7,721,253,22,18,1,5,1,
81,9,851,233,26,16,1,5,1,
81,10,914,0,39,14,1,5,1,
81,11,748,122,24,17,1,5,1,
81,14,861,187,37,23,1,5,1,
81,15,902,304,15,12,1,5,1,
81,16,620,322,87,25,1,5,1,
81,18,880,478,15,15,1,5,1,
81,19,809,185,25,16,1,5,1,
81,22,862,372,12,9,1,5,1,
81,25,727,288,25,7,1,5,1,
81,27,730,406,15,14,1,5,1,
81,28,747,472,110,41,1,5,1,
81,29,847,158,35,33,1,5,1,
82,1,905,261,20,11,1,5,1,
82,2,827,438,21,21,1,5,1,
82,3,8,-20,176,72,1,5,1,
82,4,908,244,12,10,1,5,1,
82,5,878,239,64,34,1,5,1,
82,6,679,360,66,23,1,5,1,
82,7,722,253,22,18,1,5,1,
82,9,854,234,26,15,1,5,1,
82,10,917,0,41,15,1,5,1,
82,11,745,123,24,17,1,5,1,
82,14,863,188,38,23,1,5,1,
82,15,902,304,15,11,1,5,1,
82,16,629,322,84,24,1,5,1,
82,18,882,476,14,16,1,5,1,
82,19,807,185,25,17,1,5,1,
82,22,862,371,12,9,1,5,1,
82,25,724,288,25,6,1,5,1,
82,27,732,405,15,14,1,5,1,
82,28,758,471,107,40,1,5,1,
82,29,848,159,35,33,1,5,1,
83,1,904,261,20,11,1,5,1,
83,2,829,436,20,21,1,5,1,
83,3,18,-27,182,73,1,5,1,
83,4,908,244,13,10,1,5,1,
83,5,885,239,61,34,1,5,1,
83,6,687,360,64,22,1,5,1,
83,7,723,254,21,17,1,5,1,
83,9,857,234,26,15,1,5,1,
83,10,921,0,38,15,1,5,1,
83,14,866,189,37,22,1,5,1,
83,15,902,303,15,12,1,5,1,
83,16,638,322,81,24,1,5,1,
83,18,883,475,14,16,1,5,1,
83,19,805,186,25,16,1,5,1,
83,22,862,370,12,9,1,5,1,
83,25,721,287,25,7,1,5,1,
83,27,734,403,15,14,1,5,1,
83,28,769,469,104,41,1,5,1,
83,29,849,161,34,32,1,5,1,
84,1,903,261,19,11,1,5,1,
84,2,831,434,20,21,1,5,1,
84,3,29,-35,188,76,1,5,1,
84,4,909,244,13,10,1,5,1,
84,5,891,240,59,33,1,5,1,
84,6,694,359,62,22,1,5,1,
84,7,724,254,21,17,1,5,1,
84,9,860,235,25,14,1,5,1,
84,10,923,0,37,16,1,5,1,
84,14,868,189,37,22,1,5,1,
84,15,902,303,15,12,1,5,1,
84,16,646,321,79,25,1,5,1,
84,18,884,473,14,16,1,5,1,
84,19,802,187,26,16,1,5,1,
84,22,862,370,12,9,1,5,1,
84,25,719,287,24,7,1,5,1,
84,27,736,402,14,14,1,5,1,
84,28,778,468,102,40,1,5,1,
84,29,850,162,33,32,1,5,1,
85,1,902,261,19,11,1,5,1,
85,2,832,433,21,20,1,5,1,
85,3,41,-43,192,79,1,5,1,
85,4,909,244,13,10,1,5,1,
85,5,897,240,57,33,1,5,1,
85,6,701,358,61,22,1,5,1,
85,7,725,254,21,17,1,5,1,
85,9,863,235,25,15,1,5,1,
85,10,926,0,34,17,1,5,1,
85,14,871,190,36,22,1,5,1,
85,15,902,303,15,11,1,5,1,
85,16,654,321,77,24,1,5,1,
85,18,885,472,14,15,1,5,1,
85,19,800,188,26,15,1,5,1,
85,22,861,369,12,9,1,5,1,
85,25,716,287,24,7,1,5,1,
85,27,738,401,14,14,1,5,1,
85,28,788,467,99,40,1,5,1,
85,29,850,164,34,31,1,5,1,
86,1,901,261,19,11,1,5,1,
86,2,834,431,20,20,1,5,1,
86,4,910,244,13,10,1,5,1,
86,5,904,241,54,32,1,5,1,
86,6,708,357,59,22,1,5,1,
86,7,725,254,21,17,1,5,1,
86,9,867,235,23,15,1,5,1,
86,10,931,0,29,18,1,5,1,
86,14,874,190,34,22,1,5,1,
86,15,902,303,15,11,1,5,1,
86,16,663,321,74,23,1,5,1,
86,18,886,470,14,16,1,5,1,
86,19,798,188,26,16,1,5,1,
86,22,861,368,12,9,1,5,1,
86,25,713,287,24,7,1,5,1,
86,27,740,400,13,13,1,5,1,
86,28,798,466,96,39,1,5,1,
86,29,851,165,33,31,1,5,1,
87,1,900,262,19,10,1,5,1,
87,2,835,430,20,20,1,5,1,
87,4,911,245,13,9,1,5,1,
87,5,909,241,50,32,1,5,1,
87,6,714,357,58,21,1,5,1,
87,7,726,254,21,17,1,5,1,
87,9,869,236,23,14,1,5,1,
87,10,936,0,24,19,1,5,1,
87,14,877,191,33,21,1,5,1,
87,15,902,302,15,12,1,5,1,
87,16,669,320,73,24,1,5,1,
87,18,887,469,13,15,1,5,1,
87,19,796,189,26,15,1,5,1,
87,22,861,367,11,9,1,5,1,
87,25,710,287,25,7,1,5,1,
87,27,742,398,12,14,1,5,1,
87,28,807,464,94,39,1,5,1,
87,29,851,167,33,30,1,5,1,
88,1,898,262,20,10,1,5,1,
88,2,837,428,19,20,1,5,1,
88,4,911,245,13,9,1,5,1,
88,5,914,241,45,32,1,5,1,
88,6,721,356,56,21,1,5,1,
88,7,727,255,20,16,1,5,1,
88,9,872,236,22,14,1,5,1,
88,10,941,1,19,13,1,5,1,
88,14,880,191,31,22,1,5,1,
88,15,902,302,15,11,1,5,1,
88,16,677,320,70,23,1,5,1,
88,18,888,467,13,15,1,5,1,
88,19,793,190,27,15,1,5,1,
88,22,861,366,11,9,1,5,1,
88,27,743,397,13,14,1,5,1,
88,28,816,463,92,39,1,5,1,
88,29,852,168,32,30,1,5,1,
89,1,897,262,20,10,1,5,1,
89,2,838,426,20,20,1,5,1,
89,4,912,245,12,9,1,5,1,
89,5,919,242,41,31,1,5,1,
89,6,726,355,55,21,1,5,1,
89,7,727,255,20,16,1,5,1,
89,9,875,236,21,14,1,5,1,
89,14,882,192,31,21,1,5,1,
89,15,902,302,15,11,1,5,1,
89,16,684,320,68,23,1,5,1,
89,18,889,466,13,15,1,5,1,
89,19,791,191,27,15,1,5,1,
89,22,861,365,11,9,1,5,1,
89,27,744,396,13,14,1,5,1,
89,28,824,462,91,38,1,5,1,
89,29,853,169,32,30,1,5,1,
90,1,895,262,22,10,1,5,1,
90,2,839,425,20,20,1,5,1,
90,4,912,245,13,9,1,5,1,
90,5,923,242,37,31,1,5,1,
90,6,732,354,54,21,1,5,1,
90,7,729,255,19,16,1,5,1,
90,9,877,237,22,14,1,5,1,
90,14,884,192,30,21,1,5,1,
90,15,902,302,14,10,1,5,1,
90,16,690,319,67,23,1,5,1,
90,18,890,464,13,15,1,5,1,
90,19,788,191,28,15,1,5,1,
90,22,860,365,12,8,1,5,1,
90,27,746,395,12,13,1,5,1,
90,28,832,461,89,37,1,5,1,
90,29,853,171,32,28,1,5,1,
91,1,890,262,28,10,1,5,1,
91,2,840,423,20,20,1,5,1,
91,4,912,245,13,9,1,5,1,
91,5,928,242,32,31,1,5,1,
91,6,738,354,53,20,1,5,1,
91,7,731,255,19,17,1,5,1,
91,9,879,237,22,14,1,5,1,
91,14,887,193,29,21,1,5,1,
91,15,901,301,15,11,1,5,1,
91,16,696,319,66,23,1,5,1,
91,18,890,463,13,15,1,5,1,
91,19,784,192,32,15,1,5,1,
91,22,860,364,11,8,1,5,1,
91,27,747,394,13,13,1,5,1,
91,28,840,459,87,38,1,5,1,
91,29,854,172,31,28,1,5,1,
92,1,885,262,33,10,1,5,1,
92,2,841,422,19,20,1,5,1,
92,4,912,246,12,9,1,5,1,
92,5,932,243,28,30,1,5,1,
92,6,743,353,52,20,1,5,1,
92,7,729,256,26,16,1,5,1,
92,9,881,237,23,14,1,5,1,
92,14,889,193,28,21,1,5,1,
92,15,901,301,14,11,1,5,1,
92,16,702,318,65,23,1,5,1,
92,18,891,462,13,14,1,5,1,
92,19,780,192,35,16,1,5,1,
92,22,859,363,12,9,1,5,1,
92,27,749,393,12,13,1,5,1,
92,28,848,458,85,37,1,5,1,
92,29,854,173,31,28,1,5,1,
93,1,880,262,37,10,1,5,1,
93,2,842,420,19,20,1,5,1,
93,4,912,246,12,9,1,5,1,
93,5,936,243,24,30,1,5,1,
93,6,749,352,51,21,1,5,1,
93,7,727,256,34,16,1,5,1,
93,9,884,238,23,13,1,5,1,
93,14,892,194,26,21,1,5,1,
93,15,900,301,14,11,1,5,1,
93,16,708,318,65,23,1,5,1,
93,18,891,460,13,15,1,5,1,
93,19,777,194,35,14,1,5,1,
93,22,859,362,12,9,1,5,1,
93,27,750,392,13,12,1,5,1,
93,28,857,457,83,36,1,5,1,
93,29,855,174,31,27,1,5,1,
94,1,876,262,39,10,1,5,1,
94,2,843,419,19,19,1,5,1,
94,4,911,246,13,9,1,5,1,
94,5,940,245,20,28,1,5,1,
94,6,754,351,51,21,1,5,1,
94,7,727,257,39,16,1,5,1,
94,9,886,238,23,13,1,5,1,
94,14,894,194,25,21,1,5,1,
94,15,900,301,13,10,1,5,1,
94,16,714,318,64,22,1,5,1,
94,18,892,459,13,14,1,5,1,
94,19,774,195,35,14,1,5,1,
94,22,859,362,10,8,1,5,1,
94,27,751,391,13,12,1,5,1,
94,28,864,455,82,36,1,5,1,
94,29,856,176,30,26,1,5,1,
95,1,873,262,38,10,1,5,1,
95,2,844,418,19,18,1,5,1,
95,4,911,246,12,9,1,5,1,
95,5,944,247,16,26,1,5,1,
95,6,760,350,49,20,1,5,1,
95,7,729,257,40,16,1,5,1,
95,9,889,238,22,14,1,5,1,
95,14,896,194,24,21,1,5,1,
95,15,899,300,14,11,1,5,1,
95,16,722,317,60,23,1,5,1,
95,18,892,457,13,14,1,5,1,
95,19,770,195,36,14,1,5,1,
95,22,859,361,10,8,1,5,1,
95,27,754,390,12,12,1,5,1,
95,28,877,453,71,35,1,5,1,
95,29,857,177,30,26,1,5,1,
96,1,869,262,39,10,1,5,1,
96,2,845,416,19,19,1,5,1,
96,4,910,246,13,9,1,5,1,
96,6,764,348,50,20,1,5,1,
96,7,732,257,41,16,1,5,1,
96,9,891,239,22,13,1,5,1,
96,14,898,195,23,21,1,5,1,
96,15,898,300,14,11,1,5,1,
96,16,727,317,60,22,1,5,1,
96,18,893,456,13,14,1,5,1,
96,19,767,196,36,14,1,5,1,
96,22,860,360,10,8,1,5,1,
96,27,755,389,12,12,1,5,1,
96,28,882,451,70,35,1,5,1,
96,29,857,178,30,26,1,5,1,
97,1,866,262,39,10,1,5,1,
97,2,846,415,19,18,1,5,1,
97,4,911,247,12,8,1,5,1,
97,6,767,347,51,20,1,5,1,
97,7,735,257,41,16,1,5,1,
97,9,894,239,21,13,1,5,1,
97,14,899,196,23,20,1,5,1,
97,15,898,300,13,10,1,5,1,
97,16,732,316,59,22,1,5,1,
97,18,894,455,12,13,1,5,1,
97,22,861,360,10,8,1,5,1,
97,27,756,388,12,12,1,5,1,
97,28,887,450,71,33,1,5,1,
97,29,858,179,30,25,1,5,1,
98,1,863,262,38,10,1,5,1,
98,2,846,414,19,18,1,5,1,
98,4,912,247,12,8,1,5,1,
98,6,768,346,59,20,1,5,1,
98,7,739,257,40,16,1,5,1,
98,9,896,239,21,13,1,5,1,
98,14,899,196,25,21,1,5,1,
98,15,897,300,14,10,1,5,1,
98,16,736,316,60,22,1,5,1,
98,18,895,453,12,14,1,5,1,
98,22,862,359,9,8,1,5,1,
98,27,758,387,11,12,1,5,1,
98,28,892,449,68,32,1,5,1,
98,29,859,180,29,25,1,5,1,
99,1,860,262,38,10,1,5,1,
99,2,847,412,19,18,1,5,1,
99,4,913,247,12,8,1,5,1,
99,6,768,346,68,20,1,5,1,
99,7,742,257,40,16,1,5,1,
99,9,898,239,21,13,1,5,1,
99,14,900,197,25,20,1,5,1,
99,15,897,300,13,10,1,5,1,
99,16,741,315,60,22,1,5,1,
99,18,895,452,13,13,1,5,1,
99,22,862,358,10,8,1,5,1,
99,27,759,386,12,12,1,5,1,
99,28,895,448,65,34,1,5,1,
99,29,859,181,29,25,1,5,1,
100,1,857,262,37,10,1,5,1,
100,2,848,411,18,18,1,5,1,
100,4,914,247,14,8,1,5,1,
100,6,770,346,77,20,1,5,1,
100,7,745,257,40,16,1,5,1,
100,9,901,240,20,13,1,5,1,
100,14,900,198,27,19,1,5,1,
100,15,896,299,13,10,1,5,1,
100,16,746,315,61,22,1,5,1,
100,18,896,451,12,13,1,5,1,
100,22,863,358,10,8,1,5,1,
100,27,760,385,12,12,1,5,1,
100,28,900,447,60,33,1,5,1,
100,29,860,182,29,24,1,5,1,
101,1,854,263,37,9,1,5,1,
101,2,848,410,18,18,1,5,1,
101,4,914,247,19,8,1,5,1,
101,6,775,346,77,20,1,5,1,
101,7,749,257,39,16,1,5,1,
101,9,903,240,20,13,1,5,1,
101,14,901,198,27,20,1,5,1,
101,15,896,299,13,10,1,5,1,
101,16,750,315,61,21,1,5,1,
101,18,897,450,12,13,1,5,1,
101,22,863,357,10,8,1,5,1,
101,27,761,384,12,12,1,5,1,
101,28,907,446,53,32,1,5,1,
101,29,860,183,28,24,1,5,1,
102,1,850,263,37,10,1,5,1,
102,2,849,408,18,18,1,5,1,
102,4,914,247,23,9,1,5,1,
102,6,782,346,75,21,1,5,1,
102,7,753,257,38,16,1,5,1,
102,9,905,240,20,13,1,5,1,
102,14,902,199,28,19,1,5,1,
102,15,895,299,13,10,1,5,1,
102,16,756,314,60,22,1,5,1,
102,18,897,448,12,13,1,5,1,
102,22,864,357,10,7,1,5,1,
102,27,762,383,12,12,1,5,1,
102,28,915,445,45,30,1,5,1,
102,29,860,184,29,24,1,5,1,
103,1,849,263,33,10,1,5,1,
103,2,849,407,18,18,1,5,1,
103,4,915,247,25,9,1,5,1,
103,6,792,347,69,20,1,5,1,
103,7,756,257,37,16,1,5,1,
103,9,907,241,20,12,1,5,1,
103,14,903,200,28,19,1,5,1,
103,15,895,299,13,10,1,5,1,
103,16,761,314,59,22,1,5,1,
103,18,898,447,12,13,1,5,1,
103,22,864,356,10,8,1,5,1,
103,27,763,382,12,12,1,5,1,
103,28,923,444,37,30,1,5,1,
103,29,861,185,28,23,1,5,1,
104,1,848,263,28,10,1,5,1,
104,2,849,406,18,17,1,5,1,
104,4,917,247,27,9,1,5,1,
104,6,803,347,61,20,1,5,1,
104,7,761,258,33,15,1,5,1,
104,9,910,241,18,12,1,5,1,
104,14,905,200,28,19,1,5,1,
104,15,895,299,13,9,1,5,1,
104,16,768,314,56,21,1,5,1,
104,18,898,446,12,13,1,5,1,
104,22,865,355,9,8,1,5,1,
104,27,764,381,12,12,1,5,1,
104,28,931,454,29,19,1,5,1,
104,29,861,186,28,23,1,5,1,
105,1,847,263,24,10,1,5,1,
105,2,849,404,18,18,1,5,1,
105,4,920,248,27,8,1,5,1,
105,6,813,348,53,19,1,5,1,
105,7,765,258,31,15,1,5,1,
105,9,912,241,18,12,1,5,1,
105,14,908,200,26,19,1,5,1,
105,15,894,298,13,10,1,5,1,
105,16,773,314,54,21,1,5,1,
105,18,899,445,11,12,1,5,1,
105,22,865,355,10,8,1,5,1,
105,27,765,380,11,12,1,5,1,
105,29,862,187,27,23,1,5,1,
106,1,845,264,23,9,1,5,1,
106,2,849,403,18,17,1,5,1,
106,4,924,248,25,8,1,5,1,
106,6,823,348,46,19,1,5,1,
106,7,768,258,31,15,1,5,1,
106,9,914,241,17,12,1,5,1,
106,14,911,200,23,19,1,5,1,
106,15,894,298,13,10,1,5,1,
106,16,779,313,52,21,1,5,1,
106,18,899,444,12,12,1,5,1,
106,21,904,535,29,8,1,5,1,
106,22,865,354,10,8,1,5,1,
106,27,766,379,11,12,1,5,1,
106,29,862,188,27,22,1,5,1,
107,1,843,264,22,9,1,5,1,
107,2,849,402,18,17,1,5,1,
107,4,927,248,24,8,1,5,1,
107,6,830,347,42,19,1,5,1,
107,7,770,258,34,14,1,5,1,
107,9,915,241,17,13,1,5,1,
107,14,910,200,24,19,1,5,1,
107,15,894,298,12,9,1,5,1,
107,16,784,313,51,21,1,5,1,
107,18,899,442,12,13,1,5,1,
107,21,907,532,28,11,1,5,1,
107,22,866,354,9,7,1,5,1,
107,27,767,379,11,11,1,5,1,
107,29,862,188,27,23,1,5,1,
108,1,841,264,22,9,1,5,1,
108,2,849,401,17,16,1,5,1,
108,4,931,248,22,8,1,5,1,
108,6,836,346,39,19,1,5,1,
108,7,771,257,39,14,1,5,1,
108,9,917,242,17,12,1,5,1,
108,14,909,200,24,19,1,5,1,
108,15,894,297,13,10,1,5,1,
108,16,789,313,50,21,1,5,1,
108,18,900,441,11,12,1,5,1,
108,21,909,529,28,14,1,5,1,
108,22,866,353,10,8,1,5,1,
108,27,768,378,11,11,1,5,1,
108,29,863,189,27,22,1,5,1,
109,1,839,264,22,9,1,5,1,
109,2,849,400,17,16,1,5,1,
109,4,935,248,18,8,1,5,1,
109,6,841,346,37,18,1,5,1,
109,7,773,257,43,14,1,5,1,
109,9,918,242,17,12,1,5,1,
109,14,908,200,24,19,1,5,1,
109,15,895,297,13,9,1,5,1,
109,16,794,313,49,20,1,5,1,
109,18,900,440,12,12,1,5,1,
109,21,911,526,28,17,1,5,1,
109,22,867,353,9,7,1,5,1,
109,27,769,377,11,11,1,5,1,
109,29,864,190,26,22,1,5,1,
110,2,850,399,16,16,1,5,1,
110,4,938,248,16,9,1,5,1,
110,6,846,344,34,19,1,5,1,
110,7,776,257,45,14,1,5,1,
110,9,920,242,16,12,1,5,1,
110,14,907,200,26,20,1,5,1,
110,15,896,296,14,9,1,5,1,
110,16,799,312,47,21,1,5,1,
110,18,900,439,12,12,1,5,1,
110,21,913,523,29,20,1,5,1,
110,22,867,352,9,8,1,5,1,
110,27,769,376,15,11,1,5,1,
110,29,866,191,26,21,1,5,1,
111,2,850,398,17,15,1,5,1,
111,4,941,249,13,8,1,5,1,
111,6,850,343,32,18,1,5,1,
111,7,781,257,41,14,1,5,1,
111,9,921,242,16,12,1,5,1,
111,14,906,201,24,20,1,5,1,
111,15,896,296,13,9,1,5,1,
111,16,803,312,46,20,1,5,1,
111,18,900,438,12,12,1,5,1,
111,21,915,520,30,23,1,5,1,
111,22,867,352,9,7,1,5,1,
111,27,769,376,18,10,1,5,1,
111,29,867,192,26,21,1,5,1,
112,2,851,397,16,15,1,5,1,
112,4,942,249,13,8,1,5,1,
112,6,853,342,30,18,1,5,1,
112,7,786,257,37,15,1,5,1,
112,9,923,243,15,11,1,5,1,
112,12,949,302,10,10,1,5,1,
112,14,907,202,22,20,1,5,1,
112,15,895,296,13,9,1,5,1,
112,16,808,312,44,20,1,5,1,
112,18,900,437,12,11,1,5,1,
112,21,917,517,30,26,1,5,1,
112,22,866,351,11,8,1,5,1,
112,27,770,375,19,10,1,5,1,
112,29,867,193,26,20,1,5,1,
113,2,851,395,17,16,1,5,1,
113,4,943,249,13,9,1,5,1,
113,6,855,341,30,19,1,5,1,
113,7,791,258,33,14,1,5,1,
113,9,924,243,15,11,1,5,1,
113,12,945,302,14,10,1,5,1,
113,14,907,203,21,20,1,5,1,
113,15,894,296,12,9,1,5,1,
113,16,812,311,43,20,1,5,1,
113,18,900,435,12,12,1,5,1,
113,21,919,514,29,29,1,5,1,
113,22,864,351,13,7,1,5,1,
113,27,772,375,19,9,1,5,1,
113,29,867,193,25,21,1,5,1,
114,2,852,394,16,15,1,5,1,
114,4,944,249,13,9,1,5,1,
114,6,857,340,30,19,1,5,1,
114,7,794,258,33,14,1,5,1,
114,9,925,243,15,12,1,5,1,
114,12,942,301,17,11,1,5,1,
114,14,908,204,21,20,1,5,1,
114,15,893,296,12,9,1,5,1,
114,16,817,311,41,20,1,5,1,
114,18,899,434,13,12,1,5,1,
114,21,921,511,29,32,1,5,1,
114,22,862,350,16,8,1,5,1,
114,27,774,374,19,10,1,5,1,
114,29,867,194,25,20,1,5,1,
115,2,852,393,17,15,1,5,1,
115,4,945,250,14,8,1,5,1,
115,6,859,340,31,18,1,5,1,
115,7,797,258,32,14,1,5,1,
115,9,925,243,15,12,1,5,1,
115,12,939,301,20,10,1,5,1,
115,14,908,206,21,18,1,5,1,
115,15,892,296,13,9,1,5,1,
115,16,821,311,40,19,1,5,1,
115,18,898,433,14,12,1,5,1,
115,21,923,509,29,33,1,5,1,
115,22,860,350,17,7,1,5,1,
115,27,776,373,19,10,1,5,1,
115,29,867,195,25,20,1,5,1,
116,2,853,392,16,15,1,5,1,
116,4,945,250,14,9,1,5,1,
116,6,863,339,29,18,1,5,1,
116,7,800,258,31,14,1,5,1,
116,9,926,244,15,11,1,5,1,
116,12,936,301,23,11,1,5,1,
116,14,909,207,20,17,1,5,1,
116,15,891,295,14,9,1,5,1,
116,16,825,310,39,20,1,5,1,
116,18,898,431,14,13,1,5,1,
116,21,925,506,29,33,1,5,1,
116,22,858,349,18,7,1,5,1,
116,27,779,373,18,9,1,5,1,
116,29,867,195,25,20,1,5,1,
117,2,853,391,16,15,1,5,1,
117,4,946,251,13,8,1,5,1,
117,6,866,339,28,18,1,5,1,
117,7,802,258,32,14,1,5,1,
117,9,926,244,15,11,1,5,1,
117,12,933,300,26,12,1,5,1,
117,14,909,207,21,18,1,5,1,
117,15,889,295,16,9,1,5,1,
117,16,829,310,38,19,1,5,1,
117,18,897,430,14,12,1,5,1,
117,21,927,504,28,32,1,5,1,
117,22,856,348,19,8,1,5,1,
117,27,781,372,17,10,1,5,1,
117,29,867,196,25,20,1,5,1,
118,2,853,390,16,15,1,5,1,
118,4,948,251,12,8,1,5,1,
118,6,870,338,26,18,1,5,1,
118,7,805,258,31,14,1,5,1,
118,9,927,244,14,11,1,5,1,
118,12,930,300,29,11,1,5,1,
118,14,909,208,21,17,1,5,1,
118,15,887,295,18,8,1,5,1,
118,16,833,310,36,19,1,5,1,
118,18,896,429,15,12,1,5,1,
118,21,929,501,28,32,1,5,1,
118,22,854,348,19,7,1,5,1,
118,27,783,372,17,9,1,5,1,
118,29,867,197,25,19,1,5,1,
119,2,853,389,16,15,1,5,1,
119,4,950,251,10,8,1,5,1,
119,6,873,337,25,18,1,5,1,
119,7,808,258,30,14,1,5,1,
119,9,927,244,15,11,1,5,1,
119,12,927,300,32,11,1,5,1,
119,14,909,208,21,17,1,5,1,
119,15,885,295,19,8,1,5,1,
119,16,837,310,34,19,1,5,1,
119,18,895,428,15,12,1,5,1,
119,21,930,499,28,31,1,5,1,
119,22,852,347,20,7,1,5,1,
119,27,786,371,16,10,1,5,1,
119,29,867,198,25,19,1,5,1,
120,2,853,388,16,14,1,5,1,
120,4,952,251,8,8,1,5,1,
120,6,876,337,24,17,1,5,1,
120,7,811,258,29,14,1,5,1,
120,9,927,245,15,10,1,5,1,
120,12,924,300,35,11,1,5,1,
120,14,910,208,20,17,1,5,1,
120,15,883,294,19,9,1,5,1,
120,16,841,309,33,19,1,5,1,
120,18,894,427,15,11,1,5,1,
120,21,932,497,27,30,1,5,1,
120,22,850,347,20,7,1,5,1,
120,27,788,370,15,10,1,5,1,
120,29,867,198,24,19,1,5,1,
121,2,853,387,16,14,1,5,1,
121,4,953,251,7,8,1,5,1,
121,6,878,336,23,18,1,5,1,
121,7,814,259,28,13,1,5,1,
121,9,928,245,14,11,1,5,1,
121,12,921,299,38,11,1,5,1,
121,14,910,209,20,17,1,5,1,
121,15,881,294,20,9,1,5,1,
121,16,844,309,32,19,1,5,1,
121,18,893,425,15,12,1,5,1,
121,21,933,494,26,30,1,5,1,
121,22,848,346,20,7,1,5,1,
121,27,790,370,15,9,1,5,1,
121,29,867,199,24,19,1,5,1,
122,2,853,386,16,14,1,5,1,
122,4,954,251,6,8,1,5,1,
122,6,879,336,24,17,1,5,1,
122,7,816,259,27,13,1,5,1,
122,9,928,245,14,11,1,5,1,
122,12,918,299,40,11,1,5,1,
122,14,909,209,20,17,1,5,1,
122,15,880,294,19,8,1,5,1,
122,16,848,309,31,18,1,5,1,
122,18,891,424,16,12,1,5,1,
122,21,935,492,24,29,1,5,1,
122,22,846,345,20,7,1,5,1,
122,27,792,369,14,10,1,5,1,
122,29,867,200,23,18,1,5,1,
123,2,853,386,15,13,1,5,1,
123,4,956,251,4,8,1,5,1,
123,6,881,335,23,17,1,5,1,
123,7,819,259,26,13,1,5,1,
123,9,928,245,14,10,1,5,1,
123,14,909,209,20,17,1,5,1,
123,15,878,294,19,8,1,5,1,
123,16,851,309,30,18,1,5,1,
123,18,890,423,16,11,1,5,1,
123,21,936,490,23,29,1,5,1,
123,22,844,345,20,7,1,5,1,
123,27,794,369,14,9,1,5,1,
123,29,867,200,23,19,1,5,1,
124,2,853,385,15,13,1,5,1,
124,6,882,335,24,17,1,5,1,
124,7,821,259,26,13,1,5,1,
124,9,928,245,15,10,1,5,1,
124,14,909,210,20,16,1,5,1,
124,15,876,294,19,8,1,5,1,
124,16,854,308,29,19,1,5,1,
124,18,889,422,16,11,1,5,1,
124,21,938,488,22,28,1,5,1,
124,22,841,344,21,7,1,5,1,
124,27,795,368,14,9,1,5,1,
124,29,866,201,24,18,1,5,1,
125,2,852,384,16,13,1,5,1,
125,6,884,334,23,17,1,5,1,
125,7,823,259,25,13,1,5,1,
125,9,928,245,15,10,1,5,1,
125,14,909,210,20,17,1,5,1,
125,15,874,294,19,8,1,5,1,
125,16,857,308,28,18,1,5,1,
125,18,888,421,16,11,1,5,1,
125,21,938,485,21,29,1,5,1,
125,27,797,367,13,10,1,5,1,
125,29,866,202,23,18,1,5,1,
126,2,852,383,15,13,1,5,1,
126,6,885,334,23,16,1,5,1,
126,7,826,259,24,13,1,5,1,
126,9,928,245,14,10,1,5,1,
126,14,909,211,19,16,1,5,1,
126,15,872,293,20,8,1,5,1,
126,16,859,308,28,18,1,5,1,
126,18,886,419,17,12,1,5,1,
126,21,938,482,22,30,1,5,1,
126,27,798,367,13,9,1,5,1,
126,29,866,202,23,18,1,5,1,
127,2,852,382,15,14,1,5,1,
127,6,886,333,23,17,1,5,1,
127,7,829,259,22,13,1,5,1,
127,9,927,245,15,10,1,5,1,
127,14,908,211,20,16,1,5,1,
127,15,870,293,20,8,1,5,1,
127,16,862,308,27,17,1,5,1,
127,18,885,418,17,12,1,5,1,
127,21,938,480,22,30,1,5,1,
127,27,800,366,13,10,1,5,1,
127,29,866,203,22,17,1,5,1,
128,2,851,381,15,13,1,5,1,
128,4,955,251,4,8,1,5,1,
128,6,887,332,23,17,1,5,1,
128,7,832,259,21,13,1,5,1,
128,9,927,246,14,9,1,5,1,
128,14,908,212,19,15,1,5,1,
128,15,868,293,20,8,1,5,1,
128,16,865,307,25,18,1,5,1,
128,18,884,417,17,12,1,5,1,
128,21,939,477,20,30,1,5,1,
128,27,802,366,12,9,1,5,1,
128,29,865,203,22,18,1,5,1,
129,2,851,380,15,13,1,5,1,
129,4,953,251,6,8,1,5,1,
129,6,888,332,23,16,1,5,1,
129,7,834,259,20,13,1,5,1,
129,9,926,246,14,10,1,5,1,
129,14,907,212,19,16,1,5,1,
129,16,868,307,24,18,1,5,1,
129,18,882,416,17,11,1,5,1,
129,21,939,475,20,29,1,5,1,
129,27,803,365,12,9,1,5,1,
129,29,865,204,22,17,1,5,1,
130,2,850,379,16,13,1,5,1,
130,4,952,251,7,8,1,5,1,
130,6,889,331,23,17,1,5,1,
130,7,837,259,18,13,1,5,1,
130,9,926,246,13,10,1,5,1,
130,14,906,212,19,16,1,5,1,
130,16,871,307,23,17,1,5,1,
130,18,881,415,17,11,1,5,1,
130,21,940,473,19,28,1,5,1,
130,27,805,364,11,10,1,5,1,
130,29,864,205,22,17,1,5,1,
131,2,849,378,16,13,1,5,1,
131,4,950,251,9,8,1,5,1,
131,6,890,331,23,16,1,5,1,
131,7,838,259,18,13,1,5,1,
131,9,925,246,14,10,1,5,1,
131,14,905,212,19,16,1,5,1,
131,16,873,307,23,17,1,5,1,
131,18,879,414,18,11,1,5,1,
131,21,940,471,19,28,1,5,1,
131,27,806,364,11,9,1,5,1,
131,29,863,205,22,17,1,5,1,
132,2,849,377,16,13,1,5,1,
132,4,949,252,10,7,1,5,1,
132,6,891,330,22,16,1,5,1,
132,7,840,259,17,13,1,5,1,
132,9,924,246,14,10,1,5,1,
132,14,905,213,19,16,1,5,1,
132,16,875,306,22,18,1,5,1,
132,18,878,413,17,11,1,5,1,
132,21,941,469,18,27,1,5,1,
132,27,807,363,11,9,1,5,1,
132,29,863,206,21,17,1,5,1,
133,2,848,376,16,13,1,5,1,
133,4,948,252,11,8,1,5,1,
133,6,891,330,23,16,1,5,1,
133,7,841,259,17,13,1,5,1,
133,9,923,247,14,9,1,5,1,
133,14,904,213,19,16,1,5,1,
133,16,877,306,22,17,1,5,1,
133,18,876,412,18,11,1,5,1,
133,21,941,467,18,27,1,5,1,
133,27,809,363,10,9,1,5,1,
133,29,862,206,21,17,1,5,1,
134,2,847,375,17,13,1,5,1,
134,4,947,252,12,8,1,5,1,
134,6,892,329,22,16,1,5,1,
134,7,843,259,16,13,1,5,1,
134,9,922,247,14,9,1,5,1,
134,14,903,214,19,15,1,5,1,
134,16,879,306,21,17,1,5,1,
134,18,874,411,19,10,1,5,1,
134,21,941,465,18,26,1,5,1,
134,27,810,362,10,9,1,5,1,
134,29,861,207,21,16,1,5,1,
135,2,846,375,17,13,1,5,1,
135,4,946,252,12,8,1,5,1,
135,6,892,329,22,15,1,5,1,
135,7,844,259,16,13,1,5,1,
135,9,921,247,14,9,1,5,1,
135,14,902,214,19,15,1,5,1,
135,16,881,306,20,16,1,5,1,
135,18,873,410,18,10,1,5,1,
135,21,941,463,18,26,1,5,1,
135,27,811,362,10,9,1,5,1,
135,29,861,208,21,16,1,5,1,
136,2,845,374,18,13,1,5,1,
136,4,945,252,12,7,1,5,1,
136,6,893,328,22,16,1,5,1,
136,7,845,259,16,13,1,5,1,
136,9,920,247,14,10,1,5,1,
136,14,902,215,19,14,1,5,1,
136,16,882,306,21,16,1,5,1,
136,18,871,409,19,10,1,5,1,
136,21,941,461,18,26,1,5,1,
136,27,812,361,10,9,1,5,1,
136,29,860,208,21,16,1,5,1,
137,2,844,373,18,13,1,5,1,
137,4,943,252,14,8,1,5,1,
137,6,893,328,22,15,1,5,1,
137,7,846,260,16,12,1,5,1,
137,9,919,248,14,9,1,5,1,
137,14,902,215,19,14,1,5,1,
137,16,884,305,20,17,1,5,1,
137,18,870,408,18,10,1,5,1,
137,21,942,459,17,25,1,5,1,
137,27,813,361,10,8,1,5,1,
137,29,859,209,21,16,1,5,1,
138,2,843,372,18,13,1,5,1,
138,4,942,253,13,7,1,5,1,
138,6,893,327,22,15,1,5,1,
138,7,846,260,17,12,1,5,1,
138,9,918,248,14,9,1,5,1,
138,14,902,215,19,14,1,5,1,
138,16,885,305,20,16,1,5,1,
138,21,942,457,17,25,1,5,1,
138,27,814,360,10,9,1,5,1,
138,29,858,209,21,16,1,5,1,
139,2,842,371,19,13,1,5,1,
139,4,942,253,11,7,1,5,1,
139,6,893,327,22,15,1,5,1,
139,7,847,260,16,12,1,5,1,
139,9,917,248,14,9,1,5,1,
139,14,901,215,19,15,1,5,1,
139,16,886,305,20,16,1,5,1,
139,21,942,455,18,25,1,5,1,
139,27,814,360,10,8,1,5,1,
139,29,857,210,21,15,1,5,1,
140,2,841,370,19,13,1,5,1,
140,4,942,253,9,8,1,5,1,
140,6,894,326,21,15,1,5,1,
140,7,848,260,16,12,1,5,1,
140,9,916,248,14,9,1,5,1,
140,14,901,216,18,14,1,5,1,
140,16,887,305,20,16,1,5,1,
140,21,942,453,17,25,1,5,1,
140,27,815,359,10,9,1,5,1,
140,29,856,210,21,16,1,5,1,
141,2,840,370,19,12,1,5,1,
141,4,942,254,9,7,1,5,1,
141,6,894,326,21,15,1,5,1,
141,7,848,260,16,12,1,5,1,
141,9,915,248,14,9,1,5,1,
141,14,901,216,18,14,1,5,1,
141,16,888,304,20,16,1,5,1,
141,21,942,451,17,25,1,5,1,
141,27,816,358,10,9,1,5,1,
141,29,856,211,20,15,1,5,1,
142,2,838,369,20,12,1,5,1,
142,4,942,254,9,7,1,5,1,
142,6,894,325,21,15,1,5,1,
142,7,849,260,16,12,1,5,1,
142,9,914,249,14,9,1,5,1,
142,14,900,216,19,14,1,5,1,
142,16,889,304,20,16,1,5,1,
142,21,944,452,15,22,1,5,1,
142,27,817,358,9,8,1,5,1,
142,29,855,211,21,16,1,5,1,
143,2,837,368,20,12,1,5,1,
143,4,941,254,10,7,1,5,1,
143,6,894,325,21,14,1,5,1,
143,7,850,260,15,12,1,5,1,
143,9,912,249,15,9,1,5,1,
143,14,900,217,18,13,1,5,1,
143,16,890,304,20,16,1,5,1,
143,21,947,451,13,20,1,5,1,
143,27,818,357,9,9,1,5,1,
143,29,854,212,21,15,1,5,1,
144,2,836,367,19,12,1,5,1,
144,4,940,254,10,6,1,5,1,
144,6,894,324,21,15,1,5,1,
144,7,850,260,16,12,1,5,1,
144,9,911,249,14,9,1,5,1,
144,14,899,217,18,14,1,5,1,
144,16,892,304,18,15,1,5,1,
144,21,947,449,13,20,1,5,1,
144,27,818,357,10,8,1,5,1,
144,29,853,213,21,14,1,5,1,
145,2,834,366,20,12,1,5,1,
145,4,938,254,11,6,1,5,1,
145,6,894,324,20,14,1,5,1,
145,7,851,260,15,12,1,5,1,
145,9,910,249,14,9,1,5,1,
145,14,898,217,18,14,1,5,1,
145,16,892,304,19,15,1,5,1,
145,21,947,447,13,21,1,5,1,
145,27,819,357,10,8,1,5,1,
145,29,852,213,21,15,1,5,1,
146,2,833,366,20,12,1,5,1,
146,6,894,323,20,15,1,5,1,
146,7,851,260,15,12,1,5,1,
146,9,908,249,15,9,1,5,1,
146,14,897,217,19,14,1,5,1,
146,16,893,304,19,15,1,5,1,
146,21,947,446,13,21,1,5,1,
146,27,820,356,9,8,1,5,1,
146,29,851,214,21,14,1,5,1,
147,2,832,365,20,12,1,5,1,
147,6,893,323,21,14,1,5,1,
147,7,851,260,16,12,1,5,1,
147,9,907,250,15,8,1,5,1,
147,14,896,218,20,13,1,5,1,
147,16,894,303,18,15,1,5,1,
147,21,947,444,12,19,1,5,1,
147,27,821,356,9,8,1,5,1,
147,29,850,214,21,15,1,5,1,
148,2,830,364,21,12,1,5,1,
148,6,893,323,20,13,1,5,1,
148,7,852,261,15,11,1,5,1,
148,9,905,250,16,8,1,5,1,
148,14,895,218,21,14,1,5,1,
148,16,894,303,18,15,1,5,1,
148,21,946,442,13,19,1,5,1,
148,27,822,355,9,8,1,5,1,
148,29,849,214,21,15,1,5,1,
149,2,828,363,21,12,1,5,1,
149,6,893,322,20,14,1,5,1,
149,7,852,261,15,11,1,5,1,
149,9,904,250,15,8,1,5,1,
149,14,894,218,21,14,1,5,1,
149,16,895,303,18,15,1,5,1,
149,21,946,441,13,18,1,5,1,
149,27,823,355,9,8,1,5,1,
149,29,847,215,22,14,1,5,1,
150,2,827,363,21,11,1,5,1,
150,6,895,322,19,13,1,5,1,
150,7,852,261,15,11,1,5,1,
150,9,902,250,16,9,1,5,1,
150,16,895,303,18,14,1,5,1,
150,21,946,439,13,18,1,5,1,
150,27,824,355,9,7,1,5,1,
150,29,846,215,22,15,1,5,1,
