1,1,288,127,85,44,1,5,1,
1,2,58,15,36,19,1,5,1,
1,3,279,475,66,36,1,5,1,
1,4,106,499,96,31,1,5,1,
1,5,438,61,24,21,1,5,1,
2,1,289,125,101,45,1,5,1,
2,2,51,15,42,20,1,5,1,
2,3,279,474,73,36,1,5,1,
2,4,107,498,104,32,1,5,1,
2,5,438,57,24,25,1,5,1,
3,1,288,124,119,45,1,5,1,
3,2,43,17,50,17,1,5,1,
3,3,279,473,80,37,1,5,1,
3,4,109,497,110,32,1,5,1,
3,5,439,52,22,30,1,5,1,
4,1,287,124,138,43,1,5,1,
4,2,34,18,59,16,1,5,1,
4,3,279,473,87,35,1,5,1,
4,4,113,496,113,31,1,5,1,
4,5,438,46,21,36,1,5,1,
5,1,286,123,156,42,1,5,1,
5,2,25,18,66,15,1,5,1,
5,3,280,472,93,34,1,5,1,
5,4,118,495,116,30,1,5,1,
5,5,438,41,19,41,1,5,1,
6,1,286,123,172,41,1,5,1,
6,2,16,16,74,17,1,5,1,
6,3,282,472,97,32,1,5,1,
6,4,123,495,118,28,1,5,1,
6,5,439,36,15,45,1,5,1,
7,1,287,122,187,42,1,5,1,
7,2,7,13,81,19,1,5,1,
7,3,284,472,102,29,1,5,1,
7,4,130,495,117,26,1,5,1,
7,5,441,31,14,48,1,5,1,
8,1,290,122,198,42,1,5,1,
8,2,0,10,85,22,1,5,1,
8,3,288,472,104,27,1,5,1,
8,4,138,495,114,23,1,5,1,
8,5,442,26,16,51,1,5,1,
9,1,294,122,209,42,1,5,1,
9,2,-6,7,87,24,1,5,1,
9,3,293,471,104,25,1,5,1,
9,4,147,496,109,19,1,5,1,
9,5,442,22,21,53,1,5,1,
10,1,300,121,217,43,1,5,1,
10,2,-16,3,93,27,1,5,1,
10,3,298,471,105,22,1,5,1,
10,4,155,496,105,20,1,5,1,
10,5,443,18,26,54,1,5,1,
11,1,309,121,223,43,1,5,1,
11,2,-25,0,97,30,1,5,1,
11,3,303,471,105,21,1,5,1,
11,4,164,497,99,20,1,5,1,
11,5,443,15,33,54,1,5,1,
12,1,319,121,228,43,1,5,1,
12,2,-35,-5,101,35,1,5,1,
12,3,308,472,104,20,1,5,1,
12,4,172,498,95,21,1,5,1,
12,5,443,12,40,53,1,5,1,
13,1,331,121,230,43,1,5,1,
13,2,-45,-10,105,39,1,5,1,
13,3,315,473,101,20,1,5,1,
13,4,182,499,89,22,1,5,1,
13,5,442,10,49,51,1,5,1,
14,1,344,121,232,43,1,5,1,
14,2,-54,-15,107,43,1,5,1,
14,3,321,474,99,20,1,5,1,
14,4,190,499,85,25,1,5,1,
14,5,442,9,57,47,1,5,1,
15,1,356,121,234,43,1,5,1,
15,2,-62,-21,108,47,1,5,1,
15,3,327,475,95,21,1,5,1,
15,4,197,498,81,28,1,5,1,
15,5,443,9,64,43,1,5,1,
16,1,368,121,236,44,1,5,1,
16,2,-70,-26,108,50,1,5,1,
16,3,332,477,95,20,1,5,1,
16,4,204,498,79,31,1,5,1,
16,5,444,9,70,39,1,5,1,
17,1,384,121,234,44,1,5,1,
17,3,340,476,92,23,1,5,1,
17,4,212,498,76,33,1,5,1,
17,5,447,8,75,35,1,5,1,
18,1,395,121,237,44,1,5,1,
18,3,344,475,93,25,1,5,1,
18,4,217,498,76,35,1,5,1,
18,5,449,8,80,31,1,5,1,
19,1,406,122,239,43,1,5,1,
19,3,349,475,94,26,1,5,1,
19,4,221,499,78,36,1,5,1,
19,5,452,8,85,27,1,5,1,
20,1,418,122,240,43,1,5,1,
20,3,354,475,95,28,1,5,1,
20,4,226,500,78,37,1,5,1,
20,5,455,7,89,25,1,5,1,
21,1,432,122,240,44,1,5,1,
21,3,359,475,95,29,1,5,1,
21,4,230,501,80,38,1,5,1,
21,5,459,7,93,21,1,5,1,
22,1,445,122,240,44,1,5,1,
22,3,363,476,97,29,1,5,1,
22,4,235,503,81,38,1,5,1,
22,5,464,7,95,18,1,5,1,
23,1,458,123,240,43,1,5,1,
23,3,367,477,99,30,1,5,1,
23,4,239,504,83,39,1,5,1,
23,5,469,7,97,18,1,5,1,
24,1,470,123,240,44,1,5,1,
24,3,371,478,101,30,1,5,1,
24,4,243,505,85,38,1,5,1,
24,5,475,7,99,18,1,5,1,
25,1,486,124,237,43,1,5,1,
25,3,376,479,102,30,1,5,1,
25,4,247,507,86,36,1,5,1,
25,5,481,8,100,18,1,5,1,
26,1,500,124,235,43,1,5,1,
26,3,381,480,104,31,1,5,1,
26,4,252,509,85,34,1,5,1,
26,5,488,8,100,18,1,5,1,
27,1,513,125,235,43,1,5,1,
27,3,385,482,106,30,1,5,1,
27,4,256,511,86,33,1,5,1,
27,5,495,8,101,18,1,5,1,
28,1,527,125,233,43,1,5,1,
28,3,390,483,107,30,1,5,1,
28,4,261,513,84,31,1,5,1,
28,5,501,8,102,18,1,5,1,
29,1,543,126,229,43,1,5,1,
29,3,395,484,109,30,1,5,1,
29,4,266,515,86,29,1,5,1,
29,5,509,9,101,18,1,5,1,
30,1,557,126,227,43,1,5,1,
30,3,400,485,110,30,1,5,1,
30,4,270,517,89,27,1,5,1,
30,5,517,9,100,18,1,5,1,
31,1,570,127,225,42,1,5,1,
31,3,405,487,112,30,1,5,1,
31,4,275,519,90,25,1,5,1,
31,5,523,10,100,18,1,5,1,
32,1,583,128,224,42,1,5,1,
32,3,410,488,113,30,1,5,1,
32,4,280,521,92,23,1,5,1,
32,5,530,11,100,18,1,5,1,
33,1,598,128,220,42,1,5,1,
33,3,415,489,115,30,1,5,1,
33,4,285,523,95,21,1,5,1,
33,5,538,11,99,18,1,5,1,
34,1,612,129,218,42,1,5,1,
34,3,421,491,116,29,1,5,1,
34,4,291,525,96,19,1,5,1,
34,5,546,12,97,18,1,5,1,
35,1,625,130,216,41,1,5,1,
35,3,426,492,117,29,1,5,1,
35,4,296,527,98,17,1,5,1,
35,5,553,13,97,18,1,5,1,
36,1,638,130,214,42,1,5,1,
36,3,431,493,119,29,1,5,1,
36,4,301,529,101,15,1,5,1,
36,5,560,14,96,18,1,5,1,
37,1,652,131,210,41,1,5,1,
37,3,437,494,120,30,1,5,1,
37,4,307,531,102,13,1,5,1,
37,5,567,15,95,17,1,5,1,
38,1,666,132,207,41,1,5,1,
38,3,443,495,121,30,1,5,1,
38,5,575,16,93,17,1,5,1,
39,1,676,132,207,41,1,5,1,
39,3,448,496,123,30,1,5,1,
39,5,580,16,94,18,1,5,1,
40,1,686,133,208,41,1,5,1,
40,3,452,497,126,30,1,5,1,
40,5,586,16,93,19,1,5,1,
41,1,698,134,206,40,1,5,1,
41,3,458,498,128,30,1,5,1,
41,5,592,17,93,20,1,5,1,
42,1,708,135,206,40,1,5,1,
42,3,463,499,130,30,1,5,1,
42,5,598,17,92,21,1,5,1,
43,1,718,135,206,40,1,5,1,
43,3,467,500,133,30,1,5,1,
43,5,603,18,92,21,1,5,1,
44,1,731,136,202,40,1,5,1,
44,3,474,501,133,30,1,5,1,
44,5,610,19,90,21,1,5,1,
45,1,741,137,202,39,1,5,1,
45,3,479,502,136,30,1,5,1,
45,5,615,19,90,22,1,5,1,
46,1,753,138,199,39,1,5,1,
46,3,485,503,137,30,1,5,1,
46,5,622,20,88,23,1,5,1,
47,1,764,138,195,39,1,5,1,
47,3,491,504,139,30,1,5,1,
47,5,628,21,87,23,1,5,1,
48,1,774,139,186,39,1,5,1,
48,3,496,505,141,30,1,5,1,
48,5,633,22,86,23,1,5,1,
49,1,787,140,173,38,1,5,1,
49,3,503,506,142,29,1,5,1,
49,5,640,23,83,24,1,5,1,
50,1,797,141,163,38,1,5,1,
50,3,509,507,143,29,1,5,1,
50,5,646,24,81,24,1,5,1,
51,1,810,141,150,38,1,5,1,
51,3,517,508,143,29,1,5,1,
51,5,652,25,79,25,1,5,1,
52,1,820,142,140,38,1,5,1,
52,3,523,509,145,29,1,5,1,
52,5,658,26,77,25,1,5,1,
53,1,830,143,130,37,1,5,1,
53,3,529,510,146,29,1,5,1,
53,5,663,27,75,26,1,5,1,
54,1,840,144,120,33,1,5,1,
54,3,535,511,148,29,1,5,1,
54,5,668,28,74,26,1,5,1,
55,1,853,145,107,33,1,5,1,
55,3,543,512,148,29,1,5,1,
55,5,675,29,70,27,1,5,1,
56,1,867,145,93,33,1,5,1,
56,3,552,514,147,28,1,5,1,
56,5,682,31,66,26,1,5,1,
57,1,876,146,84,28,1,5,1,
57,3,558,514,148,28,1,5,1,
57,5,686,32,65,27,1,5,1,
58,1,885,148,75,26,1,5,1,
58,3,565,515,149,28,1,5,1,
58,5,691,34,63,27,1,5,1,
59,1,894,149,66,21,1,5,1,
59,3,571,516,151,27,1,5,1,
59,5,695,35,61,27,1,5,1,
60,1,904,150,56,19,1,5,1,
60,3,578,517,152,26,1,5,1,
60,5,700,36,59,28,1,5,1,
61,3,586,518,152,25,1,5,1,
61,5,705,38,56,28,1,5,1,
62,3,591,519,155,24,1,5,1,
62,5,708,39,55,28,1,5,1,
63,3,596,519,159,24,1,5,1,
63,5,711,40,54,29,1,5,1,
64,3,601,520,161,23,1,5,1,
64,5,714,41,53,30,1,5,1,
65,3,607,520,161,23,1,5,1,
65,5,717,42,51,30,1,5,1,
66,3,612,521,163,22,1,5,1,
66,5,720,43,50,31,1,5,1,
67,3,619,521,163,22,1,5,1,
67,5,724,45,47,31,1,5,1,
68,3,626,522,162,21,1,5,1,
68,5,727,46,45,32,1,5,1,
69,3,632,521,163,22,1,5,1,
69,5,730,48,43,31,1,5,1,
70,3,639,521,162,22,1,5,1,
70,5,733,49,41,32,1,5,1,
71,3,646,520,162,23,1,5,1,
71,5,736,50,39,33,1,5,1,
72,3,653,520,161,23,1,5,1,
72,5,738,52,37,33,1,5,1,
73,3,662,519,158,24,1,5,1,
73,5,742,54,34,32,1,5,1,
74,3,669,519,157,24,1,5,1,
74,5,744,55,32,33,1,5,1,
75,3,676,518,156,25,1,5,1,
75,5,746,57,31,33,1,5,1,
76,3,684,517,154,26,1,5,1,
76,5,749,59,28,33,1,5,1,
77,3,692,517,152,26,1,5,1,
77,5,751,60,27,33,1,5,1,
78,3,699,516,150,27,1,5,1,
78,5,753,62,25,33,1,5,1,
79,3,708,515,147,28,1,5,1,
79,5,755,64,23,33,1,5,1,
80,3,715,515,145,28,1,5,1,
80,5,757,66,21,32,1,5,1,
81,3,723,514,143,28,1,5,1,
81,5,759,68,19,32,1,5,1,
82,3,730,513,141,29,1,5,1,
82,5,760,69,17,33,1,5,1,
83,3,738,512,138,28,1,5,1,
83,5,762,71,15,32,1,5,1,
84,3,745,511,136,28,1,5,1,
84,5,763,73,13,32,1,5,1,
85,3,754,510,131,28,1,5,1,
85,5,764,75,12,32,1,5,1,
86,3,760,509,130,29,1,5,1,
86,5,764,77,12,31,1,5,1,
87,3,767,508,128,29,1,5,1,
87,5,763,78,12,32,1,5,1,
88,3,774,507,125,30,1,5,1,
88,5,762,80,13,31,1,5,1,
89,3,780,506,123,30,1,5,1,
89,5,761,82,14,31,1,5,1,
90,3,787,505,120,31,1,5,1,
90,5,759,83,15,31,1,5,1,
91,3,795,504,116,31,1,5,1,
91,5,758,86,15,30,1,5,1,
92,3,802,503,113,31,1,5,1,
92,5,757,87,16,30,1,5,1,
93,3,808,502,111,31,1,5,1,
93,5,755,89,17,30,1,5,1,
94,3,814,501,109,32,1,5,1,
94,5,754,90,18,30,1,5,1,
95,3,820,499,106,33,1,5,1,
95,5,752,92,20,30,1,5,1,
96,3,825,498,105,33,1,5,1,
96,5,751,94,20,29,1,5,1,
97,3,832,497,101,33,1,5,1,
97,5,749,96,22,28,1,5,1,
98,3,838,496,98,33,1,5,1,
98,5,747,97,23,29,1,5,1,
99,3,844,494,95,34,1,5,1,
99,5,745,99,25,28,1,5,1,
100,3,849,493,93,34,1,5,1,
100,5,744,100,25,28,1,5,1,
101,3,854,492,91,34,1,5,1,
101,5,741,102,27,28,1,5,1,
102,3,860,491,88,35,1,5,1,
102,5,739,103,28,28,1,5,1,
103,3,866,489,84,35,1,5,1,
103,5,737,105,29,27,1,5,1,
104,3,870,488,83,35,1,5,1,
104,5,735,107,30,26,1,5,1,
105,3,875,487,81,35,1,5,1,
105,5,733,108,31,26,1,5,1,
106,3,881,485,77,36,1,5,1,
106,5,730,110,32,26,1,5,1,
107,3,885,484,74,36,1,5,1,
107,5,728,111,33,26,1,5,1,
108,3,894,482,66,36,1,5,1,
108,5,726,114,32,24,1,5,1,
109,3,899,481,61,35,1,5,1,
109,5,723,116,33,23,1,5,1,
110,3,903,480,57,35,1,5,1,
110,5,721,117,34,23,1,5,1,
111,3,906,478,54,36,1,5,1,
111,5,718,118,35,23,1,5,1,
112,3,910,477,50,36,1,5,1,
112,5,715,120,37,22,1,5,1,
113,3,913,475,47,37,1,5,1,
113,5,713,121,37,22,1,5,1,
114,3,917,474,43,36,1,5,1,
114,5,710,122,38,22,1,5,1,
115,3,921,472,39,37,1,5,1,
115,5,707,124,39,21,1,5,1,
116,3,924,471,36,37,1,5,1,
116,5,705,125,39,21,1,5,1,
117,3,927,470,33,36,1,5,1,
117,5,702,126,41,21,1,5,1,
118,3,929,468,31,37,1,5,1,
118,5,699,127,42,21,1,5,1,
119,3,932,467,28,37,1,5,1,
119,5,696,128,43,21,1,5,1,
120,3,935,465,25,38,1,5,1,
120,5,694,129,43,21,1,5,1,
121,3,938,464,22,37,1,5,1,
121,5,691,131,43,20,1,5,1,
122,3,941,462,19,37,1,5,1,
123,3,942,461,18,38,1,5,1,
124,3,944,459,16,39,1,5,1,
125,3,945,463,15,34,1,5,1,
139,3,950,438,9,46,1,5,1,
140,3,949,437,10,25,1,5,1,
141,3,948,435,11,25,1,5,1,
142,3,946,434,13,25,1,5,1,
143,3,944,433,15,24,1,5,1,
144,3,943,431,16,29,1,5,1,
145,3,941,430,18,29,1,5,1,
146,3,939,429,20,28,1,5,1,
147,3,937,427,22,28,1,5,1,
148,3,935,426,24,28,1,5,1,
149,3,933,425,26,27,1,5,1,
150,3,931,423,28,29,1,5,1,
