1,1,292,233,23,19,1,5,1,
1,2,463,363,31,31,1,5,1,
1,3,73,421,29,24,1,5,1,
1,4,50,505,51,36,1,5,1,
1,5,224,390,102,24,1,5,1,
1,6,134,9,89,52,1,5,1,
1,7,593,39,29,24,1,5,1,
1,8,840,138,40,31,1,5,1,
1,9,668,-2,25,33,1,5,1,
1,10,632,140,47,13,1,5,1,
1,11,615,507,46,23,1,5,1,
1,12,0,232,97,25,1,5,1,
1,13,294,440,166,47,1,5,1,
2,1,292,231,23,21,1,5,1,
2,2,455,365,41,28,1,5,1,
2,3,76,420,27,24,1,5,1,
2,4,43,507,57,36,1,5,1,
2,5,214,390,108,26,1,5,1,
2,6,138,12,94,52,1,5,1,
2,7,594,41,32,23,1,5,1,
2,8,839,136,52,31,1,5,1,
2,9,666,-10,24,40,1,5,1,
2,10,634,139,52,13,1,5,1,
2,11,613,504,44,26,1,5,1,
2,12,0,233,114,25,1,5,1,
2,13,302,442,173,48,1,5,1,
3,1,292,230,24,21,1,5,1,
3,2,447,368,52,24,1,5,1,
3,3,79,419,23,23,1,5,1,
3,4,36,510,61,33,1,5,1,
3,5,204,390,110,29,1,5,1,
3,6,145,17,95,50,1,5,1,
3,7,596,43,34,23,1,5,1,
3,8,836,133,68,32,1,5,1,
3,9,666,-19,19,47,1,5,1,
3,10,639,138,54,12,1,5,1,
3,11,612,500,39,29,1,5,1,
3,12,0,233,129,25,1,5,1,
3,13,311,446,179,46,1,5,1,
4,1,294,229,25,21,1,5,1,
4,2,439,370,61,21,1,5,1,
4,3,78,418,23,22,1,5,1,
4,4,30,514,62,29,1,5,1,
4,5,195,390,111,33,1,5,1,
4,6,153,22,96,48,1,5,1,
4,7,599,46,35,21,1,5,1,
4,8,833,130,85,34,1,5,1,
4,9,671,-29,9,54,1,5,1,
4,10,644,138,55,11,1,5,1,
4,11,611,497,34,30,1,5,1,
4,12,0,234,143,24,1,5,1,
4,13,322,449,182,43,1,5,1,
5,1,297,228,25,21,1,5,1,
5,2,431,370,69,21,1,5,1,
5,3,76,417,24,20,1,5,1,
5,4,21,517,66,27,1,5,1,
5,5,186,389,111,38,1,5,1,
5,6,162,26,95,47,1,5,1,
5,7,601,48,38,20,1,5,1,
5,8,831,127,102,36,1,5,1,
5,9,671,-39,16,59,1,5,1,
5,10,650,137,56,11,1,5,1,
5,11,611,494,29,30,1,5,1,
5,12,16,234,140,24,1,5,1,
5,13,333,449,184,42,1,5,1,
6,1,296,228,32,20,1,5,1,
6,2,423,370,76,22,1,5,1,
6,3,74,416,27,19,1,5,1,
6,4,12,520,69,24,1,5,1,
6,5,177,389,110,42,1,5,1,
6,6,172,31,93,44,1,5,1,
6,7,605,51,37,19,1,5,1,
6,8,831,124,117,37,1,5,1,
6,10,657,137,55,11,1,5,1,
6,11,611,491,25,30,1,5,1,
6,12,39,234,128,24,1,5,1,
6,13,347,448,183,42,1,5,1,
7,1,294,227,43,21,1,5,1,
7,2,418,370,78,21,1,5,1,
7,3,68,416,35,17,1,5,1,
7,4,2,522,74,22,1,5,1,
7,5,168,390,111,45,1,5,1,
7,6,180,35,92,42,1,5,1,
7,7,607,53,41,18,1,5,1,
7,8,832,121,127,38,1,5,1,
7,10,662,137,55,11,1,5,1,
7,11,611,489,22,29,1,5,1,
7,12,56,234,120,25,1,5,1,
7,13,359,447,185,42,1,5,1,
8,1,294,226,51,21,1,5,1,
8,2,413,370,77,23,1,5,1,
8,3,61,415,45,17,1,5,1,
8,4,-6,525,76,19,1,5,1,
8,5,161,391,108,48,1,5,1,
8,6,190,39,89,40,1,5,1,
8,7,610,56,44,16,1,5,1,
8,8,835,118,125,39,1,5,1,
8,10,669,137,53,11,1,5,1,
8,11,611,487,18,28,1,5,1,
8,12,76,234,108,25,1,5,1,
8,13,375,446,182,41,1,5,1,
9,1,295,226,58,21,1,5,1,
9,2,409,371,73,24,1,5,1,
9,3,54,415,53,17,1,5,1,
9,4,-15,528,78,16,1,5,1,
9,5,154,393,104,50,1,5,1,
9,6,200,44,85,36,1,5,1,
9,7,614,59,46,14,1,5,1,
9,8,839,116,121,38,1,5,1,
9,10,676,137,50,11,1,5,1,
9,11,611,485,16,26,1,5,1,
9,12,94,233,98,25,1,5,1,
9,13,390,445,180,41,1,5,1,
10,1,297,225,66,22,1,5,1,
10,2,406,372,67,27,1,5,1,
10,3,46,415,61,17,1,5,1,
10,4,-25,531,80,13,1,5,1,
10,5,148,395,100,52,1,5,1,
10,6,210,48,81,33,1,5,1,
10,7,618,61,46,13,1,5,1,
10,8,844,116,116,35,1,5,1,
10,10,683,137,46,12,1,5,1,
10,11,611,484,14,24,1,5,1,
10,12,108,233,96,25,1,5,1,
10,13,406,444,176,41,1,5,1,
11,1,299,225,75,22,1,5,1,
11,2,405,371,60,31,1,5,1,
11,3,38,415,69,17,1,5,1,
11,5,144,397,94,54,1,5,1,
11,6,219,52,77,30,1,5,1,
11,7,622,62,45,12,1,5,1,
11,8,851,114,109,35,1,5,1,
11,10,689,137,42,12,1,5,1,
11,11,611,482,13,23,1,5,1,
11,12,119,232,98,26,1,5,1,
11,13,419,443,175,40,1,5,1,
12,1,302,224,81,23,1,5,1,
12,2,404,371,53,35,1,5,1,
12,3,30,415,76,17,1,5,1,
12,5,141,399,88,56,1,5,1,
12,6,227,55,73,28,1,5,1,
12,7,626,62,44,13,1,5,1,
12,8,858,113,102,33,1,5,1,
12,10,695,138,38,12,1,5,1,
12,11,610,480,13,23,1,5,1,
12,12,128,232,102,26,1,5,1,
12,13,432,441,177,41,1,5,1,
13,1,306,224,86,23,1,5,1,
13,2,405,371,45,37,1,5,1,
13,3,21,415,83,18,1,5,1,
13,5,140,402,79,57,1,5,1,
13,6,236,59,68,25,1,5,1,
13,7,631,63,41,13,1,5,1,
13,8,867,114,93,30,1,5,1,
13,10,701,138,33,13,1,5,1,
13,11,609,478,14,23,1,5,1,
13,12,138,232,104,26,1,5,1,
13,13,445,439,178,41,1,5,1,
14,1,312,224,89,23,1,5,1,
14,2,407,372,34,39,1,5,1,
14,3,12,415,89,20,1,5,1,
14,5,140,405,69,57,1,5,1,
14,6,245,62,61,22,1,5,1,
14,7,635,63,39,14,1,5,1,
14,8,879,113,81,28,1,5,1,
14,10,706,139,31,13,1,5,1,
14,11,609,475,14,24,1,5,1,
14,12,149,231,105,27,1,5,1,
14,13,459,438,177,41,1,5,1,
15,1,319,224,92,23,1,5,1,
15,2,407,374,27,39,1,5,1,
15,3,4,415,93,22,1,5,1,
15,5,141,409,58,56,1,5,1,
15,6,253,65,55,19,1,5,1,
15,7,640,63,37,15,1,5,1,
15,8,891,113,69,25,1,5,1,
15,10,711,139,28,14,1,5,1,
15,11,607,473,16,23,1,5,1,
15,12,160,231,107,27,1,5,1,
15,13,472,437,176,41,1,5,1,
16,1,327,224,94,23,1,5,1,
16,2,408,376,24,39,1,5,1,
16,3,0,415,92,24,1,5,1,
16,5,144,412,45,56,1,5,1,
16,6,262,65,47,18,1,5,1,
16,7,644,64,36,15,1,5,1,
16,8,906,114,54,21,1,5,1,
16,10,715,140,27,14,1,5,1,
16,11,606,471,16,23,1,5,1,
16,12,172,231,109,27,1,5,1,
16,13,486,436,174,41,1,5,1,
17,1,333,224,98,23,1,5,1,
17,2,409,378,26,39,1,5,1,
17,3,-5,415,92,25,1,5,1,
17,5,143,415,37,56,1,5,1,
17,6,268,64,41,18,1,5,1,
17,7,648,65,34,15,1,5,1,
17,10,718,141,26,14,1,5,1,
17,11,605,469,17,23,1,5,1,
17,12,182,230,113,27,1,5,1,
17,13,499,435,173,41,1,5,1,
18,1,341,223,101,24,1,5,1,
18,2,408,379,30,40,1,5,1,
18,3,-13,415,94,25,1,5,1,
18,5,144,419,36,54,1,5,1,
18,6,275,61,34,19,1,5,1,
18,7,652,66,33,15,1,5,1,
18,10,721,142,26,14,1,5,1,
18,11,603,467,18,22,1,5,1,
18,12,193,230,116,27,1,5,1,
18,13,513,434,170,40,1,5,1,
19,1,348,223,104,24,1,5,1,
19,2,408,381,37,39,1,5,1,
19,3,-21,415,97,25,1,5,1,
19,5,145,422,36,54,1,5,1,
19,6,281,57,29,21,1,5,1,
19,7,654,67,33,15,1,5,1,
19,10,724,142,25,15,1,5,1,
19,11,601,465,19,22,1,5,1,
19,12,203,230,121,27,1,5,1,
19,13,524,433,170,40,1,5,1,
20,1,356,223,107,24,1,5,1,
20,2,405,383,50,39,1,5,1,
20,3,-28,416,96,26,1,5,1,
20,5,146,425,37,54,1,5,1,
20,6,287,51,22,27,1,5,1,
20,7,658,68,32,15,1,5,1,
20,10,727,143,24,14,1,5,1,
20,11,600,464,19,21,1,5,1,
20,12,216,229,123,28,1,5,1,
20,13,539,432,165,40,1,5,1,
21,1,364,223,110,25,1,5,1,
21,2,403,385,63,38,1,5,1,
21,3,-35,417,97,26,1,5,1,
21,5,148,428,38,54,1,5,1,
21,6,290,48,20,31,1,5,1,
21,7,661,69,31,16,1,5,1,
21,10,730,144,23,14,1,5,1,
21,11,598,462,20,21,1,5,1,
21,12,227,229,127,28,1,5,1,
21,13,551,431,163,39,1,5,1,
22,1,374,223,110,25,1,5,1,
22,2,401,387,76,37,1,5,1,
22,3,-41,418,94,28,1,5,1,
22,5,149,431,39,54,1,5,1,
22,6,291,44,20,34,1,5,1,
22,7,664,70,30,16,1,5,1,
22,10,733,145,22,14,1,5,1,
22,11,596,460,21,20,1,5,1,
22,12,240,228,129,29,1,5,1,
22,13,566,430,158,38,1,5,1,
23,1,382,223,113,25,1,5,1,
23,2,400,389,89,36,1,5,1,
23,3,-47,419,92,29,1,5,1,
23,5,149,433,43,55,1,5,1,
23,6,291,41,21,36,1,5,1,
23,7,667,71,29,16,1,5,1,
23,10,735,146,22,14,1,5,1,
23,11,594,458,22,20,1,5,1,
23,12,252,228,133,29,1,5,1,
23,13,578,429,156,38,1,5,1,
24,1,394,223,112,25,1,5,1,
24,2,402,391,97,36,1,5,1,
24,3,-51,421,85,29,1,5,1,
24,5,149,437,46,54,1,5,1,
24,6,292,37,21,37,1,5,1,
24,7,671,72,27,16,1,5,1,
24,10,738,147,20,14,1,5,1,
24,11,592,457,22,19,1,5,1,
24,12,269,228,132,29,1,5,1,
24,13,595,427,148,39,1,5,1,
25,1,401,223,116,25,1,5,1,
25,2,404,392,105,37,1,5,1,
25,3,-56,422,83,31,1,5,1,
25,5,149,439,51,55,1,5,1,
25,6,293,34,21,38,1,5,1,
25,7,673,73,27,16,1,5,1,
25,10,740,148,20,14,1,5,1,
25,11,590,455,23,19,1,5,1,
25,12,280,227,138,30,1,5,1,
25,13,606,426,146,38,1,5,1,
26,1,412,223,116,25,1,5,1,
26,2,408,393,112,39,1,5,1,
26,5,150,442,56,55,1,5,1,
26,6,294,30,22,39,1,5,1,
26,7,676,75,25,16,1,5,1,
26,10,743,149,19,13,1,5,1,
26,11,588,453,23,19,1,5,1,
26,12,295,227,140,30,1,5,1,
26,13,619,425,142,38,1,5,1,
27,1,419,223,120,25,1,5,1,
27,2,411,395,119,39,1,5,1,
27,5,150,444,63,56,1,5,1,
27,6,296,26,22,41,1,5,1,
27,7,678,76,25,16,1,5,1,
27,10,745,150,18,13,1,5,1,
27,11,585,452,25,18,1,5,1,
27,12,306,226,146,30,1,5,1,
27,13,629,423,140,39,1,5,1,
28,1,430,223,119,24,1,5,1,
28,2,416,398,125,37,1,5,1,
28,5,151,447,69,56,1,5,1,
28,6,297,22,23,42,1,5,1,
28,7,681,77,23,16,1,5,1,
28,10,747,151,18,13,1,5,1,
28,11,583,450,25,18,1,5,1,
28,12,321,226,148,30,1,5,1,
28,13,642,422,135,38,1,5,1,
29,1,438,223,122,24,1,5,1,
29,2,420,401,131,35,1,5,1,
29,5,152,450,76,56,1,5,1,
29,6,298,18,24,43,1,5,1,
29,7,683,78,23,16,1,5,1,
29,10,749,151,17,14,1,5,1,
29,11,581,449,26,18,1,5,1,
29,12,333,226,154,30,1,5,1,
29,13,652,420,132,39,1,5,1,
30,1,449,222,122,25,1,5,1,
30,2,426,404,135,33,1,5,1,
30,5,153,453,83,56,1,5,1,
30,6,298,14,26,44,1,5,1,
30,7,685,79,22,17,1,5,1,
30,10,751,152,17,14,1,5,1,
30,11,578,447,27,18,1,5,1,
30,12,350,225,155,31,1,5,1,
30,13,664,419,128,38,1,5,1,
31,1,458,222,124,25,1,5,1,
31,2,433,407,137,30,1,5,1,
31,5,155,456,88,56,1,5,1,
31,6,299,10,28,45,1,5,1,
31,7,687,80,21,17,1,5,1,
31,10,753,153,16,13,1,5,1,
31,11,575,446,28,17,1,5,1,
31,12,363,225,161,31,1,5,1,
31,13,674,418,125,37,1,5,1,
32,1,471,222,121,25,1,5,1,
32,2,442,407,138,30,1,5,1,
32,5,158,460,93,55,1,5,1,
32,6,300,6,30,45,1,5,1,
32,7,690,82,19,16,1,5,1,
32,10,755,154,15,13,1,5,1,
32,11,573,444,28,17,1,5,1,
32,12,382,224,160,31,1,5,1,
32,13,687,416,119,37,1,5,1,
33,1,480,222,123,25,1,5,1,
33,2,450,407,139,30,1,5,1,
33,5,161,463,99,55,1,5,1,
33,6,301,2,33,46,1,5,1,
33,7,692,83,18,16,1,5,1,
33,10,757,155,15,13,1,5,1,
33,11,570,443,29,16,1,5,1,
33,12,396,224,166,31,1,5,1,
33,13,697,414,114,38,1,5,1,
34,1,493,222,120,25,1,5,1,
34,2,460,407,139,30,1,5,1,
34,5,167,465,92,59,1,5,1,
34,6,302,0,36,44,1,5,1,
34,7,694,84,17,17,1,5,1,
34,10,759,156,14,13,1,5,1,
34,11,567,442,30,15,1,5,1,
34,12,414,223,167,32,1,5,1,
34,13,709,413,108,37,1,5,1,
35,1,502,222,122,25,1,5,1,
35,2,469,407,139,30,1,5,1,
35,5,173,467,85,65,1,5,1,
35,6,304,-4,38,45,1,5,1,
35,7,695,85,17,17,1,5,1,
35,10,760,157,14,13,1,5,1,
35,11,564,440,31,16,1,5,1,
35,12,429,223,172,32,1,5,1,
35,13,718,411,105,37,1,5,1,
36,1,514,222,120,25,1,5,1,
36,2,479,407,138,29,1,5,1,
36,5,182,468,75,72,1,5,1,
36,6,305,-9,40,47,1,5,1,
36,7,697,87,16,16,1,5,1,
36,10,762,157,13,13,1,5,1,
36,11,561,439,31,15,1,5,1,
36,12,447,222,174,33,1,5,1,
36,13,729,410,100,36,1,5,1,
37,1,523,223,121,25,1,5,1,
37,2,488,407,138,29,1,5,1,
37,5,189,470,75,73,1,5,1,
37,6,307,-13,42,47,1,5,1,
37,7,699,88,14,16,1,5,1,
37,10,763,158,13,13,1,5,1,
37,11,558,438,32,15,1,5,1,
37,12,462,222,179,33,1,5,1,
37,13,738,408,96,36,1,5,1,
38,1,535,223,119,25,1,5,1,
38,2,499,406,135,29,1,5,1,
38,5,195,473,76,70,1,5,1,
38,6,309,-17,45,47,1,5,1,
38,7,700,89,14,17,1,5,1,
38,10,764,159,13,13,1,5,1,
38,11,555,437,32,14,1,5,1,
38,12,481,222,180,33,1,5,1,
38,13,747,407,92,35,1,5,1,
39,1,545,223,119,25,1,5,1,
39,2,508,406,135,29,1,5,1,
39,5,198,477,78,66,1,5,1,
39,6,311,-22,48,49,1,5,1,
39,7,701,90,14,17,1,5,1,
39,10,766,160,11,13,1,5,1,
39,11,552,436,33,14,1,5,1,
39,12,498,222,184,33,1,5,1,
39,13,755,405,89,36,1,5,1,
40,1,557,223,116,25,1,5,1,
40,2,518,406,133,29,1,5,1,
40,5,200,482,80,62,1,5,1,
40,6,314,-26,51,49,1,5,1,
40,7,703,92,12,16,1,5,1,
40,8,944,152,15,20,1,5,1,
40,10,767,161,11,13,1,5,1,
40,11,549,435,33,13,1,5,1,
40,12,518,221,184,33,1,5,1,
40,13,764,403,84,36,1,5,1,
41,1,567,223,116,25,1,5,1,
41,2,528,405,132,29,1,5,1,
41,5,203,486,82,58,1,5,1,
41,6,316,-31,55,50,1,5,1,
41,7,704,93,12,16,1,5,1,
41,8,939,152,20,21,1,5,1,
41,10,768,162,11,12,1,5,1,
41,11,545,434,35,13,1,5,1,
41,12,537,221,185,33,1,5,1,
41,13,772,402,81,35,1,5,1,
42,1,580,223,112,25,1,5,1,
42,2,540,405,128,29,1,5,1,
42,5,206,492,82,52,1,5,1,
42,7,705,95,11,16,1,5,1,
42,8,934,151,25,24,1,5,1,
42,10,769,163,10,12,1,5,1,
42,11,542,433,34,12,1,5,1,
42,12,561,221,180,33,1,5,1,
42,13,782,400,75,34,1,5,1,
43,1,589,223,112,25,1,5,1,
43,2,549,404,127,29,1,5,1,
43,5,209,495,88,49,1,5,1,
43,7,706,96,11,16,1,5,1,
43,8,929,150,30,26,1,5,1,
43,10,769,163,11,13,1,5,1,
43,11,538,432,36,12,1,5,1,
43,12,577,221,184,33,1,5,1,
43,13,788,399,73,34,1,5,1,
44,1,600,223,110,25,1,5,1,
44,2,559,404,125,28,1,5,1,
44,5,213,500,93,44,1,5,1,
44,7,707,97,10,16,1,5,1,
44,8,924,151,35,26,1,5,1,
44,10,770,164,10,13,1,5,1,
44,11,535,431,36,12,1,5,1,
44,12,597,221,184,33,1,5,1,
44,13,795,397,69,34,1,5,1,
45,1,609,224,110,24,1,5,1,
45,2,567,403,124,29,1,5,1,
45,5,216,503,101,41,1,5,1,
45,7,708,98,9,16,1,5,1,
45,8,919,151,40,28,1,5,1,
45,9,920,0,17,10,1,5,1,
45,10,770,165,11,12,1,5,1,
45,11,531,430,37,11,1,5,1,
45,12,614,221,186,33,1,5,1,
45,13,801,396,67,33,1,5,1,
46,1,621,224,106,24,1,5,1,
46,2,579,403,120,28,1,5,1,
46,5,222,509,106,35,1,5,1,
46,7,708,100,9,15,1,5,1,
46,8,914,152,45,28,1,5,1,
46,9,918,0,23,14,1,5,1,
46,10,770,166,11,12,1,5,1,
46,11,527,430,37,10,1,5,1,
46,12,639,221,180,33,1,5,1,
46,13,809,394,62,33,1,5,1,
47,1,631,224,105,24,1,5,1,
47,2,588,402,118,28,1,5,1,
47,5,226,513,113,31,1,5,1,
47,7,708,101,9,16,1,5,1,
47,8,909,153,51,28,1,5,1,
47,9,917,0,24,18,1,5,1,
47,10,771,167,10,12,1,5,1,
47,11,523,429,38,10,1,5,1,
47,12,658,221,180,33,1,5,1,
47,13,814,393,60,32,1,5,1,
48,1,642,224,102,24,1,5,1,
48,2,599,401,114,28,1,5,1,
48,7,708,102,9,16,1,5,1,
48,8,904,155,55,27,1,5,1,
48,9,916,0,23,23,1,5,1,
48,10,771,168,11,11,1,5,1,
48,11,519,428,38,10,1,5,1,
48,12,681,221,176,33,1,5,1,
48,13,821,391,56,32,1,5,1,
49,1,650,224,102,24,1,5,1,
49,2,607,401,112,27,1,5,1,
49,7,708,103,9,16,1,5,1,
49,8,899,156,60,27,1,5,1,
49,9,915,0,22,27,1,5,1,
49,10,771,168,11,12,1,5,1,
49,11,515,428,39,9,1,5,1,
49,12,697,221,179,33,1,5,1,
49,13,826,390,54,32,1,5,1,
50,1,660,225,100,24,1,5,1,
50,2,616,400,110,27,1,5,1,
50,7,708,105,8,15,1,5,1,
50,8,895,157,64,27,1,5,1,
50,9,913,0,22,31,1,5,1,
50,10,771,169,11,12,1,5,1,
50,11,511,428,40,8,1,5,1,
50,12,717,221,177,33,1,5,1,
50,13,831,389,52,31,1,5,1,
51,1,669,225,98,24,1,5,1,
51,2,624,399,108,28,1,5,1,
51,7,708,106,8,15,1,5,1,
51,8,890,155,69,31,1,5,1,
51,9,911,0,22,34,1,5,1,
51,10,771,170,11,12,1,5,1,
51,11,506,427,41,9,1,5,1,
51,12,735,221,177,33,1,5,1,
51,13,836,387,50,31,1,5,1,
52,1,679,225,96,24,1,5,1,
52,2,633,398,105,27,1,5,1,
52,7,708,107,8,15,1,5,1,
52,8,885,156,74,31,1,5,1,
52,9,910,0,21,38,1,5,1,
52,10,771,171,11,11,1,5,1,
52,11,502,427,41,8,1,5,1,
52,12,755,221,175,33,1,5,1,
52,13,841,386,48,31,1,5,1,
53,1,687,225,95,24,1,5,1,
53,2,641,398,103,26,1,5,1,
53,7,707,108,8,16,1,5,1,
53,8,881,157,74,31,1,5,1,
53,9,908,0,23,42,1,5,1,
53,10,771,171,11,12,1,5,1,
53,11,498,427,41,8,1,5,1,
53,12,772,221,176,33,1,5,1,
53,13,845,384,46,31,1,5,1,
54,1,697,226,92,23,1,5,1,
54,2,651,397,99,26,1,5,1,
54,7,707,109,8,16,1,5,1,
54,8,876,159,73,30,1,5,1,
54,9,906,3,23,42,1,5,1,
54,10,771,172,11,12,1,5,1,
54,11,494,427,41,9,1,5,1,
54,12,794,221,165,33,1,5,1,
54,13,850,383,44,30,1,5,1,
55,1,704,226,92,23,1,5,1,
55,2,658,396,97,26,1,5,1,
55,7,706,111,8,15,1,5,1,
55,8,871,160,74,30,1,5,1,
55,9,904,7,24,42,1,5,1,
55,10,771,173,10,11,1,5,1,
55,11,490,428,41,8,1,5,1,
55,12,811,222,149,33,1,5,1,
55,13,854,382,42,30,1,5,1,
56,1,714,226,89,23,1,5,1,
56,2,667,395,93,26,1,5,1,
56,7,705,112,8,15,1,5,1,
56,8,867,162,72,29,1,5,1,
56,9,902,12,24,40,1,5,1,
56,10,771,174,10,11,1,5,1,
56,11,486,428,40,8,1,5,1,
56,12,831,222,129,33,1,5,1,
56,13,858,380,40,30,1,5,1,
57,1,722,226,88,23,1,5,1,
57,2,675,394,90,26,1,5,1,
57,7,705,113,8,15,1,5,1,
57,8,862,163,72,29,1,5,1,
57,9,900,16,24,40,1,5,1,
57,10,771,174,10,12,1,5,1,
57,11,483,429,39,8,1,5,1,
57,12,848,222,112,33,1,5,1,
57,13,861,379,39,29,1,5,1,
58,1,731,227,85,23,1,5,1,
58,2,683,393,87,26,1,5,1,
58,7,704,114,8,15,1,5,1,
58,8,858,165,71,28,1,5,1,
58,9,897,20,25,39,1,5,1,
58,10,771,175,9,11,1,5,1,
58,11,480,429,37,8,1,5,1,
58,12,869,223,91,32,1,5,1,
58,13,865,378,37,28,1,5,1,
59,1,738,227,84,23,1,5,1,
59,2,690,392,85,26,1,5,1,
59,7,703,115,9,15,1,5,1,
59,8,853,166,71,27,1,5,1,
59,9,895,24,25,38,1,5,1,
59,10,770,176,10,11,1,5,1,
59,11,477,429,36,9,1,5,1,
59,12,885,224,75,27,1,5,1,
59,13,868,376,35,29,1,5,1,
60,1,748,227,80,23,1,5,1,
60,2,699,391,80,26,1,5,1,
60,8,849,168,70,26,1,5,1,
60,9,893,28,24,37,1,5,1,
60,10,770,177,10,11,1,5,1,
60,11,474,429,34,10,1,5,1,
60,12,907,230,53,14,1,5,1,
60,13,870,375,34,28,1,5,1,
61,1,754,228,80,22,1,5,1,
61,2,705,390,78,25,1,5,1,
61,8,844,169,71,26,1,5,1,
61,9,890,31,26,37,1,5,1,
61,10,769,177,10,11,1,5,1,
61,11,472,430,33,10,1,5,1,
61,13,872,374,34,28,1,5,1,
62,1,760,228,80,22,1,5,1,
62,2,710,390,77,24,1,5,1,
62,8,840,170,71,26,1,5,1,
62,9,888,35,26,36,1,5,1,
62,10,769,178,9,11,1,5,1,
62,11,470,430,31,12,1,5,1,
62,13,873,373,34,27,1,5,1,
63,1,766,228,80,22,1,5,1,
63,2,716,389,75,24,1,5,1,
63,8,835,171,72,26,1,5,1,
63,9,885,38,27,36,1,5,1,
63,10,768,179,10,10,1,5,1,
63,11,468,430,30,13,1,5,1,
63,13,874,371,34,28,1,5,1,
64,1,772,229,79,21,1,5,1,
64,2,721,388,74,24,1,5,1,
64,8,831,172,72,26,1,5,1,
64,9,882,41,28,36,1,5,1,
64,10,768,179,9,11,1,5,1,
64,11,467,431,27,14,1,5,1,
64,13,875,370,33,28,1,5,1,
65,1,783,229,73,21,1,5,1,
65,2,731,387,67,23,1,5,1,
65,8,827,174,69,24,1,5,1,
65,9,881,46,25,33,1,5,1,
65,10,767,180,10,11,1,5,1,
65,11,465,432,24,14,1,5,1,
65,13,876,369,33,27,1,5,1,
66,1,790,229,71,22,1,5,1,
66,2,737,386,64,23,1,5,1,
66,8,822,175,69,24,1,5,1,
66,9,881,50,21,31,1,5,1,
66,10,767,181,9,10,1,5,1,
66,11,464,433,22,15,1,5,1,
66,13,877,368,33,26,1,5,1,
67,1,796,229,70,22,1,5,1,
67,2,743,385,61,23,1,5,1,
67,8,818,176,69,24,1,5,1,
67,9,882,53,17,29,1,5,1,
67,10,766,182,10,10,1,5,1,
67,11,463,433,20,17,1,5,1,
67,13,878,367,32,26,1,5,1,
68,1,802,230,69,21,1,5,1,
68,2,747,384,60,23,1,5,1,
68,8,814,177,69,24,1,5,1,
68,9,883,56,16,29,1,5,1,
68,10,765,182,10,10,1,5,1,
68,11,461,434,19,17,1,5,1,
68,13,878,366,32,26,1,5,1,
69,1,807,230,68,21,1,5,1,
69,2,752,383,58,23,1,5,1,
69,8,809,178,70,23,1,5,1,
69,9,883,59,16,28,1,5,1,
69,10,765,183,10,10,1,5,1,
69,11,460,435,18,18,1,5,1,
69,13,879,364,32,26,1,5,1,
70,1,813,230,67,21,1,5,1,
70,2,757,382,56,23,1,5,1,
70,8,805,180,70,22,1,5,1,
70,9,884,62,16,27,1,5,1,
70,10,764,183,10,11,1,5,1,
70,11,460,436,16,19,1,5,1,
70,13,879,363,32,26,1,5,1,
71,1,819,231,65,20,1,5,1,
71,2,762,381,54,23,1,5,1,
71,8,801,181,69,22,1,5,1,
71,9,884,65,16,26,1,5,1,
71,10,763,184,11,10,1,5,1,
71,11,459,438,15,18,1,5,1,
71,13,882,363,31,25,1,5,1,
72,1,824,231,65,20,1,5,1,
72,2,767,380,53,23,1,5,1,
72,8,797,182,69,22,1,5,1,
72,9,885,67,15,25,1,5,1,
72,10,762,185,11,10,1,5,1,
72,11,458,439,14,19,1,5,1,
72,13,886,362,29,24,1,5,1,
73,1,830,231,64,20,1,5,1,
73,2,771,379,53,22,1,5,1,
73,8,793,183,68,21,1,5,1,
73,9,883,69,16,26,1,5,1,
73,11,458,440,12,20,1,5,1,
73,13,888,362,29,23,1,5,1,
74,1,835,232,63,20,1,5,1,
74,2,774,378,53,22,1,5,1,
74,8,788,184,69,21,1,5,1,
74,9,882,71,15,26,1,5,1,
74,11,458,441,11,21,1,5,1,
74,13,890,361,29,23,1,5,1,
75,1,839,232,64,20,1,5,1,
75,2,777,377,53,22,1,5,1,
75,8,784,184,70,21,1,5,1,
75,9,878,72,19,28,1,5,1,
75,11,458,442,9,21,1,5,1,
75,13,889,360,31,23,1,5,1,
76,1,844,232,63,20,1,5,1,
76,2,780,376,53,22,1,5,1,
76,8,780,185,69,21,1,5,1,
76,9,873,74,23,28,1,5,1,
76,11,458,444,9,21,1,5,1,
76,13,890,359,32,23,1,5,1,
77,1,849,232,61,20,1,5,1,
77,2,784,375,51,22,1,5,1,
77,8,776,186,69,21,1,5,1,
77,9,869,76,26,29,1,5,1,
77,11,457,445,10,22,1,5,1,
77,13,892,358,31,23,1,5,1,
78,1,853,233,61,19,1,5,1,
78,2,787,374,50,22,1,5,1,
78,8,772,187,69,20,1,5,1,
78,9,865,78,31,29,1,5,1,
78,11,458,446,9,23,1,5,1,
78,13,893,357,32,23,1,5,1,
79,1,859,233,59,19,1,5,1,
79,2,792,374,47,21,1,5,1,
79,8,768,188,68,20,1,5,1,
79,9,861,80,34,29,1,5,1,
79,11,458,448,10,23,1,5,1,
79,13,896,357,30,22,1,5,1,
80,1,864,233,57,19,1,5,1,
80,2,795,373,46,21,1,5,1,
80,8,764,189,68,19,1,5,1,
80,9,858,82,35,29,1,5,1,
80,11,458,450,11,23,1,5,1,
80,13,898,356,29,22,1,5,1,
81,1,871,234,53,18,1,5,1,
81,2,801,372,42,21,1,5,1,
81,8,760,190,66,19,1,5,1,
81,9,854,86,36,27,1,5,1,
81,11,458,452,12,23,1,5,1,
81,13,900,355,28,21,1,5,1,
82,1,876,234,52,19,1,5,1,
82,2,805,371,40,21,1,5,1,
82,8,756,191,66,18,1,5,1,
82,9,850,88,37,27,1,5,1,
82,11,459,454,12,23,1,5,1,
82,13,901,354,28,21,1,5,1,
83,1,880,234,51,19,1,5,1,
83,2,809,370,38,21,1,5,1,
83,8,752,192,66,18,1,5,1,
83,9,846,91,38,26,1,5,1,
83,11,459,455,14,24,1,5,1,
83,13,902,353,28,22,1,5,1,
84,1,884,234,49,19,1,5,1,
84,2,812,369,36,21,1,5,1,
84,8,748,192,66,19,1,5,1,
84,9,842,93,39,26,1,5,1,
84,11,459,457,16,24,1,5,1,
84,13,903,353,27,21,1,5,1,
85,1,889,235,47,18,1,5,1,
85,2,815,368,35,21,1,5,1,
85,8,744,193,65,18,1,5,1,
85,9,838,95,39,26,1,5,1,
85,11,459,458,18,25,1,5,1,
85,13,904,352,27,21,1,5,1,
86,1,893,235,46,18,1,5,1,
86,2,818,367,33,21,1,5,1,
86,8,740,194,66,18,1,5,1,
86,9,834,97,40,26,1,5,1,
86,11,460,460,19,25,1,5,1,
86,13,904,351,27,21,1,5,1,
87,1,896,235,45,18,1,5,1,
87,2,821,366,31,21,1,5,1,
87,8,736,195,66,17,1,5,1,
87,9,830,99,40,25,1,5,1,
87,11,460,462,21,25,1,5,1,
87,13,905,350,27,21,1,5,1,
88,1,901,236,43,17,1,5,1,
88,2,824,365,30,21,1,5,1,
88,8,732,196,65,17,1,5,1,
88,9,826,102,40,24,1,5,1,
88,11,461,464,22,25,1,5,1,
88,13,905,349,27,21,1,5,1,
89,1,904,236,42,17,1,5,1,
89,2,827,364,27,21,1,5,1,
89,8,728,196,65,17,1,5,1,
89,9,822,104,41,24,1,5,1,
89,11,461,465,25,26,1,5,1,
89,13,906,349,26,20,1,5,1,
90,1,908,236,40,17,1,5,1,
90,2,829,362,25,22,1,5,1,
90,8,726,197,63,17,1,5,1,
90,9,818,106,41,24,1,5,1,
90,11,462,467,26,26,1,5,1,
90,13,905,348,27,20,1,5,1,
91,1,913,236,36,18,1,5,1,
91,2,833,362,21,21,1,5,1,
91,8,723,198,61,16,1,5,1,
91,9,814,109,41,22,1,5,1,
91,11,464,469,27,26,1,5,1,
91,13,906,347,25,20,1,5,1,
92,1,917,237,34,17,1,5,1,
92,2,833,361,22,21,1,5,1,
92,8,720,198,59,17,1,5,1,
92,9,811,111,40,22,1,5,1,
92,11,465,471,29,27,1,5,1,
92,13,906,346,25,20,1,5,1,
93,1,920,237,32,17,1,5,1,
93,2,834,360,22,21,1,5,1,
93,8,716,199,59,16,1,5,1,
93,9,807,113,40,21,1,5,1,
93,11,466,473,32,27,1,5,1,
93,13,906,346,25,19,1,5,1,
94,1,924,237,30,17,1,5,1,
94,2,835,359,21,20,1,5,1,
94,8,713,200,56,16,1,5,1,
94,9,803,115,39,21,1,5,1,
94,11,468,475,33,27,1,5,1,
94,13,905,345,26,19,1,5,1,
95,1,927,238,28,16,1,5,1,
95,2,835,359,21,19,1,5,1,
95,8,710,200,55,16,1,5,1,
95,9,799,117,40,20,1,5,1,
95,11,470,477,34,27,1,5,1,
95,13,905,344,25,19,1,5,1,
96,1,929,238,27,16,1,5,1,
96,2,835,358,22,19,1,5,1,
96,8,706,201,56,16,1,5,1,
96,9,795,119,40,20,1,5,1,
96,11,471,479,37,27,1,5,1,
96,13,905,344,25,18,1,5,1,
97,1,932,238,25,16,1,5,1,
97,2,835,357,22,19,1,5,1,
97,8,703,202,54,15,1,5,1,
97,9,791,121,39,19,1,5,1,
97,11,474,482,38,26,1,5,1,
97,13,905,343,24,18,1,5,1,
98,1,934,238,24,17,1,5,1,
98,2,836,356,21,19,1,5,1,
98,8,700,202,54,15,1,5,1,
98,9,787,122,40,20,1,5,1,
98,11,476,483,40,28,1,5,1,
98,13,904,342,24,19,1,5,1,
99,1,935,239,24,16,1,5,1,
99,2,836,355,21,19,1,5,1,
99,8,696,203,55,15,1,5,1,
99,9,783,124,40,19,1,5,1,
99,11,478,485,42,28,1,5,1,
99,13,904,342,24,18,1,5,1,
100,1,936,239,23,16,1,5,1,
100,2,835,354,22,19,1,5,1,
100,8,693,203,54,15,1,5,1,
100,9,779,126,40,18,1,5,1,
100,11,480,488,44,27,1,5,1,
100,13,903,341,24,18,1,5,1,
101,1,937,239,22,16,1,5,1,
101,2,835,353,22,19,1,5,1,
101,8,690,204,54,15,1,5,1,
101,9,775,127,40,19,1,5,1,
101,11,483,490,46,27,1,5,1,
101,13,903,340,23,18,1,5,1,
102,1,938,240,21,15,1,5,1,
102,2,835,353,22,18,1,5,1,
102,8,686,204,55,15,1,5,1,
102,9,771,129,40,18,1,5,1,
102,11,486,492,47,27,1,5,1,
102,13,902,340,23,17,1,5,1,
103,1,938,240,21,15,1,5,1,
103,2,835,352,22,18,1,5,1,
103,8,683,205,54,15,1,5,1,
103,9,767,131,40,17,1,5,1,
103,11,489,494,49,27,1,5,1,
103,13,901,339,23,17,1,5,1,
104,1,939,240,20,15,1,5,1,
104,2,834,351,22,18,1,5,1,
104,8,680,206,53,14,1,5,1,
104,9,763,132,40,17,1,5,1,
104,11,492,496,51,27,1,5,1,
104,13,901,338,22,18,1,5,1,
105,1,939,240,20,15,1,5,1,
105,2,834,350,22,19,1,5,1,
105,8,676,206,54,14,1,5,1,
105,9,759,134,41,16,1,5,1,
105,11,495,498,53,27,1,5,1,
105,13,900,338,22,17,1,5,1,
106,1,940,241,19,15,1,5,1,
106,2,833,349,23,18,1,5,1,
106,8,673,207,53,14,1,5,1,
106,9,755,135,40,17,1,5,1,
106,11,499,500,55,28,1,5,1,
106,13,899,337,23,17,1,5,1,
107,1,940,241,19,15,1,5,1,
107,2,833,349,22,18,1,5,1,
107,9,753,137,38,15,1,5,1,
107,11,502,502,57,28,1,5,1,
107,13,898,336,23,17,1,5,1,
108,1,940,241,19,15,1,5,1,
108,2,832,348,23,18,1,5,1,
108,9,751,138,37,15,1,5,1,
108,11,505,504,60,28,1,5,1,
108,13,897,336,24,17,1,5,1,
109,1,940,242,19,14,1,5,1,
109,2,831,347,23,18,1,5,1,
109,9,750,140,34,14,1,5,1,
109,11,509,506,61,28,1,5,1,
109,13,896,335,24,17,1,5,1,
110,1,940,242,20,14,1,5,1,
110,2,830,346,24,18,1,5,1,
110,9,749,141,31,13,1,5,1,
110,11,513,508,63,28,1,5,1,
110,13,894,334,26,17,1,5,1,
111,1,940,242,19,14,1,5,1,
111,2,829,345,25,18,1,5,1,
111,9,746,142,30,13,1,5,1,
111,11,516,510,66,28,1,5,1,
111,13,892,334,27,17,1,5,1,
112,1,939,242,20,14,1,5,1,
112,2,827,344,26,18,1,5,1,
112,9,742,143,30,13,1,5,1,
112,11,521,512,67,28,1,5,1,
112,13,890,333,30,17,1,5,1,
113,1,939,243,20,14,1,5,1,
113,2,825,344,28,18,1,5,1,
113,9,738,144,31,13,1,5,1,
113,11,525,514,69,27,1,5,1,
113,13,888,333,31,16,1,5,1,
114,1,938,243,21,14,1,5,1,
114,2,824,343,29,18,1,5,1,
114,9,734,145,32,13,1,5,1,
114,11,529,516,72,27,1,5,1,
114,13,886,332,33,16,1,5,1,
115,1,938,243,20,14,1,5,1,
115,2,822,342,31,18,1,5,1,
115,9,732,146,32,13,1,5,1,
115,11,534,518,73,25,1,5,1,
115,13,884,331,34,16,1,5,1,
116,1,937,244,21,13,1,5,1,
116,2,820,341,32,18,1,5,1,
116,9,730,147,31,13,1,5,1,
116,11,539,520,73,24,1,5,1,
116,13,882,331,34,16,1,5,1,
117,1,937,244,20,13,1,5,1,
117,2,818,341,33,17,1,5,1,
117,9,729,148,29,12,1,5,1,
117,11,544,522,72,22,1,5,1,
117,13,880,330,35,16,1,5,1,
118,1,936,244,20,13,1,5,1,
118,2,817,340,33,17,1,5,1,
118,4,483,-23970,0,0,1,5,1,
118,9,726,149,29,12,1,5,1,
118,11,550,524,72,20,1,5,1,
118,13,878,330,35,15,1,5,1,
119,1,935,244,20,13,1,5,1,
119,2,815,339,33,17,1,5,1,
119,4,93,-17406,0,0,1,5,1,
119,9,722,150,30,12,1,5,1,
119,11,555,526,74,18,1,5,1,
119,13,877,329,34,15,1,5,1,
120,1,934,245,20,12,1,5,1,
120,2,813,339,34,16,1,5,1,
120,4,-133,-13698,0,0,1,5,1,
120,9,718,151,30,12,1,5,1,
120,11,562,529,74,15,1,5,1,
120,13,875,329,33,15,1,5,1,
121,1,933,245,20,13,1,5,1,
121,2,811,338,34,16,1,5,1,
121,9,714,152,31,12,1,5,1,
121,11,569,531,75,13,1,5,1,
121,13,872,328,34,15,1,5,1,
122,1,933,245,19,13,1,5,1,
122,2,809,338,35,15,1,5,1,
122,9,711,153,32,11,1,5,1,
122,11,574,533,77,11,1,5,1,
122,13,870,328,34,14,1,5,1,
123,1,932,245,19,13,1,5,1,
123,2,807,337,35,15,1,5,1,
123,9,710,154,31,11,1,5,1,
123,11,580,535,78,9,1,5,1,
123,13,868,327,34,15,1,5,1,
124,1,931,246,18,12,1,5,1,
124,2,805,336,35,15,1,5,1,
124,9,708,155,29,11,1,5,1,
124,13,866,327,33,14,1,5,1,
125,1,930,246,19,12,1,5,1,
125,2,803,336,36,15,1,5,1,
125,9,705,156,29,10,1,5,1,
125,13,864,326,34,14,1,5,1,
126,1,929,246,19,12,1,5,1,
126,2,801,335,36,15,1,5,1,
126,9,701,157,30,10,1,5,1,
126,13,862,326,34,14,1,5,1,
127,1,927,246,20,12,1,5,1,
127,2,799,334,36,15,1,5,1,
127,3,11637,-11652,-10677,0,1,5,1,
127,9,697,157,31,11,1,5,1,
127,13,860,325,34,14,1,5,1,
128,1,926,246,20,12,1,5,1,
128,2,797,334,36,14,1,5,1,
128,3,8330,-8397,-7370,0,1,5,1,
128,9,693,158,32,10,1,5,1,
128,13,858,325,33,13,1,5,1,
129,1,925,247,20,11,1,5,1,
129,2,794,333,37,14,1,5,1,
129,3,6461,-6564,-5501,0,1,5,1,
129,9,689,159,33,10,1,5,1,
129,13,856,324,33,14,1,5,1,
130,1,924,247,20,12,1,5,1,
130,2,792,333,37,14,1,5,1,
130,9,686,160,33,9,1,5,1,
130,13,854,324,33,13,1,5,1,
131,1,923,247,20,12,1,5,1,
131,2,790,332,38,14,1,5,1,
131,9,684,160,33,10,1,5,1,
131,13,852,323,33,14,1,5,1,
132,1,921,247,21,12,1,5,1,
132,2,788,332,38,13,1,5,1,
132,9,681,161,34,9,1,5,1,
132,13,850,323,33,13,1,5,1,
133,1,920,248,21,11,1,5,1,
133,2,786,331,38,14,1,5,1,
133,9,680,162,31,9,1,5,1,
133,13,848,322,33,14,1,5,1,
134,1,919,248,21,11,1,5,1,
134,2,784,331,38,13,1,5,1,
134,9,676,162,31,9,1,5,1,
134,13,847,322,33,13,1,5,1,
135,1,918,248,21,12,1,5,1,
135,2,780,330,41,14,1,5,1,
135,13,845,322,33,13,1,5,1,
136,1,918,248,20,12,1,5,1,
136,2,777,330,42,13,1,5,1,
136,13,843,321,33,13,1,5,1,
137,1,917,249,19,11,1,5,1,
137,2,774,329,43,13,1,5,1,
137,13,841,321,33,13,1,5,1,
138,1,917,249,18,11,1,5,1,
138,2,772,329,44,13,1,5,1,
138,13,839,320,33,13,1,5,1,
139,1,916,249,17,11,1,5,1,
139,2,769,328,45,13,1,5,1,
139,13,837,320,33,13,1,5,1,
140,1,915,249,17,11,1,5,1,
140,2,767,328,45,13,1,5,1,
140,13,835,320,33,12,1,5,1,
141,1,915,249,16,11,1,5,1,
141,2,764,327,46,13,1,5,1,
141,13,833,319,34,13,1,5,1,
142,1,914,250,16,10,1,5,1,
142,2,761,327,47,12,1,5,1,
142,13,831,319,33,12,1,5,1,
143,1,913,250,16,10,1,5,1,
143,2,759,326,47,13,1,5,1,
143,13,829,318,33,13,1,5,1,
144,1,912,250,17,10,1,5,1,
144,2,756,326,47,12,1,5,1,
144,13,827,318,34,12,1,5,1,
145,1,912,250,16,11,1,5,1,
145,2,754,325,47,13,1,5,1,
145,13,825,318,34,12,1,5,1,
146,1,911,250,16,11,1,5,1,
146,2,751,325,47,12,1,5,1,
146,13,823,317,34,12,1,5,1,
147,1,910,250,16,11,1,5,1,
147,2,749,324,47,13,1,5,1,
147,13,822,317,33,12,1,5,1,
148,1,909,251,17,10,1,5,1,
148,13,820,317,33,11,1,5,1,
149,1,908,251,17,10,1,5,1,
149,13,818,316,33,12,1,5,1,
150,1,907,251,17,10,1,5,1,
