1,1,29,350,49,41,1,5,1,
1,2,0,173,52,13,1,5,1,
1,3,6,101,138,29,1,5,1,
1,4,773,378,62,23,1,5,1,
1,5,236,44,30,37,1,5,1,
1,6,429,469,32,42,1,5,1,
1,7,443,117,71,34,1,5,1,
1,8,431,31,25,66,1,5,1,
1,9,839,136,109,27,1,5,1,
1,10,603,506,23,27,1,5,1,
2,1,25,351,50,42,1,5,1,
2,2,0,173,54,13,1,5,1,
2,3,0,98,139,31,1,5,1,
2,4,775,379,70,24,1,5,1,
2,5,236,39,36,41,1,5,1,
2,6,430,470,36,44,1,5,1,
2,7,447,118,68,34,1,5,1,
2,8,436,35,24,66,1,5,1,
2,9,830,137,112,28,1,5,1,
2,10,603,502,20,30,1,5,1,
3,1,21,353,49,43,1,5,1,
3,2,4,173,52,13,1,5,1,
3,3,-12,94,144,33,1,5,1,
3,4,778,381,76,23,1,5,1,
3,5,236,35,46,43,1,5,1,
3,6,430,472,42,44,1,5,1,
3,7,453,119,62,35,1,5,1,
3,8,436,39,30,66,1,5,1,
3,9,822,138,112,30,1,5,1,
3,10,603,499,17,31,1,5,1,
4,1,17,355,47,44,1,5,1,
4,2,13,173,43,13,1,5,1,
4,3,-27,89,147,37,1,5,1,
4,4,783,382,80,24,1,5,1,
4,5,236,32,58,42,1,5,1,
4,6,430,475,48,44,1,5,1,
4,7,461,121,53,35,1,5,1,
4,8,433,45,40,65,1,5,1,
4,9,815,139,105,31,1,5,1,
4,10,604,496,13,31,1,5,1,
5,1,11,356,46,47,1,5,1,
5,2,20,172,38,14,1,5,1,
5,3,-41,88,149,38,1,5,1,
5,4,788,384,84,23,1,5,1,
5,5,238,29,70,41,1,5,1,
5,6,430,478,55,42,1,5,1,
5,7,468,122,46,36,1,5,1,
5,8,432,50,47,63,1,5,1,
5,9,809,141,99,32,1,5,1,
5,10,606,494,13,30,1,5,1,
6,1,2,358,55,50,1,5,1,
6,2,29,172,30,13,1,5,1,
6,3,-55,82,149,42,1,5,1,
6,4,795,386,85,22,1,5,1,
6,5,241,27,82,37,1,5,1,
6,6,431,482,62,39,1,5,1,
6,7,475,123,40,37,1,5,1,
6,8,432,57,56,59,1,5,1,
6,9,805,143,88,32,1,5,1,
6,10,609,491,12,29,1,5,1,
7,1,0,359,55,54,1,5,1,
7,2,35,172,24,13,1,5,1,
7,3,-68,77,149,45,1,5,1,
7,4,801,387,87,22,1,5,1,
7,5,245,25,94,35,1,5,1,
7,6,431,486,69,35,1,5,1,
7,7,478,125,41,37,1,5,1,
7,8,433,63,64,55,1,5,1,
7,9,801,145,80,32,1,5,1,
7,10,608,490,17,27,1,5,1,
8,1,0,362,49,55,1,5,1,
8,2,37,171,20,14,1,5,1,
8,3,-78,70,143,49,1,5,1,
8,4,810,389,85,20,1,5,1,
8,5,251,21,103,33,1,5,1,
8,6,433,490,75,33,1,5,1,
8,7,480,128,44,35,1,5,1,
8,8,434,70,73,50,1,5,1,
8,9,799,147,68,31,1,5,1,
8,10,607,489,23,24,1,5,1,
9,1,0,365,49,54,1,5,1,
9,2,35,170,20,14,1,5,1,
9,3,-87,64,139,53,1,5,1,
9,4,817,391,85,19,1,5,1,
9,5,257,17,112,33,1,5,1,
9,6,435,494,79,30,1,5,1,
9,7,481,130,47,34,1,5,1,
9,8,436,75,80,46,1,5,1,
9,9,799,150,58,30,1,5,1,
9,10,607,488,28,21,1,5,1,
10,1,0,370,52,52,1,5,1,
10,2,27,168,24,16,1,5,1,
10,4,827,392,80,19,1,5,1,
10,5,266,14,118,32,1,5,1,
10,6,439,498,81,27,1,5,1,
10,7,482,133,51,33,1,5,1,
10,8,441,82,85,39,1,5,1,
10,9,798,153,47,28,1,5,1,
10,10,609,487,29,19,1,5,1,
11,1,0,373,56,51,1,5,1,
11,2,18,166,34,17,1,5,1,
11,4,834,394,77,17,1,5,1,
11,5,273,13,126,30,1,5,1,
11,6,443,500,84,27,1,5,1,
11,7,482,136,57,31,1,5,1,
11,8,445,86,91,36,1,5,1,
11,9,796,155,41,27,1,5,1,
11,10,610,485,31,18,1,5,1,
12,1,0,377,65,49,1,5,1,
12,2,8,164,46,18,1,5,1,
12,4,843,395,71,16,1,5,1,
12,5,284,11,130,30,1,5,1,
12,6,448,503,85,25,1,5,1,
12,7,484,138,60,30,1,5,1,
12,8,451,91,96,32,1,5,1,
12,9,794,158,34,25,1,5,1,
12,10,614,483,29,18,1,5,1,
13,1,0,381,78,47,1,5,1,
13,2,0,162,54,19,1,5,1,
13,4,851,396,65,15,1,5,1,
13,5,294,8,136,32,1,5,1,
13,6,453,504,87,25,1,5,1,
13,7,486,140,64,29,1,5,1,
13,8,457,95,100,28,1,5,1,
13,9,792,160,31,24,1,5,1,
13,10,617,481,29,19,1,5,1,
14,1,0,386,92,44,1,5,1,
14,2,0,160,51,19,1,5,1,
14,4,865,396,52,15,1,5,1,
14,5,313,6,132,31,1,5,1,
14,6,461,507,86,23,1,5,1,
14,7,490,143,65,27,1,5,1,
14,8,468,100,98,23,1,5,1,
14,9,790,163,27,23,1,5,1,
14,10,622,479,26,18,1,5,1,
15,1,0,387,108,44,1,5,1,
15,2,-4,159,51,19,1,5,1,
15,4,872,396,44,14,1,5,1,
15,5,324,4,137,32,1,5,1,
15,6,466,508,88,23,1,5,1,
15,7,493,145,68,26,1,5,1,
15,8,474,101,101,22,1,5,1,
15,9,788,164,27,23,1,5,1,
15,10,625,478,25,18,1,5,1,
16,1,0,387,125,45,1,5,1,
16,2,-8,157,50,20,1,5,1,
16,4,881,395,35,15,1,5,1,
16,5,338,2,139,32,1,5,1,
16,6,472,510,89,22,1,5,1,
16,7,497,147,68,24,1,5,1,
16,8,483,101,100,23,1,5,1,
16,9,786,166,26,22,1,5,1,
16,10,628,476,24,18,1,5,1,
17,1,0,388,143,45,1,5,1,
17,2,-11,156,48,19,1,5,1,
17,4,887,394,30,15,1,5,1,
17,5,350,0,143,32,1,5,1,
17,6,477,511,91,22,1,5,1,
17,7,500,148,68,24,1,5,1,
17,8,490,101,102,23,1,5,1,
17,9,784,167,26,22,1,5,1,
17,10,631,474,23,19,1,5,1,
18,1,0,388,161,45,1,5,1,
18,2,-14,155,44,19,1,5,1,
18,4,895,393,22,15,1,5,1,
18,5,365,0,145,30,1,5,1,
18,6,484,512,91,21,1,5,1,
18,7,505,149,67,24,1,5,1,
18,8,500,101,100,23,1,5,1,
18,9,781,169,27,21,1,5,1,
18,10,634,472,22,19,1,5,1,
19,1,0,389,176,44,1,5,1,
19,2,-18,155,43,17,1,5,1,
19,4,896,392,19,16,1,5,1,
19,5,377,0,150,28,1,5,1,
19,6,489,512,93,22,1,5,1,
19,7,509,150,66,23,1,5,1,
19,8,507,102,101,22,1,5,1,
19,9,779,170,27,21,1,5,1,
19,10,637,470,20,19,1,5,1,
20,1,0,389,190,45,1,5,1,
20,2,-22,152,41,19,1,5,1,
20,4,894,390,20,17,1,5,1,
20,5,393,0,151,27,1,5,1,
20,6,496,513,93,22,1,5,1,
20,7,514,151,65,23,1,5,1,
20,8,517,102,99,23,1,5,1,
20,9,777,172,26,20,1,5,1,
20,10,640,469,19,18,1,5,1,
21,1,0,389,205,45,1,5,1,
21,2,-26,150,40,19,1,5,1,
21,4,890,389,24,17,1,5,1,
21,5,406,0,156,25,1,5,1,
21,6,502,513,94,22,1,5,1,
21,7,519,152,63,23,1,5,1,
21,8,524,102,100,23,1,5,1,
21,9,775,173,26,20,1,5,1,
21,10,642,467,18,18,1,5,1,
22,1,9,389,211,46,1,5,1,
22,4,884,387,31,18,1,5,1,
22,5,423,0,156,24,1,5,1,
22,6,509,513,94,23,1,5,1,
22,7,524,153,61,22,1,5,1,
22,8,534,103,98,23,1,5,1,
22,9,772,175,27,19,1,5,1,
22,10,645,465,16,18,1,5,1,
23,1,17,389,217,46,1,5,1,
23,4,878,385,38,19,1,5,1,
23,5,435,-1,162,23,1,5,1,
23,6,514,513,96,23,1,5,1,
23,7,528,153,60,23,1,5,1,
23,8,541,103,98,23,1,5,1,
23,9,771,176,26,19,1,5,1,
23,10,646,463,16,19,1,5,1,
24,1,26,389,223,46,1,5,1,
24,4,873,384,44,20,1,5,1,
24,5,448,-2,167,23,1,5,1,
24,6,520,513,97,23,1,5,1,
24,7,532,154,56,23,1,5,1,
24,8,548,104,98,23,1,5,1,
24,9,771,177,23,19,1,5,1,
24,10,648,461,16,19,1,5,1,
25,1,41,389,223,46,1,5,1,
25,4,869,383,46,19,1,5,1,
25,5,469,-3,164,23,1,5,1,
25,6,529,513,95,23,1,5,1,
25,7,538,154,49,24,1,5,1,
25,8,559,104,94,24,1,5,1,
25,9,772,179,17,17,1,5,1,
25,10,651,460,14,18,1,5,1,
26,1,52,389,227,46,1,5,1,
26,4,865,381,48,20,1,5,1,
26,5,483,-4,168,23,1,5,1,
26,6,535,513,95,23,1,5,1,
26,7,543,155,47,24,1,5,1,
26,8,566,105,94,23,1,5,1,
26,9,772,180,16,17,1,5,1,
26,10,652,458,13,19,1,5,1,
27,1,64,389,230,46,1,5,1,
27,4,861,380,49,19,1,5,1,
27,5,500,-5,170,23,1,5,1,
27,6,543,513,94,23,1,5,1,
27,7,548,156,44,23,1,5,1,
27,8,575,106,92,23,1,5,1,
27,9,773,181,16,17,1,5,1,
27,10,654,456,12,19,1,5,1,
28,1,75,389,234,45,1,5,1,
28,4,858,379,48,19,1,5,1,
28,5,514,-6,174,23,1,5,1,
28,6,549,513,94,22,1,5,1,
28,7,551,156,43,24,1,5,1,
28,8,582,106,92,23,1,5,1,
28,9,773,182,16,16,1,5,1,
28,10,655,454,12,19,1,5,1,
29,1,88,389,235,45,1,5,1,
29,4,854,377,48,19,1,5,1,
29,6,556,512,93,23,1,5,1,
29,7,555,157,41,24,1,5,1,
29,8,590,107,91,23,1,5,1,
29,9,773,183,16,16,1,5,1,
29,10,657,453,10,18,1,5,1,
30,1,101,388,237,46,1,5,1,
30,3,0,-20,19,41,1,5,1,
30,4,850,376,49,19,1,5,1,
30,6,562,512,93,22,1,5,1,
30,7,557,158,40,24,1,5,1,
30,8,597,108,90,23,1,5,1,
30,9,773,184,16,16,1,5,1,
30,10,658,451,10,19,1,5,1,
31,1,114,388,238,45,1,5,1,
31,3,0,-24,28,41,1,5,1,
31,4,846,375,49,18,1,5,1,
31,6,569,511,92,22,1,5,1,
31,7,560,159,39,24,1,5,1,
31,8,605,108,85,24,1,5,1,
31,9,773,185,16,16,1,5,1,
31,10,659,449,9,19,1,5,1,
32,1,129,388,237,44,1,5,1,
32,3,0,-28,37,42,1,5,1,
32,4,842,374,48,18,1,5,1,
32,6,577,510,89,22,1,5,1,
32,7,564,160,35,23,1,5,1,
32,8,613,109,79,25,1,5,1,
32,9,773,186,15,15,1,5,1,
32,10,659,448,9,18,1,5,1,
33,1,145,387,235,44,1,5,1,
33,4,838,373,48,17,1,5,1,
33,6,584,509,87,22,1,5,1,
33,7,567,161,31,23,1,5,1,
33,8,623,109,70,27,1,5,1,
33,9,773,187,15,15,1,5,1,
33,10,659,446,9,18,1,5,1,
34,1,158,387,236,44,1,5,1,
34,4,835,372,47,17,1,5,1,
34,6,591,508,85,22,1,5,1,
34,7,570,162,28,23,1,5,1,
34,8,631,110,66,27,1,5,1,
34,9,772,188,15,15,1,5,1,
34,10,659,444,9,19,1,5,1,
35,1,171,386,237,44,1,5,1,
35,4,831,370,48,18,1,5,1,
35,6,597,507,84,22,1,5,1,
35,7,574,162,25,24,1,5,1,
35,8,637,110,64,29,1,5,1,
35,9,772,188,15,16,1,5,1,
35,10,659,443,10,18,1,5,1,
36,1,187,386,234,43,1,5,1,
36,4,827,369,47,17,1,5,1,
36,5,713,0,108,18,1,5,1,
36,6,604,506,82,22,1,5,1,
36,7,577,163,22,24,1,5,1,
36,8,644,111,58,29,1,5,1,
36,9,772,189,14,15,1,5,1,
36,10,659,441,10,18,1,5,1,
37,1,204,385,231,43,1,5,1,
37,4,824,368,46,17,1,5,1,
37,5,734,0,95,21,1,5,1,
37,6,612,505,78,22,1,5,1,
37,7,580,164,20,24,1,5,1,
37,8,651,113,50,29,1,5,1,
37,9,771,190,15,15,1,5,1,
37,10,659,440,10,17,1,5,1,
38,1,219,384,229,43,1,5,1,
38,4,820,367,46,17,1,5,1,
38,5,750,0,84,24,1,5,1,
38,6,619,504,76,22,1,5,1,
38,7,582,165,18,23,1,5,1,
38,8,657,114,43,30,1,5,1,
38,9,771,191,14,15,1,5,1,
38,10,659,438,9,18,1,5,1,
39,1,237,384,224,42,1,5,1,
39,4,816,366,45,16,1,5,1,
39,5,763,0,75,28,1,5,1,
39,6,627,502,72,24,1,5,1,
39,7,584,167,16,22,1,5,1,
39,8,665,116,35,30,1,5,1,
39,9,770,192,14,14,1,5,1,
39,10,658,437,10,17,1,5,1,
40,1,252,383,222,42,1,5,1,
40,4,813,365,45,16,1,5,1,
40,5,770,0,69,34,1,5,1,
40,6,633,501,70,24,1,5,1,
40,7,584,168,16,22,1,5,1,
40,8,671,117,28,31,1,5,1,
40,9,768,193,14,14,1,5,1,
40,10,658,435,10,17,1,5,1,
41,1,267,382,219,41,1,5,1,
41,4,809,364,45,16,1,5,1,
41,5,776,0,61,41,1,5,1,
41,6,639,499,65,25,1,5,1,
41,7,584,169,14,22,1,5,1,
41,8,677,118,21,32,1,5,1,
41,9,766,194,17,14,1,5,1,
41,10,658,434,10,16,1,5,1,
42,1,283,382,215,40,1,5,1,
42,4,806,363,44,15,1,5,1,
42,5,781,0,60,46,1,5,1,
42,6,647,498,57,25,1,5,1,
42,7,582,169,16,23,1,5,1,
42,8,679,120,18,32,1,5,1,
42,9,762,194,21,14,1,5,1,
42,10,657,432,10,16,1,5,1,
43,1,297,381,213,40,1,5,1,
43,4,802,363,44,14,1,5,1,
43,5,784,0,61,51,1,5,1,
43,6,653,496,51,26,1,5,1,
43,7,581,170,17,23,1,5,1,
43,8,678,122,19,32,1,5,1,
43,9,758,195,25,14,1,5,1,
43,10,655,431,12,16,1,5,1,
44,1,313,380,209,40,1,5,1,
44,4,798,362,44,14,1,5,1,
44,5,789,0,59,55,1,5,1,
44,6,662,493,42,28,1,5,1,
44,7,579,171,19,22,1,5,1,
44,8,678,124,18,31,1,5,1,
44,9,755,196,28,14,1,5,1,
44,10,653,429,14,16,1,5,1,
45,1,329,379,204,40,1,5,1,
45,4,795,361,43,14,1,5,1,
45,5,795,0,57,60,1,5,1,
45,6,670,490,34,30,1,5,1,
45,7,578,172,20,22,1,5,1,
45,8,677,126,18,31,1,5,1,
45,9,752,197,30,14,1,5,1,
45,10,650,427,17,17,1,5,1,
46,1,344,378,201,40,1,5,1,
46,4,792,360,42,14,1,5,1,
46,5,802,6,54,58,1,5,1,
46,6,678,486,26,33,1,5,1,
46,7,576,174,22,21,1,5,1,
46,8,676,129,18,29,1,5,1,
46,9,749,198,31,13,1,5,1,
46,10,648,426,19,16,1,5,1,
47,1,357,377,197,39,1,5,1,
47,4,788,359,43,14,1,5,1,
47,5,808,11,51,57,1,5,1,
47,6,684,483,21,35,1,5,1,
47,7,575,175,22,21,1,5,1,
47,8,676,130,17,30,1,5,1,
47,9,746,198,32,14,1,5,1,
47,10,645,425,22,15,1,5,1,
48,1,374,375,189,39,1,5,1,
48,4,785,358,41,13,1,5,1,
48,5,814,17,48,55,1,5,1,
48,6,684,480,21,36,1,5,1,
48,7,573,176,23,21,1,5,1,
48,8,675,133,16,28,1,5,1,
48,9,743,199,32,13,1,5,1,
48,10,642,423,24,16,1,5,1,
49,1,387,374,189,39,1,5,1,
49,4,781,357,42,14,1,5,1,
49,5,819,22,46,53,1,5,1,
49,6,680,477,25,37,1,5,1,
49,7,571,177,24,20,1,5,1,
49,8,674,135,16,28,1,5,1,
49,9,740,200,33,13,1,5,1,
49,10,639,422,26,15,1,5,1,
50,1,401,372,188,39,1,5,1,
50,4,778,357,41,12,1,5,1,
50,5,824,27,44,52,1,5,1,
50,6,677,475,28,37,1,5,1,
50,7,570,178,23,20,1,5,1,
50,8,673,137,17,27,1,5,1,
50,9,737,201,33,12,1,5,1,
50,10,636,421,27,14,1,5,1,
51,1,414,370,183,39,1,5,1,
51,4,774,356,42,12,1,5,1,
51,5,829,32,41,51,1,5,1,
51,6,675,473,31,36,1,5,1,
51,7,568,179,24,20,1,5,1,
51,8,672,139,17,27,1,5,1,
51,9,734,202,33,12,1,5,1,
51,10,634,419,27,15,1,5,1,
52,1,426,367,178,39,1,5,1,
52,4,771,355,41,13,1,5,1,
52,5,833,36,39,50,1,5,1,
52,6,673,470,34,37,1,5,1,
52,7,566,180,25,19,1,5,1,
52,8,670,141,18,26,1,5,1,
52,9,731,202,33,13,1,5,1,
52,10,631,418,28,14,1,5,1,
53,1,439,365,173,40,1,5,1,
53,4,768,354,41,13,1,5,1,
53,5,837,41,37,49,1,5,1,
53,6,670,468,36,36,1,5,1,
53,7,564,181,26,19,1,5,1,
53,8,669,142,19,26,1,5,1,
53,9,728,203,33,12,1,5,1,
53,10,628,417,29,14,1,5,1,
54,1,453,364,167,39,1,5,1,
54,4,764,353,41,13,1,5,1,
54,5,840,46,35,47,1,5,1,
54,6,668,466,37,35,1,5,1,
54,7,562,182,26,19,1,5,1,
54,8,668,144,19,26,1,5,1,
54,9,725,204,33,12,1,5,1,
54,10,626,416,29,14,1,5,1,
55,1,467,363,162,38,1,5,1,
55,4,761,353,40,12,1,5,1,
55,5,844,50,33,46,1,5,1,
55,6,666,464,38,34,1,5,1,
55,7,560,183,27,18,1,5,1,
55,8,667,146,18,25,1,5,1,
55,9,722,204,33,12,1,5,1,
55,10,623,415,29,13,1,5,1,
56,1,478,362,160,38,1,5,1,
56,4,758,352,40,12,1,5,1,
56,5,847,54,31,45,1,5,1,
56,6,663,462,39,34,1,5,1,
56,7,559,183,26,19,1,5,1,
56,8,665,148,20,24,1,5,1,
56,9,720,205,32,12,1,5,1,
56,10,620,414,30,13,1,5,1,
57,1,492,361,154,38,1,5,1,
57,3,403,0,75,21,1,5,1,
57,4,755,351,39,12,1,5,1,
57,5,850,59,29,43,1,5,1,
57,6,661,460,39,32,1,5,1,
57,7,557,184,26,19,1,5,1,
57,8,664,150,19,23,1,5,1,
57,9,717,206,32,11,1,5,1,
57,10,618,413,29,12,1,5,1,
58,1,503,361,151,36,1,5,1,
58,3,407,0,84,25,1,5,1,
58,4,751,351,40,11,1,5,1,
58,5,852,63,28,42,1,5,1,
58,6,658,458,40,32,1,5,1,
58,7,555,185,27,18,1,5,1,
58,8,663,151,19,24,1,5,1,
58,9,714,207,32,11,1,5,1,
58,10,615,412,29,12,1,5,1,
59,1,518,360,144,36,1,5,1,
59,3,413,0,91,30,1,5,1,
59,4,748,350,38,11,1,5,1,
59,5,855,68,25,40,1,5,1,
59,6,655,456,40,30,1,5,1,
59,7,553,186,27,18,1,5,1,
59,8,661,153,19,23,1,5,1,
59,9,711,207,31,11,1,5,1,
59,10,612,411,29,12,1,5,1,
60,1,528,359,141,36,1,5,1,
60,3,421,0,96,34,1,5,1,
60,4,745,349,38,11,1,5,1,
60,5,855,72,26,39,1,5,1,
60,6,652,454,41,30,1,5,1,
60,7,551,187,27,17,1,5,1,
60,8,659,155,20,22,1,5,1,
60,9,708,208,31,11,1,5,1,
60,10,609,410,29,11,1,5,1,
61,1,541,358,136,36,1,5,1,
61,3,425,0,104,38,1,5,1,
61,4,742,349,37,10,1,5,1,
61,5,856,76,25,38,1,5,1,
61,6,650,452,40,29,1,5,1,
61,7,548,188,28,17,1,5,1,
61,8,658,157,20,21,1,5,1,
61,9,705,209,31,10,1,5,1,
61,10,607,409,28,11,1,5,1,
62,1,551,357,133,36,1,5,1,
62,3,434,0,107,42,1,5,1,
62,4,738,348,38,10,1,5,1,
62,5,857,79,25,37,1,5,1,
62,6,647,450,41,29,1,5,1,
62,7,546,189,29,17,1,5,1,
62,8,656,158,20,21,1,5,1,
62,9,702,209,31,11,1,5,1,
62,10,604,408,29,11,1,5,1,
63,1,562,356,129,35,1,5,1,
63,2,0,0,32,41,1,5,1,
63,3,441,0,111,46,1,5,1,
63,4,735,347,37,11,1,5,1,
63,5,858,83,24,36,1,5,1,
63,6,644,448,42,28,1,5,1,
63,7,544,190,29,16,1,5,1,
63,8,654,160,21,20,1,5,1,
63,9,699,210,31,10,1,5,1,
64,1,571,355,127,35,1,5,1,
64,2,0,0,45,37,1,5,1,
64,3,446,0,117,50,1,5,1,
64,4,732,347,37,10,1,5,1,
64,5,858,86,24,35,1,5,1,
64,6,641,447,42,27,1,5,1,
64,7,542,190,29,17,1,5,1,
64,8,653,161,20,20,1,5,1,
64,9,697,210,30,11,1,5,1,
65,1,582,354,123,35,1,5,1,
65,2,0,-1,59,35,1,5,1,
65,3,452,0,121,54,1,5,1,
65,4,729,346,37,10,1,5,1,
65,5,861,90,23,33,1,5,1,
65,6,639,445,42,26,1,5,1,
65,7,540,191,30,16,1,5,1,
65,8,651,162,21,20,1,5,1,
65,9,694,211,30,10,1,5,1,
66,1,592,354,119,34,1,5,1,
66,2,0,-5,74,37,1,5,1,
66,3,450,0,133,58,1,5,1,
66,4,726,346,36,9,1,5,1,
66,5,863,93,25,31,1,5,1,
66,6,636,443,42,26,1,5,1,
66,7,537,192,31,16,1,5,1,
66,8,649,164,21,19,1,5,1,
66,9,691,211,30,10,1,5,1,
67,1,602,353,116,34,1,5,1,
67,2,0,-9,89,37,1,5,1,
67,3,455,0,138,61,1,5,1,
67,4,723,345,36,10,1,5,1,
67,5,863,97,28,28,1,5,1,
67,6,633,442,42,25,1,5,1,
67,7,535,193,31,15,1,5,1,
67,8,647,165,21,19,1,5,1,
67,9,688,212,30,10,1,5,1,
68,1,611,352,113,33,1,5,1,
68,2,0,-13,103,37,1,5,1,
68,3,465,0,137,64,1,5,1,
68,4,719,345,37,9,1,5,1,
68,5,863,100,31,27,1,5,1,
68,6,630,440,43,25,1,5,1,
68,7,532,193,32,16,1,5,1,
68,8,645,166,22,19,1,5,1,
68,9,685,213,30,9,1,5,1,
69,1,620,351,110,33,1,5,1,
69,2,0,-17,115,38,1,5,1,
69,3,479,1,132,67,1,5,1,
69,4,716,344,36,9,1,5,1,
69,5,865,102,31,27,1,5,1,
69,6,627,439,43,24,1,5,1,
69,7,530,194,32,15,1,5,1,
69,8,643,168,22,18,1,5,1,
69,9,682,213,30,10,1,5,1,
70,1,630,350,106,33,1,5,1,
70,2,0,-21,125,37,1,5,1,
70,3,495,6,125,65,1,5,1,
70,4,713,343,35,10,1,5,1,
70,5,869,104,29,27,1,5,1,
70,6,624,437,43,23,1,5,1,
70,7,528,195,32,15,1,5,1,
70,8,641,169,22,18,1,5,1,
70,9,681,214,28,9,1,5,1,
71,1,639,349,102,33,1,5,1,
71,3,507,11,122,63,1,5,1,
71,4,710,343,35,9,1,5,1,
71,5,872,106,28,27,1,5,1,
71,6,621,436,43,22,1,5,1,
71,7,525,195,33,15,1,5,1,
71,8,639,170,22,18,1,5,1,
71,9,679,214,26,10,1,5,1,
72,1,645,349,107,32,1,5,1,
72,3,518,15,124,61,1,5,1,
72,4,707,342,35,9,1,5,1,
72,5,874,108,28,26,1,5,1,
72,6,618,434,44,23,1,5,1,
72,8,637,171,23,18,1,5,1,
72,9,677,215,26,9,1,5,1,
73,1,651,349,108,31,1,5,1,
73,3,527,19,129,59,1,5,1,
73,4,704,342,36,9,1,5,1,
73,5,876,110,29,26,1,5,1,
73,6,615,433,45,22,1,5,1,
73,8,635,172,23,18,1,5,1,
73,9,675,215,25,9,1,5,1,
74,1,655,348,111,31,1,5,1,
74,3,534,23,137,58,1,5,1,
74,5,878,111,29,27,1,5,1,
74,6,612,432,46,22,1,5,1,
74,8,633,173,24,18,1,5,1,
74,9,672,215,26,10,1,5,1,
75,1,660,347,114,31,1,5,1,
75,3,542,28,144,55,1,5,1,
75,5,880,113,29,26,1,5,1,
75,6,609,430,46,22,1,5,1,
75,8,631,174,24,18,1,5,1,
75,9,670,216,26,9,1,5,1,
76,1,666,347,115,31,1,5,1,
76,3,550,34,152,50,1,5,1,
76,5,882,115,29,26,1,5,1,
76,6,605,429,48,22,1,5,1,
76,8,628,175,26,18,1,5,1,
76,9,668,216,26,9,1,5,1,
77,1,672,346,116,31,1,5,1,
77,3,558,39,161,44,1,5,1,
77,5,884,117,29,25,1,5,1,
77,6,602,428,48,21,1,5,1,
77,8,626,176,26,17,1,5,1,
77,9,665,217,27,9,1,5,1,
78,1,678,346,118,30,1,5,1,
78,3,566,44,168,39,1,5,1,
78,5,886,118,29,26,1,5,1,
78,6,599,427,49,21,1,5,1,
78,8,624,177,27,17,1,5,1,
78,9,663,217,27,9,1,5,1,
79,1,684,346,124,30,1,5,1,
79,3,577,49,171,33,1,5,1,
79,5,888,120,29,25,1,5,1,
79,6,596,426,49,20,1,5,1,
79,8,621,178,28,17,1,5,1,
80,1,689,346,132,31,1,5,1,
80,3,585,49,177,33,1,5,1,
80,5,890,122,30,24,1,5,1,
80,6,592,424,51,21,1,5,1,
80,8,618,179,29,16,1,5,1,
81,1,693,347,140,31,1,5,1,
81,3,595,48,180,33,1,5,1,
81,5,891,124,31,23,1,5,1,
81,6,589,423,51,21,1,5,1,
81,8,616,180,30,16,1,5,1,
82,1,698,348,146,31,1,5,1,
82,3,607,48,182,33,1,5,1,
82,5,893,125,32,23,1,5,1,
82,6,585,422,52,20,1,5,1,
82,8,613,181,31,15,1,5,1,
83,1,702,350,150,30,1,5,1,
83,3,617,47,187,34,1,5,1,
83,5,895,127,32,23,1,5,1,
83,6,582,421,53,20,1,5,1,
83,8,610,182,32,15,1,5,1,
84,1,708,350,152,30,1,5,1,
84,3,629,47,189,33,1,5,1,
84,5,898,128,31,23,1,5,1,
84,6,578,420,54,19,1,5,1,
84,8,608,182,33,16,1,5,1,
85,1,717,350,150,29,1,5,1,
85,3,643,46,189,34,1,5,1,
85,5,900,130,30,22,1,5,1,
85,6,575,419,53,19,1,5,1,
85,8,605,183,33,15,1,5,1,
86,1,725,350,149,29,1,5,1,
86,3,654,46,192,33,1,5,1,
86,5,903,131,29,22,1,5,1,
86,6,571,419,55,18,1,5,1,
86,8,603,184,34,15,1,5,1,
87,1,735,350,145,29,1,5,1,
87,3,668,45,192,34,1,5,1,
87,5,906,133,27,22,1,5,1,
87,6,567,418,55,17,1,5,1,
87,8,600,185,34,15,1,5,1,
88,1,746,349,140,29,1,5,1,
88,3,683,45,192,34,1,5,1,
88,5,909,134,25,22,1,5,1,
88,6,564,417,55,17,1,5,1,
88,8,597,186,35,14,1,5,1,
89,1,756,349,136,29,1,5,1,
89,3,695,44,194,34,1,5,1,
89,5,911,135,23,22,1,5,1,
89,6,560,416,56,17,1,5,1,
89,8,595,186,34,15,1,5,1,
90,1,766,348,132,29,1,5,1,
90,3,708,44,196,34,1,5,1,
90,5,913,137,22,22,1,5,1,
90,6,556,415,57,16,1,5,1,
90,8,592,187,35,14,1,5,1,
91,1,778,348,126,28,1,5,1,
91,3,724,44,192,34,1,5,1,
91,5,916,138,19,22,1,5,1,
91,6,552,415,56,15,1,5,1,
91,8,589,188,35,14,1,5,1,
92,1,787,347,122,29,1,5,1,
92,3,737,44,191,34,1,5,1,
92,5,916,140,20,21,1,5,1,
92,6,548,414,57,15,1,5,1,
92,8,587,189,35,14,1,5,1,
93,1,796,347,118,28,1,5,1,
93,3,750,44,189,35,1,5,1,
93,5,916,141,20,21,1,5,1,
93,6,544,413,58,15,1,5,1,
93,8,584,189,35,14,1,5,1,
94,1,806,346,112,28,1,5,1,
94,3,765,44,180,37,1,5,1,
94,5,917,142,19,22,1,5,1,
94,6,540,413,58,14,1,5,1,
94,8,581,190,36,14,1,5,1,
95,1,815,346,108,27,1,5,1,
95,3,780,45,172,37,1,5,1,
95,5,917,144,19,21,1,5,1,
95,6,536,412,58,13,1,5,1,
95,8,578,191,36,13,1,5,1,
96,1,823,345,104,28,1,5,1,
96,3,793,46,166,37,1,5,1,
96,5,917,145,18,21,1,5,1,
96,6,531,412,60,13,1,5,1,
96,8,576,191,36,14,1,5,1,
97,1,832,344,99,28,1,5,1,
97,3,808,48,152,36,1,5,1,
97,5,916,147,19,20,1,5,1,
97,6,527,412,60,11,1,5,1,
97,8,575,192,34,14,1,5,1,
98,1,840,344,95,27,1,5,1,
98,3,822,49,138,36,1,5,1,
98,5,916,148,18,20,1,5,1,
98,6,523,411,60,12,1,5,1,
98,8,575,193,31,13,1,5,1,
99,1,847,343,92,27,1,5,1,
99,3,833,50,127,36,1,5,1,
99,5,916,149,18,21,1,5,1,
99,6,519,411,61,11,1,5,1,
99,7,468,201,25,11,1,5,1,
99,8,575,194,28,13,1,5,1,
100,1,856,342,86,27,1,5,1,
100,3,849,52,111,34,1,5,1,
100,5,915,151,18,20,1,5,1,
100,6,514,411,61,11,1,5,1,
100,7,468,200,21,11,1,5,1,
100,8,575,195,23,12,1,5,1,
101,1,865,342,80,26,1,5,1,
101,3,863,53,97,33,1,5,1,
101,5,915,153,17,19,1,5,1,
101,6,510,411,60,11,1,5,1,
101,7,469,200,16,11,1,5,1,
101,8,575,196,19,11,1,5,1,
102,1,872,341,76,26,1,5,1,
102,3,874,54,86,22,1,5,1,
102,5,914,154,17,19,1,5,1,
102,6,506,411,59,11,1,5,1,
102,7,469,199,13,11,1,5,1,
102,8,575,196,16,12,1,5,1,
103,1,880,340,71,27,1,5,1,
103,3,888,55,72,17,1,5,1,
103,5,913,155,17,19,1,5,1,
103,6,502,411,58,11,1,5,1,
103,7,469,199,15,11,1,5,1,
103,8,575,197,12,11,1,5,1,
104,1,886,340,68,26,1,5,1,
104,3,899,56,61,17,1,5,1,
104,5,912,157,17,18,1,5,1,
104,6,498,411,58,12,1,5,1,
104,7,469,198,17,11,1,5,1,
104,8,575,198,9,10,1,5,1,
105,1,892,339,65,26,1,5,1,
105,3,910,57,50,18,1,5,1,
105,5,911,158,17,18,1,5,1,
105,6,494,412,58,11,1,5,1,
105,7,469,198,21,11,1,5,1,
105,8,575,198,9,11,1,5,1,
106,1,898,338,61,26,1,5,1,
106,5,910,159,17,18,1,5,1,
106,6,491,412,56,11,1,5,1,
106,7,469,197,25,11,1,5,1,
106,8,575,198,8,11,1,5,1,
107,1,903,338,57,25,1,5,1,
107,5,909,160,17,18,1,5,1,
107,6,487,413,56,11,1,5,1,
107,7,468,197,30,11,1,5,1,
107,8,574,199,9,11,1,5,1,
108,1,907,337,53,25,1,5,1,
108,5,908,161,17,18,1,5,1,
108,6,484,414,55,11,1,5,1,
108,7,467,197,35,11,1,5,1,
109,1,911,336,49,25,1,5,1,
109,5,906,162,19,18,1,5,1,
109,6,482,414,53,11,1,5,1,
109,7,466,196,41,11,1,5,1,
110,1,915,336,45,25,1,5,1,
110,5,905,163,19,18,1,5,1,
110,6,479,414,53,12,1,5,1,
110,7,466,196,45,11,1,5,1,
111,1,918,335,42,25,1,5,1,
111,5,904,164,19,18,1,5,1,
111,6,477,414,51,14,1,5,1,
111,7,466,196,49,11,1,5,1,
112,1,922,336,38,23,1,5,1,
112,5,902,165,20,18,1,5,1,
112,6,475,414,49,15,1,5,1,
112,7,466,195,52,11,1,5,1,
113,1,926,336,34,22,1,5,1,
113,5,901,166,20,18,1,5,1,
113,6,473,414,47,16,1,5,1,
113,7,466,195,56,11,1,5,1,
114,1,929,336,31,21,1,5,1,
114,5,899,167,21,18,1,5,1,
114,6,472,414,44,18,1,5,1,
114,7,467,195,58,11,1,5,1,
115,1,932,336,28,21,1,5,1,
115,5,898,168,21,18,1,5,1,
115,6,471,414,42,19,1,5,1,
115,7,468,195,61,11,1,5,1,
116,1,936,336,24,20,1,5,1,
116,5,896,170,22,17,1,5,1,
116,6,470,415,39,20,1,5,1,
116,7,469,194,63,12,1,5,1,
117,1,939,336,21,19,1,5,1,
117,5,894,171,23,17,1,5,1,
117,6,469,415,35,21,1,5,1,
117,7,472,194,63,12,1,5,1,
118,1,942,335,18,19,1,5,1,
118,5,892,172,23,17,1,5,1,
118,6,467,416,34,22,1,5,1,
118,7,474,194,64,12,1,5,1,
119,1,945,335,15,18,1,5,1,
119,5,891,173,23,17,1,5,1,
119,6,466,417,32,23,1,5,1,
119,7,476,194,65,13,1,5,1,
120,5,889,174,23,17,1,5,1,
120,6,465,418,29,23,1,5,1,
120,7,480,194,64,13,1,5,1,
121,5,887,175,24,16,1,5,1,
121,6,465,419,26,24,1,5,1,
121,7,483,194,63,13,1,5,1,
122,5,885,176,25,16,1,5,1,
122,6,464,419,25,26,1,5,1,
122,7,486,194,62,13,1,5,1,
123,5,882,177,26,16,1,5,1,
123,6,464,420,23,27,1,5,1,
123,7,488,195,63,12,1,5,1,
124,1,943,326,17,23,1,5,1,
124,5,879,178,28,16,1,5,1,
124,6,464,421,21,27,1,5,1,
124,7,491,195,61,13,1,5,1,
125,1,942,324,17,18,1,5,1,
125,5,876,179,29,16,1,5,1,
125,6,464,422,18,28,1,5,1,
125,7,496,195,58,13,1,5,1,
126,1,940,323,19,19,1,5,1,
126,5,873,180,30,16,1,5,1,
126,6,464,424,16,28,1,5,1,
126,7,500,195,56,13,1,5,1,
127,1,939,323,20,19,1,5,1,
127,5,871,181,30,15,1,5,1,
127,6,464,425,14,29,1,5,1,
127,7,504,195,53,13,1,5,1,
128,1,938,322,21,21,1,5,1,
128,5,868,182,31,15,1,5,1,
128,6,464,426,14,30,1,5,1,
128,7,507,195,51,14,1,5,1,
129,1,937,322,22,20,1,5,1,
129,5,865,183,32,15,1,5,1,
129,6,464,428,15,30,1,5,1,
129,7,512,196,47,13,1,5,1,
130,1,935,321,24,23,1,5,1,
130,5,863,184,31,15,1,5,1,
130,6,464,429,16,30,1,5,1,
130,7,516,196,44,13,1,5,1,
131,1,934,321,25,22,1,5,1,
131,5,860,185,32,14,1,5,1,
131,6,464,431,19,30,1,5,1,
131,7,519,196,42,14,1,5,1,
131,10,414,403,21,15,1,5,1,
132,1,932,320,27,22,1,5,1,
132,5,857,186,32,14,1,5,1,
132,6,464,432,21,31,1,5,1,
132,7,523,197,39,13,1,5,1,
132,10,413,403,19,16,1,5,1,
133,1,931,320,28,21,1,5,1,
133,5,855,187,31,14,1,5,1,
133,6,465,434,23,31,1,5,1,
133,10,412,405,17,15,1,5,1,
134,1,929,319,30,22,1,5,1,
134,5,852,188,31,14,1,5,1,
134,6,465,436,26,31,1,5,1,
134,10,411,406,17,16,1,5,1,
135,1,928,319,31,21,1,5,1,
135,5,847,189,34,13,1,5,1,
135,6,465,438,29,31,1,5,1,
135,10,410,406,16,17,1,5,1,
136,1,926,318,33,21,1,5,1,
136,5,842,190,37,13,1,5,1,
136,6,465,439,32,32,1,5,1,
136,10,409,407,15,17,1,5,1,
137,1,925,318,34,20,1,5,1,
137,5,837,191,39,13,1,5,1,
137,6,465,441,36,31,1,5,1,
137,10,408,408,14,17,1,5,1,
138,1,923,317,36,21,1,5,1,
138,5,833,191,41,14,1,5,1,
138,6,465,443,40,31,1,5,1,
138,10,408,409,13,18,1,5,1,
139,1,921,317,38,20,1,5,1,
139,5,829,192,43,13,1,5,1,
139,6,466,444,43,32,1,5,1,
139,10,408,410,12,18,1,5,1,
140,1,920,316,39,20,1,5,1,
140,5,825,193,45,13,1,5,1,
140,6,467,446,47,31,1,5,1,
140,10,408,411,10,18,1,5,1,
141,1,918,316,40,20,1,5,1,
141,5,821,194,46,13,1,5,1,
141,6,468,448,50,31,1,5,1,
141,10,408,413,9,18,1,5,1,
142,1,916,315,41,20,1,5,1,
142,5,817,195,47,12,1,5,1,
142,6,469,450,54,30,1,5,1,
142,10,408,414,8,18,1,5,1,
143,1,914,315,41,19,1,5,1,
143,5,814,196,46,12,1,5,1,
143,6,471,452,57,30,1,5,1,
143,10,408,415,8,18,1,5,1,
144,1,912,314,41,20,1,5,1,
144,5,810,197,46,12,1,5,1,
144,6,473,454,62,28,1,5,1,
144,10,408,416,8,19,1,5,1,
145,1,911,314,41,19,1,5,1,
145,5,806,197,46,12,1,5,1,
145,6,474,455,68,28,1,5,1,
145,10,408,417,8,19,1,5,1,
146,1,909,313,41,19,1,5,1,
146,5,802,198,46,12,1,5,1,
146,6,476,457,69,28,1,5,1,
146,10,408,418,9,20,1,5,1,
147,1,907,313,41,19,1,5,1,
147,5,798,199,47,11,1,5,1,
147,6,479,459,70,28,1,5,1,
147,10,408,420,9,19,1,5,1,
148,1,905,313,41,18,1,5,1,
148,5,795,200,45,11,1,5,1,
148,6,482,461,72,27,1,5,1,
148,10,409,421,9,20,1,5,1,
149,1,903,312,41,18,1,5,1,
149,5,791,200,45,11,1,5,1,
149,6,485,463,75,27,1,5,1,
149,10,409,422,10,20,1,5,1,
150,1,901,312,42,18,1,5,1,
150,5,787,201,46,11,1,5,1,
150,6,488,464,77,27,1,5,1,
150,10,409,423,11,21,1,5,1,
