1,1,142,290,16,11,1,5,1,
1,2,252,358,87,22,1,5,1,
1,3,245,16,51,14,1,5,1,
1,4,3,377,40,17,1,5,1,
1,5,366,252,29,9,1,5,1,
1,6,311,270,85,19,1,5,1,
1,7,480,250,18,13,1,5,1,
1,8,615,135,38,20,1,5,1,
1,9,90,321,31,11,1,5,1,
1,10,657,67,72,17,1,5,1,
1,11,55,205,91,30,1,5,1,
1,12,898,352,35,31,1,5,1,
2,1,142,290,15,12,1,5,1,
2,2,258,360,89,22,1,5,1,
2,3,249,17,53,13,1,5,1,
2,4,10,378,34,18,1,5,1,
2,5,369,252,28,10,1,5,1,
2,6,307,270,83,19,1,5,1,
2,7,478,250,20,13,1,5,1,
2,8,616,133,45,20,1,5,1,
2,9,84,320,36,11,1,5,1,
2,10,647,67,76,20,1,5,1,
2,11,55,206,78,29,1,5,1,
2,12,896,354,34,30,1,5,1,
3,1,141,290,15,12,1,5,1,
3,2,265,361,91,22,1,5,1,
3,3,256,18,52,13,1,5,1,
3,4,17,379,27,19,1,5,1,
3,5,374,252,26,10,1,5,1,
3,6,303,270,77,19,1,5,1,
3,7,478,251,18,12,1,5,1,
3,8,618,131,51,21,1,5,1,
3,9,77,320,41,11,1,5,1,
3,10,638,67,75,24,1,5,1,
3,11,53,207,63,28,1,5,1,
3,12,893,357,34,27,1,5,1,
4,1,139,291,15,11,1,5,1,
4,2,271,362,93,22,1,5,1,
4,3,262,19,52,12,1,5,1,
4,4,19,379,24,20,1,5,1,
4,5,377,252,27,10,1,5,1,
4,6,301,269,70,20,1,5,1,
4,7,478,251,15,12,1,5,1,
4,8,619,129,58,21,1,5,1,
4,9,69,319,46,11,1,5,1,
4,10,631,67,72,28,1,5,1,
4,11,53,208,49,27,1,5,1,
4,12,884,359,37,25,1,5,1,
5,1,136,291,16,12,1,5,1,
5,2,277,364,96,20,1,5,1,
5,3,269,20,51,12,1,5,1,
5,4,18,380,22,21,1,5,1,
5,5,380,253,27,9,1,5,1,
5,6,300,269,61,19,1,5,1,
5,7,479,251,14,12,1,5,1,
5,8,622,127,64,21,1,5,1,
5,9,61,319,51,10,1,5,1,
5,10,624,68,68,31,1,5,1,
5,11,55,208,40,28,1,5,1,
5,12,873,359,53,26,1,5,1,
6,1,130,291,23,12,1,5,1,
6,2,284,364,97,21,1,5,1,
6,3,275,20,52,13,1,5,1,
6,4,15,381,22,22,1,5,1,
6,5,384,253,27,9,1,5,1,
6,6,300,269,53,19,1,5,1,
6,7,481,251,14,12,1,5,1,
6,8,626,125,68,21,1,5,1,
6,9,53,318,55,11,1,5,1,
6,10,618,70,64,33,1,5,1,
6,11,59,209,38,27,1,5,1,
6,12,861,360,69,25,1,5,1,
7,1,123,291,30,12,1,5,1,
7,2,292,364,96,20,1,5,1,
7,3,282,20,51,14,1,5,1,
7,4,11,382,22,24,1,5,1,
7,5,387,253,27,9,1,5,1,
7,6,302,268,42,19,1,5,1,
7,7,482,251,15,12,1,5,1,
7,8,630,123,73,21,1,5,1,
7,9,44,318,59,11,1,5,1,
7,10,613,72,58,35,1,5,1,
7,11,65,210,36,27,1,5,1,
7,12,849,360,83,24,1,5,1,
8,1,115,291,38,13,1,5,1,
8,2,300,364,95,19,1,5,1,
8,3,287,21,52,14,1,5,1,
8,4,4,384,29,24,1,5,1,
8,5,390,253,27,9,1,5,1,
8,6,302,267,35,20,1,5,1,
8,7,481,251,20,12,1,5,1,
8,8,635,122,76,20,1,5,1,
8,9,35,318,63,11,1,5,1,
8,10,609,75,53,36,1,5,1,
8,11,63,211,47,26,1,5,1,
8,12,836,359,96,25,1,5,1,
9,1,107,292,45,13,1,5,1,
9,2,310,363,91,19,1,5,1,
9,3,293,22,52,14,1,5,1,
9,4,-4,385,38,26,1,5,1,
9,5,394,253,27,9,1,5,1,
9,6,302,266,28,20,1,5,1,
9,7,480,252,24,12,1,5,1,
9,8,642,120,77,20,1,5,1,
9,9,26,318,66,11,1,5,1,
9,10,606,78,45,36,1,5,1,
9,11,59,212,61,26,1,5,1,
9,12,824,359,107,24,1,5,1,
10,1,98,292,52,13,1,5,1,
10,2,319,362,89,19,1,5,1,
10,3,298,22,53,14,1,5,1,
10,4,-14,386,48,27,1,5,1,
10,5,397,254,28,8,1,5,1,
10,6,302,265,22,20,1,5,1,
10,7,481,252,25,12,1,5,1,
10,8,648,119,78,19,1,5,1,
10,9,17,318,69,11,1,5,1,
10,10,604,81,39,37,1,5,1,
10,11,57,213,75,25,1,5,1,
10,12,812,358,116,25,1,5,1,
11,1,92,293,53,14,1,5,1,
11,2,328,361,87,19,1,5,1,
11,3,305,22,52,14,1,5,1,
11,4,-19,388,49,24,1,5,1,
11,5,400,254,28,8,1,5,1,
11,6,304,264,19,20,1,5,1,
11,7,483,252,26,12,1,5,1,
11,8,656,118,76,18,1,5,1,
11,9,8,318,70,12,1,5,1,
11,10,604,86,30,36,1,5,1,
11,11,58,214,85,25,1,5,1,
11,12,801,357,122,25,1,5,1,
12,1,87,294,51,14,1,5,1,
12,2,336,360,85,19,1,5,1,
12,3,310,23,53,14,1,5,1,
12,4,-21,391,44,24,1,5,1,
12,5,404,254,27,9,1,5,1,
12,6,306,263,18,19,1,5,1,
12,7,485,252,26,12,1,5,1,
12,8,663,117,75,17,1,5,1,
12,9,0,319,70,12,1,5,1,
12,10,603,90,25,36,1,5,1,
12,11,60,215,95,24,1,5,1,
12,12,790,356,127,25,1,5,1,
13,1,84,295,46,13,1,5,1,
13,2,343,359,85,19,1,5,1,
13,3,316,24,53,13,1,5,1,
13,5,407,254,28,9,1,5,1,
13,6,309,263,18,18,1,5,1,
13,7,488,252,25,12,1,5,1,
13,8,671,116,72,16,1,5,1,
13,9,-4,320,66,12,1,5,1,
13,10,602,94,19,35,1,5,1,
13,11,64,216,102,23,1,5,1,
13,12,780,354,130,26,1,5,1,
14,1,82,296,41,13,1,5,1,
14,2,350,358,85,19,1,5,1,
14,3,321,24,54,14,1,5,1,
14,5,410,254,28,9,1,5,1,
14,6,307,262,25,18,1,5,1,
14,7,490,252,25,12,1,5,1,
14,8,679,115,67,16,1,5,1,
14,9,-12,320,66,12,1,5,1,
14,10,602,98,15,34,1,5,1,
14,11,69,217,109,23,1,5,1,
14,12,771,352,131,27,1,5,1,
15,1,81,296,34,14,1,5,1,
15,2,357,357,84,19,1,5,1,
15,3,327,25,54,14,1,5,1,
15,5,414,254,28,9,1,5,1,
15,6,305,262,33,17,1,5,1,
15,7,492,253,25,11,1,5,1,
15,8,687,115,62,16,1,5,1,
15,9,-21,320,66,12,1,5,1,
15,10,603,102,13,33,1,5,1,
15,11,76,218,113,22,1,5,1,
15,12,763,350,129,27,1,5,1,
16,1,82,297,26,13,1,5,1,
16,2,364,357,84,18,1,5,1,
16,3,333,26,54,13,1,5,1,
16,5,417,254,28,9,1,5,1,
16,6,304,261,40,17,1,5,1,
16,7,494,253,25,11,1,5,1,
16,8,694,114,58,16,1,5,1,
16,9,-28,321,65,11,1,5,1,
16,10,604,106,13,31,1,5,1,
16,11,84,218,116,22,1,5,1,
16,12,757,348,125,28,1,5,1,
17,1,82,296,19,14,1,5,1,
17,2,372,356,82,19,1,5,1,
17,3,339,27,54,13,1,5,1,
17,5,420,255,29,8,1,5,1,
17,6,304,261,46,16,1,5,1,
17,7,496,253,25,11,1,5,1,
17,8,702,114,52,16,1,5,1,
17,9,-35,322,62,10,1,5,1,
17,10,606,110,14,29,1,5,1,
17,11,93,219,118,21,1,5,1,
17,12,751,346,119,30,1,5,1,
18,1,82,296,17,14,1,5,1,
18,2,378,355,83,19,1,5,1,
18,3,345,28,53,13,1,5,1,
18,5,424,255,28,8,1,5,1,
18,6,305,260,51,16,1,5,1,
18,7,499,253,24,11,1,5,1,
18,8,710,113,45,17,1,5,1,
18,10,605,114,20,26,1,5,1,
18,11,104,220,118,21,1,5,1,
18,12,747,344,111,31,1,5,1,
19,1,83,296,18,14,1,5,1,
19,2,385,355,82,18,1,5,1,
19,3,350,28,54,14,1,5,1,
19,5,427,255,29,8,1,5,1,
19,6,306,260,57,16,1,5,1,
19,7,501,253,24,11,1,5,1,
19,8,717,113,38,18,1,5,1,
19,10,604,118,25,23,1,5,1,
19,11,114,220,118,21,1,5,1,
19,12,744,341,102,32,1,5,1,
20,1,83,296,21,14,1,5,1,
20,2,391,354,83,19,1,5,1,
20,3,356,29,54,14,1,5,1,
20,5,430,255,29,8,1,5,1,
20,6,308,260,61,16,1,5,1,
20,7,502,253,25,11,1,5,1,
20,8,724,113,31,19,1,5,1,
20,10,605,121,27,20,1,5,1,
20,11,124,221,118,21,1,5,1,
20,12,742,339,93,33,1,5,1,
21,1,84,295,23,15,1,5,1,
21,2,398,353,82,19,1,5,1,
21,3,362,30,53,14,1,5,1,
21,5,433,255,30,8,1,5,1,
21,6,312,260,64,15,1,5,1,
21,7,505,254,24,10,1,5,1,
21,8,731,113,25,21,1,5,1,
21,10,608,124,25,19,1,5,1,
21,11,136,221,115,21,1,5,1,
21,12,741,338,82,32,1,5,1,
22,1,83,295,29,15,1,5,1,
22,2,406,353,81,18,1,5,1,
22,3,368,31,52,14,1,5,1,
22,5,437,255,30,8,1,5,1,
22,6,316,260,67,15,1,5,1,
22,7,507,254,24,10,1,5,1,
22,8,737,112,19,24,1,5,1,
22,10,612,126,20,19,1,5,1,
22,11,149,222,111,20,1,5,1,
22,12,742,336,68,31,1,5,1,
23,1,84,295,31,15,1,5,1,
23,2,412,352,81,19,1,5,1,
23,3,374,31,52,16,1,5,1,
23,4,0,421,15,20,1,5,1,
23,5,440,255,31,8,1,5,1,
23,6,320,260,69,15,1,5,1,
23,7,509,254,24,10,1,5,1,
23,8,738,112,18,26,1,5,1,
23,10,616,127,18,19,1,5,1,
23,11,160,222,108,21,1,5,1,
23,12,743,335,57,29,1,5,1,
24,1,87,295,31,15,1,5,1,
24,2,419,352,81,18,1,5,1,
24,3,380,32,51,16,1,5,1,
24,4,0,422,18,21,1,5,1,
24,5,444,255,30,8,1,5,1,
24,6,325,260,71,15,1,5,1,
24,7,511,254,24,11,1,5,1,
24,8,738,113,19,26,1,5,1,
24,10,619,129,17,18,1,5,1,
24,11,173,222,102,21,1,5,1,
24,12,744,334,45,27,1,5,1,
25,1,90,295,31,15,1,5,1,
25,2,426,352,81,18,1,5,1,
25,3,386,33,50,16,1,5,1,
25,4,0,423,21,22,1,5,1,
25,5,448,256,30,7,1,5,1,
25,6,331,260,71,15,1,5,1,
25,7,513,254,24,11,1,5,1,
25,8,739,115,18,26,1,5,1,
25,10,621,131,16,18,1,5,1,
25,11,185,222,97,21,1,5,1,
25,12,743,333,37,25,1,5,1,
26,1,93,295,31,16,1,5,1,
26,2,432,351,81,19,1,5,1,
26,3,392,34,48,16,1,5,1,
26,4,0,424,24,23,1,5,1,
26,5,451,256,31,8,1,5,1,
26,6,336,260,72,15,1,5,1,
26,7,515,254,24,11,1,5,1,
26,8,740,117,17,25,1,5,1,
26,10,623,132,17,18,1,5,1,
26,11,196,222,92,21,1,5,1,
26,12,744,332,28,23,1,5,1,
27,1,97,295,30,16,1,5,1,
27,2,439,351,81,18,1,5,1,
27,3,397,36,48,16,1,5,1,
27,4,0,425,27,25,1,5,1,
27,5,455,256,32,8,1,5,1,
27,6,343,260,71,15,1,5,1,
27,7,517,254,25,11,1,5,1,
27,8,741,119,17,24,1,5,1,
27,10,625,134,17,17,1,5,1,
27,11,208,222,85,21,1,5,1,
27,12,746,332,22,21,1,5,1,
28,1,100,296,30,15,1,5,1,
28,2,445,351,81,18,1,5,1,
28,3,403,37,47,16,1,5,1,
28,4,0,427,30,25,1,5,1,
28,5,458,256,34,8,1,5,1,
28,6,349,260,70,15,1,5,1,
28,7,519,254,26,11,1,5,1,
28,8,742,121,17,24,1,5,1,
28,10,626,135,18,17,1,5,1,
28,11,218,222,79,21,1,5,1,
28,12,748,331,21,19,1,5,1,
29,1,104,296,27,16,1,5,1,
29,2,452,351,81,18,1,5,1,
29,3,408,38,46,17,1,5,1,
29,4,0,428,33,27,1,5,1,
29,5,462,256,35,8,1,5,1,
29,6,356,260,68,15,1,5,1,
29,7,521,255,27,10,1,5,1,
29,8,743,123,17,23,1,5,1,
29,10,628,137,19,17,1,5,1,
29,11,228,221,76,21,1,5,1,
29,12,751,331,21,19,1,5,1,
30,1,109,296,21,17,1,5,1,
30,2,458,351,82,18,1,5,1,
30,3,413,39,45,17,1,5,1,
30,4,0,428,35,30,1,5,1,
30,5,465,256,37,8,1,5,1,
30,6,363,260,66,15,1,5,1,
30,7,522,255,29,10,1,5,1,
30,8,744,124,17,23,1,5,1,
30,10,630,139,19,16,1,5,1,
30,11,235,221,74,21,1,5,1,
30,12,751,331,23,18,1,5,1,
31,1,108,297,23,17,1,5,1,
31,2,466,350,80,19,1,5,1,
31,3,419,41,43,17,1,5,1,
31,4,0,427,38,34,1,5,1,
31,5,469,256,37,8,1,5,1,
31,6,370,260,65,15,1,5,1,
31,7,524,255,30,10,1,5,1,
31,8,745,126,17,22,1,5,1,
31,10,632,140,19,16,1,5,1,
31,11,243,221,73,21,1,5,1,
31,12,752,330,24,18,1,5,1,
32,1,109,297,22,17,1,5,1,
32,2,471,350,82,19,1,5,1,
32,3,423,42,43,17,1,5,1,
32,4,0,428,41,36,1,5,1,
32,5,473,256,38,8,1,5,1,
32,6,375,260,65,15,1,5,1,
32,7,526,255,32,10,1,5,1,
32,8,746,128,17,22,1,5,1,
32,10,634,141,19,16,1,5,1,
32,11,249,220,74,22,1,5,1,
32,12,754,329,25,18,1,5,1,
33,1,109,298,23,17,1,5,1,
33,2,479,351,81,18,1,5,1,
33,3,429,43,40,18,1,5,1,
33,4,2,431,42,36,1,5,1,
33,5,478,256,38,8,1,5,1,
33,6,381,260,65,15,1,5,1,
33,7,528,255,33,10,1,5,1,
33,8,747,129,17,22,1,5,1,
33,10,637,143,18,15,1,5,1,
33,11,255,220,76,22,1,5,1,
33,12,755,329,26,18,1,5,1,
34,1,109,298,23,17,1,5,1,
34,2,485,351,81,18,1,5,1,
34,3,433,45,40,17,1,5,1,
34,4,4,433,43,37,1,5,1,
34,5,482,256,38,8,1,5,1,
34,6,386,260,65,15,1,5,1,
34,7,531,255,32,10,1,5,1,
34,8,748,131,17,21,1,5,1,
34,10,639,144,17,15,1,5,1,
34,11,261,219,77,22,1,5,1,
34,12,756,328,27,18,1,5,1,
35,1,110,298,23,18,1,5,1,
35,2,492,350,81,19,1,5,1,
35,3,438,46,38,18,1,5,1,
35,4,6,435,44,38,1,5,1,
35,5,487,256,38,8,1,5,1,
35,6,392,260,65,15,1,5,1,
35,7,534,255,31,10,1,5,1,
35,8,749,132,16,21,1,5,1,
35,10,641,145,20,15,1,5,1,
35,11,267,219,79,22,1,5,1,
35,12,759,328,27,17,1,5,1,
36,1,111,299,23,18,1,5,1,
36,2,499,350,80,18,1,5,1,
36,3,442,48,37,18,1,5,1,
36,4,8,438,46,38,1,5,1,
36,5,492,256,38,8,1,5,1,
36,6,397,260,66,15,1,5,1,
36,7,537,255,30,10,1,5,1,
36,8,750,134,16,20,1,5,1,
36,10,642,147,23,14,1,5,1,
36,11,272,219,82,22,1,5,1,
36,12,761,327,27,18,1,5,1,
37,1,111,299,25,18,1,5,1,
37,2,506,350,80,19,1,5,1,
37,3,447,49,35,18,1,5,1,
37,4,10,440,48,39,1,5,1,
37,5,496,256,38,8,1,5,1,
37,6,402,260,67,15,1,5,1,
37,7,540,255,29,10,1,5,1,
37,8,752,135,15,20,1,5,1,
37,10,643,148,27,14,1,5,1,
37,11,279,218,83,23,1,5,1,
37,12,763,327,28,17,1,5,1,
38,1,112,300,25,18,1,5,1,
38,2,513,350,79,18,1,5,1,
38,3,451,51,34,18,1,5,1,
38,4,12,443,50,39,1,5,1,
38,5,501,256,38,8,1,5,1,
38,6,407,260,68,15,1,5,1,
38,7,543,255,28,10,1,5,1,
38,8,753,137,15,19,1,5,1,
38,10,645,150,29,12,1,5,1,
38,11,285,218,85,23,1,5,1,
38,12,765,326,28,18,1,5,1,
39,1,114,300,24,19,1,5,1,
39,2,520,350,79,18,1,5,1,
39,3,455,53,32,18,1,5,1,
39,4,15,445,53,40,1,5,1,
39,5,506,256,37,8,1,5,1,
39,6,413,260,68,15,1,5,1,
39,7,546,256,27,9,1,5,1,
39,8,754,138,15,19,1,5,1,
39,10,648,151,29,12,1,5,1,
39,11,292,218,87,22,1,5,1,
39,12,768,326,27,17,1,5,1,
40,1,115,300,25,19,1,5,1,
40,2,526,350,79,18,1,5,1,
40,3,459,54,31,19,1,5,1,
40,4,18,448,55,40,1,5,1,
40,5,510,256,38,8,1,5,1,
40,6,418,260,70,15,1,5,1,
40,7,549,256,25,9,1,5,1,
40,8,755,139,15,19,1,5,1,
40,10,652,152,28,12,1,5,1,
40,11,298,217,89,23,1,5,1,
40,12,771,326,25,16,1,5,1,
41,1,116,301,26,19,1,5,1,
41,2,534,350,77,18,1,5,1,
41,3,463,56,29,19,1,5,1,
41,4,21,451,59,40,1,5,1,
41,5,515,256,37,8,1,5,1,
41,6,424,260,70,15,1,5,1,
41,7,552,256,24,9,1,5,1,
41,8,756,141,15,18,1,5,1,
41,10,655,152,28,13,1,5,1,
41,11,305,217,91,23,1,5,1,
41,12,774,325,24,17,1,5,1,
42,1,118,301,26,20,1,5,1,
42,2,540,350,77,18,1,5,1,
42,3,466,58,28,19,1,5,1,
42,4,24,453,62,41,1,5,1,
42,5,519,256,38,8,1,5,1,
42,6,429,260,71,15,1,5,1,
42,7,554,256,23,9,1,5,1,
42,8,757,142,15,18,1,5,1,
42,10,659,153,26,12,1,5,1,
42,11,311,217,94,23,1,5,1,
42,12,776,325,24,16,1,5,1,
43,1,119,302,27,20,1,5,1,
43,2,547,350,76,17,1,5,1,
43,3,469,60,27,18,1,5,1,
43,4,28,456,65,42,1,5,1,
43,5,524,256,37,8,1,5,1,
43,6,435,260,71,15,1,5,1,
43,7,557,256,22,9,1,5,1,
43,8,757,143,16,19,1,5,1,
43,10,662,154,26,12,1,5,1,
43,11,319,216,95,24,1,5,1,
43,12,779,324,22,17,1,5,1,
44,1,120,302,28,20,1,5,1,
44,2,553,349,76,18,1,5,1,
44,3,472,61,25,19,1,5,1,
44,4,32,459,69,42,1,5,1,
44,5,528,256,37,8,1,5,1,
44,6,440,260,73,15,1,5,1,
44,7,559,256,21,9,1,5,1,
44,8,758,144,15,19,1,5,1,
44,10,666,155,25,12,1,5,1,
44,11,326,216,97,24,1,5,1,
44,12,781,324,22,16,1,5,1,
45,1,121,303,30,20,1,5,1,
45,2,560,349,75,18,1,5,1,
45,3,475,63,24,19,1,5,1,
45,4,36,462,72,42,1,5,1,
45,5,533,256,37,8,1,5,1,
45,6,446,260,73,15,1,5,1,
45,7,562,256,19,10,1,5,1,
45,8,759,146,15,18,1,5,1,
45,10,669,156,24,12,1,5,1,
45,11,334,216,99,23,1,5,1,
45,12,784,323,20,16,1,5,1,
46,1,123,303,31,21,1,5,1,
46,2,567,349,73,17,1,5,1,
46,3,478,65,22,19,1,5,1,
46,4,40,464,76,44,1,5,1,
46,5,537,256,37,8,1,5,1,
46,6,452,260,73,15,1,5,1,
46,7,564,256,18,10,1,5,1,
46,8,759,147,15,18,1,5,1,
46,10,672,156,23,12,1,5,1,
46,11,341,215,101,24,1,5,1,
46,12,786,323,20,16,1,5,1,
47,1,125,303,32,22,1,5,1,
47,2,574,349,72,17,1,5,1,
47,3,481,67,20,18,1,5,1,
47,4,46,468,79,43,1,5,1,
47,5,543,256,35,8,1,5,1,
47,6,459,260,73,15,1,5,1,
47,8,760,148,14,18,1,5,1,
47,10,676,157,22,12,1,5,1,
47,11,350,215,102,24,1,5,1,
47,12,788,322,19,16,1,5,1,
48,1,126,304,34,21,1,5,1,
48,2,579,348,72,18,1,5,1,
48,3,483,68,19,19,1,5,1,
48,4,50,470,84,44,1,5,1,
48,5,546,256,36,8,1,5,1,
48,6,463,260,75,15,1,5,1,
48,8,760,149,14,18,1,5,1,
48,10,678,158,22,12,1,5,1,
48,11,357,215,104,24,1,5,1,
48,12,790,322,18,16,1,5,1,
49,1,128,304,35,22,1,5,1,
49,2,586,348,71,17,1,5,1,
49,3,486,70,17,19,1,5,1,
49,4,56,473,87,45,1,5,1,
49,5,551,256,35,8,1,5,1,
49,6,470,259,74,16,1,5,1,
49,8,760,150,15,17,1,5,1,
49,10,681,159,21,11,1,5,1,
49,11,366,214,105,25,1,5,1,
49,12,791,321,18,16,1,5,1,
50,1,130,305,37,22,1,5,1,
50,2,592,348,70,17,1,5,1,
50,3,487,72,17,19,1,5,1,
50,4,62,476,91,45,1,5,1,
50,5,555,256,35,8,1,5,1,
50,6,475,259,76,16,1,5,1,
50,8,760,151,15,17,1,5,1,
50,10,683,159,21,12,1,5,1,
50,11,373,214,108,25,1,5,1,
50,12,792,321,19,15,1,5,1,
51,1,133,305,37,23,1,5,1,
51,2,599,347,68,18,1,5,1,
51,3,490,74,14,18,1,5,1,
51,4,68,479,96,46,1,5,1,
51,5,559,256,35,8,1,5,1,
51,6,482,259,75,16,1,5,1,
51,8,760,152,15,17,1,5,1,
51,10,686,160,20,12,1,5,1,
51,11,382,214,109,25,1,5,1,
51,12,793,321,19,15,1,5,1,
52,1,135,306,39,23,1,5,1,
52,2,604,347,68,17,1,5,1,
52,3,491,76,14,18,1,5,1,
52,4,74,482,101,46,1,5,1,
52,5,564,256,33,8,1,5,1,
52,6,488,259,76,16,1,5,1,
52,8,760,153,15,17,1,5,1,
52,10,689,161,18,12,1,5,1,
52,11,390,214,111,24,1,5,1,
52,12,794,320,18,15,1,5,1,
53,1,138,306,41,24,1,5,1,
53,2,611,347,66,17,1,5,1,
53,3,493,77,12,19,1,5,1,
53,4,81,485,106,46,1,5,1,
53,5,568,256,33,8,1,5,1,
53,6,494,259,76,16,1,5,1,
53,8,760,155,14,16,1,5,1,
53,10,691,162,18,11,1,5,1,
53,11,400,214,111,24,1,5,1,
53,12,795,320,18,15,1,5,1,
54,1,141,307,43,24,1,5,1,
54,2,617,346,65,17,1,5,1,
54,3,494,79,11,18,1,5,1,
54,4,89,488,109,46,1,5,1,
54,5,572,256,33,8,1,5,1,
54,6,501,259,76,16,1,5,1,
54,8,760,156,14,16,1,5,1,
54,10,693,163,18,11,1,5,1,
54,11,409,213,112,25,1,5,1,
54,12,796,319,18,15,1,5,1,
55,1,144,308,46,24,1,5,1,
55,2,623,346,63,17,1,5,1,
55,3,496,81,9,18,1,5,1,
55,4,99,491,111,47,1,5,1,
55,5,576,256,32,8,1,5,1,
55,6,507,259,76,16,1,5,1,
55,8,760,157,14,16,1,5,1,
55,10,696,164,16,11,1,5,1,
55,11,418,213,113,25,1,5,1,
55,12,797,319,18,15,1,5,1,
56,1,147,308,49,24,1,5,1,
56,2,628,346,63,16,1,5,1,
56,3,497,83,8,17,1,5,1,
56,4,107,493,116,49,1,5,1,
56,5,580,256,32,8,1,5,1,
56,6,513,259,76,16,1,5,1,
56,8,760,158,14,16,1,5,1,
56,10,698,164,15,12,1,5,1,
56,11,427,213,114,25,1,5,1,
56,12,797,319,18,14,1,5,1,
57,1,151,309,51,24,1,5,1,
57,2,634,345,62,17,1,5,1,
57,3,497,84,8,18,1,5,1,
57,4,117,496,118,47,1,5,1,
57,5,584,256,31,8,1,5,1,
57,6,520,259,76,16,1,5,1,
57,8,760,159,13,16,1,5,1,
57,10,700,165,15,11,1,5,1,
57,11,437,213,114,25,1,5,1,
57,12,798,318,18,15,1,5,1,
58,1,155,309,53,25,1,5,1,
58,2,640,345,60,16,1,5,1,
58,3,497,86,8,17,1,5,1,
58,4,126,499,123,44,1,5,1,
58,5,588,256,30,8,1,5,1,
58,6,527,259,75,16,1,5,1,
58,8,759,160,14,16,1,5,1,
58,10,702,166,14,11,1,5,1,
58,11,447,213,115,25,1,5,1,
58,12,799,318,17,14,1,5,1,
59,1,159,310,56,26,1,5,1,
59,2,646,344,58,17,1,5,1,
59,3,497,88,8,17,1,5,1,
59,4,136,502,126,41,1,5,1,
59,5,592,257,29,7,1,5,1,
59,6,533,259,76,16,1,5,1,
59,8,759,161,14,16,1,5,1,
59,10,704,167,13,11,1,5,1,
59,11,457,213,115,25,1,5,1,
59,12,799,317,18,14,1,5,1,
60,1,163,310,59,27,1,5,1,
60,2,651,344,58,16,1,5,1,
60,3,496,90,8,16,1,5,1,
60,4,146,505,125,38,1,5,1,
60,5,596,257,28,7,1,5,1,
60,6,539,260,76,16,1,5,1,
60,8,760,162,13,15,1,5,1,
60,10,705,168,14,11,1,5,1,
60,11,466,213,116,25,1,5,1,
60,12,800,317,17,14,1,5,1,
61,1,168,311,61,27,1,5,1,
61,2,656,344,57,16,1,5,1,
61,3,495,91,9,17,1,5,1,
61,4,156,508,126,36,1,5,1,
61,5,600,257,26,7,1,5,1,
61,6,545,260,77,16,1,5,1,
61,8,760,163,13,15,1,5,1,
61,10,707,168,13,11,1,5,1,
61,11,476,213,117,25,1,5,1,
61,12,800,316,18,14,1,5,1,
62,1,173,312,63,27,1,5,1,
62,2,662,343,55,16,1,5,1,
62,3,494,93,9,16,1,5,1,
62,4,167,512,126,32,1,5,1,
62,5,603,257,26,7,1,5,1,
62,6,552,260,77,17,1,5,1,
62,8,761,164,12,15,1,5,1,
62,10,708,169,13,11,1,5,1,
62,11,486,212,117,26,1,5,1,
62,12,801,316,17,14,1,5,1,
63,1,178,312,66,28,1,5,1,
63,2,667,343,54,16,1,5,1,
63,3,492,94,11,16,1,5,1,
63,4,179,515,128,29,1,5,1,
63,5,607,257,24,7,1,5,1,
63,6,558,260,77,17,1,5,1,
63,8,761,165,12,15,1,5,1,
63,10,710,170,12,11,1,5,1,
63,11,496,212,118,26,1,5,1,
63,12,801,316,17,13,1,5,1,
64,1,184,313,68,28,1,5,1,
64,2,672,342,53,16,1,5,1,
64,3,491,96,12,15,1,5,1,
64,4,191,518,131,26,1,5,1,
64,5,611,257,23,7,1,5,1,
64,6,565,260,76,17,1,5,1,
64,8,762,166,12,14,1,5,1,
64,10,712,171,11,11,1,5,1,
64,11,507,212,117,26,1,5,1,
64,12,802,315,17,14,1,5,1,
65,1,190,314,71,28,1,5,1,
65,2,677,342,51,16,1,5,1,
65,3,489,98,13,15,1,5,1,
65,4,203,522,136,22,1,5,1,
65,5,614,257,22,7,1,5,1,
65,6,571,260,77,17,1,5,1,
65,8,764,167,12,14,1,5,1,
65,10,713,172,11,10,1,5,1,
65,11,517,212,117,26,1,5,1,
65,12,802,315,17,13,1,5,1,
66,1,195,315,75,28,1,5,1,
66,2,681,341,51,16,1,5,1,
66,3,487,99,15,15,1,5,1,
66,4,215,525,141,19,1,5,1,
66,5,616,257,23,7,1,5,1,
66,6,577,260,77,17,1,5,1,
66,8,764,168,12,14,1,5,1,
66,10,714,172,11,11,1,5,1,
66,11,526,212,119,26,1,5,1,
66,12,803,315,17,13,1,5,1,
67,1,201,315,78,30,1,5,1,
67,2,686,341,50,16,1,5,1,
67,3,485,100,16,15,1,5,1,
67,5,619,257,22,7,1,5,1,
67,6,583,260,78,17,1,5,1,
67,8,764,169,13,13,1,5,1,
67,10,715,173,11,11,1,5,1,
67,11,536,212,119,26,1,5,1,
67,12,803,314,17,14,1,5,1,
68,1,207,316,82,30,1,5,1,
68,2,690,341,49,15,1,5,1,
68,3,482,102,18,13,1,5,1,
68,5,622,257,21,7,1,5,1,
68,6,589,260,78,17,1,5,1,
68,8,764,170,12,13,1,5,1,
68,10,716,174,11,10,1,5,1,
68,11,545,212,121,25,1,5,1,
68,12,803,314,17,13,1,5,1,
69,1,214,317,85,30,1,5,1,
69,2,695,340,47,16,1,5,1,
69,3,479,103,20,13,1,5,1,
69,5,624,257,20,7,1,5,1,
69,6,595,260,78,17,1,5,1,
69,8,765,170,12,14,1,5,1,
69,10,718,175,10,10,1,5,1,
69,11,555,212,121,25,1,5,1,
69,12,802,313,17,14,1,5,1,
70,1,221,318,88,31,1,5,1,
70,2,699,340,46,15,1,5,1,
70,3,475,105,23,12,1,5,1,
70,5,627,257,20,7,1,5,1,
70,6,602,260,77,17,1,5,1,
70,8,766,171,12,14,1,5,1,
70,10,719,175,9,11,1,5,1,
70,11,565,212,122,25,1,5,1,
70,12,801,313,18,13,1,5,1,
71,1,228,318,92,32,1,5,1,
71,2,704,339,42,16,1,5,1,
71,3,472,106,25,12,1,5,1,
71,5,629,257,20,7,1,5,1,
71,6,608,260,77,16,1,5,1,
71,8,767,172,11,13,1,5,1,
71,10,720,176,9,10,1,5,1,
71,11,575,212,122,25,1,5,1,
71,12,801,312,17,14,1,5,1,
72,1,236,319,96,33,1,5,1,
72,2,710,339,35,15,1,5,1,
72,3,468,107,28,11,1,5,1,
72,5,632,258,18,6,1,5,1,
72,6,615,260,76,16,1,5,1,
72,8,766,173,12,13,1,5,1,
72,10,721,177,9,10,1,5,1,
72,11,585,212,122,25,1,5,1,
72,12,801,312,17,13,1,5,1,
73,1,244,320,99,33,1,5,1,
73,2,716,338,29,16,1,5,1,
73,3,464,108,30,11,1,5,1,
73,5,635,258,15,6,1,5,1,
73,6,621,260,75,16,1,5,1,
73,8,766,174,12,12,1,5,1,
73,10,721,177,9,10,1,5,1,
73,11,596,211,122,26,1,5,1,
73,12,800,311,17,14,1,5,1,
74,1,252,321,104,34,1,5,1,
74,2,722,338,23,15,1,5,1,
74,3,460,109,32,10,1,5,1,
74,5,637,258,13,7,1,5,1,
74,6,627,260,74,16,1,5,1,
74,8,766,174,12,13,1,5,1,
74,10,722,178,8,10,1,5,1,
74,11,605,211,123,26,1,5,1,
74,12,800,311,17,13,1,5,1,
75,1,261,322,108,34,1,5,1,
75,2,728,337,18,15,1,5,1,
75,3,457,111,32,8,1,5,1,
75,5,640,258,11,7,1,5,1,
75,6,635,260,72,16,1,5,1,
75,8,767,175,11,13,1,5,1,
75,10,722,179,8,10,1,5,1,
75,11,617,211,121,26,1,5,1,
75,12,799,311,17,13,1,5,1,
76,1,270,323,112,35,1,5,1,
76,2,730,336,17,16,1,5,1,
76,3,453,111,34,8,1,5,1,
76,5,642,258,8,7,1,5,1,
76,6,641,260,71,16,1,5,1,
76,8,767,176,11,12,1,5,1,
76,10,722,180,8,9,1,5,1,
76,11,627,211,121,26,1,5,1,
76,12,799,310,16,13,1,5,1,
77,1,280,324,116,36,1,5,1,
77,2,730,336,17,15,1,5,1,
77,3,449,112,35,7,1,5,1,
77,5,642,258,8,7,1,5,1,
77,6,648,260,69,16,1,5,1,
77,8,767,177,11,12,1,5,1,
77,10,722,180,8,10,1,5,1,
77,11,638,211,121,26,1,5,1,
77,12,798,310,17,13,1,5,1,
78,1,289,325,122,37,1,5,1,
78,2,731,335,16,15,1,5,1,
78,3,446,112,35,7,1,5,1,
78,5,641,258,8,7,1,5,1,
78,6,654,260,68,16,1,5,1,
78,8,766,177,11,13,1,5,1,
78,10,722,181,8,10,1,5,1,
78,11,648,211,120,26,1,5,1,
78,12,797,310,18,12,1,5,1,
79,1,300,326,130,36,1,5,1,
79,2,731,334,17,15,1,5,1,
79,3,443,111,35,7,1,5,1,
79,5,639,258,10,7,1,5,1,
79,6,660,260,67,16,1,5,1,
79,8,765,178,11,12,1,5,1,
79,10,721,182,9,9,1,5,1,
79,11,659,211,119,26,1,5,1,
79,12,798,310,16,12,1,5,1,
80,1,308,326,142,36,1,5,1,
80,2,732,334,16,14,1,5,1,
80,3,440,111,35,7,1,5,1,
80,5,638,258,11,7,1,5,1,
80,6,666,260,65,16,1,5,1,
80,8,764,179,12,12,1,5,1,
80,10,721,182,8,10,1,5,1,
80,11,669,211,117,26,1,5,1,
80,12,797,310,17,12,1,5,1,
81,1,318,326,152,36,1,5,1,
81,2,732,333,16,15,1,5,1,
81,3,437,110,34,7,1,5,1,
81,5,637,259,11,6,1,5,1,
81,6,672,260,64,16,1,5,1,
81,8,763,179,12,13,1,5,1,
81,10,721,183,8,10,1,5,1,
81,11,681,212,111,25,1,5,1,
81,12,797,309,16,12,1,5,1,
82,1,328,327,162,35,1,5,1,
82,2,732,333,16,14,1,5,1,
82,3,434,109,34,7,1,5,1,
82,5,636,259,11,6,1,5,1,
82,6,678,260,62,16,1,5,1,
82,8,762,180,12,12,1,5,1,
82,10,720,184,8,9,1,5,1,
82,11,691,212,109,26,1,5,1,
82,12,796,309,17,12,1,5,1,
83,1,342,327,168,36,1,5,1,
83,2,732,332,16,14,1,5,1,
83,3,432,108,32,8,1,5,1,
83,5,634,259,12,6,1,5,1,
83,6,684,260,60,16,1,5,1,
83,8,762,181,11,12,1,5,1,
83,10,720,185,8,9,1,5,1,
83,11,703,212,105,26,1,5,1,
83,12,795,309,18,11,1,5,1,
84,1,354,327,174,37,1,5,1,
84,2,732,332,15,14,1,5,1,
84,3,430,107,31,8,1,5,1,
84,5,633,259,12,6,1,5,1,
84,6,690,260,58,16,1,5,1,
84,8,761,182,11,11,1,5,1,
84,10,719,185,8,9,1,5,1,
84,11,712,212,103,26,1,5,1,
84,12,794,309,19,11,1,5,1,
85,1,371,327,175,37,1,5,1,
85,2,732,331,15,14,1,5,1,
85,3,429,106,28,9,1,5,1,
85,6,696,260,56,16,1,5,1,
85,8,760,182,11,12,1,5,1,
85,10,719,186,8,9,1,5,1,
85,11,723,213,100,25,1,5,1,
85,12,793,308,19,12,1,5,1,
86,1,384,328,179,36,1,5,1,
86,2,732,331,15,13,1,5,1,
86,3,427,104,27,11,1,5,1,
86,6,700,260,55,16,1,5,1,
86,8,759,183,12,12,1,5,1,
86,10,718,186,8,10,1,5,1,
86,11,731,213,99,25,1,5,1,
86,12,792,308,20,11,1,5,1,
87,1,402,327,179,37,1,5,1,
87,2,731,330,15,14,1,5,1,
87,3,426,103,25,11,1,5,1,
87,6,705,260,54,16,1,5,1,
87,8,759,184,11,11,1,5,1,
87,10,717,187,8,9,1,5,1,
87,11,740,213,98,25,1,5,1,
87,12,791,308,20,11,1,5,1,
88,1,419,327,181,36,1,5,1,
88,2,731,329,15,14,1,5,1,
88,3,424,102,24,11,1,5,1,
88,6,710,260,52,16,1,5,1,
88,8,757,184,13,12,1,5,1,
88,10,717,188,8,9,1,5,1,
88,11,748,214,97,25,1,5,1,
88,12,790,307,20,12,1,5,1,
89,1,438,327,180,36,1,5,1,
89,2,730,329,16,13,1,5,1,
89,3,423,100,22,12,1,5,1,
89,6,715,260,51,16,1,5,1,
89,8,756,185,14,11,1,5,1,
89,10,716,188,8,9,1,5,1,
89,11,757,214,95,25,1,5,1,
89,12,789,307,20,11,1,5,1,
90,1,457,326,179,36,1,5,1,
90,2,730,328,16,13,1,5,1,
90,3,421,99,22,12,1,5,1,
90,6,720,260,49,15,1,5,1,
90,8,755,186,14,11,1,5,1,
90,10,715,189,9,9,1,5,1,
90,11,766,214,93,25,1,5,1,
90,12,788,307,20,11,1,5,1,
91,1,476,326,177,36,1,5,1,
91,2,729,328,17,13,1,5,1,
91,3,420,97,20,13,1,5,1,
91,6,725,260,47,15,1,5,1,
91,8,755,186,12,11,1,5,1,
91,10,715,190,8,8,1,5,1,
91,11,774,214,93,25,1,5,1,
91,12,787,307,20,10,1,5,1,
92,1,493,326,179,35,1,5,1,
92,2,728,327,17,13,1,5,1,
92,3,419,95,19,14,1,5,1,
92,6,729,260,47,15,1,5,1,
92,8,754,187,12,11,1,5,1,
92,10,714,190,9,9,1,5,1,
92,11,782,215,93,24,1,5,1,
92,12,786,306,20,11,1,5,1,
93,1,514,326,178,35,1,5,1,
93,2,728,327,17,12,1,5,1,
93,3,418,94,18,13,1,5,1,
93,6,734,260,45,15,1,5,1,
93,10,713,191,9,8,1,5,1,
93,11,791,215,90,24,1,5,1,
93,12,784,306,21,11,1,5,1,
94,1,529,326,180,35,1,5,1,
94,2,727,326,18,13,1,5,1,
94,3,417,92,17,14,1,5,1,
94,4,786,528,65,15,1,5,1,
94,6,737,261,44,14,1,5,1,
94,10,712,191,9,9,1,5,1,
94,11,798,215,89,24,1,5,1,
94,12,783,306,21,10,1,5,1,
95,1,550,325,176,35,1,5,1,
95,2,726,326,18,12,1,5,1,
95,3,416,90,16,15,1,5,1,
95,4,795,525,67,18,1,5,1,
95,6,742,261,42,14,1,5,1,
95,11,807,216,86,24,1,5,1,
95,12,782,305,21,11,1,5,1,
96,1,565,325,178,35,1,5,1,
96,2,725,325,19,13,1,5,1,
96,3,415,89,16,15,1,5,1,
96,4,800,522,72,21,1,5,1,
96,6,745,261,41,14,1,5,1,
96,11,814,216,85,24,1,5,1,
96,12,780,305,22,11,1,5,1,
97,1,583,325,178,35,1,5,1,
97,2,724,325,19,12,1,5,1,
97,3,415,87,14,15,1,5,1,
97,4,800,521,92,22,1,5,1,
97,6,749,261,40,14,1,5,1,
97,11,822,216,84,24,1,5,1,
97,12,779,305,22,10,1,5,1,
98,1,600,325,180,35,1,5,1,
98,2,723,324,19,12,1,5,1,
98,3,414,85,14,16,1,5,1,
98,4,805,516,90,27,1,5,1,
98,6,753,261,38,14,1,5,1,
98,11,829,217,82,23,1,5,1,
98,12,777,305,23,10,1,5,1,
99,1,619,325,177,35,1,5,1,
99,2,722,324,20,12,1,5,1,
99,3,413,83,13,16,1,5,1,
99,4,805,516,110,27,1,5,1,
99,6,757,261,36,14,1,5,1,
99,11,837,217,81,23,1,5,1,
99,12,776,304,22,11,1,5,1,
100,1,635,325,180,34,1,5,1,
100,2,721,323,20,12,1,5,1,
100,3,413,81,12,17,1,5,1,
100,4,798,511,120,32,1,5,1,
100,6,760,261,36,14,1,5,1,
100,11,843,217,80,23,1,5,1,
100,12,775,304,22,10,1,5,1,
101,1,655,324,177,35,1,5,1,
101,2,720,323,20,12,1,5,1,
101,3,413,79,11,17,1,5,1,
101,4,808,510,129,33,1,5,1,
101,6,764,261,34,14,1,5,1,
101,11,851,218,78,23,1,5,1,
102,1,670,324,181,35,1,5,1,
102,2,719,322,20,12,1,5,1,
102,3,412,78,11,17,1,5,1,
102,4,818,506,121,37,1,5,1,
102,6,767,261,33,14,1,5,1,
102,11,857,218,77,23,1,5,1,
103,1,687,324,180,35,1,5,1,
103,2,717,322,21,12,1,5,1,
103,3,412,76,10,17,1,5,1,
103,4,831,503,115,40,1,5,1,
103,6,770,261,31,14,1,5,1,
103,11,864,218,74,23,1,5,1,
104,1,705,324,178,35,1,5,1,
104,2,716,322,21,11,1,5,1,
104,3,411,74,10,18,1,5,1,
104,4,845,502,115,40,1,5,1,
104,6,773,261,30,14,1,5,1,
104,11,871,219,73,22,1,5,1,
105,1,723,324,181,34,1,5,1,
105,2,714,321,22,11,1,5,1,
105,3,411,71,9,19,1,5,1,
105,4,858,498,102,40,1,5,1,
105,6,776,261,29,14,1,5,1,
105,11,878,219,70,22,1,5,1,
106,1,737,324,185,34,1,5,1,
106,2,713,321,22,11,1,5,1,
106,3,411,69,9,19,1,5,1,
106,4,868,496,92,40,1,5,1,
106,6,778,261,28,14,1,5,1,
106,11,883,219,70,22,1,5,1,
107,1,755,324,175,34,1,5,1,
107,2,711,320,23,11,1,5,1,
107,3,411,67,9,20,1,5,1,
107,4,881,492,79,41,1,5,1,
107,6,781,261,27,14,1,5,1,
107,11,890,220,67,22,1,5,1,
108,1,772,324,166,34,1,5,1,
108,2,710,320,23,11,1,5,1,
108,3,411,65,9,20,1,5,1,
108,4,893,491,67,40,1,5,1,
108,6,783,262,26,13,1,5,1,
108,11,896,220,59,22,1,5,1,
109,1,792,323,164,35,1,5,1,
109,2,707,319,25,12,1,5,1,
109,3,412,63,9,20,1,5,1,
109,4,903,488,57,40,1,5,1,
109,6,786,262,24,13,1,5,1,
109,11,904,220,52,22,1,5,1,
110,1,810,323,149,34,1,5,1,
110,2,704,318,27,12,1,5,1,
110,3,412,61,9,20,1,5,1,
110,4,914,485,46,40,1,5,1,
110,6,789,262,22,13,1,5,1,
110,11,913,221,43,21,1,5,1,
111,1,825,323,135,34,1,5,1,
111,2,702,318,28,11,1,5,1,
111,3,412,58,10,22,1,5,1,
111,4,924,482,36,40,1,5,1,
111,6,792,262,20,13,1,5,1,
111,11,921,222,34,21,1,5,1,
112,1,842,322,118,34,1,5,1,
112,2,700,317,28,12,1,5,1,
112,3,413,56,10,21,1,5,1,
112,6,794,262,18,13,1,5,1,
112,11,920,222,32,22,1,5,1,
113,1,855,322,105,33,1,5,1,
113,2,698,317,29,11,1,5,1,
113,3,413,54,11,22,1,5,1,
113,6,795,262,17,13,1,5,1,
113,11,919,223,31,21,1,5,1,
114,1,869,321,91,34,1,5,1,
114,2,696,317,29,11,1,5,1,
114,3,414,52,11,22,1,5,1,
114,6,795,262,18,13,1,5,1,
114,11,918,224,30,21,1,5,1,
115,1,884,322,76,32,1,5,1,
115,2,693,316,30,11,1,5,1,
115,3,414,49,12,23,1,5,1,
115,6,796,262,17,13,1,5,1,
115,11,916,224,31,21,1,5,1,
116,1,896,324,64,26,1,5,1,
116,2,691,316,30,11,1,5,1,
116,3,415,47,12,23,1,5,1,
116,6,796,262,17,13,1,5,1,
116,11,915,225,30,20,1,5,1,
117,1,908,327,52,17,1,5,1,
117,2,689,316,30,11,1,5,1,
117,3,416,44,13,25,1,5,1,
117,6,796,262,17,13,1,5,1,
117,11,914,226,30,20,1,5,1,
118,2,687,315,30,11,1,5,1,
118,3,416,42,14,24,1,5,1,
118,6,797,262,16,13,1,5,1,
118,11,913,226,29,20,1,5,1,
119,2,685,315,31,11,1,5,1,
119,3,417,39,15,26,1,5,1,
119,6,797,262,16,13,1,5,1,
119,11,911,227,30,19,1,5,1,
120,2,682,314,32,11,1,5,1,
120,3,417,37,17,26,1,5,1,
120,6,796,263,17,12,1,5,1,
120,11,910,227,30,20,1,5,1,
121,3,418,34,18,27,1,5,1,
121,6,796,263,17,12,1,5,1,
121,11,908,228,31,19,1,5,1,
122,3,419,32,19,27,1,5,1,
122,6,796,263,16,12,1,5,1,
122,11,907,229,31,18,1,5,1,
123,3,419,29,21,28,1,5,1,
123,6,796,263,16,12,1,5,1,
123,11,905,229,32,19,1,5,1,
124,3,421,26,22,29,1,5,1,
124,6,796,263,16,12,1,5,1,
124,11,904,230,31,18,1,5,1,
125,3,422,24,23,29,1,5,1,
125,6,795,263,16,12,1,5,1,
125,11,901,230,33,18,1,5,1,
126,3,423,21,25,30,1,5,1,
126,6,795,263,15,12,1,5,1,
126,11,895,231,38,17,1,5,1,
127,3,424,18,28,30,1,5,1,
127,6,793,263,16,12,1,5,1,
127,11,887,231,46,18,1,5,1,
128,3,426,15,29,31,1,5,1,
128,6,792,263,17,12,1,5,1,
128,11,879,232,54,17,1,5,1,
129,3,428,13,30,31,1,5,1,
129,6,787,263,22,12,1,5,1,
129,11,874,232,59,17,1,5,1,
130,3,430,10,32,31,1,5,1,
130,6,783,263,26,12,1,5,1,
130,11,869,233,64,17,1,5,1,
131,3,431,7,35,32,1,5,1,
131,6,778,263,31,12,1,5,1,
131,11,864,233,68,17,1,5,1,
132,3,433,4,37,33,1,5,1,
132,6,774,263,36,12,1,5,1,
132,11,859,234,71,16,1,5,1,
133,3,436,1,38,33,1,5,1,
133,6,770,263,40,12,1,5,1,
133,11,854,234,72,17,1,5,1,
134,3,438,0,41,31,1,5,1,
134,6,767,264,43,11,1,5,1,
134,11,849,235,72,16,1,5,1,
135,3,441,-2,41,31,1,5,1,
135,6,764,264,45,10,1,5,1,
135,11,844,235,73,16,1,5,1,
136,3,444,-5,42,31,1,5,1,
136,6,760,264,48,10,1,5,1,
136,11,840,236,71,16,1,5,1,
137,3,447,-8,44,31,1,5,1,
137,6,757,264,49,10,1,5,1,
137,11,835,236,72,16,1,5,1,
138,3,449,-11,47,32,1,5,1,
138,6,754,264,49,10,1,5,1,
138,11,832,237,70,15,1,5,1,
139,3,453,-14,49,32,1,5,1,
139,6,751,264,49,10,1,5,1,
139,11,828,237,68,15,1,5,1,
140,3,457,-16,50,31,1,5,1,
140,6,748,264,48,10,1,5,1,
140,11,824,238,66,14,1,5,1,
141,3,460,-19,53,32,1,5,1,
141,6,745,264,48,10,1,5,1,
141,11,820,238,65,14,1,5,1,
142,3,464,-22,54,31,1,5,1,
142,6,742,264,48,10,1,5,1,
142,11,816,238,63,15,1,5,1,
143,6,739,264,48,10,1,5,1,
143,11,812,239,63,14,1,5,1,
144,6,736,264,48,10,1,5,1,
144,11,807,239,64,14,1,5,1,
145,6,733,264,47,10,1,5,1,
145,11,803,240,63,13,1,5,1,
146,6,730,264,48,10,1,5,1,
146,11,799,240,63,13,1,5,1,
147,6,727,264,48,10,1,5,1,
147,11,795,240,63,14,1,5,1,
148,6,724,264,47,10,1,5,1,
148,11,791,241,63,13,1,5,1,
149,6,721,265,47,9,1,5,1,
149,11,787,241,62,13,1,5,1,
150,6,718,265,48,9,1,5,1,
150,11,783,241,63,13,1,5,1,
