1,1,730,273,57,15,1,5,1,
1,2,144,250,43,11,1,5,1,
1,3,903,151,50,11,1,5,1,
1,4,805,493,34,21,1,5,1,
1,5,847,87,112,32,1,5,1,
1,6,53,162,19,18,1,5,1,
1,7,494,440,42,17,1,5,1,
1,8,528,10,12,20,1,5,1,
1,9,274,150,78,20,1,5,1,
1,10,619,423,68,40,1,5,1,
1,11,913,21,33,46,1,5,1,
1,12,476,330,144,41,1,5,1,
1,13,513,487,30,31,1,5,1,
1,14,107,84,40,30,1,5,1,
1,15,3,357,41,15,1,5,1,
1,16,559,158,15,17,1,5,1,
1,17,609,499,33,22,1,5,1,
1,18,671,342,92,22,1,5,1,
1,19,568,453,11,16,1,5,1,
1,20,322,244,52,15,1,5,1,
1,21,13,304,81,15,1,5,1,
1,22,915,115,45,18,1,5,1,
1,23,159,22,93,25,1,5,1,
1,24,764,236,81,19,1,5,1,
1,25,561,22,12,20,1,5,1,
1,26,337,80,48,55,1,5,1,
1,27,393,381,46,14,1,5,1,
1,28,54,268,50,29,1,5,1,
1,29,627,204,19,19,1,5,1,
1,30,816,436,73,44,1,5,1,
2,1,722,273,63,15,1,5,1,
2,2,141,249,40,12,1,5,1,
2,3,894,152,54,11,1,5,1,
2,4,811,492,31,21,1,5,1,
2,5,852,84,108,32,1,5,1,
2,6,52,164,19,16,1,5,1,
2,7,491,438,40,18,1,5,1,
2,8,529,6,12,22,1,5,1,
2,9,265,151,81,19,1,5,1,
2,10,621,426,78,39,1,5,1,
2,11,917,27,32,43,1,5,1,
2,12,474,328,130,42,1,5,1,
2,13,514,484,37,30,1,5,1,
2,14,106,83,46,29,1,5,1,
2,15,0,356,42,16,1,5,1,
2,16,559,159,18,17,1,5,1,
2,17,614,498,30,22,1,5,1,
2,18,679,342,92,23,1,5,1,
2,19,570,451,10,16,1,5,1,
2,20,316,245,55,15,1,5,1,
2,21,4,304,83,15,1,5,1,
2,22,923,115,37,18,1,5,1,
2,23,145,21,100,25,1,5,1,
2,24,775,236,76,19,1,5,1,
2,25,561,17,12,24,1,5,1,
2,26,339,74,49,60,1,5,1,
2,27,396,380,49,14,1,5,1,
2,28,55,269,50,29,1,5,1,
2,29,626,204,19,20,1,5,1,
2,30,817,433,58,42,1,5,1,
3,1,714,273,68,15,1,5,1,
3,2,137,249,39,12,1,5,1,
3,3,885,152,57,12,1,5,1,
3,4,818,491,27,21,1,5,1,
3,5,859,81,101,33,1,5,1,
3,6,50,166,22,14,1,5,1,
3,7,490,435,36,20,1,5,1,
3,8,531,2,12,24,1,5,1,
3,9,257,150,82,19,1,5,1,
3,10,626,429,84,39,1,5,1,
3,11,916,33,39,39,1,5,1,
3,12,473,325,115,43,1,5,1,
3,13,516,482,43,27,1,5,1,
3,14,106,83,56,29,1,5,1,
3,15,-11,356,50,15,1,5,1,
3,16,559,161,21,16,1,5,1,
3,17,619,497,28,22,1,5,1,
3,18,687,343,92,22,1,5,1,
3,19,571,449,10,16,1,5,1,
3,20,310,246,57,15,1,5,1,
3,21,0,305,79,15,1,5,1,
3,22,930,115,30,19,1,5,1,
3,23,131,19,106,25,1,5,1,
3,24,786,236,69,19,1,5,1,
3,25,561,13,13,25,1,5,1,
3,26,341,68,50,64,1,5,1,
3,27,400,379,50,14,1,5,1,
3,28,55,270,50,30,1,5,1,
3,29,626,205,19,20,1,5,1,
3,30,815,429,47,41,1,5,1,
4,1,707,273,71,15,1,5,1,
4,2,132,249,40,12,1,5,1,
4,3,876,152,58,13,1,5,1,
4,4,825,490,23,22,1,5,1,
4,5,866,81,94,30,1,5,1,
4,6,47,167,28,13,1,5,1,
4,7,490,433,30,21,1,5,1,
4,8,530,0,15,22,1,5,1,
4,9,248,149,84,19,1,5,1,
4,10,631,432,91,38,1,5,1,
4,11,915,39,44,35,1,5,1,
4,12,474,322,97,43,1,5,1,
4,13,521,480,45,25,1,5,1,
4,14,114,81,49,29,1,5,1,
4,15,-22,357,56,14,1,5,1,
4,16,561,162,22,16,1,5,1,
4,17,625,496,23,23,1,5,1,
4,18,696,343,89,22,1,5,1,
4,19,571,448,10,15,1,5,1,
4,20,303,246,60,15,1,5,1,
4,21,-6,305,77,16,1,5,1,
4,22,938,116,22,18,1,5,1,
4,23,117,16,110,27,1,5,1,
4,24,797,236,61,19,1,5,1,
4,25,562,9,13,26,1,5,1,
4,26,346,61,50,68,1,5,1,
4,27,404,378,52,14,1,5,1,
4,28,55,271,49,31,1,5,1,
4,29,627,206,18,19,1,5,1,
4,30,815,427,36,38,1,5,1,
5,1,700,273,73,15,1,5,1,
5,2,131,249,35,12,1,5,1,
5,3,868,152,58,14,1,5,1,
5,4,831,489,20,22,1,5,1,
5,5,876,80,84,27,1,5,1,
5,6,42,167,34,13,1,5,1,
5,7,484,431,35,19,1,5,1,
5,8,531,-4,16,23,1,5,1,
5,9,240,148,84,20,1,5,1,
5,10,638,436,96,36,1,5,1,
5,11,915,44,45,33,1,5,1,
5,12,476,320,80,43,1,5,1,
5,13,527,478,45,24,1,5,1,
5,14,116,79,53,30,1,5,1,
5,15,-35,357,62,12,1,5,1,
5,16,562,164,23,16,1,5,1,
5,17,630,494,20,24,1,5,1,
5,18,707,343,82,22,1,5,1,
5,19,572,446,10,15,1,5,1,
5,20,296,246,63,15,1,5,1,
5,21,-14,305,76,16,1,5,1,
5,22,946,116,14,19,1,5,1,
5,23,102,12,115,29,1,5,1,
5,24,808,237,52,19,1,5,1,
5,25,564,4,13,28,1,5,1,
5,26,342,54,63,70,1,5,1,
5,27,409,378,53,13,1,5,1,
5,28,48,272,67,31,1,5,1,
5,29,627,207,18,19,1,5,1,
5,30,816,424,34,35,1,5,1,
6,1,693,273,74,15,1,5,1,
6,2,129,248,32,13,1,5,1,
6,3,860,153,57,15,1,5,1,
6,4,834,487,19,23,1,5,1,
6,5,886,80,74,25,1,5,1,
6,6,35,167,41,13,1,5,1,
6,7,478,429,38,18,1,5,1,
6,8,532,-7,19,23,1,5,1,
6,9,231,146,85,21,1,5,1,
6,10,646,440,100,34,1,5,1,
6,11,923,47,37,32,1,5,1,
6,12,478,317,64,45,1,5,1,
6,13,533,475,44,24,1,5,1,
6,14,119,77,56,30,1,5,1,
6,16,564,166,22,15,1,5,1,
6,17,634,492,17,25,1,5,1,
6,18,718,343,75,21,1,5,1,
6,19,571,444,12,15,1,5,1,
6,20,290,246,64,15,1,5,1,
6,21,-22,305,75,17,1,5,1,
6,22,948,115,12,21,1,5,1,
6,23,87,7,118,33,1,5,1,
6,24,818,237,42,19,1,5,1,
6,25,564,0,15,28,1,5,1,
6,26,338,49,84,70,1,5,1,
6,27,414,378,53,13,1,5,1,
6,28,44,272,85,31,1,5,1,
6,29,628,208,17,19,1,5,1,
6,30,819,422,33,31,1,5,1,
7,1,687,273,73,16,1,5,1,
7,2,126,248,30,13,1,5,1,
7,3,853,154,55,15,1,5,1,
7,4,836,485,19,23,1,5,1,
7,5,898,80,62,22,1,5,1,
7,6,28,167,47,13,1,5,1,
7,7,472,428,41,16,1,5,1,
7,8,533,-10,24,22,1,5,1,
7,9,223,144,85,22,1,5,1,
7,10,655,444,102,32,1,5,1,
7,11,932,49,28,33,1,5,1,
7,12,477,314,52,46,1,5,1,
7,13,537,474,49,22,1,5,1,
7,14,122,76,58,30,1,5,1,
7,16,566,167,22,15,1,5,1,
7,17,637,490,16,25,1,5,1,
7,18,726,342,73,22,1,5,1,
7,19,570,443,13,14,1,5,1,
7,20,283,246,66,15,1,5,1,
7,21,-29,306,73,16,1,5,1,
7,23,72,2,121,36,1,5,1,
7,24,824,237,40,19,1,5,1,
7,25,564,-2,18,27,1,5,1,
7,26,334,45,107,68,1,5,1,
7,27,419,378,54,12,1,5,1,
7,28,41,272,103,32,1,5,1,
7,29,629,208,17,19,1,5,1,
7,30,820,420,33,30,1,5,1,
8,1,681,273,72,16,1,5,1,
8,2,124,248,28,12,1,5,1,
8,3,846,155,53,16,1,5,1,
8,4,838,482,19,23,1,5,1,
8,5,910,80,50,17,1,5,1,
8,6,20,167,54,13,1,5,1,
8,7,466,427,44,14,1,5,1,
8,8,535,-13,27,22,1,5,1,
8,9,216,142,83,23,1,5,1,
8,10,664,448,105,30,1,5,1,
8,11,940,51,20,34,1,5,1,
8,12,478,311,40,47,1,5,1,
8,13,542,473,52,20,1,5,1,
8,14,128,74,56,30,1,5,1,
8,16,569,169,20,14,1,5,1,
8,17,640,489,15,25,1,5,1,
8,18,734,342,70,21,1,5,1,
8,19,569,441,14,14,1,5,1,
8,20,277,246,66,15,1,5,1,
8,21,-36,307,70,15,1,5,1,
8,22,946,119,13,18,1,5,1,
8,23,57,-1,124,38,1,5,1,
8,24,829,238,38,18,1,5,1,
8,25,565,-6,20,27,1,5,1,
8,26,332,43,129,62,1,5,1,
8,27,424,378,54,12,1,5,1,
8,28,46,272,109,32,1,5,1,
8,29,629,209,17,19,1,5,1,
8,30,821,417,32,30,1,5,1,
9,1,676,274,69,16,1,5,1,
9,2,122,248,26,12,1,5,1,
9,3,841,156,49,17,1,5,1,
9,4,840,480,19,23,1,5,1,
9,6,12,166,59,14,1,5,1,
9,7,459,426,46,14,1,5,1,
9,9,209,139,81,24,1,5,1,
9,10,675,453,106,28,1,5,1,
9,11,943,53,17,35,1,5,1,
9,12,481,309,34,46,1,5,1,
9,13,547,472,56,18,1,5,1,
9,14,136,72,50,31,1,5,1,
9,16,571,170,19,14,1,5,1,
9,17,641,487,15,24,1,5,1,
9,18,741,342,67,21,1,5,1,
9,19,568,439,14,14,1,5,1,
9,20,271,246,66,14,1,5,1,
9,21,-42,307,66,14,1,5,1,
9,22,945,120,14,18,1,5,1,
9,23,50,-9,117,43,1,5,1,
9,24,835,238,35,19,1,5,1,
9,25,566,-9,24,26,1,5,1,
9,26,331,41,149,56,1,5,1,
9,27,430,378,53,12,1,5,1,
9,28,53,272,110,33,1,5,1,
9,29,630,210,17,18,1,5,1,
9,30,820,415,32,30,1,5,1,
10,1,672,274,65,16,1,5,1,
10,2,120,247,25,13,1,5,1,
10,3,835,157,46,18,1,5,1,
10,4,841,478,19,23,1,5,1,
10,6,4,166,64,13,1,5,1,
10,7,452,426,49,13,1,5,1,
10,9,203,137,78,24,1,5,1,
10,10,686,458,107,25,1,5,1,
10,11,944,56,16,34,1,5,1,
10,12,484,306,33,46,1,5,1,
10,13,553,473,59,16,1,5,1,
10,14,146,68,41,32,1,5,1,
10,16,574,171,17,14,1,5,1,
10,17,642,485,15,24,1,5,1,
10,18,749,341,64,21,1,5,1,
10,19,568,437,11,15,1,5,1,
10,20,265,245,65,15,1,5,1,
10,22,942,120,17,20,1,5,1,
10,23,39,-17,115,48,1,5,1,
10,24,840,238,33,19,1,5,1,
10,25,568,-12,28,26,1,5,1,
10,26,334,37,165,54,1,5,1,
10,27,434,378,54,13,1,5,1,
10,28,62,273,108,32,1,5,1,
10,29,631,210,17,18,1,5,1,
10,30,818,412,32,31,1,5,1,
11,1,669,274,60,17,1,5,1,
11,2,118,247,23,13,1,5,1,
11,3,831,159,42,17,1,5,1,
11,4,842,475,18,23,1,5,1,
11,6,0,165,64,14,1,5,1,
11,7,446,425,49,13,1,5,1,
11,9,198,134,74,26,1,5,1,
11,10,697,459,107,25,1,5,1,
11,11,945,59,15,34,1,5,1,
11,12,488,304,31,43,1,5,1,
11,13,559,472,63,17,1,5,1,
11,14,150,63,38,34,1,5,1,
11,16,576,171,16,14,1,5,1,
11,17,644,483,14,24,1,5,1,
11,18,755,341,62,21,1,5,1,
11,19,568,436,9,14,1,5,1,
11,20,260,245,64,15,1,5,1,
11,22,938,121,21,21,1,5,1,
11,23,25,-26,115,53,1,5,1,
11,24,844,239,31,18,1,5,1,
11,25,570,-15,33,25,1,5,1,
11,26,338,32,179,56,1,5,1,
11,27,440,378,53,13,1,5,1,
11,28,70,273,108,33,1,5,1,
11,29,633,211,16,18,1,5,1,
11,30,815,409,37,31,1,5,1,
12,1,666,275,55,16,1,5,1,
12,2,117,247,20,13,1,5,1,
12,3,828,160,37,18,1,5,1,
12,4,843,473,18,23,1,5,1,
12,6,-6,164,65,14,1,5,1,
12,7,439,425,50,13,1,5,1,
12,9,194,131,69,28,1,5,1,
12,10,709,460,106,25,1,5,1,
12,11,945,61,15,34,1,5,1,
12,12,485,302,40,40,1,5,1,
12,13,565,472,66,17,1,5,1,
12,14,150,59,39,36,1,5,1,
12,16,578,172,15,14,1,5,1,
12,17,645,481,15,24,1,5,1,
12,18,760,340,64,21,1,5,1,
12,19,569,434,8,15,1,5,1,
12,20,255,244,62,15,1,5,1,
12,22,931,121,28,23,1,5,1,
12,23,12,-35,114,58,1,5,1,
12,24,849,239,28,18,1,5,1,
12,26,343,30,193,55,1,5,1,
12,27,445,378,52,13,1,5,1,
12,28,77,273,110,33,1,5,1,
12,29,634,212,16,17,1,5,1,
12,30,811,407,43,30,1,5,1,
13,1,664,276,49,15,1,5,1,
13,2,116,246,19,14,1,5,1,
13,3,825,162,32,18,1,5,1,
13,4,843,470,19,24,1,5,1,
13,6,-14,163,68,14,1,5,1,
13,7,432,425,51,13,1,5,1,
13,9,191,128,64,29,1,5,1,
13,10,720,461,107,25,1,5,1,
13,11,946,64,13,34,1,5,1,
13,12,482,301,51,35,1,5,1,
13,13,572,472,68,17,1,5,1,
13,14,151,55,40,36,1,5,1,
13,16,580,173,14,14,1,5,1,
13,17,646,479,14,24,1,5,1,
13,18,766,340,62,21,1,5,1,
13,19,570,433,9,13,1,5,1,
13,20,250,244,60,15,1,5,1,
13,22,926,123,33,22,1,5,1,
13,23,1,-45,110,63,1,5,1,
13,24,853,239,26,18,1,5,1,
13,26,353,27,200,57,1,5,1,
13,27,450,378,51,14,1,5,1,
13,28,83,274,114,33,1,5,1,
13,29,635,212,16,17,1,5,1,
13,30,805,404,50,30,1,5,1,
14,1,663,276,43,15,1,5,1,
14,2,113,246,19,14,1,5,1,
14,3,823,164,27,17,1,5,1,
14,4,843,468,19,23,1,5,1,
14,6,-23,162,70,14,1,5,1,
14,7,426,426,51,13,1,5,1,
14,9,189,125,56,29,1,5,1,
14,10,732,462,106,25,1,5,1,
14,11,946,67,13,34,1,5,1,
14,12,479,300,64,32,1,5,1,
14,13,581,472,67,17,1,5,1,
14,14,153,52,41,36,1,5,1,
14,16,582,174,14,13,1,5,1,
14,17,647,477,13,24,1,5,1,
14,18,772,340,61,20,1,5,1,
14,19,571,431,10,14,1,5,1,
14,20,246,243,57,16,1,5,1,
14,22,922,124,37,22,1,5,1,
14,24,857,240,25,18,1,5,1,
14,26,365,25,206,57,1,5,1,
14,27,455,379,49,13,1,5,1,
14,28,90,274,118,33,1,5,1,
14,29,636,213,17,16,1,5,1,
14,30,804,402,42,28,1,5,1,
15,1,663,276,36,15,1,5,1,
15,2,111,246,19,14,1,5,1,
15,3,823,166,21,16,1,5,1,
15,4,844,466,18,22,1,5,1,
15,6,-31,162,72,13,1,5,1,
15,7,419,425,51,16,1,5,1,
15,9,188,121,49,31,1,5,1,
15,10,742,462,107,25,1,5,1,
15,11,946,70,13,33,1,5,1,
15,12,479,299,73,31,1,5,1,
15,13,590,471,65,17,1,5,1,
15,14,151,49,46,35,1,5,1,
15,16,583,175,14,13,1,5,1,
15,17,647,475,14,24,1,5,1,
15,18,777,339,61,21,1,5,1,
15,19,571,430,13,13,1,5,1,
15,20,243,242,53,16,1,5,1,
15,22,919,125,40,23,1,5,1,
15,24,859,240,25,18,1,5,1,
15,26,377,23,212,57,1,5,1,
15,27,460,379,47,14,1,5,1,
15,28,96,274,124,34,1,5,1,
15,29,637,214,19,15,1,5,1,
15,30,802,400,34,27,1,5,1,
16,1,664,276,29,14,1,5,1,
16,2,109,245,20,14,1,5,1,
16,3,822,168,16,15,1,5,1,
16,4,844,464,19,22,1,5,1,
16,6,-39,161,73,13,1,5,1,
16,7,413,425,50,18,1,5,1,
16,9,189,118,40,31,1,5,1,
16,10,754,463,106,25,1,5,1,
16,11,946,73,13,32,1,5,1,
16,12,480,298,82,30,1,5,1,
16,13,600,469,62,17,1,5,1,
16,14,149,46,54,36,1,5,1,
16,16,585,176,14,12,1,5,1,
16,17,648,473,14,24,1,5,1,
16,18,781,339,63,20,1,5,1,
16,19,571,429,16,12,1,5,1,
16,20,241,241,48,17,1,5,1,
16,22,915,123,45,26,1,5,1,
16,24,861,240,26,18,1,5,1,
16,26,391,21,217,58,1,5,1,
16,27,465,380,44,14,1,5,1,
16,28,104,274,128,34,1,5,1,
16,29,638,214,21,14,1,5,1,
16,30,800,398,31,26,1,5,1,
17,1,664,276,23,14,1,5,1,
17,2,108,245,19,14,1,5,1,
17,3,820,170,14,14,1,5,1,
17,4,845,462,18,21,1,5,1,
17,6,-47,159,73,13,1,5,1,
17,7,407,426,49,20,1,5,1,
17,9,191,116,30,30,1,5,1,
17,10,766,463,103,24,1,5,1,
17,11,946,76,13,32,1,5,1,
17,12,482,297,90,29,1,5,1,
17,13,606,470,66,16,1,5,1,
17,14,149,43,62,36,1,5,1,
17,16,586,176,15,13,1,5,1,
17,17,649,472,14,22,1,5,1,
17,18,785,338,65,20,1,5,1,
17,19,572,428,19,12,1,5,1,
17,20,240,241,43,16,1,5,1,
17,22,912,123,47,27,1,5,1,
17,24,864,241,25,17,1,5,1,
17,26,405,19,222,58,1,5,1,
17,27,471,380,40,15,1,5,1,
17,28,112,275,132,33,1,5,1,
17,29,639,215,24,14,1,5,1,
17,30,798,396,30,25,1,5,1,
18,1,663,276,20,14,1,5,1,
18,2,106,245,20,14,1,5,1,
18,3,820,172,11,13,1,5,1,
18,4,845,459,18,22,1,5,1,
18,7,401,426,48,22,1,5,1,
18,9,191,113,29,30,1,5,1,
18,10,778,463,100,24,1,5,1,
18,11,945,78,14,32,1,5,1,
18,12,486,297,97,28,1,5,1,
18,13,613,470,68,17,1,5,1,
18,14,149,41,71,36,1,5,1,
18,16,588,177,15,12,1,5,1,
18,17,651,471,14,21,1,5,1,
18,18,787,338,69,20,1,5,1,
18,19,574,427,21,11,1,5,1,
18,20,240,240,36,17,1,5,1,
18,22,909,125,47,26,1,5,1,
18,24,867,241,24,18,1,5,1,
18,26,419,17,226,59,1,5,1,
18,27,476,379,36,17,1,5,1,
18,28,120,275,136,33,1,5,1,
18,29,641,215,26,14,1,5,1,
18,30,798,394,27,24,1,5,1,
19,1,663,276,16,14,1,5,1,
19,2,104,244,21,15,1,5,1,
19,3,819,173,11,13,1,5,1,
19,4,845,457,18,21,1,5,1,
19,7,396,427,46,24,1,5,1,
19,9,191,110,30,30,1,5,1,
19,10,789,462,99,25,1,5,1,
19,11,945,81,14,31,1,5,1,
19,12,490,296,104,28,1,5,1,
19,13,620,471,71,17,1,5,1,
19,14,150,38,80,37,1,5,1,
19,16,589,178,16,12,1,5,1,
19,17,650,470,18,20,1,5,1,
19,18,791,339,70,20,1,5,1,
19,19,575,426,25,11,1,5,1,
19,20,240,239,30,17,1,5,1,
19,22,905,126,48,26,1,5,1,
19,24,869,242,25,17,1,5,1,
19,26,434,15,230,60,1,5,1,
19,27,480,380,35,17,1,5,1,
19,28,130,275,139,34,1,5,1,
19,29,643,215,26,15,1,5,1,
19,30,799,392,26,24,1,5,1,
20,1,664,276,16,14,1,5,1,
20,2,103,244,21,15,1,5,1,
20,3,818,174,11,13,1,5,1,
20,4,846,456,17,20,1,5,1,
20,7,392,429,43,26,1,5,1,
20,9,192,108,31,29,1,5,1,
20,10,800,462,98,25,1,5,1,
20,11,944,84,15,30,1,5,1,
20,12,496,295,108,29,1,5,1,
20,13,627,472,74,17,1,5,1,
20,14,152,36,88,37,1,5,1,
20,16,591,178,16,13,1,5,1,
20,17,649,469,23,19,1,5,1,
20,18,795,339,72,21,1,5,1,
20,19,577,425,28,10,1,5,1,
20,20,242,239,22,17,1,5,1,
20,22,902,128,47,25,1,5,1,
20,24,871,242,25,17,1,5,1,
20,26,450,14,233,60,1,5,1,
20,27,483,380,36,18,1,5,1,
20,28,139,275,143,34,1,5,1,
20,29,645,216,27,14,1,5,1,
20,30,800,391,26,23,1,5,1,
21,1,666,276,16,14,1,5,1,
21,2,102,244,21,15,1,5,1,
21,3,817,175,11,12,1,5,1,
21,4,846,454,18,20,1,5,1,
21,7,388,430,40,28,1,5,1,
21,9,195,106,31,28,1,5,1,
21,10,810,462,99,25,1,5,1,
21,11,943,86,16,31,1,5,1,
21,12,502,295,113,29,1,5,1,
21,13,637,472,73,17,1,5,1,
21,14,155,34,95,37,1,5,1,
21,16,593,179,15,12,1,5,1,
21,17,650,468,25,18,1,5,1,
21,18,799,339,75,21,1,5,1,
21,19,580,425,29,9,1,5,1,
21,20,241,238,21,17,1,5,1,
21,22,899,129,46,25,1,5,1,
21,24,872,243,28,17,1,5,1,
21,26,466,12,237,61,1,5,1,
21,27,485,382,40,18,1,5,1,
21,28,150,275,145,34,1,5,1,
21,29,647,216,27,14,1,5,1,
21,30,801,389,26,23,1,5,1,
22,1,668,276,15,13,1,5,1,
22,2,101,243,21,16,1,5,1,
22,3,816,176,11,12,1,5,1,
22,4,847,452,17,19,1,5,1,
22,7,384,432,37,29,1,5,1,
22,9,191,105,39,26,1,5,1,
22,10,822,462,95,24,1,5,1,
22,11,942,89,17,30,1,5,1,
22,12,510,295,116,28,1,5,1,
22,13,647,472,70,17,1,5,1,
22,14,158,32,102,38,1,5,1,
22,16,595,180,15,12,1,5,1,
22,17,652,467,26,18,1,5,1,
22,18,804,339,76,21,1,5,1,
22,19,583,425,31,9,1,5,1,
22,20,241,237,22,18,1,5,1,
22,22,896,131,45,24,1,5,1,
22,24,872,244,32,17,1,5,1,
22,26,482,10,240,62,1,5,1,
22,27,486,383,45,18,1,5,1,
22,28,160,275,148,34,1,5,1,
22,29,649,217,27,14,1,5,1,
22,30,802,388,25,22,1,5,1,
23,1,668,276,18,13,1,5,1,
23,2,100,243,21,15,1,5,1,
23,3,815,177,11,12,1,5,1,
23,4,847,450,17,19,1,5,1,
23,7,382,435,33,30,1,5,1,
23,9,189,103,51,26,1,5,1,
23,10,833,461,92,25,1,5,1,
23,11,941,92,18,29,1,5,1,
23,12,518,295,119,28,1,5,1,
23,13,658,471,66,17,1,5,1,
23,14,163,30,108,38,1,5,1,
23,16,597,180,14,12,1,5,1,
23,17,654,466,27,17,1,5,1,
23,18,810,339,77,21,1,5,1,
23,19,586,425,33,9,1,5,1,
23,20,242,237,22,17,1,5,1,
23,22,892,132,46,24,1,5,1,
23,24,872,245,36,17,1,5,1,
23,26,500,9,241,62,1,5,1,
23,27,489,384,47,18,1,5,1,
23,28,172,275,149,34,1,5,1,
23,29,652,217,27,14,1,5,1,
23,30,803,386,25,22,1,5,1,
24,1,668,276,22,13,1,5,1,
24,2,99,243,22,15,1,5,1,
24,3,814,178,11,12,1,5,1,
24,4,847,448,17,19,1,5,1,
24,7,380,437,28,31,1,5,1,
24,9,187,102,64,27,1,5,1,
24,10,845,460,88,25,1,5,1,
24,11,942,95,17,27,1,5,1,
24,12,527,295,121,28,1,5,1,
24,13,667,470,65,17,1,5,1,
24,14,168,29,114,38,1,5,1,
24,16,598,181,15,12,1,5,1,
24,17,656,465,28,17,1,5,1,
24,18,816,339,77,21,1,5,1,
24,19,591,424,32,10,1,5,1,
24,20,244,236,22,18,1,5,1,
24,22,889,133,45,25,1,5,1,
24,24,873,246,40,16,1,5,1,
24,26,517,7,243,63,1,5,1,
24,27,493,386,50,17,1,5,1,
24,28,183,275,152,35,1,5,1,
24,29,654,217,27,14,1,5,1,
24,30,804,385,25,21,1,5,1,
25,1,669,276,26,13,1,5,1,
25,2,98,242,22,16,1,5,1,
25,3,814,179,10,12,1,5,1,
25,4,847,446,18,19,1,5,1,
25,7,379,440,23,32,1,5,1,
25,9,186,102,77,26,1,5,1,
25,10,856,459,85,25,1,5,1,
25,11,941,97,18,27,1,5,1,
25,12,536,295,122,28,1,5,1,
25,13,675,470,64,17,1,5,1,
25,14,174,27,119,39,1,5,1,
25,16,600,182,14,12,1,5,1,
25,17,660,463,25,18,1,5,1,
25,18,823,339,76,20,1,5,1,
25,19,597,424,30,9,1,5,1,
25,20,243,236,25,18,1,5,1,
25,22,886,135,44,24,1,5,1,
25,24,876,246,41,16,1,5,1,
25,26,535,6,244,63,1,5,1,
25,27,497,387,52,17,1,5,1,
25,28,196,276,152,34,1,5,1,
25,29,656,218,27,13,1,5,1,
25,30,805,384,25,20,1,5,1,
26,1,671,276,27,13,1,5,1,
26,2,97,242,23,16,1,5,1,
26,3,813,180,10,11,1,5,1,
26,4,846,443,19,20,1,5,1,
26,7,379,443,18,32,1,5,1,
26,9,188,101,86,27,1,5,1,
26,10,866,459,82,24,1,5,1,
26,11,941,99,18,27,1,5,1,
26,12,545,295,123,28,1,5,1,
26,13,684,469,63,17,1,5,1,
26,14,181,26,123,38,1,5,1,
26,16,602,183,13,11,1,5,1,
26,17,663,462,24,18,1,5,1,
26,18,829,339,76,20,1,5,1,
26,19,603,423,27,9,1,5,1,
26,20,243,236,27,17,1,5,1,
26,22,883,136,44,24,1,5,1,
26,24,879,246,43,17,1,5,1,
26,26,553,4,245,64,1,5,1,
26,27,501,388,54,17,1,5,1,
26,28,208,276,153,34,1,5,1,
26,29,658,218,27,14,1,5,1,
26,30,806,382,25,21,1,5,1,
27,1,674,276,26,13,1,5,1,
27,2,97,242,23,16,1,5,1,
27,3,811,181,11,11,1,5,1,
27,4,843,440,23,21,1,5,1,
27,7,380,446,13,33,1,5,1,
27,9,193,100,90,27,1,5,1,
27,10,876,458,80,24,1,5,1,
27,11,940,101,19,27,1,5,1,
27,12,555,295,123,29,1,5,1,
27,13,693,469,61,16,1,5,1,
27,14,189,24,127,39,1,5,1,
27,16,603,183,14,12,1,5,1,
27,17,667,461,21,18,1,5,1,
27,18,836,339,74,20,1,5,1,
27,19,609,422,23,10,1,5,1,
27,20,244,235,28,18,1,5,1,
27,22,879,137,44,24,1,5,1,
27,24,883,247,43,16,1,5,1,
27,26,573,3,245,65,1,5,1,
27,27,505,389,58,17,1,5,1,
27,28,221,274,155,34,1,5,1,
27,29,661,218,26,14,1,5,1,
27,30,807,381,24,20,1,5,1,
28,1,677,276,25,13,1,5,1,
28,2,96,241,24,17,1,5,1,
28,3,810,182,11,11,1,5,1,
28,4,840,437,26,21,1,5,1,
28,7,379,449,14,33,1,5,1,
28,9,200,99,92,27,1,5,1,
28,10,885,457,74,25,1,5,1,
28,11,940,103,19,26,1,5,1,
28,12,564,295,124,29,1,5,1,
28,13,701,468,61,17,1,5,1,
28,14,196,23,131,39,1,5,1,
28,16,605,184,13,11,1,5,1,
28,17,670,460,20,18,1,5,1,
28,18,842,339,74,20,1,5,1,
28,19,614,421,20,10,1,5,1,
28,20,246,235,28,18,1,5,1,
28,22,876,139,44,22,1,5,1,
28,24,887,247,43,16,1,5,1,
28,26,590,2,247,65,1,5,1,
28,27,509,390,62,17,1,5,1,
28,28,234,273,156,34,1,5,1,
28,29,664,219,25,13,1,5,1,
28,30,808,380,24,20,1,5,1,
29,1,680,276,24,13,1,5,1,
29,2,96,241,24,16,1,5,1,
29,3,809,183,11,11,1,5,1,
29,4,838,435,26,20,1,5,1,
29,7,380,453,14,33,1,5,1,
29,9,207,98,94,28,1,5,1,
29,10,895,456,65,25,1,5,1,
29,11,939,105,20,26,1,5,1,
29,12,574,295,125,29,1,5,1,
29,13,709,467,60,17,1,5,1,
29,14,205,22,134,39,1,5,1,
29,16,607,185,12,11,1,5,1,
29,17,673,458,18,18,1,5,1,
29,18,848,339,73,20,1,5,1,
29,19,619,420,16,10,1,5,1,
29,20,247,234,30,19,1,5,1,
29,22,873,140,43,22,1,5,1,
29,24,891,247,44,16,1,5,1,
29,26,609,1,247,65,1,5,1,
29,27,515,391,63,16,1,5,1,
29,28,249,272,153,35,1,5,1,
29,29,666,219,25,13,1,5,1,
29,30,809,379,24,19,1,5,1,
30,1,683,276,23,13,1,5,1,
30,2,95,241,24,16,1,5,1,
30,3,808,183,11,11,1,5,1,
30,4,836,433,26,20,1,5,1,
30,7,379,456,16,33,1,5,1,
30,9,214,98,96,27,1,5,1,
30,10,904,455,56,24,1,5,1,
30,11,939,108,20,25,1,5,1,
30,12,584,295,125,29,1,5,1,
30,13,717,467,59,16,1,5,1,
30,14,214,21,136,39,1,5,1,
30,16,608,185,12,11,1,5,1,
30,17,676,457,16,18,1,5,1,
30,18,854,339,72,20,1,5,1,
30,19,623,419,13,11,1,5,1,
30,20,248,234,32,19,1,5,1,
30,22,870,141,43,22,1,5,1,
30,24,894,248,47,15,1,5,1,
30,26,628,0,247,66,1,5,1,
30,27,520,392,64,16,1,5,1,
30,28,263,272,152,35,1,5,1,
30,29,669,219,24,14,1,5,1,
30,30,810,377,23,20,1,5,1,
31,1,685,276,23,13,1,5,1,
31,2,95,240,24,17,1,5,1,
31,3,807,184,11,11,1,5,1,
31,4,834,431,26,20,1,5,1,
31,7,377,460,21,31,1,5,1,
31,9,221,97,99,27,1,5,1,
31,10,913,454,47,22,1,5,1,
31,11,938,110,21,25,1,5,1,
31,12,594,295,125,29,1,5,1,
31,13,725,466,57,16,1,5,1,
31,14,224,19,138,40,1,5,1,
31,16,610,186,11,11,1,5,1,
31,17,679,456,14,18,1,5,1,
31,18,861,338,71,21,1,5,1,
31,19,627,417,10,12,1,5,1,
31,20,250,234,34,18,1,5,1,
31,22,867,142,43,22,1,5,1,
31,24,898,248,48,16,1,5,1,
31,26,647,0,248,65,1,5,1,
31,27,526,393,65,16,1,5,1,
31,28,277,273,150,34,1,5,1,
31,29,671,220,23,13,1,5,1,
31,30,810,376,23,19,1,5,1,
32,1,688,276,22,12,1,5,1,
32,2,95,240,24,17,1,5,1,
32,3,806,185,11,11,1,5,1,
32,4,831,430,27,19,1,5,1,
32,7,376,463,27,31,1,5,1,
32,9,229,96,100,28,1,5,1,
32,10,917,456,43,19,1,5,1,
32,11,938,113,21,23,1,5,1,
32,12,603,295,126,29,1,5,1,
32,13,732,465,57,17,1,5,1,
32,14,234,18,139,40,1,5,1,
32,16,611,186,11,12,1,5,1,
32,17,681,454,13,18,1,5,1,
32,18,867,338,69,20,1,5,1,
32,19,629,416,8,11,1,5,1,
32,20,252,233,35,19,1,5,1,
32,22,864,144,42,21,1,5,1,
32,24,902,249,50,15,1,5,1,
32,26,666,0,248,65,1,5,1,
32,27,532,393,66,16,1,5,1,
32,28,291,273,149,33,1,5,1,
32,29,673,220,23,13,1,5,1,
32,30,808,375,23,19,1,5,1,
33,1,690,276,21,12,1,5,1,
33,2,94,239,25,18,1,5,1,
33,3,805,186,11,11,1,5,1,
33,4,828,428,28,18,1,5,1,
33,7,376,467,34,29,1,5,1,
33,9,237,95,101,28,1,5,1,
33,10,924,460,36,15,1,5,1,
33,11,938,115,21,23,1,5,1,
33,12,614,295,125,29,1,5,1,
33,13,741,464,54,17,1,5,1,
33,14,244,17,141,40,1,5,1,
33,16,612,187,10,11,1,5,1,
33,17,681,453,13,18,1,5,1,
33,18,873,338,67,20,1,5,1,
33,19,630,415,8,11,1,5,1,
33,20,254,233,37,19,1,5,1,
33,22,861,145,42,21,1,5,1,
33,24,906,249,51,15,1,5,1,
33,26,686,0,247,65,1,5,1,
33,27,539,394,66,16,1,5,1,
33,28,305,273,147,33,1,5,1,
33,29,676,220,21,13,1,5,1,
33,30,806,373,25,19,1,5,1,
34,1,693,276,20,12,1,5,1,
34,2,94,239,26,17,1,5,1,
34,3,803,187,12,10,1,5,1,
34,4,825,426,29,18,1,5,1,
34,7,376,470,42,28,1,5,1,
34,9,246,95,102,27,1,5,1,
34,11,938,117,20,23,1,5,1,
34,12,624,295,125,29,1,5,1,
34,13,749,463,52,17,1,5,1,
34,14,254,16,143,40,1,5,1,
34,16,614,188,9,11,1,5,1,
34,17,682,451,13,18,1,5,1,
34,18,880,338,64,20,1,5,1,
34,19,631,414,8,11,1,5,1,
34,20,256,232,39,20,1,5,1,
34,22,857,146,43,21,1,5,1,
34,24,911,250,49,15,1,5,1,
34,26,705,0,247,64,1,5,1,
34,27,545,395,67,16,1,5,1,
34,28,319,273,145,33,1,5,1,
34,29,678,220,21,13,1,5,1,
34,30,803,372,30,19,1,5,1,
35,1,695,276,19,12,1,5,1,
35,2,94,238,26,18,1,5,1,
35,3,802,188,11,10,1,5,1,
35,4,822,424,30,18,1,5,1,
35,7,378,474,48,25,1,5,1,
35,9,254,94,103,28,1,5,1,
35,11,937,119,20,22,1,5,1,
35,12,633,295,126,30,1,5,1,
35,13,756,462,51,16,1,5,1,
35,14,264,14,145,41,1,5,1,
35,16,614,188,11,12,1,5,1,
35,17,683,450,12,18,1,5,1,
35,18,888,338,55,19,1,5,1,
35,19,631,412,8,11,1,5,1,
35,20,258,232,41,20,1,5,1,
35,22,854,147,42,21,1,5,1,
35,24,915,250,45,15,1,5,1,
35,26,723,0,236,64,1,5,1,
35,27,551,395,68,16,1,5,1,
35,28,332,273,143,33,1,5,1,
35,29,680,221,20,13,1,5,1,
35,30,801,371,30,18,1,5,1,
36,1,697,276,19,12,1,5,1,
36,2,94,238,26,18,1,5,1,
36,3,801,188,11,11,1,5,1,
36,4,817,422,34,18,1,5,1,
36,7,381,477,53,23,1,5,1,
36,9,260,94,108,28,1,5,1,
36,11,937,121,19,22,1,5,1,
36,12,643,295,126,30,1,5,1,
36,13,761,462,55,16,1,5,1,
36,14,274,13,147,41,1,5,1,
36,16,614,189,13,12,1,5,1,
36,17,684,449,12,17,1,5,1,
36,18,897,337,44,20,1,5,1,
36,19,632,411,8,11,1,5,1,
36,20,260,232,43,19,1,5,1,
36,22,851,148,42,21,1,5,1,
36,24,920,251,40,14,1,5,1,
36,26,742,0,218,64,1,5,1,
36,27,558,396,68,16,1,5,1,
36,28,346,272,141,33,1,5,1,
36,29,681,221,21,13,1,5,1,
36,30,799,369,30,18,1,5,1,
37,1,699,276,18,12,1,5,1,
37,2,94,238,27,18,1,5,1,
37,3,799,189,12,10,1,5,1,
37,4,813,420,36,18,1,5,1,
37,7,386,479,55,23,1,5,1,
37,9,267,94,112,29,1,5,1,
37,11,936,123,19,21,1,5,1,
37,12,654,295,125,30,1,5,1,
37,13,766,463,60,16,1,5,1,
37,14,285,12,149,42,1,5,1,
37,16,613,190,17,12,1,5,1,
37,17,684,447,13,18,1,5,1,
37,18,906,337,34,19,1,5,1,
37,19,632,410,8,11,1,5,1,
37,20,263,231,45,20,1,5,1,
37,22,848,149,42,21,1,5,1,
37,24,926,252,34,14,1,5,1,
37,26,762,0,198,63,1,5,1,
37,27,564,396,69,16,1,5,1,
37,28,360,272,138,33,1,5,1,
37,29,683,221,21,13,1,5,1,
37,30,797,368,29,18,1,5,1,
38,1,701,276,18,12,1,5,1,
38,2,94,237,27,19,1,5,1,
38,3,798,190,12,10,1,5,1,
38,4,809,419,37,17,1,5,1,
38,7,391,481,57,23,1,5,1,
38,9,275,94,113,30,1,5,1,
38,11,935,124,19,22,1,5,1,
38,12,664,295,125,30,1,5,1,
38,13,775,461,55,16,1,5,1,
38,14,295,12,151,41,1,5,1,
38,16,614,192,18,11,1,5,1,
38,17,685,446,12,17,1,5,1,
38,18,914,336,26,19,1,5,1,
38,19,632,409,8,10,1,5,1,
38,20,263,231,53,20,1,5,1,
38,22,845,150,41,20,1,5,1,
38,24,932,252,28,14,1,5,1,
38,26,781,0,179,63,1,5,1,
38,27,571,397,69,16,1,5,1,
38,28,374,272,134,33,1,5,1,
38,29,685,221,20,13,1,5,1,
38,30,794,367,30,17,1,5,1,
39,1,703,275,17,12,1,5,1,
39,2,95,237,27,18,1,5,1,
39,3,797,191,11,10,1,5,1,
39,4,806,417,37,17,1,5,1,
39,7,397,483,58,23,1,5,1,
39,9,284,94,114,32,1,5,1,
39,11,936,127,19,20,1,5,1,
39,12,674,295,124,30,1,5,1,
39,13,785,459,48,17,1,5,1,
39,14,306,11,153,41,1,5,1,
39,16,615,193,20,10,1,5,1,
39,17,685,444,12,18,1,5,1,
39,18,913,335,26,19,1,5,1,
39,19,634,408,7,10,1,5,1,
39,20,265,230,57,21,1,5,1,
39,22,842,151,41,20,1,5,1,
39,24,937,252,23,14,1,5,1,
39,26,801,0,159,63,1,5,1,
39,27,578,397,69,16,1,5,1,
39,28,387,272,132,32,1,5,1,
39,29,686,222,21,12,1,5,1,
39,30,790,366,33,17,1,5,1,
40,1,705,275,16,12,1,5,1,
40,2,95,236,28,19,1,5,1,
40,3,796,192,10,9,1,5,1,
40,4,802,415,37,17,1,5,1,
40,7,403,485,59,23,1,5,1,
40,9,295,95,112,31,1,5,1,
40,11,938,129,20,19,1,5,1,
40,12,684,295,124,30,1,5,1,
40,13,795,457,40,17,1,5,1,
40,14,318,10,154,42,1,5,1,
40,16,616,194,21,10,1,5,1,
40,17,686,443,12,17,1,5,1,
40,18,913,335,25,18,1,5,1,
40,19,634,407,9,10,1,5,1,
40,20,269,230,58,21,1,5,1,
40,22,839,152,41,20,1,5,1,
40,24,942,252,18,7,1,5,1,
40,26,821,0,139,63,1,5,1,
40,27,585,397,69,17,1,5,1,
40,28,401,272,128,32,1,5,1,
40,29,689,222,18,12,1,5,1,
40,30,788,364,32,17,1,5,1,
41,1,707,275,15,12,1,5,1,
41,2,96,236,27,19,1,5,1,
41,3,796,192,9,9,1,5,1,
41,4,799,414,37,16,1,5,1,
41,7,409,487,60,22,1,5,1,
41,9,305,96,112,31,1,5,1,
41,11,938,131,21,18,1,5,1,
41,12,694,295,124,30,1,5,1,
41,13,801,456,38,16,1,5,1,
41,14,329,9,155,42,1,5,1,
41,16,617,196,24,8,1,5,1,
41,17,686,442,13,17,1,5,1,
41,18,911,334,26,18,1,5,1,
41,19,634,406,11,10,1,5,1,
41,20,273,230,60,21,1,5,1,
41,22,836,153,41,20,1,5,1,
41,24,947,252,13,5,1,5,1,
41,26,840,0,120,52,1,5,1,
41,27,591,398,70,16,1,5,1,
41,28,413,272,126,32,1,5,1,
41,29,690,222,19,13,1,5,1,
41,30,784,363,33,17,1,5,1,
42,1,709,275,15,12,1,5,1,
42,2,96,235,29,20,1,5,1,
42,3,796,193,10,8,1,5,1,
42,4,796,412,36,16,1,5,1,
42,7,415,489,62,22,1,5,1,
42,9,316,97,110,31,1,5,1,
42,11,939,132,20,18,1,5,1,
42,12,705,295,122,30,1,5,1,
42,13,809,453,30,18,1,5,1,
42,14,341,8,156,42,1,5,1,
42,16,619,196,26,8,1,5,1,
42,17,687,441,12,16,1,5,1,
42,18,910,333,27,18,1,5,1,
42,19,636,405,10,10,1,5,1,
42,20,277,229,62,21,1,5,1,
42,22,833,154,40,19,1,5,1,
42,26,860,0,100,39,1,5,1,
42,27,598,398,70,16,1,5,1,
42,28,426,272,123,31,1,5,1,
42,29,692,223,19,12,1,5,1,
42,30,780,362,35,16,1,5,1,
43,1,711,275,14,12,1,5,1,
43,2,97,235,29,20,1,5,1,
43,3,797,193,9,9,1,5,1,
43,4,792,411,37,16,1,5,1,
43,7,421,491,63,22,1,5,1,
43,9,326,98,110,31,1,5,1,
43,11,942,133,17,18,1,5,1,
43,12,714,295,123,30,1,5,1,
43,13,817,451,21,19,1,5,1,
43,14,352,8,158,42,1,5,1,
43,16,622,196,26,8,1,5,1,
43,17,688,440,12,16,1,5,1,
43,18,908,332,29,18,1,5,1,
43,19,639,404,7,10,1,5,1,
43,20,281,229,64,21,1,5,1,
43,22,830,155,41,19,1,5,1,
43,25,777,0,20,6,1,5,1,
43,26,878,1,82,28,1,5,1,
43,27,606,398,69,16,1,5,1,
43,28,437,272,122,31,1,5,1,
43,29,694,223,18,12,1,5,1,
43,30,776,361,37,16,1,5,1,
44,1,712,275,14,12,1,5,1,
44,2,98,234,29,20,1,5,1,
44,3,797,194,9,8,1,5,1,
44,4,788,409,37,16,1,5,1,
44,7,428,493,64,22,1,5,1,
44,9,336,98,109,32,1,5,1,
44,11,944,134,15,18,1,5,1,
44,12,725,295,121,30,1,5,1,
44,13,820,448,19,20,1,5,1,
44,14,364,7,159,42,1,5,1,
44,16,626,196,24,8,1,5,1,
44,17,688,438,12,17,1,5,1,
44,18,906,331,29,18,1,5,1,
44,19,639,403,8,10,1,5,1,
44,20,285,229,66,21,1,5,1,
44,22,827,156,40,19,1,5,1,
44,25,781,0,21,7,1,5,1,
44,27,613,398,68,16,1,5,1,
44,28,450,272,118,31,1,5,1,
44,29,696,223,17,13,1,5,1,
44,30,772,360,38,16,1,5,1,
45,1,714,275,13,12,1,5,1,
45,2,99,234,29,20,1,5,1,
45,3,797,194,9,9,1,5,1,
45,4,785,408,37,15,1,5,1,
45,7,434,494,66,23,1,5,1,
45,9,346,99,108,31,1,5,1,
45,11,946,135,13,18,1,5,1,
45,12,735,295,121,30,1,5,1,
45,13,820,446,20,21,1,5,1,
45,14,375,6,161,43,1,5,1,
45,16,630,195,21,9,1,5,1,
45,17,688,437,12,16,1,5,1,
45,18,905,331,29,17,1,5,1,
45,19,639,402,8,10,1,5,1,
45,20,290,228,67,22,1,5,1,
45,22,824,157,40,19,1,5,1,
45,25,785,0,21,9,1,5,1,
45,27,621,398,67,16,1,5,1,
45,28,461,272,117,30,1,5,1,
45,29,698,224,16,12,1,5,1,
45,30,768,359,39,15,1,5,1,
46,1,715,275,13,12,1,5,1,
46,2,100,233,30,21,1,5,1,
46,3,797,195,9,8,1,5,1,
46,4,782,406,36,16,1,5,1,
46,7,441,496,67,23,1,5,1,
46,9,357,100,105,31,1,5,1,
46,11,948,136,12,18,1,5,1,
46,12,745,295,120,30,1,5,1,
46,13,821,444,19,20,1,5,1,
46,14,387,5,161,43,1,5,1,
46,16,633,195,18,10,1,5,1,
46,17,688,436,12,16,1,5,1,
46,18,903,330,29,17,1,5,1,
46,19,639,401,8,9,1,5,1,
46,20,295,228,69,22,1,5,1,
46,25,787,0,23,10,1,5,1,
46,27,628,398,66,16,1,5,1,
46,28,473,272,114,30,1,5,1,
46,29,700,224,15,12,1,5,1,
46,30,765,358,39,15,1,5,1,
47,1,716,275,13,12,1,5,1,
47,2,101,233,30,21,1,5,1,
47,3,797,195,9,9,1,5,1,
47,4,778,405,36,15,1,5,1,
47,7,448,498,68,23,1,5,1,
47,9,366,101,105,31,1,5,1,
47,11,949,137,11,18,1,5,1,
47,12,754,295,120,30,1,5,1,
47,13,823,442,19,20,1,5,1,
47,14,399,5,163,43,1,5,1,
47,16,637,195,14,10,1,5,1,
47,17,688,434,12,16,1,5,1,
47,18,902,329,28,17,1,5,1,
47,19,640,400,7,9,1,5,1,
47,20,299,227,72,22,1,5,1,
47,25,790,0,25,11,1,5,1,
47,27,634,398,67,16,1,5,1,
47,28,484,272,112,30,1,5,1,
47,29,702,224,14,12,1,5,1,
47,30,762,357,38,15,1,5,1,
48,1,717,275,13,12,1,5,1,
48,2,103,232,30,21,1,5,1,
48,3,797,196,9,8,1,5,1,
48,4,775,404,36,14,1,5,1,
48,7,455,500,70,23,1,5,1,
48,9,376,102,104,31,1,5,1,
48,11,950,138,10,18,1,5,1,
48,12,764,295,119,30,1,5,1,
48,13,825,441,18,19,1,5,1,
48,14,411,4,164,44,1,5,1,
48,16,640,195,11,10,1,5,1,
48,17,688,433,12,16,1,5,1,
48,18,900,329,28,16,1,5,1,
48,19,641,399,8,9,1,5,1,
48,20,304,227,74,22,1,5,1,
48,25,792,0,27,13,1,5,1,
48,27,641,398,67,16,1,5,1,
48,28,495,272,109,29,1,5,1,
48,29,704,225,13,12,1,5,1,
48,30,758,356,38,15,1,5,1,
49,1,718,275,13,11,1,5,1,
49,2,104,231,31,22,1,5,1,
49,3,797,196,9,9,1,5,1,
49,4,772,402,35,15,1,5,1,
49,7,462,502,71,22,1,5,1,
49,9,386,103,102,31,1,5,1,
49,11,951,139,9,18,1,5,1,
49,12,775,295,117,30,1,5,1,
49,13,825,439,18,19,1,5,1,
49,14,424,4,164,43,1,5,1,
49,16,643,196,8,10,1,5,1,
49,17,689,432,11,16,1,5,1,
49,18,898,328,28,16,1,5,1,
49,19,642,398,7,9,1,5,1,
49,20,310,227,75,22,1,5,1,
49,25,794,0,29,14,1,5,1,
49,27,649,398,65,16,1,5,1,
49,28,507,272,106,29,1,5,1,
49,29,705,225,13,12,1,5,1,
49,30,755,355,38,14,1,5,1,
50,1,719,275,13,11,1,5,1,
50,2,106,231,31,22,1,5,1,
50,3,797,197,9,8,1,5,1,
50,4,768,401,35,14,1,5,1,
50,7,472,504,70,22,1,5,1,
50,9,399,104,97,31,1,5,1,
50,11,952,140,8,18,1,5,1,
50,12,788,295,113,29,1,5,1,
50,13,826,437,18,18,1,5,1,
50,14,440,3,160,44,1,5,1,
50,16,643,196,8,10,1,5,1,
50,17,688,431,13,15,1,5,1,
50,18,897,327,27,17,1,5,1,
50,19,642,397,7,9,1,5,1,
50,20,316,226,76,23,1,5,1,
50,25,797,0,30,15,1,5,1,
50,27,658,398,62,16,1,5,1,
50,28,521,271,100,30,1,5,1,
50,29,706,225,13,12,1,5,1,
50,30,751,354,38,14,1,5,1,
51,1,720,275,12,11,1,5,1,
51,2,108,230,31,22,1,5,1,
51,3,796,197,9,9,1,5,1,
51,4,765,400,35,13,1,5,1,
51,7,478,506,73,22,1,5,1,
51,9,407,105,97,31,1,5,1,
51,12,796,295,114,29,1,5,1,
51,13,826,435,18,18,1,5,1,
51,14,450,3,163,44,1,5,1,
51,16,643,196,8,11,1,5,1,
51,17,688,430,13,15,1,5,1,
51,18,895,327,28,16,1,5,1,
51,19,642,396,7,9,1,5,1,
51,20,322,226,75,23,1,5,1,
51,25,800,0,30,17,1,5,1,
51,27,664,398,62,16,1,5,1,
51,28,530,271,99,29,1,5,1,
51,29,706,225,13,12,1,5,1,
51,30,748,353,37,14,1,5,1,
52,1,720,275,13,11,1,5,1,
52,2,106,230,38,22,1,5,1,
52,3,796,198,9,8,1,5,1,
52,4,762,398,34,14,1,5,1,
52,7,487,507,73,22,1,5,1,
52,9,416,107,98,29,1,5,1,
52,12,806,295,113,29,1,5,1,
52,13,828,433,17,17,1,5,1,
52,14,464,2,162,45,1,5,1,
52,17,688,428,13,16,1,5,1,
52,18,895,326,23,16,1,5,1,
52,19,640,395,10,9,1,5,1,
52,20,328,225,73,23,1,5,1,
52,25,803,0,31,18,1,5,1,
52,27,670,397,63,16,1,5,1,
52,28,540,272,98,28,1,5,1,
52,29,707,226,13,11,1,5,1,
52,30,747,351,33,15,1,5,1,
53,1,721,275,12,11,1,5,1,
53,2,107,229,40,23,1,5,1,
53,3,796,198,9,9,1,5,1,
53,4,760,397,33,14,1,5,1,
53,7,493,509,76,22,1,5,1,
53,9,423,108,102,27,1,5,1,
53,12,813,295,114,29,1,5,1,
53,13,830,432,17,17,1,5,1,
53,14,473,2,167,44,1,5,1,
53,17,687,427,14,16,1,5,1,
53,18,895,325,23,16,1,5,1,
53,19,641,394,8,9,1,5,1,
53,20,333,225,73,24,1,5,1,
53,25,806,0,32,20,1,5,1,
53,27,677,397,60,16,1,5,1,
53,28,546,272,100,28,1,5,1,
53,30,747,350,29,15,1,5,1,
54,1,721,275,13,11,1,5,1,
54,2,110,229,42,23,1,5,1,
54,3,796,199,8,8,1,5,1,
54,4,757,396,33,14,1,5,1,
54,7,500,510,78,23,1,5,1,
54,9,431,108,103,27,1,5,1,
54,12,821,295,115,29,1,5,1,
54,13,832,430,17,17,1,5,1,
54,14,484,2,169,44,1,5,1,
54,18,897,324,23,16,1,5,1,
54,19,641,393,7,9,1,5,1,
54,20,337,225,74,25,1,5,1,
54,25,809,1,32,20,1,5,1,
54,27,684,396,56,16,1,5,1,
54,28,554,272,100,28,1,5,1,
54,30,747,350,25,14,1,5,1,
55,1,722,275,12,11,1,5,1,
55,2,112,228,45,23,1,5,1,
55,3,795,200,9,7,1,5,1,
55,4,755,395,31,13,1,5,1,
55,7,508,512,79,22,1,5,1,
55,9,441,108,102,27,1,5,1,
55,12,831,295,113,29,1,5,1,
55,13,834,429,17,16,1,5,1,
55,14,497,1,169,45,1,5,1,
55,18,900,324,22,16,1,5,1,
55,19,642,392,7,9,1,5,1,
55,20,341,225,77,24,1,5,1,
55,25,813,3,32,19,1,5,1,
55,27,693,396,49,15,1,5,1,
55,28,564,272,98,28,1,5,1,
55,30,745,349,25,14,1,5,1,
56,1,722,275,12,11,1,5,1,
56,2,115,228,47,23,1,5,1,
56,3,795,200,8,8,1,5,1,
56,4,752,394,31,13,1,5,1,
56,7,515,513,81,23,1,5,1,
56,8,827,0,21,6,1,5,1,
56,9,449,108,102,28,1,5,1,
56,12,839,295,113,29,1,5,1,
56,13,835,427,17,17,1,5,1,
56,14,508,1,170,45,1,5,1,
56,18,901,324,22,15,1,5,1,
56,19,642,392,8,8,1,5,1,
56,20,344,225,82,24,1,5,1,
56,25,817,4,30,20,1,5,1,
56,27,700,395,45,15,1,5,1,
56,28,573,272,97,28,1,5,1,
56,30,743,348,25,14,1,5,1,
57,1,722,275,12,11,1,5,1,
57,2,118,227,50,24,1,5,1,
57,3,794,201,9,7,1,5,1,
57,4,750,393,30,13,1,5,1,
57,7,524,515,82,22,1,5,1,
57,8,830,0,22,7,1,5,1,
57,9,458,109,101,27,1,5,1,
57,12,849,295,110,29,1,5,1,
57,13,837,426,16,16,1,5,1,
57,14,522,1,169,45,1,5,1,
57,18,902,323,23,16,1,5,1,
57,19,643,391,7,8,1,5,1,
57,20,349,224,85,25,1,5,1,
57,25,821,6,29,21,1,5,1,
57,27,707,394,42,15,1,5,1,
57,28,583,272,94,27,1,5,1,
57,30,740,347,27,14,1,5,1,
58,1,722,275,12,11,1,5,1,
58,2,122,227,52,24,1,5,1,
58,3,794,201,8,8,1,5,1,
58,4,747,392,31,13,1,5,1,
58,7,533,516,82,22,1,5,1,
58,8,833,0,24,8,1,5,1,
58,9,468,110,99,27,1,5,1,
58,12,858,295,102,29,1,5,1,
58,13,838,424,17,17,1,5,1,
58,14,535,1,169,45,1,5,1,
58,18,904,323,22,15,1,5,1,
58,20,354,223,88,26,1,5,1,
58,25,824,8,28,21,1,5,1,
58,27,712,393,40,15,1,5,1,
58,28,592,272,92,27,1,5,1,
58,30,737,346,28,14,1,5,1,
59,1,722,275,12,11,1,5,1,
59,2,126,226,54,24,1,5,1,
59,3,793,202,9,7,1,5,1,
59,4,744,391,30,12,1,5,1,
59,7,544,518,81,22,1,5,1,
59,8,837,0,22,10,1,5,1,
59,9,479,110,94,28,1,5,1,
59,12,870,295,90,29,1,5,1,
59,13,841,423,16,15,1,5,1,
59,14,551,0,162,47,1,5,1,
59,18,905,322,22,16,1,5,1,
59,20,361,223,91,25,1,5,1,
59,25,827,11,27,20,1,5,1,
59,27,717,392,40,16,1,5,1,
59,28,605,272,85,27,1,5,1,
59,30,735,346,28,13,1,5,1,
60,1,722,275,12,10,1,5,1,
60,2,129,225,58,25,1,5,1,
60,3,793,202,8,8,1,5,1,
60,4,741,390,31,12,1,5,1,
60,7,551,519,84,22,1,5,1,
60,8,839,0,21,11,1,5,1,
60,9,488,110,90,30,1,5,1,
60,12,878,295,82,28,1,5,1,
60,13,841,423,21,13,1,5,1,
60,14,563,1,161,47,1,5,1,
60,18,906,322,22,15,1,5,1,
60,20,366,222,95,26,1,5,1,
60,25,829,13,26,21,1,5,1,
60,27,721,392,40,15,1,5,1,
60,28,614,271,79,27,1,5,1,
60,30,733,345,28,13,1,5,1,
61,1,722,275,12,10,1,5,1,
61,2,133,225,61,25,1,5,1,
61,3,792,203,9,7,1,5,1,
61,4,738,389,31,12,1,5,1,
61,7,560,521,85,21,1,5,1,
61,8,840,0,21,14,1,5,1,
61,9,497,110,85,32,1,5,1,
61,12,886,295,74,28,1,5,1,
61,13,843,421,19,14,1,5,1,
61,14,574,3,164,45,1,5,1,
61,18,907,322,22,15,1,5,1,
61,20,372,222,98,25,1,5,1,
61,25,832,16,25,20,1,5,1,
61,27,725,391,39,15,1,5,1,
61,28,624,271,73,26,1,5,1,
61,30,729,344,30,13,1,5,1,
62,1,722,275,12,10,1,5,1,
62,2,137,224,65,26,1,5,1,
62,3,792,203,8,8,1,5,1,
62,4,735,388,31,12,1,5,1,
62,7,569,522,85,21,1,5,1,
62,8,842,0,18,16,1,5,1,
62,9,506,111,79,33,1,5,1,
62,12,895,295,65,28,1,5,1,
62,13,847,420,17,14,1,5,1,
62,14,586,3,164,46,1,5,1,
62,18,908,321,22,15,1,5,1,
62,20,379,221,101,26,1,5,1,
62,25,835,18,23,19,1,5,1,
62,27,729,390,38,15,1,5,1,
62,28,632,271,70,26,1,5,1,
62,30,727,343,30,13,1,5,1,
63,1,722,275,12,10,1,5,1,
63,2,142,224,67,26,1,5,1,
63,3,791,204,8,7,1,5,1,
63,4,732,387,31,12,1,5,1,
63,7,578,523,86,20,1,5,1,
63,8,844,0,16,19,1,5,1,
63,9,513,112,77,34,1,5,1,
63,11,953,157,7,13,1,5,1,
63,12,903,296,57,27,1,5,1,
63,13,849,419,16,14,1,5,1,
63,14,599,4,162,45,1,5,1,
63,18,909,321,21,15,1,5,1,
63,20,385,220,105,27,1,5,1,
63,25,837,20,22,19,1,5,1,
63,27,734,389,36,15,1,5,1,
63,28,640,271,66,26,1,5,1,
63,30,724,343,31,12,1,5,1,
64,1,722,275,12,10,1,5,1,
64,2,147,223,71,26,1,5,1,
64,3,791,204,8,7,1,5,1,
64,4,729,386,31,11,1,5,1,
64,7,588,525,86,18,1,5,1,
64,8,845,0,17,22,1,5,1,
64,9,521,115,74,32,1,5,1,
64,11,952,157,7,14,1,5,1,
64,12,913,297,47,26,1,5,1,
64,13,851,417,16,14,1,5,1,
64,14,612,5,162,45,1,5,1,
64,18,910,321,21,14,1,5,1,
64,20,394,220,105,26,1,5,1,
64,25,840,22,21,19,1,5,1,
64,27,738,388,35,15,1,5,1,
64,28,647,271,64,25,1,5,1,
64,30,721,342,32,12,1,5,1,
65,1,722,275,11,10,1,5,1,
65,2,152,223,74,26,1,5,1,
65,4,726,385,31,11,1,5,1,
65,7,597,526,87,17,1,5,1,
65,8,847,2,16,22,1,5,1,
65,9,528,117,73,32,1,5,1,
65,11,952,158,7,14,1,5,1,
65,12,922,301,38,17,1,5,1,
65,13,851,415,16,15,1,5,1,
65,14,624,5,163,45,1,5,1,
65,18,911,320,21,15,1,5,1,
65,20,402,220,106,26,1,5,1,
65,25,842,24,20,19,1,5,1,
65,27,743,387,33,15,1,5,1,
65,28,654,271,62,25,1,5,1,
65,30,718,341,32,13,1,5,1,
66,2,157,222,78,27,1,5,1,
66,4,724,384,31,11,1,5,1,
66,7,606,527,88,16,1,5,1,
66,8,848,5,16,21,1,5,1,
66,9,534,119,72,31,1,5,1,
66,11,951,159,9,14,1,5,1,
66,13,851,413,16,16,1,5,1,
66,14,637,6,163,44,1,5,1,
66,18,911,320,22,15,1,5,1,
66,20,410,219,108,27,1,5,1,
66,25,844,26,20,19,1,5,1,
66,27,747,386,31,15,1,5,1,
66,28,660,271,61,25,1,5,1,
66,30,718,341,29,12,1,5,1,
67,2,162,222,83,27,1,5,1,
67,4,722,383,30,11,1,5,1,
67,7,614,527,90,16,1,5,1,
67,8,850,6,15,22,1,5,1,
67,9,540,120,71,31,1,5,1,
67,11,950,160,9,14,1,5,1,
67,13,853,413,16,14,1,5,1,
67,14,647,6,165,45,1,5,1,
67,18,912,320,21,14,1,5,1,
67,20,416,219,112,27,1,5,1,
67,25,846,27,19,19,1,5,1,
67,27,750,386,31,14,1,5,1,
67,28,665,271,60,24,1,5,1,
67,30,719,340,24,12,1,5,1,
68,2,168,221,86,27,1,5,1,
68,4,720,382,29,11,1,5,1,
68,7,624,528,90,15,1,5,1,
68,8,851,9,15,21,1,5,1,
68,9,546,122,69,30,1,5,1,
68,11,950,161,9,13,1,5,1,
68,13,855,412,16,14,1,5,1,
68,14,659,7,165,44,1,5,1,
68,18,913,319,21,15,1,5,1,
68,20,424,218,115,28,1,5,1,
68,25,848,29,19,19,1,5,1,
68,27,753,385,31,14,1,5,1,
68,28,671,270,58,25,1,5,1,
68,30,719,339,19,12,1,5,1,
69,2,174,221,90,27,1,5,1,
69,4,718,381,28,11,1,5,1,
69,7,633,529,91,14,1,5,1,
69,8,852,11,15,21,1,5,1,
69,9,552,123,67,31,1,5,1,
69,11,949,160,10,15,1,5,1,
69,13,855,410,16,15,1,5,1,
69,14,670,7,166,44,1,5,1,
69,18,913,319,21,14,1,5,1,
69,20,432,218,117,27,1,5,1,
69,25,849,31,19,19,1,5,1,
69,27,756,384,30,15,1,5,1,
69,28,677,270,56,25,1,5,1,
69,30,719,339,15,11,1,5,1,
70,2,181,220,94,28,1,5,1,
70,4,716,380,27,11,1,5,1,
70,7,643,529,91,14,1,5,1,
70,8,854,13,14,21,1,5,1,
70,9,559,125,64,30,1,5,1,
70,11,948,161,11,15,1,5,1,
70,13,854,408,16,16,1,5,1,
70,14,683,7,164,45,1,5,1,
70,18,914,319,21,14,1,5,1,
70,20,440,218,119,27,1,5,1,
70,25,851,33,18,19,1,5,1,
70,27,760,383,28,15,1,5,1,
70,28,683,270,54,24,1,5,1,
70,30,719,338,12,12,1,5,1,
71,2,188,220,99,28,1,5,1,
71,4,715,380,25,10,1,5,1,
71,7,653,530,91,13,1,5,1,
71,8,855,15,14,21,1,5,1,
71,9,565,127,62,29,1,5,1,
71,11,947,162,12,15,1,5,1,
71,13,856,408,16,14,1,5,1,
71,14,694,8,174,43,1,5,1,
71,18,914,318,21,14,1,5,1,
71,20,449,217,121,28,1,5,1,
71,25,853,35,17,18,1,5,1,
71,27,763,382,27,15,1,5,1,
71,28,688,270,53,24,1,5,1,
71,30,721,338,11,11,1,5,1,
72,2,195,219,104,29,1,5,1,
72,4,713,379,24,10,1,5,1,
72,7,663,531,91,12,1,5,1,
72,8,856,17,13,21,1,5,1,
72,9,571,128,60,29,1,5,1,
72,11,946,163,13,15,1,5,1,
72,13,858,407,15,13,1,5,1,
72,14,705,7,184,42,1,5,1,
72,18,915,318,20,14,1,5,1,
72,20,458,217,123,28,1,5,1,
72,25,855,36,16,19,1,5,1,
72,27,766,382,27,14,1,5,1,
72,28,694,270,50,24,1,5,1,
72,30,723,337,11,11,1,5,1,
73,2,202,219,109,29,1,5,1,
73,4,712,378,23,10,1,5,1,
73,7,673,531,91,12,1,5,1,
73,8,857,19,13,21,1,5,1,
73,9,577,129,57,29,1,5,1,
73,11,945,164,14,15,1,5,1,
73,13,859,406,15,13,1,5,1,
73,14,715,4,196,42,1,5,1,
73,18,915,318,20,14,1,5,1,
73,20,467,217,125,28,1,5,1,
73,25,856,38,16,19,1,5,1,
73,27,769,381,26,14,1,5,1,
73,28,700,270,48,24,1,5,1,
73,30,723,336,12,11,1,5,1,
74,2,211,219,112,29,1,5,1,
74,4,710,378,22,10,1,5,1,
74,7,683,531,90,12,1,5,1,
74,8,858,21,12,20,1,5,1,
74,9,584,130,53,29,1,5,1,
74,11,944,165,14,14,1,5,1,
74,13,860,405,15,13,1,5,1,
74,14,728,2,199,43,1,5,1,
74,18,916,317,20,14,1,5,1,
74,20,477,216,126,29,1,5,1,
74,25,858,40,15,18,1,5,1,
74,27,773,380,24,14,1,5,1,
74,28,705,270,46,23,1,5,1,
74,30,724,336,13,11,1,5,1,
75,2,221,218,114,30,1,5,1,
75,4,709,377,21,10,1,5,1,
75,7,693,532,90,11,1,5,1,
75,8,859,23,12,20,1,5,1,
75,9,589,131,51,29,1,5,1,
75,11,943,166,15,14,1,5,1,
75,13,861,403,14,14,1,5,1,
75,14,742,0,202,43,1,5,1,
75,18,916,317,20,14,1,5,1,
75,20,486,216,128,28,1,5,1,
75,25,859,42,15,18,1,5,1,
75,27,776,379,23,14,1,5,1,
75,28,710,270,44,23,1,5,1,
75,30,724,335,15,11,1,5,1,
76,2,230,218,118,30,1,5,1,
76,4,707,376,21,10,1,5,1,
76,7,703,532,90,11,1,5,1,
76,8,859,25,12,20,1,5,1,
76,9,593,134,55,27,1,5,1,
76,11,941,167,15,14,1,5,1,
76,13,861,402,15,13,1,5,1,
76,14,756,0,203,41,1,5,1,
76,18,916,317,20,13,1,5,1,
76,20,496,215,129,28,1,5,1,
76,25,860,44,15,18,1,5,1,
76,27,779,378,21,14,1,5,1,
76,28,714,270,45,23,1,5,1,
76,30,724,335,16,10,1,5,1,
77,2,240,217,120,30,1,5,1,
77,4,705,375,21,10,1,5,1,
77,7,713,532,90,11,1,5,1,
77,8,860,27,11,20,1,5,1,
77,9,595,136,61,25,1,5,1,
77,11,940,168,15,14,1,5,1,
77,13,862,401,14,13,1,5,1,
77,14,769,0,191,40,1,5,1,
77,18,916,317,20,13,1,5,1,
77,20,506,215,130,28,1,5,1,
77,25,861,45,15,18,1,5,1,
77,27,781,377,21,14,1,5,1,
77,28,718,271,46,22,1,5,1,
77,30,725,334,16,11,1,5,1,
78,2,251,217,122,30,1,5,1,
78,4,703,374,21,10,1,5,1,
78,7,724,533,88,10,1,5,1,
78,8,860,29,12,20,1,5,1,
78,9,598,139,67,22,1,5,1,
78,11,939,169,15,14,1,5,1,
78,13,862,400,14,13,1,5,1,
78,14,785,0,175,38,1,5,1,
78,18,916,316,20,14,1,5,1,
78,20,517,215,130,28,1,5,1,
78,25,863,47,13,18,1,5,1,
78,27,784,377,20,13,1,5,1,
78,28,721,271,48,22,1,5,1,
78,30,726,334,16,10,1,5,1,
79,2,261,217,125,29,1,5,1,
79,7,733,533,89,10,1,5,1,
79,8,860,31,12,20,1,5,1,
79,9,602,140,72,21,1,5,1,
79,11,937,170,16,13,1,5,1,
79,13,862,399,15,13,1,5,1,
79,14,798,0,162,36,1,5,1,
79,18,917,316,19,13,1,5,1,
79,20,527,215,131,28,1,5,1,
79,25,864,49,13,18,1,5,1,
79,27,787,376,18,13,1,5,1,
79,28,724,271,50,22,1,5,1,
79,30,727,333,17,11,1,5,1,
80,2,272,216,126,30,1,5,1,
80,7,743,533,88,10,1,5,1,
80,8,861,33,11,20,1,5,1,
80,9,606,140,77,21,1,5,1,
80,11,936,171,16,13,1,5,1,
80,13,863,398,14,13,1,5,1,
80,14,812,0,148,35,1,5,1,
80,18,917,316,19,13,1,5,1,
80,20,537,214,133,29,1,5,1,
80,25,865,51,12,17,1,5,1,
80,27,789,375,18,14,1,5,1,
80,28,727,271,52,22,1,5,1,
80,30,729,333,16,10,1,5,1,
81,2,283,216,128,30,1,5,1,
81,7,752,533,89,10,1,5,1,
81,8,861,35,11,19,1,5,1,
81,9,610,140,82,20,1,5,1,
81,11,935,172,16,13,1,5,1,
81,13,863,397,14,12,1,5,1,
81,14,826,-1,134,34,1,5,1,
81,18,917,315,19,13,1,5,1,
81,20,547,214,134,29,1,5,1,
81,25,865,52,13,18,1,5,1,
81,27,791,374,17,14,1,5,1,
81,28,731,271,53,22,1,5,1,
81,30,731,333,15,10,1,5,1,
82,2,295,215,128,31,1,5,1,
82,7,762,533,88,10,1,5,1,
82,8,861,37,11,19,1,5,1,
82,9,616,139,86,21,1,5,1,
82,11,933,173,16,13,1,5,1,
82,13,863,395,14,13,1,5,1,
82,14,841,-3,119,26,1,5,1,
82,18,917,315,19,13,1,5,1,
82,20,557,214,135,29,1,5,1,
82,25,866,54,12,18,1,5,1,
82,27,793,373,17,14,1,5,1,
82,28,735,272,55,21,1,5,1,
82,30,733,332,14,11,1,5,1,
83,2,306,215,131,30,1,5,1,
83,7,772,533,88,10,1,5,1,
83,8,861,39,11,19,1,5,1,
83,9,623,139,88,20,1,5,1,
83,11,932,173,16,13,1,5,1,
83,13,863,394,14,13,1,5,1,
83,14,856,-5,104,27,1,5,1,
83,18,917,315,18,13,1,5,1,
83,20,567,214,136,29,1,5,1,
83,25,867,56,12,17,1,5,1,
83,27,795,372,16,14,1,5,1,
83,28,739,272,56,21,1,5,1,
83,30,734,332,14,10,1,5,1,
84,2,318,214,132,31,1,5,1,
84,7,782,533,87,10,1,5,1,
84,8,860,41,11,19,1,5,1,
84,9,630,138,88,21,1,5,1,
84,11,930,174,17,13,1,5,1,
84,13,863,393,14,13,1,5,1,
84,14,871,-7,89,22,1,5,1,
84,18,916,314,19,13,1,5,1,
84,20,578,214,137,29,1,5,1,
84,25,867,57,12,18,1,5,1,
84,27,797,372,15,13,1,5,1,
84,28,744,272,55,21,1,5,1,
84,30,736,331,13,11,1,5,1,
85,2,329,214,135,31,1,5,1,
85,7,791,532,88,11,1,5,1,
85,8,860,43,11,19,1,5,1,
85,9,637,139,88,21,1,5,1,
85,11,929,175,16,13,1,5,1,
85,13,863,392,13,13,1,5,1,
85,14,887,-9,73,22,1,5,1,
85,18,916,314,19,13,1,5,1,
85,20,589,213,137,30,1,5,1,
85,25,867,59,12,17,1,5,1,
85,27,799,371,15,13,1,5,1,
85,28,750,272,52,20,1,5,1,
85,30,738,331,12,10,1,5,1,
86,2,341,214,137,31,1,5,1,
86,7,801,532,87,12,1,5,1,
86,8,860,45,11,18,1,5,1,
86,9,645,140,87,21,1,5,1,
86,11,927,176,16,13,1,5,1,
86,13,863,391,13,12,1,5,1,
86,18,916,314,19,13,1,5,1,
86,20,600,213,137,30,1,5,1,
86,25,868,61,11,17,1,5,1,
86,27,800,370,15,13,1,5,1,
86,28,756,271,50,21,1,5,1,
86,30,738,331,13,10,1,5,1,
87,2,352,213,140,32,1,5,1,
87,7,810,532,87,12,1,5,1,
87,8,860,46,11,19,1,5,1,
87,9,652,141,87,21,1,5,1,
87,11,925,177,17,12,1,5,1,
87,13,863,390,13,12,1,5,1,
87,18,916,314,18,12,1,5,1,
87,20,610,213,138,30,1,5,1,
87,24,953,258,6,9,1,5,1,
87,25,868,62,11,17,1,5,1,
87,27,801,369,15,13,1,5,1,
87,28,761,271,48,21,1,5,1,
87,30,738,330,17,10,1,5,1,
88,2,365,213,142,32,1,5,1,
88,7,820,532,85,11,1,5,1,
88,8,860,48,10,19,1,5,1,
88,9,659,142,86,21,1,5,1,
88,11,924,178,17,12,1,5,1,
88,13,862,389,13,12,1,5,1,
88,18,916,313,18,13,1,5,1,
88,20,622,213,138,29,1,5,1,
88,24,952,258,7,9,1,5,1,
88,25,868,64,11,17,1,5,1,
88,27,802,368,15,13,1,5,1,
88,28,767,271,44,20,1,5,1,
88,30,738,330,20,10,1,5,1,
89,2,378,212,143,32,1,5,1,
89,7,830,531,84,12,1,5,1,
89,8,859,50,11,18,1,5,1,
89,9,666,143,84,21,1,5,1,
89,11,922,178,17,13,1,5,1,
89,13,862,388,13,12,1,5,1,
89,18,915,313,18,12,1,5,1,
89,20,633,213,138,29,1,5,1,
89,24,950,258,9,9,1,5,1,
89,25,868,66,11,16,1,5,1,
89,27,803,368,15,13,1,5,1,
89,28,772,271,41,20,1,5,1,
89,30,738,330,24,10,1,5,1,
90,2,391,212,145,32,1,5,1,
90,7,840,531,82,12,1,5,1,
90,8,859,52,10,18,1,5,1,
90,9,673,144,84,20,1,5,1,
90,11,920,179,17,12,1,5,1,
90,13,861,387,13,12,1,5,1,
90,18,915,313,18,12,1,5,1,
90,20,644,213,138,29,1,5,1,
90,24,948,258,11,10,1,5,1,
90,25,868,67,11,17,1,5,1,
90,27,804,367,15,13,1,5,1,
90,28,777,271,39,20,1,5,1,
90,30,739,330,27,10,1,5,1,
91,2,404,212,147,32,1,5,1,
91,7,849,530,82,13,1,5,1,
91,8,858,54,10,18,1,5,1,
91,9,680,145,83,19,1,5,1,
91,11,918,180,18,12,1,5,1,
91,13,861,386,13,12,1,5,1,
91,18,915,313,17,12,1,5,1,
91,20,655,213,138,29,1,5,1,
91,24,946,259,13,9,1,5,1,
91,25,868,69,11,16,1,5,1,
91,27,805,366,14,13,1,5,1,
91,28,781,271,37,20,1,5,1,
91,30,742,330,26,9,1,5,1,
92,2,417,211,149,33,1,5,1,
92,7,859,530,80,13,1,5,1,
92,8,858,56,10,17,1,5,1,
92,9,687,145,82,19,1,5,1,
92,11,916,181,18,12,1,5,1,
92,13,860,385,13,12,1,5,1,
92,18,914,312,18,12,1,5,1,
92,20,667,213,137,29,1,5,1,
92,24,944,259,15,9,1,5,1,
92,25,868,71,10,16,1,5,1,
92,27,805,365,15,13,1,5,1,
92,28,785,271,36,20,1,5,1,
92,30,745,330,25,9,1,5,1,
93,2,430,211,151,33,1,5,1,
93,7,868,529,79,14,1,5,1,
93,8,857,57,10,18,1,5,1,
93,9,693,145,82,20,1,5,1,
93,11,914,182,18,11,1,5,1,
93,13,860,384,12,12,1,5,1,
93,18,914,312,17,12,1,5,1,
93,20,678,213,137,29,1,5,1,
93,21,0,444,46,82,1,5,1,
93,24,942,259,17,9,1,5,1,
93,25,867,72,11,16,1,5,1,
93,27,806,365,14,12,1,5,1,
93,28,790,271,33,20,1,5,1,
93,30,748,330,23,9,1,5,1,
94,2,445,211,152,33,1,5,1,
94,7,878,529,77,14,1,5,1,
94,8,856,59,10,18,1,5,1,
94,9,701,145,80,20,1,5,1,
94,11,912,182,18,12,1,5,1,
94,13,859,383,13,11,1,5,1,
94,18,913,312,17,12,1,5,1,
94,20,690,213,135,29,1,5,1,
94,21,0,440,53,95,1,5,1,
94,24,939,259,20,9,1,5,1,
94,25,867,74,11,16,1,5,1,
94,27,807,364,14,12,1,5,1,
94,28,794,271,31,19,1,5,1,
94,30,751,329,22,9,1,5,1,
95,2,459,210,153,34,1,5,1,
95,7,887,528,72,15,1,5,1,
95,8,856,61,10,17,1,5,1,
95,9,708,145,79,20,1,5,1,
95,11,910,183,18,12,1,5,1,
95,13,858,382,13,11,1,5,1,
95,18,913,312,17,11,1,5,1,
95,20,702,213,134,29,1,5,1,
95,21,0,446,62,97,1,5,1,
95,24,937,259,21,9,1,5,1,
95,25,867,75,10,16,1,5,1,
95,27,807,363,14,12,1,5,1,
95,28,798,271,29,19,1,5,1,
95,30,754,329,21,9,1,5,1,
96,2,474,210,154,34,1,5,1,
96,7,896,528,64,15,1,5,1,
96,8,855,63,10,17,1,5,1,
96,9,715,145,78,20,1,5,1,
96,11,908,184,18,11,1,5,1,
96,13,858,381,13,11,1,5,1,
96,18,912,311,17,12,1,5,1,
96,20,713,213,134,29,1,5,1,
96,21,0,447,71,96,1,5,1,
96,24,935,260,21,8,1,5,1,
96,25,867,77,10,16,1,5,1,
96,27,808,362,14,13,1,5,1,
96,28,802,271,27,19,1,5,1,
96,30,756,329,20,9,1,5,1,
97,2,489,210,155,33,1,5,1,
97,7,906,527,54,16,1,5,1,
97,8,854,65,10,16,1,5,1,
97,9,723,145,75,20,1,5,1,
97,11,906,185,18,11,1,5,1,
97,13,857,380,13,11,1,5,1,
97,18,912,311,16,12,1,5,1,
97,20,726,213,131,29,1,5,1,
97,21,0,453,81,90,1,5,1,
97,24,932,260,22,8,1,5,1,
97,25,866,79,10,15,1,5,1,
97,27,808,362,14,12,1,5,1,
97,28,806,271,25,19,1,5,1,
97,30,759,328,19,9,1,5,1,
98,2,504,209,156,34,1,5,1,
98,7,915,526,45,17,1,5,1,
98,8,853,66,10,17,1,5,1,
98,9,730,145,74,21,1,5,1,
98,11,904,185,18,12,1,5,1,
98,13,856,379,14,11,1,5,1,
98,18,911,311,17,11,1,5,1,
98,20,737,213,131,29,1,5,1,
98,21,0,459,93,84,1,5,1,
98,24,930,260,22,8,1,5,1,
98,25,866,80,10,15,1,5,1,
98,27,808,361,14,12,1,5,1,
98,28,809,272,24,18,1,5,1,
98,30,762,328,15,9,1,5,1,
99,2,518,209,158,34,1,5,1,
99,7,923,525,37,18,1,5,1,
99,8,852,68,10,16,1,5,1,
99,9,736,146,73,20,1,5,1,
99,11,902,186,19,11,1,5,1,
99,13,855,378,14,11,1,5,1,
99,18,911,311,16,11,1,5,1,
99,20,748,213,130,29,1,5,1,
99,21,0,464,105,80,1,5,1,
99,24,928,260,22,9,1,5,1,
99,25,865,81,10,16,1,5,1,
99,27,809,360,13,12,1,5,1,
99,28,812,272,22,18,1,5,1,
99,30,765,328,13,9,1,5,1,
100,2,532,209,161,34,1,5,1,
100,7,931,530,29,12,1,5,1,
100,8,852,70,9,16,1,5,1,
100,9,743,146,71,20,1,5,1,
100,11,900,187,19,11,1,5,1,
100,13,855,377,13,11,1,5,1,
100,18,910,310,16,12,1,5,1,
100,20,759,213,129,29,1,5,1,
100,21,0,468,119,76,1,5,1,
100,24,925,260,23,9,1,5,1,
100,25,865,83,10,15,1,5,1,
100,27,809,359,14,12,1,5,1,
100,28,815,272,21,18,1,5,1,
100,30,767,327,12,9,1,5,1,
101,2,547,208,162,35,1,5,1,
101,8,851,71,10,16,1,5,1,
101,9,749,146,70,21,1,5,1,
101,11,897,188,20,11,1,5,1,
101,13,854,377,13,10,1,5,1,
101,18,909,310,16,12,1,5,1,
101,20,769,213,129,29,1,5,1,
101,21,0,476,134,68,1,5,1,
101,24,922,260,24,9,1,5,1,
101,25,864,84,10,15,1,5,1,
101,27,809,359,14,11,1,5,1,
101,28,817,272,21,18,1,5,1,
101,30,768,327,12,9,1,5,1,
102,2,561,208,165,35,1,5,1,
102,8,850,73,10,16,1,5,1,
102,9,755,146,69,21,1,5,1,
102,11,895,188,20,11,1,5,1,
102,13,853,376,13,10,1,5,1,
102,18,909,310,15,11,1,5,1,
102,20,780,213,128,29,1,5,1,
102,21,0,478,151,66,1,5,1,
102,24,918,260,26,9,1,5,1,
102,25,863,86,10,15,1,5,1,
102,27,809,358,14,12,1,5,1,
102,28,819,272,20,17,1,5,1,
102,30,770,327,11,8,1,5,1,
103,2,576,208,166,35,1,5,1,
103,8,849,74,10,16,1,5,1,
103,9,761,147,68,20,1,5,1,
103,11,893,189,20,11,1,5,1,
103,13,853,375,13,10,1,5,1,
103,18,908,310,15,11,1,5,1,
103,20,790,213,128,29,1,5,1,
103,21,0,473,169,71,1,5,1,
103,24,915,261,27,8,1,5,1,
103,25,863,87,10,15,1,5,1,
103,27,809,357,14,12,1,5,1,
103,28,820,272,20,17,1,5,1,
103,30,771,326,11,9,1,5,1,
104,2,592,208,167,34,1,5,1,
104,5,952,187,7,10,1,5,1,
104,8,847,76,11,16,1,5,1,
104,9,767,147,66,21,1,5,1,
104,11,890,190,21,10,1,5,1,
104,13,852,374,13,10,1,5,1,
104,18,907,309,15,12,1,5,1,
104,20,802,213,126,29,1,5,1,
104,21,3,476,189,68,1,5,1,
104,24,911,261,29,8,1,5,1,
104,25,862,89,10,14,1,5,1,
104,27,809,357,14,11,1,5,1,
104,28,821,272,20,17,1,5,1,
104,30,772,326,11,9,1,5,1,
105,2,608,207,168,35,1,5,1,
105,5,950,187,9,11,1,5,1,
105,8,846,78,11,15,1,5,1,
105,9,774,148,64,20,1,5,1,
105,11,888,190,21,11,1,5,1,
105,13,851,373,13,10,1,5,1,
105,18,906,309,16,11,1,5,1,
105,20,813,213,124,29,1,5,1,
105,21,13,484,209,60,1,5,1,
105,24,908,261,30,8,1,5,1,
105,25,861,90,10,15,1,5,1,
105,27,809,356,13,11,1,5,1,
105,28,823,272,19,17,1,5,1,
105,30,773,326,11,8,1,5,1,
106,2,624,207,169,35,1,5,1,
106,5,948,188,11,11,1,5,1,
106,8,845,79,11,16,1,5,1,
106,9,780,148,62,20,1,5,1,
106,11,886,191,20,10,1,5,1,
106,13,850,372,13,10,1,5,1,
106,18,905,309,16,11,1,5,1,
106,20,824,213,123,29,1,5,1,
106,24,904,261,32,8,1,5,1,
106,25,860,92,10,14,1,5,1,
106,27,809,355,13,12,1,5,1,
106,28,824,272,19,17,1,5,1,
107,2,638,207,172,35,1,5,1,
107,5,944,187,15,13,1,5,1,
107,8,844,81,11,15,1,5,1,
107,9,785,148,61,21,1,5,1,
107,11,883,192,21,10,1,5,1,
107,13,849,372,14,9,1,5,1,
107,18,905,309,15,11,1,5,1,
107,20,833,213,123,29,1,5,1,
107,24,899,261,35,8,1,5,1,
107,25,860,93,10,14,1,5,1,
107,27,809,355,13,11,1,5,1,
107,28,825,272,19,17,1,5,1,
108,2,653,207,173,35,1,5,1,
108,5,941,187,18,13,1,5,1,
108,8,843,82,11,15,1,5,1,
108,9,790,149,60,20,1,5,1,
108,11,881,192,21,10,1,5,1,
108,13,848,371,14,10,1,5,1,
108,18,904,309,16,11,1,5,1,
108,20,843,213,117,30,1,5,1,
108,24,895,261,36,8,1,5,1,
108,25,859,94,10,14,1,5,1,
108,27,809,354,13,11,1,5,1,
108,28,825,272,20,17,1,5,1,
109,2,668,206,175,36,1,5,1,
109,5,938,187,21,14,1,5,1,
109,8,841,84,12,15,1,5,1,
109,9,795,149,59,21,1,5,1,
109,10,952,357,7,10,1,5,1,
109,11,878,193,22,10,1,5,1,
109,13,847,370,14,10,1,5,1,
109,18,903,309,16,10,1,5,1,
109,20,853,213,107,30,1,5,1,
109,24,891,261,38,8,1,5,1,
109,25,858,95,10,15,1,5,1,
109,27,809,353,12,11,1,5,1,
109,28,826,272,19,16,1,5,1,
110,2,686,206,174,36,1,5,1,
110,5,935,188,24,13,1,5,1,
110,8,840,85,12,15,1,5,1,
110,9,801,150,57,20,1,5,1,
110,10,951,357,8,9,1,5,1,
110,11,875,194,23,9,1,5,1,
110,13,846,369,14,10,1,5,1,
110,18,902,308,16,11,1,5,1,
110,20,864,214,96,29,1,5,1,
110,24,887,261,38,7,1,5,1,
110,25,857,97,10,14,1,5,1,
110,27,808,353,13,11,1,5,1,
110,28,827,272,18,16,1,5,1,
111,2,703,206,173,36,1,5,1,
111,5,932,188,27,14,1,5,1,
111,8,840,87,10,14,1,5,1,
111,9,807,150,54,21,1,5,1,
111,10,949,356,10,10,1,5,1,
111,11,873,194,23,10,1,5,1,
111,13,845,368,14,10,1,5,1,
111,18,901,308,16,11,1,5,1,
111,20,875,214,85,29,1,5,1,
111,24,883,261,38,7,1,5,1,
111,25,856,98,10,14,1,5,1,
111,27,808,352,13,11,1,5,1,
111,28,827,272,19,16,1,5,1,
112,2,720,206,173,36,1,5,1,
112,5,929,189,30,13,1,5,1,
112,8,839,89,9,13,1,5,1,
112,9,812,151,53,20,1,5,1,
112,10,947,355,12,11,1,5,1,
112,11,870,195,23,9,1,5,1,
112,13,844,368,14,9,1,5,1,
112,18,900,308,16,10,1,5,1,
112,20,886,214,74,29,1,5,1,
112,24,880,260,37,8,1,5,1,
112,25,856,100,9,13,1,5,1,
112,27,808,351,12,11,1,5,1,
112,28,827,272,19,16,1,5,1,
113,2,737,206,173,35,1,5,1,
113,5,926,189,33,13,1,5,1,
113,8,840,90,9,12,1,5,1,
113,9,817,151,51,21,1,5,1,
113,10,945,354,14,12,1,5,1,
113,11,868,195,23,10,1,5,1,
113,13,843,367,14,9,1,5,1,
113,18,899,307,16,11,1,5,1,
113,20,896,215,64,28,1,5,1,
113,24,877,260,35,8,1,5,1,
113,25,856,101,9,13,1,5,1,
113,27,807,351,13,11,1,5,1,
113,28,828,272,18,16,1,5,1,
114,2,753,205,173,36,1,5,1,
114,8,840,91,9,12,1,5,1,
114,9,822,152,49,20,1,5,1,
114,10,944,354,15,11,1,5,1,
114,11,866,196,22,9,1,5,1,
114,13,842,366,14,9,1,5,1,
114,18,898,307,16,10,1,5,1,
114,20,906,216,54,26,1,5,1,
114,24,874,260,33,8,1,5,1,
114,25,856,102,8,13,1,5,1,
114,27,807,350,13,11,1,5,1,
114,28,828,272,18,16,1,5,1,
115,2,768,205,175,36,1,5,1,
115,8,841,92,9,12,1,5,1,
115,9,826,152,48,21,1,5,1,
115,10,942,353,17,12,1,5,1,
115,13,841,365,14,10,1,5,1,
115,20,915,217,45,21,1,5,1,
115,24,871,260,32,7,1,5,1,
115,25,855,103,9,13,1,5,1,
115,27,806,350,13,10,1,5,1,
115,28,828,272,19,16,1,5,1,
116,2,781,205,178,36,1,5,1,
116,8,841,93,10,12,1,5,1,
116,9,830,153,47,20,1,5,1,
116,10,940,352,19,12,1,5,1,
116,13,840,365,14,9,1,5,1,
116,20,922,219,38,15,1,5,1,
116,25,855,104,8,13,1,5,1,
116,27,806,349,13,11,1,5,1,
116,28,828,272,18,16,1,5,1,
117,2,794,205,166,36,1,5,1,
117,8,842,94,9,12,1,5,1,
117,9,833,153,47,21,1,5,1,
117,10,939,352,20,11,1,5,1,
117,13,838,364,15,9,1,5,1,
117,25,854,105,9,13,1,5,1,
117,27,805,348,14,11,1,5,1,
117,28,828,272,18,15,1,5,1,
118,2,807,205,153,36,1,5,1,
118,8,842,94,9,13,1,5,1,
118,9,836,154,46,20,1,5,1,
118,10,937,351,22,12,1,5,1,
118,13,837,363,15,10,1,5,1,
118,25,853,106,9,13,1,5,1,
118,27,804,348,14,10,1,5,1,
118,28,827,272,19,15,1,5,1,
119,2,820,205,140,36,1,5,1,
119,8,843,95,9,13,1,5,1,
119,9,840,155,45,20,1,5,1,
119,10,935,350,24,12,1,5,1,
119,13,836,362,15,10,1,5,1,
119,25,853,107,8,13,1,5,1,
119,27,804,347,14,11,1,5,1,
119,28,827,272,19,15,1,5,1,
120,2,844,205,116,36,1,5,1,
120,8,843,97,9,12,1,5,1,
120,9,846,155,41,21,1,5,1,
120,10,933,350,23,11,1,5,1,
120,13,834,362,16,9,1,5,1,
120,25,852,109,9,12,1,5,1,
120,27,803,347,14,10,1,5,1,
120,28,826,272,20,15,1,5,1,
121,2,857,206,103,35,1,5,1,
121,8,843,97,9,13,1,5,1,
121,9,849,156,40,20,1,5,1,
121,10,932,349,23,12,1,5,1,
121,13,833,361,16,9,1,5,1,
121,25,851,109,9,13,1,5,1,
121,27,802,346,15,10,1,5,1,
121,28,826,272,19,15,1,5,1,
122,2,874,207,86,30,1,5,1,
122,8,843,98,9,13,1,5,1,
122,9,852,157,39,20,1,5,1,
122,10,930,349,23,11,1,5,1,
122,13,832,360,15,10,1,5,1,
122,25,850,110,9,13,1,5,1,
122,27,802,345,14,11,1,5,1,
122,28,825,273,20,14,1,5,1,
123,2,889,210,71,25,1,5,1,
123,8,844,99,9,13,1,5,1,
123,9,855,157,38,20,1,5,1,
123,10,928,348,24,11,1,5,1,
123,13,830,360,16,9,1,5,1,
123,25,849,111,10,13,1,5,1,
123,27,801,345,15,10,1,5,1,
123,28,824,273,21,14,1,5,1,
124,8,844,100,9,13,1,5,1,
124,9,859,158,36,20,1,5,1,
124,10,926,347,24,11,1,5,1,
124,13,829,359,16,9,1,5,1,
124,25,848,112,10,13,1,5,1,
124,27,801,345,14,9,1,5,1,
124,28,824,273,20,14,1,5,1,
125,9,861,158,36,20,1,5,1,
125,10,925,347,23,11,1,5,1,
125,13,828,358,16,10,1,5,1,
125,25,847,113,11,13,1,5,1,
125,27,801,344,12,10,1,5,1,
125,28,823,273,21,13,1,5,1,
126,9,864,159,35,20,1,5,1,
126,10,923,346,24,11,1,5,1,
126,13,826,358,17,9,1,5,1,
126,25,846,114,11,13,1,5,1,
126,27,800,343,12,11,1,5,1,
126,28,822,273,22,13,1,5,1,
127,9,867,160,33,20,1,5,1,
127,10,921,346,24,10,1,5,1,
127,13,825,357,16,9,1,5,1,
127,27,800,343,12,10,1,5,1,
127,28,821,273,22,13,1,5,1,
128,9,869,160,33,20,1,5,1,
128,10,919,345,25,11,1,5,1,
128,13,823,356,17,10,1,5,1,
128,27,799,342,12,10,1,5,1,
128,28,820,273,23,13,1,5,1,
129,9,872,161,32,20,1,5,1,
129,10,918,344,24,11,1,5,1,
129,27,799,342,12,10,1,5,1,
129,28,818,273,24,13,1,5,1,
130,9,874,161,35,20,1,5,1,
130,10,916,344,25,11,1,5,1,
130,27,798,341,13,11,1,5,1,
130,28,818,273,24,13,1,5,1,
131,9,875,162,40,19,1,5,1,
131,10,914,343,26,12,1,5,1,
131,27,797,341,14,10,1,5,1,
131,28,817,273,24,13,1,5,1,
132,9,876,163,43,18,1,5,1,
132,10,912,343,26,11,1,5,1,
132,28,816,272,24,13,1,5,1,
133,9,877,164,44,18,1,5,1,
133,10,910,342,27,12,1,5,1,
133,28,816,272,23,13,1,5,1,
134,9,877,164,47,18,1,5,1,
134,10,908,342,28,11,1,5,1,
134,28,816,272,21,13,1,5,1,
135,9,879,165,47,18,1,5,1,
135,10,907,341,27,12,1,5,1,
135,28,817,272,18,13,1,5,1,
136,9,881,166,47,17,1,5,1,
136,10,905,341,28,11,1,5,1,
136,28,818,272,17,12,1,5,1,
137,9,883,166,47,18,1,5,1,
137,10,903,340,28,12,1,5,1,
137,28,820,271,18,13,1,5,1,
138,9,886,167,46,17,1,5,1,
138,10,901,340,28,11,1,5,1,
138,28,822,271,18,13,1,5,1,
139,9,889,167,45,18,1,5,1,
139,10,899,339,29,12,1,5,1,
139,28,823,271,19,13,1,5,1,
140,9,892,167,44,18,1,5,1,
140,28,822,271,21,13,1,5,1,
141,9,895,168,43,17,1,5,1,
141,28,822,271,23,13,1,5,1,
142,9,897,168,42,18,1,5,1,
142,28,822,271,24,13,1,5,1,
143,9,900,169,41,17,1,5,1,
143,28,822,271,26,13,1,5,1,
144,9,903,169,40,18,1,5,1,
144,28,822,271,27,13,1,5,1,
145,9,905,170,39,17,1,5,1,
145,28,822,271,28,13,1,5,1,
146,9,908,170,38,18,1,5,1,
146,28,823,271,28,13,1,5,1,
147,9,910,171,37,18,1,5,1,
147,28,824,271,29,12,1,5,1,
148,9,913,171,36,18,1,5,1,
148,28,826,271,28,12,1,5,1,
149,9,915,172,35,18,1,5,1,
149,28,827,271,28,12,1,5,1,
150,9,918,172,33,18,1,5,1,
150,28,829,271,27,12,1,5,1,
