1,1,170,205,16,12,1,5,1,
1,2,715,119,85,30,1,5,1,
1,3,619,36,78,38,1,5,1,
1,4,445,86,36,21,1,5,1,
1,5,338,0,50,15,1,5,1,
1,6,216,73,45,25,1,5,1,
1,7,617,486,105,57,1,5,1,
1,8,483,119,21,24,1,5,1,
1,9,900,458,58,14,1,5,1,
1,10,32,451,87,44,1,5,1,
1,11,866,52,67,55,1,5,1,
1,12,640,172,72,23,1,5,1,
1,13,460,105,19,22,1,5,1,
1,14,343,494,43,37,1,5,1,
1,15,657,491,73,52,1,5,1,
1,16,317,53,22,27,1,5,1,
1,17,897,479,63,22,1,5,1,
1,18,914,350,46,14,1,5,1,
1,19,378,173,34,40,1,5,1,
1,20,459,3,52,36,1,5,1,
1,21,673,34,30,44,1,5,1,
1,22,477,321,25,21,1,5,1,
1,23,88,18,72,17,1,5,1,
1,24,154,247,74,20,1,5,1,
1,25,877,-1,51,8,1,5,1,
1,26,0,0,67,24,1,5,1,
1,27,168,214,85,21,1,5,1,
1,28,229,487,29,45,1,5,1,
2,1,172,205,16,12,1,5,1,
2,2,717,117,97,30,1,5,1,
2,3,615,36,74,42,1,5,1,
2,4,444,84,34,22,1,5,1,
2,5,336,0,44,18,1,5,1,
2,6,221,75,47,26,1,5,1,
2,7,616,480,92,60,1,5,1,
2,8,484,116,22,26,1,5,1,
2,9,908,459,51,14,1,5,1,
2,10,32,447,97,46,1,5,1,
2,11,865,45,70,59,1,5,1,
2,12,646,170,74,23,1,5,1,
2,13,461,103,19,23,1,5,1,
2,14,339,496,41,41,1,5,1,
2,15,659,494,78,49,1,5,1,
2,16,318,51,22,27,1,5,1,
2,17,909,480,51,21,1,5,1,
2,18,922,350,38,13,1,5,1,
2,19,381,177,32,36,1,5,1,
2,20,456,-1,48,39,1,5,1,
2,21,672,38,25,42,1,5,1,
2,22,476,321,32,20,1,5,1,
2,23,81,15,75,21,1,5,1,
2,24,158,247,76,20,1,5,1,
2,25,884,0,48,7,1,5,1,
2,26,0,0,78,28,1,5,1,
2,27,174,214,87,21,1,5,1,
2,28,222,490,35,45,1,5,1,
3,1,174,204,15,13,1,5,1,
3,2,721,114,107,31,1,5,1,
3,3,613,37,67,44,1,5,1,
3,4,444,82,31,23,1,5,1,
3,5,334,0,39,22,1,5,1,
3,6,227,78,47,26,1,5,1,
3,7,616,475,78,60,1,5,1,
3,8,483,114,25,27,1,5,1,
3,9,916,460,44,13,1,5,1,
3,10,35,444,104,46,1,5,1,
3,11,867,36,73,66,1,5,1,
3,12,652,168,80,24,1,5,1,
3,13,462,101,21,23,1,5,1,
3,14,336,498,37,45,1,5,1,
3,15,662,497,82,47,1,5,1,
3,16,320,49,21,27,1,5,1,
3,17,922,483,38,19,1,5,1,
3,18,931,351,29,12,1,5,1,
3,19,385,179,31,34,1,5,1,
3,20,458,-10,38,45,1,5,1,
3,21,671,42,20,41,1,5,1,
3,22,476,320,39,20,1,5,1,
3,23,74,12,76,24,1,5,1,
3,24,162,247,79,20,1,5,1,
3,25,893,0,43,7,1,5,1,
3,26,7,0,82,31,1,5,1,
3,27,182,214,87,21,1,5,1,
3,28,218,493,34,47,1,5,1,
4,1,175,204,15,12,1,5,1,
4,2,726,112,117,30,1,5,1,
4,3,611,38,60,47,1,5,1,
4,4,444,79,27,24,1,5,1,
4,5,333,0,35,27,1,5,1,
4,6,234,81,47,25,1,5,1,
4,7,618,470,62,60,1,5,1,
4,8,482,111,31,28,1,5,1,
4,9,925,460,35,13,1,5,1,
4,10,40,441,109,46,1,5,1,
4,11,871,27,76,73,1,5,1,
4,12,659,166,86,24,1,5,1,
4,13,461,99,24,22,1,5,1,
4,14,335,500,31,43,1,5,1,
4,15,666,501,86,43,1,5,1,
4,16,321,48,21,27,1,5,1,
4,17,936,487,24,13,1,5,1,
4,18,941,352,19,10,1,5,1,
4,19,384,182,36,31,1,5,1,
4,20,459,-18,29,49,1,5,1,
4,21,671,46,19,39,1,5,1,
4,22,477,320,45,19,1,5,1,
4,23,67,8,77,27,1,5,1,
4,24,167,247,81,20,1,5,1,
4,25,910,0,28,8,1,5,1,
4,26,12,0,88,33,1,5,1,
4,27,190,214,88,21,1,5,1,
4,28,217,497,28,46,1,5,1,
5,1,174,204,19,12,1,5,1,
5,2,732,109,126,31,1,5,1,
5,3,610,40,52,48,1,5,1,
5,4,444,77,24,25,1,5,1,
5,5,332,0,31,32,1,5,1,
5,6,240,84,48,25,1,5,1,
5,7,618,465,50,59,1,5,1,
5,8,480,109,40,28,1,5,1,
5,9,933,460,27,13,1,5,1,
5,10,45,438,114,45,1,5,1,
5,11,862,17,97,80,1,5,1,
5,12,667,164,91,25,1,5,1,
5,13,461,97,31,22,1,5,1,
5,14,334,504,25,40,1,5,1,
5,15,671,506,90,38,1,5,1,
5,16,323,46,21,27,1,5,1,
5,19,382,184,47,30,1,5,1,
5,20,459,-27,21,54,1,5,1,
5,21,671,49,19,38,1,5,1,
5,22,479,319,50,19,1,5,1,
5,23,61,4,77,30,1,5,1,
5,24,173,247,82,20,1,5,1,
5,25,916,0,24,8,1,5,1,
5,26,15,0,95,35,1,5,1,
5,27,197,214,89,21,1,5,1,
5,28,218,501,21,42,1,5,1,
6,1,174,203,21,13,1,5,1,
6,2,740,107,132,31,1,5,1,
6,3,610,43,44,47,1,5,1,
6,4,446,75,19,25,1,5,1,
6,5,333,0,25,38,1,5,1,
6,6,247,87,47,24,1,5,1,
6,7,618,461,40,57,1,5,1,
6,8,480,107,48,27,1,5,1,
6,9,941,460,19,12,1,5,1,
6,10,51,435,117,45,1,5,1,
6,11,856,5,104,88,1,5,1,
6,12,675,162,97,25,1,5,1,
6,13,461,95,38,21,1,5,1,
6,14,334,508,19,36,1,5,1,
6,15,677,511,94,33,1,5,1,
6,16,325,44,21,28,1,5,1,
6,19,380,185,57,29,1,5,1,
6,20,462,-37,12,59,1,5,1,
6,21,672,52,19,37,1,5,1,
6,22,483,319,51,19,1,5,1,
6,23,55,0,77,33,1,5,1,
6,24,178,247,84,20,1,5,1,
6,25,921,0,20,9,1,5,1,
6,26,11,0,108,36,1,5,1,
6,27,205,214,89,21,1,5,1,
6,28,218,505,21,39,1,5,1,
7,1,176,203,22,13,1,5,1,
7,2,749,106,137,30,1,5,1,
7,3,611,46,36,47,1,5,1,
7,4,446,73,17,26,1,5,1,
7,5,332,0,22,43,1,5,1,
7,6,253,90,48,23,1,5,1,
7,7,619,457,31,55,1,5,1,
7,8,480,105,56,27,1,5,1,
7,9,947,461,13,10,1,5,1,
7,10,58,433,119,43,1,5,1,
7,11,852,-7,108,96,1,5,1,
7,12,683,160,104,25,1,5,1,
7,13,461,94,46,20,1,5,1,
7,14,334,513,14,31,1,5,1,
7,15,684,515,96,29,1,5,1,
7,16,323,43,26,27,1,5,1,
7,19,380,186,67,28,1,5,1,
7,21,673,55,19,36,1,5,1,
7,22,489,319,49,18,1,5,1,
7,23,51,-3,74,34,1,5,1,
7,24,183,247,85,20,1,5,1,
7,25,924,0,16,11,1,5,1,
7,26,22,0,105,37,1,5,1,
7,27,211,214,92,21,1,5,1,
7,28,219,509,20,35,1,5,1,
8,1,178,202,22,13,1,5,1,
8,2,759,104,140,30,1,5,1,
8,3,611,49,29,46,1,5,1,
8,4,447,70,16,27,1,5,1,
8,5,331,0,20,49,1,5,1,
8,6,259,94,48,20,1,5,1,
8,7,621,454,29,52,1,5,1,
8,8,481,104,63,25,1,5,1,
8,9,952,461,8,10,1,5,1,
8,10,66,431,120,41,1,5,1,
8,11,849,-23,111,106,1,5,1,
8,12,692,158,110,26,1,5,1,
8,13,462,93,53,19,1,5,1,
8,14,334,518,9,26,1,5,1,
8,15,692,520,96,24,1,5,1,
8,16,321,42,34,25,1,5,1,
8,19,382,187,74,28,1,5,1,
8,21,674,58,19,34,1,5,1,
8,22,494,318,47,18,1,5,1,
8,23,51,-8,68,37,1,5,1,
8,24,189,247,86,20,1,5,1,
8,25,925,0,15,12,1,5,1,
8,26,35,5,100,34,1,5,1,
8,27,219,214,92,21,1,5,1,
8,28,218,513,23,31,1,5,1,
9,1,181,202,22,13,1,5,1,
9,2,771,104,140,28,1,5,1,
9,3,610,53,23,44,1,5,1,
9,4,448,68,16,27,1,5,1,
9,5,331,0,18,54,1,5,1,
9,6,265,97,48,18,1,5,1,
9,7,625,451,28,48,1,5,1,
9,8,482,102,71,24,1,5,1,
9,10,75,429,119,39,1,5,1,
9,11,850,-39,110,115,1,5,1,
9,12,703,157,115,25,1,5,1,
9,13,464,91,60,20,1,5,1,
9,14,333,524,6,20,1,5,1,
9,15,701,526,95,18,1,5,1,
9,16,320,42,42,22,1,5,1,
9,19,385,188,81,27,1,5,1,
9,21,676,61,18,33,1,5,1,
9,22,500,318,45,18,1,5,1,
9,23,47,-12,65,38,1,5,1,
9,24,195,247,87,20,1,5,1,
9,25,925,0,16,15,1,5,1,
9,26,49,11,93,29,1,5,1,
9,27,227,215,92,20,1,5,1,
9,28,215,518,28,26,1,5,1,
10,1,183,202,22,13,1,5,1,
10,2,784,102,137,29,1,5,1,
10,3,610,56,20,43,1,5,1,
10,4,449,65,17,28,1,5,1,
10,5,332,0,17,60,1,5,1,
10,6,271,100,48,17,1,5,1,
10,7,629,449,27,44,1,5,1,
10,8,484,101,77,22,1,5,1,
10,10,84,427,117,37,1,5,1,
10,11,853,-56,107,125,1,5,1,
10,12,714,155,120,26,1,5,1,
10,13,466,90,66,20,1,5,1,
10,15,710,531,92,13,1,5,1,
10,16,319,42,50,21,1,5,1,
10,19,389,189,87,27,1,5,1,
10,21,678,64,17,31,1,5,1,
10,22,505,317,43,18,1,5,1,
10,23,43,-16,62,39,1,5,1,
10,24,201,247,88,20,1,5,1,
10,25,924,0,16,18,1,5,1,
10,26,62,15,86,25,1,5,1,
10,27,236,215,91,20,1,5,1,
10,28,213,522,34,22,1,5,1,
11,1,185,201,23,13,1,5,1,
11,2,798,101,132,30,1,5,1,
11,3,611,60,19,41,1,5,1,
11,4,449,64,20,26,1,5,1,
11,5,333,5,17,60,1,5,1,
11,6,277,103,48,15,1,5,1,
11,7,626,447,37,40,1,5,1,
11,8,487,100,83,22,1,5,1,
11,9,951,455,8,10,1,5,1,
11,10,93,426,115,34,1,5,1,
11,11,859,-74,101,135,1,5,1,
11,12,726,153,124,26,1,5,1,
11,13,469,89,72,20,1,5,1,
11,16,322,40,52,21,1,5,1,
11,19,394,190,92,27,1,5,1,
11,21,678,67,20,29,1,5,1,
11,22,510,317,41,17,1,5,1,
11,23,40,-20,58,40,1,5,1,
11,24,208,247,88,20,1,5,1,
11,25,923,0,15,20,1,5,1,
11,26,74,18,79,23,1,5,1,
11,27,245,215,90,21,1,5,1,
11,28,214,525,36,19,1,5,1,
12,1,187,201,24,13,1,5,1,
12,2,813,101,123,30,1,5,1,
12,3,612,64,19,38,1,5,1,
12,4,447,62,27,25,1,5,1,
12,5,334,10,18,60,1,5,1,
12,6,283,106,47,14,1,5,1,
12,7,625,446,47,35,1,5,1,
12,8,492,100,85,22,1,5,1,
12,9,949,452,10,12,1,5,1,
12,10,103,425,112,31,1,5,1,
12,11,870,-91,90,142,1,5,1,
12,12,739,152,127,26,1,5,1,
12,13,473,89,76,19,1,5,1,
12,16,326,37,52,22,1,5,1,
12,19,400,192,96,26,1,5,1,
12,21,679,69,22,29,1,5,1,
12,22,515,316,39,18,1,5,1,
12,23,37,-23,54,39,1,5,1,
12,24,214,247,88,20,1,5,1,
12,25,921,0,17,24,1,5,1,
12,26,86,19,72,21,1,5,1,
12,27,254,215,89,21,1,5,1,
12,28,216,528,32,16,1,5,1,
13,1,190,199,23,14,1,5,1,
13,2,829,101,112,30,1,5,1,
13,3,613,68,19,35,1,5,1,
13,4,445,61,36,23,1,5,1,
13,5,333,16,23,59,1,5,1,
13,6,289,108,47,12,1,5,1,
13,7,629,445,48,32,1,5,1,
13,8,497,98,88,22,1,5,1,
13,9,945,451,14,14,1,5,1,
13,10,112,425,109,27,1,5,1,
13,12,753,150,129,27,1,5,1,
13,13,479,87,78,21,1,5,1,
13,16,329,35,54,22,1,5,1,
13,19,407,193,99,25,1,5,1,
13,21,680,71,24,28,1,5,1,
13,22,520,316,37,17,1,5,1,
13,23,36,-26,48,38,1,5,1,
13,24,221,248,88,19,1,5,1,
13,25,918,0,21,27,1,5,1,
13,26,95,18,69,21,1,5,1,
13,27,262,215,89,21,1,5,1,
14,1,191,198,25,14,1,5,1,
14,2,844,101,99,31,1,5,1,
14,3,613,71,20,34,1,5,1,
14,4,445,59,42,23,1,5,1,
14,5,332,21,29,58,1,5,1,
14,6,294,109,48,12,1,5,1,
14,7,634,442,46,32,1,5,1,
14,8,503,97,89,22,1,5,1,
14,9,939,449,20,15,1,5,1,
14,10,122,425,104,23,1,5,1,
14,12,767,149,131,26,1,5,1,
14,13,485,86,80,21,1,5,1,
14,16,331,34,58,21,1,5,1,
14,17,947,459,12,15,1,5,1,
14,18,950,344,9,12,1,5,1,
14,19,415,193,99,26,1,5,1,
14,21,682,73,24,28,1,5,1,
14,22,524,315,36,17,1,5,1,
14,24,227,248,88,20,1,5,1,
14,25,912,2,27,28,1,5,1,
14,26,102,17,68,22,1,5,1,
14,27,270,216,89,20,1,5,1,
15,1,192,197,27,14,1,5,1,
15,2,861,101,83,32,1,5,1,
15,3,614,73,20,33,1,5,1,
15,4,444,58,50,20,1,5,1,
15,5,332,28,35,56,1,5,1,
15,6,299,109,48,13,1,5,1,
15,7,640,440,43,32,1,5,1,
15,8,510,95,90,24,1,5,1,
15,9,933,447,26,15,1,5,1,
15,10,132,425,98,23,1,5,1,
15,12,782,148,131,26,1,5,1,
15,13,491,86,81,21,1,5,1,
15,16,335,32,59,22,1,5,1,
15,17,943,456,17,17,1,5,1,
15,18,943,344,16,11,1,5,1,
15,19,425,194,96,25,1,5,1,
15,21,685,75,22,27,1,5,1,
15,22,528,315,34,17,1,5,1,
15,24,234,248,88,20,1,5,1,
15,25,908,5,29,27,1,5,1,
15,26,108,16,69,22,1,5,1,
15,27,279,216,88,20,1,5,1,
16,1,194,197,29,14,1,5,1,
16,2,876,100,67,34,1,5,1,
16,3,615,75,20,33,1,5,1,
16,4,445,57,56,19,1,5,1,
16,5,332,34,40,53,1,5,1,
16,6,305,109,47,13,1,5,1,
16,7,645,438,41,31,1,5,1,
16,8,517,94,89,24,1,5,1,
16,9,929,445,30,16,1,5,1,
16,10,141,425,92,23,1,5,1,
16,12,797,147,131,26,1,5,1,
16,13,498,85,82,22,1,5,1,
16,15,790,536,28,7,1,5,1,
16,16,338,30,62,22,1,5,1,
16,17,939,453,20,20,1,5,1,
16,18,937,343,22,11,1,5,1,
16,19,434,194,94,26,1,5,1,
16,21,687,77,22,27,1,5,1,
16,22,533,315,31,16,1,5,1,
16,24,241,248,88,20,1,5,1,
16,25,905,8,28,27,1,5,1,
16,26,114,15,70,22,1,5,1,
16,27,287,216,87,20,1,5,1,
17,1,196,196,30,14,1,5,1,
17,2,888,100,56,36,1,5,1,
17,3,617,77,19,32,1,5,1,
17,4,448,56,59,18,1,5,1,
17,5,334,40,44,51,1,5,1,
17,6,311,110,46,13,1,5,1,
17,7,651,436,38,30,1,5,1,
17,8,525,94,87,24,1,5,1,
17,9,925,443,34,16,1,5,1,
17,10,150,426,86,23,1,5,1,
17,12,814,146,129,27,1,5,1,
17,13,506,85,81,21,1,5,1,
17,15,792,534,25,9,1,5,1,
17,16,345,25,57,24,1,5,1,
17,17,936,451,23,22,1,5,1,
17,18,933,342,26,13,1,5,1,
17,19,444,195,91,25,1,5,1,
17,21,689,78,22,27,1,5,1,
17,22,537,314,29,16,1,5,1,
17,24,248,248,87,20,1,5,1,
17,25,902,11,28,27,1,5,1,
17,26,120,14,71,22,1,5,1,
17,27,296,216,86,20,1,5,1,
18,1,198,196,32,14,1,5,1,
18,2,896,101,51,36,1,5,1,
18,3,619,79,18,32,1,5,1,
18,4,451,54,62,18,1,5,1,
18,5,336,47,47,46,1,5,1,
18,6,317,111,47,13,1,5,1,
18,7,656,434,36,30,1,5,1,
18,8,534,94,84,24,1,5,1,
18,9,921,441,38,17,1,5,1,
18,10,159,426,78,24,1,5,1,
18,12,830,145,127,27,1,5,1,
18,13,514,85,81,21,1,5,1,
18,15,793,530,23,13,1,5,1,
18,16,350,22,56,26,1,5,1,
18,17,932,449,27,23,1,5,1,
18,18,929,341,30,13,1,5,1,
18,19,453,196,89,24,1,5,1,
18,21,692,80,20,27,1,5,1,
18,22,541,314,27,16,1,5,1,
18,24,254,248,88,20,1,5,1,
18,25,898,13,28,27,1,5,1,
18,26,126,13,72,23,1,5,1,
18,27,304,216,86,20,1,5,1,
19,1,201,195,34,14,1,5,1,
19,2,903,102,47,37,1,5,1,
19,3,621,81,17,31,1,5,1,
19,4,456,52,64,19,1,5,1,
19,5,339,53,50,43,1,5,1,
19,6,324,113,46,12,1,5,1,
19,7,661,431,33,30,1,5,1,
19,8,542,94,83,25,1,5,1,
19,9,917,440,42,17,1,5,1,
19,10,168,428,69,24,1,5,1,
19,12,846,145,114,26,1,5,1,
19,13,522,85,81,21,1,5,1,
19,15,793,525,24,18,1,5,1,
19,16,354,20,57,25,1,5,1,
19,17,929,447,30,26,1,5,1,
19,18,925,341,34,12,1,5,1,
19,19,462,196,86,25,1,5,1,
19,21,694,82,19,26,1,5,1,
19,22,544,313,26,16,1,5,1,
19,24,261,248,87,20,1,5,1,
19,25,895,16,28,26,1,5,1,
19,26,132,13,74,22,1,5,1,
19,27,312,217,85,19,1,5,1,
20,1,203,194,36,15,1,5,1,
20,2,909,104,44,36,1,5,1,
20,3,622,82,17,32,1,5,1,
20,4,460,50,66,19,1,5,1,
20,5,342,59,53,38,1,5,1,
20,6,330,114,45,12,1,5,1,
20,7,665,429,32,30,1,5,1,
20,8,549,94,82,25,1,5,1,
20,9,913,438,43,17,1,5,1,
20,10,175,427,64,27,1,5,1,
20,12,862,144,98,27,1,5,1,
20,13,529,85,81,21,1,5,1,
20,15,792,521,26,22,1,5,1,
20,16,357,17,59,26,1,5,1,
20,17,925,445,34,26,1,5,1,
20,18,921,340,38,12,1,5,1,
20,19,471,197,83,24,1,5,1,
20,21,696,83,19,26,1,5,1,
20,22,548,313,24,15,1,5,1,
20,24,268,248,87,20,1,5,1,
20,25,891,19,28,26,1,5,1,
20,26,138,12,75,22,1,5,1,
20,27,320,217,85,20,1,5,1,
21,1,206,194,37,14,1,5,1,
21,2,915,105,41,37,1,5,1,
21,3,623,84,17,31,1,5,1,
21,4,465,49,67,19,1,5,1,
21,5,346,65,55,34,1,5,1,
21,6,336,115,45,11,1,5,1,
21,7,670,427,29,29,1,5,1,
21,8,557,95,80,25,1,5,1,
21,9,910,436,42,17,1,5,1,
21,10,178,428,66,27,1,5,1,
21,12,878,144,82,27,1,5,1,
21,13,537,85,81,21,1,5,1,
21,15,791,518,27,25,1,5,1,
21,16,361,15,60,26,1,5,1,
21,17,922,443,37,26,1,5,1,
21,18,917,339,42,12,1,5,1,
21,19,479,197,82,25,1,5,1,
21,21,698,85,18,26,1,5,1,
21,22,551,312,22,16,1,5,1,
21,24,275,248,86,20,1,5,1,
21,25,888,22,28,25,1,5,1,
21,26,145,11,75,23,1,5,1,
21,27,328,217,84,20,1,5,1,
22,1,209,193,39,15,1,5,1,
22,2,921,107,38,36,1,5,1,
22,3,624,86,16,31,1,5,1,
22,4,470,47,69,19,1,5,1,
22,5,351,71,56,28,1,5,1,
22,6,342,116,45,11,1,5,1,
22,7,674,425,27,29,1,5,1,
22,8,564,95,79,25,1,5,1,
22,9,906,435,42,17,1,5,1,
22,10,181,430,68,27,1,5,1,
22,12,893,144,67,27,1,5,1,
22,13,545,85,80,21,1,5,1,
22,15,790,515,27,28,1,5,1,
22,16,364,13,64,25,1,5,1,
22,17,915,440,44,26,1,5,1,
22,18,912,339,42,11,1,5,1,
22,19,487,198,80,24,1,5,1,
22,21,700,87,18,25,1,5,1,
22,22,554,312,21,15,1,5,1,
22,24,282,248,86,20,1,5,1,
22,25,884,25,28,24,1,5,1,
22,26,153,9,72,21,1,5,1,
22,27,336,217,83,20,1,5,1,
23,1,213,193,40,14,1,5,1,
23,2,924,109,35,36,1,5,1,
23,3,624,88,17,30,1,5,1,
23,4,475,45,71,20,1,5,1,
23,5,356,76,56,24,1,5,1,
23,6,348,116,45,11,1,5,1,
23,7,678,423,25,28,1,5,1,
23,8,572,95,76,26,1,5,1,
23,9,902,433,42,17,1,5,1,
23,10,184,432,71,26,1,5,1,
23,12,908,145,52,25,1,5,1,
23,13,553,85,80,22,1,5,1,
23,15,790,512,27,31,1,5,1,
23,16,367,11,67,25,1,5,1,
23,17,910,437,49,27,1,5,1,
23,18,908,338,42,11,1,5,1,
23,19,495,199,78,23,1,5,1,
23,21,702,88,17,26,1,5,1,
23,22,557,311,19,16,1,5,1,
23,24,289,249,85,19,1,5,1,
23,25,881,27,28,25,1,5,1,
23,26,160,7,72,22,1,5,1,
23,27,344,217,83,20,1,5,1,
24,1,216,192,42,15,1,5,1,
24,2,927,110,32,36,1,5,1,
24,3,625,89,16,30,1,5,1,
24,4,480,44,73,19,1,5,1,
24,5,361,81,57,21,1,5,1,
24,6,354,116,44,12,1,5,1,
24,7,681,421,24,28,1,5,1,
24,8,579,96,75,26,1,5,1,
24,9,899,432,41,16,1,5,1,
24,10,187,433,74,27,1,5,1,
24,12,922,148,38,15,1,5,1,
24,13,561,85,79,22,1,5,1,
24,15,789,509,30,34,1,5,1,
24,16,371,8,69,25,1,5,1,
24,17,907,435,52,26,1,5,1,
24,18,904,337,41,12,1,5,1,
24,19,503,199,75,24,1,5,1,
24,21,704,90,16,25,1,5,1,
24,22,560,311,17,15,1,5,1,
24,24,296,249,84,19,1,5,1,
24,25,878,30,27,24,1,5,1,
24,26,165,6,74,22,1,5,1,
24,27,352,218,82,19,1,5,1,
25,1,221,192,41,15,1,5,1,
25,2,930,112,29,35,1,5,1,
25,3,625,91,17,30,1,5,1,
25,4,485,42,75,20,1,5,1,
25,5,367,85,57,17,1,5,1,
25,6,360,117,44,11,1,5,1,
25,7,684,419,22,28,1,5,1,
25,8,586,97,73,26,1,5,1,
25,9,895,430,41,16,1,5,1,
25,10,191,434,77,27,1,5,1,
25,13,569,85,78,22,1,5,1,
25,15,788,506,31,37,1,5,1,
25,16,376,6,70,25,1,5,1,
25,17,903,434,56,27,1,5,1,
25,18,900,337,41,11,1,5,1,
25,19,511,200,73,23,1,5,1,
25,21,706,92,16,24,1,5,1,
25,22,563,311,15,15,1,5,1,
25,24,303,249,83,19,1,5,1,
25,25,874,32,28,24,1,5,1,
25,26,174,5,70,22,1,5,1,
25,27,360,218,81,19,1,5,1,
26,1,226,192,40,15,1,5,1,
26,2,932,114,28,35,1,5,1,
26,3,626,93,16,29,1,5,1,
26,4,490,41,77,19,1,5,1,
26,5,373,87,56,16,1,5,1,
26,6,366,117,44,12,1,5,1,
26,7,687,417,21,27,1,5,1,
26,8,593,97,72,26,1,5,1,
26,9,891,429,41,16,1,5,1,
26,10,195,436,79,26,1,5,1,
26,13,577,85,77,22,1,5,1,
26,15,787,503,31,40,1,5,1,
26,16,381,3,71,26,1,5,1,
26,17,899,432,60,29,1,5,1,
26,18,896,336,40,11,1,5,1,
26,19,518,200,71,24,1,5,1,
26,21,707,93,16,25,1,5,1,
26,22,565,310,15,15,1,5,1,
26,24,310,249,82,19,1,5,1,
26,25,871,35,27,23,1,5,1,
26,26,181,3,70,22,1,5,1,
26,27,368,218,80,20,1,5,1,
27,1,230,191,41,15,1,5,1,
27,2,934,116,26,34,1,5,1,
27,3,626,94,16,30,1,5,1,
27,4,496,39,78,20,1,5,1,
27,5,379,86,55,17,1,5,1,
27,6,371,118,43,11,1,5,1,
27,7,689,416,21,26,1,5,1,
27,8,600,98,70,26,1,5,1,
27,9,888,427,40,16,1,5,1,
27,10,199,437,81,26,1,5,1,
27,13,584,86,77,22,1,5,1,
27,15,785,501,32,39,1,5,1,
27,16,386,0,71,28,1,5,1,
27,17,895,430,61,28,1,5,1,
27,18,892,335,40,11,1,5,1,
27,19,525,201,69,23,1,5,1,
27,21,708,95,16,24,1,5,1,
27,22,566,310,15,14,1,5,1,
27,24,317,249,81,19,1,5,1,
27,25,867,37,28,23,1,5,1,
27,26,187,1,71,23,1,5,1,
27,27,376,219,79,19,1,5,1,
28,1,234,191,42,15,1,5,1,
28,2,936,117,24,34,1,5,1,
28,3,626,96,16,29,1,5,1,
28,4,502,37,79,21,1,5,1,
28,5,383,87,56,16,1,5,1,
28,6,376,118,43,12,1,5,1,
28,7,691,414,20,26,1,5,1,
28,8,607,98,68,27,1,5,1,
28,9,884,426,40,15,1,5,1,
28,10,203,438,84,27,1,5,1,
28,13,592,86,76,22,1,5,1,
28,15,784,498,32,39,1,5,1,
28,16,390,-2,74,26,1,5,1,
28,17,892,428,60,28,1,5,1,
28,18,888,335,40,10,1,5,1,
28,19,532,202,67,23,1,5,1,
28,21,709,96,16,24,1,5,1,
28,22,567,309,15,15,1,5,1,
28,24,324,249,80,19,1,5,1,
28,25,864,40,27,22,1,5,1,
28,26,193,0,72,22,1,5,1,
28,27,384,219,78,19,1,5,1,
29,1,238,190,43,15,1,5,1,
29,2,938,119,22,34,1,5,1,
29,3,627,98,15,28,1,5,1,
29,4,508,36,81,20,1,5,1,
29,5,386,87,57,16,1,5,1,
29,6,380,119,43,12,1,5,1,
29,7,692,412,21,26,1,5,1,
29,8,613,99,66,27,1,5,1,
29,9,880,425,40,15,1,5,1,
29,10,208,439,85,27,1,5,1,
29,13,600,86,75,23,1,5,1,
29,15,783,495,32,38,1,5,1,
29,16,394,-5,75,27,1,5,1,
29,17,888,426,60,28,1,5,1,
29,18,884,334,40,11,1,5,1,
29,19,539,202,65,23,1,5,1,
29,21,710,98,16,24,1,5,1,
29,22,569,309,14,14,1,5,1,
29,24,330,249,80,19,1,5,1,
29,25,861,42,27,22,1,5,1,
29,26,199,0,73,21,1,5,1,
29,27,391,219,77,19,1,5,1,
30,1,242,189,45,16,1,5,1,
30,2,940,121,20,33,1,5,1,
30,3,627,99,15,28,1,5,1,
30,4,514,35,82,20,1,5,1,
30,5,391,86,57,16,1,5,1,
30,6,385,119,41,13,1,5,1,
30,7,694,410,20,26,1,5,1,
30,8,620,100,64,27,1,5,1,
30,9,877,423,40,15,1,5,1,
30,10,213,440,87,27,1,5,1,
30,13,608,87,73,22,1,5,1,
30,15,782,493,32,37,1,5,1,
30,16,399,-7,74,26,1,5,1,
30,17,884,425,60,27,1,5,1,
30,18,880,333,39,11,1,5,1,
30,19,546,203,63,23,1,5,1,
30,21,711,99,15,24,1,5,1,
30,22,569,309,15,14,1,5,1,
30,24,337,249,79,19,1,5,1,
30,25,857,44,28,22,1,5,1,
30,26,205,0,75,20,1,5,1,
30,27,399,219,76,19,1,5,1,
31,1,246,189,46,15,1,5,1,
31,2,941,122,19,33,1,5,1,
31,3,627,101,15,28,1,5,1,
31,4,520,34,84,20,1,5,1,
31,5,395,85,58,16,1,5,1,
31,6,390,120,39,13,1,5,1,
31,7,695,408,20,25,1,5,1,
31,8,626,101,62,26,1,5,1,
31,9,873,422,40,15,1,5,1,
31,10,217,441,90,27,1,5,1,
31,13,615,87,72,23,1,5,1,
31,15,780,490,33,37,1,5,1,
31,16,403,-10,74,26,1,5,1,
31,17,880,423,60,26,1,5,1,
31,18,876,333,39,10,1,5,1,
31,19,552,204,61,22,1,5,1,
31,21,712,101,15,23,1,5,1,
31,22,570,308,14,14,1,5,1,
31,24,344,249,78,19,1,5,1,
31,25,854,47,27,21,1,5,1,
31,26,211,0,76,18,1,5,1,
31,27,406,220,75,18,1,5,1,
32,1,250,188,48,16,1,5,1,
32,3,627,103,15,27,1,5,1,
32,4,526,32,85,21,1,5,1,
32,5,399,85,58,17,1,5,1,
32,6,395,120,36,14,1,5,1,
32,7,696,407,20,24,1,5,1,
32,8,633,102,60,26,1,5,1,
32,9,870,421,39,14,1,5,1,
32,10,223,442,91,27,1,5,1,
32,13,623,87,71,23,1,5,1,
32,15,779,488,33,36,1,5,1,
32,16,408,-12,76,26,1,5,1,
32,17,877,421,59,26,1,5,1,
32,18,873,332,38,11,1,5,1,
32,19,557,204,62,23,1,5,1,
32,21,713,102,15,23,1,5,1,
32,22,571,308,14,14,1,5,1,
32,24,350,249,77,19,1,5,1,
32,25,851,49,27,21,1,5,1,
32,26,217,-2,78,19,1,5,1,
32,27,413,220,75,19,1,5,1,
33,1,254,188,50,15,1,5,1,
33,3,627,104,15,27,1,5,1,
33,4,532,32,86,20,1,5,1,
33,5,403,86,58,16,1,5,1,
33,6,400,121,33,14,1,5,1,
33,7,697,405,20,24,1,5,1,
33,8,638,103,59,26,1,5,1,
33,9,866,419,39,15,1,5,1,
33,10,228,443,92,28,1,5,1,
33,13,630,88,70,23,1,5,1,
33,15,777,485,34,36,1,5,1,
33,16,413,-14,79,25,1,5,1,
33,17,873,420,59,25,1,5,1,
33,18,869,332,38,10,1,5,1,
33,19,563,205,61,22,1,5,1,
33,21,713,104,16,23,1,5,1,
33,22,572,308,13,13,1,5,1,
33,24,356,249,77,19,1,5,1,
33,25,847,51,28,21,1,5,1,
33,26,223,-3,80,19,1,5,1,
33,27,420,220,74,19,1,5,1,
34,1,259,187,50,16,1,5,1,
34,3,626,106,15,26,1,5,1,
34,4,539,31,87,21,1,5,1,
34,5,408,86,57,16,1,5,1,
34,6,405,121,29,15,1,5,1,
34,7,698,403,20,24,1,5,1,
34,8,644,104,57,27,1,5,1,
34,9,863,418,39,14,1,5,1,
34,10,234,444,93,28,1,5,1,
34,13,637,89,70,22,1,5,1,
34,15,775,483,34,35,1,5,1,
34,16,418,-17,81,26,1,5,1,
34,17,869,418,59,25,1,5,1,
34,18,865,331,38,10,1,5,1,
34,19,569,206,59,21,1,5,1,
34,21,714,105,15,23,1,5,1,
34,22,572,307,14,14,1,5,1,
34,24,363,249,75,19,1,5,1,
34,25,844,53,27,21,1,5,1,
34,26,230,-4,80,19,1,5,1,
34,27,427,220,73,19,1,5,1,
35,1,263,187,52,16,1,5,1,
35,3,626,107,15,27,1,5,1,
35,4,546,30,88,21,1,5,1,
35,5,412,87,57,16,1,5,1,
35,6,409,122,26,15,1,5,1,
35,7,699,402,19,23,1,5,1,
35,8,650,105,55,27,1,5,1,
35,9,859,417,39,14,1,5,1,
35,10,239,445,95,28,1,5,1,
35,13,643,90,70,22,1,5,1,
35,15,774,481,34,34,1,5,1,
35,17,866,417,58,24,1,5,1,
35,18,862,331,37,10,1,5,1,
35,19,575,206,57,22,1,5,1,
35,21,715,107,15,22,1,5,1,
35,22,572,307,14,13,1,5,1,
35,24,369,249,75,19,1,5,1,
35,25,841,55,27,21,1,5,1,
35,26,236,-5,81,18,1,5,1,
35,27,435,221,72,18,1,5,1,
36,1,268,186,54,16,1,5,1,
36,3,626,109,15,26,1,5,1,
36,4,553,29,89,21,1,5,1,
36,5,417,88,56,16,1,5,1,
36,6,413,123,22,15,1,5,1,
36,7,700,400,19,23,1,5,1,
36,8,655,106,53,27,1,5,1,
36,9,856,416,38,13,1,5,1,
36,10,245,446,96,28,1,5,1,
36,13,650,90,70,22,1,5,1,
36,15,772,478,34,34,1,5,1,
36,17,862,415,58,24,1,5,1,
36,18,858,330,37,10,1,5,1,
36,19,580,207,57,21,1,5,1,
36,21,715,108,15,22,1,5,1,
36,22,573,307,13,13,1,5,1,
36,24,375,250,74,18,1,5,1,
36,25,837,57,28,20,1,5,1,
36,27,442,221,71,18,1,5,1,
37,1,273,186,55,16,1,5,1,
37,3,626,110,14,26,1,5,1,
37,4,559,28,90,21,1,5,1,
37,5,421,88,55,16,1,5,1,
37,6,417,124,18,15,1,5,1,
37,7,700,399,19,23,1,5,1,
37,8,660,107,52,27,1,5,1,
37,9,852,414,39,14,1,5,1,
37,10,251,447,97,28,1,5,1,
37,13,657,91,69,22,1,5,1,
37,15,770,476,35,33,1,5,1,
37,17,859,414,57,24,1,5,1,
37,18,854,329,38,10,1,5,1,
37,19,586,208,55,21,1,5,1,
37,21,716,109,14,22,1,5,1,
37,22,573,306,13,13,1,5,1,
37,24,381,250,73,18,1,5,1,
37,25,834,59,27,20,1,5,1,
37,27,448,221,71,19,1,5,1,
38,1,278,185,56,17,1,5,1,
38,3,625,112,15,25,1,5,1,
38,4,566,27,91,22,1,5,1,
38,5,425,87,54,18,1,5,1,
38,6,420,125,14,15,1,5,1,
38,7,701,397,18,23,1,5,1,
38,8,664,108,52,28,1,5,1,
38,9,849,413,38,14,1,5,1,
38,10,256,448,100,28,1,5,1,
38,13,664,91,68,23,1,5,1,
38,15,768,474,35,33,1,5,1,
38,17,855,412,57,24,1,5,1,
38,18,851,329,37,10,1,5,1,
38,19,591,208,54,21,1,5,1,
38,21,716,111,15,22,1,5,1,
38,22,573,306,13,13,1,5,1,
38,24,387,250,72,18,1,5,1,
38,25,831,61,27,20,1,5,1,
38,27,455,222,69,18,1,5,1,
39,1,283,185,58,16,1,5,1,
39,3,625,113,14,25,1,5,1,
39,4,574,27,91,21,1,5,1,
39,5,430,87,51,19,1,5,1,
39,6,422,126,13,15,1,5,1,
39,7,701,395,18,23,1,5,1,
39,8,667,110,52,28,1,5,1,
39,9,845,412,38,13,1,5,1,
39,10,262,449,101,29,1,5,1,
39,13,670,92,68,22,1,5,1,
39,15,766,472,35,32,1,5,1,
39,17,852,411,56,23,1,5,1,
39,18,847,328,37,10,1,5,1,
39,19,596,209,52,21,1,5,1,
39,21,716,112,15,22,1,5,1,
39,22,573,306,13,12,1,5,1,
39,24,393,250,71,18,1,5,1,
39,25,828,63,27,19,1,5,1,
39,27,461,222,69,18,1,5,1,
40,1,289,185,58,16,1,5,1,
40,3,624,114,14,25,1,5,1,
40,4,581,26,92,22,1,5,1,
40,5,434,88,50,18,1,5,1,
40,6,423,128,13,15,1,5,1,
40,7,701,394,18,22,1,5,1,
40,8,670,112,52,28,1,5,1,
40,9,842,411,38,13,1,5,1,
40,10,269,450,102,29,1,5,1,
40,13,677,93,67,22,1,5,1,
40,15,763,470,37,31,1,5,1,
40,17,848,409,56,23,1,5,1,
40,18,844,328,36,10,1,5,1,
40,19,601,209,51,21,1,5,1,
40,21,717,114,14,21,1,5,1,
40,22,573,305,13,13,1,5,1,
40,24,399,250,70,18,1,5,1,
40,25,824,65,27,19,1,5,1,
40,27,468,222,68,18,1,5,1,
41,1,294,184,61,17,1,5,1,
41,3,624,116,14,25,1,5,1,
41,4,589,26,92,21,1,5,1,
41,5,439,88,48,19,1,5,1,
41,6,424,129,13,15,1,5,1,
41,7,701,392,18,22,1,5,1,
41,8,673,115,52,26,1,5,1,
41,9,839,410,37,13,1,5,1,
41,10,275,451,104,29,1,5,1,
41,13,684,94,66,22,1,5,1,
41,15,761,468,37,30,1,5,1,
41,17,844,408,57,22,1,5,1,
41,18,840,327,36,10,1,5,1,
41,19,607,210,47,21,1,5,1,
41,21,717,115,14,21,1,5,1,
41,22,572,305,14,12,1,5,1,
41,24,407,250,66,18,1,5,1,
41,25,821,67,27,19,1,5,1,
41,27,475,223,66,17,1,5,1,
42,1,300,184,61,16,1,5,1,
42,3,623,117,14,25,1,5,1,
42,4,596,25,93,21,1,5,1,
42,5,443,89,47,19,1,5,1,
42,6,424,131,16,15,1,5,1,
42,7,701,391,18,21,1,5,1,
42,8,676,117,53,25,1,5,1,
42,9,835,409,38,12,1,5,1,
42,10,281,452,107,29,1,5,1,
42,13,690,94,65,23,1,5,1,
42,15,759,466,37,30,1,5,1,
42,17,841,407,56,22,1,5,1,
42,18,837,327,35,9,1,5,1,
42,19,612,211,45,20,1,5,1,
42,21,717,116,14,21,1,5,1,
42,22,572,305,14,12,1,5,1,
42,24,414,250,61,18,1,5,1,
42,25,818,69,27,18,1,5,1,
42,27,482,223,63,18,1,5,1,
43,1,306,184,62,16,1,5,1,
43,3,622,119,14,24,1,5,1,
43,4,604,24,93,22,1,5,1,
43,5,448,89,43,20,1,5,1,
43,6,424,133,20,14,1,5,1,
43,7,701,390,18,21,1,5,1,
43,8,680,118,52,25,1,5,1,
43,9,832,408,37,12,1,5,1,
43,10,287,452,110,30,1,5,1,
43,13,697,95,63,22,1,5,1,
43,15,757,464,37,29,1,5,1,
43,17,838,405,55,22,1,5,1,
43,18,833,326,36,10,1,5,1,
43,19,617,211,42,20,1,5,1,
43,21,717,118,14,20,1,5,1,
43,22,572,304,14,13,1,5,1,
43,24,421,250,58,18,1,5,1,
43,25,815,71,26,18,1,5,1,
43,27,488,223,63,18,1,5,1,
44,1,312,183,63,17,1,5,1,
44,2,946,154,13,18,1,5,1,
44,3,621,120,15,24,1,5,1,
44,4,612,24,93,21,1,5,1,
44,5,453,89,38,21,1,5,1,
44,6,426,135,19,14,1,5,1,
44,7,701,388,18,21,1,5,1,
44,8,685,119,51,25,1,5,1,
44,9,829,406,36,13,1,5,1,
44,10,294,453,112,30,1,5,1,
44,13,704,96,62,22,1,5,1,
44,15,755,462,37,29,1,5,1,
44,17,834,404,55,21,1,5,1,
44,18,830,326,35,9,1,5,1,
44,19,622,212,40,20,1,5,1,
44,21,717,119,14,20,1,5,1,
44,22,571,304,15,12,1,5,1,
44,24,427,251,56,17,1,5,1,
44,25,811,73,27,17,1,5,1,
44,27,495,224,61,17,1,5,1,
45,1,319,183,64,17,1,5,1,
45,2,943,153,16,21,1,5,1,
45,3,621,121,15,24,1,5,1,
45,4,620,23,93,22,1,5,1,
45,5,457,90,36,21,1,5,1,
45,6,428,136,18,14,1,5,1,
45,7,701,387,18,20,1,5,1,
45,8,690,120,49,25,1,5,1,
45,9,825,405,37,12,1,5,1,
45,10,300,453,115,31,1,5,1,
45,13,710,96,61,23,1,5,1,
45,15,752,460,38,28,1,5,1,
45,17,831,403,54,21,1,5,1,
45,18,826,326,35,9,1,5,1,
45,19,626,212,39,20,1,5,1,
45,21,717,120,14,20,1,5,1,
45,22,570,304,16,12,1,5,1,
45,24,432,251,54,17,1,5,1,
45,25,808,74,27,18,1,5,1,
45,27,501,224,59,17,1,5,1,
46,1,325,183,65,16,1,5,1,
46,2,939,152,20,24,1,5,1,
46,3,620,123,15,23,1,5,1,
46,4,627,22,94,22,1,5,1,
46,5,460,91,36,21,1,5,1,
46,6,430,137,16,14,1,5,1,
46,7,700,386,19,19,1,5,1,
46,8,694,121,48,25,1,5,1,
46,9,822,404,36,12,1,5,1,
46,10,308,453,116,31,1,5,1,
46,13,716,97,60,22,1,5,1,
46,15,750,458,38,28,1,5,1,
46,17,827,401,54,21,1,5,1,
46,18,823,325,35,9,1,5,1,
46,19,630,213,38,20,1,5,1,
46,21,717,121,14,21,1,5,1,
46,22,570,303,16,12,1,5,1,
46,24,437,251,53,17,1,5,1,
46,25,805,76,26,17,1,5,1,
46,27,507,224,58,17,1,5,1,
47,1,332,182,65,17,1,5,1,
47,2,935,154,24,23,1,5,1,
47,3,619,124,16,23,1,5,1,
47,4,635,22,94,22,1,5,1,
47,5,463,92,35,21,1,5,1,
47,6,432,139,15,13,1,5,1,
47,7,700,384,19,20,1,5,1,
47,8,699,122,46,24,1,5,1,
47,10,316,454,117,31,1,5,1,
47,13,723,97,57,23,1,5,1,
47,15,748,456,38,27,1,5,1,
47,17,824,400,54,21,1,5,1,
47,18,820,325,34,9,1,5,1,
47,19,634,213,36,20,1,5,1,
47,21,717,123,14,20,1,5,1,
47,22,569,303,16,12,1,5,1,
47,24,442,251,52,17,1,5,1,
47,25,802,78,26,17,1,5,1,
47,27,513,224,57,18,1,5,1,
48,1,338,182,66,17,1,5,1,
48,2,931,155,29,23,1,5,1,
48,3,618,125,16,23,1,5,1,
48,4,643,21,93,23,1,5,1,
48,5,466,94,34,21,1,5,1,
48,6,434,140,14,13,1,5,1,
48,7,699,383,20,19,1,5,1,
48,8,703,123,45,24,1,5,1,
48,10,324,454,117,31,1,5,1,
48,13,729,98,55,23,1,5,1,
48,15,745,454,39,27,1,5,1,
48,17,820,399,54,20,1,5,1,
48,18,816,324,34,9,1,5,1,
48,19,638,214,34,19,1,5,1,
48,21,717,124,14,20,1,5,1,
48,22,568,303,17,12,1,5,1,
48,24,446,251,51,17,1,5,1,
48,25,798,80,27,16,1,5,1,
48,27,519,225,55,17,1,5,1,
49,1,345,182,67,17,1,5,1,
49,2,928,155,31,24,1,5,1,
49,3,617,126,16,23,1,5,1,
49,4,650,21,94,22,1,5,1,
49,5,469,95,33,21,1,5,1,
49,6,435,141,14,13,1,5,1,
49,7,698,382,21,19,1,5,1,
49,8,707,124,44,24,1,5,1,
49,10,332,454,118,31,1,5,1,
49,13,735,99,54,23,1,5,1,
49,15,743,452,39,27,1,5,1,
49,17,817,398,53,20,1,5,1,
49,18,813,324,34,9,1,5,1,
49,19,641,215,34,19,1,5,1,
49,21,717,125,14,20,1,5,1,
49,22,567,303,18,11,1,5,1,
49,24,451,251,49,17,1,5,1,
49,25,795,81,27,17,1,5,1,
49,27,524,225,55,17,1,5,1,
50,1,351,182,68,17,1,5,1,
50,2,924,157,35,24,1,5,1,
50,3,616,128,17,22,1,5,1,
50,4,658,20,93,23,1,5,1,
50,5,471,96,33,21,1,5,1,
50,6,437,143,12,12,1,5,1,
50,7,698,380,21,19,1,5,1,
50,8,711,125,42,24,1,5,1,
50,10,340,454,118,31,1,5,1,
50,13,740,100,53,23,1,5,1,
50,14,592,537,18,6,1,5,1,
50,15,740,451,40,26,1,5,1,
50,17,814,397,53,19,1,5,1,
50,18,810,323,34,9,1,5,1,
50,19,645,215,32,19,1,5,1,
50,21,717,126,13,20,1,5,1,
50,22,566,302,18,12,1,5,1,
50,24,455,252,49,16,1,5,1,
50,25,792,83,27,16,1,5,1,
50,27,529,225,54,17,1,5,1,
51,1,358,181,68,17,1,5,1,
51,2,920,159,39,23,1,5,1,
51,3,615,129,17,22,1,5,1,
51,4,666,20,93,23,1,5,1,
51,5,474,98,32,20,1,5,1,
51,6,438,144,12,12,1,5,1,
51,7,697,379,21,19,1,5,1,
51,8,715,126,41,24,1,5,1,
51,10,350,454,117,31,1,5,1,
51,13,746,101,52,23,1,5,1,
51,14,595,534,17,9,1,5,1,
51,15,738,449,40,25,1,5,1,
51,17,810,396,53,19,1,5,1,
51,18,806,323,34,9,1,5,1,
51,19,648,216,31,18,1,5,1,
51,21,717,128,13,19,1,5,1,
51,22,565,302,18,11,1,5,1,
51,24,460,252,47,16,1,5,1,
51,25,789,84,26,16,1,5,1,
51,27,535,226,52,16,1,5,1,
52,1,366,181,68,17,1,5,1,
52,2,917,157,42,26,1,5,1,
52,3,614,130,17,22,1,5,1,
52,4,675,20,91,23,1,5,1,
52,5,477,99,31,20,1,5,1,
52,6,439,145,11,13,1,5,1,
52,7,696,378,22,18,1,5,1,
52,8,719,127,39,24,1,5,1,
52,10,359,453,116,32,1,5,1,
52,13,752,102,50,22,1,5,1,
52,14,599,531,16,12,1,5,1,
52,15,735,447,40,25,1,5,1,
52,17,807,394,52,19,1,5,1,
52,18,803,322,33,9,1,5,1,
52,19,652,216,29,19,1,5,1,
52,21,716,129,13,19,1,5,1,
52,22,564,302,19,11,1,5,1,
52,24,464,252,46,16,1,5,1,
52,25,786,86,26,16,1,5,1,
52,27,541,226,51,17,1,5,1,
53,1,373,181,68,17,1,5,1,
53,2,913,157,46,27,1,5,1,
53,3,613,131,17,22,1,5,1,
53,4,682,19,92,24,1,5,1,
53,5,479,100,31,20,1,5,1,
53,6,441,146,9,13,1,5,1,
53,7,695,377,22,18,1,5,1,
53,8,722,127,39,24,1,5,1,
53,10,367,453,116,32,1,5,1,
53,13,757,102,49,23,1,5,1,
53,14,601,529,17,14,1,5,1,
53,15,733,445,40,25,1,5,1,
53,17,804,393,51,19,1,5,1,
53,18,800,322,33,9,1,5,1,
53,19,655,217,28,18,1,5,1,
53,21,716,130,13,19,1,5,1,
53,22,562,302,20,11,1,5,1,
53,24,468,252,45,16,1,5,1,
53,25,783,87,26,16,1,5,1,
53,27,546,226,50,17,1,5,1,
54,1,380,181,69,17,1,5,1,
54,2,909,159,47,26,1,5,1,
54,3,611,132,18,21,1,5,1,
54,4,690,19,91,24,1,5,1,
54,5,482,101,30,20,1,5,1,
54,6,442,148,9,12,1,5,1,
54,7,694,376,23,17,1,5,1,
54,8,726,128,37,24,1,5,1,
54,10,376,453,116,32,1,5,1,
54,13,760,104,55,22,1,5,1,
54,14,602,526,18,17,1,5,1,
54,15,730,444,41,24,1,5,1,
54,17,800,392,52,18,1,5,1,
54,18,797,322,32,8,1,5,1,
54,19,657,217,28,18,1,5,1,
54,21,715,131,13,19,1,5,1,
54,22,561,301,20,11,1,5,1,
54,24,473,252,43,16,1,5,1,
54,25,780,89,25,15,1,5,1,
54,27,551,227,49,16,1,5,1,
55,1,387,180,70,18,1,5,1,
55,2,909,161,39,25,1,5,1,
55,4,698,19,91,24,1,5,1,
55,5,485,103,29,19,1,5,1,
55,6,443,149,8,12,1,5,1,
55,7,693,374,23,18,1,5,1,
55,8,730,129,34,24,1,5,1,
55,10,385,453,115,31,1,5,1,
55,13,765,105,54,21,1,5,1,
55,14,604,523,18,20,1,5,1,
55,15,728,442,40,24,1,5,1,
55,17,797,391,51,18,1,5,1,
55,18,794,321,32,9,1,5,1,
55,19,660,218,27,18,1,5,1,
55,21,714,132,14,19,1,5,1,
55,22,559,301,21,11,1,5,1,
55,24,477,252,42,16,1,5,1,
55,25,776,90,26,15,1,5,1,
55,27,556,227,48,16,1,5,1,
56,1,394,180,70,17,1,5,1,
56,2,909,162,31,25,1,5,1,
56,4,706,19,90,24,1,5,1,
56,5,487,104,28,19,1,5,1,
56,6,443,150,8,12,1,5,1,
56,7,691,373,24,17,1,5,1,
56,8,734,130,32,24,1,5,1,
56,10,393,453,115,31,1,5,1,
56,13,770,106,54,21,1,5,1,
56,14,607,520,17,23,1,5,1,
56,15,725,441,41,23,1,5,1,
56,17,794,390,51,18,1,5,1,
56,18,790,321,33,8,1,5,1,
56,19,663,218,25,18,1,5,1,
56,21,713,133,16,19,1,5,1,
56,22,557,301,22,11,1,5,1,
56,24,480,252,41,16,1,5,1,
56,27,561,227,46,16,1,5,1,
57,1,401,180,71,17,1,5,1,
57,2,909,164,25,23,1,5,1,
57,4,713,19,90,24,1,5,1,
57,5,489,105,28,19,1,5,1,
57,6,443,151,7,12,1,5,1,
57,7,690,372,24,17,1,5,1,
57,8,738,131,26,24,1,5,1,
57,10,401,452,116,32,1,5,1,
57,13,776,106,51,21,1,5,1,
57,14,608,518,18,25,1,5,1,
57,15,723,439,41,23,1,5,1,
57,17,790,389,51,18,1,5,1,
57,19,666,219,23,18,1,5,1,
57,21,710,134,20,19,1,5,1,
57,22,556,301,22,10,1,5,1,
57,24,484,253,40,15,1,5,1,
57,27,565,228,46,16,1,5,1,
58,1,407,180,73,17,1,5,1,
58,2,909,166,25,22,1,5,1,
58,4,720,19,90,24,1,5,1,
58,5,491,106,28,19,1,5,1,
58,6,443,152,7,12,1,5,1,
58,7,688,371,25,17,1,5,1,
58,8,743,131,22,25,1,5,1,
58,10,409,452,116,32,1,5,1,
58,13,781,107,50,21,1,5,1,
58,14,609,515,19,28,1,5,1,
58,15,720,437,41,23,1,5,1,
58,17,787,388,51,18,1,5,1,
58,19,669,219,21,18,1,5,1,
58,21,706,135,25,19,1,5,1,
58,22,554,301,23,10,1,5,1,
58,24,487,253,40,15,1,5,1,
58,27,569,228,45,16,1,5,1,
59,1,415,180,72,17,1,5,1,
59,2,908,167,25,22,1,5,1,
59,4,727,20,94,23,1,5,1,
59,5,493,107,27,20,1,5,1,
59,6,442,153,8,11,1,5,1,
59,7,687,370,25,17,1,5,1,
59,8,746,132,19,25,1,5,1,
59,10,418,452,115,31,1,5,1,
59,13,787,108,48,21,1,5,1,
59,14,610,512,20,30,1,5,1,
59,15,717,436,42,23,1,5,1,
59,17,784,387,51,17,1,5,1,
59,19,671,220,21,17,1,5,1,
59,21,701,136,30,19,1,5,1,
59,22,552,300,23,11,1,5,1,
59,24,491,253,38,15,1,5,1,
59,27,574,228,44,16,1,5,1,
60,1,422,180,73,17,1,5,1,
60,2,908,168,25,22,1,5,1,
60,4,733,20,97,23,1,5,1,
60,5,496,109,26,19,1,5,1,
60,6,440,154,10,11,1,5,1,
60,7,685,369,26,16,1,5,1,
60,8,746,133,19,25,1,5,1,
60,10,427,452,114,31,1,5,1,
60,13,792,108,46,22,1,5,1,
60,14,613,510,19,29,1,5,1,
60,15,715,434,41,23,1,5,1,
60,17,781,386,50,17,1,5,1,
60,19,674,221,19,17,1,5,1,
60,21,698,138,31,18,1,5,1,
60,22,550,300,24,11,1,5,1,
60,24,494,253,37,15,1,5,1,
60,27,578,229,43,15,1,5,1,
61,1,430,179,73,18,1,5,1,
61,2,907,169,25,21,1,5,1,
61,4,742,20,96,23,1,5,1,
61,5,498,110,25,19,1,5,1,
61,6,438,155,12,11,1,5,1,
61,7,683,368,26,16,1,5,1,
61,8,747,135,18,24,1,5,1,
61,10,437,451,112,31,1,5,1,
61,13,797,109,45,22,1,5,1,
61,14,616,507,17,29,1,5,1,
61,15,712,433,42,22,1,5,1,
61,17,777,385,50,17,1,5,1,
61,19,675,221,19,17,1,5,1,
61,21,695,139,32,17,1,5,1,
61,22,548,300,25,10,1,5,1,
61,24,498,253,36,15,1,5,1,
61,27,583,229,41,15,1,5,1,
62,1,437,179,74,18,1,5,1,
62,2,907,170,24,21,1,5,1,
62,4,749,20,96,22,1,5,1,
62,5,500,111,24,19,1,5,1,
62,6,436,156,14,11,1,5,1,
62,7,681,367,27,16,1,5,1,
62,8,747,136,19,25,1,5,1,
62,10,445,451,112,31,1,5,1,
62,13,801,110,45,22,1,5,1,
62,14,618,505,16,28,1,5,1,
62,15,709,432,42,21,1,5,1,
62,17,774,384,50,17,1,5,1,
62,19,676,221,19,17,1,5,1,
62,21,693,140,31,17,1,5,1,
62,22,546,300,25,10,1,5,1,
62,24,501,253,35,15,1,5,1,
62,27,587,229,40,16,1,5,1,
63,1,445,179,74,18,1,5,1,
63,2,906,171,24,21,1,5,1,
63,4,757,19,96,23,1,5,1,
63,5,502,112,23,19,1,5,1,
63,6,433,157,17,10,1,5,1,
63,7,679,366,28,16,1,5,1,
63,8,747,137,19,25,1,5,1,
63,10,453,450,111,31,1,5,1,
63,13,806,111,43,21,1,5,1,
63,14,621,502,14,28,1,5,1,
63,15,706,430,43,21,1,5,1,
63,17,771,384,50,16,1,5,1,
63,19,677,222,18,17,1,5,1,
63,21,690,141,32,17,1,5,1,
63,22,544,300,26,10,1,5,1,
63,24,505,253,33,15,1,5,1,
63,27,591,230,39,15,1,5,1,
64,1,452,179,74,18,1,5,1,
64,2,906,172,23,21,1,5,1,
64,4,764,19,97,23,1,5,1,
64,5,504,113,22,19,1,5,1,
64,6,430,158,19,10,1,5,1,
64,7,677,365,28,15,1,5,1,
64,8,747,138,19,25,1,5,1,
64,10,462,450,110,31,1,5,1,
64,13,810,112,43,21,1,5,1,
64,14,623,500,13,27,1,5,1,
64,15,704,429,42,21,1,5,1,
64,17,768,383,49,16,1,5,1,
64,19,678,223,18,16,1,5,1,
64,21,687,142,32,17,1,5,1,
64,22,542,299,26,11,1,5,1,
64,24,508,254,32,14,1,5,1,
64,27,595,230,38,15,1,5,1,
65,1,460,179,74,18,1,5,1,
65,2,905,173,23,21,1,5,1,
65,4,773,18,95,24,1,5,1,
65,5,506,114,21,19,1,5,1,
65,6,426,159,22,9,1,5,1,
65,7,675,364,28,15,1,5,1,
65,8,748,140,18,24,1,5,1,
65,10,471,449,108,31,1,5,1,
65,13,815,113,41,21,1,5,1,
65,14,624,497,13,28,1,5,1,
65,15,701,427,42,21,1,5,1,
65,17,765,382,49,15,1,5,1,
65,19,678,223,18,16,1,5,1,
65,21,684,143,32,17,1,5,1,
65,22,540,299,27,10,1,5,1,
65,24,511,254,30,14,1,5,1,
65,27,599,230,37,15,1,5,1,
66,1,468,179,74,18,1,5,1,
66,2,904,174,23,20,1,5,1,
66,4,781,18,95,24,1,5,1,
66,5,508,115,20,19,1,5,1,
66,6,423,160,24,8,1,5,1,
66,7,673,363,29,15,1,5,1,
66,8,748,141,18,24,1,5,1,
66,10,480,449,107,30,1,5,1,
66,13,819,114,40,21,1,5,1,
66,14,625,495,13,27,1,5,1,
66,15,698,426,43,20,1,5,1,
66,17,761,381,49,15,1,5,1,
66,19,679,224,18,16,1,5,1,
66,21,681,144,32,17,1,5,1,
66,22,538,299,27,10,1,5,1,
66,24,514,254,29,14,1,5,1,
66,27,603,231,36,15,1,5,1,
67,1,476,179,74,18,1,5,1,
67,2,903,175,23,20,1,5,1,
67,4,789,18,94,24,1,5,1,
67,5,510,116,19,19,1,5,1,
67,6,419,160,26,9,1,5,1,
67,7,670,362,30,15,1,5,1,
67,8,748,142,18,24,1,5,1,
67,10,489,448,105,31,1,5,1,
67,13,823,115,39,21,1,5,1,
67,14,625,492,14,27,1,5,1,
67,15,695,425,43,20,1,5,1,
67,17,758,380,49,15,1,5,1,
67,19,679,224,18,16,1,5,1,
67,21,679,145,32,16,1,5,1,
67,22,536,299,27,10,1,5,1,
67,24,517,254,28,14,1,5,1,
67,27,607,231,34,15,1,5,1,
68,1,483,179,75,18,1,5,1,
68,2,903,176,22,20,1,5,1,
68,4,797,18,93,24,1,5,1,
68,5,512,117,16,19,1,5,1,
68,6,415,161,28,8,1,5,1,
68,7,668,362,30,14,1,5,1,
68,8,748,144,18,23,1,5,1,
68,10,497,447,104,31,1,5,1,
68,13,827,115,38,21,1,5,1,
68,14,626,490,13,26,1,5,1,
68,15,693,424,42,19,1,5,1,
68,17,755,379,49,15,1,5,1,
68,19,680,225,17,15,1,5,1,
68,22,533,299,29,10,1,5,1,
68,24,519,254,28,14,1,5,1,
68,27,610,231,34,15,1,5,1,
69,1,491,179,75,18,1,5,1,
69,2,902,177,22,19,1,5,1,
69,4,804,18,94,24,1,5,1,
69,5,515,118,13,19,1,5,1,
69,6,411,161,30,8,1,5,1,
69,7,666,361,31,14,1,5,1,
69,8,748,145,18,23,1,5,1,
69,10,505,447,103,30,1,5,1,
69,13,832,116,34,21,1,5,1,
69,14,626,488,14,26,1,5,1,
69,15,690,422,43,20,1,5,1,
69,17,752,378,48,15,1,5,1,
69,19,680,225,18,16,1,5,1,
69,22,533,299,26,9,1,5,1,
69,24,522,254,26,14,1,5,1,
69,27,613,232,33,14,1,5,1,
70,1,498,179,75,18,1,5,1,
70,2,901,178,22,19,1,5,1,
70,4,812,18,92,24,1,5,1,
70,5,517,119,10,18,1,5,1,
70,6,407,161,31,8,1,5,1,
70,7,663,360,32,14,1,5,1,
70,8,748,146,18,23,1,5,1,
70,10,514,446,101,30,1,5,1,
70,13,836,117,33,21,1,5,1,
70,14,627,485,13,26,1,5,1,
70,15,687,421,43,19,1,5,1,
70,17,749,378,48,14,1,5,1,
70,19,680,226,18,15,1,5,1,
70,22,534,298,22,10,1,5,1,
70,24,524,254,26,14,1,5,1,
70,27,617,232,32,14,1,5,1,
71,1,506,179,75,18,1,5,1,
71,2,900,179,23,19,1,5,1,
71,4,820,18,92,24,1,5,1,
71,5,515,120,11,18,1,5,1,
71,6,404,161,31,8,1,5,1,
71,7,661,359,32,14,1,5,1,
71,8,748,147,17,22,1,5,1,
71,10,522,445,99,30,1,5,1,
71,13,839,118,32,21,1,5,1,
71,14,627,483,13,26,1,5,1,
71,15,684,420,43,19,1,5,1,
71,19,682,226,17,15,1,5,1,
71,24,527,254,24,14,1,5,1,
71,27,620,232,32,14,1,5,1,
72,1,513,179,76,18,1,5,1,
72,2,898,180,26,19,1,5,1,
72,4,827,18,92,24,1,5,1,
72,5,514,121,12,18,1,5,1,
72,6,400,162,33,7,1,5,1,
72,7,659,358,32,14,1,5,1,
72,8,748,148,17,22,1,5,1,
72,10,530,444,98,30,1,5,1,
72,13,842,119,32,21,1,5,1,
72,14,627,481,13,25,1,5,1,
72,15,681,419,44,18,1,5,1,
72,19,684,227,16,15,1,5,1,
72,24,529,255,24,13,1,5,1,
72,27,623,233,28,14,1,5,1,
73,1,520,179,76,18,1,5,1,
73,2,897,181,27,18,1,5,1,
73,4,834,18,92,24,1,5,1,
73,5,512,122,16,18,1,5,1,
73,6,396,162,34,7,1,5,1,
73,7,656,358,33,13,1,5,1,
73,8,749,150,16,21,1,5,1,
73,10,538,443,96,30,1,5,1,
73,13,845,120,32,21,1,5,1,
73,14,627,479,13,25,1,5,1,
73,15,678,418,44,18,1,5,1,
73,19,685,227,16,15,1,5,1,
73,24,532,255,20,13,1,5,1,
73,27,628,233,22,14,1,5,1,
74,1,528,179,76,18,1,5,1,
74,2,896,182,25,18,1,5,1,
74,4,842,18,87,25,1,5,1,
74,5,509,123,20,17,1,5,1,
74,6,393,162,33,7,1,5,1,
74,7,654,357,33,13,1,5,1,
74,8,749,151,16,21,1,5,1,
74,10,545,442,95,30,1,5,1,
74,13,848,121,31,20,1,5,1,
74,14,627,477,13,24,1,5,1,
74,15,675,417,44,18,1,5,1,
74,19,685,227,17,15,1,5,1,
74,24,536,255,16,13,1,5,1,
74,27,633,233,18,14,1,5,1,
75,1,536,179,76,18,1,5,1,
75,2,894,183,24,18,1,5,1,
75,4,850,18,85,25,1,5,1,
75,6,390,162,33,7,1,5,1,
75,7,651,356,34,13,1,5,1,
75,8,749,152,16,21,1,5,1,
75,10,554,441,92,30,1,5,1,
75,13,851,122,30,20,1,5,1,
75,14,626,474,14,25,1,5,1,
75,15,672,416,44,17,1,5,1,
75,19,686,228,17,14,1,5,1,
75,24,538,255,15,14,1,5,1,
75,27,635,234,16,13,1,5,1,
76,1,542,179,77,18,1,5,1,
76,2,893,183,24,18,1,5,1,
76,4,857,19,84,25,1,5,1,
76,6,387,162,33,7,1,5,1,
76,7,648,355,35,13,1,5,1,
76,8,749,153,16,21,1,5,1,
76,10,561,440,91,30,1,5,1,
76,13,854,123,29,20,1,5,1,
76,14,626,472,13,25,1,5,1,
76,15,669,414,45,18,1,5,1,
76,19,686,228,17,15,1,5,1,
76,24,538,256,14,13,1,5,1,
76,27,635,234,15,13,1,5,1,
77,1,550,179,77,18,1,5,1,
77,2,892,184,24,18,1,5,1,
77,4,865,19,82,25,1,5,1,
77,6,384,162,32,7,1,5,1,
77,7,646,355,34,12,1,5,1,
77,8,748,154,17,21,1,5,1,
77,10,569,439,89,29,1,5,1,
77,13,857,124,28,20,1,5,1,
77,14,625,470,14,24,1,5,1,
77,15,667,413,44,18,1,5,1,
77,19,686,229,16,14,1,5,1,
77,24,538,256,13,13,1,5,1,
77,27,633,234,16,14,1,5,1,
78,1,558,179,76,18,1,5,1,
78,2,890,185,26,18,1,5,1,
78,4,872,20,81,25,1,5,1,
78,6,381,161,31,8,1,5,1,
78,7,643,354,35,12,1,5,1,
78,8,748,155,16,21,1,5,1,
78,10,576,438,87,29,1,5,1,
78,13,860,125,26,20,1,5,1,
78,14,624,468,15,24,1,5,1,
78,15,664,412,44,17,1,5,1,
78,19,685,229,16,14,1,5,1,
78,24,537,257,15,13,1,5,1,
78,27,632,235,17,13,1,5,1,
79,1,568,179,73,18,1,5,1,
79,2,888,186,27,18,1,5,1,
79,4,881,20,77,26,1,5,1,
79,6,379,161,28,7,1,5,1,
79,7,640,353,35,12,1,5,1,
79,8,747,156,17,20,1,5,1,
79,10,586,437,82,29,1,5,1,
79,13,864,126,24,20,1,5,1,
79,14,623,466,16,23,1,5,1,
79,15,661,411,43,17,1,5,1,
79,19,684,229,16,14,1,5,1,
79,24,534,257,21,13,1,5,1,
79,27,630,235,20,13,1,5,1,
80,1,575,180,73,17,1,5,1,
80,2,886,187,28,17,1,5,1,
80,4,887,20,72,26,1,5,1,
80,6,377,160,27,8,1,5,1,
80,7,638,353,35,11,1,5,1,
80,8,747,157,16,20,1,5,1,
80,10,593,436,80,29,1,5,1,
80,13,867,127,23,20,1,5,1,
80,14,622,464,17,23,1,5,1,
80,19,683,230,17,14,1,5,1,
80,24,530,257,26,13,1,5,1,
80,27,629,236,21,12,1,5,1,
81,1,581,180,74,18,1,5,1,
81,2,882,187,32,18,1,5,1,
81,4,893,21,67,26,1,5,1,
81,6,376,159,25,8,1,5,1,
81,7,635,352,36,12,1,5,1,
81,8,746,158,16,20,1,5,1,
81,10,599,435,79,28,1,5,1,
81,13,869,128,23,20,1,5,1,
81,14,620,462,18,23,1,5,1,
81,19,682,230,18,14,1,5,1,
81,24,526,258,31,13,1,5,1,
81,27,627,236,22,12,1,5,1,
82,1,588,180,74,18,1,5,1,
82,2,882,188,30,18,1,5,1,
82,4,899,21,61,27,1,5,1,
82,6,375,159,23,7,1,5,1,
82,7,632,351,37,12,1,5,1,
82,8,746,159,16,20,1,5,1,
82,10,605,434,78,28,1,5,1,
82,13,871,129,23,20,1,5,1,
82,14,618,461,20,22,1,5,1,
82,19,682,231,17,13,1,5,1,
82,24,522,258,36,13,1,5,1,
82,27,626,236,22,13,1,5,1,
83,1,597,180,71,18,1,5,1,
83,2,880,189,28,17,1,5,1,
83,4,906,22,54,27,1,5,1,
83,6,374,157,20,8,1,5,1,
83,7,629,351,37,11,1,5,1,
83,8,745,160,16,20,1,5,1,
83,10,613,433,75,28,1,5,1,
83,13,873,130,22,19,1,5,1,
83,14,616,459,21,21,1,5,1,
83,19,681,231,17,13,1,5,1,
83,24,518,259,39,12,1,5,1,
83,27,624,237,22,12,1,5,1,
84,1,603,181,71,17,1,5,1,
84,2,879,190,26,17,1,5,1,
84,4,912,23,48,27,1,5,1,
84,6,374,156,18,9,1,5,1,
84,7,627,350,37,11,1,5,1,
84,8,745,161,15,19,1,5,1,
84,10,619,432,73,28,1,5,1,
84,13,875,131,22,19,1,5,1,
84,14,615,457,21,21,1,5,1,
84,19,680,231,17,14,1,5,1,
84,24,513,259,44,12,1,5,1,
84,27,622,237,23,12,1,5,1,
85,1,611,181,69,18,1,5,1,
85,2,876,191,28,16,1,5,1,
85,4,918,23,42,28,1,5,1,
85,6,373,155,16,10,1,5,1,
85,7,624,350,37,10,1,5,1,
85,8,744,162,15,19,1,5,1,
85,10,626,431,70,28,1,5,1,
85,13,876,132,24,19,1,5,1,
85,14,613,455,22,21,1,5,1,
85,19,679,232,17,13,1,5,1,
85,24,508,259,47,12,1,5,1,
85,27,620,237,23,12,1,5,1,
85,28,722,534,24,9,1,5,1,
86,1,620,181,67,18,1,5,1,
86,2,873,192,30,16,1,5,1,
86,4,925,24,35,25,1,5,1,
86,6,372,154,14,10,1,5,1,
86,7,621,349,37,11,1,5,1,
86,8,743,163,16,19,1,5,1,
86,10,634,429,66,28,1,5,1,
86,13,876,133,29,19,1,5,1,
86,14,610,453,24,20,1,5,1,
86,19,678,232,17,13,1,5,1,
86,24,504,260,49,12,1,5,1,
86,27,618,238,23,12,1,5,1,
86,28,725,531,24,12,1,5,1,
87,1,627,182,66,17,1,5,1,
87,2,871,193,31,16,1,5,1,
87,4,931,25,29,25,1,5,1,
87,6,371,153,13,10,1,5,1,
87,7,618,348,37,11,1,5,1,
87,8,742,164,18,19,1,5,1,
87,10,640,428,64,28,1,5,1,
87,13,875,135,36,18,1,5,1,
87,14,608,452,25,19,1,5,1,
87,19,677,233,18,12,1,5,1,
87,24,499,260,51,12,1,5,1,
87,27,616,238,23,12,1,5,1,
87,28,729,529,23,14,1,5,1,
88,1,634,182,65,18,1,5,1,
88,2,870,193,30,16,1,5,1,
88,4,935,26,25,16,1,5,1,
88,6,370,152,12,10,1,5,1,
88,7,615,348,38,10,1,5,1,
88,8,740,165,20,18,1,5,1,
88,10,646,427,62,28,1,5,1,
88,13,876,136,39,18,1,5,1,
88,14,606,450,25,19,1,5,1,
88,19,676,233,18,13,1,5,1,
88,24,494,260,53,12,1,5,1,
88,27,615,238,23,12,1,5,1,
88,28,732,526,23,17,1,5,1,
89,1,640,182,64,18,1,5,1,
89,2,867,194,30,16,1,5,1,
89,6,369,151,12,10,1,5,1,
89,7,612,347,38,11,1,5,1,
89,8,739,166,20,18,1,5,1,
89,10,652,426,59,28,1,5,1,
89,13,877,138,41,16,1,5,1,
89,14,603,449,27,18,1,5,1,
89,19,675,233,18,13,1,5,1,
89,24,490,260,54,12,1,5,1,
89,27,613,239,23,11,1,5,1,
89,28,734,524,23,19,1,5,1,
90,1,648,183,62,17,1,5,1,
90,2,865,195,29,15,1,5,1,
90,6,368,150,11,10,1,5,1,
90,7,609,347,38,10,1,5,1,
90,8,738,167,19,18,1,5,1,
90,10,658,425,57,27,1,5,1,
90,13,881,138,40,16,1,5,1,
90,14,600,447,28,18,1,5,1,
90,19,674,234,18,12,1,5,1,
90,24,485,260,54,12,1,5,1,
90,27,611,239,23,12,1,5,1,
90,28,735,522,25,21,1,5,1,
91,1,654,183,62,18,1,5,1,
91,2,863,196,29,15,1,5,1,
91,6,367,148,11,11,1,5,1,
91,7,606,346,38,10,1,5,1,
91,8,736,167,20,19,1,5,1,
91,10,663,423,55,28,1,5,1,
91,13,885,139,39,16,1,5,1,
91,14,598,446,28,17,1,5,1,
91,19,673,234,18,12,1,5,1,
91,24,481,260,54,12,1,5,1,
91,26,762,0,38,12,1,5,1,
91,27,609,239,24,12,1,5,1,
91,28,738,519,24,24,1,5,1,
92,1,661,184,60,17,1,5,1,
92,2,860,196,30,15,1,5,1,
92,6,366,147,11,11,1,5,1,
92,7,603,346,39,10,1,5,1,
92,8,735,168,20,18,1,5,1,
92,10,668,422,53,28,1,5,1,
92,13,889,139,37,16,1,5,1,
92,14,595,444,29,18,1,5,1,
92,19,672,234,18,12,1,5,1,
92,24,477,260,53,12,1,5,1,
92,26,767,0,39,13,1,5,1,
92,27,607,240,24,11,1,5,1,
92,28,739,517,26,26,1,5,1,
93,1,667,184,60,17,1,5,1,
93,2,858,197,30,15,1,5,1,
93,5,456,128,33,10,1,5,1,
93,6,365,146,10,11,1,5,1,
93,7,600,346,39,9,1,5,1,
93,8,734,169,20,18,1,5,1,
93,10,674,421,50,28,1,5,1,
93,13,893,140,36,16,1,5,1,
93,14,592,443,30,17,1,5,1,
93,19,671,235,17,12,1,5,1,
93,24,473,260,52,12,1,5,1,
93,26,770,0,41,15,1,5,1,
93,27,605,240,24,11,1,5,1,
93,28,741,515,27,28,1,5,1,
94,1,674,185,58,17,1,5,1,
94,2,855,198,31,14,1,5,1,
94,5,454,127,32,11,1,5,1,
94,6,365,145,9,11,1,5,1,
94,7,597,345,39,10,1,5,1,
94,8,732,170,20,18,1,5,1,
94,10,679,420,48,27,1,5,1,
94,13,897,140,34,16,1,5,1,
94,14,588,441,32,17,1,5,1,
94,19,670,235,17,12,1,5,1,
94,24,470,260,50,12,1,5,1,
94,26,774,0,43,17,1,5,1,
94,27,603,240,24,11,1,5,1,
94,28,742,513,28,30,1,5,1,
95,1,681,185,56,17,1,5,1,
95,2,852,198,32,15,1,5,1,
95,5,453,126,30,11,1,5,1,
95,6,364,144,9,10,1,5,1,
95,7,594,345,39,9,1,5,1,
95,8,731,171,20,18,1,5,1,
95,10,684,418,46,28,1,5,1,
95,13,901,141,32,16,1,5,1,
95,14,585,440,33,16,1,5,1,
95,19,669,235,17,12,1,5,1,
95,24,467,260,47,12,1,5,1,
95,26,777,0,45,19,1,5,1,
95,27,601,241,24,11,1,5,1,
95,28,744,510,28,32,1,5,1,
96,1,687,185,55,18,1,5,1,
96,2,850,199,32,14,1,5,1,
96,5,452,125,28,11,1,5,1,
96,6,363,142,10,11,1,5,1,
96,7,590,344,40,10,1,5,1,
96,8,730,172,19,17,1,5,1,
96,10,689,417,44,27,1,5,1,
96,13,904,141,31,16,1,5,1,
96,14,581,439,34,15,1,5,1,
96,19,668,236,17,11,1,5,1,
96,24,464,259,45,12,1,5,1,
96,26,779,0,48,20,1,5,1,
96,27,599,241,24,11,1,5,1,
96,28,747,508,27,32,1,5,1,
97,1,693,186,54,17,1,5,1,
97,2,847,200,32,14,1,5,1,
97,5,450,124,28,11,1,5,1,
97,6,363,141,9,11,1,5,1,
97,7,587,344,40,9,1,5,1,
97,8,729,173,19,17,1,5,1,
97,10,693,416,43,27,1,5,1,
97,13,908,142,29,16,1,5,1,
97,14,578,438,34,14,1,5,1,
97,19,667,236,17,11,1,5,1,
97,24,463,259,41,12,1,5,1,
97,26,782,0,50,22,1,5,1,
97,27,597,241,24,11,1,5,1,
97,28,750,506,26,31,1,5,1,
98,1,699,186,52,17,1,5,1,
98,2,845,200,32,14,1,5,1,
98,5,449,122,26,13,1,5,1,
98,6,363,140,9,11,1,5,1,
98,8,727,174,20,17,1,5,1,
98,10,698,415,40,27,1,5,1,
98,13,911,142,28,17,1,5,1,
98,14,574,436,36,15,1,5,1,
98,19,666,236,17,12,1,5,1,
98,24,461,258,38,13,1,5,1,
98,26,783,0,53,24,1,5,1,
98,27,596,241,23,11,1,5,1,
98,28,753,504,25,31,1,5,1,
99,1,704,187,52,17,1,5,1,
99,2,842,201,33,14,1,5,1,
99,5,448,121,25,13,1,5,1,
99,6,362,138,10,12,1,5,1,
99,8,726,175,19,16,1,5,1,
99,10,702,413,39,27,1,5,1,
99,13,915,143,24,16,1,5,1,
99,14,570,435,37,14,1,5,1,
99,19,664,237,18,11,1,5,1,
99,24,461,258,33,12,1,5,1,
99,26,786,0,55,26,1,5,1,
99,27,594,242,23,10,1,5,1,
99,28,755,502,25,30,1,5,1,
100,1,711,187,49,17,1,5,1,
100,2,840,202,31,14,1,5,1,
100,5,448,120,22,13,1,5,1,
100,6,362,137,10,11,1,5,1,
100,8,725,176,19,16,1,5,1,
100,10,707,412,36,27,1,5,1,
100,13,920,143,19,17,1,5,1,
100,14,565,434,38,13,1,5,1,
100,16,912,0,27,16,1,5,1,
100,19,663,237,17,11,1,5,1,
100,24,460,257,28,13,1,5,1,
100,26,789,0,56,27,1,5,1,
100,27,592,242,23,10,1,5,1,
100,28,759,499,22,30,1,5,1,
101,1,716,188,49,17,1,5,1,
101,2,836,202,32,14,1,5,1,
101,5,447,119,21,13,1,5,1,
101,6,362,136,10,11,1,5,1,
101,8,723,176,19,16,1,5,1,
101,10,710,411,36,26,1,5,1,
101,13,919,143,20,18,1,5,1,
101,14,561,433,39,13,1,5,1,
101,16,911,0,36,20,1,5,1,
101,19,662,237,17,11,1,5,1,
101,24,461,257,23,12,1,5,1,
101,26,792,0,57,29,1,5,1,
101,27,590,242,23,11,1,5,1,
101,28,761,497,22,30,1,5,1,
102,1,721,188,48,17,1,5,1,
102,2,833,203,33,13,1,5,1,
102,5,446,118,20,13,1,5,1,
102,6,362,134,10,12,1,5,1,
102,8,722,177,19,16,1,5,1,
102,10,714,410,34,26,1,5,1,
102,13,918,143,19,20,1,5,1,
102,14,556,433,41,11,1,5,1,
102,16,910,0,35,23,1,5,1,
102,19,661,237,17,11,1,5,1,
102,24,462,257,18,12,1,5,1,
102,26,793,0,60,31,1,5,1,
102,27,588,242,23,11,1,5,1,
102,28,763,495,21,30,1,5,1,
103,1,727,189,46,16,1,5,1,
103,2,829,204,35,13,1,5,1,
103,5,446,116,18,14,1,5,1,
103,6,362,133,10,12,1,5,1,
103,8,720,178,20,16,1,5,1,
103,10,717,408,33,27,1,5,1,
103,13,916,144,20,20,1,5,1,
103,14,551,432,42,11,1,5,1,
103,16,909,0,35,26,1,5,1,
103,19,660,238,17,11,1,5,1,
103,24,462,256,14,13,1,5,1,
103,26,797,0,60,33,1,5,1,
103,27,586,243,23,10,1,5,1,
103,28,765,493,21,29,1,5,1,
104,1,732,190,45,16,1,5,1,
104,2,826,204,36,13,1,5,1,
104,5,446,115,16,14,1,5,1,
104,6,362,131,10,13,1,5,1,
104,8,719,179,19,15,1,5,1,
104,10,720,407,32,26,1,5,1,
104,13,913,145,25,20,1,5,1,
104,14,547,432,42,9,1,5,1,
104,16,908,0,34,30,1,5,1,
104,19,659,238,17,11,1,5,1,
104,24,462,256,14,12,1,5,1,
104,26,802,1,59,34,1,5,1,
104,27,584,243,24,10,1,5,1,
104,28,767,491,20,29,1,5,1,
105,1,737,190,44,16,1,5,1,
105,2,821,205,40,13,1,5,1,
105,5,445,113,16,15,1,5,1,
105,6,362,130,11,12,1,5,1,
105,8,718,179,19,16,1,5,1,
105,10,724,406,29,26,1,5,1,
105,13,907,146,33,20,1,5,1,
105,14,542,431,42,10,1,5,1,
105,16,906,0,34,33,1,5,1,
105,19,658,238,17,11,1,5,1,
105,24,462,255,15,13,1,5,1,
105,26,808,3,57,34,1,5,1,
105,27,582,243,24,10,1,5,1,
105,28,769,489,19,28,1,5,1,
106,1,742,191,43,16,1,5,1,
106,2,816,205,43,13,1,5,1,
106,5,445,112,14,15,1,5,1,
106,6,363,128,10,13,1,5,1,
106,8,716,180,19,15,1,5,1,
106,10,727,405,28,25,1,5,1,
106,13,903,147,37,20,1,5,1,
106,14,537,431,42,10,1,5,1,
106,16,905,0,33,36,1,5,1,
106,19,657,239,17,10,1,5,1,
106,24,463,255,15,13,1,5,1,
106,26,813,5,55,33,1,5,1,
106,27,580,243,24,10,1,5,1,
106,28,770,487,19,28,1,5,1,
107,1,747,191,41,16,1,5,1,
107,2,811,206,46,13,1,5,1,
107,5,444,111,14,15,1,5,1,
107,6,363,127,11,13,1,5,1,
107,8,713,181,22,15,1,5,1,
107,10,730,404,27,25,1,5,1,
107,13,899,148,40,20,1,5,1,
107,14,533,431,41,10,1,5,1,
107,16,903,0,33,39,1,5,1,
107,19,655,239,18,10,1,5,1,
107,24,464,255,15,13,1,5,1,
107,26,818,7,54,33,1,5,1,
107,27,578,244,24,10,1,5,1,
107,28,771,485,19,28,1,5,1,
108,1,751,192,41,16,1,5,1,
108,2,809,207,45,12,1,5,1,
108,5,444,109,12,15,1,5,1,
108,6,364,125,11,13,1,5,1,
108,10,732,402,26,25,1,5,1,
108,13,895,149,41,20,1,5,1,
108,14,529,431,40,10,1,5,1,
108,16,901,0,33,42,1,5,1,
108,19,654,239,18,11,1,5,1,
108,24,463,255,17,13,1,5,1,
108,26,823,9,52,33,1,5,1,
108,27,576,244,24,10,1,5,1,
108,28,773,483,18,27,1,5,1,
109,1,755,192,40,16,1,5,1,
109,2,808,207,41,12,1,5,1,
109,5,443,108,12,15,1,5,1,
109,6,365,124,10,13,1,5,1,
109,10,735,401,25,25,1,5,1,
109,13,892,150,41,20,1,5,1,
109,14,525,432,39,10,1,5,1,
109,16,899,0,34,45,1,5,1,
109,19,653,239,17,11,1,5,1,
109,24,463,255,18,13,1,5,1,
109,26,827,11,51,33,1,5,1,
109,27,574,244,24,10,1,5,1,
109,28,773,481,19,27,1,5,1,
110,1,759,193,39,16,1,5,1,
110,2,808,208,36,12,1,5,1,
110,5,443,106,12,16,1,5,1,
110,6,365,122,11,14,1,5,1,
110,10,737,400,24,25,1,5,1,
110,13,888,151,42,20,1,5,1,
110,14,521,432,39,10,1,5,1,
110,16,897,0,36,48,1,5,1,
110,24,463,254,20,14,1,5,1,
110,26,831,13,50,33,1,5,1,
110,27,572,244,24,10,1,5,1,
110,28,774,479,19,27,1,5,1,
111,1,763,193,38,16,1,5,1,
111,2,808,208,30,12,1,5,1,
111,5,443,105,11,16,1,5,1,
111,6,366,121,11,13,1,5,1,
111,10,739,399,23,24,1,5,1,
111,13,885,153,42,19,1,5,1,
111,14,518,433,37,10,1,5,1,
111,16,895,0,39,51,1,5,1,
111,24,464,254,20,14,1,5,1,
111,26,836,15,48,33,1,5,1,
111,27,570,244,24,10,1,5,1,
111,28,775,477,18,27,1,5,1,
112,1,767,194,37,15,1,5,1,
112,2,808,209,25,12,1,5,1,
112,5,443,103,12,17,1,5,1,
112,6,367,119,11,14,1,5,1,
112,10,741,398,22,24,1,5,1,
112,13,881,154,42,19,1,5,1,
112,14,515,434,35,10,1,5,1,
112,16,893,0,39,54,1,5,1,
112,24,464,254,22,14,1,5,1,
112,26,840,16,46,34,1,5,1,
112,27,568,245,24,9,1,5,1,
112,28,776,475,18,27,1,5,1,
113,1,771,194,36,16,1,5,1,
113,2,807,209,22,12,1,5,1,
113,5,443,101,12,18,1,5,1,
113,6,367,117,13,15,1,5,1,
113,10,743,396,21,25,1,5,1,
113,13,878,155,42,19,1,5,1,
113,14,513,434,32,11,1,5,1,
113,16,891,0,40,57,1,5,1,
113,24,465,254,23,14,1,5,1,
113,26,844,19,45,33,1,5,1,
113,28,777,473,18,27,1,5,1,
114,1,775,195,35,15,1,5,1,
114,2,805,210,22,11,1,5,1,
114,5,444,100,11,17,1,5,1,
114,6,368,116,13,14,1,5,1,
114,10,744,395,21,24,1,5,1,
114,13,874,156,42,19,1,5,1,
114,14,511,435,30,11,1,5,1,
114,16,889,3,40,56,1,5,1,
114,22,446,298,10,10,1,5,1,
114,24,466,254,24,14,1,5,1,
114,26,847,20,44,34,1,5,1,
114,28,777,471,18,27,1,5,1,
115,1,779,195,33,16,1,5,1,
115,2,801,210,25,12,1,5,1,
115,5,444,98,12,18,1,5,1,
115,6,369,114,14,15,1,5,1,
115,10,745,394,20,24,1,5,1,
115,13,871,158,42,18,1,5,1,
115,14,510,435,26,13,1,5,1,
115,16,886,7,41,55,1,5,1,
115,22,446,298,10,10,1,5,1,
115,24,467,254,26,14,1,5,1,
115,26,851,23,43,32,1,5,1,
115,28,778,469,17,26,1,5,1,
116,1,782,196,33,15,1,5,1,
116,5,445,97,12,18,1,5,1,
116,6,370,112,14,15,1,5,1,
116,10,745,393,21,24,1,5,1,
116,13,867,159,42,18,1,5,1,
116,14,509,436,22,14,1,5,1,
116,16,884,11,41,54,1,5,1,
116,22,446,298,10,11,1,5,1,
116,24,468,253,27,15,1,5,1,
116,26,855,25,41,32,1,5,1,
116,28,778,468,18,25,1,5,1,
117,1,786,197,31,15,1,5,1,
117,5,445,95,12,18,1,5,1,
117,6,371,111,15,15,1,5,1,
117,10,746,392,21,23,1,5,1,
117,13,864,160,41,18,1,5,1,
117,14,508,437,19,15,1,5,1,
117,16,881,14,42,53,1,5,1,
117,22,446,299,11,10,1,5,1,
117,24,469,253,29,15,1,5,1,
117,26,858,27,40,32,1,5,1,
117,28,779,466,17,25,1,5,1,
118,1,789,197,31,15,1,5,1,
118,5,446,93,12,19,1,5,1,
118,6,372,109,16,15,1,5,1,
118,10,747,391,20,23,1,5,1,
118,13,860,161,42,17,1,5,1,
118,14,508,437,16,16,1,5,1,
118,16,878,17,43,53,1,5,1,
118,22,446,299,11,10,1,5,1,
118,24,470,253,31,15,1,5,1,
118,26,861,29,39,32,1,5,1,
118,28,779,464,17,25,1,5,1,
119,1,792,198,30,15,1,5,1,
119,5,447,91,13,20,1,5,1,
119,6,373,107,17,16,1,5,1,
119,10,747,390,21,23,1,5,1,
119,13,857,162,41,17,1,5,1,
119,14,508,439,12,16,1,5,1,
119,16,875,21,43,51,1,5,1,
119,22,447,299,11,11,1,5,1,
119,24,471,253,33,14,1,5,1,
119,26,865,31,37,32,1,5,1,
119,28,779,462,18,25,1,5,1,
120,1,795,198,29,15,1,5,1,
120,5,447,90,14,19,1,5,1,
120,6,374,105,19,16,1,5,1,
120,10,748,389,20,22,1,5,1,
120,13,853,163,42,17,1,5,1,
120,14,507,440,11,17,1,5,1,
120,16,871,24,45,51,1,5,1,
120,22,447,299,11,11,1,5,1,
120,24,472,253,35,14,1,5,1,
120,26,868,33,35,32,1,5,1,
120,28,779,460,18,25,1,5,1,
121,1,798,199,28,14,1,5,1,
121,5,447,88,15,20,1,5,1,
121,6,376,104,20,16,1,5,1,
121,10,748,387,20,23,1,5,1,
121,13,849,164,43,17,1,5,1,
121,14,507,441,11,18,1,5,1,
121,16,868,27,45,50,1,5,1,
121,22,447,299,12,11,1,5,1,
121,24,474,253,36,14,1,5,1,
121,26,871,35,34,32,1,5,1,
121,28,779,459,18,24,1,5,1,
122,1,801,199,27,15,1,5,1,
122,5,447,86,17,20,1,5,1,
122,6,377,102,22,16,1,5,1,
122,10,748,386,20,23,1,5,1,
122,13,844,165,45,17,1,5,1,
122,14,508,443,13,18,1,5,1,
122,16,864,30,47,50,1,5,1,
122,22,447,300,13,10,1,5,1,
122,24,475,252,39,15,1,5,1,
122,26,874,37,33,31,1,5,1,
122,28,779,457,18,24,1,5,1,
123,1,804,200,26,14,1,5,1,
123,5,448,85,18,20,1,5,1,
123,6,379,100,23,17,1,5,1,
123,10,748,385,21,22,1,5,1,
123,13,838,166,48,17,1,5,1,
123,14,508,444,16,18,1,5,1,
123,16,861,34,47,48,1,5,1,
123,22,447,300,14,11,1,5,1,
123,24,477,252,40,15,1,5,1,
123,26,876,39,33,31,1,5,1,
123,28,779,455,18,24,1,5,1,
124,1,807,200,25,15,1,5,1,
124,5,448,83,20,20,1,5,1,
124,6,381,98,24,17,1,5,1,
124,10,748,384,21,22,1,5,1,
124,13,834,167,49,16,1,5,1,
124,14,507,446,21,18,1,5,1,
124,16,861,37,43,47,1,5,1,
124,22,447,300,15,11,1,5,1,
124,24,479,252,42,15,1,5,1,
124,26,879,41,32,31,1,5,1,
124,28,779,454,18,23,1,5,1,
125,1,810,201,22,14,1,5,1,
125,5,449,81,21,20,1,5,1,
125,6,383,96,25,17,1,5,1,
125,10,748,383,21,22,1,5,1,
125,13,830,168,49,16,1,5,1,
125,14,506,448,27,18,1,5,1,
125,16,860,41,37,45,1,5,1,
125,22,448,300,15,11,1,5,1,
125,24,481,252,44,15,1,5,1,
125,26,881,43,32,31,1,5,1,
125,28,779,452,18,23,1,5,1,
126,1,813,201,20,15,1,5,1,
126,5,450,79,23,21,1,5,1,
126,6,385,94,27,17,1,5,1,
126,10,748,382,21,22,1,5,1,
126,13,826,169,49,16,1,5,1,
126,14,507,449,29,18,1,5,1,
126,16,860,45,30,43,1,5,1,
126,22,448,300,17,12,1,5,1,
126,24,483,252,46,15,1,5,1,
126,26,883,45,32,30,1,5,1,
126,28,779,450,17,23,1,5,1,
127,1,816,202,18,14,1,5,1,
127,5,451,77,25,21,1,5,1,
127,6,387,93,28,17,1,5,1,
127,10,748,381,20,21,1,5,1,
127,13,822,170,49,15,1,5,1,
127,14,508,451,31,18,1,5,1,
127,16,861,50,23,39,1,5,1,
127,22,448,300,21,12,1,5,1,
127,24,485,251,48,16,1,5,1,
127,26,885,47,32,29,1,5,1,
127,28,779,449,17,22,1,5,1,
128,1,817,203,19,14,1,5,1,
128,5,452,76,26,21,1,5,1,
128,6,390,91,29,17,1,5,1,
128,10,748,380,20,21,1,5,1,
128,12,949,229,10,7,1,5,1,
128,13,818,171,49,15,1,5,1,
128,14,509,452,34,18,1,5,1,
128,16,862,54,22,36,1,5,1,
128,22,448,301,25,11,1,5,1,
128,24,487,251,51,16,1,5,1,
128,26,886,49,33,29,1,5,1,
128,28,778,447,18,22,1,5,1,
129,1,819,203,18,14,1,5,1,
129,5,453,74,28,21,1,5,1,
129,6,392,89,31,17,1,5,1,
129,10,747,379,21,21,1,5,1,
129,12,945,229,14,8,1,5,1,
129,13,814,172,48,15,1,5,1,
129,14,511,454,36,18,1,5,1,
129,16,862,58,22,34,1,5,1,
129,22,448,301,30,11,1,5,1,
129,24,490,251,52,16,1,5,1,
129,26,889,52,32,27,1,5,1,
129,28,778,446,17,21,1,5,1,
130,1,820,204,19,14,1,5,1,
130,5,455,72,29,21,1,5,1,
130,6,395,87,32,17,1,5,1,
130,10,747,378,20,21,1,5,1,
130,12,940,229,19,8,1,5,1,
130,13,810,173,48,14,1,5,1,
130,14,514,456,37,17,1,5,1,
130,16,863,61,21,33,1,5,1,
130,22,448,301,35,11,1,5,1,
130,24,493,251,54,16,1,5,1,
130,26,891,53,32,28,1,5,1,
130,28,778,444,17,22,1,5,1,
131,1,822,204,18,14,1,5,1,
131,5,456,70,32,21,1,5,1,
131,6,398,85,33,17,1,5,1,
131,10,746,377,21,20,1,5,1,
131,12,935,228,24,9,1,5,1,
131,13,806,174,47,14,1,5,1,
131,14,516,458,39,17,1,5,1,
131,16,863,63,22,32,1,5,1,
131,22,449,301,39,11,1,5,1,
131,24,496,251,55,16,1,5,1,
131,26,894,55,31,27,1,5,1,
131,28,777,442,18,22,1,5,1,
132,1,824,205,17,14,1,5,1,
132,4,951,108,8,14,1,5,1,
132,5,458,68,33,21,1,5,1,
132,6,401,83,36,17,1,5,1,
132,10,746,376,21,20,1,5,1,
132,12,931,229,28,9,1,5,1,
132,13,802,175,47,14,1,5,1,
132,14,519,459,40,17,1,5,1,
132,16,863,65,22,32,1,5,1,
132,22,450,301,43,11,1,5,1,
132,24,499,250,57,17,1,5,1,
132,26,896,57,31,27,1,5,1,
132,28,777,441,17,21,1,5,1,
133,1,825,206,17,13,1,5,1,
133,4,948,107,11,17,1,5,1,
133,5,460,67,34,20,1,5,1,
133,6,403,81,41,17,1,5,1,
133,7,493,346,13,11,1,5,1,
133,10,745,375,22,20,1,5,1,
133,12,926,229,33,9,1,5,1,
133,13,798,176,46,13,1,5,1,
133,14,522,461,42,17,1,5,1,
133,16,863,67,22,31,1,5,1,
133,22,452,301,46,12,1,5,1,
133,24,502,250,59,17,1,5,1,
133,26,899,59,29,26,1,5,1,
133,28,776,439,18,21,1,5,1,
134,1,827,206,16,13,1,5,1,
134,4,945,107,14,18,1,5,1,
134,5,462,65,36,20,1,5,1,
134,6,406,80,45,16,1,5,1,
134,7,492,347,18,11,1,5,1,
134,10,744,374,23,20,1,5,1,
134,12,922,230,37,8,1,5,1,
134,13,794,176,46,14,1,5,1,
134,14,526,463,42,16,1,5,1,
134,16,863,69,22,31,1,5,1,
134,22,455,301,47,12,1,5,1,
134,24,506,250,61,17,1,5,1,
134,26,901,60,29,27,1,5,1,
134,28,775,438,18,20,1,5,1,
135,1,829,207,15,13,1,5,1,
135,4,942,108,17,19,1,5,1,
135,5,464,63,39,20,1,5,1,
135,6,409,78,48,15,1,5,1,
135,7,491,347,23,12,1,5,1,
135,10,743,373,24,19,1,5,1,
135,12,918,230,41,9,1,5,1,
135,13,790,177,45,13,1,5,1,
135,14,529,465,44,16,1,5,1,
135,16,863,71,21,30,1,5,1,
135,22,458,301,49,12,1,5,1,
135,24,510,250,62,17,1,5,1,
135,26,904,62,27,26,1,5,1,
135,28,775,436,18,20,1,5,1,
136,1,830,207,15,13,1,5,1,
136,4,939,108,20,20,1,5,1,
136,5,465,61,43,20,1,5,1,
136,6,413,77,50,14,1,5,1,
136,7,490,348,28,11,1,5,1,
136,10,742,372,24,19,1,5,1,
136,12,913,230,43,9,1,5,1,
136,13,786,178,45,13,1,5,1,
136,14,533,466,45,16,1,5,1,
136,16,863,72,21,31,1,5,1,
136,22,462,301,49,12,1,5,1,
136,24,513,250,64,17,1,5,1,
136,26,906,64,27,26,1,5,1,
136,28,774,435,19,19,1,5,1,
137,1,831,208,15,13,1,5,1,
137,3,428,139,11,13,1,5,1,
137,4,936,108,23,21,1,5,1,
137,5,465,59,49,20,1,5,1,
137,6,418,76,52,14,1,5,1,
137,7,490,348,32,12,1,5,1,
137,10,741,371,25,19,1,5,1,
137,12,909,231,43,8,1,5,1,
137,13,782,179,46,12,1,5,1,
137,14,536,468,46,15,1,5,1,
137,16,863,74,21,30,1,5,1,
137,22,465,301,51,12,1,5,1,
137,24,517,249,66,18,1,5,1,
137,26,908,65,26,26,1,5,1,
137,28,773,434,19,19,1,5,1,
138,1,832,208,15,13,1,5,1,
138,3,427,138,12,13,1,5,1,
138,4,933,110,26,21,1,5,1,
138,5,467,58,51,19,1,5,1,
138,6,423,74,53,14,1,5,1,
138,7,491,349,36,11,1,5,1,
138,10,740,371,25,18,1,5,1,
138,12,905,231,42,8,1,5,1,
138,13,777,179,46,13,1,5,1,
138,14,540,469,47,16,1,5,1,
138,16,863,76,21,30,1,5,1,
138,22,469,301,51,12,1,5,1,
138,24,521,249,68,18,1,5,1,
138,26,910,67,25,26,1,5,1,
138,28,773,432,19,19,1,5,1,
139,1,833,209,15,12,1,5,1,
139,3,427,137,12,13,1,5,1,
139,4,930,112,29,20,1,5,1,
139,5,469,56,54,18,1,5,1,
139,6,429,73,54,14,1,5,1,
139,7,493,349,39,12,1,5,1,
139,10,738,370,26,18,1,5,1,
139,12,900,231,42,9,1,5,1,
139,13,773,180,46,12,1,5,1,
139,14,544,471,49,15,1,5,1,
139,16,863,78,20,29,1,5,1,
139,22,473,301,52,12,1,5,1,
139,24,525,249,70,18,1,5,1,
139,26,912,68,24,26,1,5,1,
139,28,772,431,19,18,1,5,1,
140,1,833,209,15,13,1,5,1,
140,3,427,136,12,13,1,5,1,
140,4,926,113,34,20,1,5,1,
140,5,473,55,55,17,1,5,1,
140,6,434,72,56,14,1,5,1,
140,7,495,349,42,12,1,5,1,
140,10,737,369,27,18,1,5,1,
140,12,896,232,41,8,1,5,1,
140,13,770,181,45,12,1,5,1,
140,14,549,472,49,15,1,5,1,
140,16,863,79,20,29,1,5,1,
140,22,477,301,52,12,1,5,1,
140,24,529,249,72,18,1,5,1,
140,26,914,70,24,25,1,5,1,
140,28,771,429,19,19,1,5,1,
141,1,834,210,15,12,1,5,1,
141,3,427,135,12,13,1,5,1,
141,4,922,111,37,23,1,5,1,
141,5,477,53,56,18,1,5,1,
141,6,441,71,56,14,1,5,1,
141,7,497,349,46,12,1,5,1,
141,10,735,368,28,17,1,5,1,
141,12,892,232,41,8,1,5,1,
141,14,553,474,50,15,1,5,1,
141,16,863,81,19,29,1,5,1,
141,22,482,301,52,12,1,5,1,
141,24,534,249,73,17,1,5,1,
141,26,916,72,22,25,1,5,1,
141,28,770,428,20,18,1,5,1,
142,1,834,210,15,13,1,5,1,
142,3,427,133,13,14,1,5,1,
142,4,919,111,40,24,1,5,1,
142,5,480,52,59,17,1,5,1,
142,6,446,70,58,14,1,5,1,
142,7,500,349,48,12,1,5,1,
142,10,734,367,28,18,1,5,1,
142,12,888,232,41,8,1,5,1,
142,14,557,475,51,15,1,5,1,
142,16,861,82,20,29,1,5,1,
142,22,485,301,53,12,1,5,1,
142,24,538,249,75,17,1,5,1,
142,26,917,73,22,25,1,5,1,
142,28,769,427,20,18,1,5,1,
143,1,835,211,14,12,1,5,1,
143,3,428,132,12,14,1,5,1,
143,4,915,112,44,25,1,5,1,
143,5,484,51,60,17,1,5,1,
143,6,452,69,59,14,1,5,1,
143,7,504,349,48,12,1,5,1,
143,10,732,366,29,17,1,5,1,
143,12,883,233,41,8,1,5,1,
143,14,561,477,53,14,1,5,1,
143,16,860,83,20,30,1,5,1,
143,22,490,301,53,12,1,5,1,
143,24,542,248,77,18,1,5,1,
143,26,919,74,21,26,1,5,1,
143,28,768,425,20,18,1,5,1,
144,1,835,211,15,12,1,5,1,
144,3,428,131,12,15,1,5,1,
144,4,912,113,45,25,1,5,1,
144,5,488,49,61,18,1,5,1,
144,6,458,67,60,15,1,5,1,
144,7,508,349,49,11,1,5,1,
144,10,730,365,30,17,1,5,1,
144,12,879,233,41,8,1,5,1,
144,14,566,478,53,15,1,5,1,
144,16,859,85,20,29,1,5,1,
144,22,494,301,53,12,1,5,1,
144,24,547,248,79,18,1,5,1,
144,26,919,76,21,25,1,5,1,
144,27,503,246,10,10,1,5,1,
144,28,767,424,20,18,1,5,1,
145,1,835,212,15,12,1,5,1,
145,3,429,130,12,14,1,5,1,
145,4,908,115,45,24,1,5,1,
145,5,493,48,62,17,1,5,1,
145,6,465,66,61,15,1,5,1,
145,7,513,349,48,11,1,5,1,
145,10,729,365,29,16,1,5,1,
145,12,875,233,40,8,1,5,1,
145,14,571,479,54,15,1,5,1,
145,16,858,86,20,30,1,5,1,
145,22,499,301,53,13,1,5,1,
145,24,552,248,80,18,1,5,1,
145,26,920,77,21,26,1,5,1,
145,27,504,246,10,10,1,5,1,
145,28,766,423,20,17,1,5,1,
146,1,835,212,15,12,1,5,1,
146,3,429,129,13,14,1,5,1,
146,4,905,116,44,24,1,5,1,
146,5,497,46,64,18,1,5,1,
146,6,472,65,61,15,1,5,1,
146,7,518,348,47,12,1,5,1,
146,10,727,364,30,16,1,5,1,
146,12,871,234,40,7,1,5,1,
146,14,576,481,55,14,1,5,1,
146,16,857,88,21,29,1,5,1,
146,22,503,302,53,12,1,5,1,
146,24,557,248,82,18,1,5,1,
146,26,921,79,20,25,1,5,1,
146,27,502,246,15,10,1,5,1,
146,28,765,422,20,16,1,5,1,
147,1,835,212,15,13,1,5,1,
147,3,430,128,12,14,1,5,1,
147,4,902,118,44,23,1,5,1,
147,5,502,45,64,17,1,5,1,
147,6,479,64,62,15,1,5,1,
147,7,524,348,45,11,1,5,1,
147,10,725,363,31,16,1,5,1,
147,12,867,234,39,8,1,5,1,
147,14,581,482,56,14,1,5,1,
147,16,856,90,21,28,1,5,1,
147,22,508,303,53,12,1,5,1,
147,24,563,248,83,18,1,5,1,
147,26,922,81,21,23,1,5,1,
147,27,501,246,20,10,1,5,1,
147,28,764,420,20,17,1,5,1,
148,1,835,213,15,12,1,5,1,
148,3,430,126,13,15,1,5,1,
148,4,898,119,44,24,1,5,1,
148,5,506,44,66,17,1,5,1,
148,6,485,63,63,15,1,5,1,
148,7,529,348,43,11,1,5,1,
148,10,723,362,32,16,1,5,1,
148,12,863,234,39,8,1,5,1,
148,14,586,483,56,14,1,5,1,
148,16,855,91,20,29,1,5,1,
148,22,512,303,53,12,1,5,1,
148,24,568,248,84,18,1,5,1,
148,26,922,83,24,22,1,5,1,
148,27,501,246,24,10,1,5,1,
148,28,763,419,20,16,1,5,1,
149,1,835,213,14,12,1,5,1,
149,3,431,125,13,15,1,5,1,
149,4,895,121,44,23,1,5,1,
149,5,511,42,67,18,1,5,1,
149,6,493,62,63,15,1,5,1,
149,7,535,347,39,12,1,5,1,
149,10,721,361,32,16,1,5,1,
149,12,859,235,39,7,1,5,1,
149,14,592,484,56,14,1,5,1,
149,16,854,93,20,28,1,5,1,
149,22,517,303,53,12,1,5,1,
149,24,574,247,85,19,1,5,1,
149,26,923,84,26,21,1,5,1,
149,27,501,246,28,10,1,5,1,
149,28,761,418,21,16,1,5,1,
150,1,834,214,14,12,1,5,1,
150,3,431,124,14,15,1,5,1,
150,4,892,122,43,23,1,5,1,
150,5,515,41,69,18,1,5,1,
150,6,499,61,64,16,1,5,1,
150,7,540,347,36,11,1,5,1,
150,10,719,361,33,15,1,5,1,
150,12,855,235,38,7,1,5,1,
150,14,597,485,57,14,1,5,1,
150,16,853,95,20,27,1,5,1,
150,22,522,303,52,12,1,5,1,
150,24,579,247,87,19,1,5,1,
150,26,925,85,26,21,1,5,1,
150,27,501,246,32,10,1,5,1,
150,28,760,417,21,16,1,5,1,
