1,1,443,166,80,20,1,5,1,
1,2,885,318,74,19,1,5,1,
1,3,719,27,87,20,1,5,1,
1,4,885,242,60,30,1,5,1,
1,5,586,384,101,63,1,5,1,
1,6,218,439,113,29,1,5,1,
1,7,892,419,67,21,1,5,1,
1,8,789,473,145,31,1,5,1,
1,9,139,172,41,15,1,5,1,
1,10,129,387,128,45,1,5,1,
1,11,691,95,39,18,1,5,1,
1,12,198,61,55,43,1,5,1,
1,13,631,0,35,25,1,5,1,
1,14,458,141,42,62,1,5,1,
1,15,169,474,65,21,1,5,1,
1,16,751,-15,72,66,1,5,1,
1,17,427,392,12,22,1,5,1,
1,18,491,458,43,35,1,5,1,
1,19,388,60,46,31,1,5,1,
1,20,687,460,41,63,1,5,1,
1,21,61,526,17,15,1,5,1,
1,22,761,205,105,19,1,5,1,
1,23,1,424,84,24,1,5,1,
1,24,404,301,81,19,1,5,1,
1,25,384,426,104,25,1,5,1,
1,26,310,403,95,47,1,5,1,
1,27,849,173,48,35,1,5,1,
1,28,763,427,38,46,1,5,1,
1,29,565,38,153,36,1,5,1,
1,30,392,71,28,61,1,5,1,
2,1,456,167,76,19,1,5,1,
2,2,874,317,85,17,1,5,1,
2,3,736,27,76,20,1,5,1,
2,4,900,243,48,34,1,5,1,
2,5,586,389,117,62,1,5,1,
2,6,203,439,110,31,1,5,1,
2,7,881,416,78,20,1,5,1,
2,8,774,469,140,31,1,5,1,
2,9,131,174,46,13,1,5,1,
2,10,141,384,128,46,1,5,1,
2,11,700,97,32,18,1,5,1,
2,12,197,61,38,47,1,5,1,
2,13,636,0,37,29,1,5,1,
2,14,449,152,61,51,1,5,1,
2,15,161,473,69,22,1,5,1,
2,16,751,-25,88,68,1,5,1,
2,17,428,395,12,20,1,5,1,
2,18,497,463,42,33,1,5,1,
2,19,396,65,45,28,1,5,1,
2,20,693,458,39,55,1,5,1,
2,21,58,525,20,12,1,5,1,
2,22,778,204,102,19,1,5,1,
2,23,0,427,72,22,1,5,1,
2,24,415,301,75,19,1,5,1,
2,25,373,424,99,26,1,5,1,
2,26,303,402,84,54,1,5,1,
2,27,851,170,50,36,1,5,1,
2,28,766,425,37,43,1,5,1,
2,29,587,36,144,37,1,5,1,
2,30,396,79,28,55,1,5,1,
3,1,467,167,74,19,1,5,1,
3,2,861,315,94,18,1,5,1,
3,3,748,27,70,21,1,5,1,
3,4,899,240,49,42,1,5,1,
3,5,588,392,131,63,1,5,1,
3,6,188,438,114,34,1,5,1,
3,7,871,414,88,20,1,5,1,
3,8,760,465,138,32,1,5,1,
3,9,124,174,50,13,1,5,1,
3,10,152,380,130,47,1,5,1,
3,11,705,99,29,17,1,5,1,
3,12,197,62,30,51,1,5,1,
3,13,642,0,39,32,1,5,1,
3,14,448,156,73,47,1,5,1,
3,15,152,473,75,22,1,5,1,
3,16,753,-36,106,73,1,5,1,
3,17,426,397,15,21,1,5,1,
3,18,498,468,50,31,1,5,1,
3,19,401,69,47,27,1,5,1,
3,20,698,455,37,52,1,5,1,
3,21,54,525,25,11,1,5,1,
3,22,791,204,103,20,1,5,1,
3,23,-7,429,71,21,1,5,1,
3,24,422,301,72,19,1,5,1,
3,25,361,424,99,26,1,5,1,
3,26,297,403,77,60,1,5,1,
3,27,853,167,51,38,1,5,1,
3,28,767,423,36,42,1,5,1,
3,29,603,36,139,37,1,5,1,
3,30,393,84,37,52,1,5,1,
4,1,476,168,74,18,1,5,1,
4,2,849,314,90,17,1,5,1,
4,3,758,27,64,22,1,5,1,
4,4,896,239,49,49,1,5,1,
4,5,591,396,145,62,1,5,1,
4,6,172,437,118,39,1,5,1,
4,7,862,412,85,19,1,5,1,
4,8,748,460,134,36,1,5,1,
4,9,116,174,54,13,1,5,1,
4,10,162,377,132,44,1,5,1,
4,11,710,100,26,18,1,5,1,
4,12,198,64,29,53,1,5,1,
4,13,644,0,46,34,1,5,1,
4,14,448,160,84,44,1,5,1,
4,15,143,471,79,26,1,5,1,
4,16,758,-46,123,76,1,5,1,
4,17,425,399,20,21,1,5,1,
4,18,502,472,55,30,1,5,1,
4,19,406,72,49,26,1,5,1,
4,20,698,453,41,46,1,5,1,
4,21,48,525,29,12,1,5,1,
4,22,804,204,103,21,1,5,1,
4,23,-14,430,70,21,1,5,1,
4,24,428,301,69,20,1,5,1,
4,25,350,423,98,29,1,5,1,
4,26,293,404,70,68,1,5,1,
4,27,856,163,52,40,1,5,1,
4,28,766,420,36,41,1,5,1,
4,29,619,36,132,38,1,5,1,
4,30,391,88,47,51,1,5,1,
5,1,485,168,74,18,1,5,1,
5,2,838,314,86,16,1,5,1,
5,3,767,27,58,24,1,5,1,
5,4,897,241,51,51,1,5,1,
5,5,597,400,155,61,1,5,1,
5,6,156,437,122,45,1,5,1,
5,7,855,410,77,19,1,5,1,
5,8,737,455,128,39,1,5,1,
5,9,107,173,59,13,1,5,1,
5,10,174,375,133,40,1,5,1,
5,11,716,101,20,19,1,5,1,
5,12,201,67,28,54,1,5,1,
5,13,642,0,56,36,1,5,1,
5,14,451,162,92,43,1,5,1,
5,15,133,469,84,31,1,5,1,
5,16,764,-55,141,77,1,5,1,
5,17,425,401,24,21,1,5,1,
5,18,506,475,60,29,1,5,1,
5,19,412,76,49,24,1,5,1,
5,20,694,450,54,41,1,5,1,
5,21,41,524,35,13,1,5,1,
5,22,816,204,103,20,1,5,1,
5,23,-21,431,69,22,1,5,1,
5,24,434,302,66,19,1,5,1,
5,25,339,421,98,35,1,5,1,
5,26,291,408,62,70,1,5,1,
5,27,851,159,63,42,1,5,1,
5,28,764,417,42,41,1,5,1,
5,29,634,37,125,40,1,5,1,
5,30,390,92,56,48,1,5,1,
6,1,495,168,72,19,1,5,1,
6,2,828,313,82,16,1,5,1,
6,3,776,27,51,26,1,5,1,
6,4,901,244,51,52,1,5,1,
6,5,604,404,163,59,1,5,1,
6,6,140,437,124,51,1,5,1,
6,7,849,407,70,20,1,5,1,
6,8,728,450,121,42,1,5,1,
6,9,99,173,62,13,1,5,1,
6,10,186,373,133,37,1,5,1,
6,11,721,102,14,20,1,5,1,
6,12,205,70,27,55,1,5,1,
6,13,637,0,70,37,1,5,1,
6,14,454,164,101,42,1,5,1,
6,15,124,468,87,36,1,5,1,
6,17,425,404,29,20,1,5,1,
6,18,511,479,65,26,1,5,1,
6,19,418,79,50,23,1,5,1,
6,20,691,448,66,37,1,5,1,
6,21,34,524,39,15,1,5,1,
6,22,827,203,105,21,1,5,1,
6,23,-27,432,66,20,1,5,1,
6,24,439,302,63,20,1,5,1,
6,25,328,421,97,40,1,5,1,
6,26,290,413,53,70,1,5,1,
6,27,846,154,87,45,1,5,1,
6,28,760,414,50,41,1,5,1,
6,29,648,38,118,41,1,5,1,
6,30,391,97,64,44,1,5,1,
7,1,505,169,68,18,1,5,1,
7,2,819,312,76,16,1,5,1,
7,3,784,28,47,27,1,5,1,
7,4,899,247,60,52,1,5,1,
7,5,614,409,168,55,1,5,1,
7,6,123,439,127,57,1,5,1,
7,7,845,404,62,21,1,5,1,
7,8,721,445,111,43,1,5,1,
7,9,90,172,65,13,1,5,1,
7,10,198,372,133,33,1,5,1,
7,11,722,103,14,21,1,5,1,
7,12,203,74,35,55,1,5,1,
7,13,628,0,86,40,1,5,1,
7,14,464,166,97,41,1,5,1,
7,15,114,468,91,40,1,5,1,
7,17,426,406,33,20,1,5,1,
7,18,518,483,67,23,1,5,1,
7,19,424,83,50,20,1,5,1,
7,20,690,446,76,36,1,5,1,
7,21,27,523,42,19,1,5,1,
7,22,838,203,107,21,1,5,1,
7,23,-32,433,63,19,1,5,1,
7,24,443,303,62,20,1,5,1,
7,25,317,422,96,44,1,5,1,
7,26,291,418,43,70,1,5,1,
7,27,842,150,112,45,1,5,1,
7,28,755,411,58,40,1,5,1,
7,29,662,37,109,45,1,5,1,
7,30,393,101,71,41,1,5,1,
8,1,516,169,63,19,1,5,1,
8,2,811,312,70,15,1,5,1,
8,3,789,30,46,26,1,5,1,
8,4,895,250,65,51,1,5,1,
8,5,625,414,171,51,1,5,1,
8,6,107,441,129,62,1,5,1,
8,7,842,401,53,21,1,5,1,
8,8,715,440,101,45,1,5,1,
8,9,81,171,68,14,1,5,1,
8,10,211,370,131,31,1,5,1,
8,11,723,105,13,21,1,5,1,
8,12,201,78,45,55,1,5,1,
8,13,631,0,88,43,1,5,1,
8,14,473,167,93,41,1,5,1,
8,15,105,469,92,44,1,5,1,
8,17,428,409,37,19,1,5,1,
8,18,525,487,69,20,1,5,1,
8,19,430,87,52,18,1,5,1,
8,20,690,444,86,35,1,5,1,
8,21,19,524,46,19,1,5,1,
8,22,850,203,107,22,1,5,1,
8,23,-36,434,59,20,1,5,1,
8,24,446,305,63,20,1,5,1,
8,25,307,423,94,49,1,5,1,
8,26,293,422,33,70,1,5,1,
8,27,840,146,119,46,1,5,1,
8,28,748,408,64,39,1,5,1,
8,29,673,40,108,44,1,5,1,
8,30,396,105,77,38,1,5,1,
9,1,522,170,66,18,1,5,1,
9,2,804,312,63,15,1,5,1,
9,3,795,31,45,27,1,5,1,
9,4,892,253,68,45,1,5,1,
9,5,639,419,169,47,1,5,1,
9,6,90,445,132,66,1,5,1,
9,7,841,399,44,20,1,5,1,
9,8,711,435,90,45,1,5,1,
9,9,72,170,70,14,1,5,1,
9,10,225,370,128,29,1,5,1,
9,11,724,107,13,20,1,5,1,
9,12,201,82,53,54,1,5,1,
9,13,641,0,79,44,1,5,1,
9,14,481,169,92,39,1,5,1,
9,15,96,470,93,48,1,5,1,
9,17,430,412,41,17,1,5,1,
9,18,533,490,70,18,1,5,1,
9,19,437,90,52,16,1,5,1,
9,20,694,443,91,34,1,5,1,
9,21,14,525,45,19,1,5,1,
9,22,861,204,99,22,1,5,1,
9,24,448,307,66,19,1,5,1,
9,25,297,426,92,52,1,5,1,
9,26,294,427,33,69,1,5,1,
9,27,840,142,120,47,1,5,1,
9,28,745,406,60,37,1,5,1,
9,29,684,42,107,43,1,5,1,
9,30,400,108,82,35,1,5,1,
10,1,529,171,69,18,1,5,1,
10,2,799,312,55,14,1,5,1,
10,3,801,33,42,26,1,5,1,
10,4,892,256,68,42,1,5,1,
10,5,653,425,165,42,1,5,1,
10,6,74,449,133,70,1,5,1,
10,7,840,397,35,19,1,5,1,
10,8,708,431,78,44,1,5,1,
10,9,63,168,71,15,1,5,1,
10,10,238,369,125,29,1,5,1,
10,11,724,109,13,20,1,5,1,
10,12,202,87,61,52,1,5,1,
10,13,648,0,77,46,1,5,1,
10,14,489,171,91,38,1,5,1,
10,15,87,472,94,52,1,5,1,
10,17,434,416,44,15,1,5,1,
10,18,542,491,70,17,1,5,1,
10,19,444,93,53,14,1,5,1,
10,20,700,442,94,33,1,5,1,
10,21,6,527,47,17,1,5,1,
10,22,873,204,87,22,1,5,1,
10,24,450,308,70,20,1,5,1,
10,25,288,428,89,57,1,5,1,
10,26,294,432,34,67,1,5,1,
10,27,842,142,118,44,1,5,1,
10,28,744,403,49,36,1,5,1,
10,29,695,43,107,43,1,5,1,
10,30,405,111,87,32,1,5,1,
11,1,537,171,69,18,1,5,1,
11,2,796,312,46,14,1,5,1,
11,3,806,34,41,27,1,5,1,
11,4,893,259,67,37,1,5,1,
11,5,669,426,156,41,1,5,1,
11,6,58,453,133,76,1,5,1,
11,7,839,395,28,18,1,5,1,
11,8,707,426,66,43,1,5,1,
11,9,54,167,72,15,1,5,1,
11,10,251,368,122,29,1,5,1,
11,11,725,111,13,19,1,5,1,
11,12,205,91,67,51,1,5,1,
11,13,654,1,76,47,1,5,1,
11,14,497,172,89,38,1,5,1,
11,15,78,474,94,56,1,5,1,
11,17,438,418,47,14,1,5,1,
11,18,552,490,67,18,1,5,1,
11,19,452,94,52,12,1,5,1,
11,20,707,441,95,33,1,5,1,
11,21,-3,529,50,15,1,5,1,
11,22,886,205,74,21,1,5,1,
11,24,453,308,75,21,1,5,1,
11,25,280,431,85,61,1,5,1,
11,26,295,437,35,66,1,5,1,
11,27,847,139,113,44,1,5,1,
11,28,742,402,39,33,1,5,1,
11,29,706,45,106,42,1,5,1,
11,30,411,114,90,29,1,5,1,
12,1,545,171,69,18,1,5,1,
12,2,793,312,39,14,1,5,1,
12,3,812,36,39,26,1,5,1,
12,4,897,262,63,37,1,5,1,
12,5,686,425,145,41,1,5,1,
12,6,43,457,132,82,1,5,1,
12,7,838,393,22,17,1,5,1,
12,8,706,422,54,41,1,5,1,
12,9,46,165,72,16,1,5,1,
12,10,263,368,119,29,1,5,1,
12,11,725,113,13,19,1,5,1,
12,12,209,96,71,49,1,5,1,
12,13,661,4,74,46,1,5,1,
12,14,504,174,88,37,1,5,1,
12,15,69,477,94,59,1,5,1,
12,17,442,420,50,13,1,5,1,
12,18,561,489,65,18,1,5,1,
12,19,459,93,53,12,1,5,1,
12,20,714,439,96,33,1,5,1,
12,21,-12,531,52,13,1,5,1,
12,22,899,205,61,22,1,5,1,
12,24,456,309,80,21,1,5,1,
12,25,273,434,80,66,1,5,1,
12,26,296,441,36,67,1,5,1,
12,27,853,140,107,40,1,5,1,
12,28,740,400,32,31,1,5,1,
12,29,717,46,105,42,1,5,1,
12,30,417,117,93,27,1,5,1,
13,1,554,171,69,19,1,5,1,
13,2,792,312,30,14,1,5,1,
13,3,817,37,38,27,1,5,1,
13,4,904,264,56,32,1,5,1,
13,5,705,424,129,40,1,5,1,
13,6,32,463,126,80,1,5,1,
13,7,838,391,20,17,1,5,1,
13,8,706,419,42,37,1,5,1,
13,9,38,164,71,16,1,5,1,
13,10,276,368,113,30,1,5,1,
13,11,726,115,12,19,1,5,1,
13,12,214,101,75,47,1,5,1,
13,13,667,6,72,47,1,5,1,
13,14,513,175,85,36,1,5,1,
13,15,61,480,91,61,1,5,1,
13,17,448,420,51,14,1,5,1,
13,18,572,488,60,17,1,5,1,
13,19,467,92,52,12,1,5,1,
13,20,722,438,96,33,1,5,1,
13,22,914,204,46,19,1,5,1,
13,24,461,309,83,21,1,5,1,
13,25,267,439,73,70,1,5,1,
13,26,289,446,46,66,1,5,1,
13,27,863,138,97,39,1,5,1,
13,28,740,398,31,30,1,5,1,
13,29,727,49,107,40,1,5,1,
13,30,425,119,94,25,1,5,1,
14,1,562,172,69,18,1,5,1,
14,2,791,312,24,14,1,5,1,
14,3,822,39,37,27,1,5,1,
14,5,723,422,111,39,1,5,1,
14,6,27,469,115,75,1,5,1,
14,7,840,390,19,16,1,5,1,
14,8,704,416,34,34,1,5,1,
14,9,30,162,70,16,1,5,1,
14,10,286,369,110,29,1,5,1,
14,11,726,116,12,19,1,5,1,
14,12,219,105,79,45,1,5,1,
14,13,673,9,71,46,1,5,1,
14,14,520,177,85,35,1,5,1,
14,15,55,484,88,59,1,5,1,
14,17,454,421,52,13,1,5,1,
14,18,582,486,54,17,1,5,1,
14,19,475,90,50,13,1,5,1,
14,20,733,437,88,33,1,5,1,
14,22,927,204,33,14,1,5,1,
14,24,466,309,85,22,1,5,1,
14,25,263,443,66,74,1,5,1,
14,26,285,452,61,63,1,5,1,
14,27,875,136,85,35,1,5,1,
14,28,739,396,31,30,1,5,1,
14,29,738,50,105,40,1,5,1,
14,30,432,119,96,24,1,5,1,
15,1,570,172,70,18,1,5,1,
15,2,789,312,19,13,1,5,1,
15,3,826,41,36,26,1,5,1,
15,5,741,419,92,39,1,5,1,
15,6,16,475,109,69,1,5,1,
15,7,842,389,19,15,1,5,1,
15,8,703,413,26,31,1,5,1,
15,9,23,160,68,17,1,5,1,
15,10,297,369,106,30,1,5,1,
15,11,726,118,12,19,1,5,1,
15,12,226,109,81,43,1,5,1,
15,13,679,12,69,45,1,5,1,
15,14,528,178,82,35,1,5,1,
15,15,53,488,80,55,1,5,1,
15,17,460,421,53,14,1,5,1,
15,18,591,483,49,19,1,5,1,
15,19,482,89,50,13,1,5,1,
15,20,741,436,87,32,1,5,1,
15,24,472,309,86,22,1,5,1,
15,25,260,448,58,78,1,5,1,
15,26,281,458,77,59,1,5,1,
15,28,738,394,31,29,1,5,1,
15,29,749,51,103,40,1,5,1,
15,30,440,119,97,24,1,5,1,
16,1,578,172,70,18,1,5,1,
16,2,789,311,17,14,1,5,1,
16,3,830,43,35,26,1,5,1,
16,5,756,417,76,40,1,5,1,
16,6,7,482,102,62,1,5,1,
16,7,844,388,19,15,1,5,1,
16,8,703,411,25,28,1,5,1,
16,9,17,158,65,17,1,5,1,
16,10,307,371,101,30,1,5,1,
16,11,726,120,12,18,1,5,1,
16,12,232,114,83,39,1,5,1,
16,13,684,14,68,45,1,5,1,
16,14,535,180,81,34,1,5,1,
16,15,48,492,76,52,1,5,1,
16,17,467,422,52,14,1,5,1,
16,18,598,481,48,19,1,5,1,
16,19,488,88,51,12,1,5,1,
16,20,748,434,87,33,1,5,1,
16,24,477,309,88,22,1,5,1,
16,25,259,454,48,81,1,5,1,
16,26,279,464,93,54,1,5,1,
16,28,740,393,30,28,1,5,1,
16,29,760,52,100,40,1,5,1,
16,30,448,118,97,24,1,5,1,
17,1,586,172,70,18,1,5,1,
17,2,790,311,16,13,1,5,1,
17,3,835,44,33,26,1,5,1,
17,5,764,415,74,39,1,5,1,
17,6,0,490,91,54,1,5,1,
17,7,847,387,18,15,1,5,1,
17,8,705,409,24,26,1,5,1,
17,9,12,156,61,18,1,5,1,
17,10,318,372,94,31,1,5,1,
17,11,726,122,12,18,1,5,1,
17,12,240,118,84,36,1,5,1,
17,13,690,16,65,45,1,5,1,
17,14,543,181,78,34,1,5,1,
17,15,43,497,70,47,1,5,1,
17,17,473,422,53,14,1,5,1,
17,18,604,480,47,18,1,5,1,
17,19,494,86,52,13,1,5,1,
17,20,755,433,87,32,1,5,1,
17,24,483,310,89,22,1,5,1,
17,25,260,460,37,83,1,5,1,
17,26,280,469,105,50,1,5,1,
17,28,742,391,29,27,1,5,1,
17,29,772,53,97,40,1,5,1,
17,30,456,118,98,24,1,5,1,
18,1,595,173,70,18,1,5,1,
18,2,792,311,16,13,1,5,1,
18,3,839,46,32,26,1,5,1,
18,5,770,413,73,39,1,5,1,
18,6,-4,498,78,46,1,5,1,
18,7,849,386,19,14,1,5,1,
18,8,708,407,23,24,1,5,1,
18,9,8,155,56,17,1,5,1,
18,10,328,373,88,33,1,5,1,
18,11,726,123,11,18,1,5,1,
18,12,248,121,84,34,1,5,1,
18,13,696,19,63,44,1,5,1,
18,14,551,182,74,33,1,5,1,
18,15,40,502,63,42,1,5,1,
18,17,480,422,53,14,1,5,1,
18,18,610,478,47,18,1,5,1,
18,19,501,85,52,13,1,5,1,
18,20,762,432,87,32,1,5,1,
18,24,489,310,90,22,1,5,1,
18,25,261,467,32,76,1,5,1,
18,26,285,472,110,50,1,5,1,
18,28,743,390,29,26,1,5,1,
18,29,783,53,93,41,1,5,1,
18,30,464,118,98,24,1,5,1,
19,1,603,173,70,18,1,5,1,
19,2,792,311,19,13,1,5,1,
19,3,843,48,31,26,1,5,1,
19,5,774,412,78,38,1,5,1,
19,6,-4,507,61,37,1,5,1,
19,7,850,384,18,15,1,5,1,
19,8,708,406,28,22,1,5,1,
19,9,5,153,50,17,1,5,1,
19,10,335,373,88,35,1,5,1,
19,11,725,125,12,18,1,5,1,
19,12,257,125,82,31,1,5,1,
19,13,702,21,60,44,1,5,1,
19,14,559,183,71,33,1,5,1,
19,15,38,508,54,36,1,5,1,
19,17,486,423,54,14,1,5,1,
19,18,617,476,45,18,1,5,1,
19,19,507,84,53,13,1,5,1,
19,20,770,431,87,31,1,5,1,
19,24,496,310,90,22,1,5,1,
19,25,260,475,33,69,1,5,1,
19,26,291,475,115,50,1,5,1,
19,28,744,389,28,26,1,5,1,
19,29,796,53,84,42,1,5,1,
19,30,473,118,98,24,1,5,1,
20,1,612,173,69,18,1,5,1,
20,2,791,311,25,12,1,5,1,
20,3,847,49,30,26,1,5,1,
20,5,780,410,78,38,1,5,1,
20,7,849,383,19,15,1,5,1,
20,8,706,404,37,22,1,5,1,
20,9,3,151,43,18,1,5,1,
20,10,340,374,92,36,1,5,1,
20,11,725,127,11,17,1,5,1,
20,12,265,128,81,28,1,5,1,
20,13,707,23,58,44,1,5,1,
20,14,561,185,78,31,1,5,1,
20,15,38,513,44,31,1,5,1,
20,17,493,423,54,14,1,5,1,
20,18,623,475,44,17,1,5,1,
20,19,513,82,54,13,1,5,1,
20,20,777,430,87,31,1,5,1,
20,24,502,310,91,22,1,5,1,
20,25,261,483,34,61,1,5,1,
20,26,298,478,119,50,1,5,1,
20,28,745,387,28,26,1,5,1,
20,29,807,54,80,42,1,5,1,
20,30,481,118,98,25,1,5,1,
21,1,620,173,69,18,1,5,1,
21,2,794,310,26,13,1,5,1,
21,3,851,51,28,26,1,5,1,
21,5,793,408,62,38,1,5,1,
21,7,848,381,19,15,1,5,1,
21,8,706,403,44,21,1,5,1,
21,9,3,150,35,17,1,5,1,
21,10,345,376,98,37,1,5,1,
21,11,724,128,12,17,1,5,1,
21,12,274,131,79,26,1,5,1,
21,13,712,25,56,44,1,5,1,
21,14,562,186,86,30,1,5,1,
21,15,39,519,34,25,1,5,1,
21,17,500,423,54,15,1,5,1,
21,18,629,473,43,18,1,5,1,
21,19,519,80,55,14,1,5,1,
21,20,784,429,86,31,1,5,1,
21,24,508,310,93,23,1,5,1,
21,25,259,492,40,52,1,5,1,
21,26,304,481,125,49,1,5,1,
21,28,745,386,28,25,1,5,1,
21,29,816,56,77,42,1,5,1,
21,30,490,118,96,24,1,5,1,
22,1,628,174,69,18,1,5,1,
22,2,797,310,26,13,1,5,1,
22,3,855,53,27,26,1,5,1,
22,5,799,406,60,37,1,5,1,
22,7,848,380,18,15,1,5,1,
22,8,710,402,45,21,1,5,1,
22,9,1,148,31,18,1,5,1,
22,10,350,379,103,37,1,5,1,
22,11,724,130,11,17,1,5,1,
22,12,283,134,77,24,1,5,1,
22,13,717,28,54,43,1,5,1,
22,14,566,187,89,31,1,5,1,
22,15,42,524,22,20,1,5,1,
22,17,506,424,55,14,1,5,1,
22,18,635,471,42,18,1,5,1,
22,19,525,78,57,14,1,5,1,
22,20,792,428,84,31,1,5,1,
22,24,516,310,93,23,1,5,1,
22,25,253,500,50,44,1,5,1,
22,26,311,485,130,49,1,5,1,
22,28,746,384,28,25,1,5,1,
22,29,824,58,75,42,1,5,1,
22,30,499,118,94,25,1,5,1,
23,1,637,174,68,18,1,5,1,
23,2,801,310,25,12,1,5,1,
23,3,858,55,26,25,1,5,1,
23,5,805,404,58,37,1,5,1,
23,7,848,379,18,14,1,5,1,
23,8,715,401,44,20,1,5,1,
23,9,0,146,28,18,1,5,1,
23,10,355,382,110,36,1,5,1,
23,11,723,132,11,16,1,5,1,
23,12,292,136,73,22,1,5,1,
23,13,722,30,51,43,1,5,1,
23,14,571,188,91,32,1,5,1,
23,17,513,424,54,14,1,5,1,
23,18,641,469,40,18,1,5,1,
23,19,531,76,58,15,1,5,1,
23,20,800,427,82,30,1,5,1,
23,24,524,310,92,22,1,5,1,
23,25,248,511,61,33,1,5,1,
23,26,319,488,134,48,1,5,1,
23,28,747,383,27,25,1,5,1,
23,29,833,60,72,42,1,5,1,
23,30,510,118,89,25,1,5,1,
24,1,646,174,67,18,1,5,1,
24,2,805,309,24,13,1,5,1,
24,3,861,56,25,26,1,5,1,
24,5,811,403,55,36,1,5,1,
24,7,847,378,18,14,1,5,1,
24,8,720,400,43,20,1,5,1,
24,9,-1,144,25,19,1,5,1,
24,10,361,385,116,36,1,5,1,
24,11,723,133,11,16,1,5,1,
24,12,301,137,69,21,1,5,1,
24,13,726,32,49,43,1,5,1,
24,14,575,189,95,32,1,5,1,
24,17,520,424,54,14,1,5,1,
24,18,647,468,39,17,1,5,1,
24,19,538,75,59,15,1,5,1,
24,20,808,426,79,30,1,5,1,
24,24,534,310,88,22,1,5,1,
24,26,327,492,139,47,1,5,1,
24,28,747,382,27,24,1,5,1,
24,29,841,62,69,41,1,5,1,
24,30,520,118,85,26,1,5,1,
25,1,654,174,66,18,1,5,1,
25,2,808,309,23,12,1,5,1,
25,3,864,58,24,25,1,5,1,
25,5,817,401,53,36,1,5,1,
25,7,847,376,17,14,1,5,1,
25,8,725,398,43,20,1,5,1,
25,9,-5,142,26,19,1,5,1,
25,10,368,387,121,36,1,5,1,
25,11,722,135,11,16,1,5,1,
25,12,309,137,65,20,1,5,1,
25,13,730,35,48,43,1,5,1,
25,14,580,191,97,32,1,5,1,
25,17,527,424,54,14,1,5,1,
25,18,652,466,38,18,1,5,1,
25,19,545,75,59,14,1,5,1,
25,20,815,425,78,30,1,5,1,
25,24,540,310,89,21,1,5,1,
25,26,335,495,144,47,1,5,1,
25,28,748,381,26,24,1,5,1,
25,29,848,64,68,41,1,5,1,
25,30,528,119,84,26,1,5,1,
26,1,662,175,66,18,1,5,1,
26,2,811,308,23,13,1,5,1,
26,3,867,60,23,25,1,5,1,
26,5,822,400,51,35,1,5,1,
26,7,846,375,17,14,1,5,1,
26,8,730,397,42,20,1,5,1,
26,9,-8,142,26,17,1,5,1,
26,10,375,389,127,36,1,5,1,
26,11,721,136,11,16,1,5,1,
26,12,317,136,61,21,1,5,1,
26,13,735,37,46,42,1,5,1,
26,14,585,194,99,31,1,5,1,
26,17,534,424,54,14,1,5,1,
26,18,658,465,36,17,1,5,1,
26,19,552,74,60,15,1,5,1,
26,20,822,424,76,30,1,5,1,
26,24,546,310,89,20,1,5,1,
26,26,344,498,148,45,1,5,1,
26,28,748,379,27,24,1,5,1,
26,29,855,66,66,41,1,5,1,
26,30,536,120,82,26,1,5,1,
27,1,670,175,66,18,1,5,1,
27,2,815,308,21,12,1,5,1,
27,3,871,61,20,27,1,5,1,
27,5,828,398,48,35,1,5,1,
27,7,846,374,17,14,1,5,1,
27,8,736,396,41,20,1,5,1,
27,9,-12,140,26,18,1,5,1,
27,10,384,391,132,36,1,5,1,
27,11,720,138,11,15,1,5,1,
27,12,325,135,55,21,1,5,1,
27,13,741,38,43,42,1,5,1,
27,14,591,196,101,31,1,5,1,
27,17,541,424,54,14,1,5,1,
27,18,663,463,35,18,1,5,1,
27,19,560,73,60,15,1,5,1,
27,20,830,423,73,29,1,5,1,
27,24,553,310,89,20,1,5,1,
27,26,354,501,151,42,1,5,1,
27,28,749,378,26,23,1,5,1,
27,29,862,68,65,40,1,5,1,
27,30,543,121,82,25,1,5,1,
28,1,678,175,65,18,1,5,1,
28,2,818,308,21,12,1,5,1,
28,3,870,62,21,28,1,5,1,
28,5,833,397,47,34,1,5,1,
28,7,845,373,17,13,1,5,1,
28,8,742,395,39,20,1,5,1,
28,9,-15,140,26,15,1,5,1,
28,10,393,393,137,36,1,5,1,
28,11,718,139,14,16,1,5,1,
28,12,333,134,48,20,1,5,1,
28,13,749,38,37,43,1,5,1,
28,14,597,198,102,29,1,5,1,
28,17,548,424,54,14,1,5,1,
28,18,668,461,34,18,1,5,1,
28,19,567,72,61,15,1,5,1,
28,20,837,422,71,29,1,5,1,
28,24,560,310,88,20,1,5,1,
28,26,364,504,154,39,1,5,1,
28,28,749,377,26,23,1,5,1,
28,29,869,70,63,40,1,5,1,
28,30,551,122,81,25,1,5,1,
29,1,687,176,63,18,1,5,1,
29,2,821,307,20,12,1,5,1,
29,3,870,63,20,30,1,5,1,
29,5,839,395,44,34,1,5,1,
29,7,844,371,17,14,1,5,1,
29,8,749,395,37,18,1,5,1,
29,10,402,394,142,37,1,5,1,
29,11,714,140,18,16,1,5,1,
29,12,341,132,41,21,1,5,1,
29,13,757,38,32,45,1,5,1,
29,14,605,198,101,29,1,5,1,
29,17,555,424,53,14,1,5,1,
29,18,673,460,32,17,1,5,1,
29,19,574,70,62,15,1,5,1,
29,20,844,421,69,29,1,5,1,
29,24,567,309,88,21,1,5,1,
29,26,375,506,156,37,1,5,1,
29,28,749,376,26,22,1,5,1,
29,29,876,72,60,39,1,5,1,
29,30,558,122,80,26,1,5,1,
30,1,695,176,62,18,1,5,1,
30,2,824,307,19,12,1,5,1,
30,3,868,65,21,30,1,5,1,
30,5,844,394,43,34,1,5,1,
30,7,844,370,16,14,1,5,1,
30,8,755,394,34,18,1,5,1,
30,10,412,396,146,37,1,5,1,
30,11,710,141,21,16,1,5,1,
30,12,347,129,34,22,1,5,1,
30,13,762,39,29,46,1,5,1,
30,14,612,198,101,29,1,5,1,
30,17,561,424,54,14,1,5,1,
30,18,678,458,30,18,1,5,1,
30,19,582,69,62,15,1,5,1,
30,20,851,420,66,28,1,5,1,
30,24,574,309,87,21,1,5,1,
30,26,385,508,160,35,1,5,1,
30,28,749,374,26,23,1,5,1,
30,29,883,74,58,39,1,5,1,
30,30,566,123,79,26,1,5,1,
31,1,703,177,62,17,1,5,1,
31,2,827,307,18,11,1,5,1,
31,3,866,67,24,30,1,5,1,
31,5,849,392,41,34,1,5,1,
31,7,843,369,16,13,1,5,1,
31,8,761,392,31,19,1,5,1,
31,10,423,397,149,38,1,5,1,
31,11,706,143,24,15,1,5,1,
31,12,351,127,34,23,1,5,1,
31,13,764,41,29,46,1,5,1,
31,14,620,199,99,28,1,5,1,
31,17,569,424,53,14,1,5,1,
31,18,683,456,28,18,1,5,1,
31,19,589,67,63,16,1,5,1,
31,20,858,418,63,29,1,5,1,
31,24,582,309,85,21,1,5,1,
31,26,397,510,162,33,1,5,1,
31,28,749,373,25,22,1,5,1,
31,29,888,77,60,37,1,5,1,
31,30,573,124,79,25,1,5,1,
32,1,711,177,61,18,1,5,1,
32,2,830,306,17,12,1,5,1,
32,3,865,69,24,30,1,5,1,
32,5,852,391,40,33,1,5,1,
32,7,842,368,16,13,1,5,1,
32,8,765,391,31,18,1,5,1,
32,10,434,398,153,39,1,5,1,
32,11,702,144,25,15,1,5,1,
32,12,352,125,37,23,1,5,1,
32,13,765,44,29,45,1,5,1,
32,14,628,199,98,28,1,5,1,
32,17,575,424,53,14,1,5,1,
32,18,687,454,27,18,1,5,1,
32,19,597,65,64,16,1,5,1,
32,20,864,417,62,29,1,5,1,
32,24,589,309,84,21,1,5,1,
32,26,408,512,165,31,1,5,1,
32,28,749,372,25,22,1,5,1,
32,29,893,79,60,37,1,5,1,
32,30,579,125,80,25,1,5,1,
33,1,719,177,60,18,1,5,1,
33,2,832,306,17,11,1,5,1,
33,3,863,72,24,29,1,5,1,
33,5,854,390,41,32,1,5,1,
33,7,842,367,15,13,1,5,1,
33,8,769,390,30,18,1,5,1,
33,10,446,400,156,39,1,5,1,
33,11,699,146,25,14,1,5,1,
33,12,355,123,38,23,1,5,1,
33,13,767,46,29,45,1,5,1,
33,14,636,199,97,29,1,5,1,
33,17,583,424,52,14,1,5,1,
33,18,689,453,31,17,1,5,1,
33,19,604,64,65,16,1,5,1,
33,20,870,416,60,28,1,5,1,
33,24,596,309,83,21,1,5,1,
33,26,420,514,167,29,1,5,1,
33,28,749,371,24,22,1,5,1,
33,29,900,80,58,37,1,5,1,
33,30,584,127,83,23,1,5,1,
34,1,724,178,64,17,1,5,1,
34,2,835,306,16,11,1,5,1,
34,3,861,74,24,29,1,5,1,
34,5,857,388,40,32,1,5,1,
34,7,841,366,15,13,1,5,1,
34,8,773,389,29,18,1,5,1,
34,10,458,401,158,38,1,5,1,
34,11,695,147,26,15,1,5,1,
34,12,357,121,40,24,1,5,1,
34,13,769,48,28,45,1,5,1,
34,14,643,199,97,29,1,5,1,
34,17,589,423,52,14,1,5,1,
34,18,690,453,37,14,1,5,1,
34,19,612,63,66,16,1,5,1,
34,20,874,415,63,28,1,5,1,
34,24,602,309,83,21,1,5,1,
34,26,432,516,166,27,1,5,1,
34,28,749,370,24,21,1,5,1,
34,29,906,82,53,36,1,5,1,
34,30,592,127,81,24,1,5,1,
35,1,729,178,70,17,1,5,1,
35,2,837,305,16,11,1,5,1,
35,3,859,77,24,28,1,5,1,
35,5,860,387,40,31,1,5,1,
35,7,840,365,15,12,1,5,1,
35,8,777,388,28,18,1,5,1,
35,10,471,402,161,39,1,5,1,
35,11,692,149,25,14,1,5,1,
35,12,359,119,43,24,1,5,1,
35,13,770,51,28,44,1,5,1,
35,14,650,200,97,28,1,5,1,
35,17,596,423,52,14,1,5,1,
35,18,694,452,38,14,1,5,1,
35,19,620,61,66,17,1,5,1,
35,20,880,414,61,28,1,5,1,
35,24,609,309,82,21,1,5,1,
35,26,445,518,162,26,1,5,1,
35,28,750,369,24,21,1,5,1,
35,29,911,84,49,36,1,5,1,
35,30,601,128,78,24,1,5,1,
36,1,734,177,75,18,1,5,1,
36,2,839,305,16,11,1,5,1,
36,3,856,79,25,28,1,5,1,
36,5,863,386,39,31,1,5,1,
36,7,839,364,16,12,1,5,1,
36,8,781,387,27,17,1,5,1,
36,10,484,403,164,40,1,5,1,
36,11,688,150,26,14,1,5,1,
36,12,362,117,44,24,1,5,1,
36,13,771,54,27,43,1,5,1,
36,14,657,200,96,28,1,5,1,
36,17,602,423,53,14,1,5,1,
36,18,699,451,37,14,1,5,1,
36,19,628,60,67,17,1,5,1,
36,20,886,413,59,28,1,5,1,
36,24,615,309,82,21,1,5,1,
36,26,457,520,160,24,1,5,1,
36,28,752,368,23,21,1,5,1,
36,29,917,86,43,35,1,5,1,
36,30,608,129,78,23,1,5,1,
37,1,740,177,80,17,1,5,1,
37,2,841,304,16,11,1,5,1,
37,3,854,82,25,27,1,5,1,
37,5,866,384,39,31,1,5,1,
37,7,839,363,15,12,1,5,1,
37,8,785,386,26,17,1,5,1,
37,10,497,405,167,40,1,5,1,
37,11,684,151,27,14,1,5,1,
37,12,365,115,46,24,1,5,1,
37,13,771,56,28,43,1,5,1,
37,14,665,200,96,28,1,5,1,
37,17,610,423,50,13,1,5,1,
37,18,704,449,37,14,1,5,1,
37,19,636,59,68,17,1,5,1,
37,20,892,412,57,27,1,5,1,
37,24,623,309,79,20,1,5,1,
37,26,470,522,162,22,1,5,1,
37,28,754,367,23,21,1,5,1,
37,29,923,88,37,34,1,5,1,
37,30,613,129,81,23,1,5,1,
38,1,749,176,80,18,1,5,1,
38,2,844,304,15,11,1,5,1,
38,3,852,84,25,27,1,5,1,
38,5,868,383,39,30,1,5,1,
38,7,838,362,15,12,1,5,1,
38,8,788,385,26,17,1,5,1,
38,10,509,407,171,40,1,5,1,
38,11,681,152,26,14,1,5,1,
38,12,368,113,48,24,1,5,1,
38,13,772,59,27,42,1,5,1,
38,14,672,201,95,27,1,5,1,
38,17,619,422,46,14,1,5,1,
38,18,709,448,35,14,1,5,1,
38,19,644,58,69,16,1,5,1,
38,20,898,411,55,27,1,5,1,
38,24,633,309,73,20,1,5,1,
38,26,482,524,165,20,1,5,1,
38,28,756,367,22,19,1,5,1,
38,29,929,89,31,35,1,5,1,
38,30,618,130,84,24,1,5,1,
39,1,758,176,81,17,1,5,1,
39,2,846,304,14,10,1,5,1,
39,3,850,86,25,27,1,5,1,
39,5,870,382,39,30,1,5,1,
39,7,838,361,14,12,1,5,1,
39,8,792,384,24,17,1,5,1,
39,10,522,408,176,41,1,5,1,
39,11,677,154,27,13,1,5,1,
39,12,371,111,51,25,1,5,1,
39,13,773,61,27,42,1,5,1,
39,14,679,201,95,28,1,5,1,
39,17,627,421,41,13,1,5,1,
39,18,715,447,33,14,1,5,1,
39,19,652,57,70,16,1,5,1,
39,20,903,410,53,27,1,5,1,
39,24,642,309,67,20,1,5,1,
39,26,495,525,168,19,1,5,1,
39,28,758,367,20,19,1,5,1,
39,29,935,91,25,34,1,5,1,
39,30,624,131,85,24,1,5,1,
40,1,767,175,81,18,1,5,1,
40,2,848,303,14,11,1,5,1,
40,3,848,89,24,26,1,5,1,
40,5,872,380,38,30,1,5,1,
40,7,837,360,14,12,1,5,1,
40,8,794,383,26,16,1,5,1,
40,10,536,410,179,41,1,5,1,
40,11,673,155,27,13,1,5,1,
40,12,374,108,53,26,1,5,1,
40,13,773,63,27,42,1,5,1,
40,14,686,201,94,28,1,5,1,
40,17,636,420,35,13,1,5,1,
40,18,720,446,32,14,1,5,1,
40,19,661,56,69,16,1,5,1,
40,20,909,409,50,27,1,5,1,
40,24,649,308,64,21,1,5,1,
40,28,758,366,20,19,1,5,1,
40,29,941,92,19,29,1,5,1,
40,30,630,132,87,24,1,5,1,
41,1,777,175,81,18,1,5,1,
41,2,849,303,14,11,1,5,1,
41,3,845,91,25,26,1,5,1,
41,5,874,379,38,29,1,5,1,
41,7,836,359,14,12,1,5,1,
41,8,797,382,26,16,1,5,1,
41,10,550,411,183,42,1,5,1,
41,11,670,156,27,12,1,5,1,
41,12,378,106,55,26,1,5,1,
41,13,773,66,26,41,1,5,1,
41,14,693,201,93,28,1,5,1,
41,17,642,419,32,13,1,5,1,
41,18,724,444,31,15,1,5,1,
41,19,670,56,68,16,1,5,1,
41,20,909,408,51,26,1,5,1,
41,24,656,308,61,20,1,5,1,
41,28,757,365,21,19,1,5,1,
41,30,636,133,88,24,1,5,1,
42,1,787,175,78,18,1,5,1,
42,2,851,303,14,10,1,5,1,
42,3,843,93,25,25,1,5,1,
42,5,876,378,38,29,1,5,1,
42,7,835,358,14,12,1,5,1,
42,8,800,381,26,16,1,5,1,
42,10,564,413,187,42,1,5,1,
42,11,666,157,27,12,1,5,1,
42,12,381,104,58,26,1,5,1,
42,13,771,67,26,42,1,5,1,
42,14,700,202,92,27,1,5,1,
42,17,647,417,31,14,1,5,1,
42,18,729,443,29,14,1,5,1,
42,19,678,56,67,16,1,5,1,
42,20,912,407,48,26,1,5,1,
42,24,663,308,57,20,1,5,1,
42,28,757,364,21,18,1,5,1,
42,30,642,134,88,24,1,5,1,
43,1,800,175,71,18,1,5,1,
43,2,852,303,14,10,1,5,1,
43,3,840,95,26,25,1,5,1,
43,5,878,377,37,28,1,5,1,
43,7,834,357,15,12,1,5,1,
43,8,803,380,26,16,1,5,1,
43,10,579,414,190,43,1,5,1,
43,11,662,158,28,12,1,5,1,
43,12,385,101,60,27,1,5,1,
43,13,769,70,26,42,1,5,1,
43,14,708,202,89,27,1,5,1,
43,17,652,416,29,14,1,5,1,
43,18,734,442,27,14,1,5,1,
43,19,687,56,65,17,1,5,1,
43,20,918,407,42,25,1,5,1,
43,24,670,308,53,20,1,5,1,
43,28,757,363,22,18,1,5,1,
43,30,650,135,84,24,1,5,1,
44,1,811,175,64,17,1,5,1,
44,2,853,302,14,10,1,5,1,
44,3,837,97,27,25,1,5,1,
44,5,880,376,37,28,1,5,1,
44,7,833,357,15,11,1,5,1,
44,8,806,379,25,16,1,5,1,
44,10,594,415,194,44,1,5,1,
44,11,658,159,28,12,1,5,1,
44,12,389,99,63,27,1,5,1,
44,13,767,72,29,42,1,5,1,
44,14,715,202,87,28,1,5,1,
44,17,656,415,29,14,1,5,1,
44,18,738,441,26,14,1,5,1,
44,19,696,56,62,18,1,5,1,
44,20,925,408,35,23,1,5,1,
44,24,675,307,51,20,1,5,1,
44,28,756,362,23,18,1,5,1,
44,30,658,136,79,25,1,5,1,
45,1,822,175,56,18,1,5,1,
45,2,855,302,14,10,1,5,1,
45,3,833,99,28,25,1,5,1,
45,5,882,375,36,27,1,5,1,
45,7,833,356,14,11,1,5,1,
45,8,810,378,24,16,1,5,1,
45,10,610,417,197,44,1,5,1,
45,11,654,160,28,12,1,5,1,
45,12,393,97,66,27,1,5,1,
45,13,765,75,31,41,1,5,1,
45,14,722,203,85,27,1,5,1,
45,17,661,414,27,14,1,5,1,
45,18,742,439,25,15,1,5,1,
45,19,704,57,59,18,1,5,1,
45,20,933,412,27,19,1,5,1,
45,24,681,307,48,20,1,5,1,
45,28,756,361,22,18,1,5,1,
45,30,665,136,76,26,1,5,1,
46,1,832,175,48,18,1,5,1,
46,2,856,302,14,10,1,5,1,
46,3,830,101,29,24,1,5,1,
46,5,883,374,36,27,1,5,1,
46,7,832,355,14,11,1,5,1,
46,8,813,377,23,16,1,5,1,
46,10,625,418,202,44,1,5,1,
46,11,651,161,28,12,1,5,1,
46,12,397,94,69,28,1,5,1,
46,13,762,78,33,40,1,5,1,
46,14,729,203,82,27,1,5,1,
46,17,665,413,26,13,1,5,1,
46,18,745,438,24,14,1,5,1,
46,19,713,57,55,19,1,5,1,
46,20,940,412,20,13,1,5,1,
46,24,686,307,45,19,1,5,1,
46,28,755,360,23,18,1,5,1,
46,30,672,137,73,25,1,5,1,
47,1,842,176,38,17,1,5,1,
47,2,857,301,14,10,1,5,1,
47,3,826,103,30,24,1,5,1,
47,5,885,372,35,27,1,5,1,
47,7,831,354,14,11,1,5,1,
47,8,816,376,23,16,1,5,1,
47,10,641,420,205,44,1,5,1,
47,11,647,162,28,12,1,5,1,
47,12,401,92,73,28,1,5,1,
47,13,758,81,36,40,1,5,1,
47,14,736,203,79,27,1,5,1,
47,17,669,412,25,13,1,5,1,
47,18,749,437,23,14,1,5,1,
47,19,720,58,52,20,1,5,1,
47,24,691,307,43,19,1,5,1,
47,28,755,360,23,17,1,5,1,
47,30,679,138,70,25,1,5,1,
48,1,849,177,35,17,1,5,1,
48,2,857,301,14,10,1,5,1,
48,3,823,105,30,24,1,5,1,
48,5,886,371,35,27,1,5,1,
48,7,830,353,14,11,1,5,1,
48,8,819,375,22,16,1,5,1,
48,10,658,421,208,44,1,5,1,
48,11,643,163,29,11,1,5,1,
48,12,406,89,76,29,1,5,1,
48,13,753,83,40,40,1,5,1,
48,14,742,204,77,27,1,5,1,
48,17,672,411,25,13,1,5,1,
48,18,752,435,22,15,1,5,1,
48,19,727,59,50,20,1,5,1,
48,24,696,306,40,20,1,5,1,
48,28,754,359,24,17,1,5,1,
48,30,685,139,69,25,1,5,1,
49,1,854,177,33,18,1,5,1,
49,2,858,301,14,10,1,5,1,
49,3,819,107,31,23,1,5,1,
49,5,887,370,35,27,1,5,1,
49,7,829,352,14,11,1,5,1,
49,8,822,374,21,16,1,5,1,
49,10,674,422,212,45,1,5,1,
49,11,639,164,29,11,1,5,1,
49,12,411,87,79,28,1,5,1,
49,13,748,86,44,39,1,5,1,
49,14,748,204,75,27,1,5,1,
49,17,676,410,24,13,1,5,1,
49,18,755,434,22,14,1,5,1,
49,19,733,60,50,20,1,5,1,
49,24,701,306,37,19,1,5,1,
49,28,753,358,25,17,1,5,1,
49,30,691,139,68,25,1,5,1,
50,1,858,178,33,17,1,5,1,
50,2,859,301,13,9,1,5,1,
50,3,816,109,30,23,1,5,1,
50,5,888,369,35,26,1,5,1,
50,7,828,352,14,10,1,5,1,
50,8,825,374,20,15,1,5,1,
50,10,692,423,214,45,1,5,1,
50,11,635,165,29,11,1,5,1,
50,12,416,84,82,29,1,5,1,
50,13,744,89,44,38,1,5,1,
50,14,754,205,74,26,1,5,1,
50,17,680,409,23,13,1,5,1,
50,18,759,433,20,14,1,5,1,
50,19,740,61,48,20,1,5,1,
50,24,705,306,35,19,1,5,1,
50,28,752,357,25,17,1,5,1,
50,30,697,140,66,25,1,5,1,
51,1,862,179,32,17,1,5,1,
51,2,859,300,14,10,1,5,1,
51,3,813,111,30,23,1,5,1,
51,5,889,368,34,26,1,5,1,
51,7,826,351,15,10,1,5,1,
51,8,827,373,20,15,1,5,1,
51,10,709,424,217,46,1,5,1,
51,11,631,166,29,11,1,5,1,
51,12,421,82,86,29,1,5,1,
51,13,741,92,44,37,1,5,1,
51,14,760,205,72,26,1,5,1,
51,17,683,407,22,13,1,5,1,
51,18,762,431,19,14,1,5,1,
51,19,746,62,47,20,1,5,1,
51,24,709,306,33,18,1,5,1,
51,28,751,356,25,17,1,5,1,
51,30,702,141,66,25,1,5,1,
52,1,867,179,30,18,1,5,1,
52,2,860,300,13,10,1,5,1,
52,3,810,113,30,22,1,5,1,
52,5,890,367,34,25,1,5,1,
52,7,825,350,15,10,1,5,1,
52,8,830,372,20,15,1,5,1,
52,10,727,425,221,46,1,5,1,
52,11,627,167,29,10,1,5,1,
52,12,427,79,90,30,1,5,1,
52,13,737,95,44,36,1,5,1,
52,14,766,205,70,27,1,5,1,
52,17,687,406,20,13,1,5,1,
52,18,765,430,18,14,1,5,1,
52,19,752,63,46,20,1,5,1,
52,24,713,305,31,19,1,5,1,
52,28,750,355,26,17,1,5,1,
52,30,708,142,64,24,1,5,1,
53,1,871,180,30,17,1,5,1,
53,2,860,300,14,9,1,5,1,
53,3,807,115,29,21,1,5,1,
53,5,891,366,33,25,1,5,1,
53,7,824,349,15,10,1,5,1,
53,8,833,371,19,15,1,5,1,
53,10,745,426,214,47,1,5,1,
53,11,623,168,30,10,1,5,1,
53,12,433,77,93,30,1,5,1,
53,13,734,98,44,34,1,5,1,
53,14,771,206,69,26,1,5,1,
53,17,691,405,18,13,1,5,1,
53,18,768,429,17,14,1,5,1,
53,19,758,64,45,20,1,5,1,
53,24,717,305,29,18,1,5,1,
53,28,749,355,26,16,1,5,1,
53,30,714,142,63,25,1,5,1,
54,1,875,181,29,17,1,5,1,
54,2,861,300,13,9,1,5,1,
54,3,804,117,29,21,1,5,1,
54,5,892,365,33,25,1,5,1,
54,7,823,349,15,10,1,5,1,
54,8,835,370,19,15,1,5,1,
54,10,762,427,198,48,1,5,1,
54,11,619,169,30,10,1,5,1,
54,12,439,74,97,31,1,5,1,
54,13,731,100,43,34,1,5,1,
54,14,777,206,67,26,1,5,1,
54,17,693,404,18,13,1,5,1,
54,18,770,427,17,14,1,5,1,
54,19,764,65,44,20,1,5,1,
54,24,721,305,26,18,1,5,1,
54,28,748,354,26,16,1,5,1,
54,30,719,143,62,24,1,5,1,
55,1,879,182,28,16,1,5,1,
55,2,861,299,13,10,1,5,1,
55,3,801,119,29,20,1,5,1,
55,5,892,364,33,24,1,5,1,
55,7,822,348,14,10,1,5,1,
55,8,837,369,19,15,1,5,1,
55,10,781,428,179,49,1,5,1,
55,11,615,170,30,9,1,5,1,
55,12,446,71,100,31,1,5,1,
55,13,727,102,44,33,1,5,1,
55,14,782,207,66,25,1,5,1,
55,17,696,403,17,13,1,5,1,
55,18,773,426,16,14,1,5,1,
55,19,769,67,44,19,1,5,1,
55,24,724,304,25,18,1,5,1,
55,28,747,353,26,16,1,5,1,
55,30,725,144,60,24,1,5,1,
56,1,883,182,26,17,1,5,1,
56,2,862,299,13,9,1,5,1,
56,3,798,120,28,21,1,5,1,
56,5,893,363,33,24,1,5,1,
56,7,821,347,14,10,1,5,1,
56,8,840,368,18,15,1,5,1,
56,10,800,430,160,49,1,5,1,
56,11,611,171,30,9,1,5,1,
56,12,453,69,104,31,1,5,1,
56,13,724,104,43,33,1,5,1,
56,14,784,207,75,25,1,5,1,
56,17,699,402,16,12,1,5,1,
56,18,775,425,15,13,1,5,1,
56,19,775,68,43,19,1,5,1,
56,24,729,304,21,18,1,5,1,
56,28,745,352,27,16,1,5,1,
56,30,730,144,60,25,1,5,1,
57,1,886,183,27,17,1,5,1,
57,2,862,299,13,9,1,5,1,
57,3,795,122,28,20,1,5,1,
57,5,894,362,32,24,1,5,1,
57,7,820,346,14,10,1,5,1,
57,8,842,368,17,14,1,5,1,
57,10,820,432,140,34,1,5,1,
57,11,607,171,31,9,1,5,1,
57,12,460,66,108,32,1,5,1,
57,13,721,106,43,32,1,5,1,
57,14,786,207,84,25,1,5,1,
57,17,702,401,15,12,1,5,1,
57,18,778,424,14,13,1,5,1,
57,19,780,69,43,19,1,5,1,
57,24,731,304,20,18,1,5,1,
57,28,744,351,27,16,1,5,1,
57,30,734,145,61,24,1,5,1,
58,1,889,184,28,16,1,5,1,
58,2,862,299,13,9,1,5,1,
58,3,793,124,27,19,1,5,1,
58,5,895,361,32,24,1,5,1,
58,7,819,346,14,9,1,5,1,
58,8,844,367,17,14,1,5,1,
58,10,839,433,121,34,1,5,1,
58,11,603,172,31,9,1,5,1,
58,12,468,64,111,32,1,5,1,
58,13,718,109,43,31,1,5,1,
58,14,789,207,93,25,1,5,1,
58,17,704,400,15,12,1,5,1,
58,18,780,422,13,14,1,5,1,
58,19,785,70,44,19,1,5,1,
58,24,732,304,20,17,1,5,1,
58,28,742,351,28,15,1,5,1,
58,30,738,147,66,22,1,5,1,
59,1,892,185,29,16,1,5,1,
59,2,862,298,13,9,1,5,1,
59,3,790,125,27,19,1,5,1,
59,5,895,360,32,23,1,5,1,
59,7,817,345,15,9,1,5,1,
59,8,846,366,17,14,1,5,1,
59,10,859,435,101,34,1,5,1,
59,11,599,173,31,8,1,5,1,
59,12,475,61,116,33,1,5,1,
59,13,714,111,43,30,1,5,1,
59,14,793,206,101,25,1,5,1,
59,17,706,398,15,13,1,5,1,
59,18,782,421,13,13,1,5,1,
59,19,790,72,45,18,1,5,1,
59,24,733,303,20,18,1,5,1,
59,28,740,350,29,15,1,5,1,
59,30,742,147,71,21,1,5,1,
60,1,895,186,31,15,1,5,1,
60,2,863,298,12,9,1,5,1,
60,3,787,127,27,19,1,5,1,
60,5,896,359,32,23,1,5,1,
60,7,816,344,14,10,1,5,1,
60,8,848,365,17,14,1,5,1,
60,10,883,437,77,28,1,5,1,
60,11,595,174,31,8,1,5,1,
60,12,485,58,118,34,1,5,1,
60,13,711,113,42,30,1,5,1,
60,14,799,206,106,24,1,5,1,
60,17,707,398,18,11,1,5,1,
60,18,784,420,12,13,1,5,1,
60,19,796,73,45,18,1,5,1,
60,24,734,303,20,18,1,5,1,
60,28,739,350,29,14,1,5,1,
60,30,748,147,72,21,1,5,1,
61,1,898,186,32,16,1,5,1,
61,2,865,298,12,9,1,5,1,
61,3,785,128,26,19,1,5,1,
61,5,897,358,31,23,1,5,1,
61,7,815,344,14,9,1,5,1,
61,8,850,365,17,13,1,5,1,
61,11,591,174,32,8,1,5,1,
61,12,492,56,123,33,1,5,1,
61,13,708,115,42,29,1,5,1,
61,14,806,205,108,25,1,5,1,
61,17,710,396,15,12,1,5,1,
61,18,785,418,13,14,1,5,1,
61,19,801,74,45,17,1,5,1,
61,24,734,303,20,17,1,5,1,
61,28,737,349,30,14,1,5,1,
61,30,753,147,73,22,1,5,1,
62,1,901,187,33,15,1,5,1,
62,2,866,298,12,9,1,5,1,
62,3,782,130,26,18,1,5,1,
62,5,897,357,31,23,1,5,1,
62,7,814,343,14,9,1,5,1,
62,8,852,364,17,13,1,5,1,
62,11,587,175,32,7,1,5,1,
62,12,501,53,126,34,1,5,1,
62,13,705,116,42,29,1,5,1,
62,14,815,205,102,25,1,5,1,
62,17,711,396,18,11,1,5,1,
62,18,787,417,12,13,1,5,1,
62,19,806,74,45,18,1,5,1,
62,24,735,302,20,18,1,5,1,
62,28,735,348,31,14,1,5,1,
62,30,759,148,74,22,1,5,1,
63,1,905,187,33,16,1,5,1,
63,2,866,298,14,8,1,5,1,
63,3,779,131,26,18,1,5,1,
63,5,898,356,31,23,1,5,1,
63,7,813,342,13,10,1,5,1,
63,8,853,363,18,14,1,5,1,
63,11,584,176,32,7,1,5,1,
63,12,509,50,131,35,1,5,1,
63,13,702,118,42,29,1,5,1,
63,14,825,204,95,26,1,5,1,
63,17,714,394,15,12,1,5,1,
63,18,788,416,12,13,1,5,1,
63,19,812,75,43,18,1,5,1,
63,24,735,302,20,17,1,5,1,
63,28,733,348,31,14,1,5,1,
63,30,763,149,78,22,1,5,1,
64,1,910,188,31,15,1,5,1,
64,2,868,298,14,8,1,5,1,
64,3,777,133,25,17,1,5,1,
64,5,899,356,30,22,1,5,1,
64,7,812,342,13,9,1,5,1,
64,8,855,362,17,14,1,5,1,
64,11,580,176,32,7,1,5,1,
64,12,519,48,134,35,1,5,1,
64,13,699,120,41,28,1,5,1,
64,14,838,204,82,26,1,5,1,
64,17,718,393,13,12,1,5,1,
64,18,790,415,12,13,1,5,1,
64,19,818,76,41,18,1,5,1,
64,24,735,302,21,17,1,5,1,
64,28,731,347,32,14,1,5,1,
64,30,768,150,77,22,1,5,1,
65,1,915,188,28,16,1,5,1,
65,2,870,297,13,9,1,5,1,
65,3,774,134,25,18,1,5,1,
65,5,899,355,31,22,1,5,1,
65,7,811,341,13,9,1,5,1,
65,8,857,362,17,13,1,5,1,
65,11,577,176,31,7,1,5,1,
65,12,529,45,138,36,1,5,1,
65,13,696,122,41,27,1,5,1,
65,14,850,205,70,25,1,5,1,
65,17,719,393,14,11,1,5,1,
65,18,791,414,12,12,1,5,1,
65,19,823,77,40,18,1,5,1,
65,24,736,302,20,16,1,5,1,
65,28,729,346,32,14,1,5,1,
65,30,775,151,72,21,1,5,1,
66,1,920,189,23,15,1,5,1,
66,2,872,297,13,9,1,5,1,
66,3,772,136,25,17,1,5,1,
66,5,900,354,30,22,1,5,1,
66,7,810,341,13,8,1,5,1,
66,8,859,361,17,13,1,5,1,
66,11,574,176,30,7,1,5,1,
66,12,539,43,142,36,1,5,1,
66,13,693,124,41,26,1,5,1,
66,14,862,205,56,25,1,5,1,
66,17,721,391,13,12,1,5,1,
66,18,792,412,12,13,1,5,1,
66,19,829,78,36,18,1,5,1,
66,24,736,301,20,17,1,5,1,
66,28,727,345,32,14,1,5,1,
66,30,783,151,65,21,1,5,1,
67,1,923,189,21,15,1,5,1,
67,2,874,297,12,8,1,5,1,
67,3,769,137,25,17,1,5,1,
67,5,901,353,30,22,1,5,1,
67,7,809,340,13,9,1,5,1,
67,8,860,360,17,13,1,5,1,
67,11,571,176,30,6,1,5,1,
67,12,549,40,146,36,1,5,1,
67,13,690,125,40,26,1,5,1,
67,14,873,205,43,25,1,5,1,
67,17,724,390,11,12,1,5,1,
67,18,793,411,12,13,1,5,1,
67,19,834,78,34,19,1,5,1,
67,24,736,301,20,16,1,5,1,
67,28,725,345,33,13,1,5,1,
67,30,791,151,57,22,1,5,1,
68,1,922,190,22,15,1,5,1,
68,2,875,297,13,8,1,5,1,
68,3,767,138,24,17,1,5,1,
68,5,901,352,30,22,1,5,1,
68,7,808,339,13,9,1,5,1,
68,8,862,360,17,13,1,5,1,
68,11,569,175,28,7,1,5,1,
68,12,560,38,149,36,1,5,1,
68,13,687,127,40,26,1,5,1,
68,14,884,205,33,25,1,5,1,
68,17,724,390,14,10,1,5,1,
68,18,794,410,12,13,1,5,1,
68,19,840,79,30,20,1,5,1,
68,24,736,301,20,16,1,5,1,
68,28,723,344,33,13,1,5,1,
68,30,798,151,55,21,1,5,1,
69,1,925,190,21,15,1,5,1,
69,2,877,297,12,8,1,5,1,
69,3,765,140,23,16,1,5,1,
69,5,903,352,29,21,1,5,1,
69,7,807,339,13,8,1,5,1,
69,8,864,359,16,13,1,5,1,
69,11,567,175,26,7,1,5,1,
69,12,571,35,153,37,1,5,1,
69,13,684,129,40,25,1,5,1,
69,14,884,206,34,24,1,5,1,
69,17,726,388,12,12,1,5,1,
69,18,795,409,12,12,1,5,1,
69,19,844,81,28,19,1,5,1,
69,24,735,300,21,16,1,5,1,
69,28,721,344,33,13,1,5,1,
69,30,804,150,53,22,1,5,1,
70,1,929,191,20,15,1,5,1,
70,2,878,297,12,8,1,5,1,
70,3,762,141,24,16,1,5,1,
70,5,905,351,29,21,1,5,1,
70,7,806,338,13,9,1,5,1,
70,8,865,358,17,13,1,5,1,
70,11,565,174,24,7,1,5,1,
70,12,583,33,156,37,1,5,1,
70,13,681,130,39,25,1,5,1,
70,14,885,206,33,24,1,5,1,
70,17,727,388,14,10,1,5,1,
70,18,796,408,12,12,1,5,1,
70,19,848,82,27,19,1,5,1,
70,24,735,300,21,16,1,5,1,
70,28,719,343,33,13,1,5,1,
70,30,810,150,50,22,1,5,1,
71,1,932,192,19,15,1,5,1,
71,2,879,296,12,8,1,5,1,
71,3,760,142,23,16,1,5,1,
71,5,906,351,29,20,1,5,1,
71,7,805,338,13,8,1,5,1,
71,8,867,358,16,12,1,5,1,
71,11,564,174,22,7,1,5,1,
71,12,594,30,160,38,1,5,1,
71,13,678,132,39,24,1,5,1,
71,14,886,207,32,23,1,5,1,
71,17,730,387,11,10,1,5,1,
71,18,797,407,11,12,1,5,1,
71,19,852,83,26,19,1,5,1,
71,24,735,300,21,16,1,5,1,
71,28,717,342,33,13,1,5,1,
71,30,815,151,49,22,1,5,1,
72,1,934,193,19,15,1,5,1,
72,2,880,296,12,8,1,5,1,
72,3,757,143,23,16,1,5,1,
72,5,907,350,29,20,1,5,1,
72,7,804,337,13,9,1,5,1,
72,8,868,357,17,13,1,5,1,
72,11,563,173,20,7,1,5,1,
72,12,607,28,163,38,1,5,1,
72,13,675,133,39,24,1,5,1,
72,14,886,207,32,24,1,5,1,
72,17,731,386,10,10,1,5,1,
72,18,797,405,12,13,1,5,1,
72,19,855,84,26,19,1,5,1,
72,24,734,300,22,15,1,5,1,
72,28,715,342,33,12,1,5,1,
72,30,820,151,46,23,1,5,1,
73,1,935,194,19,14,1,5,1,
73,2,881,296,12,8,1,5,1,
73,3,755,145,23,15,1,5,1,
73,5,908,349,29,20,1,5,1,
73,7,803,337,13,8,1,5,1,
73,8,869,356,17,13,1,5,1,
73,11,563,173,17,6,1,5,1,
73,12,619,25,166,39,1,5,1,
73,13,672,135,39,23,1,5,1,
73,14,886,208,32,23,1,5,1,
73,17,732,385,12,10,1,5,1,
73,18,798,404,12,12,1,5,1,
73,19,859,86,24,19,1,5,1,
73,24,733,299,24,16,1,5,1,
73,28,713,341,33,13,1,5,1,
73,30,825,151,44,23,1,5,1,
74,1,936,194,19,15,1,5,1,
74,2,882,296,12,8,1,5,1,
74,3,753,146,22,15,1,5,1,
74,5,909,349,28,20,1,5,1,
74,7,802,336,13,8,1,5,1,
74,8,869,355,17,13,1,5,1,
74,11,563,172,14,7,1,5,1,
74,12,632,23,169,39,1,5,1,
74,13,669,136,39,23,1,5,1,
74,14,886,209,32,23,1,5,1,
74,17,732,384,14,10,1,5,1,
74,18,799,403,11,12,1,5,1,
74,19,862,87,23,19,1,5,1,
74,24,732,299,26,16,1,5,1,
74,28,711,341,33,12,1,5,1,
74,30,829,152,42,23,1,5,1,
75,1,936,195,20,14,1,5,1,
75,2,883,296,11,8,1,5,1,
75,3,751,147,22,15,1,5,1,
75,5,910,348,28,20,1,5,1,
75,7,800,336,14,8,1,5,1,
75,8,869,354,17,13,1,5,1,
75,11,564,171,10,7,1,5,1,
75,12,645,20,173,40,1,5,1,
75,13,666,138,39,22,1,5,1,
75,14,886,209,31,23,1,5,1,
75,17,735,383,12,10,1,5,1,
75,18,799,402,12,12,1,5,1,
75,19,865,88,22,19,1,5,1,
75,24,731,299,27,15,1,5,1,
75,28,708,340,34,12,1,5,1,
75,30,833,153,40,23,1,5,1,
76,1,936,195,20,14,1,5,1,
76,2,884,295,11,8,1,5,1,
76,3,748,148,22,15,1,5,1,
76,5,910,347,28,20,1,5,1,
76,7,799,335,13,8,1,5,1,
76,8,870,354,17,12,1,5,1,
76,11,564,170,8,7,1,5,1,
76,12,659,18,175,40,1,5,1,
76,13,663,139,39,22,1,5,1,
76,14,886,210,31,23,1,5,1,
76,17,737,382,10,11,1,5,1,
76,18,800,401,11,12,1,5,1,
76,19,868,90,21,19,1,5,1,
76,24,729,299,29,14,1,5,1,
76,28,706,339,34,12,1,5,1,
76,30,839,153,32,24,1,5,1,
77,1,936,196,20,14,1,5,1,
77,2,884,295,12,8,1,5,1,
77,3,746,149,22,15,1,5,1,
77,5,911,346,28,20,1,5,1,
77,7,798,335,13,7,1,5,1,
77,8,871,353,17,13,1,5,1,
77,11,564,170,8,6,1,5,1,
77,12,672,16,179,40,1,5,1,
77,13,661,140,38,22,1,5,1,
77,14,885,211,31,22,1,5,1,
77,17,737,381,10,11,1,5,1,
77,18,800,400,12,12,1,5,1,
77,19,871,91,19,19,1,5,1,
77,24,727,298,30,15,1,5,1,
77,28,703,339,36,12,1,5,1,
77,30,845,154,26,24,1,5,1,
78,1,936,196,20,15,1,5,1,
78,2,885,295,11,8,1,5,1,
78,3,744,150,21,15,1,5,1,
78,5,911,346,28,19,1,5,1,
78,7,797,334,13,8,1,5,1,
78,8,872,352,16,13,1,5,1,
78,11,565,169,8,7,1,5,1,
78,12,691,13,177,41,1,5,1,
78,13,658,142,37,21,1,5,1,
78,14,884,211,31,23,1,5,1,
78,17,738,380,10,10,1,5,1,
78,18,801,399,11,11,1,5,1,
78,19,874,93,18,19,1,5,1,
78,24,725,298,31,15,1,5,1,
78,28,701,339,35,11,1,5,1,
78,30,848,155,23,25,1,5,1,
79,1,936,197,20,15,1,5,1,
79,2,885,295,12,8,1,5,1,
79,3,742,151,20,15,1,5,1,
79,5,912,345,27,19,1,5,1,
79,7,796,334,13,7,1,5,1,
79,8,873,352,17,12,1,5,1,
79,11,565,168,9,7,1,5,1,
79,12,707,11,178,41,1,5,1,
79,13,655,143,36,21,1,5,1,
79,14,884,212,29,22,1,5,1,
79,17,740,380,10,9,1,5,1,
79,18,801,398,12,10,1,5,1,
79,19,876,94,17,19,1,5,1,
79,24,721,298,35,15,1,5,1,
79,28,698,338,36,12,1,5,1,
79,30,849,156,23,25,1,5,1,
80,1,936,198,19,15,1,5,1,
80,2,886,295,11,7,1,5,1,
80,3,740,152,20,14,1,5,1,
80,5,912,344,28,19,1,5,1,
80,7,794,333,13,8,1,5,1,
80,8,875,351,16,12,1,5,1,
80,11,565,167,11,7,1,5,1,
80,12,722,9,181,41,1,5,1,
80,13,650,145,40,20,1,5,1,
80,14,883,212,29,23,1,5,1,
80,17,741,379,10,9,1,5,1,
80,18,802,397,12,10,1,5,1,
80,19,878,96,17,19,1,5,1,
80,24,719,298,37,14,1,5,1,
80,28,696,338,36,11,1,5,1,
80,30,850,157,23,25,1,5,1,
81,1,935,198,20,16,1,5,1,
81,2,886,295,12,7,1,5,1,
81,3,736,153,23,14,1,5,1,
81,5,913,344,27,19,1,5,1,
81,7,793,333,13,7,1,5,1,
81,8,876,351,16,12,1,5,1,
81,11,565,166,14,7,1,5,1,
81,12,733,7,187,42,1,5,1,
81,13,646,146,44,20,1,5,1,
81,14,882,213,29,22,1,5,1,
81,17,742,378,10,10,1,5,1,
81,18,803,396,12,10,1,5,1,
81,19,880,97,16,19,1,5,1,
81,24,716,297,39,15,1,5,1,
81,28,694,337,36,11,1,5,1,
81,30,851,159,22,23,1,5,1,
82,1,935,199,19,15,1,5,1,
82,2,887,295,11,7,1,5,1,
82,3,732,155,26,13,1,5,1,
82,5,911,343,28,19,1,5,1,
82,7,792,332,13,8,1,5,1,
82,8,878,350,16,12,1,5,1,
82,11,565,165,18,7,1,5,1,
82,12,745,4,193,43,1,5,1,
82,13,641,147,49,19,1,5,1,
82,14,881,214,29,21,1,5,1,
82,17,743,377,10,10,1,5,1,
82,18,803,395,12,11,1,5,1,
82,19,881,99,16,18,1,5,1,
82,24,714,297,39,14,1,5,1,
82,28,691,337,37,11,1,5,1,
82,30,852,160,22,23,1,5,1,
83,1,935,200,18,15,1,5,1,
83,2,887,294,11,8,1,5,1,
83,3,727,156,30,12,1,5,1,
83,5,909,342,27,19,1,5,1,
83,7,791,332,13,7,1,5,1,
83,8,879,350,16,12,1,5,1,
83,11,566,163,21,8,1,5,1,
83,12,762,2,194,43,1,5,1,
83,13,637,149,51,18,1,5,1,
83,14,881,215,28,21,1,5,1,
83,17,744,376,10,10,1,5,1,
83,18,804,394,11,10,1,5,1,
83,19,882,100,16,19,1,5,1,
83,24,712,297,39,14,1,5,1,
83,28,689,336,36,11,1,5,1,
83,30,852,161,22,23,1,5,1,
84,1,935,201,18,15,1,5,1,
84,2,888,294,11,8,1,5,1,
84,3,723,157,32,12,1,5,1,
84,5,907,341,29,19,1,5,1,
84,7,789,331,14,8,1,5,1,
84,8,881,349,15,12,1,5,1,
84,11,567,162,24,8,1,5,1,
84,12,777,0,182,43,1,5,1,
84,13,632,151,55,16,1,5,1,
84,14,880,215,28,21,1,5,1,
84,17,744,375,10,10,1,5,1,
84,18,804,393,12,10,1,5,1,
84,19,883,102,16,18,1,5,1,
84,24,709,297,40,14,1,5,1,
84,28,686,336,37,11,1,5,1,
84,30,853,162,22,23,1,5,1,
85,1,935,202,18,14,1,5,1,
85,2,888,294,11,7,1,5,1,
85,3,719,158,34,12,1,5,1,
85,5,906,341,29,18,1,5,1,
85,7,787,331,15,7,1,5,1,
85,8,882,349,16,11,1,5,1,
85,11,569,161,26,8,1,5,1,
85,12,794,0,166,42,1,5,1,
85,13,628,152,56,15,1,5,1,
85,14,879,216,28,21,1,5,1,
85,17,745,375,10,9,1,5,1,
85,18,804,392,12,10,1,5,1,
85,19,884,103,16,18,1,5,1,
85,24,707,297,39,13,1,5,1,
85,28,684,336,37,10,1,5,1,
85,30,854,163,21,22,1,5,1,
86,1,935,203,19,13,1,5,1,
86,2,888,294,11,7,1,5,1,
86,3,715,159,35,11,1,5,1,
86,5,905,340,29,19,1,5,1,
86,7,785,331,16,7,1,5,1,
86,8,883,348,16,12,1,5,1,
86,11,572,160,26,8,1,5,1,
86,12,809,0,151,40,1,5,1,
86,13,624,153,58,14,1,5,1,
86,14,878,217,28,20,1,5,1,
86,17,746,374,9,9,1,5,1,
86,18,805,391,11,10,1,5,1,
86,19,885,105,16,17,1,5,1,
86,24,704,296,40,14,1,5,1,
86,28,681,335,38,11,1,5,1,
86,30,854,164,22,22,1,5,1,
87,1,935,203,19,14,1,5,1,
87,2,887,294,11,7,1,5,1,
87,3,710,160,37,11,1,5,1,
87,5,903,339,30,19,1,5,1,
87,7,781,330,20,7,1,5,1,
87,8,885,348,15,11,1,5,1,
87,11,574,160,29,8,1,5,1,
87,12,827,0,133,38,1,5,1,
87,13,620,154,57,13,1,5,1,
87,14,878,217,27,20,1,5,1,
87,17,746,373,9,9,1,5,1,
87,18,805,390,11,10,1,5,1,
87,19,886,106,16,18,1,5,1,
87,24,701,296,41,14,1,5,1,
87,30,855,165,21,22,1,5,1,
88,1,935,203,18,14,1,5,1,
88,2,886,294,11,7,1,5,1,
88,3,706,160,38,12,1,5,1,
88,5,902,339,30,18,1,5,1,
88,7,777,330,23,7,1,5,1,
88,8,886,347,15,12,1,5,1,
88,11,576,159,32,8,1,5,1,
88,12,841,0,119,31,1,5,1,
88,13,617,154,55,13,1,5,1,
88,14,877,218,27,19,1,5,1,
88,17,746,372,10,9,1,5,1,
88,18,805,389,11,10,1,5,1,
88,19,887,107,16,18,1,5,1,
88,24,699,296,41,13,1,5,1,
88,30,855,166,21,22,1,5,1,
89,1,935,204,18,14,1,5,1,
89,2,884,293,13,8,1,5,1,
89,3,702,161,38,11,1,5,1,
89,5,901,338,30,18,1,5,1,
89,7,774,330,25,6,1,5,1,
89,8,887,347,16,11,1,5,1,
89,11,579,159,34,8,1,5,1,
89,12,858,0,102,29,1,5,1,
89,13,614,154,51,14,1,5,1,
89,14,876,218,27,20,1,5,1,
89,17,746,371,10,9,1,5,1,
89,18,805,388,11,10,1,5,1,
89,19,888,109,15,17,1,5,1,
89,24,696,296,42,13,1,5,1,
89,30,855,167,21,21,1,5,1,
90,1,934,205,18,13,1,5,1,
90,2,880,293,17,7,1,5,1,
90,3,698,162,39,11,1,5,1,
90,5,899,337,31,18,1,5,1,
90,7,769,329,28,7,1,5,1,
90,8,889,346,15,12,1,5,1,
90,11,582,158,36,8,1,5,1,
90,12,875,0,85,22,1,5,1,
90,13,611,154,48,14,1,5,1,
90,14,875,219,27,19,1,5,1,
90,17,747,371,9,8,1,5,1,
90,18,804,387,12,11,1,5,1,
90,19,888,110,16,18,1,5,1,
90,24,694,295,41,14,1,5,1,
90,30,856,167,21,22,1,5,1,
91,1,934,205,18,14,1,5,1,
91,2,876,293,21,7,1,5,1,
91,3,694,163,38,10,1,5,1,
91,5,897,337,32,17,1,5,1,
91,8,890,346,15,11,1,5,1,
91,11,586,158,37,8,1,5,1,
91,12,893,0,67,16,1,5,1,
91,13,610,154,42,14,1,5,1,
91,14,874,219,27,19,1,5,1,
91,17,747,370,9,9,1,5,1,
91,18,805,386,11,10,1,5,1,
91,19,889,111,15,18,1,5,1,
91,24,691,295,42,13,1,5,1,
91,30,856,168,21,22,1,5,1,
92,1,934,206,18,13,1,5,1,
92,2,873,293,22,7,1,5,1,
92,5,896,336,31,18,1,5,1,
92,8,891,345,15,11,1,5,1,
92,11,589,157,39,9,1,5,1,
92,13,609,154,37,14,1,5,1,
92,14,873,220,27,18,1,5,1,
92,17,747,369,9,9,1,5,1,
92,18,804,385,11,11,1,5,1,
92,19,890,113,15,17,1,5,1,
92,24,689,295,41,13,1,5,1,
92,30,856,169,21,21,1,5,1,
93,1,934,206,17,13,1,5,1,
93,2,870,293,23,7,1,5,1,
93,5,894,336,32,17,1,5,1,
93,8,892,345,16,11,1,5,1,
93,11,593,157,40,8,1,5,1,
93,13,605,155,38,13,1,5,1,
93,14,873,221,26,18,1,5,1,
93,17,747,368,9,9,1,5,1,
93,18,804,384,11,11,1,5,1,
93,19,890,114,15,17,1,5,1,
93,24,686,295,42,13,1,5,1,
93,30,856,170,21,21,1,5,1,
94,1,933,207,18,12,1,5,1,
94,2,867,293,22,7,1,5,1,
94,5,893,335,31,17,1,5,1,
94,8,893,345,16,10,1,5,1,
94,11,600,157,38,8,1,5,1,
94,13,600,155,41,14,1,5,1,
94,14,872,221,26,18,1,5,1,
94,17,747,367,9,9,1,5,1,
94,18,803,383,11,11,1,5,1,
94,19,890,115,15,17,1,5,1,
94,24,683,295,42,12,1,5,1,
94,30,856,171,20,21,1,5,1,
95,1,932,207,18,13,1,5,1,
95,2,864,293,23,7,1,5,1,
95,5,891,334,31,17,1,5,1,
95,8,894,344,17,11,1,5,1,
95,11,604,156,40,8,1,5,1,
95,13,596,156,45,12,1,5,1,
95,14,870,222,28,17,1,5,1,
95,17,747,366,9,9,1,5,1,
95,18,802,382,12,11,1,5,1,
95,19,890,117,15,17,1,5,1,
95,24,680,294,43,13,1,5,1,
95,30,856,172,20,20,1,5,1,
96,1,931,208,18,12,1,5,1,
96,2,861,293,23,6,1,5,1,
96,5,889,334,31,17,1,5,1,
96,8,895,344,17,10,1,5,1,
96,11,609,155,39,8,1,5,1,
96,13,592,156,48,12,1,5,1,
96,14,869,222,28,18,1,5,1,
96,17,747,366,9,8,1,5,1,
96,18,802,382,11,10,1,5,1,
96,19,891,118,14,17,1,5,1,
96,24,677,294,44,13,1,5,1,
96,30,856,173,20,20,1,5,1,
97,1,931,208,17,13,1,5,1,
97,2,858,292,23,7,1,5,1,
97,5,888,333,30,17,1,5,1,
97,8,897,343,17,11,1,5,1,
97,11,615,154,38,8,1,5,1,
97,13,588,156,50,12,1,5,1,
97,14,868,223,28,17,1,5,1,
97,17,747,365,9,8,1,5,1,
97,18,802,381,11,10,1,5,1,
97,19,891,119,14,17,1,5,1,
97,24,673,294,45,12,1,5,1,
97,30,856,174,20,20,1,5,1,
98,1,930,209,17,12,1,5,1,
98,2,854,292,25,7,1,5,1,
98,5,886,333,30,16,1,5,1,
98,8,898,343,17,11,1,5,1,
98,11,619,153,39,9,1,5,1,
98,13,585,156,52,12,1,5,1,
98,14,867,223,27,17,1,5,1,
98,17,746,364,10,9,1,5,1,
98,18,801,380,12,10,1,5,1,
98,19,891,121,14,16,1,5,1,
98,24,670,294,46,12,1,5,1,
98,30,856,175,19,19,1,5,1,
99,1,929,210,17,12,1,5,1,
99,2,851,292,25,6,1,5,1,
99,5,885,332,29,16,1,5,1,
99,8,900,343,16,10,1,5,1,
99,11,624,152,40,9,1,5,1,
99,13,581,156,53,12,1,5,1,
99,14,866,224,27,16,1,5,1,
99,17,745,363,10,9,1,5,1,
99,18,800,379,12,10,1,5,1,
99,19,891,122,14,16,1,5,1,
99,24,666,294,47,12,1,5,1,
99,30,856,175,19,20,1,5,1,
100,1,928,210,17,12,1,5,1,
100,2,848,291,25,7,1,5,1,
100,5,884,332,28,16,1,5,1,
100,8,902,342,15,11,1,5,1,
100,11,628,151,41,9,1,5,1,
100,13,578,156,54,12,1,5,1,
100,14,865,224,27,17,1,5,1,
100,17,745,362,11,9,1,5,1,
100,18,799,378,13,10,1,5,1,
100,19,891,123,14,16,1,5,1,
100,24,663,293,47,12,1,5,1,
100,30,856,176,19,20,1,5,1,
101,1,927,211,16,12,1,5,1,
101,2,845,291,25,7,1,5,1,
101,5,883,331,27,16,1,5,1,
101,8,903,342,16,10,1,5,1,
101,11,633,151,41,9,1,5,1,
101,13,574,156,54,12,1,5,1,
101,14,864,225,27,16,1,5,1,
101,17,744,362,11,8,1,5,1,
101,18,798,377,13,10,1,5,1,
101,19,891,124,14,17,1,5,1,
101,24,661,293,46,12,1,5,1,
101,30,855,177,19,19,1,5,1,
102,1,926,211,16,12,1,5,1,
102,2,841,291,26,7,1,5,1,
102,5,881,331,27,15,1,5,1,
102,8,905,341,14,11,1,5,1,
102,11,637,150,43,9,1,5,1,
102,13,572,156,53,11,1,5,1,
102,14,863,225,27,16,1,5,1,
102,17,743,361,12,8,1,5,1,
102,18,798,376,12,10,1,5,1,
102,19,890,126,14,16,1,5,1,
102,24,658,293,46,12,1,5,1,
102,30,855,178,19,19,1,5,1,
103,1,925,212,16,11,1,5,1,
103,2,838,291,26,6,1,5,1,
103,5,880,330,26,16,1,5,1,
103,8,906,341,14,10,1,5,1,
103,11,642,149,43,9,1,5,1,
103,13,569,156,52,11,1,5,1,
103,14,861,226,28,15,1,5,1,
103,17,742,360,12,8,1,5,1,
103,18,797,375,12,10,1,5,1,
103,19,890,127,14,16,1,5,1,
103,24,656,293,45,12,1,5,1,
103,30,855,179,18,19,1,5,1,
104,1,924,212,17,12,1,5,1,
104,2,835,291,25,6,1,5,1,
104,5,879,330,25,15,1,5,1,
104,8,907,340,14,11,1,5,1,
104,11,647,148,44,9,1,5,1,
104,13,567,155,51,12,1,5,1,
104,14,860,226,28,16,1,5,1,
104,17,742,359,10,9,1,5,1,
104,18,796,375,12,9,1,5,1,
104,19,890,128,14,16,1,5,1,
104,30,854,179,19,19,1,5,1,
105,1,922,213,18,12,1,5,1,
105,2,832,291,25,6,1,5,1,
105,5,878,329,25,15,1,5,1,
105,8,907,340,15,10,1,5,1,
105,11,652,148,45,9,1,5,1,
105,13,565,155,49,11,1,5,1,
105,14,859,226,27,16,1,5,1,
105,17,742,359,8,8,1,5,1,
105,18,795,374,13,10,1,5,1,
105,19,889,129,14,16,1,5,1,
105,22,948,244,11,7,1,5,1,
105,30,854,180,18,19,1,5,1,
106,1,920,213,19,13,1,5,1,
106,2,828,291,26,6,1,5,1,
106,5,877,329,24,15,1,5,1,
106,8,908,340,14,10,1,5,1,
106,11,657,147,45,9,1,5,1,
106,13,564,154,47,12,1,5,1,
106,14,857,227,28,15,1,5,1,
106,17,742,358,8,8,1,5,1,
106,18,794,373,13,10,1,5,1,
106,19,889,131,13,15,1,5,1,
106,22,944,243,15,9,1,5,1,
106,30,853,181,18,19,1,5,1,
107,1,919,214,18,12,1,5,1,
107,2,825,290,26,7,1,5,1,
107,5,876,328,24,15,1,5,1,
107,8,907,339,15,10,1,5,1,
107,11,663,146,45,9,1,5,1,
107,13,563,154,43,11,1,5,1,
107,14,856,227,28,16,1,5,1,
107,17,744,358,8,7,1,5,1,
107,18,794,373,11,9,1,5,1,
107,19,888,132,14,15,1,5,1,
107,22,940,243,19,9,1,5,1,
107,30,853,182,17,18,1,5,1,
108,1,918,215,17,11,1,5,1,
108,2,822,290,26,6,1,5,1,
108,5,875,328,24,15,1,5,1,
108,8,907,339,14,10,1,5,1,
108,11,667,146,47,9,1,5,1,
108,13,563,153,40,11,1,5,1,
108,14,855,228,27,15,1,5,1,
108,17,745,357,8,7,1,5,1,
108,18,794,372,10,9,1,5,1,
108,19,888,133,13,15,1,5,1,
108,22,937,243,22,9,1,5,1,
108,30,852,183,18,18,1,5,1,
109,1,917,215,16,12,1,5,1,
109,2,818,290,26,6,1,5,1,
109,5,874,327,24,15,1,5,1,
109,8,906,338,14,10,1,5,1,
109,11,673,145,47,9,1,5,1,
109,13,563,152,35,11,1,5,1,
109,14,853,228,28,15,1,5,1,
109,17,745,356,8,8,1,5,1,
109,18,793,371,10,9,1,5,1,
109,19,887,134,14,15,1,5,1,
109,22,933,244,27,8,1,5,1,
109,30,851,183,18,18,1,5,1,
110,1,915,216,17,11,1,5,1,
110,5,873,327,24,14,1,5,1,
110,8,905,338,16,10,1,5,1,
110,11,678,144,48,10,1,5,1,
110,13,563,151,32,12,1,5,1,
110,14,852,229,27,14,1,5,1,
110,17,745,356,8,7,1,5,1,
110,18,792,370,11,9,1,5,1,
110,19,887,135,13,15,1,5,1,
110,22,929,244,30,8,1,5,1,
110,30,851,184,17,18,1,5,1,
111,1,914,216,17,12,1,5,1,
111,5,872,326,24,15,1,5,1,
111,8,904,337,17,10,1,5,1,
111,11,684,144,48,9,1,5,1,
111,13,564,150,27,12,1,5,1,
111,14,851,229,27,15,1,5,1,
111,17,745,355,8,8,1,5,1,
111,18,792,370,11,8,1,5,1,
111,19,886,137,13,14,1,5,1,
111,22,925,244,35,8,1,5,1,
111,30,850,185,17,17,1,5,1,
112,1,913,217,16,11,1,5,1,
112,5,871,326,24,14,1,5,1,
112,8,902,336,19,11,1,5,1,
112,11,689,143,49,9,1,5,1,
112,13,565,150,22,11,1,5,1,
112,14,849,229,27,15,1,5,1,
112,17,745,354,9,8,1,5,1,
112,18,791,369,11,9,1,5,1,
112,19,886,138,13,14,1,5,1,
112,22,921,244,38,9,1,5,1,
112,30,850,186,17,17,1,5,1,
113,1,912,217,16,11,1,5,1,
113,5,869,325,25,15,1,5,1,
113,8,900,336,20,10,1,5,1,
113,11,695,142,49,10,1,5,1,
113,13,566,149,17,11,1,5,1,
113,14,848,229,25,16,1,5,1,
113,17,745,354,8,7,1,5,1,
113,18,790,368,12,9,1,5,1,
113,19,885,139,13,14,1,5,1,
113,22,918,245,37,8,1,5,1,
113,30,849,186,17,18,1,5,1,
114,1,910,218,17,11,1,5,1,
114,5,868,325,25,14,1,5,1,
114,8,899,335,20,10,1,5,1,
114,11,700,142,51,9,1,5,1,
114,13,566,148,14,12,1,5,1,
114,14,847,230,23,16,1,5,1,
114,18,789,367,12,9,1,5,1,
114,19,884,140,13,14,1,5,1,
114,22,914,245,37,8,1,5,1,
114,23,294,-17776,0,0,1,5,1,
114,30,848,187,17,17,1,5,1,
115,1,909,218,16,11,1,5,1,
115,5,867,325,24,14,1,5,1,
115,8,897,335,20,10,1,5,1,
115,11,706,141,51,10,1,5,1,
115,13,567,147,13,12,1,5,1,
115,14,846,230,20,17,1,5,1,
115,19,884,141,12,14,1,5,1,
115,22,910,245,37,8,1,5,1,
115,23,-98,-12188,0,0,1,5,1,
115,30,848,188,16,17,1,5,1,
116,1,908,219,16,11,1,5,1,
116,5,866,324,24,14,1,5,1,
116,8,896,334,20,10,1,5,1,
116,11,712,141,51,9,1,5,1,
116,13,567,146,15,12,1,5,1,
116,14,846,231,19,17,1,5,1,
116,19,883,142,12,14,1,5,1,
116,22,907,245,37,8,1,5,1,
116,30,847,189,17,16,1,5,1,
117,1,907,219,16,11,1,5,1,
117,5,864,324,25,14,1,5,1,
117,8,893,334,21,10,1,5,1,
117,11,717,140,52,10,1,5,1,
117,13,567,146,17,12,1,5,1,
117,14,847,232,18,17,1,5,1,
117,19,883,143,12,14,1,5,1,
117,22,903,246,38,8,1,5,1,
117,30,847,189,16,17,1,5,1,
118,1,905,220,16,10,1,5,1,
118,3,624,168,12,7,1,5,1,
118,5,863,323,25,14,1,5,1,
118,8,891,333,22,10,1,5,1,
118,11,723,140,53,9,1,5,1,
118,13,566,145,21,12,1,5,1,
118,14,847,233,18,16,1,5,1,
118,19,882,144,12,14,1,5,1,
118,22,899,246,38,8,1,5,1,
118,30,846,190,16,17,1,5,1,
119,1,904,220,16,11,1,5,1,
119,3,624,167,10,8,1,5,1,
119,5,862,323,25,13,1,5,1,
119,8,888,333,24,9,1,5,1,
119,11,729,139,53,10,1,5,1,
119,13,565,144,26,12,1,5,1,
119,14,847,234,18,15,1,5,1,
119,19,881,146,12,13,1,5,1,
119,22,895,246,38,8,1,5,1,
119,30,846,191,16,16,1,5,1,
120,1,903,221,16,10,1,5,1,
120,3,625,166,8,8,1,5,1,
120,5,860,322,25,14,1,5,1,
120,8,886,332,24,10,1,5,1,
120,11,735,139,53,10,1,5,1,
120,13,563,143,33,13,1,5,1,
120,14,847,234,18,15,1,5,1,
120,19,881,147,11,13,1,5,1,
120,22,892,246,37,8,1,5,1,
120,30,845,192,16,16,1,5,1,
121,1,901,221,17,10,1,5,1,
121,3,625,165,10,8,1,5,1,
121,5,859,322,25,13,1,5,1,
121,8,884,332,24,9,1,5,1,
121,11,741,138,53,10,1,5,1,
121,13,563,142,38,13,1,5,1,
121,14,847,234,18,15,1,5,1,
121,19,880,148,12,13,1,5,1,
121,21,9357,-32036,-8397,0,1,5,1,
121,22,889,246,36,8,1,5,1,
121,30,845,192,15,16,1,5,1,
122,1,900,222,16,10,1,5,1,
122,3,625,165,11,8,1,5,1,
122,5,858,322,25,13,1,5,1,
122,8,882,331,24,10,1,5,1,
122,11,748,138,53,10,1,5,1,
122,13,562,142,43,12,1,5,1,
122,14,847,235,18,15,1,5,1,
122,19,879,149,12,13,1,5,1,
122,21,5783,-20489,-4823,0,1,5,1,
122,22,886,247,35,7,1,5,1,
122,30,844,193,15,16,1,5,1,
123,1,899,222,16,10,1,5,1,
123,3,625,164,14,8,1,5,1,
123,5,856,321,25,13,1,5,1,
123,8,880,331,23,9,1,5,1,
123,11,754,137,53,10,1,5,1,
123,13,563,141,47,13,1,5,1,
123,14,847,235,18,15,1,5,1,
123,19,878,150,12,12,1,5,1,
123,22,883,247,33,8,1,5,1,
123,30,843,194,16,15,1,5,1,
124,1,897,222,16,10,1,5,1,
124,3,624,163,18,8,1,5,1,
124,5,855,321,25,13,1,5,1,
124,8,878,330,23,10,1,5,1,
124,11,760,137,53,10,1,5,1,
124,13,563,140,52,13,1,5,1,
124,14,847,235,17,15,1,5,1,
124,19,878,151,11,12,1,5,1,
124,22,880,247,33,8,1,5,1,
124,30,842,194,16,15,1,5,1,
125,1,896,223,16,10,1,5,1,
125,3,624,163,22,7,1,5,1,
125,5,853,321,25,12,1,5,1,
125,8,876,330,23,9,1,5,1,
125,11,766,137,53,10,1,5,1,
125,13,564,139,55,13,1,5,1,
125,14,846,235,17,15,1,5,1,
125,19,877,152,11,12,1,5,1,
125,22,876,247,33,8,1,5,1,
125,30,841,195,17,15,1,5,1,
126,1,894,223,17,10,1,5,1,
126,3,624,162,26,8,1,5,1,
126,5,852,320,25,13,1,5,1,
126,8,874,330,23,9,1,5,1,
126,11,772,136,54,10,1,5,1,
126,13,566,138,58,13,1,5,1,
126,14,846,236,17,14,1,5,1,
126,19,876,152,12,13,1,5,1,
126,22,873,247,33,8,1,5,1,
126,30,840,195,18,15,1,5,1,
127,1,893,224,16,9,1,5,1,
127,3,625,161,29,8,1,5,1,
127,5,851,320,25,12,1,5,1,
127,8,872,329,23,9,1,5,1,
127,11,779,136,53,10,1,5,1,
127,13,568,137,60,14,1,5,1,
127,14,845,236,17,14,1,5,1,
127,19,875,153,12,13,1,5,1,
127,30,839,196,18,15,1,5,1,
128,1,891,224,17,10,1,5,1,
128,3,626,161,32,7,1,5,1,
128,5,849,319,25,13,1,5,1,
128,8,870,329,23,8,1,5,1,
128,11,784,136,54,10,1,5,1,
128,13,571,137,62,13,1,5,1,
128,14,844,236,17,14,1,5,1,
128,19,874,154,12,13,1,5,1,
128,30,838,196,18,15,1,5,1,
129,1,890,224,17,10,1,5,1,
129,3,628,160,34,8,1,5,1,
129,5,847,319,26,13,1,5,1,
129,8,868,328,23,9,1,5,1,
129,11,790,136,54,10,1,5,1,
129,13,575,136,63,14,1,5,1,
129,14,844,236,16,15,1,5,1,
129,19,872,155,13,12,1,5,1,
129,30,837,197,18,14,1,5,1,
130,1,888,225,17,9,1,5,1,
130,3,629,160,37,7,1,5,1,
130,5,845,319,27,12,1,5,1,
130,8,865,328,24,8,1,5,1,
130,11,796,135,54,11,1,5,1,
130,13,578,135,64,14,1,5,1,
130,14,843,237,16,14,1,5,1,
130,19,871,156,13,12,1,5,1,
130,30,836,197,18,15,1,5,1,
131,1,886,225,18,10,1,5,1,
131,3,631,159,40,8,1,5,1,
131,5,842,319,29,12,1,5,1,
131,8,863,327,24,9,1,5,1,
131,11,802,135,54,10,1,5,1,
131,13,582,135,65,14,1,5,1,
131,14,842,237,17,14,1,5,1,
131,19,870,157,13,12,1,5,1,
131,20,951,339,8,8,1,5,1,
131,30,835,198,18,14,1,5,1,
132,1,885,226,17,9,1,5,1,
132,3,634,158,41,8,1,5,1,
132,5,839,318,31,12,1,5,1,
132,11,809,135,53,10,1,5,1,
132,13,587,134,65,14,1,5,1,
132,14,841,237,17,14,1,5,1,
132,19,869,158,13,12,1,5,1,
132,20,949,337,10,10,1,5,1,
132,30,834,199,18,14,1,5,1,
133,1,883,226,17,9,1,5,1,
133,3,637,157,42,9,1,5,1,
133,11,815,135,53,10,1,5,1,
133,13,591,134,65,14,1,5,1,
133,14,841,237,17,14,1,5,1,
133,19,868,159,13,12,1,5,1,
133,20,946,337,13,10,1,5,1,
133,30,833,199,18,14,1,5,1,
134,1,881,226,18,9,1,5,1,
134,3,640,157,43,8,1,5,1,
134,11,820,135,54,10,1,5,1,
134,13,594,133,67,14,1,5,1,
134,14,840,238,17,13,1,5,1,
134,19,867,160,13,11,1,5,1,
134,20,944,336,15,11,1,5,1,
134,30,831,200,19,14,1,5,1,
135,1,879,227,19,9,1,5,1,
135,3,643,157,45,8,1,5,1,
135,11,826,134,53,11,1,5,1,
135,13,598,133,68,14,1,5,1,
135,14,839,238,18,14,1,5,1,
135,19,865,160,14,12,1,5,1,
135,20,942,336,17,11,1,5,1,
135,30,830,200,19,14,1,5,1,
136,1,877,227,19,9,1,5,1,
136,3,647,156,45,9,1,5,1,
136,9,-23268,11985,0,-11441,1,5,1,
136,11,831,134,54,11,1,5,1,
136,13,602,132,69,15,1,5,1,
136,14,838,238,18,14,1,5,1,
136,19,864,161,14,12,1,5,1,
136,20,939,335,20,12,1,5,1,
136,30,829,201,19,14,1,5,1,
137,1,876,227,18,9,1,5,1,
137,3,652,156,45,8,1,5,1,
137,11,839,134,52,11,1,5,1,
137,13,608,132,68,14,1,5,1,
137,14,837,239,18,13,1,5,1,
137,19,863,162,13,12,1,5,1,
137,20,937,335,22,12,1,5,1,
137,30,828,201,18,14,1,5,1,
138,1,874,228,18,9,1,5,1,
138,3,655,155,46,9,1,5,1,
138,11,844,134,52,11,1,5,1,
138,13,612,132,69,14,1,5,1,
138,14,836,239,19,13,1,5,1,
138,19,861,163,14,11,1,5,1,
138,20,937,334,22,12,1,5,1,
138,30,827,202,18,14,1,5,1,
139,1,872,228,19,9,1,5,1,
139,3,660,155,46,9,1,5,1,
139,11,851,134,51,11,1,5,1,
139,13,617,131,69,15,1,5,1,
139,14,835,239,19,13,1,5,1,
139,19,860,164,14,11,1,5,1,
139,20,935,334,24,12,1,5,1,
139,29,954,202,5,9,1,5,1,
139,30,825,202,19,14,1,5,1,
140,1,870,228,19,9,1,5,1,
140,3,664,155,46,8,1,5,1,
140,11,856,134,51,11,1,5,1,
140,13,621,131,70,14,1,5,1,
140,14,833,239,20,13,1,5,1,
140,19,859,165,14,11,1,5,1,
140,20,933,333,26,12,1,5,1,
140,29,952,201,7,10,1,5,1,
140,30,824,203,20,13,1,5,1,
141,1,868,229,19,8,1,5,1,
141,3,669,154,46,9,1,5,1,
141,11,863,134,50,11,1,5,1,
141,13,626,130,69,15,1,5,1,
141,14,832,240,20,13,1,5,1,
141,19,857,166,14,11,1,5,1,
141,20,931,333,28,11,1,5,1,
141,29,950,201,9,11,1,5,1,
141,30,822,203,20,14,1,5,1,
142,1,866,229,19,9,1,5,1,
142,3,673,154,46,9,1,5,1,
142,11,869,134,49,11,1,5,1,
142,13,631,130,69,15,1,5,1,
142,19,856,166,14,11,1,5,1,
142,20,929,332,30,12,1,5,1,
142,29,949,201,10,11,1,5,1,
143,3,677,154,47,9,1,5,1,
143,11,874,134,49,11,1,5,1,
143,13,635,130,70,14,1,5,1,
143,19,854,167,15,11,1,5,1,
143,20,928,332,29,11,1,5,1,
143,29,947,201,12,12,1,5,1,
144,3,680,154,49,8,1,5,1,
144,11,878,134,50,11,1,5,1,
144,13,638,129,72,15,1,5,1,
144,19,853,168,15,11,1,5,1,
144,29,945,202,14,11,1,5,1,
145,3,684,153,49,9,1,5,1,
145,11,882,134,51,11,1,5,1,
145,13,642,129,73,15,1,5,1,
145,19,851,168,16,11,1,5,1,
145,29,943,202,16,11,1,5,1,
146,3,687,153,51,9,1,5,1,
146,11,887,134,51,11,1,5,1,
146,13,646,129,74,15,1,5,1,
146,19,849,169,17,11,1,5,1,
146,29,941,203,18,11,1,5,1,
147,3,691,153,51,9,1,5,1,
147,11,891,135,52,10,1,5,1,
147,13,650,129,75,14,1,5,1,
147,29,939,203,20,11,1,5,1,
148,3,695,153,52,8,1,5,1,
148,11,896,135,52,10,1,5,1,
148,13,654,128,76,15,1,5,1,
148,29,937,204,22,11,1,5,1,
149,3,698,152,53,9,1,5,1,
149,11,900,135,52,11,1,5,1,
149,13,657,128,78,15,1,5,1,
149,29,936,203,23,12,1,5,1,
150,3,702,152,54,9,1,5,1,
150,11,905,135,52,11,1,5,1,
150,13,662,128,78,15,1,5,1,
150,29,934,204,25,11,1,5,1,
