1,1,18,455,49,11,1,5,1,
1,2,599,345,74,50,1,5,1,
1,3,169,457,54,25,1,5,1,
1,4,848,143,111,46,1,5,1,
1,5,466,302,19,19,1,5,1,
1,6,693,96,14,23,1,5,1,
1,7,602,207,57,16,1,5,1,
1,8,783,294,177,52,1,5,1,
1,9,434,82,100,29,1,5,1,
1,10,625,0,107,29,1,5,1,
1,11,108,414,18,15,1,5,1,
1,12,353,184,25,29,1,5,1,
1,13,752,317,57,13,1,5,1,
1,14,462,481,12,20,1,5,1,
1,15,735,337,34,14,1,5,1,
1,16,617,251,82,20,1,5,1,
1,17,721,232,64,18,1,5,1,
1,18,558,146,62,28,1,5,1,
1,19,37,493,77,42,1,5,1,
1,20,728,149,93,48,1,5,1,
1,21,714,50,59,49,1,5,1,
1,22,890,106,17,20,1,5,1,
2,1,26,454,46,12,1,5,1,
2,2,600,346,87,55,1,5,1,
2,3,175,455,49,26,1,5,1,
2,4,847,145,112,46,1,5,1,
2,5,469,302,19,18,1,5,1,
2,6,692,97,15,23,1,5,1,
2,7,609,207,55,17,1,5,1,
2,8,796,296,164,53,1,5,1,
2,9,426,80,98,35,1,5,1,
2,10,634,0,103,31,1,5,1,
2,11,110,412,17,15,1,5,1,
2,12,353,184,23,30,1,5,1,
2,13,759,317,58,15,1,5,1,
2,14,464,479,11,20,1,5,1,
2,15,733,337,30,16,1,5,1,
2,16,613,252,77,19,1,5,1,
2,17,718,233,55,17,1,5,1,
2,18,565,148,62,28,1,5,1,
2,19,30,494,76,46,1,5,1,
2,20,728,153,74,46,1,5,1,
2,21,713,53,50,49,1,5,1,
2,22,887,107,20,21,1,5,1,
3,1,33,455,44,11,1,5,1,
3,2,601,348,102,59,1,5,1,
3,3,176,453,54,26,1,5,1,
3,4,846,137,114,56,1,5,1,
3,5,468,302,25,18,1,5,1,
3,6,691,99,14,23,1,5,1,
3,7,611,207,60,17,1,5,1,
3,8,810,297,150,46,1,5,1,
3,9,419,78,95,42,1,5,1,
3,10,643,0,98,34,1,5,1,
3,11,113,411,16,15,1,5,1,
3,12,354,185,22,31,1,5,1,
3,13,765,318,61,15,1,5,1,
3,14,466,476,11,21,1,5,1,
3,15,726,338,36,15,1,5,1,
3,16,610,252,72,19,1,5,1,
3,17,716,234,47,17,1,5,1,
3,18,573,150,59,28,1,5,1,
3,19,25,496,74,47,1,5,1,
3,20,727,157,60,44,1,5,1,
3,21,713,56,41,48,1,5,1,
3,22,885,109,22,20,1,5,1,
4,1,40,455,40,12,1,5,1,
4,2,603,351,117,61,1,5,1,
4,3,178,451,58,27,1,5,1,
4,4,848,140,95,54,1,5,1,
4,5,468,301,32,18,1,5,1,
4,6,690,101,15,23,1,5,1,
4,7,613,207,66,16,1,5,1,
4,8,829,299,131,47,1,5,1,
4,9,414,78,88,48,1,5,1,
4,10,653,0,90,36,1,5,1,
4,11,113,409,22,15,1,5,1,
4,12,355,186,22,31,1,5,1,
4,13,773,319,61,15,1,5,1,
4,14,467,474,12,20,1,5,1,
4,15,718,338,43,15,1,5,1,
4,16,607,252,65,18,1,5,1,
4,17,715,235,38,16,1,5,1,
4,18,581,152,58,27,1,5,1,
4,19,23,499,67,44,1,5,1,
4,20,725,161,47,42,1,5,1,
4,21,711,60,34,48,1,5,1,
4,22,881,110,25,21,1,5,1,
5,1,47,456,35,12,1,5,1,
5,2,607,354,131,63,1,5,1,
5,3,180,449,63,27,1,5,1,
5,4,848,143,76,52,1,5,1,
5,5,469,301,37,17,1,5,1,
5,6,688,102,17,23,1,5,1,
5,7,617,207,69,16,1,5,1,
5,8,850,301,110,41,1,5,1,
5,9,410,78,80,54,1,5,1,
5,10,662,0,83,39,1,5,1,
5,11,112,407,29,16,1,5,1,
5,12,357,188,22,31,1,5,1,
5,13,781,320,60,15,1,5,1,
5,14,467,472,16,19,1,5,1,
5,15,710,339,50,14,1,5,1,
5,16,606,252,57,18,1,5,1,
5,17,714,236,30,16,1,5,1,
5,18,588,154,58,26,1,5,1,
5,19,18,502,63,42,1,5,1,
5,20,724,164,36,41,1,5,1,
5,21,709,64,29,46,1,5,1,
5,22,877,112,27,21,1,5,1,
6,1,52,456,32,13,1,5,1,
6,2,612,358,144,63,1,5,1,
6,3,184,447,65,27,1,5,1,
6,4,846,147,60,50,1,5,1,
6,5,470,301,43,17,1,5,1,
6,6,685,104,21,23,1,5,1,
6,7,621,206,73,17,1,5,1,
6,8,875,303,85,32,1,5,1,
6,9,407,80,72,57,1,5,1,
6,10,665,0,86,42,1,5,1,
6,11,113,406,34,15,1,5,1,
6,12,354,190,31,30,1,5,1,
6,13,790,322,57,13,1,5,1,
6,14,468,471,19,18,1,5,1,
6,15,702,339,55,14,1,5,1,
6,16,605,252,49,18,1,5,1,
6,17,713,236,23,16,1,5,1,
6,18,596,156,58,25,1,5,1,
6,19,14,505,58,39,1,5,1,
6,20,726,168,33,38,1,5,1,
6,21,709,68,22,45,1,5,1,
6,22,874,114,27,20,1,5,1,
7,1,57,457,29,14,1,5,1,
7,2,620,363,154,61,1,5,1,
7,3,187,445,68,27,1,5,1,
7,4,845,151,46,47,1,5,1,
7,5,474,301,44,16,1,5,1,
7,6,683,106,21,23,1,5,1,
7,7,625,206,76,17,1,5,1,
7,9,406,82,61,60,1,5,1,
7,10,670,0,88,44,1,5,1,
7,11,115,404,39,15,1,5,1,
7,12,352,192,38,29,1,5,1,
7,13,799,323,54,13,1,5,1,
7,14,470,469,21,17,1,5,1,
7,15,694,338,59,15,1,5,1,
7,16,605,253,40,17,1,5,1,
7,17,712,237,20,16,1,5,1,
7,18,603,157,58,25,1,5,1,
7,19,11,510,52,34,1,5,1,
7,20,728,172,33,36,1,5,1,
7,21,709,73,22,42,1,5,1,
7,22,871,115,27,21,1,5,1,
8,1,61,458,27,14,1,5,1,
8,2,629,369,162,57,1,5,1,
8,3,192,444,69,26,1,5,1,
8,4,846,155,44,44,1,5,1,
8,5,478,300,44,17,1,5,1,
8,6,681,108,20,22,1,5,1,
8,7,630,205,77,18,1,5,1,
8,9,406,85,50,63,1,5,1,
8,10,675,5,92,40,1,5,1,
8,11,118,403,43,14,1,5,1,
8,12,351,194,46,27,1,5,1,
8,13,808,324,49,12,1,5,1,
8,14,473,468,21,16,1,5,1,
8,15,686,338,63,14,1,5,1,
8,16,605,253,32,17,1,5,1,
8,17,713,238,20,15,1,5,1,
8,18,611,159,56,24,1,5,1,
8,19,9,514,45,30,1,5,1,
8,20,733,175,31,34,1,5,1,
8,21,710,78,21,39,1,5,1,
8,22,868,117,27,20,1,5,1,
9,1,64,459,27,14,1,5,1,
9,2,640,374,168,53,1,5,1,
9,3,197,443,69,24,1,5,1,
9,4,849,159,43,41,1,5,1,
9,5,482,300,45,16,1,5,1,
9,6,680,110,18,22,1,5,1,
9,7,636,205,78,17,1,5,1,
9,9,407,90,39,62,1,5,1,
9,10,681,8,93,39,1,5,1,
9,11,121,402,47,14,1,5,1,
9,12,351,196,52,26,1,5,1,
9,13,817,324,44,12,1,5,1,
9,14,476,466,21,16,1,5,1,
9,15,678,336,65,15,1,5,1,
9,16,604,253,25,18,1,5,1,
9,17,716,239,18,15,1,5,1,
9,18,618,160,56,24,1,5,1,
9,19,8,520,37,24,1,5,1,
9,20,731,178,41,32,1,5,1,
9,21,712,83,21,35,1,5,1,
9,22,865,119,27,20,1,5,1,
10,1,67,460,27,14,1,5,1,
10,2,653,380,171,48,1,5,1,
10,3,202,443,70,22,1,5,1,
10,4,854,163,42,38,1,5,1,
10,5,487,299,44,17,1,5,1,
10,6,679,112,16,21,1,5,1,
10,7,643,205,76,17,1,5,1,
10,9,405,94,32,63,1,5,1,
10,10,688,10,94,38,1,5,1,
10,11,126,400,50,14,1,5,1,
10,12,352,199,58,24,1,5,1,
10,13,825,324,38,12,1,5,1,
10,14,480,465,19,15,1,5,1,
10,15,671,335,66,16,1,5,1,
10,16,604,254,20,17,1,5,1,
10,17,718,239,19,15,1,5,1,
10,18,626,162,55,23,1,5,1,
10,19,9,525,28,19,1,5,1,
10,20,730,181,52,30,1,5,1,
10,21,708,88,29,31,1,5,1,
10,22,862,120,27,20,1,5,1,
11,1,70,461,27,15,1,5,1,
11,2,668,386,169,44,1,5,1,
11,3,208,443,70,19,1,5,1,
11,4,849,166,56,35,1,5,1,
11,5,492,299,43,16,1,5,1,
11,6,677,114,15,21,1,5,1,
11,7,650,205,74,17,1,5,1,
11,9,405,99,24,63,1,5,1,
11,10,694,12,95,37,1,5,1,
11,11,131,399,52,13,1,5,1,
11,12,354,201,62,23,1,5,1,
11,13,833,324,31,12,1,5,1,
11,14,483,463,18,15,1,5,1,
11,15,664,333,67,16,1,5,1,
11,16,604,254,20,18,1,5,1,
11,17,717,240,26,15,1,5,1,
11,18,633,163,54,23,1,5,1,
11,20,730,184,64,28,1,5,1,
11,21,708,91,32,29,1,5,1,
11,22,859,122,27,19,1,5,1,
12,1,73,462,27,15,1,5,1,
12,2,684,392,165,39,1,5,1,
12,3,213,442,70,18,1,5,1,
12,4,849,168,65,34,1,5,1,
12,5,496,299,44,15,1,5,1,
12,6,676,116,14,20,1,5,1,
12,7,657,205,71,17,1,5,1,
12,9,406,105,23,60,1,5,1,
12,10,701,14,95,36,1,5,1,
12,11,136,398,54,13,1,5,1,
12,12,357,203,65,22,1,5,1,
12,13,840,324,24,12,1,5,1,
12,14,486,461,17,15,1,5,1,
12,15,658,331,66,17,1,5,1,
12,16,606,255,19,17,1,5,1,
12,17,717,240,33,15,1,5,1,
12,18,640,164,54,23,1,5,1,
12,20,733,186,72,27,1,5,1,
12,21,709,93,34,29,1,5,1,
12,22,856,124,27,19,1,5,1,
13,1,76,464,27,14,1,5,1,
13,2,702,393,156,37,1,5,1,
13,3,219,442,69,17,1,5,1,
13,4,853,169,65,33,1,5,1,
13,5,500,298,44,16,1,5,1,
13,6,675,118,13,20,1,5,1,
13,7,664,205,67,17,1,5,1,
13,9,408,111,23,58,1,5,1,
13,10,708,15,95,36,1,5,1,
13,11,142,398,56,12,1,5,1,
13,12,362,204,65,21,1,5,1,
13,13,846,324,19,11,1,5,1,
13,14,489,459,16,15,1,5,1,
13,15,653,330,63,17,1,5,1,
13,16,608,255,18,17,1,5,1,
13,17,719,240,38,15,1,5,1,
13,18,647,166,53,22,1,5,1,
13,20,740,187,72,26,1,5,1,
13,21,712,95,33,28,1,5,1,
13,22,854,125,26,19,1,5,1,
14,1,79,465,28,15,1,5,1,
14,2,721,392,145,37,1,5,1,
14,3,224,441,69,17,1,5,1,
14,4,858,170,66,33,1,5,1,
14,5,504,298,45,16,1,5,1,
14,6,674,120,13,19,1,5,1,
14,7,672,205,62,18,1,5,1,
14,9,411,116,22,56,1,5,1,
14,10,716,17,93,35,1,5,1,
14,11,149,397,56,12,1,5,1,
14,12,367,205,65,21,1,5,1,
14,13,850,323,15,12,1,5,1,
14,14,491,457,16,15,1,5,1,
14,15,648,328,60,18,1,5,1,
14,16,607,255,23,17,1,5,1,
14,17,724,240,37,15,1,5,1,
14,18,654,167,52,21,1,5,1,
14,20,749,188,70,26,1,5,1,
14,21,715,97,32,27,1,5,1,
14,22,851,127,26,18,1,5,1,
15,1,82,466,28,15,1,5,1,
15,2,737,391,140,38,1,5,1,
15,3,229,441,68,16,1,5,1,
15,4,864,171,64,32,1,5,1,
15,5,509,298,44,15,1,5,1,
15,6,673,121,12,19,1,5,1,
15,7,679,204,56,19,1,5,1,
15,9,409,122,29,52,1,5,1,
15,10,724,18,91,35,1,5,1,
15,11,156,396,55,12,1,5,1,
15,12,372,205,65,21,1,5,1,
15,13,849,323,16,11,1,5,1,
15,14,494,455,14,15,1,5,1,
15,15,643,326,58,18,1,5,1,
15,16,608,255,24,16,1,5,1,
15,17,730,241,36,14,1,5,1,
15,18,661,168,51,21,1,5,1,
15,20,757,189,69,25,1,5,1,
15,21,718,98,31,28,1,5,1,
15,22,848,128,26,18,1,5,1,
16,1,85,467,28,15,1,5,1,
16,2,753,391,136,37,1,5,1,
16,3,235,441,66,17,1,5,1,
16,4,871,172,61,32,1,5,1,
16,5,514,297,44,16,1,5,1,
16,6,672,122,12,19,1,5,1,
16,7,688,204,48,19,1,5,1,
16,9,407,128,37,48,1,5,1,
16,10,732,18,89,36,1,5,1,
16,11,164,396,54,11,1,5,1,
16,12,378,206,64,20,1,5,1,
16,13,848,322,16,12,1,5,1,
16,14,497,454,13,14,1,5,1,
16,15,639,325,53,16,1,5,1,
16,16,612,255,22,16,1,5,1,
16,17,736,241,34,14,1,5,1,
16,18,669,169,48,21,1,5,1,
16,20,767,189,65,26,1,5,1,
16,21,721,100,30,27,1,5,1,
16,22,845,130,26,18,1,5,1,
17,1,89,468,27,16,1,5,1,
17,2,766,390,134,37,1,5,1,
17,3,240,441,64,17,1,5,1,
17,4,877,173,59,31,1,5,1,
17,5,519,297,43,16,1,5,1,
17,6,671,123,12,19,1,5,1,
17,7,695,204,42,19,1,5,1,
17,9,407,133,44,45,1,5,1,
17,10,739,19,87,37,1,5,1,
17,11,170,396,54,10,1,5,1,
17,12,383,207,64,20,1,5,1,
17,13,846,321,18,12,1,5,1,
17,14,499,452,12,15,1,5,1,
17,15,636,324,49,15,1,5,1,
17,16,615,256,22,16,1,5,1,
17,17,740,241,34,14,1,5,1,
17,18,675,170,48,21,1,5,1,
17,20,775,190,63,25,1,5,1,
17,21,724,101,28,27,1,5,1,
17,22,842,131,27,18,1,5,1,
18,1,92,470,26,16,1,5,1,
18,2,780,390,130,36,1,5,1,
18,3,245,442,62,17,1,5,1,
18,4,883,173,57,32,1,5,1,
18,5,524,297,42,15,1,5,1,
18,6,670,125,13,18,1,5,1,
18,7,703,204,33,19,1,5,1,
18,9,408,138,51,42,1,5,1,
18,10,747,20,84,37,1,5,1,
18,11,178,395,52,11,1,5,1,
18,12,388,207,64,20,1,5,1,
18,13,846,321,16,11,1,5,1,
18,14,501,450,11,15,1,5,1,
18,15,634,323,43,15,1,5,1,
18,16,619,256,20,16,1,5,1,
18,17,746,241,31,14,1,5,1,
18,18,681,171,48,21,1,5,1,
18,20,783,191,61,25,1,5,1,
18,21,727,103,26,26,1,5,1,
18,22,839,133,27,17,1,5,1,
19,1,95,471,24,17,1,5,1,
19,2,793,389,128,36,1,5,1,
19,3,250,442,60,18,1,5,1,
19,4,889,174,54,31,1,5,1,
19,5,528,297,42,15,1,5,1,
19,6,669,126,13,18,1,5,1,
19,7,710,204,25,19,1,5,1,
19,9,409,143,58,38,1,5,1,
19,10,754,21,82,37,1,5,1,
19,11,185,395,50,11,1,5,1,
19,12,393,208,64,19,1,5,1,
19,13,846,321,15,11,1,5,1,
19,14,503,449,10,14,1,5,1,
19,15,632,322,37,14,1,5,1,
19,16,623,257,18,15,1,5,1,
19,17,750,242,31,13,1,5,1,
19,18,687,172,48,20,1,5,1,
19,20,791,192,59,24,1,5,1,
19,21,730,104,25,27,1,5,1,
19,22,836,134,27,17,1,5,1,
20,1,97,473,24,17,1,5,1,
20,2,806,388,125,37,1,5,1,
20,3,255,443,56,18,1,5,1,
20,4,894,175,52,31,1,5,1,
20,5,533,297,41,14,1,5,1,
20,6,668,127,13,18,1,5,1,
20,7,716,204,21,19,1,5,1,
20,9,412,147,63,35,1,5,1,
20,10,761,22,80,37,1,5,1,
20,11,192,395,48,11,1,5,1,
20,12,398,209,64,19,1,5,1,
20,13,845,320,15,11,1,5,1,
20,14,505,447,9,14,1,5,1,
20,15,632,322,30,13,1,5,1,
20,16,626,257,16,15,1,5,1,
20,17,755,242,29,13,1,5,1,
20,18,694,173,46,20,1,5,1,
20,20,798,193,58,24,1,5,1,
20,21,733,105,23,27,1,5,1,
20,22,833,135,27,17,1,5,1,
21,1,99,475,24,17,1,5,1,
21,2,820,387,121,37,1,5,1,
21,3,259,443,59,18,1,5,1,
21,4,900,176,49,31,1,5,1,
21,5,537,296,41,15,1,5,1,
21,6,667,129,13,17,1,5,1,
21,7,718,204,20,19,1,5,1,
21,9,416,151,67,31,1,5,1,
21,10,769,23,76,38,1,5,1,
21,11,199,395,45,11,1,5,1,
21,12,404,209,63,19,1,5,1,
21,13,844,319,16,11,1,5,1,
21,14,507,445,8,14,1,5,1,
21,15,631,321,24,13,1,5,1,
21,16,628,257,16,15,1,5,1,
21,17,760,242,28,14,1,5,1,
21,18,701,174,44,20,1,5,1,
21,20,806,193,55,24,1,5,1,
21,21,735,107,23,26,1,5,1,
21,22,830,137,27,16,1,5,1,
22,1,102,477,24,17,1,5,1,
22,2,834,387,117,36,1,5,1,
22,3,264,444,58,17,1,5,1,
22,4,906,177,46,30,1,5,1,
22,5,542,296,40,15,1,5,1,
22,6,666,130,13,17,1,5,1,
22,7,719,205,20,19,1,5,1,
22,9,422,155,69,27,1,5,1,
22,10,776,24,74,38,1,5,1,
22,11,207,396,40,11,1,5,1,
22,12,409,210,63,18,1,5,1,
22,13,844,319,16,11,1,5,1,
22,14,508,444,8,13,1,5,1,
22,15,630,320,19,13,1,5,1,
22,16,630,257,15,15,1,5,1,
22,17,764,242,27,14,1,5,1,
22,18,705,176,49,18,1,5,1,
22,20,814,194,53,24,1,5,1,
22,21,738,108,21,27,1,5,1,
22,22,828,138,26,16,1,5,1,
23,1,105,478,23,18,1,5,1,
23,2,846,386,113,36,1,5,1,
23,3,268,444,56,17,1,5,1,
23,4,909,178,47,30,1,5,1,
23,5,547,296,38,14,1,5,1,
23,6,665,131,13,18,1,5,1,
23,7,721,206,19,18,1,5,1,
23,9,427,158,73,25,1,5,1,
23,10,782,26,73,37,1,5,1,
23,11,213,396,37,12,1,5,1,
23,12,414,210,63,19,1,5,1,
23,13,843,318,16,11,1,5,1,
23,14,509,442,8,13,1,5,1,
23,15,629,320,15,12,1,5,1,
23,16,631,257,16,15,1,5,1,
23,17,768,243,27,13,1,5,1,
23,18,709,177,55,18,1,5,1,
23,20,820,195,53,23,1,5,1,
23,21,739,110,21,26,1,5,1,
23,22,825,139,26,16,1,5,1,
24,1,107,479,23,19,1,5,1,
24,2,857,385,103,36,1,5,1,
24,3,273,445,53,17,1,5,1,
24,4,913,179,46,29,1,5,1,
24,5,551,296,38,14,1,5,1,
24,6,664,133,13,17,1,5,1,
24,7,722,206,19,19,1,5,1,
24,9,433,161,75,23,1,5,1,
24,10,788,27,72,37,1,5,1,
24,11,219,396,33,12,1,5,1,
24,12,419,211,63,18,1,5,1,
24,13,842,318,16,10,1,5,1,
24,14,510,440,8,14,1,5,1,
24,15,629,319,14,13,1,5,1,
24,16,632,257,16,15,1,5,1,
24,17,772,243,26,13,1,5,1,
24,18,713,177,61,18,1,5,1,
24,20,826,196,52,23,1,5,1,
24,21,741,111,20,26,1,5,1,
24,22,822,141,26,15,1,5,1,
25,1,110,481,22,19,1,5,1,
25,2,868,385,92,35,1,5,1,
25,3,278,446,50,17,1,5,1,
25,4,917,180,42,29,1,5,1,
25,5,555,295,38,15,1,5,1,
25,6,662,134,14,17,1,5,1,
25,7,723,207,19,18,1,5,1,
25,9,439,163,77,21,1,5,1,
25,10,794,29,71,37,1,5,1,
25,11,224,396,29,14,1,5,1,
25,12,424,211,63,18,1,5,1,
25,13,841,317,16,11,1,5,1,
25,14,510,439,8,13,1,5,1,
25,15,630,319,14,12,1,5,1,
25,16,634,258,15,14,1,5,1,
25,17,776,243,25,13,1,5,1,
25,18,720,178,61,17,1,5,1,
25,20,832,196,51,23,1,5,1,
25,21,743,113,19,25,1,5,1,
25,22,819,142,26,15,1,5,1,
26,1,113,483,21,20,1,5,1,
26,2,880,384,80,34,1,5,1,
26,3,283,447,46,17,1,5,1,
26,4,922,180,38,29,1,5,1,
26,5,559,295,38,14,1,5,1,
26,6,661,135,14,17,1,5,1,
26,7,724,208,19,18,1,5,1,
26,9,447,163,76,21,1,5,1,
26,10,800,30,69,37,1,5,1,
26,11,229,397,26,14,1,5,1,
26,12,429,211,62,18,1,5,1,
26,13,840,317,16,10,1,5,1,
26,14,511,437,8,13,1,5,1,
26,15,631,318,13,12,1,5,1,
26,16,635,258,15,14,1,5,1,
26,17,780,244,24,12,1,5,1,
26,18,729,178,59,18,1,5,1,
26,20,839,197,49,23,1,5,1,
26,21,745,114,18,26,1,5,1,
26,22,816,143,26,15,1,5,1,
27,1,115,484,22,21,1,5,1,
27,2,892,384,68,30,1,5,1,
27,3,287,448,43,18,1,5,1,
27,4,927,181,33,29,1,5,1,
27,5,564,295,37,14,1,5,1,
27,6,659,136,15,17,1,5,1,
27,7,725,208,18,18,1,5,1,
27,9,454,164,76,20,1,5,1,
27,10,806,31,67,37,1,5,1,
27,11,233,397,24,15,1,5,1,
27,12,435,212,60,18,1,5,1,
27,13,840,317,14,10,1,5,1,
27,14,511,436,8,13,1,5,1,
27,15,633,318,13,12,1,5,1,
27,16,637,258,16,15,1,5,1,
27,17,783,244,24,12,1,5,1,
27,18,737,179,58,17,1,5,1,
27,20,846,198,46,22,1,5,1,
27,21,746,116,18,25,1,5,1,
27,22,813,144,26,15,1,5,1,
28,1,117,486,22,21,1,5,1,
28,2,904,387,56,27,1,5,1,
28,3,290,449,44,18,1,5,1,
28,4,931,182,29,28,1,5,1,
28,5,568,295,36,14,1,5,1,
28,6,658,137,14,17,1,5,1,
28,7,726,209,18,17,1,5,1,
28,9,461,164,75,20,1,5,1,
28,10,812,33,65,37,1,5,1,
28,11,235,398,25,15,1,5,1,
28,12,440,212,59,18,1,5,1,
28,13,839,316,14,10,1,5,1,
28,14,511,434,8,13,1,5,1,
28,15,632,317,18,12,1,5,1,
28,16,637,259,19,14,1,5,1,
28,17,787,244,23,13,1,5,1,
28,18,745,179,57,17,1,5,1,
28,20,852,198,44,23,1,5,1,
28,21,747,117,18,25,1,5,1,
28,22,810,146,26,14,1,5,1,
29,1,119,488,22,22,1,5,1,
29,2,915,387,45,26,1,5,1,
29,3,292,451,45,17,1,5,1,
29,4,935,183,25,28,1,5,1,
29,5,572,295,36,14,1,5,1,
29,6,656,139,15,16,1,5,1,
29,7,727,210,18,17,1,5,1,
29,9,468,164,75,21,1,5,1,
29,10,818,34,63,37,1,5,1,
29,11,238,399,26,16,1,5,1,
29,12,445,212,58,18,1,5,1,
29,13,838,316,15,10,1,5,1,
29,14,511,433,8,12,1,5,1,
29,15,632,317,22,12,1,5,1,
29,16,640,259,18,14,1,5,1,
29,17,790,244,23,13,1,5,1,
29,18,753,179,55,18,1,5,1,
29,20,858,199,43,22,1,5,1,
29,21,748,119,18,24,1,5,1,
29,22,808,147,25,14,1,5,1,
30,1,121,491,23,21,1,5,1,
30,2,926,392,34,18,1,5,1,
30,3,295,452,46,18,1,5,1,
30,4,939,184,21,27,1,5,1,
30,5,576,295,36,13,1,5,1,
30,6,655,140,15,16,1,5,1,
30,7,728,210,18,17,1,5,1,
30,9,475,165,74,20,1,5,1,
30,10,823,36,61,36,1,5,1,
30,11,240,400,27,16,1,5,1,
30,12,450,212,57,18,1,5,1,
30,13,838,315,14,10,1,5,1,
30,14,511,431,8,13,1,5,1,
30,15,634,317,23,11,1,5,1,
30,16,642,259,17,14,1,5,1,
30,17,794,244,22,13,1,5,1,
30,18,760,180,54,17,1,5,1,
30,20,863,200,42,21,1,5,1,
30,21,749,120,18,24,1,5,1,
30,22,805,148,26,14,1,5,1,
31,1,123,493,23,21,1,5,1,
31,3,297,453,49,18,1,5,1,
31,4,942,184,18,28,1,5,1,
31,5,580,294,35,14,1,5,1,
31,6,653,141,15,15,1,5,1,
31,7,729,211,18,17,1,5,1,
31,9,483,165,73,20,1,5,1,
31,10,827,38,66,34,1,5,1,
31,11,243,401,27,16,1,5,1,
31,12,456,213,54,17,1,5,1,
31,13,837,315,14,9,1,5,1,
31,14,511,430,8,12,1,5,1,
31,15,637,316,22,12,1,5,1,
31,16,644,259,17,14,1,5,1,
31,17,797,245,22,12,1,5,1,
31,18,768,180,52,17,1,5,1,
31,20,869,201,39,21,1,5,1,
31,21,750,121,18,24,1,5,1,
31,22,802,149,26,14,1,5,1,
32,1,125,495,24,22,1,5,1,
32,3,300,454,50,18,1,5,1,
32,4,945,185,15,27,1,5,1,
32,5,585,294,33,14,1,5,1,
32,6,651,142,16,15,1,5,1,
32,7,729,211,18,17,1,5,1,
32,9,490,165,72,21,1,5,1,
32,10,833,39,66,34,1,5,1,
32,11,246,402,28,16,1,5,1,
32,12,461,213,53,18,1,5,1,
32,13,836,314,14,10,1,5,1,
32,14,510,428,9,12,1,5,1,
32,15,640,316,20,11,1,5,1,
32,16,647,259,15,14,1,5,1,
32,17,801,245,20,12,1,5,1,
32,18,776,181,50,17,1,5,1,
32,20,875,201,37,21,1,5,1,
32,21,751,123,17,23,1,5,1,
32,22,799,150,26,14,1,5,1,
33,1,127,497,25,22,1,5,1,
33,3,303,455,51,18,1,5,1,
33,5,588,294,33,13,1,5,1,
33,6,649,143,17,15,1,5,1,
33,7,730,212,18,16,1,5,1,
33,9,497,166,71,20,1,5,1,
33,10,839,39,64,35,1,5,1,
33,11,248,403,30,16,1,5,1,
33,12,466,213,51,18,1,5,1,
33,13,835,314,15,9,1,5,1,
33,14,510,427,9,12,1,5,1,
33,15,643,315,19,12,1,5,1,
33,16,649,260,14,13,1,5,1,
33,17,804,245,20,12,1,5,1,
33,18,782,181,50,17,1,5,1,
33,20,879,202,36,21,1,5,1,
33,21,752,124,17,23,1,5,1,
33,22,796,151,26,14,1,5,1,
34,1,129,499,26,23,1,5,1,
34,3,305,456,54,19,1,5,1,
34,5,592,294,32,13,1,5,1,
34,6,648,144,16,15,1,5,1,
34,7,731,213,17,16,1,5,1,
34,9,503,166,71,20,1,5,1,
34,10,845,40,61,35,1,5,1,
34,11,251,404,30,16,1,5,1,
34,12,470,214,50,17,1,5,1,
34,13,834,314,15,9,1,5,1,
34,14,509,426,10,11,1,5,1,
34,15,645,315,19,11,1,5,1,
34,16,650,260,14,13,1,5,1,
34,17,807,245,18,12,1,5,1,
34,18,789,182,48,17,1,5,1,
34,20,884,203,34,20,1,5,1,
34,21,752,125,18,23,1,5,1,
34,22,793,152,26,14,1,5,1,
35,1,132,501,27,23,1,5,1,
35,3,308,457,56,19,1,5,1,
35,5,596,294,30,13,1,5,1,
35,6,646,145,17,15,1,5,1,
35,7,731,213,17,16,1,5,1,
35,9,510,167,69,20,1,5,1,
35,10,851,41,58,35,1,5,1,
35,11,254,406,31,15,1,5,1,
35,12,475,214,48,17,1,5,1,
35,13,833,313,15,9,1,5,1,
35,14,509,424,10,12,1,5,1,
35,15,648,315,17,11,1,5,1,
35,16,652,260,13,13,1,5,1,
35,17,810,246,18,11,1,5,1,
35,18,796,182,46,17,1,5,1,
35,20,889,203,32,21,1,5,1,
35,21,753,127,17,23,1,5,1,
35,22,790,153,26,14,1,5,1,
36,1,134,504,28,23,1,5,1,
36,3,312,458,57,19,1,5,1,
36,5,600,293,29,14,1,5,1,
36,6,644,146,17,15,1,5,1,
36,7,731,214,18,16,1,5,1,
36,9,517,167,68,20,1,5,1,
36,10,856,42,57,36,1,5,1,
36,11,257,407,32,15,1,5,1,
36,12,479,214,47,18,1,5,1,
36,13,832,313,15,9,1,5,1,
36,14,508,423,11,11,1,5,1,
36,15,650,314,17,11,1,5,1,
36,16,654,260,13,13,1,5,1,
36,17,812,246,18,11,1,5,1,
36,18,802,183,45,17,1,5,1,
36,20,893,204,31,20,1,5,1,
36,21,754,128,17,23,1,5,1,
36,22,788,154,26,14,1,5,1,
37,1,137,506,28,23,1,5,1,
37,3,315,459,59,19,1,5,1,
37,5,603,293,29,13,1,5,1,
37,6,642,147,18,15,1,5,1,
37,7,732,214,17,16,1,5,1,
37,9,524,168,66,19,1,5,1,
37,10,862,44,54,35,1,5,1,
37,11,261,408,32,16,1,5,1,
37,12,483,215,46,17,1,5,1,
37,13,831,312,15,9,1,5,1,
37,14,506,422,12,11,1,5,1,
37,15,653,314,15,11,1,5,1,
37,16,655,260,13,13,1,5,1,
37,17,815,246,17,12,1,5,1,
37,18,809,184,43,16,1,5,1,
37,20,897,205,30,20,1,5,1,
37,21,754,129,17,23,1,5,1,
37,22,785,155,26,14,1,5,1,
38,1,139,508,30,24,1,5,1,
38,3,319,460,60,19,1,5,1,
38,5,607,293,27,13,1,5,1,
38,6,640,148,18,15,1,5,1,
38,7,732,215,17,15,1,5,1,
38,9,530,168,66,20,1,5,1,
38,10,867,45,52,35,1,5,1,
38,11,264,409,33,16,1,5,1,
38,12,488,215,44,17,1,5,1,
38,13,830,312,15,9,1,5,1,
38,14,505,421,13,11,1,5,1,
38,15,655,314,14,10,1,5,1,
38,16,656,260,13,13,1,5,1,
38,17,817,246,17,12,1,5,1,
38,18,815,184,42,16,1,5,1,
38,20,901,206,29,19,1,5,1,
38,21,755,131,16,22,1,5,1,
38,22,782,156,26,13,1,5,1,
39,1,142,511,30,23,1,5,1,
39,3,323,461,61,19,1,5,1,
39,5,610,293,26,13,1,5,1,
39,7,732,215,17,16,1,5,1,
39,9,537,169,64,19,1,5,1,
39,10,872,46,50,35,1,5,1,
39,11,267,410,35,16,1,5,1,
39,12,492,215,42,18,1,5,1,
39,13,829,312,15,8,1,5,1,
39,14,503,420,14,10,1,5,1,
39,15,657,313,14,11,1,5,1,
39,16,657,260,13,13,1,5,1,
39,17,820,247,16,11,1,5,1,
39,18,821,185,40,16,1,5,1,
39,20,905,206,28,20,1,5,1,
39,21,755,132,17,22,1,5,1,
39,22,779,157,26,13,1,5,1,
40,1,145,513,31,24,1,5,1,
40,3,326,462,63,19,1,5,1,
40,5,614,293,24,12,1,5,1,
40,7,732,216,17,15,1,5,1,
40,9,543,169,63,20,1,5,1,
40,10,876,48,49,35,1,5,1,
40,11,271,411,35,16,1,5,1,
40,12,496,216,41,17,1,5,1,
40,13,828,311,15,9,1,5,1,
40,14,502,418,14,11,1,5,1,
40,15,659,313,13,11,1,5,1,
40,16,658,260,13,13,1,5,1,
40,17,822,247,15,11,1,5,1,
40,18,826,185,40,16,1,5,1,
40,20,908,207,27,19,1,5,1,
40,21,755,133,17,22,1,5,1,
40,22,776,158,26,13,1,5,1,
41,1,148,515,32,25,1,5,1,
41,3,330,462,65,20,1,5,1,
41,5,616,293,24,12,1,5,1,
41,7,733,216,16,15,1,5,1,
41,9,549,170,62,19,1,5,1,
41,10,880,49,48,35,1,5,1,
41,11,274,412,36,16,1,5,1,
41,12,499,216,40,17,1,5,1,
41,13,827,311,15,9,1,5,1,
41,14,500,417,15,10,1,5,1,
41,15,660,313,13,10,1,5,1,
41,16,659,260,13,13,1,5,1,
41,17,824,247,15,11,1,5,1,
41,18,832,186,38,16,1,5,1,
41,20,911,208,27,19,1,5,1,
41,21,756,134,16,22,1,5,1,
41,22,773,159,26,13,1,5,1,
42,1,151,518,33,24,1,5,1,
42,3,335,463,65,20,1,5,1,
42,5,619,292,23,13,1,5,1,
42,7,733,217,16,15,1,5,1,
42,9,556,170,60,20,1,5,1,
42,10,885,51,45,34,1,5,1,
42,11,278,413,37,16,1,5,1,
42,12,503,217,38,16,1,5,1,
42,13,826,310,15,9,1,5,1,
42,14,498,416,16,10,1,5,1,
42,15,662,312,12,11,1,5,1,
42,16,660,260,12,13,1,5,1,
42,17,826,247,15,11,1,5,1,
42,18,837,187,37,15,1,5,1,
42,20,913,208,27,19,1,5,1,
42,21,756,136,16,21,1,5,1,
42,22,771,160,25,13,1,5,1,
43,1,154,520,34,23,1,5,1,
43,3,339,464,67,19,1,5,1,
43,5,622,292,22,12,1,5,1,
43,7,733,217,16,15,1,5,1,
43,9,562,171,59,19,1,5,1,
43,10,889,52,44,35,1,5,1,
43,11,282,414,38,16,1,5,1,
43,12,507,217,36,17,1,5,1,
43,13,825,310,15,9,1,5,1,
43,14,495,415,18,10,1,5,1,
43,15,664,312,11,10,1,5,1,
43,16,660,261,13,12,1,5,1,
43,17,828,248,14,10,1,5,1,
43,18,842,187,36,16,1,5,1,
43,20,916,209,26,19,1,5,1,
43,21,756,137,16,21,1,5,1,
43,22,768,161,26,12,1,5,1,
44,1,157,523,35,20,1,5,1,
44,3,344,464,68,20,1,5,1,
44,5,625,292,21,12,1,5,1,
44,7,733,218,16,14,1,5,1,
44,9,567,171,58,20,1,5,1,
44,10,893,54,42,34,1,5,1,
44,11,286,415,39,16,1,5,1,
44,12,510,218,35,16,1,5,1,
44,13,824,310,15,8,1,5,1,
44,14,493,414,19,10,1,5,1,
44,15,665,312,11,10,1,5,1,
44,16,661,261,13,12,1,5,1,
44,17,829,248,15,10,1,5,1,
44,18,847,188,35,15,1,5,1,
44,20,918,210,26,18,1,5,1,
44,21,756,138,16,21,1,5,1,
44,22,765,162,26,12,1,5,1,
45,1,161,525,34,19,1,5,1,
45,3,348,465,69,20,1,5,1,
45,5,627,292,20,12,1,5,1,
45,7,733,218,16,15,1,5,1,
45,9,573,172,57,19,1,5,1,
45,10,897,55,41,34,1,5,1,
45,11,290,416,40,16,1,5,1,
45,12,513,218,34,16,1,5,1,
45,13,823,309,14,9,1,5,1,
45,14,491,413,19,9,1,5,1,
45,15,666,311,11,10,1,5,1,
45,16,662,261,12,12,1,5,1,
45,17,831,248,14,11,1,5,1,
45,18,852,189,33,15,1,5,1,
45,20,920,210,26,18,1,5,1,
45,21,756,139,16,21,1,5,1,
46,1,164,527,33,17,1,5,1,
46,3,353,465,70,20,1,5,1,
46,5,631,292,16,12,1,5,1,
46,7,733,219,16,14,1,5,1,
46,9,579,172,55,20,1,5,1,
46,10,901,56,39,35,1,5,1,
46,11,294,417,41,17,1,5,1,
46,12,517,218,31,16,1,5,1,
46,13,821,309,15,8,1,5,1,
46,14,488,412,21,9,1,5,1,
46,15,666,311,12,10,1,5,1,
46,16,662,261,13,12,1,5,1,
46,17,832,248,15,11,1,5,1,
46,18,857,189,32,15,1,5,1,
46,20,922,211,26,18,1,5,1,
46,21,756,140,16,21,1,5,1,
47,1,168,530,34,14,1,5,1,
47,3,358,466,71,20,1,5,1,
47,5,635,292,13,11,1,5,1,
47,7,732,219,16,14,1,5,1,
47,9,585,173,52,19,1,5,1,
47,10,906,57,33,36,1,5,1,
47,11,298,418,42,17,1,5,1,
47,12,520,219,29,16,1,5,1,
47,13,820,309,15,8,1,5,1,
47,14,485,412,22,8,1,5,1,
47,15,667,310,12,11,1,5,1,
47,16,663,261,12,12,1,5,1,
47,17,834,248,15,11,1,5,1,
47,18,861,190,31,15,1,5,1,
47,20,923,212,26,17,1,5,1,
47,21,756,141,16,21,1,5,1,
48,1,172,533,34,11,1,5,1,
48,3,363,466,72,20,1,5,1,
48,5,635,292,13,11,1,5,1,
48,7,732,220,16,14,1,5,1,
48,9,590,173,50,20,1,5,1,
48,10,909,59,30,37,1,5,1,
48,11,302,419,43,17,1,5,1,
48,12,524,219,26,16,1,5,1,
48,13,819,308,15,9,1,5,1,
48,14,482,411,23,8,1,5,1,
48,15,667,310,12,10,1,5,1,
48,16,663,261,12,12,1,5,1,
48,17,834,248,19,11,1,5,1,
48,18,865,191,31,14,1,5,1,
48,20,925,212,26,18,1,5,1,
48,21,757,143,15,20,1,5,1,
49,3,370,466,71,20,1,5,1,
49,5,636,291,13,12,1,5,1,
49,7,732,220,16,14,1,5,1,
49,9,598,174,47,19,1,5,1,
49,10,910,62,29,36,1,5,1,
49,11,308,421,43,16,1,5,1,
49,12,527,219,25,16,1,5,1,
49,13,818,308,14,8,1,5,1,
49,14,479,410,23,8,1,5,1,
49,15,668,310,11,10,1,5,1,
49,16,663,261,13,12,1,5,1,
49,17,838,249,17,10,1,5,1,
49,18,872,191,27,15,1,5,1,
49,20,927,213,25,17,1,5,1,
49,21,757,144,15,20,1,5,1,
50,3,374,467,73,20,1,5,1,
50,5,638,291,12,11,1,5,1,
50,7,732,221,15,13,1,5,1,
50,9,601,174,48,20,1,5,1,
50,10,911,64,29,36,1,5,1,
50,11,312,422,45,16,1,5,1,
50,12,529,220,25,16,1,5,1,
50,13,816,308,16,8,1,5,1,
50,14,475,409,25,8,1,5,1,
50,15,668,309,11,10,1,5,1,
50,16,664,261,12,12,1,5,1,
50,17,840,249,17,10,1,5,1,
50,18,874,192,28,14,1,5,1,
50,20,928,214,25,17,1,5,1,
50,21,756,145,15,20,1,5,1,
51,3,380,467,72,20,1,5,1,
51,5,638,291,13,11,1,5,1,
51,7,732,221,15,14,1,5,1,
51,9,606,175,46,19,1,5,1,
51,10,912,67,29,34,1,5,1,
51,11,316,423,46,16,1,5,1,
51,12,531,220,23,16,1,5,1,
51,13,815,307,16,8,1,5,1,
51,15,668,309,12,10,1,5,1,
51,16,664,261,12,12,1,5,1,
51,17,842,249,17,10,1,5,1,
51,18,878,192,26,15,1,5,1,
51,20,929,214,25,17,1,5,1,
51,21,756,147,14,19,1,5,1,
52,3,385,467,73,20,1,5,1,
52,5,638,291,13,11,1,5,1,
52,7,731,222,15,13,1,5,1,
52,9,610,176,45,19,1,5,1,
52,10,913,69,29,34,1,5,1,
52,11,321,424,47,16,1,5,1,
52,12,534,221,21,15,1,5,1,
52,13,813,307,16,8,1,5,1,
52,15,668,309,12,9,1,5,1,
52,16,664,261,12,12,1,5,1,
52,17,844,249,17,10,1,5,1,
52,18,881,193,26,14,1,5,1,
52,20,931,215,24,17,1,5,1,
52,21,755,148,15,19,1,5,1,
53,3,390,466,75,20,1,5,1,
53,5,638,291,12,11,1,5,1,
53,7,731,222,15,13,1,5,1,
53,9,614,176,47,20,1,5,1,
53,10,914,70,28,34,1,5,1,
53,11,325,425,49,16,1,5,1,
53,12,537,221,18,15,1,5,1,
53,13,812,307,16,8,1,5,1,
53,15,668,308,11,10,1,5,1,
53,16,664,261,12,12,1,5,1,
53,17,847,249,16,10,1,5,1,
53,18,885,194,25,14,1,5,1,
53,20,932,215,24,17,1,5,1,
53,21,755,149,14,19,1,5,1,
54,3,396,465,75,20,1,5,1,
54,5,638,290,12,11,1,5,1,
54,7,730,223,15,13,1,5,1,
54,9,617,178,49,19,1,5,1,
54,10,915,72,28,34,1,5,1,
54,11,330,426,51,16,1,5,1,
54,12,540,221,15,15,1,5,1,
54,13,810,306,16,8,1,5,1,
54,15,668,308,11,10,1,5,1,
54,16,664,261,12,12,1,5,1,
54,17,849,249,16,10,1,5,1,
54,18,888,194,24,14,1,5,1,
54,20,933,216,24,16,1,5,1,
54,21,754,150,14,19,1,5,1,
55,3,402,465,74,19,1,5,1,
55,5,638,290,12,11,1,5,1,
55,7,730,223,14,13,1,5,1,
55,9,620,179,51,19,1,5,1,
55,10,916,74,28,33,1,5,1,
55,11,335,427,52,16,1,5,1,
55,12,542,222,14,15,1,5,1,
55,13,808,306,17,8,1,5,1,
55,15,668,308,11,9,1,5,1,
55,16,664,262,12,11,1,5,1,
55,17,851,250,15,10,1,5,1,
55,18,891,195,24,14,1,5,1,
55,20,934,217,24,16,1,5,1,
55,21,754,151,14,18,1,5,1,
56,3,409,464,73,20,1,5,1,
56,5,639,290,12,11,1,5,1,
56,7,729,224,15,12,1,5,1,
56,9,623,180,53,18,1,5,1,
56,10,917,76,27,33,1,5,1,
56,11,341,428,53,16,1,5,1,
56,12,543,222,14,15,1,5,1,
56,13,807,306,16,7,1,5,1,
56,15,668,308,11,9,1,5,1,
56,16,664,262,12,11,1,5,1,
56,17,853,250,15,10,1,5,1,
56,18,895,196,22,13,1,5,1,
56,20,935,217,24,16,1,5,1,
56,21,753,152,14,18,1,5,1,
57,3,415,464,72,19,1,5,1,
57,4,946,209,14,18,1,5,1,
57,5,640,290,11,11,1,5,1,
57,7,729,224,14,13,1,5,1,
57,9,628,181,49,17,1,5,1,
57,10,918,78,27,32,1,5,1,
57,11,346,429,54,16,1,5,1,
57,12,544,223,14,14,1,5,1,
57,13,805,305,16,8,1,5,1,
57,15,668,307,11,9,1,5,1,
57,16,664,262,11,11,1,5,1,
57,17,855,250,15,10,1,5,1,
57,18,898,196,22,14,1,5,1,
57,20,935,218,24,16,1,5,1,
57,21,753,153,14,18,1,5,1,
58,3,422,463,71,20,1,5,1,
58,4,945,209,14,18,1,5,1,
58,5,639,290,12,10,1,5,1,
58,7,728,224,15,13,1,5,1,
58,9,636,181,41,18,1,5,1,
58,10,918,79,27,33,1,5,1,
58,11,353,430,54,16,1,5,1,
58,12,544,223,14,15,1,5,1,
58,13,803,305,17,8,1,5,1,
58,15,668,307,10,9,1,5,1,
58,16,664,262,11,11,1,5,1,
58,17,857,250,14,10,1,5,1,
58,18,901,197,21,13,1,5,1,
58,20,936,218,23,16,1,5,1,
58,21,752,154,14,18,1,5,1,
59,3,428,463,70,19,1,5,1,
59,4,944,208,15,20,1,5,1,
59,5,639,290,11,10,1,5,1,
59,7,728,225,14,12,1,5,1,
59,9,642,181,34,19,1,5,1,
59,10,919,81,27,32,1,5,1,
59,11,358,431,56,16,1,5,1,
59,12,545,223,13,15,1,5,1,
59,13,802,305,16,7,1,5,1,
59,15,667,307,11,9,1,5,1,
59,16,663,262,12,11,1,5,1,
59,17,859,250,13,10,1,5,1,
59,18,904,198,20,13,1,5,1,
59,20,936,219,23,15,1,5,1,
59,21,752,155,13,18,1,5,1,
60,3,434,462,69,19,1,5,1,
60,4,944,209,15,19,1,5,1,
60,5,638,289,12,11,1,5,1,
60,7,727,225,14,12,1,5,1,
60,9,648,181,27,19,1,5,1,
60,10,919,83,27,31,1,5,1,
60,11,364,432,57,16,1,5,1,
60,12,545,224,13,14,1,5,1,
60,13,800,305,16,7,1,5,1,
60,15,667,306,10,9,1,5,1,
60,16,663,262,12,11,1,5,1,
60,17,860,250,14,10,1,5,1,
60,18,907,198,19,13,1,5,1,
60,20,937,219,22,16,1,5,1,
60,21,751,156,13,18,1,5,1,
61,3,440,461,68,19,1,5,1,
61,4,943,209,17,20,1,5,1,
61,5,638,289,12,11,1,5,1,
61,7,726,226,14,12,1,5,1,
61,9,653,182,21,19,1,5,1,
61,10,920,84,26,32,1,5,1,
61,11,370,433,58,16,1,5,1,
61,12,545,224,14,14,1,5,1,
61,13,798,304,17,8,1,5,1,
61,15,666,306,11,9,1,5,1,
61,16,663,262,12,11,1,5,1,
61,17,861,251,14,9,1,5,1,
61,18,910,199,18,13,1,5,1,
61,20,937,220,22,15,1,5,1,
61,21,750,157,13,17,1,5,1,
62,3,447,461,66,18,1,5,1,
62,4,942,210,17,19,1,5,1,
62,5,638,289,12,10,1,5,1,
62,7,726,226,14,12,1,5,1,
62,9,658,182,16,20,1,5,1,
62,10,920,86,26,31,1,5,1,
62,11,377,434,58,16,1,5,1,
62,12,545,225,14,14,1,5,1,
62,13,796,304,17,7,1,5,1,
62,15,666,306,10,8,1,5,1,
62,16,663,262,11,11,1,5,1,
62,17,862,251,14,9,1,5,1,
62,18,912,199,18,13,1,5,1,
62,20,938,220,21,16,1,5,1,
62,21,750,158,13,17,1,5,1,
63,3,452,460,66,19,1,5,1,
63,4,941,211,18,18,1,5,1,
63,5,638,289,11,10,1,5,1,
63,7,725,226,14,12,1,5,1,
63,9,657,183,16,20,1,5,1,
63,10,920,88,26,31,1,5,1,
63,11,383,435,59,15,1,5,1,
63,12,545,225,14,14,1,5,1,
63,13,795,304,16,7,1,5,1,
63,15,666,305,10,9,1,5,1,
63,16,662,262,12,11,1,5,1,
63,17,864,251,13,9,1,5,1,
63,18,914,200,18,13,1,5,1,
63,20,938,221,21,15,1,5,1,
63,21,749,159,13,17,1,5,1,
64,3,458,459,65,19,1,5,1,
64,4,940,211,19,19,1,5,1,
64,5,638,289,12,10,1,5,1,
64,7,724,227,14,12,1,5,1,
64,9,657,184,15,20,1,5,1,
64,10,921,89,25,31,1,5,1,
64,11,389,436,60,15,1,5,1,
64,12,546,225,13,14,1,5,1,
64,13,793,303,16,8,1,5,1,
64,15,665,305,10,9,1,5,1,
64,16,662,262,12,11,1,5,1,
64,17,865,251,13,9,1,5,1,
64,18,915,201,19,12,1,5,1,
64,20,940,222,20,15,1,5,1,
64,21,748,160,13,17,1,5,1,
65,3,464,458,64,19,1,5,1,
65,4,942,211,17,19,1,5,1,
65,5,638,289,11,10,1,5,1,
65,7,724,227,14,12,1,5,1,
65,9,656,185,16,19,1,5,1,
65,10,921,91,26,30,1,5,1,
65,11,396,436,61,16,1,5,1,
65,12,546,226,13,14,1,5,1,
65,13,791,303,17,7,1,5,1,
65,15,665,305,10,8,1,5,1,
65,16,662,262,11,11,1,5,1,
65,17,864,251,14,9,1,5,1,
65,18,917,201,18,13,1,5,1,
65,20,943,222,17,16,1,5,1,
65,21,747,161,14,16,1,5,1,
66,3,470,457,62,19,1,5,1,
66,4,941,212,18,18,1,5,1,
66,5,638,288,11,10,1,5,1,
66,7,723,228,14,11,1,5,1,
66,9,656,186,15,19,1,5,1,
66,10,921,93,26,29,1,5,1,
66,11,403,437,61,15,1,5,1,
66,12,546,226,13,14,1,5,1,
66,13,790,303,16,7,1,5,1,
66,15,664,305,10,8,1,5,1,
66,16,661,262,12,11,1,5,1,
66,17,863,251,13,9,1,5,1,
66,18,919,202,18,12,1,5,1,
66,20,941,223,19,16,1,5,1,
66,21,746,162,14,16,1,5,1,
67,3,475,456,61,19,1,5,1,
67,4,939,212,21,19,1,5,1,
67,5,637,288,12,10,1,5,1,
67,7,722,228,15,11,1,5,1,
67,9,655,187,15,19,1,5,1,
67,10,921,94,25,30,1,5,1,
67,11,409,438,63,15,1,5,1,
67,12,545,227,13,13,1,5,1,
67,13,788,303,16,7,1,5,1,
67,15,663,304,11,9,1,5,1,
67,16,661,263,12,10,1,5,1,
67,17,861,252,14,9,1,5,1,
67,18,920,202,18,13,1,5,1,
67,20,940,224,20,16,1,5,1,
67,21,746,163,14,16,1,5,1,
68,3,481,456,60,18,1,5,1,
68,4,938,213,21,19,1,5,1,
68,5,636,288,14,10,1,5,1,
68,7,721,228,15,12,1,5,1,
68,9,654,188,15,19,1,5,1,
68,10,921,96,25,29,1,5,1,
68,11,416,438,64,15,1,5,1,
68,12,545,227,13,13,1,5,1,
68,13,786,302,17,7,1,5,1,
68,15,663,304,10,8,1,5,1,
68,16,660,263,13,10,1,5,1,
68,17,859,252,16,9,1,5,1,
68,18,922,203,18,12,1,5,1,
68,20,942,225,18,12,1,5,1,
68,21,745,163,14,17,1,5,1,
69,3,488,454,56,19,1,5,1,
69,4,937,213,22,19,1,5,1,
69,5,635,288,14,10,1,5,1,
69,7,720,229,15,11,1,5,1,
69,9,654,189,14,18,1,5,1,
69,10,921,98,25,29,1,5,1,
69,11,423,438,64,15,1,5,1,
69,12,545,227,12,13,1,5,1,
69,13,784,302,17,7,1,5,1,
69,14,405,409,27,8,1,5,1,
69,15,662,304,11,8,1,5,1,
69,16,660,263,13,10,1,5,1,
69,17,857,252,18,9,1,5,1,
69,18,923,204,18,12,1,5,1,
69,20,945,225,15,12,1,5,1,
69,21,744,164,14,16,1,5,1,
70,3,496,453,50,20,1,5,1,
70,4,936,214,23,18,1,5,1,
70,5,635,288,12,9,1,5,1,
70,7,719,229,16,11,1,5,1,
70,9,653,190,14,18,1,5,1,
70,10,921,99,24,29,1,5,1,
70,11,431,438,64,15,1,5,1,
70,12,545,228,12,13,1,5,1,
70,13,782,302,17,7,1,5,1,
70,14,402,409,26,9,1,5,1,
70,15,661,303,11,9,1,5,1,
70,16,659,263,13,10,1,5,1,
70,17,854,252,20,9,1,5,1,
70,18,925,204,18,12,1,5,1,
70,21,743,165,14,16,1,5,1,
71,3,503,452,44,20,1,5,1,
71,4,935,214,24,19,1,5,1,
71,5,634,288,13,9,1,5,1,
71,7,718,229,16,11,1,5,1,
71,9,652,191,15,18,1,5,1,
71,10,921,101,24,28,1,5,1,
71,11,438,437,63,15,1,5,1,
71,12,544,228,13,13,1,5,1,
71,13,781,302,16,6,1,5,1,
71,14,399,410,26,8,1,5,1,
71,15,660,303,11,8,1,5,1,
71,16,659,263,13,10,1,5,1,
71,17,852,252,20,10,1,5,1,
71,18,926,205,18,12,1,5,1,
71,21,742,166,14,16,1,5,1,
72,3,511,450,36,22,1,5,1,
72,4,934,215,25,18,1,5,1,
72,5,633,288,14,9,1,5,1,
72,7,717,230,16,11,1,5,1,
72,9,651,192,15,18,1,5,1,
72,10,921,102,23,28,1,5,1,
72,11,447,436,60,14,1,5,1,
72,12,544,228,12,13,1,5,1,
72,13,779,301,17,7,1,5,1,
72,14,396,410,25,9,1,5,1,
72,15,659,303,11,8,1,5,1,
72,16,658,263,13,10,1,5,1,
72,17,849,253,20,9,1,5,1,
72,18,927,205,18,12,1,5,1,
72,21,741,167,14,15,1,5,1,
73,3,519,449,28,22,1,5,1,
73,4,933,215,26,18,1,5,1,
73,5,633,287,13,10,1,5,1,
73,7,716,230,16,11,1,5,1,
73,9,650,193,15,17,1,5,1,
73,10,920,104,24,28,1,5,1,
73,11,456,435,57,14,1,5,1,
73,12,543,229,12,12,1,5,1,
73,13,777,301,17,7,1,5,1,
73,14,393,411,25,9,1,5,1,
73,15,658,303,12,8,1,5,1,
73,16,657,263,14,10,1,5,1,
73,17,847,253,20,9,1,5,1,
73,18,928,206,18,12,1,5,1,
73,21,740,168,15,15,1,5,1,
74,3,525,447,23,23,1,5,1,
74,4,932,216,26,18,1,5,1,
74,5,632,287,13,9,1,5,1,
74,7,715,230,16,11,1,5,1,
74,9,649,193,16,18,1,5,1,
74,10,920,105,23,28,1,5,1,
74,11,463,433,56,15,1,5,1,
74,12,543,229,12,13,1,5,1,
74,13,775,301,17,7,1,5,1,
74,14,390,411,24,10,1,5,1,
74,15,658,302,11,8,1,5,1,
74,16,657,263,13,10,1,5,1,
74,17,844,253,20,9,1,5,1,
74,18,929,206,18,12,1,5,1,
74,21,739,169,15,15,1,5,1,
75,3,531,445,17,23,1,5,1,
75,4,930,216,27,18,1,5,1,
75,5,631,287,13,9,1,5,1,
75,7,714,231,16,10,1,5,1,
75,9,648,194,16,17,1,5,1,
75,10,919,106,23,28,1,5,1,
75,11,471,432,54,15,1,5,1,
75,12,542,230,12,12,1,5,1,
75,13,773,301,17,6,1,5,1,
75,14,387,412,24,10,1,5,1,
75,15,657,302,11,8,1,5,1,
75,17,842,253,20,9,1,5,1,
75,18,930,207,18,12,1,5,1,
75,21,738,169,15,15,1,5,1,
76,3,533,443,15,24,1,5,1,
76,4,929,217,27,17,1,5,1,
76,5,630,287,14,9,1,5,1,
76,7,713,231,16,10,1,5,1,
76,9,647,195,16,17,1,5,1,
76,10,919,108,22,27,1,5,1,
76,11,477,431,54,15,1,5,1,
76,14,385,413,23,10,1,5,1,
76,15,656,302,11,8,1,5,1,
76,17,839,253,21,9,1,5,1,
76,18,931,207,17,12,1,5,1,
76,21,736,170,16,15,1,5,1,
77,3,533,442,16,23,1,5,1,
77,4,928,217,26,18,1,5,1,
77,5,629,287,15,9,1,5,1,
77,7,712,231,16,11,1,5,1,
77,9,646,196,16,17,1,5,1,
77,10,918,109,23,27,1,5,1,
77,11,483,430,54,15,1,5,1,
77,14,382,413,23,11,1,5,1,
77,17,837,254,21,8,1,5,1,
77,18,932,208,17,11,1,5,1,
77,21,735,171,16,15,1,5,1,
78,3,532,440,17,23,1,5,1,
78,4,927,218,26,17,1,5,1,
78,5,628,287,15,9,1,5,1,
78,9,644,197,17,16,1,5,1,
78,10,917,110,23,27,1,5,1,
78,11,489,429,54,15,1,5,1,
78,14,379,414,24,11,1,5,1,
78,17,834,254,22,8,1,5,1,
78,18,933,209,17,11,1,5,1,
79,3,530,438,19,24,1,5,1,
79,4,926,218,26,17,1,5,1,
79,5,627,287,15,8,1,5,1,
79,9,643,197,17,17,1,5,1,
79,10,916,112,23,27,1,5,1,
79,11,494,428,54,15,1,5,1,
79,14,376,415,25,12,1,5,1,
79,17,832,254,22,8,1,5,1,
79,18,933,209,17,11,1,5,1,
80,3,526,437,25,23,1,5,1,
80,4,924,219,27,17,1,5,1,
80,5,626,287,15,8,1,5,1,
80,9,642,198,17,16,1,5,1,
80,10,916,113,22,27,1,5,1,
80,11,500,427,54,15,1,5,1,
80,14,374,415,24,13,1,5,1,
80,17,829,254,23,8,1,5,1,
80,18,934,210,17,11,1,5,1,
81,3,521,435,32,23,1,5,1,
81,4,923,219,27,17,1,5,1,
81,5,625,286,15,9,1,5,1,
81,9,640,199,18,16,1,5,1,
81,10,915,114,22,27,1,5,1,
81,11,506,425,53,15,1,5,1,
81,14,371,416,24,13,1,5,1,
81,17,827,254,22,8,1,5,1,
81,18,934,210,17,11,1,5,1,
82,3,517,434,36,21,1,5,1,
82,4,922,220,27,16,1,5,1,
82,5,624,286,15,9,1,5,1,
82,9,639,200,18,16,1,5,1,
82,10,914,116,21,26,1,5,1,
82,11,513,424,51,15,1,5,1,
82,14,369,417,23,13,1,5,1,
82,17,824,254,23,9,1,5,1,
82,18,935,211,16,11,1,5,1,
83,3,512,433,41,20,1,5,1,
83,4,920,220,28,16,1,5,1,
83,5,623,286,15,9,1,5,1,
83,9,637,201,19,15,1,5,1,
83,10,913,117,21,26,1,5,1,
83,11,518,423,51,15,1,5,1,
83,14,366,418,23,14,1,5,1,
83,17,822,255,22,8,1,5,1,
83,18,935,211,17,11,1,5,1,
84,3,508,432,45,19,1,5,1,
84,4,919,221,27,16,1,5,1,
84,9,635,201,20,16,1,5,1,
84,10,912,118,22,26,1,5,1,
84,11,524,422,50,15,1,5,1,
84,14,364,419,23,14,1,5,1,
84,17,819,255,23,8,1,5,1,
84,18,935,212,17,10,1,5,1,
85,3,503,431,48,19,1,5,1,
85,4,917,221,28,16,1,5,1,
85,9,634,202,19,15,1,5,1,
85,10,911,120,22,25,1,5,1,
85,11,529,421,50,15,1,5,1,
85,14,361,420,23,14,1,5,1,
85,17,816,255,24,8,1,5,1,
85,18,936,212,16,11,1,5,1,
86,3,498,430,51,18,1,5,1,
86,4,916,222,28,15,1,5,1,
86,9,632,203,20,15,1,5,1,
86,10,910,121,22,25,1,5,1,
86,11,535,420,48,15,1,5,1,
86,14,359,421,23,15,1,5,1,
86,17,814,255,23,8,1,5,1,
86,18,936,213,16,10,1,5,1,
87,3,493,429,54,17,1,5,1,
87,4,914,222,29,16,1,5,1,
87,9,630,204,21,14,1,5,1,
87,10,909,122,23,25,1,5,1,
87,11,540,418,48,16,1,5,1,
87,14,357,422,22,15,1,5,1,
87,17,811,255,24,8,1,5,1,
87,18,936,213,15,11,1,5,1,
88,3,487,428,56,16,1,5,1,
88,4,912,223,29,15,1,5,1,
88,9,628,204,21,15,1,5,1,
88,10,907,124,24,24,1,5,1,
88,11,547,417,44,15,1,5,1,
88,14,355,423,21,16,1,5,1,
88,17,808,255,24,8,1,5,1,
88,18,935,214,16,10,1,5,1,
89,3,482,428,58,14,1,5,1,
89,4,911,223,29,15,1,5,1,
89,9,627,205,21,14,1,5,1,
89,10,906,125,24,24,1,5,1,
89,11,552,415,41,16,1,5,1,
89,14,352,424,22,16,1,5,1,
89,17,806,256,24,7,1,5,1,
89,18,935,214,16,10,1,5,1,
90,3,476,427,60,14,1,5,1,
90,4,909,224,29,15,1,5,1,
90,9,625,206,21,14,1,5,1,
90,10,905,126,24,24,1,5,1,
90,11,559,413,34,17,1,5,1,
90,14,350,426,21,16,1,5,1,
90,17,803,256,24,7,1,5,1,
90,18,935,215,16,10,1,5,1,
91,3,470,427,63,14,1,5,1,
91,4,907,224,29,15,1,5,1,
91,9,623,206,22,14,1,5,1,
91,10,904,127,24,24,1,5,1,
91,11,564,412,30,17,1,5,1,
91,14,350,427,19,17,1,5,1,
91,17,801,256,24,7,1,5,1,
91,18,935,215,16,10,1,5,1,
92,3,465,427,62,14,1,5,1,
92,4,906,224,29,15,1,5,1,
92,9,621,207,22,14,1,5,1,
92,10,902,128,25,24,1,5,1,
92,11,570,410,24,18,1,5,1,
92,14,349,428,17,17,1,5,1,
92,17,798,256,24,7,1,5,1,
92,18,935,216,15,10,1,5,1,
93,3,460,427,63,14,1,5,1,
93,4,904,225,29,14,1,5,1,
93,9,619,208,23,13,1,5,1,
93,10,901,130,25,23,1,5,1,
93,11,575,408,19,18,1,5,1,
93,14,349,429,14,18,1,5,1,
93,17,795,256,24,7,1,5,1,
93,18,935,216,15,10,1,5,1,
94,3,454,427,63,14,1,5,1,
94,4,902,225,29,14,1,5,1,
94,9,617,208,23,14,1,5,1,
94,10,900,131,24,24,1,5,1,
94,11,581,406,13,19,1,5,1,
94,14,349,431,11,18,1,5,1,
94,17,793,256,24,7,1,5,1,
94,18,934,217,15,9,1,5,1,
95,3,450,428,62,14,1,5,1,
95,4,901,226,29,14,1,5,1,
95,9,615,209,23,13,1,5,1,
95,10,898,132,25,24,1,5,1,
95,11,581,405,12,18,1,5,1,
95,14,349,432,8,19,1,5,1,
95,17,790,256,24,7,1,5,1,
95,18,933,217,15,10,1,5,1,
96,3,445,429,61,13,1,5,1,
96,4,899,226,29,14,1,5,1,
96,9,613,209,23,13,1,5,1,
96,10,897,133,24,24,1,5,1,
96,11,580,403,13,18,1,5,1,
96,14,348,434,9,18,1,5,1,
96,17,787,256,24,7,1,5,1,
96,18,933,217,15,10,1,5,1,
97,3,441,429,59,14,1,5,1,
97,4,897,226,30,14,1,5,1,
97,9,611,210,24,13,1,5,1,
97,10,896,135,23,23,1,5,1,
97,11,578,401,15,19,1,5,1,
97,14,348,436,9,18,1,5,1,
97,17,785,257,24,6,1,5,1,
97,18,932,218,15,10,1,5,1,
98,3,438,430,55,14,1,5,1,
98,4,895,227,30,14,1,5,1,
98,9,609,211,24,12,1,5,1,
98,10,895,136,22,23,1,5,1,
98,11,574,400,19,18,1,5,1,
98,14,348,437,9,19,1,5,1,
98,17,782,257,24,7,1,5,1,
98,18,932,218,14,10,1,5,1,
99,3,435,430,53,15,1,5,1,
99,4,893,227,30,14,1,5,1,
99,9,607,211,24,13,1,5,1,
99,10,894,138,21,21,1,5,1,
99,11,572,399,22,17,1,5,1,
99,14,348,439,9,19,1,5,1,
99,17,780,257,24,7,1,5,1,
99,18,931,219,14,9,1,5,1,
100,3,433,430,48,17,1,5,1,
100,4,891,228,30,13,1,5,1,
100,9,605,212,24,12,1,5,1,
100,10,893,139,21,21,1,5,1,
100,11,569,397,24,17,1,5,1,
100,14,348,441,10,18,1,5,1,
100,17,777,257,24,7,1,5,1,
100,18,932,219,14,10,1,5,1,
101,3,431,430,44,19,1,5,1,
101,4,890,228,29,13,1,5,1,
101,9,602,212,25,12,1,5,1,
101,10,892,140,21,21,1,5,1,
101,11,566,396,26,16,1,5,1,
101,14,349,442,9,19,1,5,1,
101,17,775,257,23,7,1,5,1,
101,18,933,220,13,9,1,5,1,
102,3,431,431,36,20,1,5,1,
102,4,888,228,28,13,1,5,1,
102,9,600,213,25,12,1,5,1,
102,10,891,142,20,20,1,5,1,
102,11,563,395,27,15,1,5,1,
102,14,349,444,10,19,1,5,1,
102,17,771,257,24,7,1,5,1,
102,18,933,220,14,9,1,5,1,
103,3,430,431,32,22,1,5,1,
103,4,886,229,29,13,1,5,1,
103,9,598,213,25,12,1,5,1,
103,10,890,143,20,20,1,5,1,
103,11,563,394,26,15,1,5,1,
103,14,349,446,10,19,1,5,1,
103,17,768,257,25,7,1,5,1,
103,18,934,220,13,10,1,5,1,
104,3,430,432,27,23,1,5,1,
104,4,884,229,29,13,1,5,1,
104,9,596,214,25,12,1,5,1,
104,10,889,144,20,20,1,5,1,
104,11,563,393,23,14,1,5,1,
104,14,350,447,10,20,1,5,1,
104,17,765,257,25,7,1,5,1,
104,18,934,221,14,9,1,5,1,
104,20,953,237,6,9,1,5,1,
105,3,429,433,24,25,1,5,1,
105,4,882,229,29,13,1,5,1,
105,9,594,214,25,12,1,5,1,
105,10,888,145,20,19,1,5,1,
105,11,563,392,20,14,1,5,1,
105,14,350,449,11,20,1,5,1,
105,17,763,258,25,6,1,5,1,
105,18,935,221,13,9,1,5,1,
105,20,951,237,8,9,1,5,1,
106,3,429,434,19,26,1,5,1,
106,4,880,230,29,12,1,5,1,
106,9,591,215,26,11,1,5,1,
106,10,887,146,20,19,1,5,1,
106,11,563,391,16,14,1,5,1,
106,14,350,451,11,20,1,5,1,
106,17,760,258,25,6,1,5,1,
106,18,935,222,13,9,1,5,1,
106,20,949,237,11,10,1,5,1,
107,3,429,435,15,27,1,5,1,
107,4,878,230,29,13,1,5,1,
107,9,589,215,26,12,1,5,1,
107,10,886,147,20,19,1,5,1,
107,11,563,390,12,13,1,5,1,
107,14,351,452,12,21,1,5,1,
107,18,935,222,13,9,1,5,1,
107,20,947,237,12,10,1,5,1,
108,3,428,437,17,27,1,5,1,
108,4,876,230,29,13,1,5,1,
108,9,587,216,26,11,1,5,1,
108,10,885,147,20,20,1,5,1,
108,11,564,389,9,13,1,5,1,
108,14,351,454,13,20,1,5,1,
108,18,935,222,13,9,1,5,1,
108,20,945,237,14,10,1,5,1,
109,3,428,439,20,27,1,5,1,
109,4,874,231,30,12,1,5,1,
109,9,585,216,26,11,1,5,1,
109,10,884,148,20,20,1,5,1,
109,11,566,388,9,12,1,5,1,
109,14,351,456,15,20,1,5,1,
109,18,935,223,13,9,1,5,1,
109,20,942,237,17,10,1,5,1,
110,3,428,441,25,27,1,5,1,
110,4,872,231,30,12,1,5,1,
110,10,882,149,21,19,1,5,1,
110,11,567,387,11,12,1,5,1,
110,14,352,458,16,20,1,5,1,
110,18,936,223,12,9,1,5,1,
110,20,940,238,20,9,1,5,1,
111,3,428,443,31,26,1,5,1,
111,4,870,231,30,12,1,5,1,
111,10,881,150,21,19,1,5,1,
111,11,566,386,16,12,1,5,1,
111,14,352,459,18,21,1,5,1,
111,18,936,224,12,9,1,5,1,
111,20,938,238,21,10,1,5,1,
112,3,426,445,39,25,1,5,1,
112,4,868,232,30,12,1,5,1,
112,10,880,151,21,19,1,5,1,
112,11,565,385,21,12,1,5,1,
112,14,353,461,20,21,1,5,1,
112,18,937,224,11,9,1,5,1,
112,20,937,238,22,11,1,5,1,
113,3,425,447,46,23,1,5,1,
113,4,866,232,31,12,1,5,1,
113,10,879,152,21,18,1,5,1,
113,11,565,384,25,12,1,5,1,
113,14,354,462,21,22,1,5,1,
113,18,937,224,11,10,1,5,1,
113,20,936,239,21,10,1,5,1,
114,3,425,449,53,22,1,5,1,
114,4,865,232,29,12,1,5,1,
114,10,878,153,21,18,1,5,1,
114,11,566,383,26,12,1,5,1,
114,14,355,464,23,22,1,5,1,
114,18,937,225,11,9,1,5,1,
114,20,936,239,18,11,1,5,1,
115,3,426,451,59,20,1,5,1,
115,4,863,233,30,11,1,5,1,
115,10,877,154,21,18,1,5,1,
115,11,568,382,27,12,1,5,1,
115,14,357,466,25,22,1,5,1,
115,18,936,225,12,9,1,5,1,
115,20,935,240,16,10,1,5,1,
116,3,428,453,64,19,1,5,1,
116,4,861,233,29,12,1,5,1,
116,10,875,155,21,18,1,5,1,
116,11,570,381,28,12,1,5,1,
116,14,358,468,27,21,1,5,1,
116,18,936,226,12,9,1,5,1,
116,20,935,240,14,10,1,5,1,
117,3,430,454,68,19,1,5,1,
117,4,856,233,33,12,1,5,1,
117,10,874,155,21,18,1,5,1,
117,11,573,381,27,11,1,5,1,
117,14,360,470,29,21,1,5,1,
117,18,935,226,12,9,1,5,1,
117,20,934,240,14,10,1,5,1,
118,3,433,456,71,18,1,5,1,
118,10,873,156,21,18,1,5,1,
118,11,576,380,26,11,1,5,1,
118,14,362,472,30,21,1,5,1,
118,18,934,227,13,8,1,5,1,
118,20,933,240,14,10,1,5,1,
119,3,436,456,73,18,1,5,1,
119,10,871,157,22,18,1,5,1,
119,11,578,379,27,11,1,5,1,
119,14,364,473,32,22,1,5,1,
119,18,933,227,13,8,1,5,1,
119,20,933,241,13,9,1,5,1,
120,3,440,457,75,18,1,5,1,
120,10,869,158,23,17,1,5,1,
120,11,581,378,26,11,1,5,1,
120,14,366,475,34,22,1,5,1,
120,18,933,227,13,9,1,5,1,
120,20,932,241,13,10,1,5,1,
121,3,444,458,76,18,1,5,1,
121,10,867,159,25,17,1,5,1,
121,11,584,377,25,12,1,5,1,
121,14,368,477,35,22,1,5,1,
121,18,932,228,13,8,1,5,1,
121,20,931,241,14,10,1,5,1,
122,3,449,458,77,19,1,5,1,
122,10,865,159,26,18,1,5,1,
122,11,586,377,24,11,1,5,1,
122,14,371,478,36,22,1,5,1,
122,18,931,228,14,8,1,5,1,
122,20,930,241,14,10,1,5,1,
123,3,454,459,78,18,1,5,1,
123,11,589,376,23,11,1,5,1,
123,14,374,480,38,22,1,5,1,
123,18,929,228,15,8,1,5,1,
123,20,928,242,16,9,1,5,1,
124,3,458,460,80,18,1,5,1,
124,11,591,375,23,11,1,5,1,
124,14,376,482,40,22,1,5,1,
124,18,928,229,16,8,1,5,1,
124,20,927,242,16,9,1,5,1,
125,3,462,461,82,17,1,5,1,
125,11,594,374,21,11,1,5,1,
125,14,379,483,41,23,1,5,1,
125,18,927,229,16,8,1,5,1,
125,20,926,242,17,9,1,5,1,
126,3,467,461,82,18,1,5,1,
126,11,596,373,21,12,1,5,1,
126,14,382,485,43,23,1,5,1,
126,18,926,229,16,8,1,5,1,
126,20,924,242,18,9,1,5,1,
127,3,472,461,83,18,1,5,1,
127,11,599,373,19,11,1,5,1,
127,14,385,487,45,22,1,5,1,
127,18,925,230,16,8,1,5,1,
127,20,923,242,18,10,1,5,1,
128,3,477,462,84,18,1,5,1,
128,11,601,372,18,11,1,5,1,
128,14,388,488,46,23,1,5,1,
128,18,924,230,16,8,1,5,1,
128,20,921,243,19,9,1,5,1,
129,3,482,462,85,18,1,5,1,
129,11,603,371,17,11,1,5,1,
129,14,392,490,47,23,1,5,1,
129,18,923,230,16,8,1,5,1,
129,20,920,243,18,9,1,5,1,
130,3,487,462,86,18,1,5,1,
130,11,605,370,16,11,1,5,1,
130,14,396,492,49,23,1,5,1,
130,18,922,231,16,7,1,5,1,
130,20,918,243,19,9,1,5,1,
131,3,492,462,86,18,1,5,1,
131,11,607,369,15,12,1,5,1,
131,14,399,493,51,23,1,5,1,
131,18,921,231,16,8,1,5,1,
131,20,917,243,20,9,1,5,1,
132,1,879,537,19,6,1,5,1,
132,3,496,463,88,18,1,5,1,
132,11,608,369,17,11,1,5,1,
132,14,402,495,52,24,1,5,1,
132,18,919,231,17,8,1,5,1,
132,20,915,243,20,9,1,5,1,
133,1,882,535,19,8,1,5,1,
133,3,501,464,88,18,1,5,1,
133,11,610,368,15,11,1,5,1,
133,14,406,496,53,25,1,5,1,
133,18,918,231,17,8,1,5,1,
133,20,913,244,21,8,1,5,1,
134,1,885,532,18,11,1,5,1,
134,3,506,465,88,18,1,5,1,
134,11,612,367,13,11,1,5,1,
134,14,410,498,54,25,1,5,1,
134,18,917,232,17,7,1,5,1,
134,20,911,244,21,9,1,5,1,
135,1,887,529,18,14,1,5,1,
135,3,513,466,85,18,1,5,1,
135,11,614,367,11,11,1,5,1,
135,14,415,500,53,26,1,5,1,
135,18,916,232,16,8,1,5,1,
135,20,910,244,21,9,1,5,1,
136,1,889,526,19,17,1,5,1,
136,3,518,465,84,22,1,5,1,
136,11,616,366,8,11,1,5,1,
136,14,419,501,54,27,1,5,1,
136,18,914,232,17,8,1,5,1,
136,20,908,244,21,9,1,5,1,
137,1,889,524,21,19,1,5,1,
137,3,523,465,83,25,1,5,1,
137,11,616,365,9,11,1,5,1,
137,14,424,503,53,28,1,5,1,
137,18,913,233,17,7,1,5,1,
137,20,906,244,21,9,1,5,1,
138,1,890,521,22,22,1,5,1,
138,3,529,464,83,27,1,5,1,
138,11,613,364,12,11,1,5,1,
138,14,429,505,53,28,1,5,1,
138,18,911,233,18,7,1,5,1,
138,20,904,245,22,8,1,5,1,
139,1,891,518,23,25,1,5,1,
139,3,534,465,84,28,1,5,1,
139,11,609,364,15,10,1,5,1,
139,14,434,507,53,29,1,5,1,
139,18,910,233,17,8,1,5,1,
139,20,902,245,22,8,1,5,1,
140,1,892,516,23,27,1,5,1,
140,3,540,465,84,30,1,5,1,
140,11,606,363,18,10,1,5,1,
140,14,438,509,55,29,1,5,1,
140,18,908,233,18,8,1,5,1,
140,20,900,245,22,8,1,5,1,
141,1,894,513,23,29,1,5,1,
141,3,545,466,85,30,1,5,1,
141,11,602,363,23,10,1,5,1,
141,14,443,511,55,30,1,5,1,
141,18,907,234,18,7,1,5,1,
141,20,898,245,23,8,1,5,1,
142,1,897,510,21,29,1,5,1,
142,3,550,468,86,30,1,5,1,
142,11,598,362,27,10,1,5,1,
142,14,447,513,57,30,1,5,1,
142,18,906,234,18,7,1,5,1,
143,1,899,508,21,29,1,5,1,
143,3,553,469,90,31,1,5,1,
143,11,594,362,30,9,1,5,1,
143,14,451,515,58,28,1,5,1,
144,1,900,505,21,30,1,5,1,
144,3,557,470,93,31,1,5,1,
144,11,590,361,34,9,1,5,1,
144,14,454,517,58,27,1,5,1,
145,1,902,503,20,30,1,5,1,
145,3,561,471,95,32,1,5,1,
145,11,586,361,37,9,1,5,1,
145,14,458,518,59,26,1,5,1,
146,1,904,500,19,30,1,5,1,
146,3,565,473,98,31,1,5,1,
146,11,583,361,38,8,1,5,1,
146,12,415,231,13,12,1,5,1,
146,14,462,520,61,24,1,5,1,
147,1,905,498,19,30,1,5,1,
147,3,570,474,100,32,1,5,1,
147,11,579,360,40,9,1,5,1,
147,12,415,231,12,11,1,5,1,
147,14,466,522,63,22,1,5,1,
148,1,907,496,17,29,1,5,1,
148,3,575,476,102,31,1,5,1,
148,11,575,360,41,8,1,5,1,
148,12,415,231,11,11,1,5,1,
148,14,472,525,64,19,1,5,1,
149,1,908,493,17,29,1,5,1,
149,3,581,478,104,31,1,5,1,
149,11,572,360,41,7,1,5,1,
149,12,415,230,11,12,1,5,1,
149,14,477,528,66,16,1,5,1,
150,1,909,491,17,29,1,5,1,
150,3,586,479,106,31,1,5,1,
150,11,568,359,42,8,1,5,1,
150,12,415,230,12,12,1,5,1,
150,14,482,530,68,14,1,5,1,
