1,1,309,45,95,61,1,5,1,
1,2,218,239,41,11,1,5,1,
1,3,451,408,37,38,1,5,1,
1,4,829,105,54,13,1,5,1,
1,5,619,421,34,19,1,5,1,
1,6,694,0,124,42,1,5,1,
1,7,567,245,65,24,1,5,1,
1,8,0,215,48,20,1,5,1,
1,9,751,406,58,24,1,5,1,
1,11,724,372,23,17,1,5,1,
1,12,175,68,65,22,1,5,1,
1,13,740,473,60,44,1,5,1,
1,14,319,213,14,15,1,5,1,
1,15,719,260,15,12,1,5,1,
1,16,565,279,81,19,1,5,1,
1,17,676,348,32,40,1,5,1,
1,18,853,140,22,21,1,5,1,
1,19,82,378,31,14,1,5,1,
1,20,470,195,48,19,1,5,1,
1,21,207,337,163,43,1,5,1,
2,1,307,36,89,69,1,5,1,
2,2,221,239,45,11,1,5,1,
2,3,450,410,45,38,1,5,1,
2,4,822,105,57,14,1,5,1,
2,5,619,419,28,20,1,5,1,
2,6,703,2,131,42,1,5,1,
2,7,568,245,54,24,1,5,1,
2,8,-3,214,43,20,1,5,1,
2,9,757,408,59,24,1,5,1,
2,11,724,373,19,17,1,5,1,
2,12,182,65,59,24,1,5,1,
2,13,742,475,66,46,1,5,1,
2,14,319,214,17,15,1,5,1,
2,15,719,260,15,13,1,5,1,
2,16,571,278,85,20,1,5,1,
2,17,676,350,34,45,1,5,1,
2,18,853,140,22,23,1,5,1,
2,19,75,377,38,15,1,5,1,
2,20,477,195,42,20,1,5,1,
2,21,188,336,169,49,1,5,1,
3,1,308,26,79,78,1,5,1,
3,2,224,239,49,11,1,5,1,
3,3,449,412,53,38,1,5,1,
3,4,815,105,59,16,1,5,1,
3,5,619,417,23,20,1,5,1,
3,6,713,6,139,41,1,5,1,
3,7,569,245,45,24,1,5,1,
3,8,-9,213,44,21,1,5,1,
3,9,762,409,62,24,1,5,1,
3,11,725,374,15,17,1,5,1,
3,12,190,62,51,26,1,5,1,
3,13,744,477,72,48,1,5,1,
3,14,318,215,22,14,1,5,1,
3,15,719,260,15,15,1,5,1,
3,16,578,278,88,20,1,5,1,
3,17,679,352,34,50,1,5,1,
3,18,852,141,22,23,1,5,1,
3,19,68,377,45,15,1,5,1,
3,20,483,196,36,20,1,5,1,
3,21,170,335,173,57,1,5,1,
4,1,311,15,67,86,1,5,1,
4,2,228,239,52,11,1,5,1,
4,3,449,415,61,37,1,5,1,
4,4,808,105,60,18,1,5,1,
4,5,618,414,19,21,1,5,1,
4,6,724,10,146,39,1,5,1,
4,7,568,245,37,24,1,5,1,
4,8,-15,212,45,21,1,5,1,
4,9,768,411,64,24,1,5,1,
4,11,724,375,16,17,1,5,1,
4,12,196,60,47,26,1,5,1,
4,13,746,480,78,49,1,5,1,
4,14,317,215,28,15,1,5,1,
4,15,718,260,15,16,1,5,1,
4,16,588,278,88,20,1,5,1,
4,17,678,354,41,56,1,5,1,
4,18,850,142,22,23,1,5,1,
4,19,60,377,51,15,1,5,1,
4,20,490,196,28,21,1,5,1,
4,21,151,336,177,64,1,5,1,
5,1,316,5,52,91,1,5,1,
5,2,233,239,54,11,1,5,1,
5,3,450,418,69,35,1,5,1,
5,4,802,106,60,19,1,5,1,
5,5,618,412,15,21,1,5,1,
5,6,736,14,152,36,1,5,1,
5,7,568,245,29,23,1,5,1,
5,8,-21,213,47,19,1,5,1,
5,9,773,412,67,25,1,5,1,
5,11,724,376,16,17,1,5,1,
5,12,200,57,48,27,1,5,1,
5,13,750,484,83,48,1,5,1,
5,14,318,216,32,14,1,5,1,
5,15,718,261,15,16,1,5,1,
5,16,597,279,89,20,1,5,1,
5,17,676,358,59,61,1,5,1,
5,18,848,143,26,24,1,5,1,
5,19,52,378,57,15,1,5,1,
5,20,496,197,21,20,1,5,1,
5,21,132,336,180,72,1,5,1,
6,1,318,-1,51,92,1,5,1,
6,2,239,239,54,11,1,5,1,
6,3,451,422,77,32,1,5,1,
6,4,796,106,59,21,1,5,1,
6,5,619,410,15,21,1,5,1,
6,6,749,17,158,34,1,5,1,
6,7,569,245,25,23,1,5,1,
6,8,-27,215,48,17,1,5,1,
6,9,779,414,69,25,1,5,1,
6,11,725,377,17,17,1,5,1,
6,12,203,55,50,27,1,5,1,
6,13,754,488,87,46,1,5,1,
6,14,319,217,36,14,1,5,1,
6,15,719,263,14,15,1,5,1,
6,16,607,279,88,21,1,5,1,
6,17,676,362,79,67,1,5,1,
6,18,845,144,32,24,1,5,1,
6,19,43,378,64,16,1,5,1,
6,20,500,198,18,20,1,5,1,
6,21,114,338,181,78,1,5,1,
7,1,318,-9,53,93,1,5,1,
7,2,246,239,53,11,1,5,1,
7,3,454,425,82,29,1,5,1,
7,4,791,107,56,22,1,5,1,
7,5,621,408,14,20,1,5,1,
7,6,762,17,164,35,1,5,1,
7,7,571,245,25,23,1,5,1,
7,8,-33,216,49,11,1,5,1,
7,9,785,416,72,24,1,5,1,
7,11,726,378,18,17,1,5,1,
7,12,207,53,51,27,1,5,1,
7,13,760,492,88,44,1,5,1,
7,14,321,218,39,13,1,5,1,
7,15,719,265,15,14,1,5,1,
7,16,618,280,85,20,1,5,1,
7,17,677,367,101,70,1,5,1,
7,18,838,145,40,24,1,5,1,
7,19,34,377,69,19,1,5,1,
7,20,502,199,17,20,1,5,1,
7,21,96,341,181,85,1,5,1,
8,1,319,-17,55,93,1,5,1,
8,2,253,239,52,11,1,5,1,
8,3,458,429,87,26,1,5,1,
8,4,787,108,52,23,1,5,1,
8,5,622,407,14,17,1,5,1,
8,6,778,16,161,35,1,5,1,
8,7,574,245,24,22,1,5,1,
8,9,791,418,74,23,1,5,1,
8,11,725,379,22,17,1,5,1,
8,12,211,51,51,27,1,5,1,
8,13,766,496,90,42,1,5,1,
8,14,323,219,43,12,1,5,1,
8,15,720,265,15,14,1,5,1,
8,16,630,280,79,20,1,5,1,
8,17,682,373,123,75,1,5,1,
8,18,835,146,40,25,1,5,1,
8,19,25,377,73,21,1,5,1,
8,20,504,200,17,19,1,5,1,
8,21,79,344,179,92,1,5,1,
9,1,323,-24,55,93,1,5,1,
9,2,259,239,52,11,1,5,1,
9,3,462,431,91,24,1,5,1,
9,4,783,110,49,23,1,5,1,
9,5,624,405,14,17,1,5,1,
9,6,793,16,156,35,1,5,1,
9,7,574,246,28,21,1,5,1,
9,9,797,419,76,24,1,5,1,
9,11,724,379,29,19,1,5,1,
9,12,214,48,55,28,1,5,1,
9,13,773,501,90,38,1,5,1,
9,14,326,220,45,11,1,5,1,
9,15,722,266,14,13,1,5,1,
9,16,641,280,73,19,1,5,1,
9,17,689,379,145,79,1,5,1,
9,18,834,148,37,24,1,5,1,
9,19,16,378,77,22,1,5,1,
9,20,503,201,21,19,1,5,1,
9,21,64,348,177,99,1,5,1,
10,1,321,-30,63,90,1,5,1,
10,2,265,239,52,11,1,5,1,
10,3,468,432,92,23,1,5,1,
10,4,781,112,44,22,1,5,1,
10,5,624,404,17,16,1,5,1,
10,6,812,14,145,38,1,5,1,
10,7,572,246,37,21,1,5,1,
10,9,804,421,78,23,1,5,1,
10,11,724,380,36,20,1,5,1,
10,12,217,46,58,28,1,5,1,
10,13,780,505,89,34,1,5,1,
10,14,329,220,48,11,1,5,1,
10,15,721,266,19,13,1,5,1,
10,16,652,279,65,20,1,5,1,
10,17,699,385,168,84,1,5,1,
10,18,833,149,32,24,1,5,1,
10,19,6,378,81,25,1,5,1,
10,20,502,202,27,18,1,5,1,
10,21,50,352,172,106,1,5,1,
11,1,314,-35,81,86,1,5,1,
11,2,272,239,51,11,1,5,1,
11,3,475,433,93,23,1,5,1,
11,4,779,114,39,22,1,5,1,
11,5,625,403,19,15,1,5,1,
11,6,831,12,128,42,1,5,1,
11,7,570,246,46,21,1,5,1,
11,9,811,422,80,23,1,5,1,
11,11,724,380,44,22,1,5,1,
11,12,219,44,63,28,1,5,1,
11,13,789,510,85,28,1,5,1,
11,14,333,220,49,12,1,5,1,
11,15,720,266,25,13,1,5,1,
11,16,663,279,57,19,1,5,1,
11,17,712,393,189,86,1,5,1,
11,18,832,151,29,23,1,5,1,
11,19,0,379,80,26,1,5,1,
11,20,502,203,32,18,1,5,1,
11,21,38,357,165,112,1,5,1,
12,1,309,-39,103,80,1,5,1,
12,2,278,239,49,11,1,5,1,
12,3,482,433,93,23,1,5,1,
12,4,778,116,34,21,1,5,1,
12,5,626,401,21,15,1,5,1,
12,6,851,8,108,49,1,5,1,
12,7,570,246,54,21,1,5,1,
12,9,818,424,81,22,1,5,1,
12,11,726,381,50,23,1,5,1,
12,12,223,42,67,28,1,5,1,
12,13,798,515,80,24,1,5,1,
12,14,337,220,51,12,1,5,1,
12,15,720,266,31,13,1,5,1,
12,16,671,279,54,19,1,5,1,
12,17,729,401,207,88,1,5,1,
12,18,830,152,26,23,1,5,1,
12,19,-6,380,78,26,1,5,1,
12,20,502,204,37,17,1,5,1,
12,21,29,363,154,120,1,5,1,
13,1,304,-41,129,72,1,5,1,
13,2,285,239,47,11,1,5,1,
13,3,489,433,94,23,1,5,1,
13,4,777,118,29,20,1,5,1,
13,5,627,400,23,14,1,5,1,
13,6,870,6,89,55,1,5,1,
13,7,571,246,61,21,1,5,1,
13,9,826,425,82,22,1,5,1,
13,11,728,383,57,22,1,5,1,
13,12,226,40,72,28,1,5,1,
13,13,807,519,74,21,1,5,1,
13,14,342,220,51,12,1,5,1,
13,15,720,266,38,13,1,5,1,
13,16,677,279,55,19,1,5,1,
13,17,749,410,210,87,1,5,1,
13,18,829,154,24,21,1,5,1,
13,19,-15,382,79,24,1,5,1,
13,20,503,205,41,16,1,5,1,
13,21,23,369,140,127,1,5,1,
14,2,290,239,47,11,1,5,1,
14,3,496,434,94,23,1,5,1,
14,4,777,120,24,19,1,5,1,
14,5,630,399,24,14,1,5,1,
14,6,889,5,70,61,1,5,1,
14,7,573,246,67,21,1,5,1,
14,9,834,427,83,21,1,5,1,
14,11,732,384,63,22,1,5,1,
14,12,230,39,76,27,1,5,1,
14,13,816,519,67,21,1,5,1,
14,14,347,220,51,12,1,5,1,
14,15,720,265,45,14,1,5,1,
14,16,681,279,59,18,1,5,1,
14,17,772,420,188,77,1,5,1,
14,18,829,155,20,21,1,5,1,
14,19,-24,383,80,25,1,5,1,
14,20,504,206,46,15,1,5,1,
14,21,21,376,122,133,1,5,1,
15,2,296,239,46,11,1,5,1,
15,3,503,434,95,23,1,5,1,
15,4,777,121,19,19,1,5,1,
15,5,632,398,25,14,1,5,1,
15,6,907,6,52,65,1,5,1,
15,7,576,246,70,21,1,5,1,
15,9,842,428,82,20,1,5,1,
15,11,736,386,68,22,1,5,1,
15,12,234,37,80,27,1,5,1,
15,13,826,518,58,21,1,5,1,
15,14,352,220,50,12,1,5,1,
15,15,722,265,51,14,1,5,1,
15,16,686,278,63,19,1,5,1,
15,17,799,430,161,73,1,5,1,
15,18,828,157,19,20,1,5,1,
15,19,-33,385,80,24,1,5,1,
15,20,507,206,46,16,1,5,1,
15,21,24,384,99,138,1,5,1,
16,2,301,239,46,11,1,5,1,
16,3,510,434,95,23,1,5,1,
16,4,776,123,17,18,1,5,1,
16,5,634,397,27,13,1,5,1,
16,6,922,8,37,68,1,5,1,
16,7,581,246,72,20,1,5,1,
16,9,850,430,81,18,1,5,1,
16,11,742,387,71,22,1,5,1,
16,12,239,35,83,28,1,5,1,
16,13,835,517,48,21,1,5,1,
16,14,357,220,50,12,1,5,1,
16,15,724,265,57,14,1,5,1,
16,16,689,278,70,19,1,5,1,
16,17,828,440,132,59,1,5,1,
16,18,828,158,19,20,1,5,1,
16,19,-41,387,79,24,1,5,1,
16,20,510,207,48,15,1,5,1,
16,21,28,393,78,140,1,5,1,
17,2,307,239,45,11,1,5,1,
17,3,517,434,96,24,1,5,1,
17,4,775,125,16,18,1,5,1,
17,5,636,396,29,13,1,5,1,
17,6,921,11,38,69,1,5,1,
17,7,586,246,73,20,1,5,1,
17,9,860,432,76,16,1,5,1,
17,11,748,389,75,21,1,5,1,
17,12,245,34,85,27,1,5,1,
17,13,844,516,38,20,1,5,1,
17,14,363,220,48,12,1,5,1,
17,15,726,264,63,14,1,5,1,
17,16,694,278,74,19,1,5,1,
17,17,862,451,98,49,1,5,1,
17,18,828,159,18,20,1,5,1,
17,19,-49,389,77,25,1,5,1,
17,20,514,207,48,16,1,5,1,
17,21,29,403,78,139,1,5,1,
18,2,312,239,45,11,1,5,1,
18,3,524,435,97,23,1,5,1,
18,4,773,126,17,18,1,5,1,
18,5,639,396,31,12,1,5,1,
18,6,920,14,39,70,1,5,1,
18,7,591,246,74,20,1,5,1,
18,9,869,432,72,16,1,5,1,
18,11,754,390,77,21,1,5,1,
18,12,251,32,87,27,1,5,1,
18,13,853,514,28,23,1,5,1,
18,14,368,220,47,12,1,5,1,
18,15,730,264,66,14,1,5,1,
18,16,701,278,74,19,1,5,1,
18,18,827,160,18,19,1,5,1,
18,20,518,208,48,15,1,5,1,
18,21,29,414,81,129,1,5,1,
19,2,317,238,45,12,1,5,1,
19,3,531,436,97,23,1,5,1,
19,4,772,127,17,18,1,5,1,
19,5,642,395,33,12,1,5,1,
19,6,920,20,39,67,1,5,1,
19,7,597,247,73,19,1,5,1,
19,9,878,432,66,16,1,5,1,
19,11,761,392,79,19,1,5,1,
19,12,257,30,89,28,1,5,1,
19,13,858,513,26,24,1,5,1,
19,14,373,220,45,11,1,5,1,
19,15,733,264,71,14,1,5,1,
19,16,708,278,74,19,1,5,1,
19,18,826,161,19,19,1,5,1,
19,20,522,208,47,15,1,5,1,
19,21,25,425,93,118,1,5,1,
20,2,322,238,45,12,1,5,1,
20,3,538,436,98,24,1,5,1,
20,4,771,129,16,17,1,5,1,
20,5,645,395,35,12,1,5,1,
20,6,923,27,36,63,1,5,1,
20,7,603,247,72,19,1,5,1,
20,9,887,432,60,16,1,5,1,
20,11,768,394,80,17,1,5,1,
20,12,265,29,87,27,1,5,1,
20,13,862,512,24,24,1,5,1,
20,14,378,220,42,11,1,5,1,
20,15,738,263,74,15,1,5,1,
20,16,715,278,74,19,1,5,1,
20,18,826,162,18,19,1,5,1,
20,20,526,209,46,15,1,5,1,
20,21,22,437,119,106,1,5,1,
21,2,327,238,44,12,1,5,1,
21,3,545,437,99,24,1,5,1,
21,4,770,130,16,17,1,5,1,
21,5,649,395,36,11,1,5,1,
21,6,928,36,32,56,1,5,1,
21,7,610,247,71,19,1,5,1,
21,9,896,432,54,15,1,5,1,
21,11,777,395,79,16,1,5,1,
21,12,275,26,82,29,1,5,1,
21,13,865,510,21,27,1,5,1,
21,14,384,220,38,11,1,5,1,
21,15,744,263,75,15,1,5,1,
21,16,723,278,72,19,1,5,1,
21,18,825,163,18,19,1,5,1,
21,20,531,209,44,15,1,5,1,
21,21,9,450,164,93,1,5,1,
22,2,332,238,44,12,1,5,1,
22,3,553,438,99,23,1,5,1,
22,4,768,131,17,17,1,5,1,
22,5,654,395,35,11,1,5,1,
22,6,929,43,31,50,1,5,1,
22,7,616,247,70,19,1,5,1,
22,9,905,431,48,16,1,5,1,
22,11,786,396,77,16,1,5,1,
22,12,286,24,74,29,1,5,1,
22,13,864,506,23,31,1,5,1,
22,14,389,219,35,12,1,5,1,
22,15,750,263,75,16,1,5,1,
22,16,731,278,71,19,1,5,1,
22,18,824,164,18,19,1,5,1,
22,20,535,210,43,14,1,5,1,
22,21,5,459,185,84,1,5,1,
23,2,338,238,42,12,1,5,1,
23,3,560,439,100,23,1,5,1,
23,4,767,133,16,17,1,5,1,
23,5,660,394,32,11,1,5,1,
23,6,925,51,35,44,1,5,1,
23,7,622,247,68,19,1,5,1,
23,9,915,431,38,15,1,5,1,
23,11,796,396,72,16,1,5,1,
23,12,297,21,66,30,1,5,1,
23,13,862,503,26,33,1,5,1,
23,14,394,219,32,12,1,5,1,
23,15,757,263,74,16,1,5,1,
23,16,740,278,68,19,1,5,1,
23,18,823,165,18,19,1,5,1,
23,20,539,210,42,15,1,5,1,
23,21,9,465,194,79,1,5,1,
24,2,342,238,43,11,1,5,1,
24,3,568,440,99,23,1,5,1,
24,4,766,134,16,17,1,5,1,
24,5,665,393,29,11,1,5,1,
24,6,923,57,37,36,1,5,1,
24,7,628,247,67,19,1,5,1,
24,9,923,430,30,16,1,5,1,
24,11,805,396,68,16,1,5,1,
24,12,307,18,58,32,1,5,1,
24,13,860,499,31,35,1,5,1,
24,14,398,218,31,12,1,5,1,
24,15,763,263,73,16,1,5,1,
24,16,747,278,67,18,1,5,1,
24,18,822,166,18,18,1,5,1,
24,20,543,210,41,15,1,5,1,
24,21,17,470,200,74,1,5,1,
25,2,347,237,43,12,1,5,1,
25,3,576,440,99,23,1,5,1,
25,4,764,135,17,17,1,5,1,
25,5,671,393,25,10,1,5,1,
25,6,926,62,34,21,1,5,1,
25,7,635,247,65,20,1,5,1,
25,9,932,428,23,17,1,5,1,
25,11,815,396,61,16,1,5,1,
25,12,317,14,48,35,1,5,1,
25,13,854,496,40,36,1,5,1,
25,14,400,218,32,12,1,5,1,
25,15,771,263,70,16,1,5,1,
25,16,755,278,65,18,1,5,1,
25,18,822,167,18,18,1,5,1,
25,20,548,211,39,14,1,5,1,
25,21,27,475,203,69,1,5,1,
26,2,351,237,44,12,1,5,1,
26,3,583,440,99,23,1,5,1,
26,4,763,136,16,17,1,5,1,
26,5,675,392,22,11,1,5,1,
26,7,640,247,64,20,1,5,1,
26,9,933,427,22,17,1,5,1,
26,11,824,396,55,15,1,5,1,
26,12,325,8,42,40,1,5,1,
26,13,847,493,49,36,1,5,1,
26,14,403,218,32,12,1,5,1,
26,15,779,263,65,16,1,5,1,
26,16,763,278,62,18,1,5,1,
26,18,821,168,18,18,1,5,1,
26,20,551,211,38,15,1,5,1,
26,21,36,480,210,64,1,5,1,
27,2,356,237,43,12,1,5,1,
27,3,592,440,97,23,1,5,1,
27,4,761,138,17,16,1,5,1,
27,5,679,391,19,11,1,5,1,
27,7,646,248,62,19,1,5,1,
27,9,932,425,22,18,1,5,1,
27,11,834,395,46,16,1,5,1,
27,12,333,1,36,46,1,5,1,
27,13,840,490,57,36,1,5,1,
27,14,406,217,32,12,1,5,1,
27,15,787,263,59,16,1,5,1,
27,16,771,278,58,18,1,5,1,
27,18,820,169,18,18,1,5,1,
27,20,555,212,36,14,1,5,1,
27,21,48,486,222,58,1,5,1,
28,2,362,237,42,12,1,5,1,
28,3,600,440,96,22,1,5,1,
28,4,760,139,17,16,1,5,1,
28,5,683,389,17,12,1,5,1,
28,7,654,248,55,19,1,5,1,
28,9,931,423,22,19,1,5,1,
28,11,843,394,36,16,1,5,1,
28,12,340,-4,31,50,1,5,1,
28,13,833,488,63,35,1,5,1,
28,14,408,217,35,12,1,5,1,
28,15,795,263,53,15,1,5,1,
28,16,779,278,54,18,1,5,1,
28,18,819,170,18,17,1,5,1,
28,20,560,212,31,14,1,5,1,
28,21,60,492,237,52,1,5,1,
29,2,366,236,43,13,1,5,1,
29,3,608,440,95,22,1,5,1,
29,4,759,140,16,16,1,5,1,
29,5,686,388,14,12,1,5,1,
29,7,662,248,46,19,1,5,1,
29,9,929,421,25,20,1,5,1,
29,11,851,393,29,16,1,5,1,
29,12,342,-10,31,53,1,5,1,
29,13,829,486,65,33,1,5,1,
29,14,410,216,38,13,1,5,1,
29,15,802,263,46,15,1,5,1,
29,16,786,278,50,18,1,5,1,
29,18,818,171,18,17,1,5,1,
29,20,566,212,24,15,1,5,1,
29,21,72,498,255,46,1,5,1,
30,2,370,236,45,13,1,5,1,
30,3,617,439,91,23,1,5,1,
30,4,757,141,17,16,1,5,1,
30,5,689,387,12,12,1,5,1,
30,7,670,248,38,19,1,5,1,
30,9,927,419,28,21,1,5,1,
30,11,857,392,25,16,1,5,1,
30,12,344,-17,32,57,1,5,1,
30,13,825,483,65,34,1,5,1,
30,14,411,216,42,12,1,5,1,
30,15,809,263,41,15,1,5,1,
30,16,793,278,47,18,1,5,1,
30,18,817,172,18,17,1,5,1,
30,20,571,213,19,14,1,5,1,
30,21,85,504,274,40,1,5,1,
31,2,374,236,47,12,1,5,1,
31,3,627,439,86,23,1,5,1,
31,4,756,143,16,15,1,5,1,
31,5,691,386,11,12,1,5,1,
31,7,676,248,34,19,1,5,1,
31,9,925,418,29,20,1,5,1,
31,11,860,391,25,16,1,5,1,
31,12,345,-23,34,58,1,5,1,
31,13,821,481,64,33,1,5,1,
31,14,413,216,46,12,1,5,1,
31,15,816,262,35,16,1,5,1,
31,16,799,278,44,17,1,5,1,
31,18,815,173,19,16,1,5,1,
31,20,575,213,15,14,1,5,1,
32,2,378,236,50,12,1,5,1,
32,3,637,439,79,23,1,5,1,
32,4,754,144,17,15,1,5,1,
32,5,692,385,10,12,1,5,1,
32,7,680,249,32,18,1,5,1,
32,9,923,416,29,20,1,5,1,
32,11,862,391,27,15,1,5,1,
32,12,345,-30,37,61,1,5,1,
32,13,817,479,64,32,1,5,1,
32,14,416,215,48,13,1,5,1,
32,15,821,262,31,15,1,5,1,
32,16,804,278,43,17,1,5,1,
32,18,814,173,19,17,1,5,1,
32,20,575,213,15,15,1,5,1,
33,2,384,236,50,12,1,5,1,
33,3,651,438,67,23,1,5,1,
33,4,752,145,17,15,1,5,1,
33,5,691,383,12,12,1,5,1,
33,7,685,249,28,18,1,5,1,
33,9,922,415,28,19,1,5,1,
33,11,867,391,26,15,1,5,1,
33,12,346,-37,40,61,1,5,1,
33,13,813,477,63,31,1,5,1,
33,14,420,215,48,13,1,5,1,
33,15,829,262,25,15,1,5,1,
33,16,811,278,40,17,1,5,1,
33,18,813,175,19,16,1,5,1,
33,20,574,214,15,14,1,5,1,
34,2,388,235,52,13,1,5,1,
34,3,660,437,59,23,1,5,1,
34,4,751,146,17,15,1,5,1,
34,5,690,382,13,12,1,5,1,
34,7,688,249,27,18,1,5,1,
34,9,920,414,28,18,1,5,1,
34,11,870,391,27,14,1,5,1,
34,12,347,-44,41,64,1,5,1,
34,13,809,475,63,31,1,5,1,
34,14,423,215,50,12,1,5,1,
34,15,834,262,22,14,1,5,1,
34,16,815,278,39,17,1,5,1,
34,18,812,175,19,17,1,5,1,
34,20,572,214,16,15,1,5,1,
35,1,705,-1,115,29,1,5,1,
35,2,393,235,53,13,1,5,1,
35,3,670,436,50,23,1,5,1,
35,4,749,147,17,14,1,5,1,
35,5,687,381,17,12,1,5,1,
35,7,693,249,23,18,1,5,1,
35,9,917,412,30,19,1,5,1,
35,11,874,391,25,13,1,5,1,
35,13,805,473,63,30,1,5,1,
35,14,427,214,51,13,1,5,1,
35,15,837,262,20,14,1,5,1,
35,16,820,278,37,17,1,5,1,
35,18,811,176,19,16,1,5,1,
35,20,571,215,18,14,1,5,1,
36,1,717,0,117,30,1,5,1,
36,2,398,235,54,13,1,5,1,
36,3,680,435,40,23,1,5,1,
36,4,747,148,18,14,1,5,1,
36,5,683,380,21,12,1,5,1,
36,7,695,250,21,18,1,5,1,
36,9,915,411,31,18,1,5,1,
36,11,878,390,23,13,1,5,1,
36,13,802,471,62,30,1,5,1,
36,14,431,214,53,13,1,5,1,
36,15,838,263,19,13,1,5,1,
36,16,825,278,35,17,1,5,1,
36,18,809,177,20,16,1,5,1,
36,20,567,215,24,15,1,5,1,
37,1,724,0,123,31,1,5,1,
37,2,403,235,56,13,1,5,1,
37,3,689,434,32,23,1,5,1,
37,4,746,149,17,14,1,5,1,
37,5,679,379,26,12,1,5,1,
37,7,695,250,21,18,1,5,1,
37,9,912,409,32,19,1,5,1,
37,11,883,389,20,13,1,5,1,
37,13,798,469,62,29,1,5,1,
37,14,436,214,53,13,1,5,1,
37,15,837,263,19,13,1,5,1,
37,16,830,278,32,16,1,5,1,
37,18,808,178,20,16,1,5,1,
37,20,562,216,30,14,1,5,1,
38,1,737,0,123,32,1,5,1,
38,2,409,235,56,13,1,5,1,
38,3,697,432,25,26,1,5,1,
38,4,744,150,18,14,1,5,1,
38,5,676,378,28,12,1,5,1,
38,7,695,251,20,17,1,5,1,
38,9,909,408,34,18,1,5,1,
38,11,886,388,19,13,1,5,1,
38,13,794,468,61,28,1,5,1,
38,14,440,214,54,13,1,5,1,
38,15,837,263,18,13,1,5,1,
38,16,835,278,29,16,1,5,1,
38,18,807,179,20,15,1,5,1,
38,20,560,216,31,15,1,5,1,
39,1,750,0,123,34,1,5,1,
39,2,415,235,57,12,1,5,1,
39,3,699,430,24,28,1,5,1,
39,4,742,151,18,14,1,5,1,
39,5,673,376,29,12,1,5,1,
39,7,695,251,20,17,1,5,1,
39,9,906,406,34,18,1,5,1,
39,11,889,387,17,13,1,5,1,
39,13,790,466,61,27,1,5,1,
39,14,445,213,54,13,1,5,1,
39,15,836,263,19,13,1,5,1,
39,16,839,278,28,16,1,5,1,
39,18,805,179,20,16,1,5,1,
39,20,557,217,32,14,1,5,1,
40,1,762,0,124,35,1,5,1,
40,2,420,234,58,13,1,5,1,
40,3,698,428,26,30,1,5,1,
40,4,741,152,17,14,1,5,1,
40,5,670,375,29,12,1,5,1,
40,7,695,251,19,17,1,5,1,
40,9,902,405,36,18,1,5,1,
40,11,891,386,16,13,1,5,1,
40,13,786,464,61,27,1,5,1,
40,14,449,213,56,13,1,5,1,
40,15,836,263,18,13,1,5,1,
40,16,843,278,26,16,1,5,1,
40,18,804,180,20,15,1,5,1,
40,20,554,217,33,14,1,5,1,
41,1,775,0,123,37,1,5,1,
41,2,427,234,58,13,1,5,1,
41,3,697,426,27,31,1,5,1,
41,4,739,153,18,14,1,5,1,
41,5,668,374,28,12,1,5,1,
41,7,694,251,20,17,1,5,1,
41,9,903,404,31,17,1,5,1,
41,11,893,385,16,13,1,5,1,
41,13,783,462,60,27,1,5,1,
41,14,454,213,56,13,1,5,1,
41,15,835,263,18,13,1,5,1,
41,16,846,278,25,16,1,5,1,
41,18,803,181,20,15,1,5,1,
41,20,551,218,34,14,1,5,1,
42,1,785,0,126,38,1,5,1,
42,2,433,234,59,13,1,5,1,
42,3,696,424,29,32,1,5,1,
42,4,737,154,18,14,1,5,1,
42,5,665,373,29,12,1,5,1,
42,7,694,252,19,16,1,5,1,
42,9,903,403,26,16,1,5,1,
42,11,894,384,16,13,1,5,1,
42,13,779,461,60,26,1,5,1,
42,14,459,213,56,13,1,5,1,
42,15,834,263,18,13,1,5,1,
42,16,849,278,24,15,1,5,1,
42,18,801,182,20,15,1,5,1,
42,20,548,219,34,13,1,5,1,
43,1,796,0,126,40,1,5,1,
43,2,439,234,59,13,1,5,1,
43,3,694,422,32,32,1,5,1,
43,4,735,155,18,13,1,5,1,
43,5,662,372,29,11,1,5,1,
43,7,693,252,19,16,1,5,1,
43,9,903,401,21,16,1,5,1,
43,11,896,383,16,13,1,5,1,
43,13,775,459,59,26,1,5,1,
43,14,464,212,57,14,1,5,1,
43,15,833,263,18,13,1,5,1,
43,16,853,278,22,15,1,5,1,
43,18,800,183,20,14,1,5,1,
43,20,545,219,34,14,1,5,1,
44,1,806,0,128,41,1,5,1,
44,2,445,234,60,13,1,5,1,
44,3,693,420,32,31,1,5,1,
44,4,734,156,18,13,1,5,1,
44,5,660,371,28,12,1,5,1,
44,7,693,252,19,16,1,5,1,
44,9,903,401,16,14,1,5,1,
44,11,897,382,16,13,1,5,1,
44,13,772,457,58,25,1,5,1,
44,14,469,212,57,13,1,5,1,
44,15,833,263,17,13,1,5,1,
44,16,856,278,21,15,1,5,1,
44,18,798,183,21,15,1,5,1,
44,20,542,220,35,13,1,5,1,
45,1,816,0,129,43,1,5,1,
45,2,452,234,60,13,1,5,1,
45,3,691,418,33,31,1,5,1,
45,4,732,157,18,13,1,5,1,
45,5,657,370,28,11,1,5,1,
45,7,692,252,20,16,1,5,1,
45,9,904,400,16,14,1,5,1,
45,11,899,381,15,13,1,5,1,
45,13,768,456,58,24,1,5,1,
45,14,474,212,58,13,1,5,1,
45,15,832,263,17,13,1,5,1,
45,16,858,277,21,16,1,5,1,
45,18,797,184,20,14,1,5,1,
45,20,539,220,35,14,1,5,1,
46,1,826,0,131,45,1,5,1,
46,2,458,234,61,13,1,5,1,
46,3,689,417,34,29,1,5,1,
46,5,655,369,27,11,1,5,1,
46,7,692,252,19,16,1,5,1,
46,9,905,399,15,13,1,5,1,
46,11,900,380,16,13,1,5,1,
46,13,764,454,58,24,1,5,1,
46,14,479,212,59,13,1,5,1,
46,15,831,264,17,12,1,5,1,
46,16,859,277,21,16,1,5,1,
46,18,795,185,21,14,1,5,1,
46,20,536,221,36,13,1,5,1,
47,1,834,0,125,46,1,5,1,
47,2,464,234,62,13,1,5,1,
47,3,687,415,35,29,1,5,1,
47,5,652,368,27,11,1,5,1,
47,7,691,253,20,15,1,5,1,
47,9,905,398,16,13,1,5,1,
47,11,901,379,16,13,1,5,1,
47,13,760,453,58,23,1,5,1,
47,14,484,211,60,14,1,5,1,
47,15,830,264,18,12,1,5,1,
47,16,861,277,21,15,1,5,1,
47,18,794,185,20,15,1,5,1,
47,20,532,221,37,14,1,5,1,
48,1,842,0,118,48,1,5,1,
48,2,470,233,63,14,1,5,1,
48,3,685,413,36,29,1,5,1,
48,5,650,367,27,11,1,5,1,
48,7,690,253,20,15,1,5,1,
48,9,906,397,15,13,1,5,1,
48,11,903,378,15,13,1,5,1,
48,13,757,451,57,24,1,5,1,
48,14,489,211,60,14,1,5,1,
48,15,830,264,17,12,1,5,1,
48,16,863,277,20,15,1,5,1,
48,18,792,186,21,14,1,5,1,
48,20,529,222,38,13,1,5,1,
49,1,830,0,130,49,1,5,1,
49,2,477,233,63,14,1,5,1,
49,3,683,411,36,29,1,5,1,
49,5,647,366,27,11,1,5,1,
49,7,690,253,19,15,1,5,1,
49,9,907,396,15,13,1,5,1,
49,11,904,377,15,13,1,5,1,
49,13,753,450,57,23,1,5,1,
49,14,494,211,61,14,1,5,1,
49,15,829,264,17,12,1,5,1,
49,16,864,277,21,15,1,5,1,
49,18,791,187,21,14,1,5,1,
49,20,525,222,39,14,1,5,1,
50,1,839,0,121,51,1,5,1,
50,2,483,233,64,14,1,5,1,
50,3,681,410,37,28,1,5,1,
50,5,644,366,27,10,1,5,1,
50,7,689,253,20,15,1,5,1,
50,9,907,395,15,13,1,5,1,
50,11,905,376,15,13,1,5,1,
50,13,750,448,57,23,1,5,1,
50,14,499,211,62,13,1,5,1,
50,15,828,264,17,12,1,5,1,
50,16,866,277,20,15,1,5,1,
50,18,790,188,19,13,1,5,1,
50,20,521,223,41,13,1,5,1,
51,1,852,0,108,53,1,5,1,
51,2,490,233,64,14,1,5,1,
51,3,678,408,38,27,1,5,1,
51,5,641,365,28,10,1,5,1,
51,7,688,253,20,15,1,5,1,
51,9,907,394,16,13,1,5,1,
51,11,906,375,15,13,1,5,1,
51,13,746,447,57,22,1,5,1,
51,14,504,211,63,13,1,5,1,
51,15,827,264,17,12,1,5,1,
51,16,868,277,21,15,1,5,1,
51,18,790,188,17,14,1,5,1,
51,20,517,223,42,14,1,5,1,
52,1,867,0,93,54,1,5,1,
52,2,498,233,63,13,1,5,1,
52,3,676,406,38,27,1,5,1,
52,5,639,364,27,10,1,5,1,
52,7,686,254,22,14,1,5,1,
52,9,908,393,15,13,1,5,1,
52,11,907,374,15,13,1,5,1,
52,13,742,445,56,22,1,5,1,
52,14,510,210,63,14,1,5,1,
52,15,826,264,17,12,1,5,1,
52,16,867,277,29,14,1,5,1,
52,18,789,189,16,13,1,5,1,
52,20,513,224,44,13,1,5,1,
53,1,874,0,86,56,1,5,1,
53,2,504,233,64,13,1,5,1,
53,3,674,405,38,26,1,5,1,
53,5,636,363,27,10,1,5,1,
53,7,685,254,24,15,1,5,1,
53,9,908,392,15,12,1,5,1,
53,11,908,374,15,12,1,5,1,
53,13,739,444,55,21,1,5,1,
53,14,516,210,63,14,1,5,1,
53,15,826,264,16,11,1,5,1,
53,16,866,277,37,14,1,5,1,
53,18,788,190,17,13,1,5,1,
53,20,509,225,45,13,1,5,1,
54,1,885,0,75,49,1,5,1,
54,2,511,233,64,13,1,5,1,
54,3,671,403,40,26,1,5,1,
54,5,633,363,28,9,1,5,1,
54,7,684,254,24,15,1,5,1,
54,9,909,391,15,13,1,5,1,
54,11,909,373,15,12,1,5,1,
54,13,735,443,56,21,1,5,1,
54,14,521,210,64,14,1,5,1,
54,15,825,264,16,11,1,5,1,
54,16,866,277,43,14,1,5,1,
54,18,786,190,19,13,1,5,1,
54,20,505,225,47,13,1,5,1,
55,1,898,0,62,37,1,5,1,
55,2,518,233,64,13,1,5,1,
55,3,669,402,40,25,1,5,1,
55,5,630,362,28,9,1,5,1,
55,7,680,254,28,15,1,5,1,
55,9,909,390,15,12,1,5,1,
55,11,911,372,15,12,1,5,1,
55,13,732,441,55,21,1,5,1,
55,14,527,210,64,14,1,5,1,
55,15,824,264,16,12,1,5,1,
55,16,869,277,44,14,1,5,1,
55,18,785,191,19,13,1,5,1,
55,20,501,226,48,12,1,5,1,
56,1,910,0,50,39,1,5,1,
56,2,525,233,64,13,1,5,1,
56,3,670,400,36,25,1,5,1,
56,5,629,361,26,9,1,5,1,
56,7,675,255,33,14,1,5,1,
56,9,909,389,15,12,1,5,1,
56,11,912,371,15,12,1,5,1,
56,13,728,440,55,20,1,5,1,
56,14,532,210,65,13,1,5,1,
56,15,823,265,18,11,1,5,1,
56,16,873,277,43,14,1,5,1,
56,20,497,227,49,11,1,5,1,
57,2,532,233,64,13,1,5,1,
57,3,671,399,31,24,1,5,1,
57,5,628,360,24,9,1,5,1,
57,7,670,255,39,14,1,5,1,
57,9,909,388,15,13,1,5,1,
57,10,680,0,15,8,1,5,1,
57,11,912,370,15,12,1,5,1,
57,13,725,439,54,20,1,5,1,
57,14,538,210,65,13,1,5,1,
57,15,821,265,21,11,1,5,1,
57,16,878,277,41,14,1,5,1,
57,20,493,227,50,11,1,5,1,
58,2,538,233,65,13,1,5,1,
58,3,670,398,28,23,1,5,1,
58,5,626,359,24,10,1,5,1,
58,7,665,255,44,14,1,5,1,
58,9,908,387,16,13,1,5,1,
58,10,679,0,16,11,1,5,1,
58,11,913,370,15,11,1,5,1,
58,13,721,438,55,20,1,5,1,
58,14,543,209,66,14,1,5,1,
58,15,819,265,23,11,1,5,1,
58,16,882,277,40,14,1,5,1,
58,20,490,227,50,11,1,5,1,
59,2,545,233,65,13,1,5,1,
59,3,670,397,23,22,1,5,1,
59,5,626,359,21,9,1,5,1,
59,7,661,255,47,14,1,5,1,
59,9,906,386,18,13,1,5,1,
59,10,679,0,16,15,1,5,1,
59,11,913,369,15,12,1,5,1,
59,13,718,437,54,19,1,5,1,
59,14,549,209,66,14,1,5,1,
59,15,817,265,24,11,1,5,1,
59,16,887,277,38,14,1,5,1,
59,20,486,227,51,11,1,5,1,
60,2,552,233,65,13,1,5,1,
60,3,670,396,20,20,1,5,1,
60,5,624,359,20,8,1,5,1,
60,7,657,256,49,13,1,5,1,
60,9,905,385,20,13,1,5,1,
60,10,680,0,14,18,1,5,1,
60,11,914,368,14,12,1,5,1,
60,13,714,435,55,19,1,5,1,
60,14,555,209,66,14,1,5,1,
60,15,815,265,25,11,1,5,1,
60,16,892,277,36,14,1,5,1,
60,20,483,227,50,11,1,5,1,
61,2,559,233,65,13,1,5,1,
61,3,669,395,21,19,1,5,1,
61,5,622,358,19,8,1,5,1,
61,7,654,256,49,13,1,5,1,
61,9,905,384,18,13,1,5,1,
61,10,681,0,13,21,1,5,1,
61,11,914,367,15,12,1,5,1,
61,13,711,434,54,19,1,5,1,
61,14,561,209,67,14,1,5,1,
61,15,812,265,26,11,1,5,1,
61,16,896,277,35,13,1,5,1,
61,20,481,227,48,11,1,5,1,
62,2,566,233,65,13,1,5,1,
62,3,666,394,24,18,1,5,1,
62,5,619,357,21,8,1,5,1,
62,7,650,256,50,13,1,5,1,
62,9,904,383,17,13,1,5,1,
62,10,681,0,13,25,1,5,1,
62,11,914,366,15,12,1,5,1,
62,13,707,433,54,19,1,5,1,
62,14,566,209,68,14,1,5,1,
62,15,810,265,26,11,1,5,1,
62,16,900,277,33,13,1,5,1,
62,20,478,226,47,12,1,5,1,
63,2,574,233,64,13,1,5,1,
63,3,662,393,31,18,1,5,1,
63,5,616,357,23,8,1,5,1,
63,7,647,256,49,13,1,5,1,
63,9,902,382,19,13,1,5,1,
63,10,681,0,13,28,1,5,1,
63,11,914,365,15,12,1,5,1,
63,13,704,432,53,18,1,5,1,
63,14,573,209,67,14,1,5,1,
63,15,808,265,26,11,1,5,1,
63,16,904,277,33,13,1,5,1,
63,20,476,226,45,12,1,5,1,
64,2,580,233,64,13,1,5,1,
64,3,657,392,37,19,1,5,1,
64,5,612,356,26,8,1,5,1,
64,7,643,256,50,13,1,5,1,
64,9,901,382,19,12,1,5,1,
64,10,680,0,14,31,1,5,1,
64,11,914,364,15,12,1,5,1,
64,13,700,431,53,18,1,5,1,
64,14,579,209,67,14,1,5,1,
64,15,806,265,26,10,1,5,1,
64,16,907,277,34,13,1,5,1,
64,20,474,226,43,12,1,5,1,
65,2,587,233,64,13,1,5,1,
65,3,657,391,37,19,1,5,1,
65,5,609,355,27,9,1,5,1,
65,7,640,256,49,13,1,5,1,
65,9,899,381,20,12,1,5,1,
65,10,678,2,15,32,1,5,1,
65,11,914,364,15,11,1,5,1,
65,14,585,209,67,14,1,5,1,
65,15,802,265,28,11,1,5,1,
65,16,909,277,37,13,1,5,1,
65,20,473,225,40,12,1,5,1,
66,2,594,233,64,13,1,5,1,
66,3,658,390,34,20,1,5,1,
66,5,608,354,26,9,1,5,1,
66,7,636,257,50,12,1,5,1,
66,9,898,380,20,12,1,5,1,
66,10,676,5,16,32,1,5,1,
66,11,914,363,14,11,1,5,1,
66,14,590,209,69,13,1,5,1,
66,15,799,265,29,11,1,5,1,
66,16,911,277,39,14,1,5,1,
66,20,472,225,37,12,1,5,1,
67,2,602,233,62,13,1,5,1,
67,3,659,389,28,19,1,5,1,
67,5,606,354,25,8,1,5,1,
67,7,633,257,48,12,1,5,1,
67,9,896,379,21,12,1,5,1,
67,10,674,9,17,31,1,5,1,
67,11,914,362,14,11,1,5,1,
67,14,597,208,68,14,1,5,1,
67,15,796,265,30,11,1,5,1,
67,16,913,277,40,14,1,5,1,
67,20,472,225,32,12,1,5,1,
68,2,609,233,62,14,1,5,1,
68,3,658,388,25,19,1,5,1,
68,5,605,353,23,8,1,5,1,
68,7,629,257,49,12,1,5,1,
68,9,892,378,24,12,1,5,1,
68,10,671,12,20,31,1,5,1,
68,11,913,361,15,12,1,5,1,
68,14,603,208,68,14,1,5,1,
68,15,793,266,31,10,1,5,1,
68,16,916,277,41,14,1,5,1,
68,20,472,225,28,12,1,5,1,
69,2,616,233,61,14,1,5,1,
69,3,658,387,22,17,1,5,1,
69,5,604,353,21,7,1,5,1,
69,7,626,257,48,13,1,5,1,
69,9,892,377,23,12,1,5,1,
69,10,668,15,23,30,1,5,1,
69,11,913,360,14,12,1,5,1,
69,14,610,208,67,14,1,5,1,
69,15,791,266,31,9,1,5,1,
69,16,920,277,39,14,1,5,1,
69,20,472,224,23,13,1,5,1,
70,2,623,233,60,14,1,5,1,
70,3,655,386,24,16,1,5,1,
70,5,601,352,21,7,1,5,1,
70,7,622,257,49,13,1,5,1,
70,9,888,376,26,12,1,5,1,
70,10,663,18,28,30,1,5,1,
70,11,912,359,15,12,1,5,1,
70,14,616,208,68,14,1,5,1,
70,15,787,266,32,9,1,5,1,
70,16,924,277,35,13,1,5,1,
70,20,473,224,19,12,1,5,1,
71,2,630,234,60,13,1,5,1,
71,3,651,386,29,15,1,5,1,
71,5,598,352,23,7,1,5,1,
71,7,619,257,48,13,1,5,1,
71,9,888,375,24,12,1,5,1,
71,10,658,21,32,29,1,5,1,
71,11,910,359,18,11,1,5,1,
71,14,622,208,68,14,1,5,1,
71,15,782,266,35,9,1,5,1,
71,16,928,277,32,13,1,5,1,
71,20,472,224,16,12,1,5,1,
72,2,636,234,60,13,1,5,1,
72,3,646,385,35,15,1,5,1,
72,7,615,257,48,13,1,5,1,
72,9,887,374,22,12,1,5,1,
72,10,653,24,36,28,1,5,1,
72,11,905,358,24,11,1,5,1,
72,14,628,208,68,14,1,5,1,
72,15,777,266,38,9,1,5,1,
72,16,933,277,27,13,1,5,1,
72,20,471,223,14,12,1,5,1,
73,2,643,234,59,13,1,5,1,
73,3,641,384,40,16,1,5,1,
73,7,612,258,48,12,1,5,1,
73,9,886,373,20,12,1,5,1,
73,10,647,27,40,26,1,5,1,
73,11,901,357,29,11,1,5,1,
73,14,634,208,68,14,1,5,1,
73,15,771,266,42,9,1,5,1,
73,16,937,277,23,13,1,5,1,
73,20,471,223,14,12,1,5,1,
74,2,649,234,59,13,1,5,1,
74,3,641,383,40,16,1,5,1,
74,7,608,258,49,12,1,5,1,
74,9,882,372,23,12,1,5,1,
74,10,641,30,44,24,1,5,1,
74,11,898,356,32,12,1,5,1,
74,14,639,208,70,14,1,5,1,
74,15,766,266,45,9,1,5,1,
74,16,941,277,19,13,1,5,1,
74,17,947,338,12,10,1,5,1,
74,20,472,222,14,12,1,5,1,
75,2,656,234,58,13,1,5,1,
75,3,642,382,35,17,1,5,1,
75,7,605,258,48,12,1,5,1,
75,9,877,372,27,11,1,5,1,
75,10,635,33,46,22,1,5,1,
75,11,894,355,34,11,1,5,1,
75,14,647,208,68,14,1,5,1,
75,15,762,266,45,9,1,5,1,
75,16,945,277,15,13,1,5,1,
75,17,942,337,17,14,1,5,1,
75,20,473,222,13,12,1,5,1,
76,2,663,234,57,13,1,5,1,
76,3,643,381,30,17,1,5,1,
76,7,602,258,47,12,1,5,1,
76,9,872,371,32,11,1,5,1,
76,10,630,36,48,20,1,5,1,
76,11,890,354,36,12,1,5,1,
76,14,653,208,68,14,1,5,1,
76,15,758,266,45,9,1,5,1,
76,16,949,278,11,8,1,5,1,
76,17,937,336,22,14,1,5,1,
76,20,473,221,14,13,1,5,1,
77,2,669,234,57,13,1,5,1,
77,3,643,381,26,16,1,5,1,
77,7,598,258,47,12,1,5,1,
77,9,867,370,37,11,1,5,1,
77,10,624,38,50,19,1,5,1,
77,11,886,353,37,12,1,5,1,
77,14,659,208,68,14,1,5,1,
77,15,754,266,45,9,1,5,1,
77,17,932,335,27,14,1,5,1,
77,20,473,221,16,12,1,5,1,
78,2,675,234,57,13,1,5,1,
78,3,641,380,25,15,1,5,1,
78,7,595,258,47,12,1,5,1,
78,9,866,369,36,11,1,5,1,
78,10,618,40,52,18,1,5,1,
78,11,883,353,38,11,1,5,1,
78,14,665,208,69,14,1,5,1,
78,15,750,266,45,9,1,5,1,
78,17,927,334,32,13,1,5,1,
78,20,474,220,16,13,1,5,1,
79,2,681,234,57,13,1,5,1,
79,3,637,380,28,14,1,5,1,
79,7,591,258,48,12,1,5,1,
79,9,866,368,33,12,1,5,1,
79,10,613,42,53,17,1,5,1,
79,11,880,352,37,11,1,5,1,
79,14,671,208,69,14,1,5,1,
79,15,746,266,45,9,1,5,1,
79,17,922,333,37,13,1,5,1,
79,20,474,220,17,13,1,5,1,
80,2,688,234,56,13,1,5,1,
80,3,633,379,32,13,1,5,1,
80,7,588,258,47,12,1,5,1,
80,9,866,368,28,11,1,5,1,
80,10,608,44,53,15,1,5,1,
80,11,877,351,37,11,1,5,1,
80,14,677,208,69,14,1,5,1,
80,15,742,266,45,9,1,5,1,
80,17,917,332,42,13,1,5,1,
80,20,475,219,17,13,1,5,1,
81,2,694,235,55,12,1,5,1,
81,3,628,378,37,13,1,5,1,
81,7,584,259,48,11,1,5,1,
81,9,864,367,26,11,1,5,1,
81,10,603,46,53,14,1,5,1,
81,11,873,350,37,11,1,5,1,
81,14,683,208,70,14,1,5,1,
81,15,738,266,44,9,1,5,1,
81,17,912,331,47,13,1,5,1,
81,20,475,219,19,13,1,5,1,
82,2,700,235,55,13,1,5,1,
82,3,624,378,41,13,1,5,1,
82,7,581,259,47,11,1,5,1,
82,9,859,366,28,11,1,5,1,
82,10,599,48,51,12,1,5,1,
82,11,869,350,38,10,1,5,1,
82,14,690,208,69,14,1,5,1,
82,15,734,266,44,9,1,5,1,
82,17,910,331,47,12,1,5,1,
82,20,476,218,20,13,1,5,1,
83,2,707,235,52,13,1,5,1,
83,3,623,377,40,13,1,5,1,
83,7,577,259,48,11,1,5,1,
83,9,855,365,30,11,1,5,1,
83,10,594,49,50,11,1,5,1,
83,11,864,349,40,10,1,5,1,
83,14,697,208,68,15,1,5,1,
83,15,730,266,44,9,1,5,1,
83,17,909,330,41,12,1,5,1,
83,20,477,217,21,14,1,5,1,
84,2,713,235,49,13,1,5,1,
84,3,624,376,37,14,1,5,1,
84,7,574,259,47,11,1,5,1,
84,9,850,364,34,11,1,5,1,
84,10,591,49,48,10,1,5,1,
84,11,859,348,42,10,1,5,1,
84,14,702,208,69,15,1,5,1,
84,15,726,266,44,9,1,5,1,
84,16,949,278,10,10,1,5,1,
84,17,908,330,36,11,1,5,1,
84,20,478,217,22,14,1,5,1,
85,2,722,235,43,13,1,5,1,
85,3,624,376,32,14,1,5,1,
85,7,570,259,47,11,1,5,1,
85,9,845,364,38,10,1,5,1,
85,10,587,48,46,11,1,5,1,
85,11,854,348,43,9,1,5,1,
85,14,710,208,67,15,1,5,1,
85,15,723,266,42,9,1,5,1,
85,16,943,277,16,11,1,5,1,
85,17,907,329,30,11,1,5,1,
85,20,479,216,23,14,1,5,1,
86,2,728,236,41,12,1,5,1,
86,3,625,375,27,14,1,5,1,
86,7,567,259,47,11,1,5,1,
86,9,840,363,41,10,1,5,1,
86,10,585,48,43,10,1,5,1,
86,11,849,347,45,10,1,5,1,
86,14,717,209,66,15,1,5,1,
86,15,719,266,42,9,1,5,1,
86,16,937,277,22,12,1,5,1,
86,17,907,328,24,12,1,5,1,
86,20,480,216,25,14,1,5,1,
87,2,734,236,39,13,1,5,1,
87,3,622,375,27,12,1,5,1,
87,7,563,260,47,10,1,5,1,
87,8,-2439,2455,0,-1911,1,5,1,
87,9,836,362,42,10,1,5,1,
87,10,583,47,39,10,1,5,1,
87,11,844,346,46,10,1,5,1,
87,14,724,209,65,15,1,5,1,
87,15,715,266,42,9,1,5,1,
87,16,930,277,29,12,1,5,1,
87,17,907,328,18,11,1,5,1,
87,20,481,215,26,14,1,5,1,
88,2,739,236,39,13,1,5,1,
88,3,618,374,29,13,1,5,1,
88,7,559,260,48,11,1,5,1,
88,8,-1793,1799,0,-1255,1,5,1,
88,9,832,362,42,9,1,5,1,
88,10,581,45,36,11,1,5,1,
88,11,840,346,46,9,1,5,1,
88,14,730,209,66,15,1,5,1,
88,15,711,266,42,9,1,5,1,
88,16,923,277,36,11,1,5,1,
88,17,909,327,14,11,1,5,1,
88,20,483,215,27,14,1,5,1,
89,2,744,236,39,13,1,5,1,
89,3,614,374,33,12,1,5,1,
89,7,556,260,47,11,1,5,1,
89,9,828,361,42,9,1,5,1,
89,10,580,44,32,11,1,5,1,
89,11,835,345,46,9,1,5,1,
89,14,737,209,66,15,1,5,1,
89,15,707,266,41,9,1,5,1,
89,16,916,277,43,11,1,5,1,
89,17,911,326,14,12,1,5,1,
89,20,484,214,28,14,1,5,1,
90,2,747,236,40,13,1,5,1,
90,3,609,373,38,13,1,5,1,
90,7,552,260,48,11,1,5,1,
90,9,824,360,43,10,1,5,1,
90,10,580,42,28,12,1,5,1,
90,11,830,344,47,9,1,5,1,
90,14,742,209,67,15,1,5,1,
90,15,704,266,41,9,1,5,1,
90,16,911,277,48,12,1,5,1,
90,17,913,326,14,11,1,5,1,
90,20,485,213,30,15,1,5,1,
91,2,752,237,39,12,1,5,1,
91,3,605,373,41,12,1,5,1,
91,7,548,261,48,10,1,5,1,
91,9,820,360,42,9,1,5,1,
91,10,580,41,23,12,1,5,1,
91,11,826,344,46,9,1,5,1,
91,14,747,209,69,15,1,5,1,
91,15,700,266,41,9,1,5,1,
91,16,906,278,53,11,1,5,1,
91,17,914,326,15,11,1,5,1,
91,20,487,213,31,15,1,5,1,
92,2,756,237,40,12,1,5,1,
92,3,600,373,45,11,1,5,1,
92,7,544,261,49,10,1,5,1,
92,10,581,39,19,13,1,5,1,
92,11,822,343,46,9,1,5,1,
92,14,753,210,70,14,1,5,1,
92,15,696,266,41,9,1,5,1,
92,16,901,278,58,11,1,5,1,
92,17,915,325,15,11,1,5,1,
92,20,489,212,32,15,1,5,1,
93,2,760,237,40,12,1,5,1,
93,3,599,372,44,12,1,5,1,
93,7,539,261,50,11,1,5,1,
93,10,581,37,15,15,1,5,1,
93,11,817,343,46,9,1,5,1,
93,14,759,210,71,14,1,5,1,
93,15,693,266,40,9,1,5,1,
93,16,895,278,60,11,1,5,1,
93,17,917,325,15,11,1,5,1,
93,20,490,212,35,15,1,5,1,
94,2,764,237,40,13,1,5,1,
94,3,598,372,41,11,1,5,1,
94,7,535,262,50,10,1,5,1,
94,10,581,34,12,17,1,5,1,
94,11,813,342,46,9,1,5,1,
94,14,764,210,74,14,1,5,1,
94,16,889,278,61,10,1,5,1,
94,17,919,325,15,10,1,5,1,
94,20,492,211,36,15,1,5,1,
95,2,768,237,39,13,1,5,1,
95,3,598,371,38,12,1,5,1,
95,7,531,262,51,10,1,5,1,
95,10,582,32,13,18,1,5,1,
95,11,809,342,46,8,1,5,1,
95,14,770,211,75,14,1,5,1,
95,16,882,278,63,10,1,5,1,
95,17,921,324,14,11,1,5,1,
95,20,494,210,37,16,1,5,1,
96,2,773,238,38,12,1,5,1,
96,3,599,371,33,11,1,5,1,
96,7,527,262,51,10,1,5,1,
96,10,582,29,15,19,1,5,1,
96,11,804,341,46,9,1,5,1,
96,14,775,211,78,14,1,5,1,
96,16,877,277,63,11,1,5,1,
96,17,922,324,14,10,1,5,1,
96,20,496,210,39,15,1,5,1,
97,2,777,238,38,12,1,5,1,
97,3,600,370,28,12,1,5,1,
97,7,523,262,50,10,1,5,1,
97,10,583,26,17,21,1,5,1,
97,11,800,341,46,8,1,5,1,
97,14,781,211,80,14,1,5,1,
97,16,871,277,63,10,1,5,1,
97,17,923,324,14,10,1,5,1,
97,20,498,209,41,16,1,5,1,
98,2,782,238,33,12,1,5,1,
98,3,601,370,23,11,1,5,1,
98,7,519,262,49,10,1,5,1,
98,10,582,23,23,22,1,5,1,
98,11,796,340,45,9,1,5,1,
98,14,787,211,82,15,1,5,1,
98,16,868,277,59,10,1,5,1,
98,17,924,323,14,10,1,5,1,
98,20,500,208,43,16,1,5,1,
99,2,788,238,27,12,1,5,1,
99,7,516,262,47,10,1,5,1,
99,10,582,21,29,22,1,5,1,
99,11,792,340,45,8,1,5,1,
99,14,794,211,83,15,1,5,1,
99,16,865,277,56,10,1,5,1,
99,17,923,322,15,11,1,5,1,
99,20,503,208,44,16,1,5,1,
100,2,793,239,22,11,1,5,1,
100,7,513,262,46,10,1,5,1,
100,10,582,18,35,24,1,5,1,
100,11,789,339,44,8,1,5,1,
100,14,800,211,85,16,1,5,1,
100,16,862,277,52,10,1,5,1,
100,17,922,322,15,10,1,5,1,
100,20,505,207,46,17,1,5,1,
101,2,798,239,17,12,1,5,1,
101,7,511,261,43,11,1,5,1,
101,10,583,15,40,25,1,5,1,
101,11,785,339,43,8,1,5,1,
101,14,808,212,83,16,1,5,1,
101,16,860,277,48,10,1,5,1,
101,17,920,321,17,10,1,5,1,
101,20,507,206,49,17,1,5,1,
102,2,802,239,14,12,1,5,1,
102,7,510,261,39,10,1,5,1,
102,10,584,12,46,26,1,5,1,
102,11,782,338,42,8,1,5,1,
102,14,816,212,81,16,1,5,1,
102,16,855,277,47,9,1,5,1,
102,17,919,321,17,10,1,5,1,
102,20,510,206,50,17,1,5,1,
103,2,803,240,14,11,1,5,1,
103,7,509,260,35,11,1,5,1,
103,10,587,9,50,26,1,5,1,
103,11,778,337,42,9,1,5,1,
103,14,825,212,76,16,1,5,1,
103,16,849,276,48,10,1,5,1,
103,17,918,320,18,10,1,5,1,
103,20,513,205,52,17,1,5,1,
104,2,804,240,14,12,1,5,1,
104,7,508,259,32,11,1,5,1,
104,10,590,6,53,26,1,5,1,
104,11,774,337,42,8,1,5,1,
104,14,834,212,70,17,1,5,1,
104,16,844,276,49,10,1,5,1,
104,17,914,319,21,10,1,5,1,
104,20,516,204,54,18,1,5,1,
105,2,805,240,13,12,1,5,1,
105,7,508,258,27,11,1,5,1,
105,10,594,3,56,26,1,5,1,
105,11,770,336,42,9,1,5,1,
105,14,845,213,61,16,1,5,1,
105,16,839,276,50,10,1,5,1,
105,17,910,319,24,9,1,5,1,
105,20,519,204,56,17,1,5,1,
106,2,806,241,13,11,1,5,1,
106,7,509,257,22,12,1,5,1,
106,10,598,0,59,27,1,5,1,
106,11,766,336,42,8,1,5,1,
106,14,855,213,53,17,1,5,1,
106,16,834,276,51,10,1,5,1,
106,17,908,318,25,10,1,5,1,
106,20,522,203,58,17,1,5,1,
107,2,806,241,13,11,1,5,1,
107,6,938,184,21,11,1,5,1,
107,7,509,256,18,12,1,5,1,
107,10,604,-1,60,25,1,5,1,
107,11,762,336,42,7,1,5,1,
107,14,864,214,46,16,1,5,1,
107,16,830,276,50,10,1,5,1,
107,17,905,318,27,9,1,5,1,
107,20,526,202,60,18,1,5,1,
108,2,806,241,13,11,1,5,1,
108,6,932,183,27,13,1,5,1,
108,7,509,255,14,12,1,5,1,
108,10,610,-4,58,25,1,5,1,
108,14,874,214,37,16,1,5,1,
108,16,825,276,50,10,1,5,1,
108,17,902,317,28,9,1,5,1,
108,19,9514,-7644,-8554,0,1,5,1,
108,20,529,201,62,18,1,5,1,
109,2,807,242,13,11,1,5,1,
109,6,927,183,32,13,1,5,1,
109,7,510,254,11,13,1,5,1,
109,10,616,-7,59,25,1,5,1,
109,14,881,215,33,15,1,5,1,
109,16,821,276,49,9,1,5,1,
109,17,900,317,27,9,1,5,1,
109,19,6761,-5444,-5801,0,1,5,1,
109,20,533,201,64,18,1,5,1,
110,2,807,242,13,11,1,5,1,
110,6,923,184,36,13,1,5,1,
110,7,510,253,12,13,1,5,1,
110,10,622,-10,61,25,1,5,1,
110,14,885,215,32,15,1,5,1,
110,16,817,276,48,9,1,5,1,
110,17,898,316,26,9,1,5,1,
110,20,537,200,66,18,1,5,1,
111,2,807,242,13,11,1,5,1,
111,6,920,184,39,14,1,5,1,
111,7,510,253,14,12,1,5,1,
111,10,627,-13,64,25,1,5,1,
111,14,887,215,33,15,1,5,1,
111,16,814,276,47,9,1,5,1,
111,17,896,316,26,9,1,5,1,
111,20,541,199,68,19,1,5,1,
112,2,808,242,13,11,1,5,1,
112,6,917,185,42,14,1,5,1,
112,7,510,252,16,13,1,5,1,
112,10,633,-16,66,25,1,5,1,
112,14,888,215,38,15,1,5,1,
112,16,810,276,46,9,1,5,1,
112,17,893,315,26,9,1,5,1,
112,20,545,198,70,19,1,5,1,
113,2,809,243,12,10,1,5,1,
113,6,916,186,43,13,1,5,1,
113,7,509,252,21,12,1,5,1,
113,14,889,215,42,14,1,5,1,
113,16,806,276,46,9,1,5,1,
113,17,891,314,25,9,1,5,1,
113,20,549,198,73,19,1,5,1,
114,2,810,243,12,10,1,5,1,
114,6,914,186,45,14,1,5,1,
114,7,508,252,27,12,1,5,1,
114,14,890,216,47,13,1,5,1,
114,16,802,276,46,9,1,5,1,
114,17,889,314,25,9,1,5,1,
114,20,553,197,76,19,1,5,1,
115,2,811,243,12,10,1,5,1,
115,6,911,185,47,16,1,5,1,
115,7,508,251,31,12,1,5,1,
115,14,892,215,50,13,1,5,1,
115,16,798,276,46,9,1,5,1,
115,17,887,314,24,8,1,5,1,
115,20,557,196,78,20,1,5,1,
116,2,812,243,12,10,1,5,1,
116,6,908,186,44,16,1,5,1,
116,7,508,251,34,12,1,5,1,
116,14,894,214,52,14,1,5,1,
116,16,794,276,46,9,1,5,1,
116,17,885,313,24,9,1,5,1,
116,20,561,195,81,20,1,5,1,
117,2,813,243,12,10,1,5,1,
117,6,905,187,42,15,1,5,1,
117,7,509,251,36,12,1,5,1,
117,14,898,213,54,14,1,5,1,
117,16,790,276,45,9,1,5,1,
117,17,883,313,23,8,1,5,1,
117,20,566,195,84,19,1,5,1,
118,2,814,243,12,10,1,5,1,
118,6,902,188,41,15,1,5,1,
118,7,510,251,38,12,1,5,1,
118,14,901,213,55,14,1,5,1,
118,16,786,276,46,8,1,5,1,
118,17,881,312,23,9,1,5,1,
118,20,571,194,86,20,1,5,1,
119,2,815,243,13,10,1,5,1,
119,6,899,189,39,15,1,5,1,
119,7,513,251,39,12,1,5,1,
119,14,905,213,54,14,1,5,1,
119,16,782,276,45,8,1,5,1,
119,17,879,312,22,8,1,5,1,
119,20,577,193,87,20,1,5,1,
120,2,816,244,13,10,1,5,1,
120,6,898,190,36,14,1,5,1,
120,7,515,251,40,12,1,5,1,
120,14,909,213,51,14,1,5,1,
120,16,778,276,45,8,1,5,1,
120,17,877,311,22,9,1,5,1,
120,20,582,192,90,21,1,5,1,
121,2,817,244,13,10,1,5,1,
121,6,897,190,33,15,1,5,1,
121,7,517,250,41,13,1,5,1,
121,14,914,213,46,14,1,5,1,
121,16,775,276,44,8,1,5,1,
121,17,875,311,22,8,1,5,1,
121,20,587,192,93,20,1,5,1,
122,2,818,244,13,10,1,5,1,
122,6,895,191,31,14,1,5,1,
122,7,519,250,43,13,1,5,1,
122,14,919,213,41,14,1,5,1,
122,16,771,276,44,8,1,5,1,
122,17,873,311,22,8,1,5,1,
122,20,593,191,95,20,1,5,1,
123,2,819,244,12,10,1,5,1,
123,6,893,192,28,14,1,5,1,
123,7,522,250,43,13,1,5,1,
123,14,924,213,36,13,1,5,1,
123,16,767,276,44,8,1,5,1,
123,17,871,310,22,8,1,5,1,
123,20,599,190,97,21,1,5,1,
124,2,819,244,13,10,1,5,1,
124,6,891,193,27,14,1,5,1,
124,7,524,250,45,13,1,5,1,
124,14,929,213,31,13,1,5,1,
124,16,763,276,44,8,1,5,1,
124,17,869,310,22,8,1,5,1,
124,20,605,189,100,21,1,5,1,
125,2,820,245,12,10,1,5,1,
125,6,888,194,27,13,1,5,1,
125,7,527,250,46,13,1,5,1,
125,14,936,214,24,12,1,5,1,
125,16,760,276,43,8,1,5,1,
125,17,868,309,21,9,1,5,1,
125,20,611,188,102,22,1,5,1,
126,2,819,245,12,10,1,5,1,
126,6,885,194,28,14,1,5,1,
126,7,529,250,48,13,1,5,1,
126,14,941,215,19,11,1,5,1,
126,16,756,276,43,8,1,5,1,
126,17,866,309,21,8,1,5,1,
126,20,617,188,105,21,1,5,1,
127,2,817,246,13,9,1,5,1,
127,6,883,195,28,13,1,5,1,
127,7,532,249,49,14,1,5,1,
127,14,948,215,12,11,1,5,1,
127,16,753,276,42,8,1,5,1,
127,17,865,309,19,8,1,5,1,
127,20,624,187,107,21,1,5,1,
128,2,815,246,15,9,1,5,1,
128,6,880,196,29,13,1,5,1,
128,7,535,249,50,14,1,5,1,
128,16,750,276,41,7,1,5,1,
128,17,864,308,17,8,1,5,1,
128,20,631,186,109,22,1,5,1,
129,2,813,246,17,9,1,5,1,
129,6,877,197,30,12,1,5,1,
129,7,537,249,52,13,1,5,1,
129,14,949,215,11,12,1,5,1,
129,17,862,308,17,8,1,5,1,
129,20,638,185,112,22,1,5,1,
130,2,809,246,21,9,1,5,1,
130,6,874,197,31,13,1,5,1,
130,7,540,249,53,13,1,5,1,
130,14,949,215,10,13,1,5,1,
130,17,859,308,19,8,1,5,1,
130,20,643,184,116,23,1,5,1,
131,2,806,246,24,9,1,5,1,
131,6,871,198,32,13,1,5,1,
131,7,543,249,54,13,1,5,1,
131,14,948,216,11,12,1,5,1,
131,17,857,308,20,7,1,5,1,
131,20,650,184,119,22,1,5,1,
132,2,803,247,26,9,1,5,1,
132,6,868,198,33,13,1,5,1,
132,7,546,249,56,13,1,5,1,
132,14,947,215,12,13,1,5,1,
132,17,854,307,22,8,1,5,1,
132,20,657,183,122,22,1,5,1,
133,2,800,247,28,9,1,5,1,
133,6,866,199,32,13,1,5,1,
133,7,549,248,58,14,1,5,1,
133,14,946,216,13,13,1,5,1,
133,17,852,307,23,8,1,5,1,
133,20,664,182,125,23,1,5,1,
134,2,798,247,28,9,1,5,1,
134,5,471,350,11,9,1,5,1,
134,6,863,200,33,12,1,5,1,
134,7,552,248,59,14,1,5,1,
134,14,945,216,14,13,1,5,1,
134,17,850,307,23,7,1,5,1,
134,20,672,181,127,23,1,5,1,
135,2,795,247,29,9,1,5,1,
135,5,471,351,12,9,1,5,1,
135,6,860,201,33,12,1,5,1,
135,7,556,248,60,14,1,5,1,
135,14,944,217,15,13,1,5,1,
135,17,848,306,23,8,1,5,1,
135,20,682,180,127,24,1,5,1,
136,2,792,248,30,8,1,5,1,
136,5,472,351,13,10,1,5,1,
136,6,858,201,32,12,1,5,1,
136,7,560,248,61,14,1,5,1,
136,14,944,217,15,13,1,5,1,
136,17,844,306,25,7,1,5,1,
136,20,690,180,130,23,1,5,1,
137,2,789,248,30,8,1,5,1,
137,5,472,352,14,9,1,5,1,
137,6,854,202,33,12,1,5,1,
137,7,564,248,62,14,1,5,1,
137,14,943,218,16,12,1,5,1,
137,17,841,306,26,7,1,5,1,
137,20,700,179,130,23,1,5,1,
138,2,786,248,30,8,1,5,1,
138,5,473,353,15,9,1,5,1,
138,6,851,202,34,12,1,5,1,
138,7,567,247,64,15,1,5,1,
138,14,942,218,17,13,1,5,1,
138,17,839,305,26,8,1,5,1,
138,20,708,178,133,24,1,5,1,
139,2,783,248,31,9,1,5,1,
139,5,474,353,16,10,1,5,1,
139,6,848,203,34,11,1,5,1,
139,7,571,247,65,15,1,5,1,
139,14,941,219,18,12,1,5,1,
139,17,836,305,26,7,1,5,1,
139,20,718,177,134,24,1,5,1,
140,2,780,248,31,9,1,5,1,
140,5,474,354,18,9,1,5,1,
140,6,845,204,35,11,1,5,1,
140,7,575,247,66,15,1,5,1,
140,14,940,219,19,12,1,5,1,
140,17,833,305,27,7,1,5,1,
140,20,726,176,137,24,1,5,1,
141,2,775,249,33,8,1,5,1,
141,5,475,354,19,10,1,5,1,
141,6,842,204,35,11,1,5,1,
141,7,579,247,68,15,1,5,1,
141,14,937,220,22,12,1,5,1,
141,17,830,305,27,7,1,5,1,
141,20,735,176,139,24,1,5,1,
142,2,771,249,35,8,1,5,1,
142,5,477,355,19,10,1,5,1,
142,6,839,205,35,11,1,5,1,
142,7,583,247,69,15,1,5,1,
142,14,934,220,26,13,1,5,1,
142,17,828,304,27,7,1,5,1,
142,20,745,175,141,24,1,5,1,
143,2,766,249,37,8,1,5,1,
143,5,478,356,20,10,1,5,1,
143,6,837,205,34,11,1,5,1,
143,7,588,247,70,14,1,5,1,
143,14,931,221,28,12,1,5,1,
143,17,825,304,27,7,1,5,1,
143,20,754,174,143,25,1,5,1,
144,2,762,250,39,8,1,5,1,
144,5,479,356,22,10,1,5,1,
144,6,834,206,34,11,1,5,1,
144,7,592,246,72,15,1,5,1,
144,14,928,221,31,12,1,5,1,
144,17,822,304,27,7,1,5,1,
144,20,764,173,145,25,1,5,1,
145,2,757,250,41,8,1,5,1,
145,5,481,357,22,10,1,5,1,
145,6,832,206,33,12,1,5,1,
145,7,597,246,72,15,1,5,1,
145,14,922,221,37,13,1,5,1,
145,17,819,303,28,7,1,5,1,
145,20,774,172,147,25,1,5,1,
146,2,753,250,42,8,1,5,1,
146,5,482,357,24,11,1,5,1,
146,6,829,207,33,11,1,5,1,
146,7,601,246,74,15,1,5,1,
146,14,916,222,43,13,1,5,1,
146,17,816,303,28,7,1,5,1,
146,20,783,172,150,25,1,5,1,
147,2,749,250,42,8,1,5,1,
147,5,484,358,24,10,1,5,1,
147,6,827,208,31,11,1,5,1,
147,7,606,246,75,15,1,5,1,
147,14,910,222,47,14,1,5,1,
147,17,813,303,28,7,1,5,1,
147,20,794,171,150,25,1,5,1,
148,2,745,250,43,8,1,5,1,
148,5,486,359,25,10,1,5,1,
148,6,824,208,31,11,1,5,1,
148,7,610,246,77,15,1,5,1,
148,14,904,222,52,15,1,5,1,
148,17,811,303,27,6,1,5,1,
148,20,804,170,153,26,1,5,1,
149,2,741,251,42,7,1,5,1,
149,5,488,359,26,11,1,5,1,
149,7,615,245,79,16,1,5,1,
149,14,897,223,57,14,1,5,1,
149,17,808,302,27,7,1,5,1,
149,20,815,170,144,25,1,5,1,
150,2,737,251,43,7,1,5,1,
150,5,489,360,28,10,1,5,1,
150,7,619,245,81,16,1,5,1,
150,14,890,223,62,15,1,5,1,
150,17,805,302,28,7,1,5,1,
150,20,824,169,136,26,1,5,1,
