1,1,282,335,60,15,1,5,1,
1,2,665,-6,32,21,1,5,1,
1,3,348,483,20,47,1,5,1,
1,4,11,385,38,13,1,5,1,
1,5,681,121,126,29,1,5,1,
1,6,532,22,115,60,1,5,1,
1,7,755,417,54,21,1,5,1,
1,8,19,494,61,26,1,5,1,
1,9,656,56,129,78,1,5,1,
1,10,564,108,23,34,1,5,1,
1,11,861,217,76,20,1,5,1,
1,12,211,361,20,25,1,5,1,
1,13,407,479,26,64,1,5,1,
1,14,8,399,41,42,1,5,1,
1,15,614,36,15,33,1,5,1,
1,16,763,346,69,44,1,5,1,
1,17,121,366,84,25,1,5,1,
1,18,594,165,130,53,1,5,1,
1,19,839,324,18,13,1,5,1,
1,20,851,444,109,41,1,5,1,
1,21,453,364,46,16,1,5,1,
1,22,169,194,25,25,1,5,1,
1,23,649,11,67,21,1,5,1,
1,24,263,190,45,18,1,5,1,
1,25,847,365,67,14,1,5,1,
1,26,847,352,72,18,1,5,1,
1,27,841,467,79,32,1,5,1,
1,28,838,155,121,25,1,5,1,
1,29,572,272,29,10,1,5,1,
1,30,179,394,91,25,1,5,1,
1,31,94,305,196,38,1,5,1,
1,32,421,132,29,28,1,5,1,
1,33,611,129,40,36,1,5,1,
1,34,869,489,79,43,1,5,1,
1,35,590,357,60,19,1,5,1,
1,36,546,201,15,18,1,5,1,
2,1,276,334,53,19,1,5,1,
2,2,669,-9,35,20,1,5,1,
2,3,345,489,26,44,1,5,1,
2,4,16,383,41,12,1,5,1,
2,5,696,119,124,28,1,5,1,
2,6,543,34,118,48,1,5,1,
2,7,764,420,53,19,1,5,1,
2,8,19,498,67,25,1,5,1,
2,9,658,71,145,65,1,5,1,
2,10,564,114,17,30,1,5,1,
2,11,848,217,84,21,1,5,1,
2,12,208,363,20,25,1,5,1,
2,13,406,485,26,58,1,5,1,
2,14,8,406,45,37,1,5,1,
2,15,614,41,14,30,1,5,1,
2,16,763,352,86,39,1,5,1,
2,17,129,369,82,25,1,5,1,
2,18,596,172,94,46,1,5,1,
2,19,841,323,18,13,1,5,1,
2,20,856,445,104,36,1,5,1,
2,21,459,366,46,15,1,5,1,
2,22,170,193,24,29,1,5,1,
2,23,661,12,58,22,1,5,1,
2,24,256,191,50,16,1,5,1,
2,25,861,366,59,14,1,5,1,
2,26,847,350,55,18,1,5,1,
2,27,855,473,75,29,1,5,1,
2,28,827,157,114,25,1,5,1,
2,29,571,272,20,10,1,5,1,
2,30,189,393,89,22,1,5,1,
2,31,128,305,175,36,1,5,1,
2,32,420,133,20,30,1,5,1,
2,33,610,134,26,33,1,5,1,
2,34,875,493,83,42,1,5,1,
2,35,605,356,47,19,1,5,1,
2,36,548,204,14,15,1,5,1,
3,1,270,334,50,22,1,5,1,
3,2,672,-12,38,19,1,5,1,
3,3,342,494,35,42,1,5,1,
3,4,21,382,43,12,1,5,1,
3,5,705,118,127,27,1,5,1,
3,6,556,37,115,46,1,5,1,
3,7,770,422,55,19,1,5,1,
3,8,19,501,75,24,1,5,1,
3,9,662,79,160,58,1,5,1,
3,10,565,117,17,29,1,5,1,
3,11,835,218,92,21,1,5,1,
3,12,206,365,19,24,1,5,1,
3,13,407,489,26,55,1,5,1,
3,14,2,409,60,34,1,5,1,
3,15,615,44,13,30,1,5,1,
3,16,764,355,105,37,1,5,1,
3,17,137,370,75,25,1,5,1,
3,18,598,175,74,44,1,5,1,
3,19,843,323,18,13,1,5,1,
3,20,866,443,94,37,1,5,1,
3,21,463,368,48,15,1,5,1,
3,22,171,192,24,33,1,5,1,
3,23,668,12,53,23,1,5,1,
3,24,249,190,55,17,1,5,1,
3,25,870,367,56,14,1,5,1,
3,26,847,349,45,18,1,5,1,
3,27,865,477,76,28,1,5,1,
3,28,816,157,108,27,1,5,1,
3,29,570,273,16,9,1,5,1,
3,30,197,393,89,21,1,5,1,
3,31,147,305,168,36,1,5,1,
3,32,419,134,17,31,1,5,1,
3,33,610,137,21,32,1,5,1,
3,34,880,496,80,41,1,5,1,
3,35,616,355,36,19,1,5,1,
3,36,550,205,13,15,1,5,1,
4,1,265,335,47,23,1,5,1,
4,3,341,498,43,41,1,5,1,
4,4,26,380,46,12,1,5,1,
4,5,715,117,128,28,1,5,1,
4,6,568,39,113,45,1,5,1,
4,7,777,424,56,18,1,5,1,
4,8,20,505,81,22,1,5,1,
4,9,678,80,155,56,1,5,1,
4,10,568,120,16,27,1,5,1,
4,11,823,218,98,22,1,5,1,
4,12,204,366,20,25,1,5,1,
4,13,403,494,31,50,1,5,1,
4,14,0,413,77,31,1,5,1,
4,15,616,48,13,28,1,5,1,
4,16,767,356,124,37,1,5,1,
4,17,147,370,66,26,1,5,1,
4,18,598,178,60,42,1,5,1,
4,19,845,322,17,13,1,5,1,
4,20,874,443,86,37,1,5,1,
4,21,467,369,50,15,1,5,1,
4,22,175,193,22,36,1,5,1,
4,23,673,13,51,24,1,5,1,
4,24,242,189,59,17,1,5,1,
4,25,879,368,53,13,1,5,1,
4,26,848,348,37,18,1,5,1,
4,27,875,481,77,27,1,5,1,
4,28,807,158,102,27,1,5,1,
4,29,568,273,14,10,1,5,1,
4,30,204,392,90,21,1,5,1,
4,31,163,305,162,36,1,5,1,
4,32,419,136,16,32,1,5,1,
4,33,611,140,21,30,1,5,1,
4,34,886,500,74,37,1,5,1,
4,35,623,354,30,19,1,5,1,
4,36,550,205,13,15,1,5,1,
5,1,261,336,44,25,1,5,1,
5,3,340,503,51,38,1,5,1,
5,4,32,379,48,12,1,5,1,
5,5,726,116,128,28,1,5,1,
5,6,579,41,112,45,1,5,1,
5,7,784,426,56,18,1,5,1,
5,8,22,506,87,22,1,5,1,
5,9,699,78,134,60,1,5,1,
5,10,568,123,19,26,1,5,1,
5,11,811,219,103,22,1,5,1,
5,12,203,367,20,25,1,5,1,
5,13,399,500,37,44,1,5,1,
5,14,0,415,93,30,1,5,1,
5,15,616,52,14,26,1,5,1,
5,16,772,357,142,37,1,5,1,
5,17,154,370,61,28,1,5,1,
5,18,597,179,46,41,1,5,1,
5,19,846,323,17,12,1,5,1,
5,20,885,444,75,36,1,5,1,
5,21,472,371,52,14,1,5,1,
5,22,173,193,29,40,1,5,1,
5,23,679,14,47,25,1,5,1,
5,24,235,187,62,18,1,5,1,
5,25,888,369,48,13,1,5,1,
5,26,848,347,30,18,1,5,1,
5,27,885,485,74,25,1,5,1,
5,28,800,160,94,27,1,5,1,
5,29,567,273,12,10,1,5,1,
5,30,212,391,89,21,1,5,1,
5,31,179,305,157,34,1,5,1,
5,32,420,138,15,33,1,5,1,
5,33,613,143,20,28,1,5,1,
5,34,893,503,67,34,1,5,1,
5,35,627,353,27,19,1,5,1,
5,36,550,206,14,15,1,5,1,
6,1,257,337,40,27,1,5,1,
6,3,341,507,58,35,1,5,1,
6,4,38,378,49,11,1,5,1,
6,5,737,116,126,28,1,5,1,
6,6,591,43,109,44,1,5,1,
6,7,792,429,56,16,1,5,1,
6,8,25,506,92,22,1,5,1,
6,9,719,77,113,63,1,5,1,
6,10,568,126,25,24,1,5,1,
6,11,800,219,105,23,1,5,1,
6,12,201,368,20,26,1,5,1,
6,13,396,506,43,38,1,5,1,
6,14,11,416,87,31,1,5,1,
6,15,615,55,18,25,1,5,1,
6,16,778,358,161,36,1,5,1,
6,17,158,371,61,28,1,5,1,
6,18,597,181,38,40,1,5,1,
6,19,847,322,17,13,1,5,1,
6,20,899,446,61,28,1,5,1,
6,21,478,373,52,13,1,5,1,
6,22,173,195,36,41,1,5,1,
6,23,683,16,44,25,1,5,1,
6,24,228,185,65,19,1,5,1,
6,25,897,368,41,13,1,5,1,
6,26,848,347,25,17,1,5,1,
6,27,896,490,64,20,1,5,1,
6,28,794,162,86,27,1,5,1,
6,29,566,274,10,10,1,5,1,
6,30,220,391,88,20,1,5,1,
6,31,194,304,153,34,1,5,1,
6,32,421,141,15,33,1,5,1,
6,33,616,145,19,28,1,5,1,
6,34,900,507,60,32,1,5,1,
6,35,631,353,25,18,1,5,1,
6,36,551,206,13,15,1,5,1,
7,1,254,339,36,29,1,5,1,
7,3,343,512,65,31,1,5,1,
7,4,45,376,50,12,1,5,1,
7,5,750,115,120,29,1,5,1,
7,6,602,45,107,44,1,5,1,
7,7,800,431,54,15,1,5,1,
7,8,29,506,96,23,1,5,1,
7,9,729,80,113,62,1,5,1,
7,10,572,128,23,23,1,5,1,
7,11,790,220,105,22,1,5,1,
7,12,200,369,21,26,1,5,1,
7,13,394,514,52,30,1,5,1,
7,14,18,418,89,30,1,5,1,
7,15,614,59,23,22,1,5,1,
7,16,787,358,172,37,1,5,1,
7,17,157,374,72,27,1,5,1,
7,18,600,182,36,40,1,5,1,
7,19,847,322,17,12,1,5,1,
7,21,484,374,53,12,1,5,1,
7,22,174,197,41,43,1,5,1,
7,23,687,17,42,27,1,5,1,
7,24,220,183,68,19,1,5,1,
7,25,905,367,34,13,1,5,1,
7,26,845,345,28,17,1,5,1,
7,27,908,493,52,19,1,5,1,
7,28,789,164,78,26,1,5,1,
7,29,565,275,10,10,1,5,1,
7,30,229,391,86,20,1,5,1,
7,31,210,304,147,33,1,5,1,
7,32,420,144,17,32,1,5,1,
7,33,614,147,26,27,1,5,1,
7,34,909,510,51,30,1,5,1,
7,35,634,352,24,18,1,5,1,
7,36,552,207,13,15,1,5,1,
8,1,252,341,31,30,1,5,1,
8,3,346,516,71,27,1,5,1,
8,4,52,375,50,11,1,5,1,
8,5,764,115,112,29,1,5,1,
8,6,613,46,105,44,1,5,1,
8,7,808,433,53,13,1,5,1,
8,8,34,506,98,24,1,5,1,
8,9,739,83,112,60,1,5,1,
8,10,575,130,23,23,1,5,1,
8,11,780,221,104,22,1,5,1,
8,12,201,371,21,25,1,5,1,
8,13,393,521,63,23,1,5,1,
8,14,25,419,93,31,1,5,1,
8,15,616,62,25,20,1,5,1,
8,16,797,358,163,38,1,5,1,
8,17,158,376,79,26,1,5,1,
8,18,603,184,35,39,1,5,1,
8,19,847,321,17,13,1,5,1,
8,21,490,374,54,12,1,5,1,
8,22,175,200,47,44,1,5,1,
8,23,691,20,41,25,1,5,1,
8,24,212,181,71,20,1,5,1,
8,25,912,366,27,13,1,5,1,
8,26,842,345,30,16,1,5,1,
8,27,920,496,40,12,1,5,1,
8,28,786,166,69,25,1,5,1,
8,29,565,276,9,10,1,5,1,
8,30,237,391,84,20,1,5,1,
8,31,224,303,146,33,1,5,1,
8,32,418,147,22,31,1,5,1,
8,33,613,150,33,25,1,5,1,
8,34,918,514,42,28,1,5,1,
8,35,637,351,22,17,1,5,1,
8,36,553,208,13,14,1,5,1,
9,1,252,344,25,30,1,5,1,
9,3,351,520,75,23,1,5,1,
9,4,59,374,50,11,1,5,1,
9,5,778,115,102,30,1,5,1,
9,6,625,48,102,44,1,5,1,
9,7,817,435,49,12,1,5,1,
9,8,41,505,97,24,1,5,1,
9,9,748,86,113,58,1,5,1,
9,10,578,132,23,22,1,5,1,
9,11,771,222,101,22,1,5,1,
9,12,200,372,24,25,1,5,1,
9,14,33,420,94,31,1,5,1,
9,15,619,63,24,20,1,5,1,
9,16,811,358,149,38,1,5,1,
9,17,162,375,85,27,1,5,1,
9,18,604,186,38,38,1,5,1,
9,19,847,321,16,12,1,5,1,
9,21,497,373,53,13,1,5,1,
9,22,178,203,51,45,1,5,1,
9,23,695,21,39,26,1,5,1,
9,24,205,179,73,21,1,5,1,
9,25,919,365,19,13,1,5,1,
9,26,838,344,34,16,1,5,1,
9,27,932,499,28,10,1,5,1,
9,28,784,168,60,25,1,5,1,
9,29,565,277,8,9,1,5,1,
9,30,245,391,81,20,1,5,1,
9,31,239,302,145,32,1,5,1,
9,32,417,151,27,29,1,5,1,
9,33,613,152,40,23,1,5,1,
9,34,928,518,32,24,1,5,1,
9,35,639,350,22,17,1,5,1,
9,36,554,208,13,15,1,5,1,
10,1,252,346,18,31,1,5,1,
10,3,356,524,78,19,1,5,1,
10,4,66,373,50,10,1,5,1,
10,5,792,115,92,30,1,5,1,
10,6,635,50,100,43,1,5,1,
10,7,826,435,44,12,1,5,1,
10,8,50,505,92,24,1,5,1,
10,9,758,88,112,57,1,5,1,
10,10,582,134,21,22,1,5,1,
10,11,764,222,96,22,1,5,1,
10,12,196,374,30,23,1,5,1,
10,14,42,421,95,32,1,5,1,
10,15,622,65,22,20,1,5,1,
10,16,827,358,133,39,1,5,1,
10,17,167,374,91,27,1,5,1,
10,18,600,188,51,37,1,5,1,
10,19,846,320,17,13,1,5,1,
10,21,503,373,53,13,1,5,1,
10,22,181,206,55,46,1,5,1,
10,23,699,22,38,27,1,5,1,
10,24,197,176,74,23,1,5,1,
10,25,920,363,18,14,1,5,1,
10,26,835,344,35,15,1,5,1,
10,28,783,169,50,25,1,5,1,
10,29,565,278,8,9,1,5,1,
10,30,253,391,77,21,1,5,1,
10,31,253,301,142,33,1,5,1,
10,32,417,154,30,27,1,5,1,
10,33,620,153,35,23,1,5,1,
10,35,638,349,28,17,1,5,1,
10,36,555,209,13,15,1,5,1,
11,1,252,349,16,31,1,5,1,
11,3,362,524,80,19,1,5,1,
11,4,73,372,49,10,1,5,1,
11,5,806,114,82,31,1,5,1,
11,6,646,52,97,43,1,5,1,
11,7,834,435,40,12,1,5,1,
11,8,59,506,85,23,1,5,1,
11,9,767,91,112,55,1,5,1,
11,10,585,136,21,21,1,5,1,
11,11,758,223,90,22,1,5,1,
11,12,194,376,39,22,1,5,1,
11,14,51,422,97,32,1,5,1,
11,15,625,66,21,20,1,5,1,
11,16,844,358,116,38,1,5,1,
11,17,173,374,95,26,1,5,1,
11,18,597,191,64,34,1,5,1,
11,19,845,320,17,12,1,5,1,
11,21,509,373,53,12,1,5,1,
11,22,185,210,58,45,1,5,1,
11,23,703,24,36,27,1,5,1,
11,24,190,174,75,24,1,5,1,
11,25,920,362,18,14,1,5,1,
11,26,832,343,35,15,1,5,1,
11,28,783,171,40,25,1,5,1,
11,29,564,278,9,9,1,5,1,
11,30,261,392,73,21,1,5,1,
11,31,266,301,139,32,1,5,1,
11,32,418,158,32,25,1,5,1,
11,33,628,154,29,24,1,5,1,
11,35,638,349,35,17,1,5,1,
11,36,556,210,13,14,1,5,1,
12,1,251,352,17,30,1,5,1,
12,3,370,524,80,19,1,5,1,
12,4,81,371,47,10,1,5,1,
12,5,821,113,69,33,1,5,1,
12,6,657,53,94,43,1,5,1,
12,7,842,435,34,11,1,5,1,
12,8,68,506,78,24,1,5,1,
12,9,776,93,112,54,1,5,1,
12,10,588,137,20,22,1,5,1,
12,11,752,224,83,22,1,5,1,
12,12,192,377,48,22,1,5,1,
12,14,60,423,100,32,1,5,1,
12,15,627,67,20,21,1,5,1,
12,16,866,360,94,31,1,5,1,
12,17,180,373,98,27,1,5,1,
12,18,597,193,75,32,1,5,1,
12,19,843,319,18,13,1,5,1,
12,21,516,372,52,13,1,5,1,
12,22,190,213,60,46,1,5,1,
12,23,707,25,33,27,1,5,1,
12,24,184,171,75,25,1,5,1,
12,25,918,360,20,14,1,5,1,
12,26,829,342,36,15,1,5,1,
12,28,782,172,31,25,1,5,1,
12,29,564,279,8,8,1,5,1,
12,30,269,393,69,21,1,5,1,
12,31,279,301,136,32,1,5,1,
12,32,419,162,33,22,1,5,1,
12,33,635,155,23,24,1,5,1,
12,35,639,348,40,17,1,5,1,
12,36,557,210,14,15,1,5,1,
13,1,252,355,17,28,1,5,1,
13,3,378,523,79,20,1,5,1,
13,4,88,371,45,9,1,5,1,
13,5,836,113,55,35,1,5,1,
13,6,662,58,102,39,1,5,1,
13,7,848,434,31,11,1,5,1,
13,8,73,507,79,23,1,5,1,
13,9,785,96,107,54,1,5,1,
13,10,591,139,19,21,1,5,1,
13,11,748,225,74,22,1,5,1,
13,12,193,378,53,22,1,5,1,
13,14,69,424,102,32,1,5,1,
13,15,630,69,19,20,1,5,1,
13,16,889,363,71,24,1,5,1,
13,17,188,374,98,26,1,5,1,
13,18,598,195,85,31,1,5,1,
13,19,841,319,19,12,1,5,1,
13,21,522,372,52,13,1,5,1,
13,22,195,218,63,44,1,5,1,
13,23,711,26,31,28,1,5,1,
13,24,177,168,75,26,1,5,1,
13,25,920,360,18,13,1,5,1,
13,26,826,341,36,15,1,5,1,
13,28,781,174,25,24,1,5,1,
13,29,564,279,8,8,1,5,1,
13,30,274,393,70,22,1,5,1,
13,31,292,301,133,31,1,5,1,
13,32,421,166,33,20,1,5,1,
13,33,639,157,23,23,1,5,1,
13,35,640,348,46,16,1,5,1,
13,36,556,211,17,15,1,5,1,
14,1,253,358,18,27,1,5,1,
14,3,386,521,77,21,1,5,1,
14,4,95,370,43,9,1,5,1,
14,5,848,114,43,35,1,5,1,
14,6,671,59,102,39,1,5,1,
14,7,853,433,30,11,1,5,1,
14,8,82,508,71,23,1,5,1,
14,9,791,99,105,55,1,5,1,
14,10,594,141,18,20,1,5,1,
14,11,745,225,65,24,1,5,1,
14,12,193,380,60,21,1,5,1,
14,14,79,425,103,32,1,5,1,
14,15,633,70,17,21,1,5,1,
14,17,199,373,94,27,1,5,1,
14,18,601,196,92,30,1,5,1,
14,19,841,318,18,12,1,5,1,
14,21,529,371,51,13,1,5,1,
14,22,200,222,65,42,1,5,1,
14,23,715,28,28,28,1,5,1,
14,24,172,165,73,27,1,5,1,
14,25,920,359,18,14,1,5,1,
14,26,823,341,36,14,1,5,1,
14,28,781,176,21,23,1,5,1,
14,29,564,279,8,8,1,5,1,
14,30,278,394,72,21,1,5,1,
14,31,305,301,130,31,1,5,1,
14,32,424,169,31,18,1,5,1,
14,33,642,159,22,22,1,5,1,
14,35,643,348,50,16,1,5,1,
14,36,556,212,20,15,1,5,1,
15,1,251,361,23,25,1,5,1,
15,3,395,520,75,21,1,5,1,
15,4,102,370,40,9,1,5,1,
15,5,852,115,45,35,1,5,1,
15,6,682,61,99,38,1,5,1,
15,7,858,432,28,11,1,5,1,
15,8,90,510,63,22,1,5,1,
15,9,796,102,105,55,1,5,1,
15,10,597,142,16,21,1,5,1,
15,11,743,226,55,24,1,5,1,
15,12,193,381,67,21,1,5,1,
15,14,89,426,104,32,1,5,1,
15,15,635,72,16,20,1,5,1,
15,17,208,374,92,27,1,5,1,
15,18,609,197,90,30,1,5,1,
15,19,840,318,18,12,1,5,1,
15,21,537,371,47,13,1,5,1,
15,22,206,226,66,40,1,5,1,
15,23,718,29,26,29,1,5,1,
15,24,166,161,72,29,1,5,1,
15,25,919,359,18,13,1,5,1,
15,26,820,340,36,15,1,5,1,
15,28,782,178,21,22,1,5,1,
15,29,564,279,8,8,1,5,1,
15,30,283,395,73,21,1,5,1,
15,31,317,300,128,31,1,5,1,
15,32,427,170,28,18,1,5,1,
15,33,645,160,22,22,1,5,1,
15,35,647,348,53,16,1,5,1,
15,36,555,213,24,15,1,5,1,
16,1,249,363,29,24,1,5,1,
16,3,403,518,73,21,1,5,1,
16,4,109,369,37,9,1,5,1,
16,5,855,117,46,34,1,5,1,
16,6,692,62,97,38,1,5,1,
16,7,863,431,27,12,1,5,1,
16,8,98,509,54,26,1,5,1,
16,9,803,106,105,52,1,5,1,
16,10,599,144,16,20,1,5,1,
16,11,742,228,45,23,1,5,1,
16,12,195,384,73,19,1,5,1,
16,14,100,427,104,33,1,5,1,
16,15,637,73,15,21,1,5,1,
16,17,215,374,93,27,1,5,1,
16,18,618,198,87,29,1,5,1,
16,19,839,317,18,12,1,5,1,
16,21,544,370,44,13,1,5,1,
16,22,213,230,65,38,1,5,1,
16,23,721,31,24,29,1,5,1,
16,24,162,158,68,29,1,5,1,
16,25,919,358,18,13,1,5,1,
16,26,818,339,36,15,1,5,1,
16,28,785,180,20,20,1,5,1,
16,29,564,279,8,7,1,5,1,
16,30,287,395,76,22,1,5,1,
16,31,329,300,125,31,1,5,1,
16,32,430,171,26,18,1,5,1,
16,33,648,161,21,22,1,5,1,
16,35,655,347,47,16,1,5,1,
16,36,555,214,27,15,1,5,1,
17,1,249,366,37,22,1,5,1,
17,3,411,517,71,21,1,5,1,
17,4,115,369,34,9,1,5,1,
17,5,866,118,34,35,1,5,1,
17,6,702,63,95,38,1,5,1,
17,7,867,431,26,11,1,5,1,
17,8,106,509,43,29,1,5,1,
17,9,812,107,101,52,1,5,1,
17,10,601,146,16,19,1,5,1,
17,11,742,229,35,23,1,5,1,
17,12,197,385,79,19,1,5,1,
17,14,110,428,105,33,1,5,1,
17,15,639,75,14,20,1,5,1,
17,17,222,375,94,27,1,5,1,
17,18,622,199,95,29,1,5,1,
17,19,838,317,18,12,1,5,1,
17,21,552,369,39,13,1,5,1,
17,22,219,235,65,34,1,5,1,
17,23,724,33,21,29,1,5,1,
17,24,158,155,65,28,1,5,1,
17,25,919,357,17,13,1,5,1,
17,26,815,339,36,14,1,5,1,
17,28,786,182,23,19,1,5,1,
17,29,563,279,8,7,1,5,1,
17,30,292,396,77,21,1,5,1,
17,31,341,300,122,30,1,5,1,
17,32,433,172,23,18,1,5,1,
17,33,650,163,22,21,1,5,1,
17,35,663,347,40,15,1,5,1,
17,36,556,216,29,14,1,5,1,
18,1,250,368,43,20,1,5,1,
18,3,418,515,71,22,1,5,1,
18,4,121,369,30,9,1,5,1,
18,5,866,118,34,37,1,5,1,
18,6,707,67,104,35,1,5,1,
18,7,871,430,25,11,1,5,1,
18,8,111,509,38,33,1,5,1,
18,9,820,109,101,52,1,5,1,
18,10,603,147,16,20,1,5,1,
18,11,740,231,29,22,1,5,1,
18,12,200,385,83,19,1,5,1,
18,14,119,429,108,34,1,5,1,
18,15,641,76,13,21,1,5,1,
18,17,228,375,97,28,1,5,1,
18,18,629,199,95,29,1,5,1,
18,19,837,317,18,11,1,5,1,
18,21,559,368,35,13,1,5,1,
18,22,226,238,64,32,1,5,1,
18,23,726,35,23,28,1,5,1,
18,24,154,152,61,28,1,5,1,
18,25,918,356,18,13,1,5,1,
18,26,812,338,36,14,1,5,1,
18,28,785,183,31,18,1,5,1,
18,29,563,279,8,7,1,5,1,
18,30,297,396,79,22,1,5,1,
18,31,353,299,119,30,1,5,1,
18,32,436,173,20,18,1,5,1,
18,33,653,164,21,21,1,5,1,
18,35,670,346,33,15,1,5,1,
18,36,558,217,29,13,1,5,1,
19,1,251,370,51,19,1,5,1,
19,3,426,514,68,21,1,5,1,
19,4,127,369,25,9,1,5,1,
19,5,866,119,35,38,1,5,1,
19,6,712,69,114,33,1,5,1,
19,7,875,429,24,11,1,5,1,
19,8,112,512,40,31,1,5,1,
19,9,828,111,100,51,1,5,1,
19,10,605,149,15,19,1,5,1,
19,11,740,233,22,20,1,5,1,
19,12,205,385,86,19,1,5,1,
19,14,130,430,109,34,1,5,1,
19,15,642,78,12,20,1,5,1,
19,17,235,376,98,27,1,5,1,
19,18,637,200,94,29,1,5,1,
19,19,837,316,17,12,1,5,1,
19,21,564,367,33,13,1,5,1,
19,22,233,242,63,29,1,5,1,
19,23,728,36,23,28,1,5,1,
19,24,152,149,56,28,1,5,1,
19,25,917,356,18,12,1,5,1,
19,26,810,337,35,14,1,5,1,
19,28,787,184,33,18,1,5,1,
19,29,563,279,8,7,1,5,1,
19,30,303,396,80,22,1,5,1,
19,31,364,299,116,30,1,5,1,
19,32,438,174,18,18,1,5,1,
19,33,656,165,20,21,1,5,1,
19,35,676,345,27,15,1,5,1,
19,36,561,217,28,13,1,5,1,
20,1,254,372,57,17,1,5,1,
20,3,434,512,66,22,1,5,1,
20,4,132,369,21,10,1,5,1,
20,5,868,122,34,37,1,5,1,
20,6,721,69,116,33,1,5,1,
20,7,879,428,23,11,1,5,1,
20,8,112,515,44,28,1,5,1,
20,9,835,113,100,50,1,5,1,
20,10,608,150,13,19,1,5,1,
20,11,740,234,22,19,1,5,1,
20,12,211,385,87,19,1,5,1,
20,14,140,432,111,33,1,5,1,
20,15,644,80,10,20,1,5,1,
20,17,243,376,98,28,1,5,1,
20,18,645,200,93,29,1,5,1,
20,19,836,316,17,11,1,5,1,
20,21,571,366,27,13,1,5,1,
20,22,240,245,61,26,1,5,1,
20,23,730,38,22,28,1,5,1,
20,24,151,146,49,28,1,5,1,
20,25,917,355,18,12,1,5,1,
20,26,807,337,35,13,1,5,1,
20,28,791,185,34,17,1,5,1,
20,29,562,278,8,8,1,5,1,
20,30,309,397,80,21,1,5,1,
20,31,375,299,114,29,1,5,1,
20,32,441,175,14,18,1,5,1,
20,33,658,166,20,20,1,5,1,
20,35,679,344,26,16,1,5,1,
20,36,564,218,27,13,1,5,1,
21,1,258,373,62,17,1,5,1,
21,2,770,0,12,7,1,5,1,
21,3,441,510,65,22,1,5,1,
21,4,136,369,17,10,1,5,1,
21,5,869,124,34,36,1,5,1,
21,6,732,70,115,33,1,5,1,
21,7,883,427,21,11,1,5,1,
21,8,113,518,47,25,1,5,1,
21,9,844,115,98,49,1,5,1,
21,10,610,152,13,18,1,5,1,
21,11,742,235,21,18,1,5,1,
21,12,218,385,85,19,1,5,1,
21,14,150,433,113,34,1,5,1,
21,15,644,82,10,20,1,5,1,
21,17,250,377,100,27,1,5,1,
21,18,654,201,91,28,1,5,1,
21,19,835,315,17,12,1,5,1,
21,21,577,365,21,13,1,5,1,
21,22,248,247,58,25,1,5,1,
21,23,733,40,20,28,1,5,1,
21,24,151,144,42,26,1,5,1,
21,25,916,354,18,12,1,5,1,
21,26,804,336,36,14,1,5,1,
21,28,796,186,32,17,1,5,1,
21,29,562,278,7,7,1,5,1,
21,30,315,397,81,22,1,5,1,
21,31,386,299,111,29,1,5,1,
21,32,443,176,12,17,1,5,1,
21,33,661,168,19,19,1,5,1,
21,35,683,343,24,16,1,5,1,
21,36,567,218,26,13,1,5,1,
22,1,263,373,66,17,1,5,1,
22,2,771,0,12,9,1,5,1,
22,3,448,508,64,22,1,5,1,
22,4,140,370,14,10,1,5,1,
22,5,871,126,33,35,1,5,1,
22,6,741,69,122,32,1,5,1,
22,7,886,426,21,11,1,5,1,
22,8,119,518,38,26,1,5,1,
22,9,852,116,97,48,1,5,1,
22,10,611,153,13,18,1,5,1,
22,11,745,236,20,17,1,5,1,
22,12,225,385,82,20,1,5,1,
22,14,161,434,115,34,1,5,1,
22,15,643,83,10,21,1,5,1,
22,17,257,377,101,28,1,5,1,
22,18,662,201,90,28,1,5,1,
22,19,834,315,17,11,1,5,1,
22,21,582,363,16,14,1,5,1,
22,22,255,250,55,22,1,5,1,
22,23,735,42,19,28,1,5,1,
22,24,152,141,33,25,1,5,1,
22,25,915,353,19,13,1,5,1,
22,26,802,335,35,14,1,5,1,
22,28,800,187,32,16,1,5,1,
22,29,561,278,8,7,1,5,1,
22,30,321,397,82,22,1,5,1,
22,31,397,298,107,29,1,5,1,
22,32,443,178,12,16,1,5,1,
22,33,665,169,17,19,1,5,1,
22,35,686,343,23,15,1,5,1,
22,36,570,218,24,13,1,5,1,
23,1,269,373,69,17,1,5,1,
23,2,773,0,11,12,1,5,1,
23,3,455,507,62,22,1,5,1,
23,4,141,370,13,11,1,5,1,
23,5,873,128,32,34,1,5,1,
23,6,752,69,122,32,1,5,1,
23,7,890,425,19,11,1,5,1,
23,8,126,517,31,27,1,5,1,
23,9,860,118,96,47,1,5,1,
23,10,613,155,13,17,1,5,1,
23,11,747,236,21,17,1,5,1,
23,12,232,386,78,19,1,5,1,
23,14,172,435,117,34,1,5,1,
23,15,643,85,9,20,1,5,1,
23,17,265,377,102,28,1,5,1,
23,18,671,201,88,28,1,5,1,
23,19,833,315,17,11,1,5,1,
23,21,586,363,13,13,1,5,1,
23,22,262,252,51,21,1,5,1,
23,23,736,44,19,27,1,5,1,
23,24,153,139,26,24,1,5,1,
23,25,914,353,19,12,1,5,1,
23,26,799,335,35,13,1,5,1,
23,28,806,187,28,17,1,5,1,
23,29,561,278,7,7,1,5,1,
23,30,327,398,82,21,1,5,1,
23,31,408,298,104,29,1,5,1,
23,32,442,179,12,16,1,5,1,
23,33,669,171,15,18,1,5,1,
23,35,688,342,24,15,1,5,1,
23,36,573,218,23,13,1,5,1,
24,1,275,373,72,17,1,5,1,
24,2,774,0,12,14,1,5,1,
24,3,462,505,61,22,1,5,1,
24,4,140,370,13,12,1,5,1,
24,5,874,130,33,34,1,5,1,
24,6,764,69,121,32,1,5,1,
24,7,895,424,14,11,1,5,1,
24,8,130,517,26,27,1,5,1,
24,9,869,119,90,47,1,5,1,
24,10,614,156,13,17,1,5,1,
24,11,748,237,23,16,1,5,1,
24,12,239,386,73,20,1,5,1,
24,14,184,436,118,35,1,5,1,
24,15,642,87,10,20,1,5,1,
24,17,273,378,103,28,1,5,1,
24,18,679,202,86,28,1,5,1,
24,19,833,314,17,12,1,5,1,
24,21,589,362,11,12,1,5,1,
24,22,267,254,49,18,1,5,1,
24,23,738,46,18,27,1,5,1,
24,24,152,138,23,20,1,5,1,
24,25,913,352,20,12,1,5,1,
24,26,799,334,31,13,1,5,1,
24,28,810,188,28,16,1,5,1,
24,29,561,277,7,7,1,5,1,
24,30,333,398,83,22,1,5,1,
24,31,418,298,101,28,1,5,1,
24,32,441,180,13,16,1,5,1,
24,33,671,172,15,18,1,5,1,
24,35,691,342,23,15,1,5,1,
24,36,576,218,21,13,1,5,1,
25,1,283,373,72,16,1,5,1,
25,2,775,0,12,16,1,5,1,
25,3,469,503,59,22,1,5,1,
25,4,139,370,12,13,1,5,1,
25,5,876,132,32,33,1,5,1,
25,6,777,69,118,32,1,5,1,
25,7,895,422,15,12,1,5,1,
25,8,129,518,25,26,1,5,1,
25,9,877,120,82,47,1,5,1,
25,10,616,157,13,18,1,5,1,
25,11,751,237,22,16,1,5,1,
25,12,244,387,73,20,1,5,1,
25,14,195,437,120,35,1,5,1,
25,15,642,89,9,19,1,5,1,
25,17,281,378,104,28,1,5,1,
25,18,688,202,83,28,1,5,1,
25,19,832,314,17,11,1,5,1,
25,21,590,361,12,12,1,5,1,
25,22,272,254,46,18,1,5,1,
25,23,740,48,17,27,1,5,1,
25,24,153,137,23,20,1,5,1,
25,25,912,351,20,12,1,5,1,
25,26,798,333,30,14,1,5,1,
25,28,815,189,28,16,1,5,1,
25,29,560,276,8,8,1,5,1,
25,30,339,398,84,22,1,5,1,
25,31,426,297,105,28,1,5,1,
25,32,439,181,15,16,1,5,1,
25,33,673,173,15,18,1,5,1,
25,35,696,341,17,15,1,5,1,
25,36,579,218,19,13,1,5,1,
26,1,292,372,71,16,1,5,1,
26,2,776,0,12,18,1,5,1,
26,3,475,502,58,21,1,5,1,
26,4,135,371,14,14,1,5,1,
26,5,877,133,32,33,1,5,1,
26,6,789,69,117,32,1,5,1,
26,7,895,420,15,12,1,5,1,
26,8,128,519,23,25,1,5,1,
26,9,883,122,77,46,1,5,1,
26,10,617,159,13,17,1,5,1,
26,11,754,237,21,16,1,5,1,
26,12,249,387,74,20,1,5,1,
26,14,207,439,120,35,1,5,1,
26,15,641,91,9,19,1,5,1,
26,17,289,379,104,28,1,5,1,
26,18,696,203,81,27,1,5,1,
26,19,832,314,16,11,1,5,1,
26,21,591,360,11,12,1,5,1,
26,22,276,254,46,17,1,5,1,
26,23,741,50,18,26,1,5,1,
26,24,154,135,23,20,1,5,1,
26,25,911,350,21,12,1,5,1,
26,26,796,333,30,13,1,5,1,
26,28,821,190,26,16,1,5,1,
26,29,560,276,7,7,1,5,1,
26,30,346,398,84,22,1,5,1,
26,31,434,297,108,27,1,5,1,
26,32,437,182,18,15,1,5,1,
26,33,674,174,15,18,1,5,1,
26,35,696,340,17,15,1,5,1,
26,36,582,218,17,13,1,5,1,
27,1,300,371,70,17,1,5,1,
27,2,777,0,12,20,1,5,1,
27,3,482,500,56,22,1,5,1,
27,4,130,372,19,15,1,5,1,
27,5,878,135,32,32,1,5,1,
27,6,800,69,116,32,1,5,1,
27,7,894,419,15,12,1,5,1,
27,8,127,522,22,22,1,5,1,
27,9,890,124,70,45,1,5,1,
27,10,619,160,12,17,1,5,1,
27,11,756,238,21,15,1,5,1,
27,12,254,388,74,20,1,5,1,
27,14,219,440,121,35,1,5,1,
27,15,640,92,9,19,1,5,1,
27,17,297,379,105,28,1,5,1,
27,18,703,203,80,27,1,5,1,
27,19,831,313,16,11,1,5,1,
27,21,591,359,12,12,1,5,1,
27,22,279,254,48,17,1,5,1,
27,23,743,51,16,27,1,5,1,
27,24,155,133,23,21,1,5,1,
27,25,910,350,21,11,1,5,1,
27,26,794,332,30,13,1,5,1,
27,28,825,191,26,16,1,5,1,
27,29,559,275,8,8,1,5,1,
27,30,352,398,84,22,1,5,1,
27,31,443,296,111,28,1,5,1,
27,32,434,183,22,15,1,5,1,
27,33,676,175,15,18,1,5,1,
27,35,695,339,18,15,1,5,1,
27,36,584,219,16,13,1,5,1,
28,1,309,371,69,16,1,5,1,
28,2,778,0,12,22,1,5,1,
28,3,488,498,55,22,1,5,1,
28,4,125,373,22,15,1,5,1,
28,5,881,138,31,30,1,5,1,
28,6,811,69,116,32,1,5,1,
28,7,893,417,15,13,1,5,1,
28,8,126,525,17,19,1,5,1,
28,9,897,125,63,44,1,5,1,
28,10,620,161,12,17,1,5,1,
28,11,759,238,20,16,1,5,1,
28,12,257,388,80,20,1,5,1,
28,14,231,441,122,36,1,5,1,
28,15,640,94,9,19,1,5,1,
28,17,306,379,105,29,1,5,1,
28,18,711,204,78,27,1,5,1,
28,19,830,313,16,11,1,5,1,
28,21,591,358,12,12,1,5,1,
28,22,282,254,51,17,1,5,1,
28,23,744,53,16,27,1,5,1,
28,24,156,132,24,20,1,5,1,
28,25,910,349,19,12,1,5,1,
28,26,792,332,30,13,1,5,1,
28,28,829,192,25,15,1,5,1,
28,29,559,275,7,8,1,5,1,
28,30,359,399,84,21,1,5,1,
28,31,453,296,112,27,1,5,1,
28,32,430,184,27,14,1,5,1,
28,33,678,176,14,17,1,5,1,
28,35,696,338,17,15,1,5,1,
28,36,586,219,15,13,1,5,1,
29,1,317,371,68,16,1,5,1,
29,2,779,2,12,22,1,5,1,
29,3,494,496,54,22,1,5,1,
29,4,122,374,22,16,1,5,1,
29,5,879,140,38,28,1,5,1,
29,6,821,69,116,33,1,5,1,
29,7,891,415,18,14,1,5,1,
29,9,904,127,56,43,1,5,1,
29,10,621,162,13,17,1,5,1,
29,11,761,238,20,16,1,5,1,
29,12,262,387,83,21,1,5,1,
29,13,604,533,37,10,1,5,1,
29,14,243,443,123,36,1,5,1,
29,15,639,96,9,18,1,5,1,
29,17,314,380,106,29,1,5,1,
29,18,714,204,84,28,1,5,1,
29,19,830,313,15,10,1,5,1,
29,21,591,357,12,12,1,5,1,
29,22,283,254,57,18,1,5,1,
29,23,746,55,15,26,1,5,1,
29,24,157,130,24,21,1,5,1,
29,25,909,349,20,11,1,5,1,
29,26,787,331,35,13,1,5,1,
29,28,832,192,25,16,1,5,1,
29,29,558,275,7,8,1,5,1,
29,30,365,399,85,21,1,5,1,
29,31,463,296,111,27,1,5,1,
29,32,426,185,30,14,1,5,1,
29,33,679,177,15,17,1,5,1,
29,34,943,497,16,12,1,5,1,
29,35,696,338,17,14,1,5,1,
29,36,588,219,14,13,1,5,1,
30,1,325,371,68,16,1,5,1,
30,2,780,5,12,21,1,5,1,
30,3,500,495,52,21,1,5,1,
30,4,119,375,21,16,1,5,1,
30,5,878,142,44,27,1,5,1,
30,6,832,70,116,32,1,5,1,
30,7,889,414,21,13,1,5,1,
30,9,910,128,50,43,1,5,1,
30,10,623,164,12,16,1,5,1,
30,11,763,239,20,15,1,5,1,
30,12,268,387,85,20,1,5,1,
30,13,607,531,39,12,1,5,1,
30,14,255,444,125,37,1,5,1,
30,15,638,97,9,18,1,5,1,
30,17,325,381,102,29,1,5,1,
30,18,716,205,92,28,1,5,1,
30,19,829,313,16,10,1,5,1,
30,21,592,356,11,12,1,5,1,
30,22,286,254,59,18,1,5,1,
30,23,747,57,15,26,1,5,1,
30,24,158,128,25,21,1,5,1,
30,25,908,348,21,11,1,5,1,
30,26,782,331,39,12,1,5,1,
30,28,836,193,24,15,1,5,1,
30,29,558,275,7,8,1,5,1,
30,30,372,399,85,22,1,5,1,
30,31,473,296,111,27,1,5,1,
30,32,422,185,34,14,1,5,1,
30,33,681,178,14,17,1,5,1,
30,34,938,494,21,14,1,5,1,
30,35,696,337,17,15,1,5,1,
30,36,590,220,13,12,1,5,1,
31,1,333,372,68,15,1,5,1,
31,2,781,7,12,21,1,5,1,
31,3,506,493,51,21,1,5,1,
31,4,116,376,21,17,1,5,1,
31,5,881,144,45,26,1,5,1,
31,6,842,70,117,32,1,5,1,
31,7,884,412,26,13,1,5,1,
31,9,917,130,43,35,1,5,1,
31,10,624,165,12,15,1,5,1,
31,11,763,239,23,16,1,5,1,
31,12,274,387,87,20,1,5,1,
31,13,611,529,41,14,1,5,1,
31,14,268,446,125,37,1,5,1,
31,15,637,99,9,18,1,5,1,
31,17,331,381,106,29,1,5,1,
31,18,723,206,92,27,1,5,1,
31,19,828,312,17,11,1,5,1,
31,21,592,355,11,12,1,5,1,
31,22,291,253,60,18,1,5,1,
31,23,748,59,15,25,1,5,1,
31,24,160,126,25,21,1,5,1,
31,25,906,347,22,11,1,5,1,
31,26,778,330,40,13,1,5,1,
31,28,839,193,24,15,1,5,1,
31,29,557,275,7,8,1,5,1,
31,30,379,399,85,22,1,5,1,
31,31,483,296,110,27,1,5,1,
31,32,417,186,38,13,1,5,1,
31,33,682,179,14,17,1,5,1,
31,34,934,492,25,16,1,5,1,
31,35,696,336,17,15,1,5,1,
31,36,591,220,13,13,1,5,1,
32,1,341,372,67,15,1,5,1,
32,2,782,9,11,21,1,5,1,
32,3,512,491,49,22,1,5,1,
32,4,113,378,20,16,1,5,1,
32,5,890,144,33,28,1,5,1,
32,6,855,70,105,33,1,5,1,
32,7,880,410,28,14,1,5,1,
32,9,926,130,34,36,1,5,1,
32,10,624,166,13,15,1,5,1,
32,11,762,240,27,16,1,5,1,
32,12,281,387,85,20,1,5,1,
32,13,614,527,43,16,1,5,1,
32,14,280,448,128,36,1,5,1,
32,15,636,100,10,18,1,5,1,
32,17,341,382,103,30,1,5,1,
32,18,731,206,90,28,1,5,1,
32,19,827,312,17,10,1,5,1,
32,21,592,354,11,12,1,5,1,
32,22,296,253,60,18,1,5,1,
32,23,748,60,15,26,1,5,1,
32,24,161,124,26,22,1,5,1,
32,25,905,347,22,11,1,5,1,
32,26,776,330,39,12,1,5,1,
32,28,843,194,22,15,1,5,1,
32,29,556,275,8,7,1,5,1,
32,30,386,399,84,22,1,5,1,
32,31,493,296,109,27,1,5,1,
32,32,413,187,40,12,1,5,1,
32,33,683,180,14,17,1,5,1,
32,34,929,490,30,18,1,5,1,
32,35,696,336,17,14,1,5,1,
32,36,593,220,12,13,1,5,1,
33,1,349,372,67,16,1,5,1,
33,2,783,11,11,21,1,5,1,
33,3,518,489,48,22,1,5,1,
33,4,110,379,20,17,1,5,1,
33,5,893,145,33,28,1,5,1,
33,6,866,70,94,33,1,5,1,
33,7,880,409,23,13,1,5,1,
33,10,625,167,12,15,1,5,1,
33,11,762,241,31,16,1,5,1,
33,12,288,387,85,19,1,5,1,
33,13,617,525,46,18,1,5,1,
33,14,293,450,128,37,1,5,1,
33,15,635,102,10,17,1,5,1,
33,17,347,383,108,29,1,5,1,
33,18,739,206,89,28,1,5,1,
33,19,826,312,17,10,1,5,1,
33,21,592,353,11,12,1,5,1,
33,22,301,253,61,18,1,5,1,
33,23,748,62,15,26,1,5,1,
33,24,162,122,27,22,1,5,1,
33,25,903,346,22,11,1,5,1,
33,26,773,329,38,12,1,5,1,
33,28,846,194,22,15,1,5,1,
33,29,556,275,7,7,1,5,1,
33,30,392,399,85,22,1,5,1,
33,31,503,296,108,27,1,5,1,
33,32,409,187,42,12,1,5,1,
33,33,684,181,15,16,1,5,1,
33,34,925,488,34,20,1,5,1,
33,35,696,335,17,14,1,5,1,
33,36,594,221,11,12,1,5,1,
34,1,356,372,67,16,1,5,1,
34,2,783,13,11,21,1,5,1,
34,3,523,488,47,21,1,5,1,
34,4,107,381,20,17,1,5,1,
34,5,896,146,32,27,1,5,1,
34,6,877,70,83,33,1,5,1,
34,7,880,408,19,13,1,5,1,
34,10,626,168,12,15,1,5,1,
34,11,762,242,35,16,1,5,1,
34,12,294,386,85,19,1,5,1,
34,13,618,523,50,20,1,5,1,
34,14,303,452,134,37,1,5,1,
34,15,634,103,11,18,1,5,1,
34,17,355,383,109,30,1,5,1,
34,18,744,206,96,27,1,5,1,
34,19,825,311,17,11,1,5,1,
34,21,592,352,11,12,1,5,1,
34,22,306,253,61,18,1,5,1,
34,23,747,63,14,27,1,5,1,
34,24,163,120,29,22,1,5,1,
34,25,902,345,22,11,1,5,1,
34,26,771,329,37,12,1,5,1,
34,28,849,195,22,15,1,5,1,
34,29,555,275,7,7,1,5,1,
34,30,399,400,85,21,1,5,1,
34,31,512,296,108,26,1,5,1,
34,32,404,187,45,12,1,5,1,
34,33,686,182,14,16,1,5,1,
34,34,921,485,38,22,1,5,1,
34,35,697,334,16,14,1,5,1,
34,36,595,221,11,12,1,5,1,
35,1,364,371,67,17,1,5,1,
35,2,783,15,11,22,1,5,1,
35,3,528,486,46,21,1,5,1,
35,4,105,382,19,17,1,5,1,
35,5,899,147,32,27,1,5,1,
35,6,892,71,68,34,1,5,1,
35,7,880,407,16,12,1,5,1,
35,10,627,169,11,15,1,5,1,
35,11,763,243,38,16,1,5,1,
35,12,301,386,85,19,1,5,1,
35,13,620,521,53,22,1,5,1,
35,14,316,453,136,37,1,5,1,
35,15,631,105,14,17,1,5,1,
35,17,364,384,109,30,1,5,1,
35,18,753,206,94,27,1,5,1,
35,19,825,311,16,10,1,5,1,
35,21,591,351,12,12,1,5,1,
35,22,310,253,63,18,1,5,1,
35,23,746,65,14,27,1,5,1,
35,24,165,118,30,22,1,5,1,
35,25,900,345,22,10,1,5,1,
35,26,768,328,37,12,1,5,1,
35,28,851,196,23,14,1,5,1,
35,29,554,275,8,7,1,5,1,
35,30,406,400,85,21,1,5,1,
35,31,522,296,105,26,1,5,1,
35,32,400,187,46,12,1,5,1,
35,33,687,183,14,16,1,5,1,
35,34,917,483,42,21,1,5,1,
35,35,697,334,16,14,1,5,1,
35,36,596,222,11,12,1,5,1,
36,1,372,371,66,16,1,5,1,
36,2,783,17,10,22,1,5,1,
36,3,534,484,44,21,1,5,1,
36,4,102,383,18,18,1,5,1,
36,5,902,148,32,27,1,5,1,
36,6,907,71,53,35,1,5,1,
36,7,879,406,16,12,1,5,1,
36,10,627,170,12,15,1,5,1,
36,11,765,244,40,15,1,5,1,
36,12,308,385,84,19,1,5,1,
36,13,615,517,62,26,1,5,1,
36,14,329,455,139,37,1,5,1,
36,15,628,106,17,17,1,5,1,
36,17,372,384,111,30,1,5,1,
36,18,762,206,92,27,1,5,1,
36,19,824,311,16,10,1,5,1,
36,21,591,351,11,11,1,5,1,
36,22,315,253,64,18,1,5,1,
36,23,744,67,17,27,1,5,1,
36,24,166,115,31,24,1,5,1,
36,25,899,344,22,11,1,5,1,
36,26,765,328,37,12,1,5,1,
36,28,854,196,23,15,1,5,1,
36,29,554,275,7,7,1,5,1,
36,30,413,400,85,21,1,5,1,
36,31,531,295,105,27,1,5,1,
36,32,396,187,47,12,1,5,1,
36,33,688,184,14,15,1,5,1,
36,34,912,481,47,21,1,5,1,
36,35,697,333,16,14,1,5,1,
36,36,597,222,11,12,1,5,1,
37,1,381,371,64,16,1,5,1,
37,2,782,20,11,21,1,5,1,
37,3,539,482,43,21,1,5,1,
37,4,99,385,18,18,1,5,1,
37,5,901,150,40,26,1,5,1,
37,6,921,70,39,38,1,5,1,
37,7,878,405,16,11,1,5,1,
37,10,628,171,11,15,1,5,1,
37,11,769,244,40,15,1,5,1,
37,12,314,385,84,19,1,5,1,
37,13,617,514,65,29,1,5,1,
37,14,343,456,140,37,1,5,1,
37,15,626,107,18,17,1,5,1,
37,17,381,385,111,30,1,5,1,
37,18,770,207,90,26,1,5,1,
37,19,823,310,16,10,1,5,1,
37,21,591,350,11,11,1,5,1,
37,22,320,253,65,18,1,5,1,
37,23,742,69,18,27,1,5,1,
37,24,168,113,33,24,1,5,1,
37,25,897,343,22,11,1,5,1,
37,26,763,327,36,12,1,5,1,
37,28,857,197,23,14,1,5,1,
37,29,553,275,7,7,1,5,1,
37,30,419,400,86,21,1,5,1,
37,31,540,295,105,27,1,5,1,
37,32,392,187,48,12,1,5,1,
37,33,690,184,14,16,1,5,1,
37,34,908,479,51,23,1,5,1,
37,35,697,333,16,13,1,5,1,
37,36,597,222,11,12,1,5,1,
38,1,388,370,65,16,1,5,1,
38,2,782,22,10,21,1,5,1,
38,3,545,482,41,20,1,5,1,
38,4,97,386,17,19,1,5,1,
38,5,905,151,38,25,1,5,1,
38,6,933,69,27,42,1,5,1,
38,7,877,404,16,11,1,5,1,
38,10,628,173,12,14,1,5,1,
38,11,774,243,37,16,1,5,1,
38,12,321,385,83,19,1,5,1,
38,13,623,512,64,30,1,5,1,
38,14,357,457,142,37,1,5,1,
38,15,624,109,18,16,1,5,1,
38,17,390,385,111,31,1,5,1,
38,18,778,207,88,26,1,5,1,
38,19,822,310,16,10,1,5,1,
38,21,591,349,11,11,1,5,1,
38,22,325,253,66,18,1,5,1,
38,23,741,71,17,26,1,5,1,
38,24,170,111,34,24,1,5,1,
38,25,896,343,22,10,1,5,1,
38,26,760,327,36,11,1,5,1,
38,28,861,197,21,14,1,5,1,
38,29,552,275,8,7,1,5,1,
38,30,426,400,85,21,1,5,1,
38,31,550,295,104,27,1,5,1,
38,32,389,187,47,12,1,5,1,
38,33,691,185,14,16,1,5,1,
38,34,904,477,55,25,1,5,1,
38,35,697,332,16,14,1,5,1,
38,36,598,223,11,11,1,5,1,
39,1,396,370,64,16,1,5,1,
39,2,781,24,10,21,1,5,1,
39,3,552,480,37,22,1,5,1,
39,4,94,388,17,19,1,5,1,
39,5,910,152,35,25,1,5,1,
39,6,942,70,18,43,1,5,1,
39,7,874,402,19,12,1,5,1,
39,10,629,174,11,14,1,5,1,
39,11,781,243,32,15,1,5,1,
39,12,328,385,82,19,1,5,1,
39,13,630,510,62,30,1,5,1,
39,14,372,458,143,37,1,5,1,
39,15,622,110,18,16,1,5,1,
39,17,400,386,111,31,1,5,1,
39,18,787,207,85,27,1,5,1,
39,19,821,310,16,10,1,5,1,
39,21,590,348,12,11,1,5,1,
39,22,330,252,67,19,1,5,1,
39,23,739,73,18,26,1,5,1,
39,24,172,109,37,24,1,5,1,
39,25,893,342,23,11,1,5,1,
39,26,757,326,36,12,1,5,1,
39,28,864,198,21,14,1,5,1,
39,29,551,275,8,7,1,5,1,
39,30,433,400,85,21,1,5,1,
39,31,559,295,104,27,1,5,1,
39,32,385,187,47,11,1,5,1,
39,33,691,186,16,15,1,5,1,
39,34,900,475,58,24,1,5,1,
39,35,697,332,15,13,1,5,1,
39,36,598,223,11,12,1,5,1,
40,1,404,369,63,16,1,5,1,
40,2,781,26,10,21,1,5,1,
40,3,559,478,32,23,1,5,1,
40,4,92,390,16,19,1,5,1,
40,5,915,152,30,26,1,5,1,
40,7,870,400,22,12,1,5,1,
40,10,630,175,11,14,1,5,1,
40,11,787,242,28,16,1,5,1,
40,12,334,384,83,19,1,5,1,
40,13,637,509,59,29,1,5,1,
40,14,386,459,145,37,1,5,1,
40,15,619,111,19,16,1,5,1,
40,17,409,386,111,32,1,5,1,
40,18,795,207,83,27,1,5,1,
40,19,821,310,15,9,1,5,1,
40,21,590,347,12,11,1,5,1,
40,22,336,252,67,19,1,5,1,
40,23,738,75,18,25,1,5,1,
40,24,174,107,39,24,1,5,1,
40,25,891,341,24,11,1,5,1,
40,26,755,326,35,11,1,5,1,
40,28,867,198,20,14,1,5,1,
40,29,551,275,7,7,1,5,1,
40,30,440,400,85,21,1,5,1,
40,31,568,295,104,26,1,5,1,
40,32,382,187,47,11,1,5,1,
40,33,690,187,19,15,1,5,1,
40,34,896,473,57,24,1,5,1,
40,35,696,331,16,13,1,5,1,
40,36,599,223,10,12,1,5,1,
41,1,412,369,62,16,1,5,1,
41,2,780,29,10,20,1,5,1,
41,3,563,477,31,23,1,5,1,
41,4,90,391,16,20,1,5,1,
41,5,915,152,30,27,1,5,1,
41,7,870,399,19,12,1,5,1,
41,10,630,176,11,13,1,5,1,
41,11,793,242,23,15,1,5,1,
41,12,341,384,82,19,1,5,1,
41,13,643,507,57,29,1,5,1,
41,14,401,459,146,38,1,5,1,
41,15,617,113,19,16,1,5,1,
41,17,419,386,110,34,1,5,1,
41,18,803,208,80,26,1,5,1,
41,19,820,309,16,10,1,5,1,
41,21,589,347,13,10,1,5,1,
41,22,341,252,68,19,1,5,1,
41,23,736,77,18,25,1,5,1,
41,24,177,105,41,25,1,5,1,
41,25,889,341,24,10,1,5,1,
41,26,752,325,35,12,1,5,1,
41,28,871,199,18,14,1,5,1,
41,29,550,275,8,6,1,5,1,
41,30,447,400,85,21,1,5,1,
41,31,576,295,105,26,1,5,1,
41,32,379,186,46,11,1,5,1,
41,33,690,188,22,15,1,5,1,
41,34,892,472,56,23,1,5,1,
41,35,695,330,16,13,1,5,1,
41,36,599,224,11,11,1,5,1,
42,1,419,369,62,15,1,5,1,
42,2,779,31,10,20,1,5,1,
42,3,568,475,28,23,1,5,1,
42,4,87,393,17,20,1,5,1,
42,5,914,153,30,27,1,5,1,
42,7,866,398,22,11,1,5,1,
42,10,631,177,11,13,1,5,1,
42,11,799,242,19,15,1,5,1,
42,12,347,384,82,19,1,5,1,
42,13,649,505,56,29,1,5,1,
42,14,417,460,147,38,1,5,1,
42,15,615,114,19,16,1,5,1,
42,17,428,387,110,35,1,5,1,
42,18,809,208,81,26,1,5,1,
42,19,819,309,16,10,1,5,1,
42,21,588,346,13,10,1,5,1,
42,22,346,252,69,19,1,5,1,
42,23,735,78,18,25,1,5,1,
42,24,180,103,43,25,1,5,1,
42,25,890,341,19,10,1,5,1,
42,26,750,325,34,11,1,5,1,
42,28,873,199,17,14,1,5,1,
42,29,549,275,8,6,1,5,1,
42,30,454,400,84,21,1,5,1,
42,31,587,295,98,26,1,5,1,
42,32,377,186,43,11,1,5,1,
42,33,692,189,22,14,1,5,1,
42,34,888,470,56,23,1,5,1,
42,35,695,330,16,13,1,5,1,
42,36,599,224,11,11,1,5,1,
43,1,427,369,61,16,1,5,1,
43,2,779,33,10,20,1,5,1,
43,3,572,473,27,23,1,5,1,
43,4,85,395,16,20,1,5,1,
43,5,917,155,29,26,1,5,1,
43,7,866,397,19,11,1,5,1,
43,10,631,178,11,13,1,5,1,
43,11,802,243,18,13,1,5,1,
43,12,354,384,81,18,1,5,1,
43,13,655,503,54,29,1,5,1,
43,14,432,460,148,38,1,5,1,
43,15,612,115,20,16,1,5,1,
43,17,434,389,116,33,1,5,1,
43,18,816,208,81,26,1,5,1,
43,19,818,309,16,9,1,5,1,
43,21,587,345,14,11,1,5,1,
43,22,352,252,69,19,1,5,1,
43,23,733,80,18,25,1,5,1,
43,24,183,100,45,26,1,5,1,
43,25,890,340,15,10,1,5,1,
43,26,748,324,33,12,1,5,1,
43,28,876,200,17,14,1,5,1,
43,29,548,275,8,6,1,5,1,
43,30,461,400,84,21,1,5,1,
43,31,598,295,91,26,1,5,1,
43,32,375,186,41,10,1,5,1,
43,33,696,189,17,15,1,5,1,
43,34,884,468,55,23,1,5,1,
43,35,694,329,16,13,1,5,1,
43,36,600,225,10,11,1,5,1,
44,1,435,368,59,17,1,5,1,
44,2,778,35,10,20,1,5,1,
44,3,575,471,26,23,1,5,1,
44,4,83,396,16,21,1,5,1,
44,5,915,155,30,27,1,5,1,
44,7,866,396,16,11,1,5,1,
44,10,632,179,10,13,1,5,1,
44,11,803,243,18,13,1,5,1,
44,12,360,384,81,18,1,5,1,
44,13,660,501,53,29,1,5,1,
44,14,448,461,148,37,1,5,1,
44,15,610,117,20,15,1,5,1,
44,17,441,391,120,33,1,5,1,
44,18,824,208,78,26,1,5,1,
44,19,818,309,15,9,1,5,1,
44,21,586,345,14,10,1,5,1,
44,22,357,252,70,19,1,5,1,
44,23,732,82,18,24,1,5,1,
44,24,186,98,48,26,1,5,1,
44,25,891,340,12,10,1,5,1,
44,26,746,324,33,11,1,5,1,
44,28,877,201,17,13,1,5,1,
44,29,547,275,8,6,1,5,1,
44,30,469,398,82,21,1,5,1,
44,31,609,295,82,26,1,5,1,
44,32,373,185,39,11,1,5,1,
44,33,698,190,16,15,1,5,1,
44,34,880,466,55,22,1,5,1,
44,35,694,329,16,12,1,5,1,
44,36,600,225,10,11,1,5,1,
45,1,443,368,58,16,1,5,1,
45,2,777,37,10,20,1,5,1,
45,3,579,469,24,23,1,5,1,
45,4,80,398,17,21,1,5,1,
45,5,915,156,29,27,1,5,1,
45,7,865,395,15,11,1,5,1,
45,10,632,180,11,13,1,5,1,
45,11,804,243,18,13,1,5,1,
45,12,367,383,80,18,1,5,1,
45,13,666,499,51,28,1,5,1,
45,14,465,460,146,38,1,5,1,
45,15,608,118,20,15,1,5,1,
45,17,448,392,123,32,1,5,1,
45,18,832,209,75,26,1,5,1,
45,19,816,308,16,10,1,5,1,
45,21,585,344,14,10,1,5,1,
45,22,363,252,70,19,1,5,1,
45,23,730,84,18,24,1,5,1,
45,24,189,96,51,26,1,5,1,
45,25,892,340,12,9,1,5,1,
45,26,744,324,33,11,1,5,1,
45,28,878,201,18,13,1,5,1,
45,29,547,274,8,7,1,5,1,
45,30,476,397,80,21,1,5,1,
45,31,621,295,70,25,1,5,1,
45,32,372,184,36,11,1,5,1,
45,33,700,191,15,14,1,5,1,
45,34,876,464,54,22,1,5,1,
45,35,693,328,16,13,1,5,1,
45,36,599,225,10,12,1,5,1,
46,1,452,367,55,16,1,5,1,
46,2,776,39,10,20,1,5,1,
46,3,583,467,22,23,1,5,1,
46,4,78,400,18,21,1,5,1,
46,5,915,157,28,27,1,5,1,
46,7,864,394,15,10,1,5,1,
46,10,633,181,10,12,1,5,1,
46,11,805,243,18,13,1,5,1,
46,12,374,382,78,19,1,5,1,
46,13,671,497,49,28,1,5,1,
46,14,482,460,144,37,1,5,1,
46,15,605,119,21,15,1,5,1,
46,17,457,393,124,31,1,5,1,
46,18,839,209,73,26,1,5,1,
46,21,584,343,14,10,1,5,1,
46,22,369,252,71,19,1,5,1,
46,23,729,86,18,23,1,5,1,
46,24,193,93,53,27,1,5,1,
46,25,894,340,11,9,1,5,1,
46,26,741,323,33,11,1,5,1,
46,28,879,201,18,14,1,5,1,
46,29,546,274,9,7,1,5,1,
46,30,483,396,79,21,1,5,1,
46,31,632,295,59,25,1,5,1,
46,32,372,183,31,12,1,5,1,
46,33,702,191,15,15,1,5,1,
46,34,872,463,54,21,1,5,1,
46,35,692,328,16,12,1,5,1,
46,36,599,226,10,11,1,5,1,
47,1,460,366,52,17,1,5,1,
47,2,776,41,9,20,1,5,1,
47,3,586,465,20,23,1,5,1,
47,4,76,402,18,21,1,5,1,
47,5,914,159,29,26,1,5,1,
47,7,863,393,15,10,1,5,1,
47,10,633,181,10,13,1,5,1,
47,11,805,243,18,14,1,5,1,
47,12,380,382,78,18,1,5,1,
47,13,677,495,47,28,1,5,1,
47,14,499,459,140,36,1,5,1,
47,15,603,120,20,15,1,5,1,
47,17,468,393,122,31,1,5,1,
47,18,845,209,71,26,1,5,1,
47,21,583,343,15,9,1,5,1,
47,22,374,252,72,19,1,5,1,
47,23,727,87,18,24,1,5,1,
47,24,196,91,56,27,1,5,1,
47,25,894,339,15,10,1,5,1,
47,28,880,202,19,13,1,5,1,
47,29,544,274,10,6,1,5,1,
47,30,490,396,77,20,1,5,1,
47,31,642,294,47,25,1,5,1,
47,32,372,182,27,12,1,5,1,
47,33,704,192,14,14,1,5,1,
47,34,868,461,54,21,1,5,1,
47,35,692,327,16,12,1,5,1,
47,36,598,226,10,11,1,5,1,
48,1,467,366,51,16,1,5,1,
48,2,775,43,9,19,1,5,1,
48,3,589,463,19,23,1,5,1,
48,4,74,403,18,22,1,5,1,
48,5,916,161,28,24,1,5,1,
48,7,862,392,15,10,1,5,1,
48,10,633,182,11,13,1,5,1,
48,11,806,244,18,13,1,5,1,
48,12,387,382,77,18,1,5,1,
48,13,681,493,46,28,1,5,1,
48,14,516,457,137,37,1,5,1,
48,17,479,393,120,31,1,5,1,
48,18,851,210,71,25,1,5,1,
48,21,582,342,15,10,1,5,1,
48,22,380,252,72,19,1,5,1,
48,23,725,89,19,23,1,5,1,
48,24,200,89,59,27,1,5,1,
48,25,896,339,14,9,1,5,1,
48,27,953,427,6,8,1,5,1,
48,28,881,202,20,14,1,5,1,
48,29,543,274,10,6,1,5,1,
48,30,497,395,76,21,1,5,1,
48,31,651,294,38,25,1,5,1,
48,32,372,181,23,12,1,5,1,
48,33,706,193,13,14,1,5,1,
48,34,865,459,52,21,1,5,1,
48,35,691,327,16,12,1,5,1,
49,1,475,365,48,16,1,5,1,
49,2,774,45,10,19,1,5,1,
49,3,591,461,19,22,1,5,1,
49,4,72,405,19,23,1,5,1,
49,5,914,161,28,25,1,5,1,
49,7,861,391,15,10,1,5,1,
49,10,634,183,10,13,1,5,1,
49,11,807,244,17,13,1,5,1,
49,12,393,381,76,18,1,5,1,
49,13,686,491,44,28,1,5,1,
49,14,533,456,132,36,1,5,1,
49,17,490,393,118,31,1,5,1,
49,18,858,210,68,26,1,5,1,
49,21,581,341,15,10,1,5,1,
49,22,386,252,73,19,1,5,1,
49,23,724,91,18,22,1,5,1,
49,24,204,87,62,27,1,5,1,
49,25,898,339,13,9,1,5,1,
49,27,951,425,8,10,1,5,1,
49,28,883,203,18,14,1,5,1,
49,30,504,395,74,20,1,5,1,
49,31,656,294,35,24,1,5,1,
49,32,372,180,19,12,1,5,1,
49,33,707,193,14,15,1,5,1,
49,34,861,458,52,20,1,5,1,
49,35,690,326,16,12,1,5,1,
50,1,482,364,45,16,1,5,1,
50,2,773,47,10,19,1,5,1,
50,3,594,459,17,22,1,5,1,
50,4,71,407,18,23,1,5,1,
50,5,913,162,28,25,1,5,1,
50,7,860,390,15,10,1,5,1,
50,10,634,184,10,12,1,5,1,
50,11,807,244,18,13,1,5,1,
50,12,400,381,75,18,1,5,1,
50,13,691,489,43,28,1,5,1,
50,14,549,454,129,36,1,5,1,
50,17,500,392,117,31,1,5,1,
50,18,865,210,65,26,1,5,1,
50,21,579,341,15,9,1,5,1,
50,22,391,252,74,19,1,5,1,
50,23,722,92,18,23,1,5,1,
50,24,209,84,65,28,1,5,1,
50,25,899,338,12,9,1,5,1,
50,27,949,424,10,12,1,5,1,
50,28,884,203,18,14,1,5,1,
50,30,511,394,72,21,1,5,1,
50,31,660,293,33,24,1,5,1,
50,32,373,179,15,12,1,5,1,
50,33,708,194,14,14,1,5,1,
50,34,860,457,48,20,1,5,1,
50,35,689,326,19,12,1,5,1,
51,1,489,363,43,16,1,5,1,
51,2,772,49,10,19,1,5,1,
51,3,597,457,16,22,1,5,1,
51,4,69,409,19,23,1,5,1,
51,5,914,164,27,24,1,5,1,
51,7,859,389,15,10,1,5,1,
51,10,634,185,10,12,1,5,1,
51,11,808,244,17,13,1,5,1,
51,12,406,380,74,18,1,5,1,
51,13,693,486,46,27,1,5,1,
51,14,565,453,125,35,1,5,1,
51,17,511,392,115,30,1,5,1,
51,18,871,211,64,25,1,5,1,
51,21,576,340,18,9,1,5,1,
51,22,398,252,73,18,1,5,1,
51,23,720,94,19,22,1,5,1,
51,24,214,82,67,28,1,5,1,
51,25,898,337,13,9,1,5,1,
51,27,947,422,12,12,1,5,1,
51,28,886,204,18,14,1,5,1,
51,30,517,394,71,20,1,5,1,
51,31,664,293,31,24,1,5,1,
51,32,372,178,13,12,1,5,1,
51,33,709,195,14,14,1,5,1,
51,34,859,456,45,20,1,5,1,
51,35,685,325,24,12,1,5,1,
52,1,495,363,41,15,1,5,1,
52,2,771,51,10,18,1,5,1,
52,3,599,456,15,21,1,5,1,
52,4,68,411,19,24,1,5,1,
52,5,913,165,27,24,1,5,1,
52,7,858,388,15,10,1,5,1,
52,10,634,186,10,12,1,5,1,
52,11,809,245,17,12,1,5,1,
52,12,413,380,72,17,1,5,1,
52,13,696,485,46,26,1,5,1,
52,14,580,451,122,35,1,5,1,
52,17,521,391,113,30,1,5,1,
52,18,877,211,62,25,1,5,1,
52,20,946,363,13,17,1,5,1,
52,21,573,340,21,9,1,5,1,
52,22,403,252,75,18,1,5,1,
52,23,719,95,18,22,1,5,1,
52,24,219,80,70,28,1,5,1,
52,25,897,336,13,10,1,5,1,
52,27,945,421,14,12,1,5,1,
52,28,887,205,17,13,1,5,1,
52,30,524,393,70,20,1,5,1,
52,31,667,293,30,23,1,5,1,
52,32,372,177,12,12,1,5,1,
52,33,710,195,14,14,1,5,1,
52,34,858,455,42,19,1,5,1,
52,35,681,325,28,11,1,5,1,
53,1,498,362,45,15,1,5,1,
53,2,770,53,10,18,1,5,1,
53,3,601,454,15,21,1,5,1,
53,4,66,413,20,24,1,5,1,
53,5,913,166,27,24,1,5,1,
53,7,856,387,16,10,1,5,1,
53,10,634,187,10,11,1,5,1,
53,11,809,245,17,12,1,5,1,
53,12,419,379,71,18,1,5,1,
53,13,701,483,45,26,1,5,1,
53,14,596,449,117,35,1,5,1,
53,17,532,391,111,30,1,5,1,
53,18,882,212,61,25,1,5,1,
53,20,942,361,17,17,1,5,1,
53,21,570,339,23,9,1,5,1,
53,22,410,251,74,19,1,5,1,
53,23,717,97,19,22,1,5,1,
53,24,224,77,74,30,1,5,1,
53,25,896,336,14,9,1,5,1,
53,27,943,419,16,12,1,5,1,
53,28,888,205,18,14,1,5,1,
53,30,530,392,69,20,1,5,1,
53,31,665,292,38,24,1,5,1,
53,32,372,176,12,12,1,5,1,
53,33,711,196,14,14,1,5,1,
53,34,854,454,44,19,1,5,1,
53,35,678,324,30,12,1,5,1,
54,1,501,361,48,15,1,5,1,
54,2,769,55,10,18,1,5,1,
54,3,603,452,14,21,1,5,1,
54,4,65,415,20,25,1,5,1,
54,5,912,167,26,24,1,5,1,
54,7,855,386,16,10,1,5,1,
54,10,634,187,10,12,1,5,1,
54,11,810,245,17,13,1,5,1,
54,12,425,378,70,18,1,5,1,
54,13,705,481,44,26,1,5,1,
54,14,610,447,115,35,1,5,1,
54,17,541,390,111,30,1,5,1,
54,18,888,212,58,25,1,5,1,
54,20,939,360,20,18,1,5,1,
54,21,568,338,23,9,1,5,1,
54,22,416,251,74,19,1,5,1,
54,23,715,99,19,21,1,5,1,
54,24,230,75,76,30,1,5,1,
54,25,895,335,15,9,1,5,1,
54,27,941,418,18,12,1,5,1,
54,28,889,206,17,13,1,5,1,
54,30,536,392,68,20,1,5,1,
54,31,665,292,45,23,1,5,1,
54,32,372,175,12,13,1,5,1,
54,33,712,197,13,13,1,5,1,
54,34,851,452,44,19,1,5,1,
54,35,676,324,30,11,1,5,1,
55,1,505,361,51,15,1,5,1,
55,2,768,57,10,17,1,5,1,
55,3,605,450,13,21,1,5,1,
55,4,64,418,21,24,1,5,1,
55,5,911,168,26,24,1,5,1,
55,7,853,385,17,10,1,5,1,
55,10,634,188,10,12,1,5,1,
55,11,810,245,17,13,1,5,1,
55,12,431,378,69,18,1,5,1,
55,13,710,480,42,25,1,5,1,
55,14,624,445,112,34,1,5,1,
55,17,551,390,110,29,1,5,1,
55,18,894,212,56,25,1,5,1,
55,20,935,359,24,19,1,5,1,
55,21,565,338,24,9,1,5,1,
55,22,423,251,74,19,1,5,1,
55,23,714,100,18,21,1,5,1,
55,24,236,73,79,30,1,5,1,
55,25,894,335,15,9,1,5,1,
55,27,938,416,21,13,1,5,1,
55,28,889,206,18,14,1,5,1,
55,30,541,391,68,20,1,5,1,
55,31,667,291,51,23,1,5,1,
55,32,371,174,13,13,1,5,1,
55,33,713,197,13,14,1,5,1,
55,34,848,451,44,19,1,5,1,
55,35,673,323,31,12,1,5,1,
56,1,509,361,53,14,1,5,1,
56,2,766,58,11,18,1,5,1,
56,3,606,449,14,20,1,5,1,
56,4,63,420,21,25,1,5,1,
56,5,911,169,26,23,1,5,1,
56,7,852,384,16,10,1,5,1,
56,10,634,189,10,11,1,5,1,
56,11,811,246,16,12,1,5,1,
56,12,436,377,70,18,1,5,1,
56,13,717,478,36,26,1,5,1,
56,14,638,444,109,33,1,5,1,
56,17,561,389,109,30,1,5,1,
56,18,899,213,55,24,1,5,1,
56,20,931,358,28,22,1,5,1,
56,21,562,337,25,9,1,5,1,
56,22,429,251,74,19,1,5,1,
56,23,712,102,19,20,1,5,1,
56,24,242,70,82,31,1,5,1,
56,25,893,334,16,9,1,5,1,
56,27,936,415,22,13,1,5,1,
56,28,890,207,18,13,1,5,1,
56,30,546,390,69,20,1,5,1,
56,31,672,291,50,23,1,5,1,
56,32,372,172,13,14,1,5,1,
56,33,714,198,13,13,1,5,1,
56,34,845,449,44,19,1,5,1,
56,35,671,323,30,11,1,5,1,
57,1,515,360,53,15,1,5,1,
57,2,765,60,11,18,1,5,1,
57,3,607,447,14,20,1,5,1,
57,4,62,422,22,26,1,5,1,
57,5,911,171,25,22,1,5,1,
57,7,850,383,16,10,1,5,1,
57,10,634,190,10,11,1,5,1,
57,11,811,246,17,12,1,5,1,
57,12,442,377,69,17,1,5,1,
57,13,726,476,26,28,1,5,1,
57,14,651,442,106,33,1,5,1,
57,17,571,388,107,30,1,5,1,
57,18,909,213,42,25,1,5,1,
57,20,928,357,31,21,1,5,1,
57,21,560,337,24,9,1,5,1,
57,22,435,251,75,19,1,5,1,
57,23,710,103,19,20,1,5,1,
57,24,249,68,84,31,1,5,1,
57,25,892,334,16,9,1,5,1,
57,27,934,414,22,12,1,5,1,
57,28,891,207,17,14,1,5,1,
57,30,552,390,68,19,1,5,1,
57,31,677,291,49,22,1,5,1,
57,32,372,171,13,14,1,5,1,
57,33,714,198,13,14,1,5,1,
57,34,842,448,43,18,1,5,1,
57,35,668,322,31,11,1,5,1,
58,1,522,360,52,15,1,5,1,
58,2,764,62,11,17,1,5,1,
58,3,608,446,14,19,1,5,1,
58,4,61,424,22,26,1,5,1,
58,5,910,172,26,22,1,5,1,
58,7,848,382,17,10,1,5,1,
58,10,634,190,9,11,1,5,1,
58,11,811,246,17,12,1,5,1,
58,12,448,376,67,18,1,5,1,
58,13,732,474,22,29,1,5,1,
58,14,664,440,103,33,1,5,1,
58,17,580,388,106,29,1,5,1,
58,18,916,214,34,25,1,5,1,
58,20,924,356,35,21,1,5,1,
58,21,557,337,25,8,1,5,1,
58,22,441,251,75,19,1,5,1,
58,23,708,104,19,21,1,5,1,
58,24,255,66,88,31,1,5,1,
58,25,891,333,16,9,1,5,1,
58,27,932,412,22,13,1,5,1,
58,28,892,208,17,13,1,5,1,
58,30,558,389,67,20,1,5,1,
58,31,682,291,47,22,1,5,1,
58,32,372,170,13,14,1,5,1,
58,33,715,199,13,13,1,5,1,
58,34,839,446,43,19,1,5,1,
58,35,665,322,31,11,1,5,1,
59,1,529,360,50,14,1,5,1,
59,2,763,64,11,17,1,5,1,
59,3,610,444,14,19,1,5,1,
59,4,61,427,22,26,1,5,1,
59,5,909,172,25,23,1,5,1,
59,7,847,381,16,9,1,5,1,
59,10,634,191,9,11,1,5,1,
59,11,812,246,16,12,1,5,1,
59,12,454,376,66,17,1,5,1,
59,13,734,472,21,29,1,5,1,
59,14,677,438,100,33,1,5,1,
59,17,590,387,104,29,1,5,1,
59,18,916,214,34,25,1,5,1,
59,20,920,355,39,20,1,5,1,
59,21,554,336,26,8,1,5,1,
59,22,448,251,74,19,1,5,1,
59,23,707,106,19,20,1,5,1,
59,24,263,63,90,32,1,5,1,
59,25,890,333,16,9,1,5,1,
59,27,929,411,23,12,1,5,1,
59,28,892,208,17,14,1,5,1,
59,30,564,389,66,19,1,5,1,
59,31,687,291,45,21,1,5,1,
59,32,373,169,13,14,1,5,1,
59,33,716,200,12,13,1,5,1,
59,34,836,445,43,18,1,5,1,
59,35,663,321,31,11,1,5,1,
60,1,536,359,49,15,1,5,1,
60,2,761,65,11,17,1,5,1,
60,3,612,443,13,19,1,5,1,
60,4,60,429,23,27,1,5,1,
60,5,908,173,25,22,1,5,1,
60,7,845,381,17,8,1,5,1,
60,10,634,192,9,11,1,5,1,
60,11,812,247,16,11,1,5,1,
60,12,460,375,65,17,1,5,1,
60,13,736,470,21,28,1,5,1,
60,14,690,437,97,32,1,5,1,
60,17,600,387,102,29,1,5,1,
60,18,914,214,34,26,1,5,1,
60,20,917,354,42,20,1,5,1,
60,21,551,336,26,8,1,5,1,
60,22,454,251,74,19,1,5,1,
60,23,705,107,19,20,1,5,1,
60,24,270,61,94,32,1,5,1,
60,25,888,332,19,9,1,5,1,
60,27,927,410,22,12,1,5,1,
60,28,893,209,16,13,1,5,1,
60,30,570,388,65,19,1,5,1,
60,31,692,290,43,22,1,5,1,
60,32,373,168,14,14,1,5,1,
60,33,716,200,13,13,1,5,1,
60,34,833,444,43,17,1,5,1,
60,35,660,321,31,11,1,5,1,
61,1,542,359,48,14,1,5,1,
61,2,760,67,11,17,1,5,1,
61,3,613,441,13,19,1,5,1,
61,4,60,431,23,28,1,5,1,
61,5,907,175,25,21,1,5,1,
61,7,843,380,17,8,1,5,1,
61,10,633,193,10,10,1,5,1,
61,11,812,247,16,11,1,5,1,
61,12,466,375,63,17,1,5,1,
61,13,738,468,21,28,1,5,1,
61,14,702,435,94,32,1,5,1,
61,17,609,386,101,29,1,5,1,
61,18,912,215,33,26,1,5,1,
61,20,913,353,46,20,1,5,1,
61,21,548,335,27,8,1,5,1,
61,22,460,251,75,19,1,5,1,
61,23,703,109,19,19,1,5,1,
61,24,277,59,97,32,1,5,1,
61,25,885,331,21,10,1,5,1,
61,27,925,409,22,11,1,5,1,
61,28,893,209,16,13,1,5,1,
61,30,575,387,65,20,1,5,1,
61,31,696,290,42,22,1,5,1,
61,32,374,167,14,14,1,5,1,
61,33,717,201,12,13,1,5,1,
61,34,830,442,43,18,1,5,1,
61,35,657,321,32,10,1,5,1,
62,1,549,358,46,15,1,5,1,
62,2,759,69,11,16,1,5,1,
62,3,613,439,13,19,1,5,1,
62,4,60,434,23,28,1,5,1,
62,5,906,175,25,22,1,5,1,
62,7,841,379,18,8,1,5,1,
62,10,633,193,9,11,1,5,1,
62,11,812,247,16,11,1,5,1,
62,12,471,374,63,17,1,5,1,
62,13,740,466,20,28,1,5,1,
62,14,714,433,92,32,1,5,1,
62,17,619,386,99,28,1,5,1,
62,18,911,215,32,26,1,5,1,
62,20,910,352,49,20,1,5,1,
62,21,545,335,27,8,1,5,1,
62,22,467,251,74,19,1,5,1,
62,23,701,110,20,19,1,5,1,
62,24,285,57,100,32,1,5,1,
62,25,880,331,26,9,1,5,1,
62,27,922,407,23,12,1,5,1,
62,28,893,210,16,13,1,5,1,
62,30,581,387,63,19,1,5,1,
62,31,701,290,40,21,1,5,1,
62,32,375,166,14,14,1,5,1,
62,33,717,201,12,13,1,5,1,
62,35,655,320,31,11,1,5,1,
63,1,555,358,45,14,1,5,1,
63,2,757,70,12,17,1,5,1,
63,3,613,438,14,18,1,5,1,
63,4,60,436,23,29,1,5,1,
63,5,905,176,25,22,1,5,1,
63,7,839,378,18,9,1,5,1,
63,10,633,194,9,10,1,5,1,
63,11,812,247,16,12,1,5,1,
63,12,477,374,61,17,1,5,1,
63,13,741,464,20,27,1,5,1,
63,14,725,431,90,32,1,5,1,
63,17,624,386,106,28,1,5,1,
63,18,909,216,33,26,1,5,1,
63,20,906,351,52,19,1,5,1,
63,21,542,335,28,8,1,5,1,
63,22,473,251,74,18,1,5,1,
63,23,699,111,20,19,1,5,1,
63,24,293,54,103,33,1,5,1,
63,25,876,330,29,9,1,5,1,
63,27,920,406,23,11,1,5,1,
63,28,893,210,16,13,1,5,1,
63,30,587,386,62,19,1,5,1,
63,31,704,290,41,21,1,5,1,
63,32,376,165,14,14,1,5,1,
63,33,717,202,13,12,1,5,1,
63,35,652,320,32,10,1,5,1,
64,1,563,357,41,15,1,5,1,
64,2,756,72,11,16,1,5,1,
64,3,612,436,16,19,1,5,1,
64,4,60,439,24,29,1,5,1,
64,5,904,177,25,21,1,5,1,
64,7,837,377,18,9,1,5,1,
64,10,632,195,9,10,1,5,1,
64,11,813,247,15,12,1,5,1,
64,12,483,373,59,17,1,5,1,
64,13,743,462,20,27,1,5,1,
64,14,735,430,91,31,1,5,1,
64,17,631,386,112,29,1,5,1,
64,18,908,217,32,25,1,5,1,
64,20,903,350,51,19,1,5,1,
64,21,538,335,29,7,1,5,1,
64,22,480,250,72,19,1,5,1,
64,23,697,113,20,18,1,5,1,
64,24,302,52,106,33,1,5,1,
64,25,872,330,31,9,1,5,1,
64,27,917,405,23,11,1,5,1,
64,28,893,211,16,13,1,5,1,
64,30,593,386,60,19,1,5,1,
64,31,708,290,40,20,1,5,1,
64,32,376,164,16,14,1,5,1,
64,33,718,203,13,11,1,5,1,
64,35,649,319,32,11,1,5,1,
65,1,569,357,39,14,1,5,1,
65,2,754,74,12,16,1,5,1,
65,3,611,434,19,19,1,5,1,
65,4,60,441,25,30,1,5,1,
65,5,903,178,25,21,1,5,1,
65,7,835,376,18,9,1,5,1,
65,10,631,195,9,11,1,5,1,
65,11,813,248,15,11,1,5,1,
65,12,488,373,58,16,1,5,1,
65,13,744,460,20,27,1,5,1,
65,14,744,429,93,31,1,5,1,
65,17,639,386,114,29,1,5,1,
65,18,907,218,32,24,1,5,1,
65,20,899,349,51,19,1,5,1,
65,21,535,334,29,8,1,5,1,
65,22,487,250,71,18,1,5,1,
65,23,696,114,19,18,1,5,1,
65,24,310,50,110,33,1,5,1,
65,25,869,330,31,8,1,5,1,
65,27,915,404,23,11,1,5,1,
65,28,893,211,16,13,1,5,1,
65,30,598,385,59,19,1,5,1,
65,31,712,289,38,21,1,5,1,
65,32,376,162,17,15,1,5,1,
65,33,719,203,12,12,1,5,1,
65,35,646,319,32,10,1,5,1,
66,1,575,356,37,14,1,5,1,
66,2,753,75,12,16,1,5,1,
66,3,607,432,24,19,1,5,1,
66,4,61,444,25,30,1,5,1,
66,5,902,179,25,21,1,5,1,
66,7,833,375,19,9,1,5,1,
66,10,630,196,10,11,1,5,1,
66,11,813,248,15,11,1,5,1,
66,12,494,372,57,17,1,5,1,
66,13,745,458,20,27,1,5,1,
66,14,755,428,92,31,1,5,1,
66,17,649,386,113,29,1,5,1,
66,18,905,218,32,25,1,5,1,
66,20,896,348,50,19,1,5,1,
66,21,531,334,30,8,1,5,1,
66,22,493,250,72,17,1,5,1,
66,24,319,48,113,33,1,5,1,
66,25,866,329,30,9,1,5,1,
66,27,913,402,22,11,1,5,1,
66,28,893,212,16,12,1,5,1,
66,30,603,384,59,19,1,5,1,
66,31,716,289,37,21,1,5,1,
66,32,377,161,18,15,1,5,1,
66,33,719,204,12,11,1,5,1,
66,35,643,319,33,10,1,5,1,
67,1,580,356,36,14,1,5,1,
67,2,751,77,12,15,1,5,1,
67,3,603,431,29,18,1,5,1,
67,4,61,447,26,31,1,5,1,
67,5,901,180,25,20,1,5,1,
67,7,831,374,19,9,1,5,1,
67,10,629,197,11,11,1,5,1,
67,11,813,248,15,11,1,5,1,
67,12,496,372,61,16,1,5,1,
67,13,746,457,20,26,1,5,1,
67,14,766,427,90,30,1,5,1,
67,17,658,386,113,29,1,5,1,
67,18,904,219,32,24,1,5,1,
67,20,892,347,51,19,1,5,1,
67,21,528,334,30,7,1,5,1,
67,22,500,250,71,18,1,5,1,
67,24,328,46,117,33,1,5,1,
67,27,910,401,23,11,1,5,1,
67,28,893,212,16,13,1,5,1,
67,30,608,384,58,19,1,5,1,
67,31,720,289,36,20,1,5,1,
67,32,378,160,20,15,1,5,1,
67,33,719,204,12,12,1,5,1,
67,35,641,318,32,11,1,5,1,
68,1,584,355,37,14,1,5,1,
68,2,750,78,12,16,1,5,1,
68,3,600,430,31,17,1,5,1,
68,4,62,450,26,31,1,5,1,
68,5,899,181,26,20,1,5,1,
68,7,830,374,18,8,1,5,1,
68,10,628,198,11,10,1,5,1,
68,11,813,248,15,11,1,5,1,
68,12,499,371,63,17,1,5,1,
68,13,747,455,20,26,1,5,1,
68,14,777,425,88,30,1,5,1,
68,17,668,386,112,29,1,5,1,
68,18,902,220,32,23,1,5,1,
68,20,889,346,50,18,1,5,1,
68,21,524,334,31,7,1,5,1,
68,22,506,251,72,18,1,5,1,
68,24,338,43,120,35,1,5,1,
68,27,908,400,23,11,1,5,1,
68,28,893,213,15,12,1,5,1,
68,30,613,383,57,19,1,5,1,
68,31,723,289,35,20,1,5,1,
68,32,379,159,21,15,1,5,1,
68,33,719,205,12,11,1,5,1,
68,35,638,318,32,10,1,5,1,
69,1,588,355,38,14,1,5,1,
69,2,748,80,13,15,1,5,1,
69,3,597,428,33,17,1,5,1,
69,4,63,452,26,33,1,5,1,
69,5,898,182,25,20,1,5,1,
69,7,828,373,18,8,1,5,1,
69,10,626,199,11,10,1,5,1,
69,11,813,248,15,11,1,5,1,
69,12,502,371,66,17,1,5,1,
69,13,748,453,20,26,1,5,1,
69,14,787,424,86,30,1,5,1,
69,17,678,386,110,29,1,5,1,
69,18,901,220,32,24,1,5,1,
69,20,886,345,49,18,1,5,1,
69,21,520,334,32,7,1,5,1,
69,22,513,251,71,18,1,5,1,
69,24,347,41,124,35,1,5,1,
69,27,905,399,23,11,1,5,1,
69,28,893,214,15,12,1,5,1,
69,30,618,383,57,18,1,5,1,
69,31,727,289,34,20,1,5,1,
69,32,380,158,23,15,1,5,1,
69,33,719,205,12,12,1,5,1,
69,35,635,318,33,10,1,5,1,
70,1,592,354,38,14,1,5,1,
70,2,747,81,12,16,1,5,1,
70,3,593,427,35,17,1,5,1,
70,4,65,455,26,33,1,5,1,
70,5,897,183,25,19,1,5,1,
70,7,826,372,18,8,1,5,1,
70,10,625,199,11,10,1,5,1,
70,11,813,249,15,10,1,5,1,
70,12,506,371,67,16,1,5,1,
70,13,749,451,19,26,1,5,1,
70,14,798,423,84,29,1,5,1,
70,17,688,385,109,29,1,5,1,
70,18,900,221,31,23,1,5,1,
70,20,882,344,49,18,1,5,1,
70,21,516,334,32,7,1,5,1,
70,22,519,251,71,18,1,5,1,
70,24,357,40,127,34,1,5,1,
70,27,903,398,23,10,1,5,1,
70,28,892,214,16,12,1,5,1,
70,30,623,382,56,19,1,5,1,
70,31,730,289,33,19,1,5,1,
70,32,381,157,25,15,1,5,1,
70,33,719,206,12,11,1,5,1,
70,35,632,317,33,10,1,5,1,
71,1,597,354,38,14,1,5,1,
71,3,590,426,35,16,1,5,1,
71,4,66,458,27,34,1,5,1,
71,5,895,184,26,19,1,5,1,
71,7,824,371,18,8,1,5,1,
71,10,623,200,12,10,1,5,1,
71,11,813,249,15,10,1,5,1,
71,12,512,370,66,17,1,5,1,
71,13,750,450,19,25,1,5,1,
71,14,808,421,82,29,1,5,1,
71,17,698,385,108,29,1,5,1,
71,18,898,222,31,22,1,5,1,
71,20,879,344,49,17,1,5,1,
71,21,511,334,33,7,1,5,1,
71,22,526,251,70,18,1,5,1,
71,24,368,38,130,34,1,5,1,
71,27,900,397,23,10,1,5,1,
71,28,892,215,15,11,1,5,1,
71,30,628,382,54,18,1,5,1,
71,31,733,288,32,20,1,5,1,
71,32,382,155,27,16,1,5,1,
71,33,718,206,12,12,1,5,1,
71,35,629,317,33,10,1,5,1,
72,1,601,353,38,14,1,5,1,
72,3,587,424,36,16,1,5,1,
72,4,68,461,27,34,1,5,1,
72,5,894,185,25,19,1,5,1,
72,7,822,371,18,8,1,5,1,
72,10,621,200,13,10,1,5,1,
72,11,812,249,15,10,1,5,1,
72,12,517,370,66,17,1,5,1,
72,13,751,448,18,25,1,5,1,
72,14,818,420,80,29,1,5,1,
72,17,707,385,107,29,1,5,1,
72,18,897,222,31,22,1,5,1,
72,20,876,343,48,17,1,5,1,
72,21,507,334,33,7,1,5,1,
72,22,532,251,69,18,1,5,1,
72,24,379,36,133,35,1,5,1,
72,27,898,396,23,10,1,5,1,
72,28,891,215,16,12,1,5,1,
72,30,633,381,53,18,1,5,1,
72,31,736,288,32,20,1,5,1,
72,32,384,154,28,16,1,5,1,
72,33,718,207,12,11,1,5,1,
72,35,626,317,34,10,1,5,1,
73,1,606,353,37,14,1,5,1,
73,3,583,423,37,16,1,5,1,
73,4,69,464,28,35,1,5,1,
73,5,893,186,25,18,1,5,1,
73,7,820,370,18,8,1,5,1,
73,10,620,201,12,10,1,5,1,
73,11,812,249,15,11,1,5,1,
73,12,523,370,64,16,1,5,1,
73,13,751,446,19,25,1,5,1,
73,14,828,419,77,28,1,5,1,
73,17,716,385,106,28,1,5,1,
73,18,895,223,31,22,1,5,1,
73,20,872,342,48,17,1,5,1,
73,21,503,334,33,7,1,5,1,
73,22,539,251,68,18,1,5,1,
73,24,390,34,136,35,1,5,1,
73,27,896,395,22,10,1,5,1,
73,28,891,215,15,12,1,5,1,
73,30,638,380,52,19,1,5,1,
73,31,740,288,30,19,1,5,1,
73,32,385,153,31,16,1,5,1,
73,33,718,207,12,11,1,5,1,
74,1,611,352,36,14,1,5,1,
74,3,579,422,39,15,1,5,1,
74,4,71,467,28,36,1,5,1,
74,5,891,186,26,19,1,5,1,
74,10,618,202,13,9,1,5,1,
74,11,812,249,14,11,1,5,1,
74,12,528,369,64,17,1,5,1,
74,13,752,444,18,25,1,5,1,
74,14,837,417,76,29,1,5,1,
74,17,725,384,105,29,1,5,1,
74,18,894,223,30,22,1,5,1,
74,20,869,341,48,17,1,5,1,
74,21,499,334,33,7,1,5,1,
74,22,545,251,67,18,1,5,1,
74,24,401,32,140,36,1,5,1,
74,27,893,394,23,10,1,5,1,
74,28,890,216,15,12,1,5,1,
74,30,643,380,51,18,1,5,1,
74,31,743,288,29,19,1,5,1,
74,32,387,152,32,16,1,5,1,
74,33,718,208,11,11,1,5,1,
75,1,615,352,36,13,1,5,1,
75,3,575,421,40,15,1,5,1,
75,4,72,470,30,37,1,5,1,
75,5,890,187,25,19,1,5,1,
75,10,616,202,14,10,1,5,1,
75,11,812,249,14,11,1,5,1,
75,12,533,369,63,17,1,5,1,
75,13,753,443,17,24,1,5,1,
75,14,846,416,74,28,1,5,1,
75,17,734,384,104,28,1,5,1,
75,18,892,224,31,21,1,5,1,
75,20,867,341,46,16,1,5,1,
75,21,495,334,33,7,1,5,1,
75,22,551,251,66,18,1,5,1,
75,24,412,31,143,35,1,5,1,
75,27,891,393,23,10,1,5,1,
75,28,890,216,15,12,1,5,1,
75,30,648,380,50,18,1,5,1,
75,31,746,288,27,19,1,5,1,
75,32,389,151,34,16,1,5,1,
75,33,717,209,12,10,1,5,1,
76,1,620,351,35,14,1,5,1,
76,3,571,420,41,14,1,5,1,
76,4,74,474,31,37,1,5,1,
76,5,888,188,26,18,1,5,1,
76,10,615,203,13,9,1,5,1,
76,11,812,250,14,10,1,5,1,
76,12,539,369,62,16,1,5,1,
76,13,753,442,18,23,1,5,1,
76,14,855,415,72,27,1,5,1,
76,17,744,384,102,28,1,5,1,
76,18,891,225,30,21,1,5,1,
76,20,865,341,46,16,1,5,1,
76,21,491,334,32,8,1,5,1,
76,22,557,252,65,17,1,5,1,
76,24,424,29,146,36,1,5,1,
76,27,889,392,22,9,1,5,1,
76,28,889,217,15,11,1,5,1,
76,30,654,380,47,17,1,5,1,
76,31,749,288,26,18,1,5,1,
76,32,391,149,36,17,1,5,1,
76,33,717,209,11,11,1,5,1,
77,1,625,351,34,13,1,5,1,
77,3,566,419,43,14,1,5,1,
77,4,76,477,32,38,1,5,1,
77,5,887,189,25,18,1,5,1,
77,10,613,203,14,10,1,5,1,
77,11,811,250,14,10,1,5,1,
77,12,545,369,60,16,1,5,1,
77,13,753,440,18,23,1,5,1,
77,14,864,413,70,28,1,5,1,
77,17,755,382,94,28,1,5,1,
77,18,889,225,30,21,1,5,1,
77,20,863,341,46,15,1,5,1,
77,21,487,334,31,8,1,5,1,
77,22,564,252,63,17,1,5,1,
77,24,437,27,148,37,1,5,1,
77,27,886,391,23,9,1,5,1,
77,28,889,217,14,12,1,5,1,
77,30,660,379,44,17,1,5,1,
77,31,752,288,25,18,1,5,1,
77,32,393,148,39,17,1,5,1,
77,33,717,210,11,10,1,5,1,
78,1,630,350,32,14,1,5,1,
78,3,561,418,44,13,1,5,1,
78,4,78,481,34,38,1,5,1,
78,5,885,190,26,17,1,5,1,
78,10,611,204,14,9,1,5,1,
78,11,811,250,14,10,1,5,1,
78,12,552,369,56,16,1,5,1,
78,13,754,438,17,24,1,5,1,
78,14,874,411,64,28,1,5,1,
78,17,766,381,87,28,1,5,1,
78,18,888,226,30,20,1,5,1,
78,20,860,340,48,15,1,5,1,
78,21,484,334,29,8,1,5,1,
78,22,570,252,62,17,1,5,1,
78,24,450,26,150,37,1,5,1,
78,27,884,390,22,9,1,5,1,
78,28,888,218,14,11,1,5,1,
78,30,665,378,42,17,1,5,1,
78,31,755,287,24,19,1,5,1,
78,32,396,147,40,17,1,5,1,
78,33,715,210,12,11,1,5,1,
79,1,634,350,31,13,1,5,1,
79,3,556,417,45,12,1,5,1,
79,4,80,484,35,39,1,5,1,
79,5,883,190,26,18,1,5,1,
79,11,811,250,14,10,1,5,1,
79,12,559,368,52,17,1,5,1,
79,13,753,437,19,23,1,5,1,
79,14,883,410,60,27,1,5,1,
79,17,773,380,87,28,1,5,1,
79,18,886,226,30,20,1,5,1,
79,20,858,340,47,15,1,5,1,
79,21,482,335,27,7,1,5,1,
79,22,576,252,60,17,1,5,1,
79,24,462,25,153,37,1,5,1,
79,27,884,389,19,9,1,5,1,
79,28,887,218,14,11,1,5,1,
79,30,670,377,39,18,1,5,1,
79,31,758,287,23,18,1,5,1,
79,32,398,146,42,17,1,5,1,
79,33,714,211,14,10,1,5,1,
80,1,639,349,29,13,1,5,1,
80,3,551,417,46,11,1,5,1,
80,4,82,488,37,40,1,5,1,
80,5,882,191,26,17,1,5,1,
80,6,948,159,11,15,1,5,1,
80,11,810,250,14,10,1,5,1,
80,12,565,368,48,16,1,5,1,
80,13,753,435,19,23,1,5,1,
80,14,890,408,59,28,1,5,1,
80,17,780,380,86,27,1,5,1,
80,18,885,227,29,20,1,5,1,
80,20,855,339,47,15,1,5,1,
80,21,479,335,25,8,1,5,1,
80,22,582,252,59,17,1,5,1,
80,24,475,23,155,38,1,5,1,
80,27,883,388,16,9,1,5,1,
80,28,886,219,14,11,1,5,1,
80,30,674,377,38,17,1,5,1,
80,31,760,287,22,18,1,5,1,
80,32,401,145,44,17,1,5,1,
80,33,712,211,16,11,1,5,1,
81,1,644,349,26,13,1,5,1,
81,3,546,416,46,12,1,5,1,
81,4,85,491,39,41,1,5,1,
81,5,880,192,26,17,1,5,1,
81,6,947,158,12,17,1,5,1,
81,11,810,250,13,10,1,5,1,
81,12,571,367,45,16,1,5,1,
81,13,753,433,19,23,1,5,1,
81,14,897,407,57,27,1,5,1,
81,17,788,379,85,27,1,5,1,
81,18,883,227,30,20,1,5,1,
81,20,852,339,47,14,1,5,1,
81,21,477,335,23,8,1,5,1,
81,22,589,252,55,17,1,5,1,
81,24,489,22,156,38,1,5,1,
81,27,882,387,14,9,1,5,1,
81,28,886,219,13,11,1,5,1,
81,30,678,376,36,17,1,5,1,
81,31,761,287,23,18,1,5,1,
81,32,404,143,46,18,1,5,1,
81,33,708,212,20,11,1,5,1,
82,1,648,348,25,13,1,5,1,
82,3,541,416,46,11,1,5,1,
82,4,88,495,40,42,1,5,1,
82,5,878,193,26,17,1,5,1,
82,6,946,159,13,17,1,5,1,
82,11,809,251,14,9,1,5,1,
82,12,576,367,43,15,1,5,1,
82,13,753,432,19,22,1,5,1,
82,14,904,406,55,26,1,5,1,
82,17,796,379,83,26,1,5,1,
82,18,881,228,30,19,1,5,1,
82,20,849,338,47,14,1,5,1,
82,21,476,336,20,7,1,5,1,
82,22,594,251,53,17,1,5,1,
82,24,503,21,157,38,1,5,1,
82,27,881,386,13,9,1,5,1,
82,28,885,220,13,10,1,5,1,
82,30,682,375,35,17,1,5,1,
82,31,763,287,22,17,1,5,1,
82,32,407,142,48,18,1,5,1,
82,33,705,212,21,11,1,5,1,
83,1,651,347,24,13,1,5,1,
83,3,538,416,45,11,1,5,1,
83,4,92,499,41,42,1,5,1,
83,5,877,194,26,16,1,5,1,
83,6,944,158,15,19,1,5,1,
83,11,809,251,13,10,1,5,1,
83,12,580,366,42,16,1,5,1,
83,13,753,430,16,22,1,5,1,
83,14,911,404,49,27,1,5,1,
83,17,803,378,82,27,1,5,1,
83,18,880,228,30,19,1,5,1,
83,20,846,337,46,14,1,5,1,
83,21,475,336,17,8,1,5,1,
83,22,599,251,52,17,1,5,1,
83,24,517,20,159,38,1,5,1,
83,27,880,385,13,9,1,5,1,
83,28,884,220,14,11,1,5,1,
83,30,685,374,34,17,1,5,1,
83,31,764,287,22,17,1,5,1,
83,32,411,141,49,18,1,5,1,
83,33,703,213,21,10,1,5,1,
84,1,655,347,23,12,1,5,1,
84,3,533,415,46,12,1,5,1,
84,4,95,503,44,40,1,5,1,
84,5,875,194,26,17,1,5,1,
84,6,943,159,16,19,1,5,1,
84,11,808,251,13,10,1,5,1,
84,12,584,365,41,16,1,5,1,
84,13,753,429,16,21,1,5,1,
84,14,918,403,42,26,1,5,1,
84,17,811,378,81,26,1,5,1,
84,18,878,229,30,19,1,5,1,
84,20,843,337,46,13,1,5,1,
84,21,474,336,14,9,1,5,1,
84,22,604,252,51,16,1,5,1,
84,24,531,19,160,38,1,5,1,
84,27,879,385,14,8,1,5,1,
84,28,883,221,14,10,1,5,1,
84,30,689,374,33,16,1,5,1,
84,31,765,287,22,17,1,5,1,
84,32,414,140,52,17,1,5,1,
84,33,701,213,21,11,1,5,1,
85,1,658,346,23,13,1,5,1,
85,3,530,415,45,11,1,5,1,
85,4,99,507,45,36,1,5,1,
85,5,873,195,26,16,1,5,1,
85,6,941,160,18,19,1,5,1,
85,11,807,251,14,10,1,5,1,
85,12,588,365,39,15,1,5,1,
85,13,754,428,17,19,1,5,1,
85,14,924,402,36,25,1,5,1,
85,17,818,377,80,26,1,5,1,
85,18,876,229,30,19,1,5,1,
85,20,839,336,47,14,1,5,1,
85,21,474,337,11,8,1,5,1,
85,22,609,252,49,16,1,5,1,
85,24,546,18,160,39,1,5,1,
85,27,878,384,14,8,1,5,1,
85,28,882,221,14,10,1,5,1,
85,30,692,373,32,17,1,5,1,
85,31,766,286,22,17,1,5,1,
85,32,418,139,54,17,1,5,1,
85,33,699,214,21,10,1,5,1,
86,1,661,345,22,13,1,5,1,
86,3,527,414,44,12,1,5,1,
86,4,103,511,47,33,1,5,1,
86,5,872,196,25,16,1,5,1,
86,6,939,160,20,20,1,5,1,
86,11,807,251,13,10,1,5,1,
86,12,592,364,38,15,1,5,1,
86,13,755,426,17,19,1,5,1,
86,14,931,400,29,26,1,5,1,
86,17,825,376,79,27,1,5,1,
86,18,875,230,29,18,1,5,1,
86,20,836,335,47,14,1,5,1,
86,21,473,337,9,9,1,5,1,
86,22,614,252,48,16,1,5,1,
86,24,561,17,160,39,1,5,1,
86,27,876,383,15,8,1,5,1,
86,28,881,221,14,11,1,5,1,
86,30,695,372,31,17,1,5,1,
86,31,768,286,21,17,1,5,1,
86,32,421,138,56,17,1,5,1,
86,33,695,214,24,11,1,5,1,
87,1,664,345,21,12,1,5,1,
87,3,525,414,42,11,1,5,1,
87,4,108,515,48,29,1,5,1,
87,5,870,196,26,16,1,5,1,
87,6,938,161,21,20,1,5,1,
87,11,805,251,15,10,1,5,1,
87,12,596,364,36,15,1,5,1,
87,13,757,425,16,18,1,5,1,
87,14,937,404,23,20,1,5,1,
87,17,833,376,76,26,1,5,1,
87,18,873,230,29,18,1,5,1,
87,20,833,335,47,13,1,5,1,
87,21,473,338,8,9,1,5,1,
87,22,619,252,46,16,1,5,1,
87,24,576,16,160,40,1,5,1,
87,27,875,382,15,8,1,5,1,
87,28,880,222,14,10,1,5,1,
87,30,698,371,30,17,1,5,1,
87,31,769,286,21,17,1,5,1,
87,32,425,136,58,19,1,5,1,
87,33,691,215,27,10,1,5,1,
88,1,667,344,21,12,1,5,1,
88,3,523,413,40,12,1,5,1,
88,4,112,520,51,24,1,5,1,
88,5,868,197,26,16,1,5,1,
88,6,936,162,23,20,1,5,1,
88,11,803,252,17,10,1,5,1,
88,12,600,363,35,15,1,5,1,
88,13,758,424,17,18,1,5,1,
88,14,943,405,17,15,1,5,1,
88,17,839,375,76,26,1,5,1,
88,18,871,231,29,17,1,5,1,
88,20,829,334,47,13,1,5,1,
88,21,472,338,9,9,1,5,1,
88,22,624,252,44,16,1,5,1,
88,24,591,15,161,41,1,5,1,
88,27,873,381,15,9,1,5,1,
88,28,878,222,15,10,1,5,1,
88,30,701,371,29,16,1,5,1,
88,31,770,286,21,17,1,5,1,
88,32,429,135,60,19,1,5,1,
88,33,688,215,28,10,1,5,1,
89,1,670,344,20,12,1,5,1,
89,3,522,412,38,12,1,5,1,
89,4,118,524,52,20,1,5,1,
89,5,866,198,26,15,1,5,1,
89,6,935,163,24,20,1,5,1,
89,11,801,252,18,10,1,5,1,
89,12,603,362,34,15,1,5,1,
89,13,759,423,17,17,1,5,1,
89,17,846,375,75,25,1,5,1,
89,18,870,231,29,18,1,5,1,
89,20,826,333,47,13,1,5,1,
89,21,472,339,9,9,1,5,1,
89,22,628,252,43,16,1,5,1,
89,24,606,15,160,40,1,5,1,
89,27,871,380,16,9,1,5,1,
89,28,877,223,15,10,1,5,1,
89,30,704,370,28,16,1,5,1,
89,31,771,286,21,16,1,5,1,
89,32,434,134,62,19,1,5,1,
90,1,673,343,19,12,1,5,1,
90,3,521,412,35,12,1,5,1,
90,4,123,528,52,16,1,5,1,
90,5,863,198,28,16,1,5,1,
90,6,933,163,26,21,1,5,1,
90,11,799,252,19,11,1,5,1,
90,12,607,362,32,14,1,5,1,
90,13,761,421,16,18,1,5,1,
90,17,852,374,74,26,1,5,1,
90,18,867,231,30,19,1,5,1,
90,20,822,332,48,14,1,5,1,
90,21,472,340,9,9,1,5,1,
90,22,633,252,41,16,1,5,1,
90,24,620,14,161,41,1,5,1,
90,27,870,380,16,8,1,5,1,
90,28,875,223,16,10,1,5,1,
90,30,707,369,27,17,1,5,1,
90,31,772,286,21,16,1,5,1,
90,32,438,133,64,19,1,5,1,
91,1,675,343,19,11,1,5,1,
91,3,521,411,31,13,1,5,1,
91,5,861,199,28,15,1,5,1,
91,6,931,162,28,23,1,5,1,
91,11,796,253,21,10,1,5,1,
91,12,610,361,31,14,1,5,1,
91,13,762,420,16,18,1,5,1,
91,17,858,374,74,25,1,5,1,
91,18,865,232,29,18,1,5,1,
91,20,822,332,43,13,1,5,1,
91,21,472,340,10,9,1,5,1,
91,22,637,252,40,16,1,5,1,
91,24,634,14,162,41,1,5,1,
91,27,868,379,16,8,1,5,1,
91,28,874,224,16,10,1,5,1,
91,30,709,368,27,17,1,5,1,
91,31,772,286,21,16,1,5,1,
91,32,442,132,67,19,1,5,1,
92,1,678,342,18,11,1,5,1,
92,3,522,410,27,14,1,5,1,
92,5,859,200,28,15,1,5,1,
92,6,929,164,29,22,1,5,1,
92,11,794,253,21,10,1,5,1,
92,12,613,360,30,15,1,5,1,
92,13,763,419,16,18,1,5,1,
92,17,865,373,72,25,1,5,1,
92,18,864,233,27,17,1,5,1,
92,20,823,331,36,13,1,5,1,
92,21,472,341,11,9,1,5,1,
92,22,641,253,39,15,1,5,1,
92,24,648,14,163,41,1,5,1,
92,28,872,224,16,10,1,5,1,
92,30,712,368,25,16,1,5,1,
92,31,773,285,21,17,1,5,1,
92,32,447,131,68,19,1,5,1,
93,1,680,341,17,12,1,5,1,
93,3,522,409,23,14,1,5,1,
93,5,857,201,28,15,1,5,1,
93,6,928,165,28,21,1,5,1,
93,11,793,253,19,10,1,5,1,
93,12,616,360,28,14,1,5,1,
93,13,764,418,16,18,1,5,1,
93,17,870,372,73,26,1,5,1,
93,18,862,233,29,18,1,5,1,
93,20,824,331,29,13,1,5,1,
93,21,472,341,13,10,1,5,1,
93,22,644,253,40,15,1,5,1,
93,24,662,13,163,42,1,5,1,
93,28,871,225,16,9,1,5,1,
93,30,714,367,25,16,1,5,1,
93,31,774,285,20,16,1,5,1,
93,32,451,130,71,19,1,5,1,
94,1,682,341,17,11,1,5,1,
94,3,523,408,19,15,1,5,1,
94,5,854,201,28,15,1,5,1,
94,6,926,166,28,21,1,5,1,
94,11,791,254,19,9,1,5,1,
94,12,619,359,27,14,1,5,1,
94,13,764,417,17,18,1,5,1,
94,17,877,372,71,25,1,5,1,
94,18,860,234,30,17,1,5,1,
94,20,824,331,24,12,1,5,1,
94,21,472,342,15,9,1,5,1,
94,22,646,253,43,15,1,5,1,
94,24,677,13,163,42,1,5,1,
94,28,869,225,16,10,1,5,1,
94,30,717,366,23,16,1,5,1,
94,31,775,285,20,16,1,5,1,
94,32,457,129,72,19,1,5,1,
95,1,684,340,18,11,1,5,1,
95,3,524,407,14,15,1,5,1,
95,5,852,202,28,14,1,5,1,
95,6,924,167,28,21,1,5,1,
95,11,790,254,18,9,1,5,1,
95,12,621,358,27,14,1,5,1,
95,13,765,416,16,17,1,5,1,
95,17,883,371,70,25,1,5,1,
95,18,858,234,30,17,1,5,1,
95,20,824,330,18,13,1,5,1,
95,21,472,342,18,10,1,5,1,
95,22,647,253,46,16,1,5,1,
95,24,692,13,162,42,1,5,1,
95,28,868,225,16,10,1,5,1,
95,30,719,365,23,16,1,5,1,
95,31,775,285,21,16,1,5,1,
95,32,462,128,74,19,1,5,1,
96,1,685,340,19,11,1,5,1,
96,3,525,406,10,15,1,5,1,
96,5,850,203,28,14,1,5,1,
96,6,923,168,28,21,1,5,1,
96,11,788,254,18,9,1,5,1,
96,12,624,358,26,14,1,5,1,
96,13,766,415,16,17,1,5,1,
96,17,890,371,68,25,1,5,1,
96,18,856,234,30,17,1,5,1,
96,20,825,330,15,12,1,5,1,
96,21,473,343,19,9,1,5,1,
96,22,649,254,49,16,1,5,1,
96,24,709,13,160,42,1,5,1,
96,28,866,226,16,9,1,5,1,
96,30,722,365,21,16,1,5,1,
96,31,775,285,20,15,1,5,1,
96,32,468,127,75,19,1,5,1,
97,1,687,339,19,11,1,5,1,
97,3,524,405,11,15,1,5,1,
97,5,848,203,28,14,1,5,1,
97,6,921,169,28,21,1,5,1,
97,11,787,254,17,10,1,5,1,
97,12,626,356,27,15,1,5,1,
97,13,767,413,15,18,1,5,1,
97,17,895,370,64,25,1,5,1,
97,18,853,235,31,16,1,5,1,
97,20,825,329,16,13,1,5,1,
97,21,475,343,20,10,1,5,1,
97,22,651,255,51,16,1,5,1,
97,24,723,13,160,42,1,5,1,
97,28,865,226,16,10,1,5,1,
97,30,724,364,20,16,1,5,1,
97,31,777,285,20,15,1,5,1,
97,32,473,126,78,20,1,5,1,
98,1,689,339,20,10,1,5,1,
98,3,521,404,15,15,1,5,1,
98,5,846,204,28,14,1,5,1,
98,6,919,170,28,20,1,5,1,
98,11,785,254,17,10,1,5,1,
98,12,628,356,25,14,1,5,1,
98,13,767,412,16,18,1,5,1,
98,17,901,370,59,24,1,5,1,
98,18,851,235,30,16,1,5,1,
98,20,826,329,15,12,1,5,1,
98,21,476,343,22,10,1,5,1,
98,22,654,255,53,16,1,5,1,
98,24,738,13,159,43,1,5,1,
98,28,863,226,16,10,1,5,1,
98,30,726,363,20,16,1,5,1,
98,31,780,285,19,15,1,5,1,
98,32,479,125,79,20,1,5,1,
99,1,692,338,18,10,1,5,1,
99,3,518,403,19,14,1,5,1,
99,5,844,204,27,14,1,5,1,
99,6,917,171,28,20,1,5,1,
99,11,783,254,18,10,1,5,1,
99,12,630,355,26,14,1,5,1,
99,13,768,411,16,17,1,5,1,
99,17,908,369,52,24,1,5,1,
99,18,849,236,30,16,1,5,1,
99,20,825,328,15,13,1,5,1,
99,21,478,343,23,10,1,5,1,
99,22,658,255,53,16,1,5,1,
99,24,755,14,156,42,1,5,1,
99,28,861,227,16,9,1,5,1,
99,30,728,363,19,15,1,5,1,
99,31,781,285,19,15,1,5,1,
99,32,486,124,80,20,1,5,1,
100,1,695,337,16,10,1,5,1,
100,3,515,401,23,15,1,5,1,
100,5,841,205,28,14,1,5,1,
100,6,916,172,27,20,1,5,1,
100,12,632,354,26,14,1,5,1,
100,13,768,410,16,17,1,5,1,
100,17,913,369,47,24,1,5,1,
100,18,847,236,30,16,1,5,1,
100,20,824,328,17,12,1,5,1,
100,21,480,343,24,11,1,5,1,
100,22,662,255,52,16,1,5,1,
100,24,769,14,155,42,1,5,1,
100,28,860,227,16,9,1,5,1,
100,30,730,362,18,15,1,5,1,
100,31,781,285,20,14,1,5,1,
100,32,492,123,81,20,1,5,1,
101,1,697,336,15,10,1,5,1,
101,3,511,400,27,15,1,5,1,
101,5,839,205,29,14,1,5,1,
101,6,914,173,28,20,1,5,1,
101,12,634,354,24,13,1,5,1,
101,13,769,409,15,17,1,5,1,
101,17,918,368,42,24,1,5,1,
101,18,845,236,30,16,1,5,1,
101,20,823,328,20,11,1,5,1,
101,21,482,344,25,10,1,5,1,
101,22,666,255,52,16,1,5,1,
101,24,781,14,157,43,1,5,1,
101,28,858,228,17,9,1,5,1,
101,30,732,361,18,16,1,5,1,
101,31,782,284,19,15,1,5,1,
101,32,497,123,84,20,1,5,1,
102,1,700,334,12,11,1,5,1,
102,5,837,206,29,13,1,5,1,
102,6,912,174,28,19,1,5,1,
102,12,638,353,21,14,1,5,1,
102,13,769,408,16,17,1,5,1,
102,17,923,369,37,23,1,5,1,
102,18,843,237,30,15,1,5,1,
102,20,819,327,26,12,1,5,1,
102,21,484,344,27,11,1,5,1,
102,22,671,255,50,16,1,5,1,
102,24,796,15,155,42,1,5,1,
102,28,856,228,17,9,1,5,1,
102,30,734,361,17,15,1,5,1,
102,31,782,284,20,15,1,5,1,
102,32,503,122,86,20,1,5,1,
103,1,701,333,11,11,1,5,1,
103,5,835,207,28,13,1,5,1,
103,6,910,175,28,19,1,5,1,
103,12,641,352,19,14,1,5,1,
103,13,769,407,16,16,1,5,1,
103,17,929,370,31,21,1,5,1,
103,18,840,237,31,15,1,5,1,
103,20,814,327,33,11,1,5,1,
103,21,486,345,28,11,1,5,1,
103,22,676,255,47,16,1,5,1,
103,24,812,15,147,42,1,5,1,
103,28,855,228,16,9,1,5,1,
103,30,735,360,16,15,1,5,1,
103,31,783,284,19,15,1,5,1,
103,32,510,121,86,20,1,5,1,
104,1,701,332,11,11,1,5,1,
104,5,833,207,28,13,1,5,1,
104,6,908,176,28,19,1,5,1,
104,12,643,351,17,14,1,5,1,
104,13,769,406,15,17,1,5,1,
104,17,934,373,26,15,1,5,1,
104,18,838,237,31,16,1,5,1,
104,20,809,326,39,12,1,5,1,
104,21,488,345,30,11,1,5,1,
104,22,680,256,46,15,1,5,1,
104,24,825,15,135,43,1,5,1,
104,28,853,229,17,8,1,5,1,
104,30,735,360,16,15,1,5,1,
104,31,783,284,19,15,1,5,1,
104,32,516,120,88,21,1,5,1,
105,1,700,331,12,11,1,5,1,
105,5,830,208,29,13,1,5,1,
105,6,907,177,27,19,1,5,1,
105,12,646,351,14,13,1,5,1,
105,13,769,405,15,17,1,5,1,
105,18,836,238,31,15,1,5,1,
105,20,804,326,44,11,1,5,1,
105,21,490,346,32,11,1,5,1,
105,22,684,256,44,15,1,5,1,
105,24,838,16,122,42,1,5,1,
105,28,851,229,17,9,1,5,1,
105,30,734,359,17,15,1,5,1,
105,31,783,284,19,14,1,5,1,
105,32,523,120,89,20,1,5,1,
106,1,699,331,12,10,1,5,1,
106,5,828,208,29,13,1,5,1,
106,6,905,178,27,18,1,5,1,
106,12,647,350,14,14,1,5,1,
106,13,768,404,16,17,1,5,1,
106,18,834,238,30,15,1,5,1,
106,20,802,326,44,11,1,5,1,
106,21,493,346,33,12,1,5,1,
106,22,688,256,43,15,1,5,1,
106,24,851,17,109,42,1,5,1,
106,28,850,229,16,9,1,5,1,
106,30,733,358,19,15,1,5,1,
106,31,782,284,19,14,1,5,1,
106,32,529,119,91,20,1,5,1,
107,1,699,330,12,10,1,5,1,
107,5,826,209,29,12,1,5,1,
107,6,903,179,27,18,1,5,1,
107,12,648,349,13,14,1,5,1,
107,13,768,403,17,16,1,5,1,
107,18,831,238,31,15,1,5,1,
107,20,799,325,43,11,1,5,1,
107,21,496,347,34,11,1,5,1,
107,22,693,256,40,15,1,5,1,
107,24,868,17,92,43,1,5,1,
107,28,849,230,14,9,1,5,1,
107,30,732,357,21,15,1,5,1,
107,31,782,284,19,14,1,5,1,
107,32,537,118,91,21,1,5,1,
108,1,699,330,12,10,1,5,1,
108,5,824,209,29,13,1,5,1,
108,6,901,180,28,18,1,5,1,
108,12,648,348,13,14,1,5,1,
108,13,767,402,19,16,1,5,1,
108,18,829,239,31,14,1,5,1,
108,20,796,325,44,11,1,5,1,
108,21,498,348,36,11,1,5,1,
108,22,696,256,39,15,1,5,1,
108,24,880,18,80,38,1,5,1,
108,28,848,230,12,9,1,5,1,
108,30,731,356,21,15,1,5,1,
108,31,782,284,19,14,1,5,1,
108,32,544,118,92,20,1,5,1,
109,1,699,329,11,10,1,5,1,
109,5,822,210,28,12,1,5,1,
109,6,899,181,28,17,1,5,1,
109,12,648,348,13,14,1,5,1,
109,13,766,401,20,16,1,5,1,
109,18,827,239,31,14,1,5,1,
109,20,793,324,44,11,1,5,1,
109,21,501,348,38,12,1,5,1,
109,22,699,256,38,15,1,5,1,
109,24,892,19,68,24,1,5,1,
109,28,848,231,10,9,1,5,1,
109,30,730,355,21,15,1,5,1,
109,31,782,284,18,13,1,5,1,
109,32,550,117,94,21,1,5,1,
110,1,700,329,11,10,1,5,1,
110,5,820,210,28,13,1,5,1,
110,6,897,182,28,17,1,5,1,
110,12,649,347,13,14,1,5,1,
110,13,765,400,21,16,1,5,1,
110,18,825,239,31,15,1,5,1,
110,20,790,324,44,11,1,5,1,
110,21,504,349,39,11,1,5,1,
110,22,703,256,37,15,1,5,1,
110,24,906,21,54,20,1,5,1,
110,28,847,231,10,9,1,5,1,
110,30,729,355,21,14,1,5,1,
110,31,782,284,18,13,1,5,1,
110,32,558,116,95,21,1,5,1,
111,1,701,328,10,10,1,5,1,
111,5,818,211,28,12,1,5,1,
111,6,895,182,28,18,1,5,1,
111,12,649,347,13,13,1,5,1,
111,13,764,398,22,17,1,5,1,
111,18,823,239,30,15,1,5,1,
111,20,787,323,44,11,1,5,1,
111,21,508,349,40,12,1,5,1,
111,22,706,256,37,15,1,5,1,
111,29,443,274,8,6,1,5,1,
111,30,728,354,22,15,1,5,1,
111,31,783,284,18,14,1,5,1,
111,32,565,116,96,21,1,5,1,
112,1,701,328,11,10,1,5,1,
112,6,894,183,27,17,1,5,1,
112,12,650,346,12,13,1,5,1,
112,13,762,397,23,17,1,5,1,
112,18,820,240,31,14,1,5,1,
112,20,784,323,44,11,1,5,1,
112,21,511,350,42,11,1,5,1,
112,22,709,256,36,15,1,5,1,
112,29,444,274,8,6,1,5,1,
112,30,727,353,22,15,1,5,1,
112,31,785,284,17,14,1,5,1,
112,32,572,115,97,22,1,5,1,
113,1,701,328,11,9,1,5,1,
113,6,892,184,27,17,1,5,1,
113,12,650,346,12,13,1,5,1,
113,13,761,396,23,17,1,5,1,
113,18,818,240,31,14,1,5,1,
113,20,781,323,44,10,1,5,1,
113,21,514,350,44,12,1,5,1,
113,22,711,256,37,15,1,5,1,
113,29,444,274,9,6,1,5,1,
113,30,726,353,22,14,1,5,1,
113,31,785,284,18,14,1,5,1,
113,32,579,115,98,21,1,5,1,
114,1,701,327,11,10,1,5,1,
114,6,890,185,27,16,1,5,1,
114,12,650,345,12,13,1,5,1,
114,13,759,395,24,17,1,5,1,
114,15,454,126,8,10,1,5,1,
114,18,816,240,31,14,1,5,1,
114,20,778,322,44,11,1,5,1,
114,21,518,351,45,11,1,5,1,
114,22,714,256,36,15,1,5,1,
114,29,445,274,9,6,1,5,1,
114,30,725,352,22,14,1,5,1,
114,31,785,284,19,14,1,5,1,
114,32,586,115,99,21,1,5,1,
115,1,701,327,10,9,1,5,1,
115,6,888,186,27,16,1,5,1,
115,12,650,344,12,13,1,5,1,
115,13,758,394,23,16,1,5,1,
115,15,455,125,7,10,1,5,1,
115,18,814,241,30,13,1,5,1,
115,20,775,322,43,10,1,5,1,
115,21,524,352,44,11,1,5,1,
115,22,719,256,33,15,1,5,1,
115,29,446,274,9,6,1,5,1,
115,30,724,351,21,14,1,5,1,
115,31,786,284,20,13,1,5,1,
115,32,597,114,96,22,1,5,1,
116,1,701,326,10,9,1,5,1,
116,6,886,187,27,16,1,5,1,
116,9,953,216,6,12,1,5,1,
116,12,650,344,12,13,1,5,1,
116,13,756,393,24,16,1,5,1,
116,15,455,124,8,10,1,5,1,
116,18,811,241,31,14,1,5,1,
116,21,527,352,46,12,1,5,1,
116,22,722,256,32,15,1,5,1,
116,29,446,274,11,6,1,5,1,
116,30,722,351,23,13,1,5,1,
116,31,787,284,20,13,1,5,1,
116,32,605,114,96,22,1,5,1,
117,1,701,326,10,9,1,5,1,
117,6,884,187,27,16,1,5,1,
117,9,952,216,7,13,1,5,1,
117,12,650,343,12,13,1,5,1,
117,13,755,392,24,16,1,5,1,
117,15,456,123,8,10,1,5,1,
117,18,809,241,31,14,1,5,1,
117,21,531,353,47,11,1,5,1,
117,22,724,257,32,14,1,5,1,
117,29,447,274,12,6,1,5,1,
117,30,721,350,23,14,1,5,1,
117,31,788,284,20,13,1,5,1,
117,32,611,114,98,21,1,5,1,
118,1,701,325,10,9,1,5,1,
118,6,882,188,27,16,1,5,1,
118,9,950,216,9,13,1,5,1,
118,12,650,343,12,12,1,5,1,
118,13,754,391,24,16,1,5,1,
118,15,456,122,9,10,1,5,1,
118,18,807,241,31,14,1,5,1,
118,21,535,353,49,11,1,5,1,
118,22,727,257,31,14,1,5,1,
118,29,448,274,12,6,1,5,1,
118,30,719,349,24,14,1,5,1,
118,31,790,284,19,13,1,5,1,
118,32,619,113,98,22,1,5,1,
119,1,701,325,10,9,1,5,1,
119,3,449,393,25,10,1,5,1,
119,6,880,189,27,15,1,5,1,
119,9,948,214,11,14,1,5,1,
119,12,649,342,13,13,1,5,1,
119,13,752,390,24,16,1,5,1,
119,15,456,121,10,10,1,5,1,
119,18,805,242,30,13,1,5,1,
119,21,540,354,49,11,1,5,1,
119,22,730,257,29,14,1,5,1,
119,29,449,274,13,6,1,5,1,
119,30,719,349,22,13,1,5,1,
119,31,792,284,19,13,1,5,1,
119,32,628,113,97,22,1,5,1,
120,1,701,324,9,9,1,5,1,
120,3,448,394,21,9,1,5,1,
120,6,878,190,27,15,1,5,1,
120,9,945,215,14,13,1,5,1,
120,12,649,342,13,12,1,5,1,
120,13,750,389,25,16,1,5,1,
120,15,457,119,11,11,1,5,1,
120,18,802,242,31,13,1,5,1,
120,21,545,354,49,11,1,5,1,
120,22,733,257,28,14,1,5,1,
120,29,450,274,15,6,1,5,1,
120,30,717,348,23,13,1,5,1,
120,31,793,283,19,13,1,5,1,
120,32,636,113,96,22,1,5,1,
121,1,700,324,10,9,1,5,1,
121,3,448,394,17,10,1,5,1,
121,6,876,190,27,15,1,5,1,
121,9,943,214,17,14,1,5,1,
121,12,649,341,13,12,1,5,1,
121,13,748,388,26,15,1,5,1,
121,15,457,118,12,11,1,5,1,
121,18,800,242,31,13,1,5,1,
121,21,550,354,50,12,1,5,1,
121,22,736,257,27,14,1,5,1,
121,29,452,274,15,6,1,5,1,
121,30,714,347,25,14,1,5,1,
121,31,795,283,18,13,1,5,1,
121,32,644,113,96,22,1,5,1,
122,1,700,324,10,8,1,5,1,
122,3,448,394,13,11,1,5,1,
122,6,874,191,27,15,1,5,1,
122,9,940,214,19,15,1,5,1,
122,12,649,340,13,13,1,5,1,
122,13,747,387,25,15,1,5,1,
122,15,458,117,13,11,1,5,1,
122,18,798,242,31,13,1,5,1,
122,21,555,355,50,11,1,5,1,
122,22,739,257,25,14,1,5,1,
122,29,453,274,16,6,1,5,1,
122,30,713,347,26,13,1,5,1,
122,31,797,283,17,13,1,5,1,
122,32,653,112,95,23,1,5,1,
123,1,700,323,9,9,1,5,1,
123,3,448,394,10,12,1,5,1,
123,6,872,192,28,15,1,5,1,
123,9,937,215,22,14,1,5,1,
123,12,648,340,14,12,1,5,1,
123,13,745,387,26,14,1,5,1,
123,15,458,116,15,11,1,5,1,
123,18,796,243,31,13,1,5,1,
123,21,560,355,51,11,1,5,1,
123,22,741,257,24,14,1,5,1,
123,29,455,274,17,7,1,5,1,
123,30,713,346,24,13,1,5,1,
123,31,798,283,17,13,1,5,1,
123,32,660,112,95,23,1,5,1,
124,1,699,323,10,8,1,5,1,
124,3,448,394,10,13,1,5,1,
124,6,870,192,27,15,1,5,1,
124,9,935,215,24,15,1,5,1,
124,12,648,339,14,12,1,5,1,
124,13,743,386,26,14,1,5,1,
124,15,459,115,16,10,1,5,1,
124,18,793,243,31,13,1,5,1,
124,21,565,355,52,12,1,5,1,
124,22,743,257,24,14,1,5,1,
124,29,457,274,17,7,1,5,1,
124,30,710,346,25,12,1,5,1,
124,31,799,283,17,13,1,5,1,
124,32,669,112,94,23,1,5,1,
125,1,699,322,10,9,1,5,1,
125,3,447,395,11,13,1,5,1,
125,6,868,193,28,15,1,5,1,
125,9,932,215,27,15,1,5,1,
125,12,647,339,15,12,1,5,1,
125,15,460,114,17,10,1,5,1,
125,18,791,243,31,13,1,5,1,
125,21,570,356,52,11,1,5,1,
125,22,745,257,23,14,1,5,1,
125,29,458,274,19,7,1,5,1,
125,30,710,345,24,13,1,5,1,
125,31,800,283,17,13,1,5,1,
125,32,677,112,93,23,1,5,1,
126,1,699,322,9,8,1,5,1,
126,3,447,395,12,14,1,5,1,
126,6,866,194,28,14,1,5,1,
126,9,930,216,29,14,1,5,1,
126,15,461,113,19,10,1,5,1,
126,18,791,243,28,13,1,5,1,
126,21,575,356,53,11,1,5,1,
126,22,747,257,22,14,1,5,1,
126,29,460,274,20,7,1,5,1,
126,30,707,344,25,13,1,5,1,
126,31,801,283,17,13,1,5,1,
126,32,684,112,93,23,1,5,1,
127,1,698,322,10,8,1,5,1,
127,3,447,396,15,14,1,5,1,
127,6,864,194,28,15,1,5,1,
127,9,927,216,32,15,1,5,1,
127,15,462,112,21,10,1,5,1,
127,18,792,243,23,12,1,5,1,
127,21,580,356,54,11,1,5,1,
127,22,749,257,21,14,1,5,1,
127,29,462,274,21,7,1,5,1,
127,30,704,344,27,12,1,5,1,
127,31,802,283,17,12,1,5,1,
127,32,691,112,94,23,1,5,1,
128,1,698,321,10,9,1,5,1,
128,3,446,397,20,14,1,5,1,
128,6,863,195,26,14,1,5,1,
128,9,925,217,34,14,1,5,1,
128,15,463,111,22,10,1,5,1,
128,18,789,244,23,12,1,5,1,
128,21,585,356,54,12,1,5,1,
128,22,751,257,21,13,1,5,1,
128,29,464,274,22,7,1,5,1,
128,30,704,343,26,13,1,5,1,
128,31,803,283,17,12,1,5,1,
128,32,699,113,93,22,1,5,1,
129,1,697,321,11,8,1,5,1,
129,3,446,397,22,15,1,5,1,
129,6,860,196,27,14,1,5,1,
129,9,922,217,38,14,1,5,1,
129,15,465,110,23,10,1,5,1,
129,18,784,244,28,12,1,5,1,
129,21,590,356,55,12,1,5,1,
129,22,753,257,20,13,1,5,1,
129,29,466,274,23,7,1,5,1,
129,30,704,343,24,12,1,5,1,
129,31,804,283,16,12,1,5,1,
129,32,706,113,93,23,1,5,1,
130,1,696,320,11,9,1,5,1,
130,3,446,398,25,15,1,5,1,
130,6,858,196,28,14,1,5,1,
130,9,920,217,39,15,1,5,1,
130,15,467,109,24,10,1,5,1,
130,18,785,244,26,12,1,5,1,
130,21,596,357,54,11,1,5,1,
130,22,755,257,19,14,1,5,1,
130,29,468,274,25,7,1,5,1,
130,30,701,342,25,12,1,5,1,
130,31,803,282,17,12,1,5,1,
130,32,714,113,92,23,1,5,1,
131,1,696,320,11,8,1,5,1,
131,3,447,399,27,15,1,5,1,
131,6,856,197,28,14,1,5,1,
131,9,917,218,41,14,1,5,1,
131,15,468,108,27,10,1,5,1,
131,21,601,357,55,11,1,5,1,
131,22,757,258,18,13,1,5,1,
131,29,471,274,25,7,1,5,1,
131,30,698,342,26,12,1,5,1,
131,31,803,282,16,12,1,5,1,
131,32,721,113,91,23,1,5,1,
132,1,695,320,12,8,1,5,1,
132,3,448,400,29,15,1,5,1,
132,6,855,198,27,13,1,5,1,
132,9,915,218,40,14,1,5,1,
132,15,470,107,28,10,1,5,1,
132,21,606,357,56,11,1,5,1,
132,22,759,258,16,12,1,5,1,
132,29,473,274,27,7,1,5,1,
132,31,802,282,16,12,1,5,1,
132,32,729,113,90,23,1,5,1,
133,1,694,319,12,8,1,5,1,
133,3,449,401,31,15,1,5,1,
133,6,853,198,27,14,1,5,1,
133,9,912,218,41,14,1,5,1,
133,15,472,106,29,10,1,5,1,
133,21,611,357,56,11,1,5,1,
133,22,759,258,16,12,1,5,1,
133,29,475,274,28,7,1,5,1,
133,31,801,282,17,12,1,5,1,
133,32,735,114,90,23,1,5,1,
134,1,693,319,13,8,1,5,1,
134,3,451,402,32,15,1,5,1,
134,6,851,199,27,13,1,5,1,
134,9,910,219,41,14,1,5,1,
134,15,474,105,31,10,1,5,1,
134,21,616,357,56,11,1,5,1,
134,22,758,258,16,12,1,5,1,
134,29,478,274,29,7,1,5,1,
134,31,800,282,18,12,1,5,1,
134,32,742,114,90,23,1,5,1,
135,3,452,403,34,15,1,5,1,
135,6,849,199,27,13,1,5,1,
135,9,907,219,41,14,1,5,1,
135,15,476,104,33,10,1,5,1,
135,21,621,357,57,11,1,5,1,
135,22,758,258,15,12,1,5,1,
135,29,481,274,30,7,1,5,1,
135,31,798,282,20,11,1,5,1,
135,32,749,114,89,23,1,5,1,
136,3,454,404,36,15,1,5,1,
136,6,847,200,27,13,1,5,1,
136,9,905,220,41,13,1,5,1,
136,15,478,103,34,10,1,5,1,
136,21,627,357,56,11,1,5,1,
136,22,757,258,16,12,1,5,1,
136,29,484,274,31,7,1,5,1,
136,31,797,282,21,11,1,5,1,
136,32,756,115,88,23,1,5,1,
137,3,456,404,37,16,1,5,1,
137,6,846,201,27,12,1,5,1,
137,9,903,220,40,14,1,5,1,
137,15,481,102,35,10,1,5,1,
137,21,631,357,57,11,1,5,1,
137,22,756,258,16,12,1,5,1,
137,29,486,274,33,7,1,5,1,
137,31,796,282,21,11,1,5,1,
137,32,762,115,88,23,1,5,1,
138,3,458,405,39,16,1,5,1,
138,6,844,201,26,13,1,5,1,
138,9,900,221,41,13,1,5,1,
138,15,483,101,37,10,1,5,1,
138,21,637,357,57,11,1,5,1,
138,22,755,258,17,12,1,5,1,
138,29,490,274,33,7,1,5,1,
138,31,794,282,22,11,1,5,1,
138,32,770,115,86,23,1,5,1,
139,3,460,406,41,16,1,5,1,
139,6,843,202,25,12,1,5,1,
139,9,898,221,40,13,1,5,1,
139,15,486,100,38,10,1,5,1,
139,21,643,357,56,11,1,5,1,
139,22,753,258,19,12,1,5,1,
139,29,493,274,34,7,1,5,1,
139,31,793,282,22,11,1,5,1,
139,32,777,116,85,23,1,5,1,
140,3,462,407,43,16,1,5,1,
140,6,842,202,23,13,1,5,1,
140,9,896,222,39,13,1,5,1,
140,15,489,99,39,10,1,5,1,
140,21,648,357,56,11,1,5,1,
140,22,752,258,19,12,1,5,1,
140,29,496,274,36,7,1,5,1,
140,31,791,281,23,12,1,5,1,
140,32,784,116,84,23,1,5,1,
140,35,491,318,36,10,1,5,1,
141,3,465,408,44,16,1,5,1,
141,9,894,222,38,13,1,5,1,
141,15,492,98,40,10,1,5,1,
141,21,654,357,55,11,1,5,1,
141,22,751,258,19,12,1,5,1,
141,29,500,274,36,7,1,5,1,
141,31,790,281,22,11,1,5,1,
141,32,791,117,82,23,1,5,1,
141,35,493,318,37,10,1,5,1,
142,3,468,409,45,16,1,5,1,
142,9,891,222,38,13,1,5,1,
142,15,495,98,42,9,1,5,1,
142,21,660,357,54,11,1,5,1,
142,22,750,258,19,12,1,5,1,
142,29,504,274,37,8,1,5,1,
142,31,788,281,23,11,1,5,1,
142,32,798,117,81,23,1,5,1,
142,35,495,319,39,10,1,5,1,
143,3,471,410,46,15,1,5,1,
143,9,889,223,37,12,1,5,1,
143,15,498,97,43,10,1,5,1,
143,21,665,357,53,11,1,5,1,
143,22,749,258,19,12,1,5,1,
143,29,508,274,37,8,1,5,1,
143,31,787,281,23,11,1,5,1,
143,32,805,118,79,23,1,5,1,
143,35,497,319,40,10,1,5,1,
144,3,474,411,47,15,1,5,1,
144,9,887,223,37,13,1,5,1,
144,15,502,96,43,10,1,5,1,
144,21,670,357,53,11,1,5,1,
144,22,748,259,19,11,1,5,1,
144,29,511,274,39,8,1,5,1,
144,31,785,281,24,11,1,5,1,
144,32,811,118,78,23,1,5,1,
144,35,500,319,41,10,1,5,1,
145,3,477,412,49,15,1,5,1,
145,9,884,224,38,12,1,5,1,
145,15,505,95,45,10,1,5,1,
145,21,675,356,53,11,1,5,1,
145,22,747,259,19,11,1,5,1,
145,29,515,274,39,8,1,5,1,
145,31,783,281,24,11,1,5,1,
145,32,818,119,76,23,1,5,1,
145,35,502,319,43,10,1,5,1,
146,3,480,413,50,15,1,5,1,
146,15,509,95,45,10,1,5,1,
146,21,681,356,51,11,1,5,1,
146,22,746,259,19,11,1,5,1,
146,29,519,274,40,8,1,5,1,
146,32,824,119,75,23,1,5,1,
146,35,505,319,45,10,1,5,1,
147,3,482,414,53,15,1,5,1,
147,15,512,94,47,10,1,5,1,
147,21,685,356,52,11,1,5,1,
147,22,744,259,20,11,1,5,1,
147,29,522,274,41,8,1,5,1,
147,32,829,120,74,23,1,5,1,
147,35,507,319,47,10,1,5,1,
148,3,485,415,54,14,1,5,1,
148,15,515,94,48,10,1,5,1,
148,21,689,356,52,11,1,5,1,
148,22,743,259,20,11,1,5,1,
148,29,526,274,42,8,1,5,1,
148,32,834,120,74,23,1,5,1,
148,35,510,319,48,10,1,5,1,
149,3,488,415,56,15,1,5,1,
149,15,518,93,50,10,1,5,1,
149,21,694,356,51,10,1,5,1,
149,22,742,259,20,11,1,5,1,
149,29,529,274,43,8,1,5,1,
149,32,839,121,73,23,1,5,1,
149,35,512,319,50,10,1,5,1,
150,3,491,416,58,15,1,5,1,
150,15,521,93,51,10,1,5,1,
150,21,698,355,51,11,1,5,1,
150,22,741,259,20,11,1,5,1,
150,29,533,274,43,8,1,5,1,
150,32,844,122,72,23,1,5,1,
150,35,515,319,51,10,1,5,1,
