1,1,416,225,32,14,1,5,1,
1,2,849,331,56,12,1,5,1,
1,3,187,370,40,13,1,5,1,
1,4,61,109,187,38,1,5,1,
1,5,875,278,68,20,1,5,1,
1,6,865,204,70,13,1,5,1,
1,7,541,308,15,15,1,5,1,
1,8,364,278,94,22,1,5,1,
1,9,372,316,29,24,1,5,1,
1,10,410,198,97,21,1,5,1,
1,11,720,503,22,34,1,5,1,
1,12,808,451,143,49,1,5,1,
1,13,279,504,23,33,1,5,1,
1,14,504,0,15,32,1,5,1,
1,15,0,266,84,14,1,5,1,
1,16,232,348,53,14,1,5,1,
1,17,808,244,86,16,1,5,1,
1,18,-31,490,92,34,1,5,1,
1,19,-77,166,168,42,1,5,1,
1,20,118,407,67,15,1,5,1,
1,21,420,487,75,26,1,5,1,
1,22,676,10,78,43,1,5,1,
1,23,605,0,32,13,1,5,1,
1,24,717,109,43,47,1,5,1,
1,25,170,393,22,23,1,5,1,
1,26,569,361,61,23,1,5,1,
1,27,823,176,14,11,1,5,1,
1,28,28,-4,62,15,1,5,1,
1,29,649,151,54,14,1,5,1,
1,30,413,167,30,21,1,5,1,
2,1,417,224,24,14,1,5,1,
2,2,843,331,50,11,1,5,1,
2,3,193,369,40,12,1,5,1,
2,4,40,106,187,40,1,5,1,
2,5,876,278,47,19,1,5,1,
2,6,857,205,62,13,1,5,1,
2,7,543,307,15,15,1,5,1,
2,8,374,278,91,24,1,5,1,
2,9,374,314,23,23,1,5,1,
2,10,423,197,92,22,1,5,1,
2,11,722,502,21,32,1,5,1,
2,12,833,459,127,44,1,5,1,
2,13,278,500,29,34,1,5,1,
2,14,504,5,11,31,1,5,1,
2,15,14,265,74,15,1,5,1,
2,16,227,348,48,15,1,5,1,
2,17,804,245,73,15,1,5,1,
2,18,-40,492,86,37,1,5,1,
2,19,-87,167,147,38,1,5,1,
2,20,131,407,56,16,1,5,1,
2,21,430,492,74,24,1,5,1,
2,22,676,3,58,48,1,5,1,
2,23,611,0,33,14,1,5,1,
2,24,718,115,31,42,1,5,1,
2,25,168,396,30,21,1,5,1,
2,26,569,360,46,22,1,5,1,
2,27,822,175,14,11,1,5,1,
2,28,45,-6,46,15,1,5,1,
2,29,657,150,54,13,1,5,1,
2,30,415,165,20,21,1,5,1,
3,1,418,223,17,15,1,5,1,
3,2,838,330,48,11,1,5,1,
3,3,197,369,43,11,1,5,1,
3,4,18,102,193,42,1,5,1,
3,5,876,278,38,19,1,5,1,
3,6,850,206,58,13,1,5,1,
3,7,545,306,15,15,1,5,1,
3,8,379,279,93,23,1,5,1,
3,9,376,313,23,22,1,5,1,
3,10,433,197,90,23,1,5,1,
3,11,724,501,20,31,1,5,1,
3,12,853,465,107,39,1,5,1,
3,13,279,496,34,34,1,5,1,
3,14,504,9,11,31,1,5,1,
3,15,24,265,67,15,1,5,1,
3,16,222,349,45,16,1,5,1,
3,17,800,245,65,15,1,5,1,
3,18,-48,494,82,40,1,5,1,
3,20,139,408,50,16,1,5,1,
3,21,437,496,76,22,1,5,1,
3,22,678,-2,42,52,1,5,1,
3,23,615,0,35,15,1,5,1,
3,24,718,117,28,42,1,5,1,
3,25,167,398,38,20,1,5,1,
3,26,570,359,35,22,1,5,1,
3,27,820,174,14,11,1,5,1,
3,29,664,149,55,13,1,5,1,
3,30,415,163,20,21,1,5,1,
4,1,418,222,16,15,1,5,1,
4,2,834,330,46,10,1,5,1,
4,3,202,368,44,11,1,5,1,
4,4,0,98,196,44,1,5,1,
4,5,876,278,32,19,1,5,1,
4,6,844,207,54,13,1,5,1,
4,7,546,306,17,14,1,5,1,
4,8,385,279,95,23,1,5,1,
4,9,380,311,21,23,1,5,1,
4,10,441,198,89,22,1,5,1,
4,11,725,499,20,32,1,5,1,
4,12,872,471,88,37,1,5,1,
4,13,280,492,39,35,1,5,1,
4,14,505,13,11,31,1,5,1,
4,15,33,265,60,15,1,5,1,
4,16,217,350,43,16,1,5,1,
4,17,797,246,58,14,1,5,1,
4,20,146,409,44,16,1,5,1,
4,21,445,499,76,20,1,5,1,
4,22,679,-12,39,60,1,5,1,
4,23,617,0,38,17,1,5,1,
4,24,717,120,29,40,1,5,1,
4,25,167,400,45,19,1,5,1,
4,26,569,357,29,23,1,5,1,
4,27,816,174,16,10,1,5,1,
4,29,670,148,56,13,1,5,1,
4,30,415,161,21,21,1,5,1,
5,1,418,221,17,16,1,5,1,
5,2,829,329,44,10,1,5,1,
5,3,207,367,45,11,1,5,1,
5,4,-7,93,187,47,1,5,1,
5,5,877,278,25,19,1,5,1,
5,6,839,208,50,12,1,5,1,
5,7,546,306,21,13,1,5,1,
5,8,392,279,95,23,1,5,1,
5,9,377,310,30,22,1,5,1,
5,10,449,198,88,23,1,5,1,
5,11,727,497,20,32,1,5,1,
5,12,892,477,68,25,1,5,1,
5,13,282,488,43,35,1,5,1,
5,14,507,17,10,30,1,5,1,
5,15,41,265,53,15,1,5,1,
5,16,213,351,40,17,1,5,1,
5,17,796,246,50,14,1,5,1,
5,20,151,409,40,17,1,5,1,
5,21,453,500,77,20,1,5,1,
5,22,678,-24,33,69,1,5,1,
5,23,620,0,40,19,1,5,1,
5,24,718,122,28,40,1,5,1,
5,25,168,403,52,17,1,5,1,
5,26,570,356,23,22,1,5,1,
5,27,811,174,21,10,1,5,1,
5,29,677,148,57,12,1,5,1,
5,30,416,159,21,22,1,5,1,
6,1,419,220,17,16,1,5,1,
6,2,825,328,42,10,1,5,1,
6,3,213,367,45,10,1,5,1,
6,4,-30,88,192,49,1,5,1,
6,5,878,278,25,18,1,5,1,
6,6,835,209,45,11,1,5,1,
6,7,547,306,25,13,1,5,1,
6,8,399,279,95,23,1,5,1,
6,9,376,308,38,22,1,5,1,
6,10,457,198,87,23,1,5,1,
6,11,727,495,23,33,1,5,1,
6,12,913,483,47,20,1,5,1,
6,13,285,486,46,33,1,5,1,
6,14,506,21,14,29,1,5,1,
6,15,49,265,46,15,1,5,1,
6,16,209,352,38,17,1,5,1,
6,17,795,246,42,15,1,5,1,
6,20,153,410,41,18,1,5,1,
6,21,461,499,77,21,1,5,1,
6,22,679,-37,34,78,1,5,1,
6,23,622,0,42,21,1,5,1,
6,24,720,126,27,37,1,5,1,
6,25,171,405,57,16,1,5,1,
6,26,571,355,21,22,1,5,1,
6,27,804,173,28,11,1,5,1,
6,29,685,147,55,13,1,5,1,
6,30,418,157,21,22,1,5,1,
7,1,420,219,17,16,1,5,1,
7,2,821,328,40,10,1,5,1,
7,3,218,366,46,10,1,5,1,
7,4,-52,86,196,48,1,5,1,
7,5,880,278,25,18,1,5,1,
7,6,831,210,41,11,1,5,1,
7,7,548,306,29,13,1,5,1,
7,8,406,279,96,24,1,5,1,
7,9,376,307,45,22,1,5,1,
7,10,465,198,88,22,1,5,1,
7,11,726,493,27,34,1,5,1,
7,13,289,483,49,31,1,5,1,
7,14,506,25,17,28,1,5,1,
7,15,56,265,38,15,1,5,1,
7,16,206,353,34,18,1,5,1,
7,17,795,247,34,14,1,5,1,
7,20,153,411,49,17,1,5,1,
7,21,471,499,75,20,1,5,1,
7,22,683,-50,26,86,1,5,1,
7,23,624,0,45,23,1,5,1,
7,24,719,129,31,34,1,5,1,
7,25,176,406,57,16,1,5,1,
7,26,573,354,21,22,1,5,1,
7,27,797,173,33,11,1,5,1,
7,29,692,147,54,13,1,5,1,
7,30,417,155,24,22,1,5,1,
8,1,418,218,21,16,1,5,1,
8,2,817,327,38,10,1,5,1,
8,3,224,365,45,10,1,5,1,
8,4,-75,82,200,48,1,5,1,
8,5,881,278,25,18,1,5,1,
8,6,829,210,36,11,1,5,1,
8,7,551,306,31,13,1,5,1,
8,8,413,280,96,23,1,5,1,
8,9,378,306,51,21,1,5,1,
8,10,473,198,88,21,1,5,1,
8,11,725,490,29,35,1,5,1,
8,13,293,481,51,29,1,5,1,
8,14,506,29,21,26,1,5,1,
8,15,63,265,30,15,1,5,1,
8,16,203,355,31,17,1,5,1,
8,17,795,247,28,14,1,5,1,
8,20,157,412,48,17,1,5,1,
8,21,481,498,72,21,1,5,1,
8,22,679,-65,42,95,1,5,1,
8,23,627,0,47,25,1,5,1,
8,24,721,131,30,33,1,5,1,
8,25,181,407,60,16,1,5,1,
8,26,575,353,21,21,1,5,1,
8,27,789,173,38,11,1,5,1,
8,29,700,147,51,13,1,5,1,
8,30,415,154,33,21,1,5,1,
9,1,417,218,27,15,1,5,1,
9,2,814,327,36,9,1,5,1,
9,3,230,365,44,10,1,5,1,
9,4,-97,74,201,53,1,5,1,
9,5,881,278,24,18,1,5,1,
9,6,827,211,31,10,1,5,1,
9,7,555,306,30,13,1,5,1,
9,8,420,280,96,23,1,5,1,
9,9,380,305,57,20,1,5,1,
9,10,481,198,87,22,1,5,1,
9,11,723,488,31,34,1,5,1,
9,13,298,480,53,26,1,5,1,
9,14,507,34,24,24,1,5,1,
9,15,69,265,25,15,1,5,1,
9,16,201,357,26,16,1,5,1,
9,17,792,247,28,14,1,5,1,
9,20,160,413,51,16,1,5,1,
9,21,492,497,68,21,1,5,1,
9,23,629,0,49,27,1,5,1,
9,24,725,132,28,33,1,5,1,
9,25,187,407,61,16,1,5,1,
9,26,579,353,19,20,1,5,1,
9,27,782,174,42,10,1,5,1,
9,29,708,147,48,13,1,5,1,
9,30,414,153,41,20,1,5,1,
10,1,416,217,35,16,1,5,1,
10,2,812,326,31,9,1,5,1,
10,3,236,364,43,10,1,5,1,
10,4,-118,66,198,57,1,5,1,
10,5,882,278,23,17,1,5,1,
10,6,827,211,24,11,1,5,1,
10,7,560,306,28,13,1,5,1,
10,8,428,280,95,24,1,5,1,
10,9,385,304,57,19,1,5,1,
10,10,491,199,84,21,1,5,1,
10,11,721,486,32,33,1,5,1,
10,13,303,479,54,23,1,5,1,
10,14,509,38,26,21,1,5,1,
10,15,71,265,23,15,1,5,1,
10,16,201,358,19,17,1,5,1,
10,17,790,248,26,13,1,5,1,
10,20,165,413,50,17,1,5,1,
10,21,502,495,65,21,1,5,1,
10,23,625,0,61,29,1,5,1,
10,24,728,132,27,35,1,5,1,
10,25,194,407,62,16,1,5,1,
10,26,578,352,24,20,1,5,1,
10,27,774,174,45,11,1,5,1,
10,29,717,147,42,13,1,5,1,
10,30,414,152,49,20,1,5,1,
11,1,416,217,41,16,1,5,1,
11,2,812,325,26,10,1,5,1,
11,3,242,364,42,9,1,5,1,
11,4,-136,56,197,64,1,5,1,
11,5,882,278,23,17,1,5,1,
11,6,827,212,19,10,1,5,1,
11,7,564,306,27,12,1,5,1,
11,8,435,280,96,24,1,5,1,
11,9,390,303,58,19,1,5,1,
11,10,499,199,83,21,1,5,1,
11,11,720,484,32,32,1,5,1,
11,13,308,479,56,19,1,5,1,
11,14,512,41,24,21,1,5,1,
11,15,70,265,23,15,1,5,1,
11,16,201,360,14,16,1,5,1,
11,17,788,248,26,13,1,5,1,
11,20,170,413,50,17,1,5,1,
11,21,509,494,65,21,1,5,1,
11,23,624,0,69,31,1,5,1,
11,24,729,133,26,36,1,5,1,
11,25,200,408,63,16,1,5,1,
11,26,577,352,31,19,1,5,1,
11,27,766,174,48,12,1,5,1,
11,29,723,147,39,14,1,5,1,
11,30,415,151,57,20,1,5,1,
12,1,418,216,46,17,1,5,1,
12,2,810,325,24,9,1,5,1,
12,3,247,364,41,9,1,5,1,
12,5,882,278,23,17,1,5,1,
12,6,826,213,18,10,1,5,1,
12,7,569,306,22,12,1,5,1,
12,8,442,279,96,24,1,5,1,
12,9,395,302,59,19,1,5,1,
12,10,507,199,81,21,1,5,1,
12,11,718,481,33,33,1,5,1,
12,13,313,478,57,17,1,5,1,
12,14,515,44,23,20,1,5,1,
12,15,68,264,23,16,1,5,1,
12,16,199,361,15,17,1,5,1,
12,17,787,248,25,13,1,5,1,
12,20,174,413,49,18,1,5,1,
12,21,516,492,64,21,1,5,1,
12,23,628,2,72,31,1,5,1,
12,24,729,134,26,36,1,5,1,
12,25,205,408,67,15,1,5,1,
12,26,576,352,38,18,1,5,1,
12,27,758,174,50,14,1,5,1,
12,29,730,147,33,14,1,5,1,
12,30,416,150,64,21,1,5,1,
13,1,420,216,50,17,1,5,1,
13,2,807,324,24,9,1,5,1,
13,3,253,363,38,10,1,5,1,
13,5,882,278,23,17,1,5,1,
13,6,824,213,19,11,1,5,1,
13,7,575,305,16,12,1,5,1,
13,8,449,279,95,23,1,5,1,
13,9,400,302,58,18,1,5,1,
13,10,516,200,77,21,1,5,1,
13,11,716,479,33,32,1,5,1,
13,13,319,477,57,15,1,5,1,
13,14,518,47,21,19,1,5,1,
13,15,63,264,25,16,1,5,1,
13,16,198,362,14,17,1,5,1,
13,17,783,248,29,14,1,5,1,
13,20,179,414,48,18,1,5,1,
13,21,524,491,63,21,1,5,1,
13,23,632,7,75,28,1,5,1,
13,24,729,136,26,36,1,5,1,
13,25,212,408,68,15,1,5,1,
13,26,576,352,44,18,1,5,1,
13,27,750,175,51,14,1,5,1,
13,29,737,147,27,15,1,5,1,
13,30,419,150,70,20,1,5,1,
14,1,423,217,54,16,1,5,1,
14,2,804,324,25,9,1,5,1,
14,3,258,363,36,10,1,5,1,
14,5,882,278,22,16,1,5,1,
14,6,821,214,21,11,1,5,1,
14,7,579,305,13,12,1,5,1,
14,8,457,278,93,23,1,5,1,
14,9,406,302,57,18,1,5,1,
14,10,524,200,74,21,1,5,1,
14,11,713,477,35,31,1,5,1,
14,13,325,477,57,15,1,5,1,
14,14,521,49,18,19,1,5,1,
14,15,55,264,35,17,1,5,1,
14,16,196,363,14,17,1,5,1,
14,17,779,249,33,13,1,5,1,
14,20,183,415,48,18,1,5,1,
14,21,532,489,61,21,1,5,1,
14,23,637,11,75,27,1,5,1,
14,24,729,139,30,34,1,5,1,
14,25,220,408,68,15,1,5,1,
14,26,577,352,49,18,1,5,1,
14,27,743,176,51,15,1,5,1,
14,29,743,147,22,15,1,5,1,
14,30,421,149,76,20,1,5,1,
15,1,426,217,58,17,1,5,1,
15,2,801,323,26,9,1,5,1,
15,3,263,363,34,10,1,5,1,
15,5,882,278,22,16,1,5,1,
15,6,818,215,23,11,1,5,1,
15,7,581,304,12,12,1,5,1,
15,8,464,278,93,22,1,5,1,
15,9,412,301,55,18,1,5,1,
15,10,532,201,72,21,1,5,1,
15,11,711,475,36,31,1,5,1,
15,13,331,477,57,15,1,5,1,
15,14,524,51,15,20,1,5,1,
15,15,51,264,38,17,1,5,1,
15,16,194,364,15,18,1,5,1,
15,17,775,249,35,13,1,5,1,
15,20,187,415,48,19,1,5,1,
15,21,539,488,60,20,1,5,1,
15,23,643,12,71,28,1,5,1,
15,24,728,141,33,33,1,5,1,
15,25,227,408,69,15,1,5,1,
15,26,580,352,50,17,1,5,1,
15,27,736,177,51,15,1,5,1,
15,29,749,147,16,17,1,5,1,
15,30,425,148,80,21,1,5,1,
16,1,430,217,61,17,1,5,1,
16,2,798,323,26,9,1,5,1,
16,3,268,363,30,10,1,5,1,
16,5,881,278,23,16,1,5,1,
16,6,815,216,24,10,1,5,1,
16,7,582,304,12,12,1,5,1,
16,8,471,277,94,23,1,5,1,
16,9,418,301,54,17,1,5,1,
16,10,539,201,70,21,1,5,1,
16,11,709,473,36,30,1,5,1,
16,13,338,476,56,15,1,5,1,
16,14,527,54,11,19,1,5,1,
16,15,47,264,39,17,1,5,1,
16,16,192,365,15,19,1,5,1,
16,17,772,249,36,13,1,5,1,
16,20,191,416,48,19,1,5,1,
16,21,548,486,55,21,1,5,1,
16,23,650,12,65,30,1,5,1,
16,24,727,143,32,32,1,5,1,
16,25,235,408,69,15,1,5,1,
16,26,587,352,44,17,1,5,1,
16,27,730,178,49,15,1,5,1,
16,29,751,148,15,17,1,5,1,
16,30,430,148,83,21,1,5,1,
17,1,435,217,62,17,1,5,1,
17,2,796,322,25,9,1,5,1,
17,3,273,364,27,9,1,5,1,
17,5,880,278,24,16,1,5,1,
17,6,812,217,24,10,1,5,1,
17,7,583,303,12,12,1,5,1,
17,8,478,278,94,22,1,5,1,
17,9,424,301,52,17,1,5,1,
17,10,546,202,68,20,1,5,1,
17,11,707,471,36,30,1,5,1,
17,13,344,476,55,15,1,5,1,
17,14,529,56,9,19,1,5,1,
17,15,43,264,40,17,1,5,1,
17,16,190,366,15,19,1,5,1,
17,17,769,250,35,12,1,5,1,
17,20,195,417,47,19,1,5,1,
17,21,556,484,52,21,1,5,1,
17,23,657,13,60,30,1,5,1,
17,24,726,145,31,31,1,5,1,
17,25,243,407,67,16,1,5,1,
17,26,595,351,36,17,1,5,1,
17,27,724,179,48,16,1,5,1,
17,29,752,149,15,17,1,5,1,
17,30,435,147,85,22,1,5,1,
18,1,440,217,63,17,1,5,1,
18,2,793,322,25,8,1,5,1,
18,3,277,364,23,10,1,5,1,
18,5,880,277,22,16,1,5,1,
18,6,810,217,23,10,1,5,1,
18,7,585,303,11,12,1,5,1,
18,8,485,278,95,23,1,5,1,
18,9,429,301,52,17,1,5,1,
18,10,554,202,65,21,1,5,1,
18,11,705,469,37,29,1,5,1,
18,13,350,476,55,15,1,5,1,
18,14,529,58,9,19,1,5,1,
18,15,40,264,39,17,1,5,1,
18,16,189,368,15,19,1,5,1,
18,17,766,250,35,13,1,5,1,
18,20,199,417,47,20,1,5,1,
18,21,562,482,51,21,1,5,1,
18,23,662,14,58,30,1,5,1,
18,24,726,147,29,30,1,5,1,
18,25,252,407,64,17,1,5,1,
18,26,601,351,32,16,1,5,1,
18,27,720,180,44,16,1,5,1,
18,29,752,150,15,17,1,5,1,
18,30,442,147,84,22,1,5,1,
19,1,445,217,64,17,1,5,1,
19,2,790,321,25,9,1,5,1,
19,3,281,365,19,10,1,5,1,
19,5,879,277,22,16,1,5,1,
19,6,807,218,23,10,1,5,1,
19,7,586,303,12,11,1,5,1,
19,8,492,278,95,24,1,5,1,
19,9,435,301,50,17,1,5,1,
19,10,561,203,62,20,1,5,1,
19,11,702,467,38,29,1,5,1,
19,13,356,476,55,15,1,5,1,
19,14,529,60,8,19,1,5,1,
19,15,36,264,40,17,1,5,1,
19,16,187,369,15,19,1,5,1,
19,17,763,250,34,13,1,5,1,
19,20,203,418,46,20,1,5,1,
19,21,568,480,50,21,1,5,1,
19,23,668,15,56,30,1,5,1,
19,24,726,149,27,29,1,5,1,
19,25,260,408,63,16,1,5,1,
19,26,605,350,30,16,1,5,1,
19,27,715,182,41,15,1,5,1,
19,29,753,151,15,17,1,5,1,
19,30,449,148,85,22,1,5,1,
20,1,449,217,67,17,1,5,1,
20,2,787,321,25,8,1,5,1,
20,3,284,365,18,10,1,5,1,
20,5,878,277,22,16,1,5,1,
20,6,805,219,22,9,1,5,1,
20,7,587,302,12,12,1,5,1,
20,8,499,279,95,24,1,5,1,
20,9,439,301,50,17,1,5,1,
20,10,567,203,61,21,1,5,1,
20,11,700,465,38,28,1,5,1,
20,13,362,475,55,15,1,5,1,
20,14,528,62,9,19,1,5,1,
20,15,32,264,41,17,1,5,1,
20,16,185,370,16,20,1,5,1,
20,17,761,250,33,13,1,5,1,
20,20,207,419,46,20,1,5,1,
20,21,574,478,49,20,1,5,1,
20,23,673,16,54,30,1,5,1,
20,24,726,150,24,29,1,5,1,
20,25,267,408,63,16,1,5,1,
20,26,608,349,28,17,1,5,1,
20,27,712,183,37,15,1,5,1,
20,29,754,153,14,16,1,5,1,
20,30,457,148,84,22,1,5,1,
21,1,453,216,69,17,1,5,1,
21,2,785,320,24,8,1,5,1,
21,3,286,364,19,12,1,5,1,
21,5,877,277,22,15,1,5,1,
21,6,803,219,21,10,1,5,1,
21,7,588,302,13,11,1,5,1,
21,8,506,280,95,24,1,5,1,
21,9,443,301,50,17,1,5,1,
21,10,574,204,58,20,1,5,1,
21,11,697,463,39,28,1,5,1,
21,13,368,475,55,15,1,5,1,
21,14,527,64,9,18,1,5,1,
21,15,29,264,40,17,1,5,1,
21,16,183,371,17,21,1,5,1,
21,17,758,251,32,12,1,5,1,
21,20,211,420,44,21,1,5,1,
21,21,578,477,53,19,1,5,1,
21,23,678,17,53,31,1,5,1,
21,24,727,152,21,28,1,5,1,
21,25,274,408,63,17,1,5,1,
21,26,610,348,29,17,1,5,1,
21,27,710,185,32,14,1,5,1,
21,29,755,154,14,16,1,5,1,
21,30,465,149,83,22,1,5,1,
22,1,458,215,70,18,1,5,1,
22,2,782,320,24,8,1,5,1,
22,3,289,364,18,12,1,5,1,
22,5,877,277,21,15,1,5,1,
22,6,800,220,22,9,1,5,1,
22,7,590,302,12,11,1,5,1,
22,8,513,281,95,24,1,5,1,
22,9,448,301,49,17,1,5,1,
22,10,580,204,56,20,1,5,1,
22,11,695,462,39,26,1,5,1,
22,13,374,475,54,15,1,5,1,
22,14,525,66,10,18,1,5,1,
22,15,25,263,40,19,1,5,1,
22,16,182,372,17,22,1,5,1,
22,17,756,251,31,12,1,5,1,
22,20,216,421,39,22,1,5,1,
22,21,582,476,57,18,1,5,1,
22,23,683,18,51,31,1,5,1,
22,24,727,154,21,27,1,5,1,
22,25,281,409,64,16,1,5,1,
22,26,614,348,26,16,1,5,1,
22,27,708,186,28,14,1,5,1,
22,29,756,155,14,16,1,5,1,
22,30,472,149,83,22,1,5,1,
23,1,463,215,70,18,1,5,1,
23,2,780,319,23,8,1,5,1,
23,3,292,364,17,13,1,5,1,
23,5,876,277,21,15,1,5,1,
23,6,798,220,21,9,1,5,1,
23,7,591,302,11,11,1,5,1,
23,8,520,283,95,24,1,5,1,
23,9,453,301,48,16,1,5,1,
23,10,586,205,55,20,1,5,1,
23,11,693,460,39,26,1,5,1,
23,13,380,474,54,15,1,5,1,
23,14,524,68,11,18,1,5,1,
23,15,21,263,41,19,1,5,1,
23,16,180,374,18,21,1,5,1,
23,17,754,251,29,12,1,5,1,
23,20,220,422,37,23,1,5,1,
23,21,586,476,61,18,1,5,1,
23,23,687,20,51,30,1,5,1,
23,24,728,156,20,26,1,5,1,
23,25,288,409,64,16,1,5,1,
23,26,618,347,23,16,1,5,1,
23,27,707,187,23,13,1,5,1,
23,29,757,157,14,15,1,5,1,
23,30,480,149,82,22,1,5,1,
24,1,469,215,69,18,1,5,1,
24,2,777,319,23,8,1,5,1,
24,3,295,365,17,13,1,5,1,
24,5,876,277,20,14,1,5,1,
24,6,796,221,20,9,1,5,1,
24,7,591,302,12,11,1,5,1,
24,8,527,285,94,23,1,5,1,
24,9,458,301,47,17,1,5,1,
24,10,592,205,52,20,1,5,1,
24,11,690,458,40,26,1,5,1,
24,13,385,474,54,15,1,5,1,
24,14,522,70,13,17,1,5,1,
24,15,18,263,40,19,1,5,1,
24,16,180,375,19,22,1,5,1,
24,17,752,251,28,12,1,5,1,
24,20,222,423,39,23,1,5,1,
24,21,594,475,59,18,1,5,1,
24,23,692,21,50,30,1,5,1,
24,24,729,157,20,26,1,5,1,
24,25,295,409,65,16,1,5,1,
24,26,622,347,20,16,1,5,1,
24,27,707,189,18,12,1,5,1,
24,29,759,158,13,15,1,5,1,
24,30,488,150,80,22,1,5,1,
25,1,475,215,69,18,1,5,1,
25,2,775,318,23,8,1,5,1,
25,3,296,366,19,13,1,5,1,
25,5,875,277,20,14,1,5,1,
25,6,795,221,18,9,1,5,1,
25,7,591,302,12,10,1,5,1,
25,8,534,287,93,22,1,5,1,
25,9,462,302,47,16,1,5,1,
25,10,598,206,50,20,1,5,1,
25,11,688,457,39,25,1,5,1,
25,13,391,474,54,15,1,5,1,
25,14,520,72,14,17,1,5,1,
25,15,14,263,40,19,1,5,1,
25,16,181,376,19,22,1,5,1,
25,17,749,252,28,11,1,5,1,
25,20,225,424,41,23,1,5,1,
25,21,601,474,58,18,1,5,1,
25,23,696,22,49,30,1,5,1,
25,24,728,158,21,25,1,5,1,
25,25,302,409,66,17,1,5,1,
25,26,624,346,20,16,1,5,1,
25,27,705,189,17,13,1,5,1,
25,29,760,159,13,15,1,5,1,
25,30,495,150,80,22,1,5,1,
26,1,482,215,67,18,1,5,1,
26,2,773,318,22,7,1,5,1,
26,3,296,367,23,13,1,5,1,
26,5,875,276,19,15,1,5,1,
26,6,793,222,18,9,1,5,1,
26,7,592,301,11,11,1,5,1,
26,8,540,287,92,22,1,5,1,
26,9,466,301,46,16,1,5,1,
26,10,603,207,49,19,1,5,1,
26,11,685,455,40,25,1,5,1,
26,13,398,473,53,15,1,5,1,
26,14,517,74,16,16,1,5,1,
26,15,11,263,40,19,1,5,1,
26,16,182,378,20,21,1,5,1,
26,17,747,252,27,11,1,5,1,
26,19,0,54,40,90,1,5,1,
26,20,227,426,44,23,1,5,1,
26,21,609,473,55,17,1,5,1,
26,23,701,24,47,30,1,5,1,
26,24,727,159,22,25,1,5,1,
26,25,309,409,67,17,1,5,1,
26,26,627,345,18,16,1,5,1,
26,27,703,190,15,13,1,5,1,
26,29,761,160,13,15,1,5,1,
26,30,502,151,79,22,1,5,1,
27,1,488,215,67,18,1,5,1,
27,2,770,317,22,8,1,5,1,
27,3,297,368,25,13,1,5,1,
27,5,874,276,19,14,1,5,1,
27,6,791,222,17,9,1,5,1,
27,7,592,301,11,10,1,5,1,
27,8,547,286,88,23,1,5,1,
27,9,471,301,45,16,1,5,1,
27,10,609,207,46,19,1,5,1,
27,11,683,453,40,25,1,5,1,
27,13,404,473,53,15,1,5,1,
27,14,513,76,19,15,1,5,1,
27,15,7,263,40,19,1,5,1,
27,16,183,379,22,22,1,5,1,
27,17,745,252,26,11,1,5,1,
27,19,0,46,54,94,1,5,1,
27,20,229,428,47,22,1,5,1,
27,21,617,472,52,17,1,5,1,
27,23,705,26,46,30,1,5,1,
27,24,727,159,21,26,1,5,1,
27,25,316,409,68,17,1,5,1,
27,26,629,344,17,16,1,5,1,
27,27,702,192,13,12,1,5,1,
27,29,762,161,13,15,1,5,1,
27,30,510,151,77,22,1,5,1,
28,1,495,215,66,18,1,5,1,
28,2,768,317,22,7,1,5,1,
28,3,300,369,26,13,1,5,1,
28,5,875,277,18,14,1,5,1,
28,6,789,223,17,8,1,5,1,
28,7,592,301,11,10,1,5,1,
28,8,554,286,83,22,1,5,1,
28,9,476,301,43,15,1,5,1,
28,10,614,208,45,19,1,5,1,
28,11,680,452,40,24,1,5,1,
28,13,410,472,52,15,1,5,1,
28,14,509,78,22,14,1,5,1,
28,15,4,263,39,19,1,5,1,
28,16,181,381,27,20,1,5,1,
28,17,743,252,26,11,1,5,1,
28,19,0,38,72,99,1,5,1,
28,20,231,429,50,22,1,5,1,
28,21,624,470,50,18,1,5,1,
28,23,709,28,45,29,1,5,1,
28,24,727,160,21,26,1,5,1,
28,25,324,409,68,17,1,5,1,
28,26,631,344,16,15,1,5,1,
28,27,700,193,13,12,1,5,1,
28,29,763,162,13,15,1,5,1,
28,30,518,151,75,23,1,5,1,
29,1,502,215,64,18,1,5,1,
29,2,766,316,21,8,1,5,1,
29,3,302,370,28,12,1,5,1,
29,5,874,276,19,14,1,5,1,
29,6,787,223,17,9,1,5,1,
29,7,592,300,11,11,1,5,1,
29,8,562,285,77,23,1,5,1,
29,9,481,300,41,16,1,5,1,
29,10,620,208,42,19,1,5,1,
29,11,678,450,40,23,1,5,1,
29,13,417,472,51,14,1,5,1,
29,14,505,80,24,13,1,5,1,
29,15,0,263,39,20,1,5,1,
29,16,180,383,36,19,1,5,1,
29,17,741,252,25,11,1,5,1,
29,19,0,31,92,102,1,5,1,
29,20,234,431,52,22,1,5,1,
29,21,633,469,45,18,1,5,1,
29,23,713,29,44,30,1,5,1,
29,24,727,162,22,24,1,5,1,
29,25,332,409,68,17,1,5,1,
29,26,633,343,15,15,1,5,1,
29,27,699,194,12,11,1,5,1,
29,29,764,163,13,15,1,5,1,
29,30,526,151,73,23,1,5,1,
30,1,507,215,65,18,1,5,1,
30,2,763,316,21,7,1,5,1,
30,3,305,371,27,13,1,5,1,
30,5,874,276,19,14,1,5,1,
30,6,785,223,17,9,1,5,1,
30,7,592,300,11,10,1,5,1,
30,8,569,285,71,22,1,5,1,
30,9,485,300,40,15,1,5,1,
30,10,622,209,44,19,1,5,1,
30,11,675,449,41,23,1,5,1,
30,13,423,471,50,15,1,5,1,
30,14,501,81,26,13,1,5,1,
30,15,0,263,36,20,1,5,1,
30,16,180,384,43,19,1,5,1,
30,17,739,252,24,11,1,5,1,
30,19,0,23,114,106,1,5,1,
30,20,238,432,53,22,1,5,1,
30,21,639,468,43,17,1,5,1,
30,23,716,31,44,29,1,5,1,
30,24,729,163,21,24,1,5,1,
30,25,339,409,69,16,1,5,1,
30,26,634,342,15,16,1,5,1,
30,27,698,195,12,11,1,5,1,
30,29,764,164,13,15,1,5,1,
30,30,532,152,73,22,1,5,1,
31,1,514,215,63,18,1,5,1,
31,2,761,315,21,8,1,5,1,
31,3,307,372,28,13,1,5,1,
31,5,874,276,18,14,1,5,1,
31,6,783,224,17,8,1,5,1,
31,7,592,300,11,10,1,5,1,
31,8,577,284,66,22,1,5,1,
31,9,489,299,41,15,1,5,1,
31,10,625,209,44,20,1,5,1,
31,11,672,447,41,23,1,5,1,
31,13,429,471,50,14,1,5,1,
31,14,497,83,28,11,1,5,1,
31,15,-2,262,34,21,1,5,1,
31,16,184,385,45,19,1,5,1,
31,17,737,253,24,10,1,5,1,
31,19,0,15,138,109,1,5,1,
31,20,241,434,56,21,1,5,1,
31,21,645,466,41,18,1,5,1,
31,23,720,33,42,29,1,5,1,
31,24,730,164,21,24,1,5,1,
31,25,347,409,68,16,1,5,1,
31,26,635,342,15,15,1,5,1,
31,27,697,195,12,12,1,5,1,
31,29,763,165,13,15,1,5,1,
31,30,539,152,71,23,1,5,1,
32,1,520,216,61,18,1,5,1,
32,2,759,315,20,7,1,5,1,
32,3,309,373,29,14,1,5,1,
32,5,873,276,19,14,1,5,1,
32,6,781,224,17,9,1,5,1,
32,7,591,299,12,10,1,5,1,
32,8,584,282,61,23,1,5,1,
32,9,494,298,40,15,1,5,1,
32,10,631,210,40,19,1,5,1,
32,11,670,446,41,22,1,5,1,
32,13,433,470,51,15,1,5,1,
32,14,493,84,29,11,1,5,1,
32,15,-5,262,34,21,1,5,1,
32,16,188,387,46,18,1,5,1,
32,17,734,253,25,11,1,5,1,
32,19,0,7,164,113,1,5,1,
32,20,245,435,57,22,1,5,1,
32,21,651,465,38,18,1,5,1,
32,23,724,34,40,30,1,5,1,
32,24,731,165,21,23,1,5,1,
32,25,355,409,68,16,1,5,1,
32,26,636,341,14,15,1,5,1,
32,27,696,196,12,11,1,5,1,
32,29,763,166,13,15,1,5,1,
32,30,547,152,68,23,1,5,1,
33,1,526,217,58,18,1,5,1,
33,2,756,315,21,7,1,5,1,
33,3,311,375,30,13,1,5,1,
33,5,873,276,18,13,1,5,1,
33,6,779,225,17,8,1,5,1,
33,7,591,299,12,10,1,5,1,
33,8,593,281,54,23,1,5,1,
33,9,500,297,36,15,1,5,1,
33,10,636,210,37,19,1,5,1,
33,11,667,444,41,22,1,5,1,
33,13,438,470,51,15,1,5,1,
33,14,489,85,30,10,1,5,1,
33,15,-9,262,34,21,1,5,1,
33,16,192,388,48,18,1,5,1,
33,17,732,253,25,11,1,5,1,
33,19,0,0,193,115,1,5,1,
33,20,249,437,58,21,1,5,1,
33,21,657,463,36,18,1,5,1,
33,23,728,36,38,29,1,5,1,
33,24,732,166,21,23,1,5,1,
33,25,363,409,68,16,1,5,1,
33,26,637,340,14,15,1,5,1,
33,27,694,197,12,11,1,5,1,
33,29,763,167,13,14,1,5,1,
33,30,554,152,66,24,1,5,1,
34,1,533,217,53,18,1,5,1,
34,2,754,314,21,7,1,5,1,
34,3,314,376,31,13,1,5,1,
34,5,873,276,17,13,1,5,1,
34,6,777,225,17,8,1,5,1,
34,7,591,299,11,10,1,5,1,
34,8,601,280,48,22,1,5,1,
34,9,505,297,34,14,1,5,1,
34,10,641,211,34,19,1,5,1,
34,11,664,443,42,21,1,5,1,
34,13,442,471,52,15,1,5,1,
34,14,484,87,32,8,1,5,1,
34,15,-12,262,33,21,1,5,1,
34,16,197,389,48,19,1,5,1,
34,17,730,253,24,11,1,5,1,
34,19,0,0,224,111,1,5,1,
34,20,253,438,60,21,1,5,1,
34,21,663,461,33,19,1,5,1,
34,23,732,37,36,30,1,5,1,
34,24,733,167,21,23,1,5,1,
34,25,372,408,67,16,1,5,1,
34,26,637,340,15,14,1,5,1,
34,27,693,198,12,11,1,5,1,
34,29,763,168,13,14,1,5,1,
34,30,561,153,64,23,1,5,1,
35,1,540,217,47,18,1,5,1,
35,2,752,314,20,7,1,5,1,
35,3,317,377,32,13,1,5,1,
35,5,872,276,18,13,1,5,1,
35,6,775,226,17,8,1,5,1,
35,7,591,298,11,10,1,5,1,
35,8,609,279,41,22,1,5,1,
35,9,510,296,31,15,1,5,1,
35,10,646,211,31,19,1,5,1,
35,11,662,442,41,20,1,5,1,
35,13,447,471,52,15,1,5,1,
35,14,480,87,33,8,1,5,1,
35,15,-15,263,33,20,1,5,1,
35,16,201,390,50,19,1,5,1,
35,17,728,253,24,11,1,5,1,
35,19,0,0,258,106,1,5,1,
35,20,257,439,62,22,1,5,1,
35,21,669,460,29,19,1,5,1,
35,23,735,39,35,29,1,5,1,
35,24,734,168,20,23,1,5,1,
35,25,380,408,66,16,1,5,1,
35,26,638,339,14,15,1,5,1,
35,27,692,199,12,10,1,5,1,
35,29,763,169,12,14,1,5,1,
35,30,568,153,61,24,1,5,1,
36,1,545,217,45,18,1,5,1,
36,2,750,313,20,7,1,5,1,
36,3,320,378,33,13,1,5,1,
36,5,871,276,18,13,1,5,1,
36,6,773,226,17,8,1,5,1,
36,7,590,298,12,10,1,5,1,
36,8,615,279,36,21,1,5,1,
36,9,514,296,29,14,1,5,1,
36,10,650,212,30,18,1,5,1,
36,11,659,440,41,21,1,5,1,
36,13,452,472,52,15,1,5,1,
36,14,476,88,33,7,1,5,1,
36,15,-19,266,33,17,1,5,1,
36,16,206,391,52,19,1,5,1,
36,17,726,254,24,10,1,5,1,
36,19,0,-3,295,105,1,5,1,
36,20,262,441,62,21,1,5,1,
36,21,673,458,28,19,1,5,1,
36,23,739,40,33,30,1,5,1,
36,24,734,169,21,22,1,5,1,
36,25,388,407,66,16,1,5,1,
36,26,640,339,14,14,1,5,1,
36,27,691,199,12,11,1,5,1,
36,29,763,170,12,14,1,5,1,
36,30,574,153,59,24,1,5,1,
37,1,550,217,44,18,1,5,1,
37,2,747,313,20,7,1,5,1,
37,3,323,379,35,13,1,5,1,
37,5,871,276,17,13,1,5,1,
37,6,771,227,17,7,1,5,1,
37,7,589,298,14,9,1,5,1,
37,8,620,279,33,21,1,5,1,
37,9,518,296,27,14,1,5,1,
37,10,654,212,28,19,1,5,1,
37,11,657,439,41,20,1,5,1,
37,13,457,473,51,15,1,5,1,
37,14,473,87,32,8,1,5,1,
37,16,212,392,52,19,1,5,1,
37,17,724,254,23,10,1,5,1,
37,19,0,-10,335,107,1,5,1,
37,20,267,442,63,21,1,5,1,
37,21,678,456,26,19,1,5,1,
37,23,742,42,31,30,1,5,1,
37,24,735,170,20,22,1,5,1,
37,25,397,407,64,15,1,5,1,
37,26,640,338,14,14,1,5,1,
37,27,689,200,12,11,1,5,1,
37,29,762,171,13,14,1,5,1,
37,30,581,154,56,24,1,5,1,
38,1,555,217,42,18,1,5,1,
38,2,745,313,20,7,1,5,1,
38,3,327,380,35,13,1,5,1,
38,5,870,276,18,12,1,5,1,
38,6,769,227,17,8,1,5,1,
38,7,588,297,16,10,1,5,1,
38,8,623,279,32,20,1,5,1,
38,9,521,295,26,15,1,5,1,
38,10,657,213,27,18,1,5,1,
38,11,654,438,41,19,1,5,1,
38,13,462,475,50,15,1,5,1,
38,14,469,87,32,7,1,5,1,
38,16,217,393,53,19,1,5,1,
38,17,722,254,22,10,1,5,1,
38,19,0,-16,377,108,1,5,1,
38,20,271,443,66,21,1,5,1,
38,21,682,454,25,19,1,5,1,
38,23,745,43,30,30,1,5,1,
38,24,735,171,20,22,1,5,1,
38,25,405,406,63,16,1,5,1,
38,26,640,337,14,14,1,5,1,
38,27,688,201,12,10,1,5,1,
38,29,762,172,12,14,1,5,1,
38,30,587,155,55,24,1,5,1,
39,1,559,218,41,18,1,5,1,
39,2,743,312,20,7,1,5,1,
39,3,330,381,37,13,1,5,1,
39,5,870,276,17,12,1,5,1,
39,6,767,227,17,8,1,5,1,
39,7,587,297,16,10,1,5,1,
39,8,626,278,30,21,1,5,1,
39,9,524,295,24,14,1,5,1,
39,10,660,214,26,17,1,5,1,
39,11,651,436,41,20,1,5,1,
39,13,467,475,52,15,1,5,1,
39,14,466,86,31,8,1,5,1,
39,16,222,394,55,19,1,5,1,
39,17,720,254,20,10,1,5,1,
39,19,0,-21,423,105,1,5,1,
39,20,276,444,67,21,1,5,1,
39,21,685,453,24,18,1,5,1,
39,23,745,47,35,27,1,5,1,
39,24,735,172,20,22,1,5,1,
39,25,413,406,62,15,1,5,1,
39,26,640,336,14,14,1,5,1,
39,27,686,202,12,10,1,5,1,
39,29,761,173,12,14,1,5,1,
39,30,592,156,54,23,1,5,1,
40,1,563,218,40,18,1,5,1,
40,2,741,312,19,7,1,5,1,
40,3,334,382,38,13,1,5,1,
40,5,870,276,17,12,1,5,1,
40,6,765,228,17,7,1,5,1,
40,7,586,297,16,9,1,5,1,
40,8,626,279,34,20,1,5,1,
40,9,527,295,23,14,1,5,1,
40,10,663,214,25,18,1,5,1,
40,11,648,435,42,19,1,5,1,
40,13,473,475,53,16,1,5,1,
40,14,463,86,30,7,1,5,1,
40,16,228,395,55,19,1,5,1,
40,17,718,255,19,10,1,5,1,
40,20,282,446,67,21,1,5,1,
40,21,688,451,24,18,1,5,1,
40,23,746,49,37,27,1,5,1,
40,24,735,172,20,23,1,5,1,
40,25,421,405,61,15,1,5,1,
40,26,640,335,14,15,1,5,1,
40,27,685,202,12,10,1,5,1,
40,29,760,174,13,14,1,5,1,
40,30,598,156,52,24,1,5,1,
41,1,567,219,39,17,1,5,1,
41,2,738,311,20,7,1,5,1,
41,3,338,383,38,13,1,5,1,
41,5,869,276,17,12,1,5,1,
41,6,763,228,17,8,1,5,1,
41,7,585,296,16,10,1,5,1,
41,8,628,279,34,20,1,5,1,
41,9,528,294,27,14,1,5,1,
41,10,665,215,25,17,1,5,1,
41,11,646,434,41,18,1,5,1,
41,13,479,475,54,16,1,5,1,
41,14,460,85,29,7,1,5,1,
41,16,233,396,57,19,1,5,1,
41,17,717,255,17,10,1,5,1,
41,20,287,447,69,21,1,5,1,
41,21,691,450,24,17,1,5,1,
41,23,749,51,36,26,1,5,1,
41,24,735,173,20,22,1,5,1,
41,25,428,404,61,15,1,5,1,
41,26,640,335,14,14,1,5,1,
41,27,683,203,13,10,1,5,1,
41,29,758,175,14,13,1,5,1,
41,30,601,158,56,23,1,5,1,
42,1,571,219,39,17,1,5,1,
42,2,736,311,19,7,1,5,1,
42,3,343,383,36,14,1,5,1,
42,5,869,275,16,13,1,5,1,
42,6,760,229,18,7,1,5,1,
42,7,583,296,16,10,1,5,1,
42,8,630,279,35,20,1,5,1,
42,9,529,294,30,13,1,5,1,
42,10,668,215,24,17,1,5,1,
42,11,643,433,42,18,1,5,1,
42,13,486,475,53,15,1,5,1,
42,14,458,83,28,8,1,5,1,
42,16,239,396,58,21,1,5,1,
42,17,715,255,17,11,1,5,1,
42,20,292,448,70,21,1,5,1,
42,21,694,448,24,17,1,5,1,
42,23,753,52,34,27,1,5,1,
42,24,735,174,20,22,1,5,1,
42,25,436,403,59,16,1,5,1,
42,26,640,334,15,14,1,5,1,
42,27,681,204,14,9,1,5,1,
42,29,757,176,14,13,1,5,1,
42,30,605,159,57,22,1,5,1,
43,1,576,219,36,17,1,5,1,
43,2,734,311,19,6,1,5,1,
43,3,348,383,34,15,1,5,1,
43,5,868,275,17,12,1,5,1,
43,6,758,229,18,7,1,5,1,
43,7,582,296,16,9,1,5,1,
43,8,633,278,34,20,1,5,1,
43,9,531,293,33,14,1,5,1,
43,10,670,216,24,17,1,5,1,
43,11,640,432,42,17,1,5,1,
43,13,493,474,52,15,1,5,1,
43,14,456,82,26,8,1,5,1,
43,16,245,397,58,21,1,5,1,
43,17,713,255,17,11,1,5,1,
43,20,298,449,70,21,1,5,1,
43,21,698,446,22,18,1,5,1,
43,23,756,53,32,27,1,5,1,
43,24,735,175,20,22,1,5,1,
43,25,444,403,57,15,1,5,1,
43,26,640,334,15,13,1,5,1,
43,27,679,204,14,10,1,5,1,
43,29,756,177,14,13,1,5,1,
43,30,611,160,56,22,1,5,1,
44,1,581,219,33,17,1,5,1,
44,2,732,310,18,7,1,5,1,
44,3,352,384,35,15,1,5,1,
44,5,868,275,17,12,1,5,1,
44,6,756,229,17,8,1,5,1,
44,7,581,296,16,9,1,5,1,
44,8,636,278,33,20,1,5,1,
44,9,533,292,36,14,1,5,1,
44,10,673,217,23,16,1,5,1,
44,11,638,431,41,17,1,5,1,
44,13,500,473,50,15,1,5,1,
44,14,455,80,23,9,1,5,1,
44,16,251,398,59,21,1,5,1,
44,17,712,255,17,11,1,5,1,
44,19,243,-12,407,84,1,5,1,
44,20,304,450,71,21,1,5,1,
44,21,701,445,22,17,1,5,1,
44,23,759,55,31,26,1,5,1,
44,24,735,176,20,21,1,5,1,
44,25,452,402,55,14,1,5,1,
44,26,641,333,14,14,1,5,1,
44,27,678,205,13,10,1,5,1,
44,29,754,178,15,13,1,5,1,
44,30,617,160,54,22,1,5,1,
45,1,586,219,31,17,1,5,1,
45,2,730,309,17,7,1,5,1,
45,3,356,385,35,15,1,5,1,
45,5,867,275,17,12,1,5,1,
45,6,754,230,17,7,1,5,1,
45,7,579,296,17,9,1,5,1,
45,8,639,278,32,20,1,5,1,
45,9,536,291,39,14,1,5,1,
45,10,676,217,22,16,1,5,1,
45,11,635,429,41,18,1,5,1,
45,13,508,472,47,15,1,5,1,
45,14,454,79,21,9,1,5,1,
45,16,258,399,60,21,1,5,1,
45,17,710,256,17,10,1,5,1,
45,19,290,-7,401,80,1,5,1,
45,20,309,451,73,21,1,5,1,
45,21,704,443,21,17,1,5,1,
45,23,762,56,29,27,1,5,1,
45,24,735,177,19,21,1,5,1,
45,25,459,401,54,14,1,5,1,
45,26,641,332,14,14,1,5,1,
45,27,676,206,13,9,1,5,1,
45,29,753,179,14,13,1,5,1,
45,30,622,161,53,22,1,5,1,
46,1,589,220,30,16,1,5,1,
46,2,727,309,17,7,1,5,1,
46,3,359,386,37,15,1,5,1,
46,5,866,275,18,12,1,5,1,
46,6,752,230,17,7,1,5,1,
46,7,578,295,17,9,1,5,1,
46,8,642,278,31,19,1,5,1,
46,9,540,291,40,13,1,5,1,
46,10,678,218,22,16,1,5,1,
46,11,632,428,42,17,1,5,1,
46,13,516,470,43,17,1,5,1,
46,14,453,77,18,10,1,5,1,
46,16,264,400,61,21,1,5,1,
46,17,709,256,16,10,1,5,1,
46,19,347,-1,382,76,1,5,1,
46,20,315,452,74,21,1,5,1,
46,21,707,442,20,16,1,5,1,
46,23,765,57,28,27,1,5,1,
46,24,735,178,19,20,1,5,1,
46,25,467,399,51,15,1,5,1,
46,26,641,332,14,13,1,5,1,
46,27,674,206,14,10,1,5,1,
46,29,751,180,15,12,1,5,1,
46,30,628,161,51,22,1,5,1,
47,1,592,220,30,16,1,5,1,
47,2,725,309,16,6,1,5,1,
47,3,363,387,38,16,1,5,1,
47,5,866,275,17,12,1,5,1,
47,6,750,230,17,7,1,5,1,
47,7,576,295,18,9,1,5,1,
47,8,645,278,30,19,1,5,1,
47,9,543,290,42,14,1,5,1,
47,10,681,218,21,16,1,5,1,
47,13,523,468,39,18,1,5,1,
47,14,453,75,15,11,1,5,1,
47,16,270,402,63,20,1,5,1,
47,17,707,256,17,10,1,5,1,
47,19,398,0,366,77,1,5,1,
47,20,321,454,75,20,1,5,1,
47,21,710,440,19,17,1,5,1,
47,23,767,59,27,27,1,5,1,
47,24,735,179,18,20,1,5,1,
47,25,474,398,50,15,1,5,1,
47,26,640,331,15,14,1,5,1,
47,27,672,207,14,9,1,5,1,
47,29,750,181,15,12,1,5,1,
47,30,633,162,50,22,1,5,1,
48,1,595,221,29,16,1,5,1,
48,2,723,308,16,7,1,5,1,
48,3,367,389,39,15,1,5,1,
48,5,865,275,17,12,1,5,1,
48,6,748,231,17,7,1,5,1,
48,7,575,295,18,9,1,5,1,
48,8,648,278,29,19,1,5,1,
48,9,547,290,44,13,1,5,1,
48,10,683,219,21,15,1,5,1,
48,13,531,466,33,19,1,5,1,
48,14,454,73,12,11,1,5,1,
48,16,276,403,64,21,1,5,1,
48,17,705,256,17,10,1,5,1,
48,19,442,0,354,79,1,5,1,
48,20,327,455,76,20,1,5,1,
48,21,713,439,18,16,1,5,1,
48,23,770,60,25,27,1,5,1,
48,24,734,179,19,21,1,5,1,
48,25,481,397,48,15,1,5,1,
48,26,640,331,14,13,1,5,1,
48,27,670,208,14,9,1,5,1,
48,29,748,182,15,12,1,5,1,
48,30,638,163,49,21,1,5,1,
49,1,598,221,29,16,1,5,1,
49,2,721,308,16,7,1,5,1,
49,3,371,390,41,15,1,5,1,
49,5,864,275,18,12,1,5,1,
49,6,745,231,17,7,1,5,1,
49,7,573,295,18,9,1,5,1,
49,8,650,278,29,18,1,5,1,
49,9,551,290,46,13,1,5,1,
49,10,685,219,20,16,1,5,1,
49,13,537,464,29,20,1,5,1,
49,14,454,71,9,12,1,5,1,
49,16,283,404,65,21,1,5,1,
49,17,704,256,16,10,1,5,1,
49,19,482,0,344,82,1,5,1,
49,20,333,455,77,21,1,5,1,
49,21,715,437,18,16,1,5,1,
49,23,772,62,24,26,1,5,1,
49,24,735,180,18,21,1,5,1,
49,25,488,396,45,15,1,5,1,
49,26,640,330,14,13,1,5,1,
49,27,667,208,16,9,1,5,1,
49,29,746,183,16,11,1,5,1,
49,30,643,164,49,21,1,5,1,
50,1,601,221,28,16,1,5,1,
50,2,719,308,16,6,1,5,1,
50,3,375,391,42,15,1,5,1,
50,5,863,275,17,11,1,5,1,
50,6,743,231,17,7,1,5,1,
50,7,572,295,18,8,1,5,1,
50,8,653,278,27,18,1,5,1,
50,9,555,291,47,12,1,5,1,
50,10,688,220,19,15,1,5,1,
50,13,544,462,22,20,1,5,1,
50,14,454,69,9,12,1,5,1,
50,16,290,405,66,21,1,5,1,
50,17,702,256,17,10,1,5,1,
50,19,527,0,328,85,1,5,1,
50,20,340,456,78,21,1,5,1,
50,21,718,436,17,16,1,5,1,
50,23,774,63,24,27,1,5,1,
50,24,735,182,18,19,1,5,1,
50,25,495,395,43,14,1,5,1,
50,26,640,330,14,13,1,5,1,
50,27,664,209,17,9,1,5,1,
50,29,744,183,16,12,1,5,1,
50,30,648,164,48,21,1,5,1,
51,1,604,222,29,15,1,5,1,
51,2,717,307,16,7,1,5,1,
51,3,379,392,44,15,1,5,1,
51,5,862,275,17,11,1,5,1,
51,6,741,232,17,7,1,5,1,
51,7,570,294,19,9,1,5,1,
51,8,656,277,26,19,1,5,1,
51,9,561,290,45,13,1,5,1,
51,10,690,220,19,15,1,5,1,
51,13,550,460,17,20,1,5,1,
51,14,455,67,8,13,1,5,1,
51,16,297,406,68,21,1,5,1,
51,17,700,256,17,10,1,5,1,
51,19,562,0,320,88,1,5,1,
51,20,346,457,79,21,1,5,1,
51,21,721,434,16,16,1,5,1,
51,23,776,65,23,26,1,5,1,
51,24,735,182,18,20,1,5,1,
51,25,501,394,41,14,1,5,1,
51,26,640,329,14,13,1,5,1,
51,27,661,209,18,9,1,5,1,
51,29,742,184,16,12,1,5,1,
51,30,653,165,47,21,1,5,1,
52,1,607,222,28,15,1,5,1,
52,2,716,307,15,7,1,5,1,
52,3,384,393,45,15,1,5,1,
52,5,862,275,16,11,1,5,1,
52,6,739,232,17,7,1,5,1,
52,7,569,294,19,9,1,5,1,
52,8,659,277,24,19,1,5,1,
52,9,567,289,42,13,1,5,1,
52,10,692,221,18,15,1,5,1,
52,13,553,458,15,20,1,5,1,
52,14,455,66,10,12,1,5,1,
52,16,305,406,66,23,1,5,1,
52,17,699,257,16,9,1,5,1,
52,19,604,0,304,91,1,5,1,
52,20,353,458,80,21,1,5,1,
52,21,723,433,16,15,1,5,1,
52,23,778,66,22,27,1,5,1,
52,24,736,183,17,20,1,5,1,
52,25,507,393,39,14,1,5,1,
52,26,640,329,14,13,1,5,1,
52,27,659,210,18,9,1,5,1,
52,29,741,185,15,12,1,5,1,
52,30,658,165,45,21,1,5,1,
53,1,611,222,25,15,1,5,1,
53,2,714,307,15,6,1,5,1,
53,3,389,394,47,16,1,5,1,
53,5,861,275,15,11,1,5,1,
53,6,737,232,17,7,1,5,1,
53,7,567,294,19,9,1,5,1,
53,8,661,277,23,18,1,5,1,
53,9,572,288,40,13,1,5,1,
53,10,694,221,17,15,1,5,1,
53,13,556,456,14,19,1,5,1,
53,14,455,64,12,12,1,5,1,
53,16,313,408,66,22,1,5,1,
53,17,697,257,17,9,1,5,1,
53,19,641,0,292,95,1,5,1,
53,20,360,458,81,21,1,5,1,
53,21,726,431,14,16,1,5,1,
53,23,780,68,22,26,1,5,1,
53,24,736,184,17,19,1,5,1,
53,25,515,392,33,14,1,5,1,
53,26,639,328,15,13,1,5,1,
53,27,656,211,18,8,1,5,1,
53,29,739,186,15,11,1,5,1,
53,30,663,166,43,21,1,5,1,
54,1,613,223,25,15,1,5,1,
54,3,394,396,48,15,1,5,1,
54,5,861,275,15,11,1,5,1,
54,6,735,233,16,6,1,5,1,
54,7,565,294,20,8,1,5,1,
54,8,664,277,22,18,1,5,1,
54,9,577,288,37,12,1,5,1,
54,10,696,221,17,15,1,5,1,
54,13,559,454,12,19,1,5,1,
54,14,455,62,15,12,1,5,1,
54,16,319,409,68,23,1,5,1,
54,17,695,257,17,9,1,5,1,
54,19,671,0,285,98,1,5,1,
54,20,367,459,81,21,1,5,1,
54,21,728,430,14,15,1,5,1,
54,23,782,69,21,26,1,5,1,
54,24,736,185,17,19,1,5,1,
54,25,521,390,30,15,1,5,1,
54,26,639,328,15,12,1,5,1,
54,27,654,211,18,9,1,5,1,
54,29,737,187,15,11,1,5,1,
54,30,667,167,43,20,1,5,1,
55,1,616,223,24,15,1,5,1,
55,3,399,397,50,15,1,5,1,
55,5,860,275,15,11,1,5,1,
55,6,733,233,16,7,1,5,1,
55,7,564,294,19,8,1,5,1,
55,8,666,277,21,18,1,5,1,
55,9,581,288,36,12,1,5,1,
55,10,697,222,17,15,1,5,1,
55,13,560,452,11,19,1,5,1,
55,14,456,60,18,12,1,5,1,
55,16,326,410,70,23,1,5,1,
55,17,694,257,17,9,1,5,1,
55,19,676,0,284,105,1,5,1,
55,20,373,459,83,22,1,5,1,
55,21,730,428,13,16,1,5,1,
55,23,784,71,20,26,1,5,1,
55,24,736,186,17,19,1,5,1,
55,25,526,389,27,15,1,5,1,
55,26,638,327,16,13,1,5,1,
55,27,651,212,18,8,1,5,1,
55,29,736,188,14,11,1,5,1,
55,30,671,167,42,21,1,5,1,
56,1,618,224,23,14,1,5,1,
56,3,404,398,52,15,1,5,1,
56,5,860,275,14,10,1,5,1,
56,6,731,233,16,7,1,5,1,
56,7,562,294,20,8,1,5,1,
56,8,666,277,23,18,1,5,1,
56,9,585,287,35,13,1,5,1,
56,10,698,222,17,15,1,5,1,
56,13,561,450,11,19,1,5,1,
56,14,457,59,20,12,1,5,1,
56,16,333,411,72,23,1,5,1,
56,17,692,257,17,9,1,5,1,
56,19,622,0,338,111,1,5,1,
56,20,380,460,84,22,1,5,1,
56,21,731,427,14,15,1,5,1,
56,23,785,72,20,26,1,5,1,
56,24,736,186,17,19,1,5,1,
56,25,531,388,25,14,1,5,1,
56,26,638,327,16,12,1,5,1,
56,27,649,212,18,9,1,5,1,
56,29,734,188,14,11,1,5,1,
56,30,675,168,41,21,1,5,1,
57,1,621,224,22,15,1,5,1,
57,3,410,399,53,15,1,5,1,
57,5,859,275,15,10,1,5,1,
57,6,728,234,17,6,1,5,1,
57,8,668,277,22,17,1,5,1,
57,9,591,288,32,12,1,5,1,
57,10,699,223,17,14,1,5,1,
57,13,561,449,12,18,1,5,1,
57,14,459,57,21,12,1,5,1,
57,16,341,413,72,23,1,5,1,
57,17,690,257,17,9,1,5,1,
57,19,636,0,324,115,1,5,1,
57,20,388,460,84,22,1,5,1,
57,21,733,426,13,15,1,5,1,
57,23,787,73,19,26,1,5,1,
57,24,736,187,17,19,1,5,1,
57,25,535,387,23,14,1,5,1,
57,26,637,326,16,13,1,5,1,
57,27,648,213,15,8,1,5,1,
57,29,733,189,13,11,1,5,1,
57,30,680,169,39,20,1,5,1,
58,1,623,225,21,14,1,5,1,
58,3,416,400,54,15,1,5,1,
58,5,859,275,14,10,1,5,1,
58,6,726,234,17,6,1,5,1,
58,8,671,277,20,17,1,5,1,
58,9,596,288,29,12,1,5,1,
58,10,701,223,16,15,1,5,1,
58,13,562,447,11,18,1,5,1,
58,14,462,55,22,12,1,5,1,
58,16,348,414,74,23,1,5,1,
58,17,689,257,17,10,1,5,1,
58,19,667,0,293,116,1,5,1,
58,20,395,461,85,22,1,5,1,
58,21,735,424,12,15,1,5,1,
58,23,788,75,18,26,1,5,1,
58,24,736,188,17,18,1,5,1,
58,25,539,385,21,15,1,5,1,
58,26,637,326,16,12,1,5,1,
58,27,646,213,15,8,1,5,1,
58,29,732,190,13,10,1,5,1,
58,30,684,169,37,21,1,5,1,
59,1,626,225,20,14,1,5,1,
59,3,422,401,55,15,1,5,1,
59,5,858,275,15,10,1,5,1,
59,6,724,234,17,7,1,5,1,
59,8,673,277,20,17,1,5,1,
59,9,600,288,27,12,1,5,1,
59,10,703,224,16,14,1,5,1,
59,13,562,445,11,18,1,5,1,
59,14,464,54,24,11,1,5,1,
59,16,356,415,76,24,1,5,1,
59,17,687,257,17,10,1,5,1,
59,19,702,0,258,115,1,5,1,
59,20,403,461,85,22,1,5,1,
59,21,736,423,13,15,1,5,1,
59,23,790,76,17,26,1,5,1,
59,24,736,188,16,18,1,5,1,
59,25,543,384,19,14,1,5,1,
59,26,636,325,17,13,1,5,1,
59,27,644,214,15,8,1,5,1,
59,29,730,191,13,10,1,5,1,
59,30,688,170,36,20,1,5,1,
60,1,628,225,19,15,1,5,1,
60,3,428,402,57,14,1,5,1,
60,5,857,275,15,10,1,5,1,
60,8,675,277,19,17,1,5,1,
60,9,603,288,26,12,1,5,1,
60,10,704,224,16,14,1,5,1,
60,13,562,443,12,18,1,5,1,
60,14,466,52,26,11,1,5,1,
60,16,364,417,77,23,1,5,1,
60,19,739,0,221,93,1,5,1,
60,20,410,461,85,22,1,5,1,
60,21,737,421,13,15,1,5,1,
60,23,791,78,17,25,1,5,1,
60,24,736,189,16,18,1,5,1,
60,25,546,383,18,14,1,5,1,
60,26,636,325,16,12,1,5,1,
60,27,642,214,15,8,1,5,1,
60,29,729,191,13,11,1,5,1,
60,30,691,171,36,20,1,5,1,
61,1,630,226,19,14,1,5,1,
61,3,435,403,58,14,1,5,1,
61,5,855,275,18,10,1,5,1,
61,8,676,277,19,17,1,5,1,
61,9,606,287,25,12,1,5,1,
61,10,705,225,16,13,1,5,1,
61,13,562,442,12,17,1,5,1,
61,14,469,50,27,12,1,5,1,
61,16,371,418,80,24,1,5,1,
61,19,776,0,184,70,1,5,1,
61,20,418,462,85,21,1,5,1,
61,21,738,420,13,15,1,5,1,
61,23,791,79,17,25,1,5,1,
61,24,735,189,17,18,1,5,1,
61,25,548,382,18,14,1,5,1,
61,26,635,324,17,13,1,5,1,
61,27,640,215,15,7,1,5,1,
61,29,728,192,12,10,1,5,1,
61,30,695,172,35,19,1,5,1,
62,1,632,226,18,14,1,5,1,
62,3,442,404,58,14,1,5,1,
62,5,853,275,21,9,1,5,1,
62,8,677,277,19,16,1,5,1,
62,9,609,287,25,12,1,5,1,
62,10,706,225,17,14,1,5,1,
62,12,952,371,7,8,1,5,1,
62,13,563,440,11,17,1,5,1,
62,14,472,49,28,11,1,5,1,
62,16,380,419,81,24,1,5,1,
62,19,816,0,144,49,1,5,1,
62,20,426,461,85,22,1,5,1,
62,21,740,419,12,14,1,5,1,
62,23,792,80,17,26,1,5,1,
62,24,735,190,16,18,1,5,1,
62,25,551,381,18,13,1,5,1,
62,26,634,324,17,12,1,5,1,
62,27,638,215,15,8,1,5,1,
62,29,726,193,13,10,1,5,1,
62,30,699,172,33,20,1,5,1,
63,1,634,227,17,13,1,5,1,
63,3,449,404,59,14,1,5,1,
63,5,852,275,19,9,1,5,1,
63,8,678,277,19,16,1,5,1,
63,9,612,287,23,12,1,5,1,
63,10,708,225,16,14,1,5,1,
63,12,950,369,9,10,1,5,1,
63,13,563,438,11,18,1,5,1,
63,14,475,47,30,11,1,5,1,
63,16,389,420,82,24,1,5,1,
63,20,434,461,85,22,1,5,1,
63,21,741,417,12,15,1,5,1,
63,23,792,82,17,25,1,5,1,
63,24,734,191,16,17,1,5,1,
63,25,553,380,18,13,1,5,1,
63,27,635,216,16,7,1,5,1,
63,29,725,194,12,9,1,5,1,
63,30,702,173,32,20,1,5,1,
64,1,637,227,14,14,1,5,1,
64,3,455,405,61,14,1,5,1,
64,5,850,274,21,10,1,5,1,
64,8,679,277,18,16,1,5,1,
64,9,615,287,22,12,1,5,1,
64,10,709,226,16,13,1,5,1,
64,12,948,368,11,12,1,5,1,
64,13,563,437,11,17,1,5,1,
64,14,478,46,31,11,1,5,1,
64,16,397,421,84,24,1,5,1,
64,20,441,461,86,22,1,5,1,
64,21,742,416,11,14,1,5,1,
64,23,793,83,17,25,1,5,1,
64,24,734,191,15,18,1,5,1,
64,25,556,378,17,14,1,5,1,
64,27,633,216,17,8,1,5,1,
64,29,724,194,12,10,1,5,1,
64,30,706,174,30,19,1,5,1,
65,1,638,227,14,14,1,5,1,
65,3,463,405,61,14,1,5,1,
65,5,845,274,26,10,1,5,1,
65,8,679,277,19,16,1,5,1,
65,9,618,287,21,11,1,5,1,
65,10,709,226,16,14,1,5,1,
65,12,946,367,13,12,1,5,1,
65,13,563,435,11,17,1,5,1,
65,14,482,44,32,11,1,5,1,
65,16,406,422,85,25,1,5,1,
65,20,449,462,86,22,1,5,1,
65,21,742,415,12,14,1,5,1,
65,23,793,85,17,25,1,5,1,
65,24,733,192,16,17,1,5,1,
65,25,558,377,16,13,1,5,1,
65,27,631,217,16,7,1,5,1,
65,29,722,195,13,10,1,5,1,
65,30,709,175,29,19,1,5,1,
66,1,639,228,14,13,1,5,1,
66,3,470,406,62,14,1,5,1,
66,5,846,274,22,10,1,5,1,
66,8,680,277,19,16,1,5,1,
66,9,621,287,19,11,1,5,1,
66,10,710,227,16,13,1,5,1,
66,12,944,366,16,12,1,5,1,
66,13,563,434,11,16,1,5,1,
66,14,485,43,34,10,1,5,1,
66,16,415,424,87,24,1,5,1,
66,20,456,462,87,22,1,5,1,
66,21,743,413,12,15,1,5,1,
66,23,793,86,17,25,1,5,1,
66,24,732,193,17,17,1,5,1,
66,25,561,376,15,13,1,5,1,
66,27,628,217,17,7,1,5,1,
66,29,721,196,12,9,1,5,1,
66,30,712,175,28,20,1,5,1,
67,1,640,228,14,14,1,5,1,
67,3,478,406,62,14,1,5,1,
67,5,845,274,18,10,1,5,1,
67,8,681,277,18,16,1,5,1,
67,9,624,287,17,11,1,5,1,
67,10,711,227,16,13,1,5,1,
67,12,943,365,16,12,1,5,1,
67,13,562,432,12,16,1,5,1,
67,14,489,42,35,10,1,5,1,
67,16,424,425,89,25,1,5,1,
67,20,464,462,87,23,1,5,1,
67,21,744,412,11,14,1,5,1,
67,23,794,87,16,25,1,5,1,
67,24,731,193,17,17,1,5,1,
67,25,562,376,18,12,1,5,1,
67,27,626,218,17,7,1,5,1,
67,29,720,196,12,10,1,5,1,
67,30,715,176,26,19,1,5,1,
68,1,641,229,14,13,1,5,1,
68,3,485,406,63,14,1,5,1,
68,5,843,274,19,10,1,5,1,
68,8,681,277,19,15,1,5,1,
68,9,626,286,16,12,1,5,1,
68,10,711,227,16,13,1,5,1,
68,12,941,364,18,12,1,5,1,
68,13,563,431,11,16,1,5,1,
68,14,493,40,36,11,1,5,1,
68,16,433,427,91,24,1,5,1,
68,20,472,463,88,22,1,5,1,
68,21,745,411,11,14,1,5,1,
68,23,794,89,16,24,1,5,1,
68,24,730,194,18,17,1,5,1,
68,25,562,375,23,11,1,5,1,
68,27,623,218,18,7,1,5,1,
68,29,718,197,13,9,1,5,1,
68,30,718,177,25,19,1,5,1,
69,1,642,229,13,13,1,5,1,
69,3,493,406,63,15,1,5,1,
69,5,838,274,25,10,1,5,1,
69,8,682,277,18,15,1,5,1,
69,9,628,286,15,12,1,5,1,
69,10,712,228,15,13,1,5,1,
69,12,939,363,20,11,1,5,1,
69,13,563,430,11,15,1,5,1,
69,14,497,39,37,11,1,5,1,
69,16,443,428,92,24,1,5,1,
69,20,480,463,88,22,1,5,1,
69,21,745,410,11,13,1,5,1,
69,23,794,90,16,24,1,5,1,
69,24,730,194,17,17,1,5,1,
69,25,563,374,26,11,1,5,1,
69,29,717,198,12,9,1,5,1,
69,30,720,178,25,18,1,5,1,
70,1,642,229,14,13,1,5,1,
70,3,501,407,63,14,1,5,1,
70,5,834,274,28,9,1,5,1,
70,8,682,277,18,15,1,5,1,
70,9,630,286,14,11,1,5,1,
70,10,712,228,16,13,1,5,1,
70,12,937,362,22,11,1,5,1,
70,13,564,428,10,16,1,5,1,
70,14,501,38,39,10,1,5,1,
70,16,452,429,94,24,1,5,1,
70,20,487,463,89,22,1,5,1,
70,21,746,408,11,14,1,5,1,
70,23,794,92,16,24,1,5,1,
70,24,729,195,18,16,1,5,1,
70,25,564,373,29,11,1,5,1,
70,29,716,198,12,9,1,5,1,
70,30,723,178,23,19,1,5,1,
71,1,643,230,13,13,1,5,1,
71,3,509,407,63,14,1,5,1,
71,5,834,274,24,9,1,5,1,
71,8,683,277,18,15,1,5,1,
71,9,632,286,13,11,1,5,1,
71,10,712,229,16,12,1,5,1,
71,12,935,361,22,11,1,5,1,
71,13,565,427,10,15,1,5,1,
71,14,506,36,39,11,1,5,1,
71,16,463,431,95,23,1,5,1,
71,20,496,463,88,22,1,5,1,
71,21,746,407,11,14,1,5,1,
71,23,794,93,16,24,1,5,1,
71,24,728,196,18,16,1,5,1,
71,25,565,373,34,11,1,5,1,
71,29,714,199,13,9,1,5,1,
71,30,725,179,23,18,1,5,1,
72,1,643,230,14,13,1,5,1,
72,3,517,407,63,14,1,5,1,
72,5,834,274,20,9,1,5,1,
72,8,683,277,18,15,1,5,1,
72,9,634,286,12,11,1,5,1,
72,10,713,229,15,12,1,5,1,
72,12,933,360,22,11,1,5,1,
72,13,566,426,11,15,1,5,1,
72,14,511,35,40,11,1,5,1,
72,16,473,431,96,24,1,5,1,
72,20,504,463,88,22,1,5,1,
72,21,746,406,12,13,1,5,1,
72,23,794,94,16,24,1,5,1,
72,24,727,196,19,16,1,5,1,
72,25,567,373,38,11,1,5,1,
72,29,713,199,12,9,1,5,1,
72,30,728,180,21,18,1,5,1,
73,1,644,230,13,13,1,5,1,
73,3,524,407,64,14,1,5,1,
73,5,830,274,23,9,1,5,1,
73,8,683,276,18,16,1,5,1,
73,9,636,286,12,11,1,5,1,
73,10,713,229,15,13,1,5,1,
73,12,932,359,21,11,1,5,1,
73,13,565,425,14,14,1,5,1,
73,14,515,34,41,11,1,5,1,
73,16,483,432,98,24,1,5,1,
73,20,512,463,88,22,1,5,1,
73,21,747,405,11,13,1,5,1,
73,23,794,96,15,23,1,5,1,
73,24,726,197,20,15,1,5,1,
73,25,569,372,42,11,1,5,1,
73,29,712,200,12,9,1,5,1,
73,30,730,180,21,19,1,5,1,
74,1,644,231,14,12,1,5,1,
74,3,532,407,64,14,1,5,1,
74,5,825,274,27,9,1,5,1,
74,8,684,276,17,15,1,5,1,
74,9,637,286,12,10,1,5,1,
74,10,713,230,15,12,1,5,1,
74,12,930,358,21,11,1,5,1,
74,13,565,424,17,14,1,5,1,
74,14,520,33,42,11,1,5,1,
74,16,494,433,98,24,1,5,1,
74,20,519,464,89,22,1,5,1,
74,21,747,403,11,14,1,5,1,
74,23,794,97,15,24,1,5,1,
74,24,724,197,22,16,1,5,1,
74,25,572,372,45,11,1,5,1,
74,29,710,201,12,8,1,5,1,
74,30,732,181,20,18,1,5,1,
75,1,645,231,13,13,1,5,1,
75,3,540,407,64,15,1,5,1,
75,5,822,274,29,9,1,5,1,
75,8,684,276,17,15,1,5,1,
75,9,638,286,12,10,1,5,1,
75,10,713,230,15,12,1,5,1,
75,12,928,357,21,11,1,5,1,
75,13,565,423,20,14,1,5,1,
75,14,525,32,43,11,1,5,1,
75,16,505,434,99,24,1,5,1,
75,20,528,466,88,21,1,5,1,
75,21,747,402,11,13,1,5,1,
75,23,794,99,15,23,1,5,1,
75,25,576,372,47,11,1,5,1,
75,30,734,182,20,18,1,5,1,
76,1,645,232,13,12,1,5,1,
76,3,547,408,65,14,1,5,1,
76,5,820,274,28,9,1,5,1,
76,8,684,276,17,15,1,5,1,
76,9,639,285,12,11,1,5,1,
76,10,713,230,15,12,1,5,1,
76,12,926,356,21,11,1,5,1,
76,13,565,423,24,12,1,5,1,
76,14,530,31,43,12,1,5,1,
76,16,515,434,101,24,1,5,1,
76,20,536,466,89,22,1,5,1,
76,21,747,401,12,13,1,5,1,
76,23,793,100,15,23,1,5,1,
76,25,580,373,49,11,1,5,1,
76,30,736,183,19,17,1,5,1,
77,1,646,232,13,12,1,5,1,
77,3,557,408,63,14,1,5,1,
77,5,817,274,28,9,1,5,1,
77,8,684,276,17,15,1,5,1,
77,9,640,285,11,11,1,5,1,
77,10,713,231,15,12,1,5,1,
77,12,924,355,21,11,1,5,1,
77,13,566,422,27,12,1,5,1,
77,14,536,31,43,11,1,5,1,
77,16,530,435,97,24,1,5,1,
77,20,547,466,85,23,1,5,1,
77,21,747,400,12,13,1,5,1,
77,23,791,101,17,23,1,5,1,
77,25,586,373,48,11,1,5,1,
77,30,739,183,17,18,1,5,1,
78,1,646,232,13,12,1,5,1,
78,3,564,408,64,14,1,5,1,
78,5,814,274,28,9,1,5,1,
78,8,684,276,17,15,1,5,1,
78,9,641,285,11,11,1,5,1,
78,10,713,231,15,12,1,5,1,
78,12,923,354,21,11,1,5,1,
78,13,567,422,31,11,1,5,1,
78,14,541,30,44,11,1,5,1,
78,16,540,435,98,24,1,5,1,
78,20,554,466,86,22,1,5,1,
78,21,748,399,11,13,1,5,1,
78,23,789,101,21,25,1,5,1,
78,25,591,373,49,11,1,5,1,
78,30,740,184,18,17,1,5,1,
79,1,646,233,13,12,1,5,1,
79,3,571,408,65,14,1,5,1,
79,5,812,274,28,8,1,5,1,
79,8,684,276,17,15,1,5,1,
79,9,641,285,12,10,1,5,1,
79,10,713,231,15,12,1,5,1,
79,12,921,354,21,10,1,5,1,
79,13,569,421,33,11,1,5,1,
79,14,546,29,45,12,1,5,1,
79,16,550,435,100,24,1,5,1,
79,20,562,465,85,23,1,5,1,
79,21,748,398,11,12,1,5,1,
79,23,786,103,25,24,1,5,1,
79,25,596,373,49,11,1,5,1,
79,30,742,185,17,17,1,5,1,
80,1,647,233,13,11,1,5,1,
80,3,579,408,65,15,1,5,1,
80,5,809,274,28,8,1,5,1,
80,8,684,276,17,14,1,5,1,
80,9,642,285,12,10,1,5,1,
80,10,713,232,15,11,1,5,1,
80,12,919,353,21,10,1,5,1,
80,13,571,421,35,11,1,5,1,
80,14,551,29,46,11,1,5,1,
80,16,562,435,98,23,1,5,1,
80,20,570,465,85,22,1,5,1,
80,21,747,397,12,12,1,5,1,
80,23,784,104,26,24,1,5,1,
80,25,602,373,48,11,1,5,1,
80,30,743,186,17,16,1,5,1,
81,1,649,233,13,11,1,5,1,
81,3,587,408,65,14,1,5,1,
81,5,807,274,27,8,1,5,1,
81,8,684,276,17,14,1,5,1,
81,9,643,285,11,10,1,5,1,
81,10,713,232,15,12,1,5,1,
81,12,917,352,21,10,1,5,1,
81,13,574,421,36,11,1,5,1,
81,14,556,28,46,11,1,5,1,
81,16,573,434,98,24,1,5,1,
81,20,577,464,85,21,1,5,1,
81,21,747,396,12,12,1,5,1,
81,23,782,106,26,23,1,5,1,
81,25,607,372,49,11,1,5,1,
81,30,744,186,17,17,1,5,1,
82,1,650,233,13,11,1,5,1,
82,3,595,408,64,14,1,5,1,
82,5,804,274,27,8,1,5,1,
82,8,684,276,17,14,1,5,1,
82,9,644,285,11,10,1,5,1,
82,10,713,232,15,12,1,5,1,
82,12,915,351,21,10,1,5,1,
82,13,578,420,35,11,1,5,1,
82,14,562,28,46,11,1,5,1,
82,16,585,434,97,23,1,5,1,
82,20,584,463,86,21,1,5,1,
82,21,747,395,11,12,1,5,1,
82,23,779,107,27,24,1,5,1,
82,25,613,372,48,11,1,5,1,
82,30,746,187,17,16,1,5,1,
83,1,651,233,12,11,1,5,1,
83,3,603,408,64,14,1,5,1,
83,5,801,274,28,8,1,5,1,
83,8,684,276,16,14,1,5,1,
83,9,645,285,11,10,1,5,1,
83,10,713,233,14,11,1,5,1,
83,12,914,350,20,11,1,5,1,
83,13,583,420,33,11,1,5,1,
83,14,567,27,47,12,1,5,1,
83,16,596,433,96,24,1,5,1,
83,20,591,461,86,22,1,5,1,
83,21,747,394,11,12,1,5,1,
83,23,777,109,27,23,1,5,1,
83,25,618,372,48,11,1,5,1,
83,30,747,188,17,16,1,5,1,
84,1,651,234,12,11,1,5,1,
84,3,611,408,64,14,1,5,1,
84,5,799,274,27,8,1,5,1,
84,8,684,276,16,14,1,5,1,
84,9,645,285,11,9,1,5,1,
84,10,713,233,14,11,1,5,1,
84,12,912,350,20,10,1,5,1,
84,13,587,419,32,11,1,5,1,
84,14,573,27,47,11,1,5,1,
84,16,608,432,95,24,1,5,1,
84,20,599,461,86,22,1,5,1,
84,21,747,392,11,13,1,5,1,
84,23,775,110,27,23,1,5,1,
84,25,624,372,48,11,1,5,1,
84,30,748,188,16,16,1,5,1,
85,1,650,234,13,11,1,5,1,
85,3,619,408,64,14,1,5,1,
85,5,796,274,27,8,1,5,1,
85,8,684,276,16,14,1,5,1,
85,9,645,284,11,10,1,5,1,
85,10,713,233,14,12,1,5,1,
85,12,910,349,20,10,1,5,1,
85,13,592,419,30,10,1,5,1,
85,14,579,27,47,11,1,5,1,
85,16,619,432,94,23,1,5,1,
85,20,606,462,87,21,1,5,1,
85,21,747,391,11,12,1,5,1,
85,23,773,112,27,22,1,5,1,
85,25,630,372,47,11,1,5,1,
85,30,749,189,16,16,1,5,1,
86,1,650,234,13,12,1,5,1,
86,3,628,408,62,14,1,5,1,
86,5,794,274,26,8,1,5,1,
86,8,683,276,16,14,1,5,1,
86,9,646,284,11,10,1,5,1,
86,10,712,234,14,11,1,5,1,
86,12,908,348,20,10,1,5,1,
86,13,596,418,29,11,1,5,1,
86,14,585,26,46,12,1,5,1,
86,16,630,432,93,23,1,5,1,
86,20,616,463,84,21,1,5,1,
86,21,746,390,12,12,1,5,1,
86,23,771,113,26,22,1,5,1,
86,25,636,372,46,11,1,5,1,
86,30,750,190,16,16,1,5,1,
87,1,651,235,12,11,1,5,1,
87,3,635,408,63,14,1,5,1,
87,5,791,274,27,8,1,5,1,
87,8,683,276,16,13,1,5,1,
87,9,646,284,11,10,1,5,1,
87,10,712,234,14,11,1,5,1,
87,12,907,348,19,9,1,5,1,
87,13,600,417,27,11,1,5,1,
87,14,591,26,46,12,1,5,1,
87,15,0,258,32,41,1,5,1,
87,16,641,431,93,24,1,5,1,
87,20,625,463,82,21,1,5,1,
87,21,746,389,11,12,1,5,1,
87,23,769,114,26,22,1,5,1,
87,25,641,371,46,11,1,5,1,
87,30,751,190,16,16,1,5,1,
88,1,651,235,12,11,1,5,1,
88,3,644,408,61,14,1,5,1,
88,5,789,274,26,8,1,5,1,
88,8,683,276,15,13,1,5,1,
88,9,646,284,11,10,1,5,1,
88,10,712,234,13,11,1,5,1,
88,12,905,347,19,9,1,5,1,
88,13,604,416,26,11,1,5,1,
88,14,597,26,46,12,1,5,1,
88,15,0,252,39,47,1,5,1,
88,16,653,431,90,23,1,5,1,
88,20,635,462,78,22,1,5,1,
88,21,746,388,11,12,1,5,1,
88,23,767,116,26,21,1,5,1,
88,25,647,371,44,11,1,5,1,
88,30,752,191,15,16,1,5,1,
89,1,651,235,12,11,1,5,1,
89,3,652,407,61,15,1,5,1,
89,5,786,274,26,8,1,5,1,
89,8,682,276,16,13,1,5,1,
89,9,647,284,10,9,1,5,1,
89,10,711,235,14,10,1,5,1,
89,12,903,346,19,10,1,5,1,
89,13,608,416,24,11,1,5,1,
89,14,603,26,46,11,1,5,1,
89,15,0,249,47,51,1,5,1,
89,16,665,430,88,23,1,5,1,
89,20,645,462,74,21,1,5,1,
89,21,745,387,12,12,1,5,1,
89,23,765,117,26,21,1,5,1,
89,25,653,371,43,11,1,5,1,
89,30,752,191,16,16,1,5,1,
90,1,651,236,12,10,1,5,1,
90,3,660,407,60,14,1,5,1,
90,5,784,274,26,7,1,5,1,
90,8,682,276,15,13,1,5,1,
90,9,647,284,10,9,1,5,1,
90,10,711,235,13,11,1,5,1,
90,12,901,345,19,10,1,5,1,
90,13,611,415,23,11,1,5,1,
90,14,609,26,45,11,1,5,1,
90,15,0,248,55,53,1,5,1,
90,16,676,430,87,23,1,5,1,
90,20,652,461,74,21,1,5,1,
90,21,745,386,12,12,1,5,1,
90,23,763,118,26,21,1,5,1,
90,25,658,371,43,11,1,5,1,
90,30,753,192,16,16,1,5,1,
91,1,651,236,12,11,1,5,1,
91,3,668,407,59,14,1,5,1,
91,8,681,276,16,13,1,5,1,
91,9,647,284,11,9,1,5,1,
91,10,711,235,13,11,1,5,1,
91,12,899,345,19,9,1,5,1,
91,13,614,414,22,11,1,5,1,
91,14,614,26,46,12,1,5,1,
91,15,0,245,66,56,1,5,1,
91,16,686,429,86,23,1,5,1,
91,20,658,460,75,20,1,5,1,
91,21,744,386,12,11,1,5,1,
91,23,761,120,26,21,1,5,1,
91,25,663,370,42,11,1,5,1,
91,30,753,193,16,15,1,5,1,
92,1,651,236,11,11,1,5,1,
92,3,675,407,60,14,1,5,1,
92,8,681,276,15,13,1,5,1,
92,9,647,284,11,9,1,5,1,
92,10,710,235,13,11,1,5,1,
92,12,898,344,19,9,1,5,1,
92,13,617,413,21,12,1,5,1,
92,14,620,26,45,12,1,5,1,
92,15,0,244,78,62,1,5,1,
92,16,696,428,86,23,1,5,1,
92,20,664,458,76,21,1,5,1,
92,21,744,385,12,11,1,5,1,
92,23,759,121,26,21,1,5,1,
92,25,668,370,42,11,1,5,1,
92,30,754,193,15,16,1,5,1,
93,1,651,236,11,11,1,5,1,
93,3,683,406,59,14,1,5,1,
93,8,681,276,14,13,1,5,1,
93,9,647,284,10,9,1,5,1,
93,10,709,236,14,10,1,5,1,
93,12,896,343,19,9,1,5,1,
93,13,620,412,20,12,1,5,1,
93,14,626,27,45,11,1,5,1,
93,15,0,244,90,63,1,5,1,
93,16,706,427,85,23,1,5,1,
93,20,670,458,76,21,1,5,1,
93,21,744,384,11,10,1,5,1,
93,23,757,122,26,21,1,5,1,
93,25,673,370,41,10,1,5,1,
93,30,754,194,16,15,1,5,1,
94,1,650,237,12,10,1,5,1,
94,3,691,406,58,14,1,5,1,
94,8,680,276,15,12,1,5,1,
94,9,647,284,10,9,1,5,1,
94,10,709,236,14,10,1,5,1,
94,12,894,343,19,9,1,5,1,
94,13,623,411,18,12,1,5,1,
94,14,632,27,44,11,1,5,1,
94,15,0,243,103,65,1,5,1,
94,16,716,427,84,22,1,5,1,
94,20,678,459,74,20,1,5,1,
94,21,744,384,11,10,1,5,1,
94,23,755,123,26,21,1,5,1,
94,25,678,369,41,11,1,5,1,
94,30,755,195,15,15,1,5,1,
95,1,650,237,12,10,1,5,1,
95,3,698,406,58,14,1,5,1,
95,8,679,276,15,12,1,5,1,
95,9,647,283,10,9,1,5,1,
95,10,708,236,15,11,1,5,1,
95,12,892,342,19,9,1,5,1,
95,13,627,410,15,12,1,5,1,
95,14,637,27,44,11,1,5,1,
95,15,0,243,118,65,1,5,1,
95,16,726,426,83,23,1,5,1,
95,20,687,458,70,21,1,5,1,
95,21,743,383,12,10,1,5,1,
95,23,753,125,26,20,1,5,1,
95,25,683,369,40,11,1,5,1,
95,30,755,195,15,15,1,5,1,
96,1,650,237,11,11,1,5,1,
96,3,706,406,57,14,1,5,1,
96,8,679,276,15,12,1,5,1,
96,9,647,283,10,9,1,5,1,
96,10,707,237,15,10,1,5,1,
96,12,890,341,19,9,1,5,1,
96,13,629,409,14,12,1,5,1,
96,14,642,28,44,11,1,5,1,
96,15,0,242,133,67,1,5,1,
96,16,736,426,82,22,1,5,1,
96,20,696,457,66,21,1,5,1,
96,21,743,382,12,10,1,5,1,
96,25,688,369,39,11,1,5,1,
96,30,755,196,16,14,1,5,1,
97,1,650,237,11,11,1,5,1,
97,3,713,405,56,14,1,5,1,
97,8,678,276,15,12,1,5,1,
97,9,646,283,11,9,1,5,1,
97,10,706,237,15,10,1,5,1,
97,12,889,341,18,9,1,5,1,
97,13,631,408,13,12,1,5,1,
97,14,648,28,43,11,1,5,1,
97,15,0,241,148,69,1,5,1,
97,16,746,425,81,22,1,5,1,
97,20,704,456,64,20,1,5,1,
97,21,742,381,13,10,1,5,1,
97,25,693,369,38,10,1,5,1,
97,30,756,196,15,15,1,5,1,
98,3,721,405,55,14,1,5,1,
98,8,678,276,15,12,1,5,1,
98,10,705,237,16,10,1,5,1,
98,12,887,340,18,9,1,5,1,
98,13,633,407,13,12,1,5,1,
98,14,653,28,43,11,1,5,1,
98,15,0,241,165,70,1,5,1,
98,16,756,424,79,22,1,5,1,
98,20,711,455,62,20,1,5,1,
98,21,742,380,12,10,1,5,1,
98,25,698,368,37,11,1,5,1,
98,30,755,197,15,15,1,5,1,
99,3,728,404,54,15,1,5,1,
99,8,677,276,15,12,1,5,1,
99,10,704,237,16,10,1,5,1,
99,12,885,340,19,8,1,5,1,
99,13,635,406,11,12,1,5,1,
99,14,658,29,43,11,1,5,1,
99,15,4,240,179,72,1,5,1,
99,16,765,424,79,22,1,5,1,
99,20,717,454,61,20,1,5,1,
99,21,741,379,13,10,1,5,1,
99,25,702,368,36,10,1,5,1,
99,30,755,198,15,15,1,5,1,
100,3,735,404,53,14,1,5,1,
100,8,676,276,16,12,1,5,1,
100,10,703,238,16,10,1,5,1,
100,12,883,339,19,9,1,5,1,
100,13,636,405,11,12,1,5,1,
100,14,663,29,43,11,1,5,1,
100,15,12,239,190,74,1,5,1,
100,16,773,423,79,22,1,5,1,
100,20,723,453,59,20,1,5,1,
100,21,741,378,12,11,1,5,1,
100,25,706,367,36,11,1,5,1,
100,30,755,198,15,15,1,5,1,
101,3,742,403,52,15,1,5,1,
101,8,675,276,16,12,1,5,1,
101,12,881,338,19,9,1,5,1,
101,13,638,404,10,12,1,5,1,
101,14,668,29,43,12,1,5,1,
101,15,22,238,200,76,1,5,1,
101,16,783,422,77,22,1,5,1,
101,20,729,452,58,20,1,5,1,
101,21,740,377,12,11,1,5,1,
101,25,711,367,34,10,1,5,1,
101,30,756,199,14,15,1,5,1,
102,3,748,403,52,14,1,5,1,
102,12,880,338,18,8,1,5,1,
102,13,639,403,10,12,1,5,1,
102,14,673,30,43,11,1,5,1,
102,15,31,238,212,78,1,5,1,
102,16,791,421,77,22,1,5,1,
102,20,735,451,57,20,1,5,1,
102,21,739,377,13,10,1,5,1,
102,25,715,366,33,11,1,5,1,
102,30,757,200,14,14,1,5,1,
103,3,755,402,50,14,1,5,1,
103,12,878,337,18,9,1,5,1,
103,13,640,402,9,12,1,5,1,
103,14,678,30,42,12,1,5,1,
103,15,42,237,224,80,1,5,1,
103,16,800,421,76,21,1,5,1,
103,20,741,450,55,19,1,5,1,
103,21,738,376,13,10,1,5,1,
103,25,719,366,32,10,1,5,1,
103,30,758,201,14,13,1,5,1,
104,3,760,402,51,14,1,5,1,
104,12,876,337,19,8,1,5,1,
104,13,641,401,9,12,1,5,1,
104,14,683,31,42,12,1,5,1,
104,15,52,236,238,82,1,5,1,
104,16,807,420,77,21,1,5,1,
104,20,745,449,55,19,1,5,1,
104,21,738,375,13,10,1,5,1,
104,25,722,365,33,11,1,5,1,
104,30,758,201,14,13,1,5,1,
105,3,767,401,49,14,1,5,1,
105,12,874,336,19,8,1,5,1,
105,14,688,31,41,12,1,5,1,
105,15,65,235,250,84,1,5,1,
105,16,816,419,76,21,1,5,1,
105,20,751,447,53,20,1,5,1,
105,21,737,374,13,10,1,5,1,
105,25,726,365,32,10,1,5,1,
105,30,759,202,14,12,1,5,1,
106,3,772,401,50,13,1,5,1,
106,12,872,336,19,8,1,5,1,
106,14,692,32,41,12,1,5,1,
106,15,75,234,267,87,1,5,1,
106,16,824,418,75,21,1,5,1,
106,20,756,446,52,20,1,5,1,
106,21,736,373,13,10,1,5,1,
106,25,730,364,30,11,1,5,1,
106,30,759,202,14,13,1,5,1,
107,3,779,400,48,14,1,5,1,
107,7,478,292,32,9,1,5,1,
107,12,871,335,18,8,1,5,1,
107,14,697,32,40,13,1,5,1,
107,15,90,233,281,89,1,5,1,
107,16,833,417,73,21,1,5,1,
107,20,762,445,50,19,1,5,1,
107,21,734,372,15,11,1,5,1,
107,25,734,364,29,10,1,5,1,
107,30,759,202,14,13,1,5,1,
108,3,785,399,47,14,1,5,1,
108,7,480,292,34,9,1,5,1,
108,12,869,335,18,8,1,5,1,
108,14,702,33,39,13,1,5,1,
108,15,103,232,298,92,1,5,1,
108,16,841,417,73,20,1,5,1,
108,20,767,444,49,19,1,5,1,
108,25,737,363,29,11,1,5,1,
108,30,759,203,14,12,1,5,1,
109,3,791,399,46,13,1,5,1,
109,7,483,292,35,9,1,5,1,
109,12,867,334,18,8,1,5,1,
109,14,707,34,38,13,1,5,1,
109,15,119,231,315,95,1,5,1,
109,16,850,416,71,21,1,5,1,
109,20,772,443,47,19,1,5,1,
109,25,741,363,28,10,1,5,1,
109,30,760,203,13,13,1,5,1,
110,3,797,398,45,14,1,5,1,
110,7,485,292,38,9,1,5,1,
110,12,865,334,19,8,1,5,1,
110,14,711,34,38,13,1,5,1,
110,15,133,230,336,97,1,5,1,
110,16,857,415,71,21,1,5,1,
110,20,777,442,46,19,1,5,1,
110,25,744,362,27,10,1,5,1,
110,30,760,204,13,12,1,5,1,
111,3,803,397,43,14,1,5,1,
111,7,488,292,39,9,1,5,1,
111,12,863,333,19,8,1,5,1,
111,14,716,35,37,13,1,5,1,
111,15,150,228,357,101,1,5,1,
111,16,865,414,69,21,1,5,1,
111,20,782,440,44,20,1,5,1,
111,25,747,362,27,10,1,5,1,
111,30,760,204,13,13,1,5,1,
112,3,808,397,43,13,1,5,1,
112,7,491,292,40,9,1,5,1,
112,12,862,333,18,7,1,5,1,
112,14,720,36,37,13,1,5,1,
112,15,166,227,381,104,1,5,1,
112,16,873,413,68,21,1,5,1,
112,20,786,439,43,20,1,5,1,
112,25,750,361,26,10,1,5,1,
112,30,760,205,13,12,1,5,1,
113,3,813,396,42,13,1,5,1,
113,7,494,292,42,9,1,5,1,
113,12,860,332,18,8,1,5,1,
113,14,724,37,36,13,1,5,1,
113,15,183,226,406,107,1,5,1,
113,16,881,413,66,20,1,5,1,
113,20,791,438,41,19,1,5,1,
113,25,753,361,25,10,1,5,1,
113,30,760,205,13,12,1,5,1,
114,3,819,395,40,13,1,5,1,
114,7,498,292,41,9,1,5,1,
114,11,482,432,44,15,1,5,1,
114,12,858,332,19,7,1,5,1,
114,14,728,38,36,13,1,5,1,
114,15,200,225,432,109,1,5,1,
114,16,888,412,66,20,1,5,1,
114,20,795,437,40,19,1,5,1,
114,25,756,360,24,10,1,5,1,
114,30,759,206,14,12,1,5,1,
115,3,825,395,38,13,1,5,1,
115,7,502,292,41,9,1,5,1,
115,11,484,433,47,15,1,5,1,
115,12,856,331,19,8,1,5,1,
115,14,733,38,34,14,1,5,1,
115,15,218,224,457,111,1,5,1,
115,16,896,411,63,20,1,5,1,
115,20,800,436,38,19,1,5,1,
115,25,760,360,23,9,1,5,1,
115,30,759,206,13,12,1,5,1,
116,3,830,394,37,13,1,5,1,
116,7,507,292,39,9,1,5,1,
116,11,486,435,49,14,1,5,1,
116,12,855,331,18,7,1,5,1,
116,14,738,39,32,14,1,5,1,
116,15,238,223,476,113,1,5,1,
116,16,904,411,56,19,1,5,1,
116,20,805,435,36,18,1,5,1,
116,25,763,359,22,10,1,5,1,
116,30,759,207,13,12,1,5,1,
117,3,835,393,36,13,1,5,1,
117,7,511,292,38,8,1,5,1,
117,11,489,435,50,15,1,5,1,
117,12,853,330,18,8,1,5,1,
117,14,742,40,31,14,1,5,1,
117,15,260,223,488,113,1,5,1,
117,16,912,410,48,19,1,5,1,
117,20,809,433,35,19,1,5,1,
117,25,766,359,20,9,1,5,1,
117,30,759,207,13,12,1,5,1,
118,3,840,392,35,13,1,5,1,
118,7,516,291,35,9,1,5,1,
118,11,492,436,52,15,1,5,1,
118,12,851,330,18,7,1,5,1,
118,14,746,41,30,14,1,5,1,
118,15,286,223,493,112,1,5,1,
118,16,920,410,40,18,1,5,1,
118,20,813,432,33,19,1,5,1,
118,25,769,358,19,10,1,5,1,
118,30,758,207,13,12,1,5,1,
119,3,845,392,33,12,1,5,1,
119,7,520,291,35,9,1,5,1,
119,11,495,437,53,14,1,5,1,
119,12,849,329,18,8,1,5,1,
119,14,749,42,30,14,1,5,1,
119,15,319,223,491,111,1,5,1,
119,16,927,412,33,15,1,5,1,
119,20,817,431,32,19,1,5,1,
119,25,771,357,19,10,1,5,1,
119,30,758,208,13,12,1,5,1,
120,3,850,391,32,12,1,5,1,
120,7,523,291,36,9,1,5,1,
120,11,498,437,55,15,1,5,1,
120,12,847,329,18,7,1,5,1,
120,14,753,43,29,15,1,5,1,
120,15,357,223,484,110,1,5,1,
120,16,934,411,26,15,1,5,1,
120,20,820,430,31,18,1,5,1,
120,25,774,357,18,9,1,5,1,
120,30,758,208,12,12,1,5,1,
121,3,854,390,31,13,1,5,1,
121,7,525,291,38,9,1,5,1,
121,11,501,438,56,14,1,5,1,
121,12,846,328,18,8,1,5,1,
121,14,756,44,29,15,1,5,1,
121,15,397,224,475,108,1,5,1,
121,16,941,413,19,9,1,5,1,
121,20,824,429,29,18,1,5,1,
121,25,776,356,17,10,1,5,1,
121,30,757,209,13,11,1,5,1,
122,3,858,389,30,13,1,5,1,
122,7,528,291,39,9,1,5,1,
122,11,505,438,57,15,1,5,1,
122,12,844,328,18,7,1,5,1,
122,14,760,45,27,15,1,5,1,
122,15,437,224,467,107,1,5,1,
122,20,827,427,28,19,1,5,1,
122,25,778,356,17,9,1,5,1,
122,30,757,209,12,12,1,5,1,
123,3,862,389,29,12,1,5,1,
123,7,531,291,40,9,1,5,1,
123,11,509,438,57,15,1,5,1,
123,14,763,46,27,15,1,5,1,
123,15,477,225,458,106,1,5,1,
123,20,830,425,28,20,1,5,1,
123,25,780,355,16,10,1,5,1,
124,3,865,388,29,12,1,5,1,
124,7,533,292,42,8,1,5,1,
124,11,512,438,58,15,1,5,1,
124,14,765,47,27,15,1,5,1,
124,15,505,225,454,105,1,5,1,
124,20,832,423,29,21,1,5,1,
124,25,782,354,16,10,1,5,1,
125,3,868,387,29,12,1,5,1,
125,7,536,292,43,8,1,5,1,
125,11,515,438,60,15,1,5,1,
125,14,768,48,26,15,1,5,1,
125,15,540,226,420,104,1,5,1,
125,20,834,421,30,21,1,5,1,
125,25,783,354,15,9,1,5,1,
126,3,871,386,29,12,1,5,1,
126,7,540,291,42,9,1,5,1,
126,11,519,438,60,15,1,5,1,
126,14,771,49,26,16,1,5,1,
126,15,574,226,386,103,1,5,1,
126,20,835,420,32,21,1,5,1,
126,25,785,353,14,10,1,5,1,
127,3,875,384,26,13,1,5,1,
127,7,544,291,42,9,1,5,1,
127,11,523,438,60,16,1,5,1,
127,14,774,51,25,15,1,5,1,
127,15,612,227,348,102,1,5,1,
127,20,836,419,33,20,1,5,1,
127,25,787,353,13,9,1,5,1,
128,3,879,382,22,14,1,5,1,
128,7,548,291,41,9,1,5,1,
128,11,528,438,59,15,1,5,1,
128,14,777,52,24,15,1,5,1,
128,15,651,227,309,101,1,5,1,
128,20,837,418,34,19,1,5,1,
128,25,789,352,12,10,1,5,1,
129,3,883,381,19,14,1,5,1,
129,7,552,291,41,9,1,5,1,
129,11,532,438,59,15,1,5,1,
129,14,780,53,23,15,1,5,1,
129,15,687,227,273,101,1,5,1,
129,20,840,417,34,18,1,5,1,
129,25,791,352,11,9,1,5,1,
130,3,886,379,17,15,1,5,1,
130,7,555,291,41,9,1,5,1,
130,11,536,438,59,15,1,5,1,
130,14,782,54,22,16,1,5,1,
130,15,719,231,241,96,1,5,1,
130,20,842,416,34,18,1,5,1,
130,25,792,351,11,10,1,5,1,
131,3,887,378,17,15,1,5,1,
131,7,560,291,39,9,1,5,1,
131,11,541,438,57,15,1,5,1,
131,14,785,56,21,15,1,5,1,
131,15,758,235,202,82,1,5,1,
131,20,845,415,33,17,1,5,1,
131,25,793,350,11,10,1,5,1,
132,3,888,377,17,14,1,5,1,
132,7,563,291,40,9,1,5,1,
132,11,545,438,57,15,1,5,1,
132,14,787,57,21,15,1,5,1,
132,15,789,242,171,72,1,5,1,
132,20,848,414,32,17,1,5,1,
132,25,794,350,11,9,1,5,1,
133,3,889,376,17,14,1,5,1,
133,11,550,437,56,15,1,5,1,
133,14,790,58,19,16,1,5,1,
133,15,825,249,135,46,1,5,1,
133,20,851,413,31,17,1,5,1,
133,25,795,349,10,10,1,5,1,
134,3,891,376,16,13,1,5,1,
134,11,553,437,56,15,1,5,1,
134,14,792,59,19,16,1,5,1,
134,20,853,412,30,17,1,5,1,
134,25,795,349,11,9,1,5,1,
135,3,892,375,16,13,1,5,1,
135,11,557,436,55,15,1,5,1,
135,14,793,60,19,16,1,5,1,
135,20,855,411,30,17,1,5,1,
135,25,796,348,10,10,1,5,1,
136,3,892,374,17,13,1,5,1,
136,11,561,436,54,15,1,5,1,
136,14,795,61,18,16,1,5,1,
136,20,858,410,29,17,1,5,1,
136,25,796,348,11,9,1,5,1,
137,3,893,373,16,13,1,5,1,
137,11,565,435,53,15,1,5,1,
137,14,797,62,17,17,1,5,1,
137,20,860,409,29,18,1,5,1,
137,25,797,347,10,9,1,5,1,
138,3,894,372,16,13,1,5,1,
138,11,569,435,52,14,1,5,1,
138,14,799,64,17,16,1,5,1,
138,20,863,408,27,18,1,5,1,
138,25,797,347,10,9,1,5,1,
139,3,895,371,16,13,1,5,1,
139,11,573,434,51,15,1,5,1,
139,14,801,65,16,16,1,5,1,
139,20,865,407,27,18,1,5,1,
139,25,797,346,10,9,1,5,1,
140,3,895,370,16,13,1,5,1,
140,11,578,434,48,14,1,5,1,
140,14,803,66,15,17,1,5,1,
140,20,868,406,26,17,1,5,1,
140,25,797,345,11,10,1,5,1,
141,3,896,369,16,13,1,5,1,
141,11,582,433,47,14,1,5,1,
141,14,804,68,15,16,1,5,1,
141,20,870,405,25,17,1,5,1,
141,25,797,345,11,9,1,5,1,
142,3,896,369,16,12,1,5,1,
142,11,585,432,46,15,1,5,1,
142,14,806,69,14,16,1,5,1,
142,20,872,404,25,18,1,5,1,
142,25,797,344,11,10,1,5,1,
143,3,897,368,15,12,1,5,1,
143,11,590,432,43,15,1,5,1,
143,14,807,70,14,16,1,5,1,
143,20,874,403,24,17,1,5,1,
143,25,797,344,11,9,1,5,1,
143,27,456,231,22,6,1,5,1,
144,3,897,367,16,12,1,5,1,
144,11,594,431,41,15,1,5,1,
144,14,809,72,12,16,1,5,1,
144,20,877,402,23,17,1,5,1,
144,25,797,343,10,9,1,5,1,
144,27,457,230,24,7,1,5,1,
145,3,897,366,16,12,1,5,1,
145,14,810,73,12,16,1,5,1,
145,20,879,401,22,17,1,5,1,
145,25,797,343,10,9,1,5,1,
145,27,459,230,26,6,1,5,1,
146,3,898,365,15,13,1,5,1,
146,14,811,74,12,16,1,5,1,
146,20,881,400,21,17,1,5,1,
146,25,797,342,10,9,1,5,1,
146,27,460,230,28,6,1,5,1,
147,3,898,365,15,12,1,5,1,
147,14,812,76,11,16,1,5,1,
147,20,883,399,20,17,1,5,1,
147,25,797,342,10,9,1,5,1,
147,27,462,230,30,6,1,5,1,
148,3,898,364,15,12,1,5,1,
148,14,813,77,11,16,1,5,1,
148,20,884,398,20,17,1,5,1,
148,25,797,341,9,9,1,5,1,
148,27,465,230,31,6,1,5,1,
149,3,898,363,15,12,1,5,1,
149,14,814,78,10,16,1,5,1,
149,20,884,397,20,17,1,5,1,
149,25,796,341,10,8,1,5,1,
149,27,467,230,32,6,1,5,1,
150,3,898,362,14,12,1,5,1,
150,14,815,79,9,16,1,5,1,
150,20,885,396,20,17,1,5,1,
150,25,796,340,10,9,1,5,1,
150,27,471,229,32,7,1,5,1,
