1,1,545,-9,84,22,1,5,1,
1,2,835,442,71,20,1,5,1,
1,3,772,171,36,19,1,5,1,
1,4,354,251,16,14,1,5,1,
1,5,653,455,74,47,1,5,1,
1,6,633,0,25,22,1,5,1,
1,7,774,226,90,20,1,5,1,
1,8,515,435,50,60,1,5,1,
1,9,0,263,107,23,1,5,1,
1,10,765,239,45,21,1,5,1,
1,11,236,421,16,27,1,5,1,
1,12,607,392,40,14,1,5,1,
1,13,351,212,53,13,1,5,1,
1,14,199,450,54,13,1,5,1,
1,15,23,211,159,31,1,5,1,
1,16,635,122,28,15,1,5,1,
1,18,887,147,70,24,1,5,1,
1,19,19,103,129,28,1,5,1,
1,20,932,467,28,25,1,5,1,
1,21,242,149,37,24,1,5,1,
1,22,250,219,186,44,1,5,1,
1,23,308,381,33,39,1,5,1,
1,24,11,397,65,17,1,5,1,
1,25,165,260,39,19,1,5,1,
1,27,476,367,13,21,1,5,1,
1,28,898,1,60,17,1,5,1,
1,29,141,305,78,18,1,5,1,
1,30,456,239,23,19,1,5,1,
1,31,878,0,36,21,1,5,1,
1,32,261,427,26,25,1,5,1,
1,33,730,259,26,21,1,5,1,
1,34,45,266,99,19,1,5,1,
1,35,238,214,74,16,1,5,1,
1,37,392,228,124,43,1,5,1,
2,1,552,-10,87,21,1,5,1,
2,2,843,443,72,20,1,5,1,
2,3,764,170,46,19,1,5,1,
2,4,355,251,18,14,1,5,1,
2,5,656,458,83,49,1,5,1,
2,6,627,0,35,27,1,5,1,
2,7,764,226,93,20,1,5,1,
2,8,513,438,43,66,1,5,1,
2,9,0,264,115,23,1,5,1,
2,10,766,239,36,21,1,5,1,
2,11,234,423,15,27,1,5,1,
2,12,611,392,40,14,1,5,1,
2,13,356,212,53,13,1,5,1,
2,14,205,450,53,13,1,5,1,
2,15,1,209,171,32,1,5,1,
2,16,637,119,34,17,1,5,1,
2,18,900,148,59,25,1,5,1,
2,19,4,100,134,30,1,5,1,
2,20,936,469,24,27,1,5,1,
2,21,244,152,41,22,1,5,1,
2,22,231,219,193,44,1,5,1,
2,23,309,382,26,42,1,5,1,
2,24,2,397,67,19,1,5,1,
2,25,165,260,48,19,1,5,1,
2,27,477,368,13,23,1,5,1,
2,28,889,0,64,19,1,5,1,
2,29,148,305,80,17,1,5,1,
2,30,456,240,21,18,1,5,1,
2,31,880,0,41,23,1,5,1,
2,32,262,425,22,27,1,5,1,
2,33,728,260,27,20,1,5,1,
2,34,55,266,100,19,1,5,1,
2,35,245,214,74,16,1,5,1,
2,37,396,228,133,43,1,5,1,
3,2,856,444,63,19,1,5,1,
3,3,756,170,54,19,1,5,1,
3,4,354,252,23,14,1,5,1,
3,5,661,462,90,50,1,5,1,
3,6,629,0,35,32,1,5,1,
3,7,755,226,94,21,1,5,1,
3,8,514,442,34,73,1,5,1,
3,9,4,264,118,23,1,5,1,
3,10,768,238,28,22,1,5,1,
3,11,232,426,15,27,1,5,1,
3,12,617,392,37,14,1,5,1,
3,13,362,212,52,13,1,5,1,
3,14,212,450,50,13,1,5,1,
3,15,-3,207,161,33,1,5,1,
3,16,639,116,40,18,1,5,1,
3,18,912,148,47,26,1,5,1,
3,19,0,97,126,31,1,5,1,
3,20,941,472,19,29,1,5,1,
3,21,248,154,45,21,1,5,1,
3,22,212,218,198,45,1,5,1,
3,23,309,383,24,46,1,5,1,
3,24,-1,397,62,21,1,5,1,
3,25,167,260,55,19,1,5,1,
3,27,475,370,16,23,1,5,1,
3,28,880,0,67,22,1,5,1,
3,29,156,305,80,17,1,5,1,
3,30,458,240,20,18,1,5,1,
3,31,884,0,40,25,1,5,1,
3,32,263,422,22,28,1,5,1,
3,33,729,260,25,20,1,5,1,
3,34,68,267,97,19,1,5,1,
3,35,253,214,73,16,1,5,1,
3,37,403,229,141,42,1,5,1,
4,2,868,444,55,19,1,5,1,
4,3,747,171,63,19,1,5,1,
4,4,353,252,30,14,1,5,1,
4,5,668,467,96,49,1,5,1,
4,6,633,0,33,34,1,5,1,
4,7,746,227,94,22,1,5,1,
4,8,512,447,35,81,1,5,1,
4,9,16,263,116,23,1,5,1,
4,10,767,238,29,21,1,5,1,
4,11,230,428,14,28,1,5,1,
4,12,623,393,34,13,1,5,1,
4,13,367,212,53,13,1,5,1,
4,14,218,450,48,13,1,5,1,
4,15,-27,205,168,34,1,5,1,
4,16,642,114,45,18,1,5,1,
4,18,924,149,35,27,1,5,1,
4,19,-12,94,125,32,1,5,1,
4,21,251,155,49,21,1,5,1,
4,22,192,217,204,46,1,5,1,
4,23,308,385,24,48,1,5,1,
4,24,-9,398,62,20,1,5,1,
4,25,171,260,60,19,1,5,1,
4,27,473,371,21,25,1,5,1,
4,28,872,0,68,26,1,5,1,
4,29,165,305,80,16,1,5,1,
4,30,460,240,19,18,1,5,1,
4,31,889,0,38,27,1,5,1,
4,32,265,419,21,31,1,5,1,
4,33,731,260,24,19,1,5,1,
4,34,82,267,93,19,1,5,1,
4,35,260,214,73,17,1,5,1,
4,37,411,229,147,41,1,5,1,
5,2,873,444,60,19,1,5,1,
5,3,738,171,71,20,1,5,1,
5,4,354,252,34,14,1,5,1,
5,5,675,472,101,48,1,5,1,
5,6,638,0,32,36,1,5,1,
5,7,739,229,91,20,1,5,1,
5,8,511,452,37,91,1,5,1,
5,9,28,263,112,23,1,5,1,
5,10,767,237,30,22,1,5,1,
5,11,229,431,15,27,1,5,1,
5,12,629,393,30,13,1,5,1,
5,13,372,212,55,13,1,5,1,
5,14,224,451,46,12,1,5,1,
5,15,-52,203,175,35,1,5,1,
5,16,646,111,51,18,1,5,1,
5,18,926,150,34,28,1,5,1,
5,19,-26,90,126,34,1,5,1,
5,21,255,156,52,21,1,5,1,
5,22,172,215,209,47,1,5,1,
5,23,307,388,24,48,1,5,1,
5,24,-18,399,62,20,1,5,1,
5,25,176,260,65,18,1,5,1,
5,27,473,373,26,25,1,5,1,
5,28,864,1,68,28,1,5,1,
5,29,174,304,79,17,1,5,1,
5,30,461,241,21,18,1,5,1,
5,31,895,0,39,27,1,5,1,
5,32,268,416,20,32,1,5,1,
5,33,734,261,23,18,1,5,1,
5,34,94,267,90,19,1,5,1,
5,35,268,214,71,17,1,5,1,
5,37,419,229,154,41,1,5,1,
6,2,877,444,67,20,1,5,1,
6,3,729,170,77,23,1,5,1,
6,4,355,253,39,13,1,5,1,
6,5,684,477,105,46,1,5,1,
6,6,644,0,33,37,1,5,1,
6,7,732,229,88,20,1,5,1,
6,8,512,458,39,85,1,5,1,
6,9,41,263,106,23,1,5,1,
6,10,768,235,31,23,1,5,1,
6,11,230,434,14,26,1,5,1,
6,12,634,392,28,14,1,5,1,
6,13,378,211,55,13,1,5,1,
6,14,230,451,43,13,1,5,1,
6,15,-77,201,181,36,1,5,1,
6,16,651,109,56,17,1,5,1,
6,18,927,153,33,26,1,5,1,
6,19,-38,89,124,34,1,5,1,
6,21,259,158,55,20,1,5,1,
6,22,153,213,212,48,1,5,1,
6,23,307,392,24,48,1,5,1,
6,24,-26,401,61,20,1,5,1,
6,25,182,261,69,17,1,5,1,
6,27,473,376,31,25,1,5,1,
6,28,857,2,67,31,1,5,1,
6,29,184,305,77,16,1,5,1,
6,30,459,241,28,18,1,5,1,
6,31,901,0,45,27,1,5,1,
6,32,266,413,27,32,1,5,1,
6,33,735,261,26,18,1,5,1,
6,34,106,266,86,19,1,5,1,
6,35,276,214,70,17,1,5,1,
6,37,429,228,159,41,1,5,1,
7,2,882,445,74,20,1,5,1,
7,3,721,170,81,25,1,5,1,
7,4,357,253,43,13,1,5,1,
7,5,694,483,107,42,1,5,1,
7,6,649,0,37,38,1,5,1,
7,7,725,229,85,20,1,5,1,
7,8,514,467,42,77,1,5,1,
7,9,53,263,100,23,1,5,1,
7,10,769,234,33,24,1,5,1,
7,11,229,436,17,25,1,5,1,
7,12,640,392,23,13,1,5,1,
7,13,384,211,55,13,1,5,1,
7,14,234,453,43,12,1,5,1,
7,15,-102,202,186,33,1,5,1,
7,16,657,107,60,16,1,5,1,
7,18,931,155,29,19,1,5,1,
7,19,-50,83,123,38,1,5,1,
7,21,264,159,57,20,1,5,1,
7,22,132,210,217,50,1,5,1,
7,23,303,396,29,47,1,5,1,
7,24,-34,403,59,21,1,5,1,
7,25,188,261,73,17,1,5,1,
7,27,474,379,36,24,1,5,1,
7,28,850,4,65,32,1,5,1,
7,29,194,305,75,16,1,5,1,
7,30,458,242,35,18,1,5,1,
7,31,900,0,59,27,1,5,1,
7,32,264,411,35,31,1,5,1,
7,33,734,261,35,19,1,5,1,
7,34,118,266,81,18,1,5,1,
7,35,283,214,69,17,1,5,1,
7,37,439,228,164,41,1,5,1,
8,2,892,444,68,20,1,5,1,
8,3,712,169,85,28,1,5,1,
8,4,360,253,46,13,1,5,1,
8,5,705,489,107,38,1,5,1,
8,6,648,0,46,40,1,5,1,
8,7,720,229,79,20,1,5,1,
8,8,510,476,54,68,1,5,1,
8,9,63,263,97,23,1,5,1,
8,10,765,232,41,25,1,5,1,
8,11,226,439,22,24,1,5,1,
8,12,645,391,20,15,1,5,1,
8,13,391,211,54,13,1,5,1,
8,14,237,454,45,12,1,5,1,
8,15,-128,201,190,28,1,5,1,
8,16,664,105,63,15,1,5,1,
8,18,937,157,23,11,1,5,1,
8,19,-60,76,118,43,1,5,1,
8,21,270,161,59,18,1,5,1,
8,22,111,208,220,50,1,5,1,
8,23,298,401,38,44,1,5,1,
8,25,196,261,75,17,1,5,1,
8,27,475,382,41,23,1,5,1,
8,28,844,6,62,34,1,5,1,
8,29,203,305,73,17,1,5,1,
8,30,458,242,41,18,1,5,1,
8,31,896,0,64,29,1,5,1,
8,32,264,408,42,31,1,5,1,
8,33,735,261,43,19,1,5,1,
8,34,129,266,77,18,1,5,1,
8,35,291,214,68,16,1,5,1,
8,37,450,228,168,41,1,5,1,
9,1,656,0,53,14,1,5,1,
9,2,902,444,58,20,1,5,1,
9,3,705,169,86,30,1,5,1,
9,4,363,253,49,13,1,5,1,
9,5,718,495,105,33,1,5,1,
9,6,643,0,60,42,1,5,1,
9,7,715,229,74,19,1,5,1,
9,8,508,487,67,57,1,5,1,
9,9,68,263,102,23,1,5,1,
9,10,763,231,54,25,1,5,1,
9,11,225,442,28,23,1,5,1,
9,12,648,390,18,15,1,5,1,
9,13,397,211,54,13,1,5,1,
9,14,241,455,46,12,1,5,1,
9,16,672,104,65,15,1,5,1,
9,19,-69,70,113,46,1,5,1,
9,21,276,162,60,18,1,5,1,
9,22,89,205,224,52,1,5,1,
9,23,295,406,48,41,1,5,1,
9,25,204,261,76,17,1,5,1,
9,27,477,385,46,22,1,5,1,
9,28,839,9,58,35,1,5,1,
9,29,213,305,70,17,1,5,1,
9,30,458,243,48,18,1,5,1,
9,31,903,0,57,31,1,5,1,
9,32,264,406,48,29,1,5,1,
9,33,736,262,50,18,1,5,1,
9,34,140,265,71,19,1,5,1,
9,35,298,214,67,16,1,5,1,
9,37,462,227,171,41,1,5,1,
10,1,664,0,53,15,1,5,1,
10,2,912,444,48,19,1,5,1,
10,3,698,170,86,31,1,5,1,
10,4,367,253,51,13,1,5,1,
10,5,730,501,102,29,1,5,1,
10,6,639,0,73,44,1,5,1,
10,7,711,228,69,19,1,5,1,
10,8,509,499,88,45,1,5,1,
10,9,78,263,99,23,1,5,1,
10,10,762,229,68,26,1,5,1,
10,11,224,445,35,21,1,5,1,
10,12,650,389,18,15,1,5,1,
10,13,403,212,54,12,1,5,1,
10,14,246,455,46,12,1,5,1,
10,16,680,102,66,15,1,5,1,
10,21,282,164,61,16,1,5,1,
10,22,67,203,227,53,1,5,1,
10,23,292,411,60,38,1,5,1,
10,25,213,261,77,17,1,5,1,
10,27,481,388,49,20,1,5,1,
10,28,834,12,54,35,1,5,1,
10,29,222,305,67,17,1,5,1,
10,30,460,244,53,17,1,5,1,
10,31,911,0,49,32,1,5,1,
10,32,266,404,53,28,1,5,1,
10,33,738,262,58,19,1,5,1,
10,34,149,265,69,19,1,5,1,
10,35,306,214,64,16,1,5,1,
10,37,474,227,174,41,1,5,1,
11,1,672,0,53,16,1,5,1,
11,2,922,443,38,17,1,5,1,
11,3,691,170,85,34,1,5,1,
11,4,371,254,54,13,1,5,1,
11,5,744,504,96,27,1,5,1,
11,6,639,0,83,44,1,5,1,
11,7,708,228,62,19,1,5,1,
11,9,87,263,97,23,1,5,1,
11,10,762,226,81,28,1,5,1,
11,11,224,447,41,20,1,5,1,
11,12,653,388,16,15,1,5,1,
11,13,409,212,54,12,1,5,1,
11,14,250,455,48,12,1,5,1,
11,16,689,101,67,15,1,5,1,
11,21,289,165,61,15,1,5,1,
11,22,46,200,228,55,1,5,1,
11,23,291,415,71,35,1,5,1,
11,25,222,261,77,16,1,5,1,
11,27,484,391,53,18,1,5,1,
11,28,830,15,50,35,1,5,1,
11,29,230,305,66,17,1,5,1,
11,30,463,244,57,18,1,5,1,
11,31,917,0,43,34,1,5,1,
11,32,268,402,58,27,1,5,1,
11,33,742,263,63,19,1,5,1,
11,34,157,265,67,19,1,5,1,
11,35,313,214,62,16,1,5,1,
11,37,487,226,176,42,1,5,1,
12,1,679,0,54,17,1,5,1,
12,2,931,442,29,17,1,5,1,
12,3,685,171,82,35,1,5,1,
12,4,376,254,55,13,1,5,1,
12,5,758,504,89,27,1,5,1,
12,6,642,5,91,41,1,5,1,
12,7,705,227,56,19,1,5,1,
12,9,96,263,95,23,1,5,1,
12,10,764,224,93,28,1,5,1,
12,11,225,451,47,17,1,5,1,
12,12,655,387,16,15,1,5,1,
12,13,415,212,54,12,1,5,1,
12,14,255,455,48,12,1,5,1,
12,16,699,99,67,16,1,5,1,
12,21,296,166,61,15,1,5,1,
12,22,26,197,228,57,1,5,1,
12,23,292,419,80,31,1,5,1,
12,25,232,261,76,17,1,5,1,
12,27,489,395,55,15,1,5,1,
12,28,828,19,43,34,1,5,1,
12,29,237,306,65,16,1,5,1,
12,30,466,245,61,17,1,5,1,
12,31,924,0,36,36,1,5,1,
12,32,271,400,62,26,1,5,1,
12,33,747,264,69,19,1,5,1,
12,34,165,265,66,19,1,5,1,
12,35,320,213,61,17,1,5,1,
12,37,501,226,176,42,1,5,1,
13,1,686,0,55,18,1,5,1,
13,2,940,442,20,16,1,5,1,
13,3,679,173,81,35,1,5,1,
13,4,381,254,55,13,1,5,1,
13,5,772,504,80,26,1,5,1,
13,6,646,10,96,38,1,5,1,
13,7,704,225,49,20,1,5,1,
13,9,104,263,95,23,1,5,1,
13,10,766,222,106,28,1,5,1,
13,11,227,454,53,16,1,5,1,
13,12,657,386,15,15,1,5,1,
13,13,421,212,54,12,1,5,1,
13,14,260,455,48,13,1,5,1,
13,16,709,98,65,16,1,5,1,
13,21,304,167,59,14,1,5,1,
13,22,8,194,225,59,1,5,1,
13,23,294,423,88,28,1,5,1,
13,25,241,262,75,16,1,5,1,
13,27,495,396,56,14,1,5,1,
13,28,826,22,37,34,1,5,1,
13,29,244,306,65,16,1,5,1,
13,30,470,245,64,18,1,5,1,
13,31,932,0,28,37,1,5,1,
13,32,275,399,65,24,1,5,1,
13,33,752,264,75,19,1,5,1,
13,34,172,265,66,19,1,5,1,
13,35,326,213,61,17,1,5,1,
13,37,513,225,180,43,1,5,1,
14,1,693,0,56,19,1,5,1,
14,3,673,176,80,33,1,5,1,
14,4,386,254,56,13,1,5,1,
14,5,787,502,68,27,1,5,1,
14,6,655,12,94,36,1,5,1,
14,7,704,223,41,21,1,5,1,
14,9,112,263,94,23,1,5,1,
14,10,770,220,117,28,1,5,1,
14,11,230,454,57,16,1,5,1,
14,12,659,385,15,15,1,5,1,
14,13,427,212,54,12,1,5,1,
14,14,265,456,48,12,1,5,1,
14,16,719,98,64,16,1,5,1,
14,21,311,167,58,14,1,5,1,
14,22,0,191,212,61,1,5,1,
14,23,297,426,96,25,1,5,1,
14,25,251,262,74,16,1,5,1,
14,27,501,397,57,14,1,5,1,
14,28,825,26,31,32,1,5,1,
14,29,250,306,66,17,1,5,1,
14,30,475,246,66,17,1,5,1,
14,31,932,3,28,22,1,5,1,
14,32,279,397,67,22,1,5,1,
14,33,758,264,82,20,1,5,1,
14,34,179,265,66,19,1,5,1,
14,35,332,213,61,16,1,5,1,
14,37,524,225,184,44,1,5,1,
15,1,699,0,57,20,1,5,1,
15,3,667,179,79,31,1,5,1,
15,4,392,254,56,13,1,5,1,
15,5,798,501,62,26,1,5,1,
15,6,663,13,94,36,1,5,1,
15,7,705,222,32,21,1,5,1,
15,9,120,263,93,23,1,5,1,
15,10,775,218,127,28,1,5,1,
15,11,234,455,59,15,1,5,1,
15,12,661,384,14,15,1,5,1,
15,13,433,212,54,12,1,5,1,
15,14,270,456,48,12,1,5,1,
15,16,728,98,65,16,1,5,1,
15,21,318,167,57,14,1,5,1,
15,22,0,187,190,64,1,5,1,
15,23,302,426,100,25,1,5,1,
15,25,261,262,71,17,1,5,1,
15,27,507,397,57,13,1,5,1,
15,28,825,30,25,30,1,5,1,
15,29,257,306,66,17,1,5,1,
15,30,480,246,68,17,1,5,1,
15,32,284,397,69,19,1,5,1,
15,33,766,264,86,19,1,5,1,
15,34,186,265,66,19,1,5,1,
15,35,338,212,61,17,1,5,1,
15,37,536,225,186,45,1,5,1,
16,1,706,0,58,22,1,5,1,
16,3,661,183,79,28,1,5,1,
16,4,398,254,55,13,1,5,1,
16,5,806,499,60,26,1,5,1,
16,6,671,14,92,38,1,5,1,
16,7,707,220,24,21,1,5,1,
16,9,128,263,92,23,1,5,1,
16,10,781,216,136,28,1,5,1,
16,11,240,455,59,16,1,5,1,
16,12,662,383,14,15,1,5,1,
16,13,439,212,54,12,1,5,1,
16,14,275,456,48,13,1,5,1,
16,16,737,98,65,15,1,5,1,
16,21,325,167,57,14,1,5,1,
16,22,-4,183,172,67,1,5,1,
16,23,309,425,102,25,1,5,1,
16,25,271,262,69,17,1,5,1,
16,27,514,396,57,14,1,5,1,
16,28,824,34,20,28,1,5,1,
16,29,264,306,66,17,1,5,1,
16,30,486,246,69,17,1,5,1,
16,32,290,396,69,18,1,5,1,
16,33,776,264,86,19,1,5,1,
16,34,193,265,67,20,1,5,1,
16,35,344,212,61,17,1,5,1,
16,37,550,226,185,44,1,5,1,
17,1,710,0,61,23,1,5,1,
17,3,655,186,80,26,1,5,1,
17,4,403,254,55,13,1,5,1,
17,5,814,498,58,26,1,5,1,
17,6,679,17,89,38,1,5,1,
17,7,706,218,25,22,1,5,1,
17,9,135,263,92,23,1,5,1,
17,10,789,214,143,28,1,5,1,
17,11,246,456,58,15,1,5,1,
17,12,663,382,14,15,1,5,1,
17,13,444,212,55,12,1,5,1,
17,14,280,456,48,13,1,5,1,
17,16,746,97,65,16,1,5,1,
17,21,331,166,57,15,1,5,1,
17,22,-9,179,154,71,1,5,1,
17,23,315,423,105,26,1,5,1,
17,25,280,263,66,16,1,5,1,
17,27,520,397,57,13,1,5,1,
17,28,823,37,18,26,1,5,1,
17,29,270,306,67,17,1,5,1,
17,30,492,246,69,17,1,5,1,
17,32,296,395,69,17,1,5,1,
17,33,786,264,85,19,1,5,1,
17,34,200,265,67,20,1,5,1,
17,35,350,212,61,17,1,5,1,
17,37,564,225,186,45,1,5,1,
18,1,709,0,69,25,1,5,1,
18,3,650,189,77,23,1,5,1,
18,4,409,254,55,13,1,5,1,
18,5,821,496,57,26,1,5,1,
18,6,687,19,86,37,1,5,1,
18,7,707,216,25,22,1,5,1,
18,9,143,263,91,23,1,5,1,
18,10,798,213,149,28,1,5,1,
18,11,252,456,57,16,1,5,1,
18,12,664,381,14,15,1,5,1,
18,13,451,212,54,12,1,5,1,
18,14,286,457,47,13,1,5,1,
18,16,755,97,66,16,1,5,1,
18,21,337,166,57,15,1,5,1,
18,22,-10,175,131,74,1,5,1,
18,23,323,421,106,26,1,5,1,
18,25,290,263,62,17,1,5,1,
18,27,527,396,56,14,1,5,1,
18,28,821,39,19,27,1,5,1,
18,29,277,306,67,17,1,5,1,
18,30,499,246,68,17,1,5,1,
18,32,302,395,69,16,1,5,1,
18,33,796,264,85,19,1,5,1,
18,34,208,265,66,20,1,5,1,
18,35,356,211,62,17,1,5,1,
18,37,578,225,186,45,1,5,1,
19,1,716,0,69,26,1,5,1,
19,3,646,191,73,21,1,5,1,
19,4,414,254,55,13,1,5,1,
19,5,828,494,56,26,1,5,1,
19,6,695,20,84,37,1,5,1,
19,7,708,214,26,22,1,5,1,
19,9,151,263,91,23,1,5,1,
19,10,808,211,151,29,1,5,1,
19,11,258,457,56,15,1,5,1,
19,12,665,380,13,15,1,5,1,
19,13,457,212,53,12,1,5,1,
19,14,291,457,47,13,1,5,1,
19,16,765,97,65,16,1,5,1,
19,17,767,0,11,9,1,5,1,
19,21,344,166,57,15,1,5,1,
19,22,-4,171,108,77,1,5,1,
19,23,331,420,106,26,1,5,1,
19,25,300,263,57,17,1,5,1,
19,27,534,395,55,14,1,5,1,
19,28,819,41,19,27,1,5,1,
19,29,284,306,66,17,1,5,1,
19,30,505,246,68,17,1,5,1,
19,32,309,395,68,16,1,5,1,
19,33,806,264,84,19,1,5,1,
19,34,215,265,66,20,1,5,1,
19,35,362,211,62,17,1,5,1,
19,37,592,225,186,45,1,5,1,
20,1,719,0,76,28,1,5,1,
20,3,642,192,69,19,1,5,1,
20,4,419,254,56,13,1,5,1,
20,5,835,493,54,26,1,5,1,
20,6,703,21,82,38,1,5,1,
20,7,708,212,29,23,1,5,1,
20,9,159,263,90,23,1,5,1,
20,10,820,211,139,28,1,5,1,
20,11,264,458,55,15,1,5,1,
20,12,666,380,13,14,1,5,1,
20,13,464,212,52,13,1,5,1,
20,14,296,457,46,14,1,5,1,
20,16,774,97,65,16,1,5,1,
20,17,767,0,14,12,1,5,1,
20,21,350,166,57,14,1,5,1,
20,22,0,167,104,80,1,5,1,
20,23,340,419,104,26,1,5,1,
20,25,307,263,57,17,1,5,1,
20,27,541,395,53,13,1,5,1,
20,28,818,44,18,26,1,5,1,
20,29,291,306,66,17,1,5,1,
20,30,511,246,67,17,1,5,1,
20,32,316,395,66,16,1,5,1,
20,33,815,264,88,18,1,5,1,
20,34,222,265,66,20,1,5,1,
20,35,369,210,59,18,1,5,1,
20,37,604,224,191,45,1,5,1,
21,1,725,0,80,29,1,5,1,
21,3,639,192,64,18,1,5,1,
21,4,425,254,55,13,1,5,1,
21,5,842,491,53,26,1,5,1,
21,6,711,22,79,38,1,5,1,
21,7,705,210,39,23,1,5,1,
21,9,166,263,90,23,1,5,1,
21,10,833,210,127,28,1,5,1,
21,11,269,459,55,15,1,5,1,
21,12,667,379,12,14,1,5,1,
21,13,470,212,51,13,1,5,1,
21,14,301,458,46,13,1,5,1,
21,16,785,96,60,17,1,5,1,
21,17,766,0,16,14,1,5,1,
21,21,356,166,58,14,1,5,1,
21,22,0,163,108,83,1,5,1,
21,23,348,419,104,26,1,5,1,
21,25,313,263,58,17,1,5,1,
21,27,548,394,52,14,1,5,1,
21,28,816,46,19,26,1,5,1,
21,29,298,306,66,17,1,5,1,
21,30,517,246,67,17,1,5,1,
21,32,322,395,65,16,1,5,1,
21,33,825,263,91,18,1,5,1,
21,34,228,265,68,20,1,5,1,
21,35,374,210,60,18,1,5,1,
21,37,616,223,197,44,1,5,1,
22,1,734,1,78,28,1,5,1,
22,3,637,192,58,18,1,5,1,
22,4,430,254,55,13,1,5,1,
22,5,849,490,51,25,1,5,1,
22,6,719,23,76,38,1,5,1,
22,7,703,208,51,23,1,5,1,
22,9,173,263,90,23,1,5,1,
22,10,847,209,113,29,1,5,1,
22,11,275,459,53,16,1,5,1,
22,12,667,378,13,14,1,5,1,
22,13,475,212,51,13,1,5,1,
22,14,305,459,47,13,1,5,1,
22,16,795,97,55,17,1,5,1,
22,17,765,0,16,17,1,5,1,
22,21,363,166,57,14,1,5,1,
22,22,0,159,114,86,1,5,1,
22,23,356,418,104,26,1,5,1,
22,25,319,263,59,17,1,5,1,
22,27,554,394,52,13,1,5,1,
22,28,814,48,19,25,1,5,1,
22,29,305,306,66,17,1,5,1,
22,30,523,246,66,17,1,5,1,
22,32,329,395,63,17,1,5,1,
22,33,836,263,91,18,1,5,1,
22,34,235,265,68,20,1,5,1,
22,35,379,209,61,18,1,5,1,
22,37,629,222,201,44,1,5,1,
23,1,744,1,75,29,1,5,1,
23,3,636,191,51,18,1,5,1,
23,4,436,254,55,13,1,5,1,
23,5,856,488,49,26,1,5,1,
23,6,728,24,71,39,1,5,1,
23,7,703,206,62,24,1,5,1,
23,9,180,263,91,23,1,5,1,
23,10,863,208,97,30,1,5,1,
23,11,280,460,53,16,1,5,1,
23,12,668,377,12,14,1,5,1,
23,13,481,213,51,12,1,5,1,
23,14,310,459,47,14,1,5,1,
23,16,804,97,53,17,1,5,1,
23,17,764,0,15,20,1,5,1,
23,21,369,166,57,14,1,5,1,
23,22,0,156,124,88,1,5,1,
23,23,364,418,103,26,1,5,1,
23,25,326,263,59,17,1,5,1,
23,27,560,394,51,13,1,5,1,
23,28,812,51,19,24,1,5,1,
23,29,312,306,66,17,1,5,1,
23,30,530,246,63,18,1,5,1,
23,32,335,395,62,17,1,5,1,
23,33,849,263,85,19,1,5,1,
23,34,242,265,69,20,1,5,1,
23,35,385,209,62,18,1,5,1,
23,37,642,222,205,43,1,5,1,
24,1,753,1,73,30,1,5,1,
24,3,635,191,43,18,1,5,1,
24,4,441,254,55,13,1,5,1,
24,5,862,487,48,25,1,5,1,
24,6,735,25,68,39,1,5,1,
24,7,703,205,74,23,1,5,1,
24,9,187,263,91,23,1,5,1,
24,10,877,207,83,31,1,5,1,
24,11,285,460,54,17,1,5,1,
24,12,668,376,13,14,1,5,1,
24,13,487,213,50,12,1,5,1,
24,14,315,460,47,13,1,5,1,
24,16,813,98,49,17,1,5,1,
24,17,763,0,15,23,1,5,1,
24,21,375,165,58,15,1,5,1,
24,22,0,152,142,91,1,5,1,
24,23,372,418,103,26,1,5,1,
24,25,332,262,60,18,1,5,1,
24,27,567,393,49,13,1,5,1,
24,28,811,53,18,24,1,5,1,
24,29,318,306,67,17,1,5,1,
24,30,536,247,62,17,1,5,1,
24,32,340,396,63,17,1,5,1,
24,33,862,263,77,19,1,5,1,
24,34,249,265,70,20,1,5,1,
24,35,389,208,66,19,1,5,1,
24,37,656,222,208,43,1,5,1,
25,1,762,2,70,30,1,5,1,
25,3,636,192,34,17,1,5,1,
25,4,447,254,54,13,1,5,1,
25,5,868,485,47,25,1,5,1,
25,6,743,26,64,40,1,5,1,
25,7,705,203,85,24,1,5,1,
25,9,194,263,92,23,1,5,1,
25,10,891,206,69,25,1,5,1,
25,11,290,461,54,17,1,5,1,
25,12,668,375,13,14,1,5,1,
25,13,493,213,49,13,1,5,1,
25,14,320,461,48,13,1,5,1,
25,16,820,99,46,18,1,5,1,
25,17,762,0,15,25,1,5,1,
25,21,382,165,57,15,1,5,1,
25,22,0,148,160,94,1,5,1,
25,23,380,418,102,25,1,5,1,
25,25,338,262,61,18,1,5,1,
25,27,573,393,48,13,1,5,1,
25,28,809,55,19,24,1,5,1,
25,29,325,306,67,17,1,5,1,
25,30,542,246,62,17,1,5,1,
25,32,345,396,64,17,1,5,1,
25,33,875,263,68,19,1,5,1,
25,34,255,265,72,20,1,5,1,
25,35,393,208,70,18,1,5,1,
25,37,672,222,204,43,1,5,1,
26,1,771,3,67,30,1,5,1,
26,3,636,192,27,17,1,5,1,
26,4,452,254,55,13,1,5,1,
26,5,875,484,45,25,1,5,1,
26,6,750,28,60,40,1,5,1,
26,7,708,202,95,24,1,5,1,
26,9,201,263,92,23,1,5,1,
26,10,906,205,54,21,1,5,1,
26,11,295,462,55,17,1,5,1,
26,12,668,374,13,14,1,5,1,
26,13,499,213,48,13,1,5,1,
26,14,324,461,49,13,1,5,1,
26,16,827,100,42,19,1,5,1,
26,17,761,0,15,28,1,5,1,
26,21,388,165,58,15,1,5,1,
26,22,0,143,182,98,1,5,1,
26,23,388,418,102,25,1,5,1,
26,25,344,262,63,18,1,5,1,
26,27,579,393,48,13,1,5,1,
26,28,807,57,19,24,1,5,1,
26,29,332,306,67,17,1,5,1,
26,30,548,246,61,17,1,5,1,
26,32,351,397,64,16,1,5,1,
26,33,887,263,59,19,1,5,1,
26,34,262,265,74,20,1,5,1,
26,35,398,208,73,18,1,5,1,
26,37,688,222,198,45,1,5,1,
27,1,779,4,64,31,1,5,1,
27,3,635,192,22,18,1,5,1,
27,4,458,254,54,13,1,5,1,
27,5,880,482,44,25,1,5,1,
27,6,756,29,57,40,1,5,1,
27,7,712,201,105,24,1,5,1,
27,9,208,263,93,23,1,5,1,
27,10,918,207,42,14,1,5,1,
27,11,300,463,56,17,1,5,1,
27,12,668,373,14,14,1,5,1,
27,13,505,213,47,13,1,5,1,
27,14,329,462,49,13,1,5,1,
27,16,831,102,46,18,1,5,1,
27,17,760,0,16,30,1,5,1,
27,21,394,165,58,15,1,5,1,
27,22,0,139,208,101,1,5,1,
27,23,396,417,101,26,1,5,1,
27,25,351,262,64,18,1,5,1,
27,27,585,392,47,13,1,5,1,
27,28,805,59,19,24,1,5,1,
27,29,338,306,68,17,1,5,1,
27,30,554,246,60,17,1,5,1,
27,32,356,397,64,17,1,5,1,
27,33,895,263,58,18,1,5,1,
27,34,269,265,76,20,1,5,1,
27,35,405,208,73,18,1,5,1,
27,37,702,222,197,45,1,5,1,
28,1,790,3,54,33,1,5,1,
28,3,635,192,18,18,1,5,1,
28,4,463,254,54,13,1,5,1,
28,5,886,480,43,25,1,5,1,
28,6,762,31,54,40,1,5,1,
28,7,718,199,112,25,1,5,1,
28,9,215,263,94,23,1,5,1,
28,11,305,465,57,16,1,5,1,
28,12,668,373,14,13,1,5,1,
28,13,511,214,46,12,1,5,1,
28,14,334,462,49,14,1,5,1,
28,16,835,105,50,16,1,5,1,
28,17,758,0,17,33,1,5,1,
28,21,401,165,58,15,1,5,1,
28,22,0,133,240,106,1,5,1,
28,23,404,417,100,25,1,5,1,
28,25,358,262,65,18,1,5,1,
28,27,591,392,46,13,1,5,1,
28,28,803,62,19,22,1,5,1,
28,29,345,306,68,17,1,5,1,
28,30,560,246,60,17,1,5,1,
28,32,361,397,65,17,1,5,1,
28,33,903,263,56,18,1,5,1,
28,34,277,265,76,20,1,5,1,
28,35,412,207,74,19,1,5,1,
28,37,718,222,195,45,1,5,1,
29,1,799,4,48,35,1,5,1,
29,3,636,192,17,18,1,5,1,
29,4,469,254,53,13,1,5,1,
29,5,892,479,41,24,1,5,1,
29,6,768,33,52,40,1,5,1,
29,7,725,198,119,25,1,5,1,
29,9,222,263,94,23,1,5,1,
29,11,310,465,58,17,1,5,1,
29,12,668,372,14,13,1,5,1,
29,13,516,214,45,12,1,5,1,
29,14,339,463,50,13,1,5,1,
29,16,840,106,52,16,1,5,1,
29,17,757,2,17,33,1,5,1,
29,21,408,164,57,15,1,5,1,
29,22,0,129,278,109,1,5,1,
29,23,412,417,100,25,1,5,1,
29,25,365,262,66,18,1,5,1,
29,27,596,391,46,13,1,5,1,
29,28,801,64,19,22,1,5,1,
29,29,352,306,69,17,1,5,1,
29,30,566,246,59,17,1,5,1,
29,32,367,398,65,17,1,5,1,
29,33,910,263,50,18,1,5,1,
29,34,284,265,78,20,1,5,1,
29,35,419,207,74,19,1,5,1,
29,37,734,221,192,45,1,5,1,
30,1,805,6,47,35,1,5,1,
30,3,637,193,17,17,1,5,1,
30,4,474,254,53,13,1,5,1,
30,5,897,477,40,25,1,5,1,
30,6,774,35,50,39,1,5,1,
30,7,733,197,124,26,1,5,1,
30,9,230,263,94,23,1,5,1,
30,11,315,466,59,17,1,5,1,
30,12,668,371,14,13,1,5,1,
30,13,521,214,45,13,1,5,1,
30,14,344,463,50,14,1,5,1,
30,15,0,133,71,51,1,5,1,
30,16,847,107,52,16,1,5,1,
30,17,756,5,16,33,1,5,1,
30,21,414,164,58,15,1,5,1,
30,22,0,124,319,113,1,5,1,
30,23,420,416,99,25,1,5,1,
30,25,372,262,67,18,1,5,1,
30,27,602,391,46,13,1,5,1,
30,28,799,66,19,22,1,5,1,
30,29,359,306,69,17,1,5,1,
30,30,571,246,59,17,1,5,1,
30,32,372,398,66,17,1,5,1,
30,33,917,263,43,18,1,5,1,
30,34,294,265,76,21,1,5,1,
30,35,425,207,76,18,1,5,1,
30,37,749,221,190,45,1,5,1,
31,1,811,8,45,35,1,5,1,
31,3,638,193,18,17,1,5,1,
31,4,479,254,54,13,1,5,1,
31,5,903,476,38,24,1,5,1,
31,6,781,35,48,40,1,5,1,
31,7,743,196,127,26,1,5,1,
31,9,237,263,95,24,1,5,1,
31,11,320,467,61,16,1,5,1,
31,12,668,370,14,13,1,5,1,
31,13,526,214,45,13,1,5,1,
31,14,349,464,51,13,1,5,1,
31,15,0,127,111,57,1,5,1,
31,16,854,108,51,15,1,5,1,
31,17,754,8,17,32,1,5,1,
31,21,420,164,59,14,1,5,1,
31,22,0,120,363,116,1,5,1,
31,23,428,416,98,25,1,5,1,
31,25,379,262,69,18,1,5,1,
31,27,607,390,46,13,1,5,1,
31,28,797,68,19,22,1,5,1,
31,29,366,306,69,18,1,5,1,
31,30,577,247,58,16,1,5,1,
31,32,378,398,66,17,1,5,1,
31,33,924,263,36,18,1,5,1,
31,34,303,265,76,21,1,5,1,
31,35,433,206,76,19,1,5,1,
31,37,765,221,187,45,1,5,1,
32,1,817,10,43,35,1,5,1,
32,3,638,193,22,17,1,5,1,
32,4,485,254,52,13,1,5,1,
32,5,908,474,37,24,1,5,1,
32,6,790,36,43,41,1,5,1,
32,7,755,195,127,27,1,5,1,
32,9,245,263,95,24,1,5,1,
32,11,326,468,61,16,1,5,1,
32,12,668,369,14,13,1,5,1,
32,13,532,215,44,12,1,5,1,
32,14,355,464,50,14,1,5,1,
32,15,0,120,150,67,1,5,1,
32,16,861,109,50,15,1,5,1,
32,17,753,10,17,33,1,5,1,
32,21,427,164,58,14,1,5,1,
32,22,0,117,412,118,1,5,1,
32,23,436,415,97,25,1,5,1,
32,25,387,262,69,18,1,5,1,
32,27,613,390,45,13,1,5,1,
32,28,795,70,19,21,1,5,1,
32,29,373,307,69,17,1,5,1,
32,30,583,247,57,16,1,5,1,
32,32,384,398,66,17,1,5,1,
32,33,932,264,28,17,1,5,1,
32,34,311,265,77,22,1,5,1,
32,35,440,206,77,19,1,5,1,
32,37,782,221,177,45,1,5,1,
33,1,823,12,41,35,1,5,1,
33,3,638,193,27,17,1,5,1,
33,4,491,254,51,13,1,5,1,
33,5,913,473,36,23,1,5,1,
33,6,797,37,40,41,1,5,1,
33,7,767,195,125,26,1,5,1,
33,9,253,263,95,24,1,5,1,
33,11,332,468,62,17,1,5,1,
33,12,667,368,15,13,1,5,1,
33,13,537,215,43,12,1,5,1,
33,14,360,465,51,13,1,5,1,
33,15,0,121,185,68,1,5,1,
33,16,868,109,49,15,1,5,1,
33,17,751,13,17,32,1,5,1,
33,21,433,164,59,14,1,5,1,
33,22,0,115,455,119,1,5,1,
33,23,444,415,96,25,1,5,1,
33,25,394,262,71,19,1,5,1,
33,27,619,390,43,12,1,5,1,
33,28,793,72,19,21,1,5,1,
33,29,381,307,69,17,1,5,1,
33,30,588,247,57,16,1,5,1,
33,32,389,399,67,17,1,5,1,
33,33,939,266,21,13,1,5,1,
33,34,319,264,78,23,1,5,1,
33,35,447,206,78,19,1,5,1,
33,37,799,221,161,44,1,5,1,
34,1,829,14,39,35,1,5,1,
34,3,639,193,30,18,1,5,1,
34,4,497,254,50,13,1,5,1,
34,5,918,471,34,24,1,5,1,
34,6,802,39,38,41,1,5,1,
34,7,781,194,121,27,1,5,1,
34,9,260,263,96,24,1,5,1,
34,11,338,469,62,16,1,5,1,
34,12,667,368,15,12,1,5,1,
34,13,543,215,42,12,1,5,1,
34,14,366,465,50,13,1,5,1,
34,15,0,123,216,68,1,5,1,
34,16,875,110,48,15,1,5,1,
34,17,750,16,17,31,1,5,1,
34,21,440,163,59,15,1,5,1,
34,22,0,115,493,118,1,5,1,
34,23,451,414,96,25,1,5,1,
34,25,402,262,71,19,1,5,1,
34,27,624,389,43,13,1,5,1,
34,28,791,73,19,21,1,5,1,
34,29,388,307,69,17,1,5,1,
34,30,594,247,56,16,1,5,1,
34,32,395,399,67,17,1,5,1,
34,34,326,264,80,23,1,5,1,
34,35,455,205,78,19,1,5,1,
34,37,817,221,143,44,1,5,1,
35,1,834,16,38,35,1,5,1,
35,3,642,193,28,18,1,5,1,
35,4,502,254,49,13,1,5,1,
35,5,923,470,33,23,1,5,1,
35,6,805,42,38,40,1,5,1,
35,7,795,194,115,26,1,5,1,
35,9,268,263,95,24,1,5,1,
35,11,344,469,63,17,1,5,1,
35,12,666,367,16,12,1,5,1,
35,13,548,216,41,12,1,5,1,
35,14,371,465,50,14,1,5,1,
35,15,0,126,246,67,1,5,1,
35,16,881,110,47,16,1,5,1,
35,17,748,19,17,30,1,5,1,
35,21,446,163,59,14,1,5,1,
35,22,1,116,525,117,1,5,1,
35,23,458,414,97,25,1,5,1,
35,25,410,262,72,19,1,5,1,
35,27,629,389,43,12,1,5,1,
35,28,789,75,19,21,1,5,1,
35,29,395,307,69,17,1,5,1,
35,30,599,247,56,16,1,5,1,
35,32,401,399,67,17,1,5,1,
35,34,334,264,82,23,1,5,1,
35,35,462,205,79,19,1,5,1,
35,37,834,221,126,44,1,5,1,
36,1,838,18,37,35,1,5,1,
36,3,645,194,27,18,1,5,1,
36,4,507,254,49,13,1,5,1,
36,5,927,468,32,23,1,5,1,
36,6,809,44,37,39,1,5,1,
36,7,810,194,108,26,1,5,1,
36,9,275,263,96,24,1,5,1,
36,11,350,470,63,17,1,5,1,
36,12,665,366,16,12,1,5,1,
36,13,552,216,42,12,1,5,1,
36,14,376,466,51,13,1,5,1,
36,15,0,129,274,65,1,5,1,
36,16,888,111,45,16,1,5,1,
36,17,746,21,18,31,1,5,1,
36,21,453,162,59,15,1,5,1,
36,22,34,118,522,116,1,5,1,
36,23,464,415,99,25,1,5,1,
36,25,417,262,74,19,1,5,1,
36,27,635,388,42,13,1,5,1,
36,28,787,77,19,21,1,5,1,
36,29,402,307,70,17,1,5,1,
36,30,605,247,54,16,1,5,1,
36,32,407,399,67,18,1,5,1,
36,34,342,264,83,23,1,5,1,
36,35,470,205,79,19,1,5,1,
36,37,850,221,110,44,1,5,1,
37,1,843,21,36,34,1,5,1,
37,3,648,194,26,18,1,5,1,
37,4,513,254,47,13,1,5,1,
37,5,932,467,28,23,1,5,1,
37,6,813,46,36,39,1,5,1,
37,7,825,194,100,25,1,5,1,
37,9,283,263,96,24,1,5,1,
37,11,356,471,63,17,1,5,1,
37,12,665,365,16,12,1,5,1,
37,13,557,216,41,12,1,5,1,
37,14,381,466,51,14,1,5,1,
37,15,0,130,301,66,1,5,1,
37,16,894,112,45,15,1,5,1,
37,17,745,24,17,30,1,5,1,
37,21,459,162,59,15,1,5,1,
37,22,81,120,506,114,1,5,1,
37,23,472,415,99,25,1,5,1,
37,25,425,262,75,19,1,5,1,
37,27,640,388,41,12,1,5,1,
37,28,784,79,20,20,1,5,1,
37,29,409,307,70,17,1,5,1,
37,30,610,247,54,16,1,5,1,
37,32,412,400,68,17,1,5,1,
37,34,351,264,84,23,1,5,1,
37,35,477,204,81,20,1,5,1,
37,37,867,221,93,44,1,5,1,
38,1,848,23,34,34,1,5,1,
38,3,650,195,26,17,1,5,1,
38,4,518,254,47,13,1,5,1,
38,5,936,465,24,23,1,5,1,
38,6,816,48,36,39,1,5,1,
38,7,841,194,89,26,1,5,1,
38,9,290,263,97,24,1,5,1,
38,11,363,472,63,16,1,5,1,
38,12,664,364,17,12,1,5,1,
38,13,563,216,38,12,1,5,1,
38,14,386,467,52,14,1,5,1,
38,15,29,132,299,65,1,5,1,
38,16,900,113,44,15,1,5,1,
38,17,743,27,18,29,1,5,1,
38,21,466,162,59,14,1,5,1,
38,22,129,123,488,112,1,5,1,
38,23,480,415,98,25,1,5,1,
38,25,434,262,75,19,1,5,1,
38,27,645,387,41,13,1,5,1,
38,28,782,81,20,20,1,5,1,
38,29,416,307,70,17,1,5,1,
38,30,616,247,52,16,1,5,1,
38,32,418,400,68,17,1,5,1,
38,34,359,264,86,23,1,5,1,
38,35,485,204,81,19,1,5,1,
38,37,884,223,76,42,1,5,1,
39,1,852,25,33,33,1,5,1,
39,3,653,196,24,17,1,5,1,
39,4,523,254,46,13,1,5,1,
39,5,940,463,20,23,1,5,1,
39,6,820,51,35,37,1,5,1,
39,7,857,195,78,26,1,5,1,
39,9,298,263,97,24,1,5,1,
39,11,369,472,63,17,1,5,1,
39,12,663,364,17,11,1,5,1,
39,13,567,217,38,11,1,5,1,
39,14,392,467,52,14,1,5,1,
39,15,66,135,288,64,1,5,1,
39,16,906,114,44,15,1,5,1,
39,17,741,29,18,29,1,5,1,
39,21,472,161,60,15,1,5,1,
39,22,175,125,472,111,1,5,1,
39,23,487,415,99,25,1,5,1,
39,25,442,262,77,19,1,5,1,
39,27,650,387,40,12,1,5,1,
39,28,780,82,20,20,1,5,1,
39,29,423,307,71,17,1,5,1,
39,30,621,247,51,16,1,5,1,
39,32,424,400,68,17,1,5,1,
39,34,368,264,87,23,1,5,1,
39,35,493,204,82,19,1,5,1,
39,37,901,224,59,41,1,5,1,
40,1,856,27,32,33,1,5,1,
40,3,656,196,22,17,1,5,1,
40,4,528,255,45,12,1,5,1,
40,5,944,462,16,22,1,5,1,
40,6,823,53,34,37,1,5,1,
40,7,868,195,74,27,1,5,1,
40,9,306,263,97,24,1,5,1,
40,11,375,473,64,17,1,5,1,
40,12,662,363,18,11,1,5,1,
40,13,572,217,37,12,1,5,1,
40,14,397,468,53,13,1,5,1,
40,15,101,138,278,62,1,5,1,
40,16,911,115,44,15,1,5,1,
40,17,739,32,19,28,1,5,1,
40,21,479,161,60,15,1,5,1,
40,22,221,128,456,108,1,5,1,
40,23,495,415,98,25,1,5,1,
40,25,450,261,78,20,1,5,1,
40,27,655,386,39,12,1,5,1,
40,28,778,84,20,19,1,5,1,
40,29,431,307,70,17,1,5,1,
40,30,626,247,50,16,1,5,1,
40,32,430,399,69,17,1,5,1,
40,34,377,264,89,23,1,5,1,
40,35,501,203,82,20,1,5,1,
40,37,913,227,47,33,1,5,1,
41,1,860,30,31,32,1,5,1,
41,3,658,197,22,17,1,5,1,
41,4,533,255,44,12,1,5,1,
41,5,948,460,12,23,1,5,1,
41,6,827,55,33,36,1,5,1,
41,7,877,196,72,26,1,5,1,
41,9,314,263,97,24,1,5,1,
41,11,381,473,65,17,1,5,1,
41,12,661,362,18,11,1,5,1,
41,13,577,217,36,12,1,5,1,
41,14,403,468,53,13,1,5,1,
41,15,136,140,267,62,1,5,1,
41,16,917,115,42,16,1,5,1,
41,17,737,34,19,28,1,5,1,
41,21,485,161,61,14,1,5,1,
41,22,265,130,441,107,1,5,1,
41,23,503,415,97,25,1,5,1,
41,25,459,261,78,20,1,5,1,
41,27,661,386,37,12,1,5,1,
41,28,776,86,19,19,1,5,1,
41,29,438,307,70,17,1,5,1,
41,30,631,247,49,16,1,5,1,
41,32,437,399,68,17,1,5,1,
41,34,386,264,90,23,1,5,1,
41,35,509,203,83,20,1,5,1,
42,1,864,32,30,32,1,5,1,
42,3,660,197,21,17,1,5,1,
42,4,538,255,44,12,1,5,1,
42,6,830,57,33,36,1,5,1,
42,7,884,196,71,26,1,5,1,
42,9,321,263,99,24,1,5,1,
42,11,387,473,66,17,1,5,1,
42,12,659,362,19,11,1,5,1,
42,13,581,218,35,11,1,5,1,
42,14,408,468,53,14,1,5,1,
42,15,167,142,260,61,1,5,1,
42,16,922,116,37,16,1,5,1,
42,17,735,36,19,28,1,5,1,
42,21,492,160,61,15,1,5,1,
42,22,304,132,430,106,1,5,1,
42,23,510,414,97,25,1,5,1,
42,25,467,261,80,20,1,5,1,
42,27,665,385,37,12,1,5,1,
42,28,774,87,19,19,1,5,1,
42,29,445,307,71,17,1,5,1,
42,30,636,247,48,16,1,5,1,
42,32,442,399,69,17,1,5,1,
42,34,395,264,92,24,1,5,1,
42,35,516,203,85,20,1,5,1,
43,1,867,34,30,32,1,5,1,
43,2,952,395,7,10,1,5,1,
43,3,662,198,20,17,1,5,1,
43,4,542,255,44,12,1,5,1,
43,6,833,59,32,36,1,5,1,
43,7,886,196,74,26,1,5,1,
43,9,329,263,99,24,1,5,1,
43,11,394,474,66,17,1,5,1,
43,12,658,361,19,11,1,5,1,
43,13,585,218,35,11,1,5,1,
43,14,414,468,53,14,1,5,1,
43,15,199,144,250,61,1,5,1,
43,16,926,118,34,14,1,5,1,
43,17,733,39,19,27,1,5,1,
43,21,498,160,62,15,1,5,1,
43,22,344,134,418,104,1,5,1,
43,23,517,414,97,25,1,5,1,
43,25,476,261,81,20,1,5,1,
43,27,670,385,36,12,1,5,1,
43,28,772,89,19,19,1,5,1,
43,29,452,307,71,17,1,5,1,
43,30,641,248,47,15,1,5,1,
43,32,448,399,69,17,1,5,1,
43,34,402,264,97,23,1,5,1,
43,35,524,202,86,20,1,5,1,
44,1,871,36,29,32,1,5,1,
44,2,950,394,9,11,1,5,1,
44,3,664,198,19,17,1,5,1,
44,4,547,255,42,12,1,5,1,
44,6,835,61,34,35,1,5,1,
44,7,889,197,71,25,1,5,1,
44,9,337,263,99,24,1,5,1,
44,11,400,474,67,17,1,5,1,
44,12,656,360,20,11,1,5,1,
44,13,589,218,35,12,1,5,1,
44,14,420,469,53,13,1,5,1,
44,15,232,147,240,57,1,5,1,
44,16,931,119,29,7,1,5,1,
44,17,731,41,20,27,1,5,1,
44,21,505,160,62,15,1,5,1,
44,22,383,136,409,102,1,5,1,
44,23,525,414,96,25,1,5,1,
44,25,485,261,81,20,1,5,1,
44,27,675,384,35,12,1,5,1,
44,28,770,91,19,18,1,5,1,
44,29,460,307,70,17,1,5,1,
44,30,645,248,47,15,1,5,1,
44,32,455,399,67,17,1,5,1,
44,34,412,264,98,23,1,5,1,
44,35,533,202,85,20,1,5,1,
45,1,873,39,31,30,1,5,1,
45,2,949,393,10,13,1,5,1,
45,3,666,199,18,17,1,5,1,
45,4,552,255,41,12,1,5,1,
45,6,837,63,35,34,1,5,1,
45,7,893,196,67,26,1,5,1,
45,9,345,263,99,24,1,5,1,
45,11,407,475,67,17,1,5,1,
45,12,655,359,20,11,1,5,1,
45,13,594,219,32,11,1,5,1,
45,14,425,469,54,13,1,5,1,
45,15,262,149,233,55,1,5,1,
45,16,936,119,24,6,1,5,1,
45,17,729,43,20,27,1,5,1,
45,21,512,160,62,14,1,5,1,
45,22,419,138,404,100,1,5,1,
45,23,533,414,95,25,1,5,1,
45,25,494,261,82,20,1,5,1,
45,27,679,383,35,12,1,5,1,
45,28,768,92,19,18,1,5,1,
45,29,467,307,71,17,1,5,1,
45,30,649,248,47,15,1,5,1,
45,32,461,398,67,17,1,5,1,
45,34,422,264,100,23,1,5,1,
45,35,541,202,86,20,1,5,1,
46,1,876,41,32,29,1,5,1,
46,2,947,391,12,13,1,5,1,
46,3,668,199,17,17,1,5,1,
46,4,556,255,41,12,1,5,1,
46,6,839,66,38,32,1,5,1,
46,7,902,198,58,23,1,5,1,
46,9,353,263,99,24,1,5,1,
46,11,414,475,67,17,1,5,1,
46,13,598,219,32,11,1,5,1,
46,14,431,469,54,14,1,5,1,
46,15,291,151,228,54,1,5,1,
46,17,727,46,20,26,1,5,1,
46,21,519,159,62,15,1,5,1,
46,22,454,140,400,99,1,5,1,
46,23,540,414,95,24,1,5,1,
46,25,503,261,83,20,1,5,1,
46,27,683,383,35,12,1,5,1,
46,28,765,94,20,18,1,5,1,
46,29,474,307,71,17,1,5,1,
46,30,654,248,46,15,1,5,1,
46,32,467,398,67,17,1,5,1,
46,34,432,264,101,24,1,5,1,
46,35,550,202,86,20,1,5,1,
47,1,880,43,30,29,1,5,1,
47,2,945,390,14,14,1,5,1,
47,3,670,200,16,16,1,5,1,
47,4,560,255,41,12,1,5,1,
47,6,843,67,36,33,1,5,1,
47,7,913,199,47,22,1,5,1,
47,9,360,263,100,24,1,5,1,
47,11,420,475,68,17,1,5,1,
47,13,602,219,31,11,1,5,1,
47,14,437,469,54,14,1,5,1,
47,15,317,153,224,54,1,5,1,
47,17,725,48,20,25,1,5,1,
47,21,525,159,63,15,1,5,1,
47,22,486,142,400,99,1,5,1,
47,23,547,413,95,25,1,5,1,
47,25,512,261,84,20,1,5,1,
47,27,688,382,34,12,1,5,1,
47,28,763,95,20,18,1,5,1,
47,29,481,307,72,17,1,5,1,
47,30,658,248,46,15,1,5,1,
47,32,473,398,68,18,1,5,1,
47,34,443,263,101,24,1,5,1,
47,35,558,202,87,20,1,5,1,
48,1,884,44,29,30,1,5,1,
48,2,943,388,16,14,1,5,1,
48,3,672,201,16,16,1,5,1,
48,4,563,255,42,13,1,5,1,
48,6,847,69,33,32,1,5,1,
48,7,924,201,36,15,1,5,1,
48,9,368,263,100,24,1,5,1,
48,11,427,475,67,18,1,5,1,
48,13,605,220,31,11,1,5,1,
48,14,442,469,55,14,1,5,1,
48,15,342,154,221,55,1,5,1,
48,17,723,50,20,25,1,5,1,
48,21,532,159,64,15,1,5,1,
48,22,518,143,396,98,1,5,1,
48,23,555,413,95,25,1,5,1,
48,25,522,261,84,20,1,5,1,
48,27,692,382,33,11,1,5,1,
48,28,761,97,20,17,1,5,1,
48,29,489,307,71,17,1,5,1,
48,30,662,248,46,15,1,5,1,
48,32,479,398,67,17,1,5,1,
48,34,455,263,100,25,1,5,1,
48,35,566,201,89,21,1,5,1,
49,1,888,46,27,30,1,5,1,
49,2,941,387,18,14,1,5,1,
49,3,673,201,16,16,1,5,1,
49,4,567,256,41,12,1,5,1,
49,6,851,70,31,33,1,5,1,
49,9,376,263,101,24,1,5,1,
49,11,434,476,68,17,1,5,1,
49,13,609,220,30,11,1,5,1,
49,14,448,469,54,14,1,5,1,
49,15,367,155,215,55,1,5,1,
49,17,721,52,20,25,1,5,1,
49,21,539,158,64,15,1,5,1,
49,22,552,144,388,98,1,5,1,
49,23,562,413,94,25,1,5,1,
49,25,531,261,86,20,1,5,1,
49,27,696,381,33,12,1,5,1,
49,28,759,98,20,17,1,5,1,
49,29,496,307,71,17,1,5,1,
49,30,667,248,44,15,1,5,1,
49,32,485,398,67,17,1,5,1,
49,34,465,263,102,25,1,5,1,
49,35,575,201,89,21,1,5,1,
50,1,891,48,26,29,1,5,1,
50,2,939,386,20,13,1,5,1,
50,3,674,202,16,15,1,5,1,
50,4,571,256,41,12,1,5,1,
50,6,855,72,29,32,1,5,1,
50,9,384,263,101,23,1,5,1,
50,11,440,476,69,17,1,5,1,
50,13,612,220,30,11,1,5,1,
50,14,454,469,54,14,1,5,1,
50,15,391,156,209,55,1,5,1,
50,17,719,54,20,25,1,5,1,
50,21,546,158,64,15,1,5,1,
50,22,584,144,375,98,1,5,1,
50,23,569,413,94,24,1,5,1,
50,25,541,261,86,20,1,5,1,
50,27,700,381,32,11,1,5,1,
50,28,757,100,20,17,1,5,1,
50,29,503,307,72,17,1,5,1,
50,30,671,249,44,15,1,5,1,
50,32,491,398,67,16,1,5,1,
50,34,474,263,106,25,1,5,1,
50,35,584,201,89,20,1,5,1,
51,1,894,50,26,29,1,5,1,
51,2,937,385,22,13,1,5,1,
51,3,675,202,15,16,1,5,1,
51,4,575,256,40,12,1,5,1,
51,6,857,74,30,31,1,5,1,
51,9,392,263,101,23,1,5,1,
51,11,447,476,69,17,1,5,1,
51,13,616,221,29,11,1,5,1,
51,14,460,469,54,14,1,5,1,
51,15,415,157,202,54,1,5,1,
51,17,717,56,20,24,1,5,1,
51,21,553,158,64,15,1,5,1,
51,22,616,145,344,97,1,5,1,
51,23,577,412,93,25,1,5,1,
51,25,550,261,87,20,1,5,1,
51,27,704,380,32,11,1,5,1,
51,28,755,101,19,17,1,5,1,
51,29,510,307,72,17,1,5,1,
51,30,675,249,43,15,1,5,1,
51,32,497,397,66,17,1,5,1,
51,34,484,263,108,25,1,5,1,
51,35,592,201,90,20,1,5,1,
52,1,896,52,27,28,1,5,1,
52,2,935,384,24,13,1,5,1,
52,3,676,203,15,15,1,5,1,
52,4,580,256,39,12,1,5,1,
52,6,859,76,31,30,1,5,1,
52,9,400,263,101,23,1,5,1,
52,11,454,476,69,17,1,5,1,
52,13,620,221,27,11,1,5,1,
52,14,466,469,54,14,1,5,1,
52,15,440,159,195,52,1,5,1,
52,17,715,58,20,24,1,5,1,
52,21,560,158,65,15,1,5,1,
52,22,649,146,311,96,1,5,1,
52,23,584,412,92,25,1,5,1,
52,25,560,261,87,20,1,5,1,
52,27,709,379,30,12,1,5,1,
52,28,753,103,19,16,1,5,1,
52,29,518,307,71,17,1,5,1,
52,30,680,249,41,15,1,5,1,
52,32,504,397,65,17,1,5,1,
52,34,496,263,107,25,1,5,1,
52,35,602,200,89,21,1,5,1,
53,1,899,54,26,28,1,5,1,
53,2,933,383,26,13,1,5,1,
53,3,676,203,15,16,1,5,1,
53,4,584,256,38,12,1,5,1,
53,6,862,77,30,31,1,5,1,
53,9,408,263,101,23,1,5,1,
53,11,461,476,69,17,1,5,1,
53,13,623,221,27,11,1,5,1,
53,14,472,469,54,14,1,5,1,
53,15,464,160,189,52,1,5,1,
53,17,712,60,21,24,1,5,1,
53,21,567,157,65,15,1,5,1,
53,22,679,147,281,95,1,5,1,
53,23,592,412,91,24,1,5,1,
53,25,570,261,87,20,1,5,1,
53,27,713,379,29,11,1,5,1,
53,28,750,104,20,16,1,5,1,
53,29,525,307,72,17,1,5,1,
53,30,684,249,40,15,1,5,1,
53,32,509,397,66,16,1,5,1,
53,34,508,263,106,25,1,5,1,
53,35,611,200,89,21,1,5,1,
54,1,903,56,25,28,1,5,1,
54,2,931,382,28,13,1,5,1,
54,3,677,204,15,15,1,5,1,
54,4,588,256,37,12,1,5,1,
54,6,866,78,28,31,1,5,1,
54,9,417,263,100,23,1,5,1,
54,11,469,476,68,17,1,5,1,
54,13,626,222,27,10,1,5,1,
54,14,478,469,54,14,1,5,1,
54,15,487,162,184,50,1,5,1,
54,17,710,62,21,23,1,5,1,
54,21,575,157,64,15,1,5,1,
54,22,712,147,248,95,1,5,1,
54,23,599,412,91,24,1,5,1,
54,25,580,261,87,20,1,5,1,
54,27,717,378,28,12,1,5,1,
54,28,748,105,20,16,1,5,1,
54,29,533,307,71,17,1,5,1,
54,30,688,249,39,15,1,5,1,
54,32,515,397,67,17,1,5,1,
54,34,522,263,100,25,1,5,1,
54,35,620,200,89,21,1,5,1,
55,1,906,58,24,27,1,5,1,
55,2,929,380,28,14,1,5,1,
55,3,677,204,15,16,1,5,1,
55,4,592,256,36,12,1,5,1,
55,6,868,80,28,30,1,5,1,
55,9,425,263,101,23,1,5,1,
55,11,475,476,69,18,1,5,1,
55,13,629,222,26,11,1,5,1,
55,14,483,470,55,13,1,5,1,
55,15,509,163,179,50,1,5,1,
55,17,708,64,21,23,1,5,1,
55,21,582,157,65,15,1,5,1,
55,22,740,148,220,94,1,5,1,
55,23,606,411,91,25,1,5,1,
55,25,590,261,87,20,1,5,1,
55,27,720,378,28,11,1,5,1,
55,29,540,306,71,18,1,5,1,
55,30,692,249,38,15,1,5,1,
55,32,521,397,65,16,1,5,1,
55,34,535,263,94,25,1,5,1,
55,35,629,200,89,21,1,5,1,
56,1,908,60,25,26,1,5,1,
56,2,927,379,27,13,1,5,1,
56,3,678,205,15,15,1,5,1,
56,4,596,256,35,12,1,5,1,
56,6,870,82,29,29,1,5,1,
56,9,433,263,101,23,1,5,1,
56,11,482,476,69,18,1,5,1,
56,13,633,222,25,11,1,5,1,
56,14,489,469,55,14,1,5,1,
56,15,530,164,174,50,1,5,1,
56,17,706,66,21,22,1,5,1,
56,21,589,157,65,15,1,5,1,
56,22,769,149,191,93,1,5,1,
56,23,613,411,90,24,1,5,1,
56,25,600,261,87,20,1,5,1,
56,27,724,377,27,11,1,5,1,
56,29,547,306,71,18,1,5,1,
56,30,696,249,37,15,1,5,1,
56,32,527,396,65,17,1,5,1,
56,34,549,263,86,25,1,5,1,
56,35,638,200,89,21,1,5,1,
57,1,910,61,25,27,1,5,1,
57,2,924,378,28,13,1,5,1,
57,3,678,205,15,15,1,5,1,
57,4,600,256,34,13,1,5,1,
57,6,873,83,28,30,1,5,1,
57,9,441,263,101,23,1,5,1,
57,11,489,476,69,18,1,5,1,
57,13,636,223,24,10,1,5,1,
57,14,495,469,54,14,1,5,1,
57,15,550,166,170,48,1,5,1,
57,17,703,68,22,22,1,5,1,
57,21,596,156,66,16,1,5,1,
57,22,798,151,162,78,1,5,1,
57,23,620,411,89,24,1,5,1,
57,25,610,261,86,20,1,5,1,
57,27,727,376,27,11,1,5,1,
57,29,555,306,71,18,1,5,1,
57,30,699,249,37,15,1,5,1,
57,32,533,396,64,16,1,5,1,
57,34,558,263,90,24,1,5,1,
57,35,647,200,89,21,1,5,1,
58,1,914,63,23,26,1,5,1,
58,2,922,377,28,13,1,5,1,
58,3,679,206,14,15,1,5,1,
58,4,603,256,34,13,1,5,1,
58,6,876,85,27,29,1,5,1,
58,9,450,263,100,23,1,5,1,
58,11,497,476,68,17,1,5,1,
58,13,639,223,23,11,1,5,1,
58,14,501,469,54,14,1,5,1,
58,15,570,167,167,48,1,5,1,
58,17,701,70,22,21,1,5,1,
58,21,603,156,66,15,1,5,1,
58,22,827,159,133,62,1,5,1,
58,23,628,410,88,24,1,5,1,
58,25,620,261,87,20,1,5,1,
58,27,731,376,26,11,1,5,1,
58,29,562,306,71,18,1,5,1,
58,30,703,250,35,14,1,5,1,
58,32,539,396,64,16,1,5,1,
58,34,567,263,92,24,1,5,1,
58,35,656,200,90,21,1,5,1,
59,1,916,65,23,26,1,5,1,
59,2,920,376,28,13,1,5,1,
59,3,679,206,15,15,1,5,1,
59,4,607,257,33,12,1,5,1,
59,6,878,86,27,29,1,5,1,
59,9,458,263,100,23,1,5,1,
59,11,503,476,68,17,1,5,1,
59,13,641,223,24,11,1,5,1,
59,14,507,469,54,14,1,5,1,
59,15,589,168,165,47,1,5,1,
59,17,699,71,22,22,1,5,1,
59,21,610,156,66,15,1,5,1,
59,23,635,410,87,24,1,5,1,
59,25,630,261,87,20,1,5,1,
59,27,734,375,25,11,1,5,1,
59,29,569,306,71,18,1,5,1,
59,30,707,250,34,14,1,5,1,
59,32,545,395,63,17,1,5,1,
59,34,577,263,91,24,1,5,1,
59,35,664,200,91,21,1,5,1,
60,1,918,67,24,25,1,5,1,
60,2,918,375,28,13,1,5,1,
60,3,679,207,15,15,1,5,1,
60,4,610,257,33,12,1,5,1,
60,6,880,88,27,28,1,5,1,
60,9,466,263,100,23,1,5,1,
60,11,510,476,68,17,1,5,1,
60,13,644,223,23,11,1,5,1,
60,14,513,469,54,14,1,5,1,
60,15,608,170,162,46,1,5,1,
60,17,697,73,22,21,1,5,1,
60,21,618,156,66,15,1,5,1,
60,23,641,409,87,24,1,5,1,
60,25,640,261,87,20,1,5,1,
60,27,738,374,24,11,1,5,1,
60,29,576,306,71,17,1,5,1,
60,30,710,250,33,14,1,5,1,
60,32,551,395,62,16,1,5,1,
60,34,588,263,89,24,1,5,1,
60,35,673,200,91,21,1,5,1,
61,1,920,68,24,25,1,5,1,
61,2,916,374,28,12,1,5,1,
61,3,679,207,15,15,1,5,1,
61,4,614,257,31,12,1,5,1,
61,6,882,89,27,28,1,5,1,
61,9,474,263,100,23,1,5,1,
61,11,518,476,67,17,1,5,1,
61,13,647,224,22,10,1,5,1,
61,14,518,469,54,14,1,5,1,
61,15,626,171,160,46,1,5,1,
61,17,694,75,23,21,1,5,1,
61,21,625,156,66,15,1,5,1,
61,23,648,409,86,24,1,5,1,
61,25,650,261,87,20,1,5,1,
61,27,741,374,23,11,1,5,1,
61,29,583,306,73,17,1,5,1,
61,30,713,250,33,14,1,5,1,
61,32,556,395,64,17,1,5,1,
61,34,599,263,86,24,1,5,1,
61,35,682,199,91,22,1,5,1,
62,1,923,70,23,25,1,5,1,
62,2,913,373,29,12,1,5,1,
62,3,679,208,15,14,1,5,1,
62,4,617,257,30,12,1,5,1,
62,6,885,91,26,28,1,5,1,
62,9,482,263,100,23,1,5,1,
62,11,524,476,68,17,1,5,1,
62,13,650,224,21,11,1,5,1,
62,14,524,469,54,14,1,5,1,
62,15,644,172,157,45,1,5,1,
62,17,692,77,23,20,1,5,1,
62,21,632,155,67,16,1,5,1,
62,23,655,409,86,24,1,5,1,
62,25,660,261,87,20,1,5,1,
62,27,744,373,23,11,1,5,1,
62,29,590,306,75,18,1,5,1,
62,30,717,250,31,14,1,5,1,
62,32,561,396,66,16,1,5,1,
62,34,608,263,86,24,1,5,1,
62,35,691,199,92,21,1,5,1,
63,1,925,71,23,25,1,5,1,
63,2,911,372,28,12,1,5,1,
63,3,679,208,15,15,1,5,1,
63,4,620,257,30,12,1,5,1,
63,6,887,92,26,28,1,5,1,
63,9,490,263,100,23,1,5,1,
63,11,531,476,68,17,1,5,1,
63,13,652,224,21,11,1,5,1,
63,14,530,469,54,14,1,5,1,
63,15,662,173,154,45,1,5,1,
63,17,690,78,22,21,1,5,1,
63,21,639,155,68,16,1,5,1,
63,23,661,409,88,24,1,5,1,
63,25,669,261,88,20,1,5,1,
63,27,747,372,22,11,1,5,1,
63,29,598,306,75,18,1,5,1,
63,30,720,250,30,14,1,5,1,
63,32,566,397,67,16,1,5,1,
63,34,618,264,85,23,1,5,1,
63,35,699,199,94,21,1,5,1,
64,1,927,73,23,25,1,5,1,
64,2,909,371,28,12,1,5,1,
64,3,679,209,15,14,1,5,1,
64,4,624,257,28,12,1,5,1,
64,6,889,94,25,27,1,5,1,
64,9,499,263,99,23,1,5,1,
64,11,538,476,68,17,1,5,1,
64,13,655,225,20,10,1,5,1,
64,14,536,469,54,14,1,5,1,
64,15,680,174,152,44,1,5,1,
64,17,687,80,23,20,1,5,1,
64,21,647,155,68,15,1,5,1,
64,23,667,409,89,24,1,5,1,
64,25,679,261,88,20,1,5,1,
64,27,750,372,21,11,1,5,1,
64,29,605,307,76,17,1,5,1,
64,30,723,250,29,14,1,5,1,
64,32,572,398,68,16,1,5,1,
64,34,628,264,84,23,1,5,1,
64,35,708,199,95,21,1,5,1,
65,1,929,75,23,24,1,5,1,
65,2,907,370,28,12,1,5,1,
65,3,679,209,14,15,1,5,1,
65,4,627,257,27,12,1,5,1,
65,6,887,96,30,27,1,5,1,
65,9,507,263,99,23,1,5,1,
65,11,545,476,68,17,1,5,1,
65,13,657,225,20,10,1,5,1,
65,14,542,469,54,14,1,5,1,
65,15,697,175,149,44,1,5,1,
65,17,685,82,23,19,1,5,1,
65,21,654,155,68,15,1,5,1,
65,23,674,409,89,24,1,5,1,
65,25,689,261,89,20,1,5,1,
65,27,753,371,20,11,1,5,1,
65,29,613,307,76,17,1,5,1,
65,30,726,251,28,13,1,5,1,
65,32,578,399,69,16,1,5,1,
65,34,638,264,82,23,1,5,1,
65,35,718,199,95,21,1,5,1,
66,1,931,76,23,24,1,5,1,
66,2,904,369,29,12,1,5,1,
66,3,679,210,14,14,1,5,1,
66,4,630,257,26,12,1,5,1,
66,6,885,99,37,26,1,5,1,
66,9,515,263,99,23,1,5,1,
66,11,552,476,68,18,1,5,1,
66,13,660,225,18,11,1,5,1,
66,14,548,470,54,13,1,5,1,
66,15,714,176,147,43,1,5,1,
66,17,683,83,23,19,1,5,1,
66,21,662,154,68,16,1,5,1,
66,23,681,409,88,24,1,5,1,
66,25,699,261,89,20,1,5,1,
66,27,756,371,19,10,1,5,1,
66,29,620,307,76,18,1,5,1,
66,30,730,251,24,14,1,5,1,
66,32,584,399,69,16,1,5,1,
66,34,648,264,80,22,1,5,1,
66,35,727,198,95,22,1,5,1,
67,1,933,78,23,23,1,5,1,
67,2,902,369,28,11,1,5,1,
67,3,679,210,14,14,1,5,1,
67,4,633,257,25,12,1,5,1,
67,6,886,101,39,24,1,5,1,
67,9,523,263,99,23,1,5,1,
67,11,559,476,68,18,1,5,1,
67,13,662,226,18,10,1,5,1,
67,14,554,470,54,13,1,5,1,
67,15,731,177,144,43,1,5,1,
67,17,680,85,23,19,1,5,1,
67,21,669,154,69,16,1,5,1,
67,23,688,409,87,23,1,5,1,
67,25,710,261,87,20,1,5,1,
67,27,758,371,20,10,1,5,1,
67,29,628,307,77,17,1,5,1,
67,30,732,251,24,14,1,5,1,
67,32,590,399,69,16,1,5,1,
67,34,660,264,71,22,1,5,1,
67,35,737,198,95,21,1,5,1,
68,1,935,80,23,23,1,5,1,
68,2,900,368,28,11,1,5,1,
68,3,679,211,14,14,1,5,1,
68,4,636,258,23,11,1,5,1,
68,6,889,102,38,24,1,5,1,
68,9,532,263,97,23,1,5,1,
68,11,567,476,67,17,1,5,1,
68,13,664,226,17,10,1,5,1,
68,14,560,470,53,13,1,5,1,
68,15,748,178,141,42,1,5,1,
68,17,678,86,23,19,1,5,1,
68,21,677,154,68,16,1,5,1,
68,23,695,408,87,24,1,5,1,
68,25,720,261,87,20,1,5,1,
68,27,761,371,20,10,1,5,1,
68,29,636,307,75,18,1,5,1,
68,30,734,251,23,14,1,5,1,
68,32,596,399,69,17,1,5,1,
68,34,671,264,63,22,1,5,1,
68,35,747,198,95,21,1,5,1,
69,1,938,81,21,23,1,5,1,
69,2,897,367,29,11,1,5,1,
69,3,678,211,14,14,1,5,1,
69,4,638,258,23,11,1,5,1,
69,6,893,103,35,24,1,5,1,
69,9,540,263,96,23,1,5,1,
69,11,574,476,67,17,1,5,1,
69,13,666,226,17,11,1,5,1,
69,14,565,470,54,13,1,5,1,
69,15,764,179,138,42,1,5,1,
69,21,684,154,69,15,1,5,1,
69,23,702,408,86,24,1,5,1,
69,25,730,261,86,20,1,5,1,
69,27,764,370,20,11,1,5,1,
69,29,643,307,76,18,1,5,1,
69,30,737,251,21,14,1,5,1,
69,32,602,400,69,16,1,5,1,
69,34,679,264,61,22,1,5,1,
69,35,756,198,95,21,1,5,1,
70,1,940,82,19,23,1,5,1,
70,2,895,366,28,11,1,5,1,
70,3,678,212,14,13,1,5,1,
70,4,641,258,22,11,1,5,1,
70,6,897,104,33,24,1,5,1,
70,9,548,263,96,23,1,5,1,
70,11,580,476,67,17,1,5,1,
70,13,668,227,16,10,1,5,1,
70,14,571,469,54,14,1,5,1,
70,15,779,179,136,42,1,5,1,
70,21,692,154,69,15,1,5,1,
70,23,709,408,85,23,1,5,1,
70,25,741,261,81,20,1,5,1,
70,27,767,370,20,11,1,5,1,
70,29,650,307,78,18,1,5,1,
70,30,739,252,21,13,1,5,1,
70,32,608,400,70,16,1,5,1,
70,34,686,264,59,22,1,5,1,
70,35,765,198,96,21,1,5,1,
71,1,942,84,17,22,1,5,1,
71,2,893,365,28,11,1,5,1,
71,3,678,212,13,14,1,5,1,
71,4,643,258,21,11,1,5,1,
71,6,900,105,33,24,1,5,1,
71,9,556,263,95,23,1,5,1,
71,11,588,475,66,18,1,5,1,
71,13,670,227,16,10,1,5,1,
71,14,577,469,54,14,1,5,1,
71,15,795,180,133,42,1,5,1,
71,21,699,153,70,16,1,5,1,
71,23,716,408,85,23,1,5,1,
71,25,753,261,75,20,1,5,1,
71,27,771,369,17,11,1,5,1,
71,29,658,307,77,18,1,5,1,
71,30,741,252,20,13,1,5,1,
71,32,614,400,70,16,1,5,1,
71,34,694,264,56,22,1,5,1,
71,35,775,198,95,21,1,5,1,
72,1,944,85,16,22,1,5,1,
72,2,890,364,29,11,1,5,1,
72,3,677,213,14,13,1,5,1,
72,4,645,258,21,11,1,5,1,
72,6,902,106,34,24,1,5,1,
72,9,564,263,94,23,1,5,1,
72,11,595,475,66,18,1,5,1,
72,13,672,227,15,10,1,5,1,
72,14,583,469,53,13,1,5,1,
72,15,810,181,131,41,1,5,1,
72,21,707,153,69,16,1,5,1,
72,23,723,407,83,24,1,5,1,
72,25,760,261,81,20,1,5,1,
72,27,774,369,16,11,1,5,1,
72,29,666,307,78,18,1,5,1,
72,30,743,252,19,13,1,5,1,
72,32,621,400,69,16,1,5,1,
72,34,701,264,56,22,1,5,1,
72,35,785,197,95,22,1,5,1,
73,1,946,87,14,21,1,5,1,
73,2,888,363,28,11,1,5,1,
73,3,677,213,13,13,1,5,1,
73,4,648,258,19,11,1,5,1,
73,6,904,107,35,24,1,5,1,
73,9,572,263,94,23,1,5,1,
73,11,602,475,65,18,1,5,1,
73,13,674,228,14,9,1,5,1,
73,14,589,469,53,13,1,5,1,
73,15,825,182,129,40,1,5,1,
73,21,715,153,69,16,1,5,1,
73,23,729,407,84,23,1,5,1,
73,25,770,261,76,20,1,5,1,
73,27,776,368,16,11,1,5,1,
73,29,674,307,77,18,1,5,1,
73,30,745,252,18,14,1,5,1,
73,32,627,400,69,16,1,5,1,
73,34,709,264,52,21,1,5,1,
73,35,794,197,96,22,1,5,1,
74,1,947,88,13,21,1,5,1,
74,2,885,363,29,10,1,5,1,
74,4,650,258,18,11,1,5,1,
74,6,906,108,36,23,1,5,1,
74,9,580,263,93,23,1,5,1,
74,11,609,475,65,17,1,5,1,
74,13,676,228,14,10,1,5,1,
74,14,595,469,53,13,1,5,1,
74,15,840,183,119,40,1,5,1,
74,21,723,153,68,16,1,5,1,
74,23,736,407,82,23,1,5,1,
74,25,778,261,81,20,1,5,1,
74,27,779,367,15,11,1,5,1,
74,29,682,307,76,18,1,5,1,
74,30,747,252,17,14,1,5,1,
74,32,633,400,69,17,1,5,1,
74,34,716,264,50,21,1,5,1,
74,35,804,197,95,22,1,5,1,
75,1,949,90,11,21,1,5,1,
75,2,883,362,29,10,1,5,1,
75,4,652,258,17,11,1,5,1,
75,6,909,109,34,23,1,5,1,
75,9,587,263,93,23,1,5,1,
75,11,616,474,64,18,1,5,1,
75,13,678,228,13,10,1,5,1,
75,14,600,469,53,13,1,5,1,
75,15,854,184,106,39,1,5,1,
75,21,730,153,69,16,1,5,1,
75,23,743,406,81,23,1,5,1,
75,25,788,261,76,20,1,5,1,
75,27,781,367,14,10,1,5,1,
75,29,689,307,79,18,1,5,1,
75,30,749,252,17,14,1,5,1,
75,32,639,400,69,17,1,5,1,
75,34,722,264,48,21,1,5,1,
75,35,813,197,96,22,1,5,1,
76,1,950,91,10,22,1,5,1,
76,2,881,361,28,10,1,5,1,
76,4,654,258,17,11,1,5,1,
76,6,912,110,32,23,1,5,1,
76,9,595,263,92,23,1,5,1,
76,11,622,474,65,18,1,5,1,
76,13,679,229,13,9,1,5,1,
76,14,606,469,53,13,1,5,1,
76,15,868,184,92,40,1,5,1,
76,21,737,153,69,15,1,5,1,
76,23,749,406,82,23,1,5,1,
76,25,798,261,73,20,1,5,1,
76,27,783,366,14,11,1,5,1,
76,29,697,308,77,17,1,5,1,
76,30,750,252,17,14,1,5,1,
76,32,645,400,70,17,1,5,1,
76,34,728,265,46,20,1,5,1,
76,35,823,197,95,22,1,5,1,
77,1,951,93,9,21,1,5,1,
77,2,878,360,29,10,1,5,1,
77,4,656,258,16,11,1,5,1,
77,6,915,111,31,23,1,5,1,
77,9,603,263,91,23,1,5,1,
77,11,629,474,64,17,1,5,1,
77,13,681,229,12,9,1,5,1,
77,14,612,469,52,13,1,5,1,
77,15,882,185,78,39,1,5,1,
77,21,745,153,69,15,1,5,1,
77,23,756,406,80,23,1,5,1,
77,25,807,261,72,20,1,5,1,
77,27,785,365,13,11,1,5,1,
77,29,705,308,77,17,1,5,1,
77,30,752,253,16,13,1,5,1,
77,32,651,400,70,17,1,5,1,
77,34,734,265,44,20,1,5,1,
77,35,833,197,95,22,1,5,1,
78,1,953,95,7,18,1,5,1,
78,2,876,359,28,10,1,5,1,
78,4,657,259,15,10,1,5,1,
78,6,918,112,30,23,1,5,1,
78,9,611,263,90,23,1,5,1,
78,11,636,473,64,18,1,5,1,
78,13,682,229,12,10,1,5,1,
78,14,618,468,52,13,1,5,1,
78,15,895,186,65,38,1,5,1,
78,21,753,152,68,16,1,5,1,
78,23,762,405,80,23,1,5,1,
78,25,816,261,71,20,1,5,1,
78,27,787,365,12,10,1,5,1,
78,29,712,308,78,18,1,5,1,
78,30,754,253,15,13,1,5,1,
78,32,658,400,69,17,1,5,1,
78,34,740,265,42,20,1,5,1,
78,35,843,197,94,22,1,5,1,
79,2,873,359,29,9,1,5,1,
79,4,659,259,14,10,1,5,1,
79,6,921,113,29,22,1,5,1,
79,9,619,263,88,23,1,5,1,
79,11,643,473,63,17,1,5,1,
79,13,684,229,11,10,1,5,1,
79,14,623,468,52,13,1,5,1,
79,15,909,188,51,30,1,5,1,
79,21,760,152,69,16,1,5,1,
79,23,769,405,78,23,1,5,1,
79,25,824,261,70,20,1,5,1,
79,27,788,364,12,11,1,5,1,
79,29,720,308,77,18,1,5,1,
79,30,755,253,15,13,1,5,1,
79,32,664,400,69,17,1,5,1,
79,34,745,265,40,20,1,5,1,
79,35,852,197,95,22,1,5,1,
80,2,871,358,28,10,1,5,1,
80,4,661,259,13,10,1,5,1,
80,6,924,114,28,22,1,5,1,
80,9,626,263,89,23,1,5,1,
80,11,650,473,62,17,1,5,1,
80,13,685,230,11,9,1,5,1,
80,14,629,468,52,13,1,5,1,
80,15,921,190,39,20,1,5,1,
80,21,768,152,68,16,1,5,1,
80,23,775,405,78,22,1,5,1,
80,25,832,261,70,20,1,5,1,
80,27,789,363,12,11,1,5,1,
80,29,727,308,81,17,1,5,1,
80,30,756,253,15,13,1,5,1,
80,32,670,400,69,17,1,5,1,
80,34,750,265,39,19,1,5,1,
80,35,861,197,95,22,1,5,1,
81,2,868,357,29,10,1,5,1,
81,4,662,259,13,10,1,5,1,
81,6,927,114,27,23,1,5,1,
81,9,634,264,89,22,1,5,1,
81,11,657,472,61,17,1,5,1,
81,13,687,230,10,9,1,5,1,
81,14,635,468,51,13,1,5,1,
81,21,775,152,69,16,1,5,1,
81,23,781,404,78,23,1,5,1,
81,25,839,261,71,20,1,5,1,
81,27,790,363,12,10,1,5,1,
81,29,735,308,78,18,1,5,1,
81,30,757,253,14,13,1,5,1,
81,32,676,401,69,16,1,5,1,
81,34,755,265,38,19,1,5,1,
81,35,871,197,89,22,1,5,1,
82,2,866,356,29,10,1,5,1,
82,4,663,259,13,10,1,5,1,
82,6,930,115,26,22,1,5,1,
82,9,642,264,87,23,1,5,1,
82,11,663,472,61,17,1,5,1,
82,13,688,230,10,10,1,5,1,
82,14,640,467,52,13,1,5,1,
82,21,782,152,69,16,1,5,1,
82,23,787,404,77,23,1,5,1,
82,25,847,261,70,20,1,5,1,
82,27,791,362,11,10,1,5,1,
82,29,743,308,78,18,1,5,1,
82,30,757,253,15,13,1,5,1,
82,32,682,401,69,16,1,5,1,
82,34,759,265,37,19,1,5,1,
82,35,880,197,80,21,1,5,1,
83,2,863,356,29,9,1,5,1,
83,4,665,259,12,10,1,5,1,
83,6,933,116,25,22,1,5,1,
83,9,650,264,85,22,1,5,1,
83,11,669,471,61,17,1,5,1,
83,13,689,231,10,9,1,5,1,
83,14,645,467,52,13,1,5,1,
83,21,790,152,69,16,1,5,1,
83,23,793,404,76,22,1,5,1,
83,25,855,261,70,20,1,5,1,
83,27,792,362,11,10,1,5,1,
83,29,750,308,79,18,1,5,1,
83,30,758,253,15,13,1,5,1,
83,32,688,401,69,16,1,5,1,
83,34,764,265,36,19,1,5,1,
83,35,889,197,71,21,1,5,1,
84,2,861,355,29,9,1,5,1,
84,4,666,259,12,10,1,5,1,
84,6,936,116,23,22,1,5,1,
84,9,658,264,84,22,1,5,1,
84,11,676,471,60,17,1,5,1,
84,13,690,231,10,9,1,5,1,
84,14,651,467,51,13,1,5,1,
84,20,953,402,6,5,1,5,1,
84,21,797,152,69,16,1,5,1,
84,23,800,403,75,23,1,5,1,
84,25,863,261,70,20,1,5,1,
84,27,792,361,12,10,1,5,1,
84,29,758,308,79,18,1,5,1,
84,30,759,254,14,12,1,5,1,
84,32,694,401,70,16,1,5,1,
84,34,768,265,35,19,1,5,1,
84,35,899,196,61,22,1,5,1,
85,2,859,354,28,9,1,5,1,
85,4,667,259,11,11,1,5,1,
85,6,938,117,21,22,1,5,1,
85,9,666,264,82,22,1,5,1,
85,11,683,470,58,17,1,5,1,
85,13,691,231,10,9,1,5,1,
85,14,657,467,50,12,1,5,1,
85,20,950,401,9,7,1,5,1,
85,21,806,152,67,16,1,5,1,
85,23,806,403,74,22,1,5,1,
85,25,872,261,68,20,1,5,1,
85,27,793,360,11,10,1,5,1,
85,29,766,308,78,18,1,5,1,
85,30,759,254,15,12,1,5,1,
85,32,701,401,69,16,1,5,1,
85,34,772,265,35,19,1,5,1,
85,35,910,198,50,20,1,5,1,
86,2,856,354,29,9,1,5,1,
86,4,668,259,11,11,1,5,1,
86,6,939,118,20,22,1,5,1,
86,9,673,264,81,22,1,5,1,
86,11,690,469,57,17,1,5,1,
86,13,692,231,10,9,1,5,1,
86,14,663,466,50,13,1,5,1,
86,20,948,400,11,8,1,5,1,
86,21,814,152,66,16,1,5,1,
86,23,812,403,73,22,1,5,1,
86,25,880,261,67,20,1,5,1,
86,27,793,360,12,9,1,5,1,
86,29,774,308,78,18,1,5,1,
86,30,760,254,14,12,1,5,1,
86,32,708,401,68,17,1,5,1,
86,34,776,265,35,19,1,5,1,
86,35,919,199,41,19,1,5,1,
87,2,854,353,28,9,1,5,1,
87,4,669,259,11,10,1,5,1,
87,6,940,119,19,22,1,5,1,
87,9,680,264,80,22,1,5,1,
87,11,696,469,56,17,1,5,1,
87,13,693,232,10,9,1,5,1,
87,14,668,466,50,13,1,5,1,
87,20,945,399,14,8,1,5,1,
87,21,822,152,65,16,1,5,1,
87,23,818,402,72,22,1,5,1,
87,25,888,261,66,19,1,5,1,
87,27,793,359,12,10,1,5,1,
87,29,782,308,78,18,1,5,1,
87,30,761,254,14,12,1,5,1,
87,32,714,401,68,17,1,5,1,
87,34,782,265,32,19,1,5,1,
87,35,929,201,31,13,1,5,1,
88,2,851,352,28,9,1,5,1,
88,4,669,259,11,10,1,5,1,
88,6,941,120,18,22,1,5,1,
88,9,688,264,78,22,1,5,1,
88,11,703,468,55,17,1,5,1,
88,13,694,232,10,9,1,5,1,
88,14,673,465,51,13,1,5,1,
88,20,943,398,16,8,1,5,1,
88,21,829,152,65,16,1,5,1,
88,23,824,402,71,22,1,5,1,
88,25,896,261,63,19,1,5,1,
88,27,794,358,11,10,1,5,1,
88,29,790,308,78,18,1,5,1,
88,30,761,254,14,12,1,5,1,
88,32,720,401,68,17,1,5,1,
88,34,787,266,30,17,1,5,1,
89,2,849,352,28,8,1,5,1,
89,4,670,260,11,9,1,5,1,
89,6,942,121,17,22,1,5,1,
89,9,694,264,78,22,1,5,1,
89,11,708,468,55,16,1,5,1,
89,13,695,232,10,9,1,5,1,
89,14,678,465,51,13,1,5,1,
89,20,941,397,18,8,1,5,1,
89,21,836,152,65,16,1,5,1,
89,23,830,401,70,22,1,5,1,
89,25,903,262,57,18,1,5,1,
89,27,794,358,12,9,1,5,1,
89,29,797,308,78,18,1,5,1,
89,30,761,254,15,12,1,5,1,
89,32,726,401,68,17,1,5,1,
89,34,791,266,29,17,1,5,1,
90,2,845,351,30,9,1,5,1,
90,4,670,260,11,9,1,5,1,
90,6,943,122,16,21,1,5,1,
90,9,701,264,77,22,1,5,1,
90,11,714,467,54,17,1,5,1,
90,13,696,232,10,9,1,5,1,
90,14,683,465,51,13,1,5,1,
90,20,937,396,22,9,1,5,1,
90,21,843,152,64,16,1,5,1,
90,23,835,401,70,22,1,5,1,
90,25,910,262,50,18,1,5,1,
90,27,794,357,12,10,1,5,1,
90,29,804,308,79,18,1,5,1,
90,30,762,254,14,12,1,5,1,
90,32,732,401,68,17,1,5,1,
90,34,794,266,29,17,1,5,1,
91,2,842,351,31,8,1,5,1,
91,4,671,260,11,9,1,5,1,
91,6,944,123,16,21,1,5,1,
91,9,708,264,75,22,1,5,1,
91,11,720,466,53,17,1,5,1,
91,13,697,233,10,8,1,5,1,
91,14,689,465,51,12,1,5,1,
91,20,933,395,26,9,1,5,1,
91,21,850,153,64,15,1,5,1,
91,23,841,400,69,22,1,5,1,
91,25,918,262,42,18,1,5,1,
91,27,794,356,12,10,1,5,1,
91,29,812,308,79,18,1,5,1,
91,30,762,254,14,12,1,5,1,
91,32,738,401,67,17,1,5,1,
91,34,797,266,29,17,1,5,1,
92,2,839,350,32,8,1,5,1,
92,4,671,260,11,9,1,5,1,
92,6,945,124,15,21,1,5,1,
92,9,714,264,75,22,1,5,1,
92,11,726,465,52,17,1,5,1,
92,13,697,233,10,8,1,5,1,
92,14,695,464,50,13,1,5,1,
92,20,929,394,28,9,1,5,1,
92,21,857,153,64,15,1,5,1,
92,23,847,400,68,22,1,5,1,
92,25,925,262,35,18,1,5,1,
92,27,794,356,12,9,1,5,1,
92,29,820,308,78,18,1,5,1,
92,30,762,255,14,11,1,5,1,
92,32,744,401,67,17,1,5,1,
92,34,801,266,28,17,1,5,1,
93,2,836,350,32,8,1,5,1,
93,4,672,260,10,9,1,5,1,
93,6,946,125,14,21,1,5,1,
93,9,721,264,73,22,1,5,1,
93,11,733,465,50,16,1,5,1,
93,13,698,233,10,9,1,5,1,
93,14,700,464,50,13,1,5,1,
93,20,925,393,30,9,1,5,1,
93,21,865,153,63,15,1,5,1,
93,23,853,400,67,21,1,5,1,
93,25,932,263,28,14,1,5,1,
93,27,793,355,12,10,1,5,1,
93,29,827,308,79,18,1,5,1,
93,30,762,255,14,11,1,5,1,
93,32,750,401,67,17,1,5,1,
93,34,804,266,29,17,1,5,1,
94,2,833,349,32,8,1,5,1,
94,4,672,260,10,9,1,5,1,
94,6,947,126,13,21,1,5,1,
94,9,727,264,73,22,1,5,1,
94,11,738,464,50,16,1,5,1,
94,13,699,233,10,9,1,5,1,
94,14,705,464,50,13,1,5,1,
94,20,922,392,30,9,1,5,1,
94,21,872,153,62,16,1,5,1,
94,23,858,399,66,22,1,5,1,
94,25,939,265,21,9,1,5,1,
94,27,793,354,12,10,1,5,1,
94,29,835,308,79,18,1,5,1,
94,30,762,255,14,11,1,5,1,
94,32,756,400,67,18,1,5,1,
94,34,807,266,29,17,1,5,1,
95,2,830,348,32,8,1,5,1,
95,4,672,260,11,9,1,5,1,
95,6,947,127,13,21,1,5,1,
95,9,734,264,71,22,1,5,1,
95,11,744,463,48,16,1,5,1,
95,13,700,234,9,8,1,5,1,
95,14,711,463,49,13,1,5,1,
95,20,919,391,29,9,1,5,1,
95,21,879,153,62,16,1,5,1,
95,23,864,399,65,21,1,5,1,
95,27,793,354,12,9,1,5,1,
95,29,843,308,79,19,1,5,1,
95,30,762,255,14,11,1,5,1,
95,32,763,400,66,18,1,5,1,
95,34,810,266,29,17,1,5,1,
96,2,828,347,31,9,1,5,1,
96,4,672,260,11,9,1,5,1,
96,6,948,128,12,20,1,5,1,
96,9,740,264,71,22,1,5,1,
96,11,750,462,47,16,1,5,1,
96,13,700,234,10,8,1,5,1,
96,14,716,463,49,13,1,5,1,
96,20,915,390,30,9,1,5,1,
96,21,885,153,63,16,1,5,1,
96,23,869,398,64,22,1,5,1,
96,27,792,353,13,10,1,5,1,
96,29,850,308,79,19,1,5,1,
96,30,762,255,14,11,1,5,1,
96,32,769,400,66,17,1,5,1,
96,34,813,266,28,17,1,5,1,
97,9,746,264,70,22,1,5,1,
97,11,755,461,46,16,1,5,1,
97,13,701,234,10,8,1,5,1,
97,14,721,463,49,12,1,5,1,
97,20,912,389,29,9,1,5,1,
97,21,892,153,62,16,1,5,1,
97,23,874,398,64,21,1,5,1,
97,27,792,353,12,9,1,5,1,
97,29,857,308,80,19,1,5,1,
97,30,762,255,14,11,1,5,1,
97,32,775,400,65,17,1,5,1,
97,34,816,266,28,16,1,5,1,
98,9,751,264,70,22,1,5,1,
98,11,760,460,45,16,1,5,1,
98,13,701,234,10,9,1,5,1,
98,14,726,462,49,13,1,5,1,
98,20,908,388,30,9,1,5,1,
98,21,898,154,61,15,1,5,1,
98,23,879,397,63,22,1,5,1,
98,27,790,352,15,9,1,5,1,
98,29,863,309,82,18,1,5,1,
98,30,762,255,14,11,1,5,1,
98,32,779,400,67,17,1,5,1,
98,34,818,266,29,16,1,5,1,
99,9,756,264,70,21,1,5,1,
99,11,765,459,44,16,1,5,1,
99,14,731,462,49,13,1,5,1,
99,21,904,154,56,15,1,5,1,
99,23,883,397,63,21,1,5,1,
99,27,787,351,18,10,1,5,1,
99,29,871,309,82,18,1,5,1,
99,30,762,255,14,11,1,5,1,
99,32,785,400,67,17,1,5,1,
99,34,821,266,29,16,1,5,1,
100,9,761,264,70,21,1,5,1,
100,11,769,459,43,15,1,5,1,
100,14,735,462,49,12,1,5,1,
100,21,909,154,51,15,1,5,1,
100,23,887,397,64,21,1,5,1,
100,27,784,350,21,10,1,5,1,
100,29,876,309,83,18,1,5,1,
100,30,762,256,13,10,1,5,1,
100,32,790,400,67,17,1,5,1,
100,34,823,266,30,16,1,5,1,
101,9,766,264,70,21,1,5,1,
101,11,773,457,43,16,1,5,1,
101,14,740,461,49,13,1,5,1,
101,21,916,154,44,16,1,5,1,
101,23,892,396,63,21,1,5,1,
101,27,782,349,22,10,1,5,1,
101,29,884,309,76,18,1,5,1,
101,30,762,256,13,10,1,5,1,
101,32,795,400,68,17,1,5,1,
101,34,826,266,29,16,1,5,1,
102,9,771,264,70,21,1,5,1,
102,11,779,456,39,17,1,5,1,
102,14,744,461,49,12,1,5,1,
102,21,922,155,38,15,1,5,1,
102,23,897,395,61,21,1,5,1,
102,27,782,348,20,10,1,5,1,
102,29,891,309,69,18,1,5,1,
102,30,761,256,14,11,1,5,1,
102,32,801,400,67,17,1,5,1,
102,34,829,266,28,16,1,5,1,
103,9,777,264,69,21,1,5,1,
103,11,784,454,36,18,1,5,1,
103,14,749,460,49,13,1,5,1,
103,21,928,155,32,15,1,5,1,
103,23,902,395,57,21,1,5,1,
103,27,782,348,18,9,1,5,1,
103,29,898,309,62,18,1,5,1,
103,30,761,256,13,11,1,5,1,
103,32,807,400,67,17,1,5,1,
103,34,832,266,28,16,1,5,1,
104,9,783,264,67,21,1,5,1,
104,11,789,452,32,19,1,5,1,
104,14,754,459,48,13,1,5,1,
104,21,935,157,25,11,1,5,1,
104,23,907,394,53,21,1,5,1,
104,27,781,347,16,9,1,5,1,
104,29,906,309,54,18,1,5,1,
104,30,761,256,13,11,1,5,1,
104,32,813,400,66,17,1,5,1,
104,34,835,266,27,16,1,5,1,
105,9,789,264,66,21,1,5,1,
105,11,793,449,30,21,1,5,1,
105,14,760,459,46,12,1,5,1,
105,23,912,393,48,21,1,5,1,
105,27,780,346,14,9,1,5,1,
105,29,915,308,45,17,1,5,1,
105,30,760,256,13,11,1,5,1,
105,32,819,399,65,17,1,5,1,
105,34,838,266,26,16,1,5,1,
106,9,793,265,66,20,1,5,1,
106,11,796,447,27,21,1,5,1,
106,14,764,458,46,12,1,5,1,
106,23,916,393,44,20,1,5,1,
106,27,779,346,14,8,1,5,1,
106,29,924,309,36,14,1,5,1,
106,30,760,256,13,10,1,5,1,
106,32,824,399,65,17,1,5,1,
106,34,840,266,26,16,1,5,1,
107,9,800,265,62,20,1,5,1,
107,11,799,446,26,20,1,5,1,
107,14,769,457,45,13,1,5,1,
107,23,922,392,38,20,1,5,1,
107,27,778,345,13,8,1,5,1,
107,29,935,312,25,8,1,5,1,
107,30,759,256,13,10,1,5,1,
107,32,831,399,63,17,1,5,1,
107,34,844,266,24,16,1,5,1,
108,9,805,265,61,20,1,5,1,
108,11,801,445,26,19,1,5,1,
108,14,773,457,45,12,1,5,1,
108,23,926,391,34,21,1,5,1,
108,27,778,345,13,8,1,5,1,
108,32,836,399,63,17,1,5,1,
108,34,846,267,24,15,1,5,1,
109,9,810,265,59,20,1,5,1,
109,11,803,443,26,19,1,5,1,
109,14,777,456,46,13,1,5,1,
109,23,930,393,30,18,1,5,1,
109,32,841,398,63,17,1,5,1,
109,34,849,267,23,14,1,5,1,
110,9,814,265,59,20,1,5,1,
110,11,804,442,28,19,1,5,1,
110,14,780,455,47,13,1,5,1,
110,23,933,393,27,17,1,5,1,
110,32,845,398,64,17,1,5,1,
110,34,852,267,20,14,1,5,1,
111,9,819,265,56,20,1,5,1,
111,11,806,441,28,19,1,5,1,
111,14,784,455,47,12,1,5,1,
111,23,936,394,24,16,1,5,1,
111,32,849,398,65,17,1,5,1,
111,34,852,267,21,14,1,5,1,
112,5,951,376,8,8,1,5,1,
112,9,823,265,55,20,1,5,1,
112,11,808,440,28,19,1,5,1,
112,14,788,454,47,13,1,5,1,
112,23,939,394,21,15,1,5,1,
112,32,854,398,65,17,1,5,1,
112,34,852,267,21,14,1,5,1,
113,5,950,375,9,10,1,5,1,
113,9,828,265,52,20,1,5,1,
113,11,810,438,28,19,1,5,1,
113,14,792,454,47,12,1,5,1,
113,23,943,393,17,14,1,5,1,
113,32,859,398,65,17,1,5,1,
113,34,852,267,20,14,1,5,1,
114,1,953,143,6,10,1,5,1,
114,5,948,374,11,10,1,5,1,
114,9,833,265,50,20,1,5,1,
114,11,812,437,28,19,1,5,1,
114,14,795,453,47,12,1,5,1,
114,32,863,397,62,18,1,5,1,
114,34,852,267,20,14,1,5,1,
115,1,949,143,10,11,1,5,1,
115,5,946,373,13,10,1,5,1,
115,9,837,265,47,19,1,5,1,
115,11,814,436,28,19,1,5,1,
115,14,799,452,47,13,1,5,1,
115,32,869,397,57,17,1,5,1,
115,34,854,267,19,14,1,5,1,
116,1,946,143,13,12,1,5,1,
116,5,944,372,15,11,1,5,1,
116,9,841,265,45,19,1,5,1,
116,11,817,435,27,19,1,5,1,
116,14,803,452,46,12,1,5,1,
116,32,876,397,51,17,1,5,1,
116,34,857,267,18,14,1,5,1,
117,1,943,143,16,13,1,5,1,
117,5,942,372,17,10,1,5,1,
117,6,950,152,9,14,1,5,1,
117,9,846,265,43,19,1,5,1,
117,11,819,434,27,18,1,5,1,
117,14,808,451,45,13,1,5,1,
117,32,883,396,46,17,1,5,1,
117,34,860,267,19,14,1,5,1,
118,1,940,144,19,13,1,5,1,
118,5,940,371,19,10,1,5,1,
118,6,948,153,11,13,1,5,1,
118,9,850,265,42,19,1,5,1,
118,11,822,433,25,18,1,5,1,
118,14,812,450,44,13,1,5,1,
118,32,891,395,38,17,1,5,1,
118,34,859,267,26,14,1,5,1,
119,1,937,144,22,14,1,5,1,
119,5,938,370,21,10,1,5,1,
119,6,947,152,12,15,1,5,1,
119,9,854,265,41,19,1,5,1,
119,11,824,432,25,18,1,5,1,
119,14,817,450,42,12,1,5,1,
119,32,899,394,32,17,1,5,1,
119,34,857,267,33,14,1,5,1,
120,1,935,145,24,14,1,5,1,
120,5,936,369,23,11,1,5,1,
120,6,945,153,14,15,1,5,1,
120,9,857,265,42,19,1,5,1,
120,11,827,430,24,18,1,5,1,
120,14,822,449,40,12,1,5,1,
120,32,904,393,30,17,1,5,1,
120,34,857,267,37,14,1,5,1,
121,1,932,146,27,14,1,5,1,
121,5,934,368,25,12,1,5,1,
121,6,944,153,16,16,1,5,1,
121,9,860,265,42,19,1,5,1,
121,11,829,429,24,18,1,5,1,
121,14,826,448,40,13,1,5,1,
121,32,906,393,33,16,1,5,1,
121,34,859,267,38,14,1,5,1,
122,1,930,146,29,15,1,5,1,
122,5,932,368,27,11,1,5,1,
122,6,942,154,17,16,1,5,1,
122,9,862,265,44,19,1,5,1,
122,11,832,428,22,18,1,5,1,
122,14,830,447,39,13,1,5,1,
122,32,907,392,38,17,1,5,1,
122,34,862,267,39,13,1,5,1,
123,1,927,145,32,17,1,5,1,
123,5,930,367,29,11,1,5,1,
123,6,941,154,18,16,1,5,1,
123,9,865,265,44,18,1,5,1,
123,11,834,427,23,17,1,5,1,
123,14,834,447,39,12,1,5,1,
123,32,906,392,44,16,1,5,1,
123,34,866,267,38,13,1,5,1,
124,1,925,146,33,17,1,5,1,
124,5,928,366,29,11,1,5,1,
124,6,939,155,20,16,1,5,1,
124,9,867,265,45,18,1,5,1,
124,11,835,426,24,17,1,5,1,
124,14,837,446,40,12,1,5,1,
124,32,907,392,47,16,1,5,1,
124,34,869,267,38,13,1,5,1,
125,1,923,147,31,17,1,5,1,
125,5,926,365,29,12,1,5,1,
125,6,938,156,21,16,1,5,1,
125,9,870,265,45,18,1,5,1,
125,11,837,426,25,16,1,5,1,
125,14,840,445,40,12,1,5,1,
125,32,908,391,50,16,1,5,1,
125,34,873,267,37,13,1,5,1,
126,1,920,148,32,17,1,5,1,
126,5,924,365,29,11,1,5,1,
126,6,936,156,23,17,1,5,1,
126,9,873,265,44,18,1,5,1,
126,11,838,425,26,15,1,5,1,
126,14,844,445,39,12,1,5,1,
126,32,911,391,48,16,1,5,1,
126,34,876,267,37,13,1,5,1,
127,1,918,149,31,16,1,5,1,
127,5,922,364,29,11,1,5,1,
127,6,935,155,24,18,1,5,1,
127,9,877,265,43,18,1,5,1,
127,11,840,425,26,14,1,5,1,
127,14,848,444,36,12,1,5,1,
127,32,916,391,43,16,1,5,1,
127,34,880,267,36,13,1,5,1,
128,1,916,150,30,16,1,5,1,
128,5,919,363,30,11,1,5,1,
128,6,933,156,26,18,1,5,1,
128,9,880,265,42,18,1,5,1,
128,11,842,425,26,13,1,5,1,
128,14,852,442,31,14,1,5,1,
128,32,922,390,37,16,1,5,1,
128,34,883,267,35,13,1,5,1,
129,1,914,151,29,16,1,5,1,
129,5,917,363,30,10,1,5,1,
129,6,932,157,25,18,1,5,1,
129,9,884,265,41,18,1,5,1,
129,11,846,424,23,13,1,5,1,
129,14,857,441,26,14,1,5,1,
129,32,928,389,32,17,1,5,1,
129,34,887,267,34,13,1,5,1,
130,1,912,152,29,16,1,5,1,
130,5,915,362,30,10,1,5,1,
130,6,930,158,26,18,1,5,1,
130,9,887,265,40,18,1,5,1,
130,11,850,422,20,15,1,5,1,
130,14,862,439,22,16,1,5,1,
130,17,592,97,44,10,1,5,1,
130,32,932,389,28,16,1,5,1,
130,34,890,267,34,13,1,5,1,
131,1,909,153,29,16,1,5,1,
131,5,913,361,30,11,1,5,1,
131,6,928,159,26,17,1,5,1,
131,9,891,266,38,17,1,5,1,
131,11,854,421,17,15,1,5,1,
131,14,868,438,16,16,1,5,1,
131,17,596,97,44,9,1,5,1,
131,32,935,388,25,16,1,5,1,
131,34,894,267,32,13,1,5,1,
132,1,907,154,28,16,1,5,1,
132,5,911,361,29,10,1,5,1,
132,6,927,160,25,17,1,5,1,
132,9,894,266,38,17,1,5,1,
132,11,857,420,15,15,1,5,1,
132,14,869,437,15,16,1,5,1,
132,17,599,96,45,10,1,5,1,
132,32,938,388,22,15,1,5,1,
132,34,898,267,30,13,1,5,1,
133,1,905,155,27,15,1,5,1,
133,6,925,161,25,17,1,5,1,
133,9,898,266,36,17,1,5,1,
133,11,858,419,14,15,1,5,1,
133,14,869,436,15,16,1,5,1,
133,17,603,96,45,9,1,5,1,
133,32,943,387,17,15,1,5,1,
133,34,901,267,30,13,1,5,1,
134,1,903,156,27,15,1,5,1,
134,6,924,161,25,17,1,5,1,
134,9,900,266,36,17,1,5,1,
134,11,859,418,14,15,1,5,1,
134,14,869,434,15,17,1,5,1,
134,17,606,95,46,10,1,5,1,
134,32,947,385,13,17,1,5,1,
134,34,904,267,29,13,1,5,1,
135,1,901,157,27,15,1,5,1,
135,6,922,162,25,17,1,5,1,
135,9,903,266,35,17,1,5,1,
135,11,859,417,14,15,1,5,1,
135,14,869,433,15,17,1,5,1,
135,17,610,95,45,9,1,5,1,
135,34,907,267,29,13,1,5,1,
136,1,899,158,27,15,1,5,1,
136,6,920,163,26,17,1,5,1,
136,9,905,266,36,17,1,5,1,
136,11,859,415,15,16,1,5,1,
136,14,869,431,14,18,1,5,1,
136,17,613,94,46,10,1,5,1,
136,32,949,383,10,19,1,5,1,
136,34,909,267,29,13,1,5,1,
137,1,897,159,27,14,1,5,1,
137,6,919,164,25,16,1,5,1,
137,9,908,266,35,17,1,5,1,
137,11,859,414,15,16,1,5,1,
137,14,868,430,15,17,1,5,1,
137,17,616,94,47,9,1,5,1,
137,32,946,380,13,21,1,5,1,
137,34,912,268,29,12,1,5,1,
138,1,895,160,26,14,1,5,1,
138,6,917,165,25,16,1,5,1,
138,9,911,266,35,17,1,5,1,
138,11,859,413,15,16,1,5,1,
138,14,868,429,14,17,1,5,1,
138,17,620,94,47,9,1,5,1,
138,32,943,379,16,16,1,5,1,
138,34,915,268,28,12,1,5,1,
139,1,893,161,26,14,1,5,1,
139,6,915,165,26,17,1,5,1,
139,9,913,266,35,17,1,5,1,
139,11,859,411,15,17,1,5,1,
139,14,867,427,14,18,1,5,1,
139,17,624,93,47,10,1,5,1,
139,32,941,377,18,17,1,5,1,
139,34,917,268,28,12,1,5,1,
140,6,913,166,26,16,1,5,1,
140,9,916,266,34,17,1,5,1,
140,11,859,410,14,17,1,5,1,
140,14,866,426,15,17,1,5,1,
140,17,628,93,47,9,1,5,1,
140,32,940,376,19,17,1,5,1,
140,34,920,268,27,12,1,5,1,
141,9,918,266,34,17,1,5,1,
141,11,859,409,14,16,1,5,1,
141,14,866,425,14,17,1,5,1,
141,17,631,92,48,10,1,5,1,
141,32,938,375,21,17,1,5,1,
141,34,923,268,26,12,1,5,1,
142,9,921,266,33,17,1,5,1,
142,11,859,408,14,17,1,5,1,
142,14,865,424,14,17,1,5,1,
142,17,634,92,49,10,1,5,1,
142,32,937,375,22,16,1,5,1,
142,34,925,268,26,12,1,5,1,
143,9,923,266,33,16,1,5,1,
143,11,859,407,14,16,1,5,1,
143,14,864,422,15,18,1,5,1,
143,17,637,92,50,9,1,5,1,
143,32,935,374,24,16,1,5,1,
143,34,927,268,26,12,1,5,1,
144,9,926,266,32,16,1,5,1,
144,11,858,406,14,16,1,5,1,
144,14,864,421,14,17,1,5,1,
144,17,641,92,50,9,1,5,1,
144,32,934,373,25,16,1,5,1,
144,34,930,268,25,11,1,5,1,
145,9,928,266,31,16,1,5,1,
145,11,858,405,14,16,1,5,1,
145,14,863,420,15,17,1,5,1,
145,17,644,91,51,10,1,5,1,
145,32,932,372,28,17,1,5,1,
145,34,932,268,24,11,1,5,1,
146,9,931,266,28,16,1,5,1,
146,11,858,404,14,16,1,5,1,
146,14,862,419,15,17,1,5,1,
146,17,648,91,51,9,1,5,1,
146,32,930,371,29,17,1,5,1,
146,34,935,268,23,11,1,5,1,
147,9,933,266,27,16,1,5,1,
147,11,858,403,13,16,1,5,1,
147,14,861,418,15,16,1,5,1,
147,17,652,91,51,9,1,5,1,
147,32,929,370,29,17,1,5,1,
147,34,937,268,22,11,1,5,1,
148,9,936,266,24,16,1,5,1,
148,11,857,402,14,16,1,5,1,
148,14,861,416,15,17,1,5,1,
148,17,656,91,51,9,1,5,1,
148,32,927,369,30,17,1,5,1,
148,34,939,268,20,11,1,5,1,
149,9,938,266,22,16,1,5,1,
149,11,857,401,13,15,1,5,1,
149,14,860,415,15,17,1,5,1,
149,17,660,90,51,10,1,5,1,
149,32,925,368,30,17,1,5,1,
149,34,941,268,19,11,1,5,1,
150,9,940,266,20,16,1,5,1,
150,11,856,400,14,15,1,5,1,
150,14,859,414,16,17,1,5,1,
150,17,664,90,51,9,1,5,1,
150,32,923,368,31,16,1,5,1,
150,34,943,268,17,11,1,5,1,
