1,1,128,131,37,41,1,5,1,
1,2,772,383,95,35,1,5,1,
1,3,870,94,29,35,1,5,1,
1,4,340,418,110,32,1,5,1,
1,5,13,0,48,15,1,5,1,
1,6,383,462,15,36,1,5,1,
1,7,843,170,117,38,1,5,1,
1,8,559,6,96,26,1,5,1,
1,9,416,428,76,18,1,5,1,
1,10,578,344,19,21,1,5,1,
1,11,306,189,50,23,1,5,1,
1,12,757,356,155,29,1,5,1,
1,13,212,428,81,21,1,5,1,
1,14,452,307,69,15,1,5,1,
1,15,20,426,31,12,1,5,1,
1,16,886,421,74,41,1,5,1,
1,17,94,208,78,14,1,5,1,
1,18,390,85,39,33,1,5,1,
1,19,785,205,50,15,1,5,1,
1,20,660,149,70,21,1,5,1,
1,21,127,333,25,12,1,5,1,
1,22,351,115,35,64,1,5,1,
2,1,132,138,35,34,1,5,1,
2,2,778,385,99,35,1,5,1,
2,3,871,99,25,31,1,5,1,
2,4,347,421,112,31,1,5,1,
2,5,19,0,53,20,1,5,1,
2,6,382,465,16,37,1,5,1,
2,7,867,172,93,30,1,5,1,
2,8,548,7,99,26,1,5,1,
2,9,411,426,71,18,1,5,1,
2,10,577,343,26,19,1,5,1,
2,11,306,190,38,23,1,5,1,
2,12,742,354,147,28,1,5,1,
2,13,219,427,80,20,1,5,1,
2,14,447,306,65,16,1,5,1,
2,15,28,426,23,14,1,5,1,
2,16,893,426,67,39,1,5,1,
2,17,84,208,76,13,1,5,1,
2,18,389,87,31,34,1,5,1,
2,19,795,205,40,16,1,5,1,
2,20,663,148,76,20,1,5,1,
2,21,134,334,19,12,1,5,1,
2,22,349,123,45,58,1,5,1,
3,1,136,143,34,29,1,5,1,
3,2,784,387,103,35,1,5,1,
3,3,873,103,24,28,1,5,1,
3,4,355,423,114,29,1,5,1,
3,5,18,0,65,24,1,5,1,
3,6,383,468,15,39,1,5,1,
3,7,890,176,70,21,1,5,1,
3,8,539,7,98,28,1,5,1,
3,9,407,425,64,18,1,5,1,
3,10,578,342,30,19,1,5,1,
3,11,306,191,29,23,1,5,1,
3,12,729,352,135,28,1,5,1,
3,13,227,426,78,19,1,5,1,
3,14,442,305,61,16,1,5,1,
3,15,33,427,19,14,1,5,1,
3,16,902,431,58,38,1,5,1,
3,17,73,207,74,14,1,5,1,
3,18,388,89,22,35,1,5,1,
3,19,804,206,30,15,1,5,1,
3,20,667,147,79,19,1,5,1,
3,21,139,334,15,13,1,5,1,
3,22,345,129,59,54,1,5,1,
4,1,137,145,37,27,1,5,1,
4,2,790,389,107,35,1,5,1,
4,3,876,106,24,26,1,5,1,
4,4,362,424,116,29,1,5,1,
4,5,24,0,69,28,1,5,1,
4,6,382,471,18,39,1,5,1,
4,8,529,4,99,35,1,5,1,
4,9,404,423,59,19,1,5,1,
4,10,582,341,28,18,1,5,1,
4,11,305,191,24,24,1,5,1,
4,12,718,351,126,27,1,5,1,
4,13,234,426,77,18,1,5,1,
4,14,439,304,57,16,1,5,1,
4,15,36,428,16,15,1,5,1,
4,16,911,435,49,38,1,5,1,
4,17,63,207,74,13,1,5,1,
4,18,387,91,18,35,1,5,1,
4,19,812,206,21,15,1,5,1,
4,20,671,146,83,19,1,5,1,
4,21,139,334,15,13,1,5,1,
4,22,344,133,70,51,1,5,1,
5,1,133,146,49,26,1,5,1,
5,2,797,391,109,35,1,5,1,
5,3,876,108,26,25,1,5,1,
5,4,370,424,116,29,1,5,1,
5,5,27,0,75,31,1,5,1,
5,6,380,475,24,39,1,5,1,
5,8,521,2,97,42,1,5,1,
5,9,402,421,53,20,1,5,1,
5,10,586,340,27,18,1,5,1,
5,11,305,192,22,24,1,5,1,
5,12,709,348,116,28,1,5,1,
5,13,240,426,77,18,1,5,1,
5,14,436,302,53,17,1,5,1,
5,15,35,428,16,17,1,5,1,
5,17,53,206,73,14,1,5,1,
5,18,388,94,17,35,1,5,1,
5,19,814,206,20,16,1,5,1,
5,20,676,146,85,18,1,5,1,
5,21,139,335,15,13,1,5,1,
5,22,345,138,80,48,1,5,1,
6,1,130,146,61,26,1,5,1,
6,2,805,393,110,34,1,5,1,
6,3,879,110,25,24,1,5,1,
6,4,380,424,113,28,1,5,1,
6,5,33,0,77,34,1,5,1,
6,6,379,479,31,39,1,5,1,
6,8,514,2,93,47,1,5,1,
6,9,401,418,46,22,1,5,1,
6,10,590,339,26,18,1,5,1,
6,11,306,192,22,25,1,5,1,
6,12,702,346,105,27,1,5,1,
6,13,246,427,77,17,1,5,1,
6,14,434,301,49,17,1,5,1,
6,15,34,429,15,18,1,5,1,
6,17,43,205,73,15,1,5,1,
6,18,389,97,17,34,1,5,1,
6,19,813,206,21,17,1,5,1,
6,20,682,145,86,19,1,5,1,
6,21,139,336,15,13,1,5,1,
6,22,347,142,90,45,1,5,1,
7,1,129,146,71,26,1,5,1,
7,2,814,396,108,31,1,5,1,
7,3,882,111,23,25,1,5,1,
7,4,389,425,113,27,1,5,1,
7,5,37,0,81,36,1,5,1,
7,6,379,483,37,38,1,5,1,
7,8,508,2,88,53,1,5,1,
7,9,401,416,38,23,1,5,1,
7,10,593,338,26,18,1,5,1,
7,11,309,194,21,23,1,5,1,
7,12,697,344,92,27,1,5,1,
7,13,253,427,75,17,1,5,1,
7,14,432,299,44,18,1,5,1,
7,15,32,430,14,20,1,5,1,
7,17,34,205,71,14,1,5,1,
7,18,392,101,15,33,1,5,1,
7,19,812,207,20,16,1,5,1,
7,20,688,145,87,19,1,5,1,
7,21,138,336,16,14,1,5,1,
7,22,352,146,96,41,1,5,1,
8,1,128,147,81,25,1,5,1,
8,2,824,399,105,28,1,5,1,
8,3,882,112,24,25,1,5,1,
8,4,398,425,112,28,1,5,1,
8,5,35,0,90,37,1,5,1,
8,6,380,487,43,36,1,5,1,
8,8,504,3,80,58,1,5,1,
8,9,402,414,30,23,1,5,1,
8,10,596,337,26,18,1,5,1,
8,11,311,195,20,23,1,5,1,
8,12,694,341,78,27,1,5,1,
8,13,259,427,76,18,1,5,1,
8,14,432,298,38,18,1,5,1,
8,15,30,432,15,20,1,5,1,
8,17,27,204,67,15,1,5,1,
8,18,390,104,22,31,1,5,1,
8,19,811,207,21,17,1,5,1,
8,20,695,145,85,19,1,5,1,
8,21,138,337,16,14,1,5,1,
8,22,358,150,102,38,1,5,1,
9,1,129,147,90,25,1,5,1,
9,2,835,402,99,26,1,5,1,
9,3,883,113,24,26,1,5,1,
9,4,408,425,110,28,1,5,1,
9,5,38,0,93,37,1,5,1,
9,6,381,492,50,33,1,5,1,
9,8,500,6,72,61,1,5,1,
9,9,401,411,25,25,1,5,1,
9,10,599,337,26,17,1,5,1,
9,11,309,196,27,23,1,5,1,
9,12,692,339,65,26,1,5,1,
9,13,266,427,75,18,1,5,1,
9,14,432,296,32,18,1,5,1,
9,15,29,434,14,20,1,5,1,
9,17,20,203,63,16,1,5,1,
9,18,389,108,28,29,1,5,1,
9,19,810,208,23,16,1,5,1,
9,20,702,144,83,20,1,5,1,
9,21,138,337,16,14,1,5,1,
9,22,365,153,107,35,1,5,1,
10,1,131,147,97,25,1,5,1,
10,2,846,405,92,24,1,5,1,
10,3,884,115,23,25,1,5,1,
10,4,418,424,107,27,1,5,1,
10,5,49,2,87,34,1,5,1,
10,6,384,497,54,30,1,5,1,
10,8,498,9,62,64,1,5,1,
10,9,401,409,20,26,1,5,1,
10,10,602,336,26,17,1,5,1,
10,11,309,197,31,22,1,5,1,
10,12,692,337,52,26,1,5,1,
10,13,272,426,76,18,1,5,1,
10,14,433,295,25,18,1,5,1,
10,15,27,435,15,21,1,5,1,
10,17,15,202,58,16,1,5,1,
10,18,389,110,34,28,1,5,1,
10,19,808,208,25,17,1,5,1,
10,20,710,144,78,20,1,5,1,
10,21,138,338,17,14,1,5,1,
10,22,373,156,110,33,1,5,1,
11,1,135,147,102,25,1,5,1,
11,2,858,407,82,22,1,5,1,
11,3,884,116,23,26,1,5,1,
11,4,429,422,102,27,1,5,1,
11,5,60,7,80,30,1,5,1,
11,6,387,502,59,25,1,5,1,
11,8,497,13,52,66,1,5,1,
11,9,402,406,17,27,1,5,1,
11,10,605,335,26,17,1,5,1,
11,11,310,198,36,22,1,5,1,
11,12,692,335,41,25,1,5,1,
11,13,279,426,75,17,1,5,1,
11,14,432,294,21,17,1,5,1,
11,15,25,437,16,21,1,5,1,
11,17,11,201,51,16,1,5,1,
11,18,390,113,39,27,1,5,1,
11,19,806,209,27,16,1,5,1,
11,20,717,144,76,21,1,5,1,
11,21,139,339,16,14,1,5,1,
11,22,382,159,113,31,1,5,1,
12,1,139,147,107,25,1,5,1,
12,2,869,407,72,22,1,5,1,
12,3,886,118,22,24,1,5,1,
12,4,438,421,100,26,1,5,1,
12,5,71,12,72,26,1,5,1,
12,6,392,506,61,22,1,5,1,
12,8,497,18,42,66,1,5,1,
12,9,403,404,17,27,1,5,1,
12,10,608,334,27,17,1,5,1,
12,11,310,200,42,20,1,5,1,
12,12,691,333,32,24,1,5,1,
12,13,287,425,73,17,1,5,1,
12,14,432,292,16,17,1,5,1,
12,15,24,439,15,21,1,5,1,
12,17,8,200,44,17,1,5,1,
12,18,392,116,43,25,1,5,1,
12,19,805,209,26,17,1,5,1,
12,20,724,144,74,21,1,5,1,
12,21,139,340,17,14,1,5,1,
12,22,391,161,116,29,1,5,1,
13,1,145,148,109,24,1,5,1,
13,2,881,407,60,21,1,5,1,
13,3,887,120,23,23,1,5,1,
13,4,446,420,99,26,1,5,1,
13,5,81,15,65,22,1,5,1,
13,6,397,511,64,18,1,5,1,
13,8,497,23,33,67,1,5,1,
13,9,405,402,16,26,1,5,1,
13,10,609,334,31,16,1,5,1,
13,11,311,201,47,20,1,5,1,
13,12,692,332,24,23,1,5,1,
13,13,295,423,70,18,1,5,1,
13,14,433,292,13,15,1,5,1,
13,15,23,441,15,21,1,5,1,
13,17,7,199,36,17,1,5,1,
13,18,395,119,47,23,1,5,1,
13,19,803,210,27,16,1,5,1,
13,20,731,144,69,21,1,5,1,
13,21,139,340,16,14,1,5,1,
13,22,402,162,114,30,1,5,1,
14,1,152,148,111,24,1,5,1,
14,2,892,406,48,21,1,5,1,
14,3,889,122,22,23,1,5,1,
14,4,455,419,97,25,1,5,1,
14,5,91,14,56,22,1,5,1,
14,6,403,512,65,17,1,5,1,
14,8,495,29,26,66,1,5,1,
14,9,406,400,18,26,1,5,1,
14,10,612,333,31,16,1,5,1,
14,11,313,202,52,20,1,5,1,
14,12,694,330,23,22,1,5,1,
14,13,303,422,66,19,1,5,1,
14,14,434,291,13,14,1,5,1,
14,15,21,443,16,21,1,5,1,
14,17,7,199,27,16,1,5,1,
14,18,399,122,50,21,1,5,1,
14,19,801,211,27,15,1,5,1,
14,20,740,144,61,21,1,5,1,
14,21,138,341,16,14,1,5,1,
14,22,413,163,113,31,1,5,1,
15,1,159,148,112,24,1,5,1,
15,2,903,405,34,21,1,5,1,
15,3,889,123,23,23,1,5,1,
15,4,463,418,95,25,1,5,1,
15,5,100,12,47,22,1,5,1,
15,6,410,511,65,18,1,5,1,
15,8,495,36,20,64,1,5,1,
15,9,405,398,24,25,1,5,1,
15,10,616,332,31,16,1,5,1,
15,11,315,203,55,19,1,5,1,
15,12,697,330,22,20,1,5,1,
15,13,310,421,64,18,1,5,1,
15,14,436,290,13,14,1,5,1,
15,15,19,445,16,22,1,5,1,
15,17,5,198,26,17,1,5,1,
15,18,403,124,52,20,1,5,1,
15,19,799,211,28,16,1,5,1,
15,20,749,144,52,22,1,5,1,
15,21,137,342,16,15,1,5,1,
15,22,423,164,113,29,1,5,1,
16,1,168,149,110,23,1,5,1,
16,2,910,404,28,21,1,5,1,
16,3,890,124,22,23,1,5,1,
16,4,471,417,94,25,1,5,1,
16,5,108,9,40,23,1,5,1,
16,6,417,510,64,18,1,5,1,
16,8,496,43,19,61,1,5,1,
16,9,405,396,29,24,1,5,1,
16,10,620,332,29,15,1,5,1,
16,11,318,204,58,19,1,5,1,
16,12,701,329,22,20,1,5,1,
16,13,315,420,65,17,1,5,1,
16,14,435,289,18,13,1,5,1,
16,15,17,447,16,22,1,5,1,
16,17,5,197,26,17,1,5,1,
16,18,409,125,51,20,1,5,1,
16,19,796,212,30,15,1,5,1,
16,20,757,144,44,23,1,5,1,
16,21,136,343,16,15,1,5,1,
16,22,433,164,115,28,1,5,1,
17,1,176,149,109,24,1,5,1,
17,2,910,402,28,22,1,5,1,
17,3,890,125,22,23,1,5,1,
17,4,479,416,93,25,1,5,1,
17,5,112,7,40,23,1,5,1,
17,6,425,509,62,17,1,5,1,
17,8,498,50,19,57,1,5,1,
17,9,405,394,35,23,1,5,1,
17,10,624,331,29,15,1,5,1,
17,11,322,205,59,18,1,5,1,
17,12,700,329,30,19,1,5,1,
17,13,319,419,67,17,1,5,1,
17,14,435,289,23,13,1,5,1,
17,15,15,449,16,22,1,5,1,
17,17,7,196,26,18,1,5,1,
17,18,414,127,51,18,1,5,1,
17,19,793,213,32,15,1,5,1,
17,20,762,144,42,23,1,5,1,
17,21,136,344,15,16,1,5,1,
17,22,444,164,115,27,1,5,1,
18,1,185,149,107,23,1,5,1,
18,2,909,401,28,22,1,5,1,
18,3,891,127,22,23,1,5,1,
18,4,487,415,91,24,1,5,1,
18,5,114,5,42,23,1,5,1,
18,6,432,508,61,17,1,5,1,
18,8,497,57,23,52,1,5,1,
18,9,406,393,40,22,1,5,1,
18,10,627,331,29,15,1,5,1,
18,11,326,206,60,17,1,5,1,
18,12,703,328,31,19,1,5,1,
18,13,323,419,69,16,1,5,1,
18,14,434,288,29,13,1,5,1,
18,15,14,451,15,23,1,5,1,
18,17,7,195,30,18,1,5,1,
18,18,420,127,50,19,1,5,1,
18,19,791,213,32,15,1,5,1,
18,20,766,145,40,23,1,5,1,
18,21,135,346,16,15,1,5,1,
18,22,454,164,115,26,1,5,1,
19,1,194,149,105,23,1,5,1,
19,2,907,399,33,23,1,5,1,
19,3,891,128,22,23,1,5,1,
19,4,494,414,91,24,1,5,1,
19,5,116,3,45,23,1,5,1,
19,6,438,507,61,17,1,5,1,
19,8,496,63,29,48,1,5,1,
19,9,408,392,44,20,1,5,1,
19,10,630,330,29,15,1,5,1,
19,11,330,206,62,18,1,5,1,
19,12,708,327,30,19,1,5,1,
19,13,328,419,69,16,1,5,1,
19,14,435,288,34,12,1,5,1,
19,15,12,453,16,23,1,5,1,
19,17,5,195,39,18,1,5,1,
19,18,426,129,49,18,1,5,1,
19,19,788,214,33,15,1,5,1,
19,20,770,145,38,24,1,5,1,
19,21,134,348,18,14,1,5,1,
19,22,465,164,114,27,1,5,1,
20,1,204,149,102,23,1,5,1,
20,2,904,397,41,25,1,5,1,
20,3,891,129,21,23,1,5,1,
20,4,502,413,90,24,1,5,1,
20,5,119,1,47,23,1,5,1,
20,6,445,506,60,17,1,5,1,
20,8,495,69,36,43,1,5,1,
20,9,410,391,48,18,1,5,1,
20,10,634,329,29,15,1,5,1,
20,11,334,207,63,17,1,5,1,
20,12,713,327,28,18,1,5,1,
20,13,333,418,69,17,1,5,1,
20,14,437,288,37,12,1,5,1,
20,15,11,456,16,23,1,5,1,
20,17,5,194,50,18,1,5,1,
20,18,431,130,50,18,1,5,1,
20,19,786,214,33,15,1,5,1,
20,20,774,146,36,23,1,5,1,
20,21,136,349,17,14,1,5,1,
20,22,476,164,113,27,1,5,1,
21,1,214,150,98,22,1,5,1,
21,2,900,395,46,25,1,5,1,
21,3,891,131,21,22,1,5,1,
21,4,509,412,89,24,1,5,1,
21,5,122,0,49,22,1,5,1,
21,6,452,505,59,18,1,5,1,
21,8,496,74,42,39,1,5,1,
21,9,413,390,51,16,1,5,1,
21,10,637,329,29,14,1,5,1,
21,11,339,207,64,17,1,5,1,
21,12,718,326,26,18,1,5,1,
21,13,338,418,69,17,1,5,1,
21,14,439,288,41,12,1,5,1,
21,15,9,458,17,23,1,5,1,
21,17,9,194,52,18,1,5,1,
21,18,437,131,49,18,1,5,1,
21,19,783,215,33,14,1,5,1,
21,20,778,147,34,23,1,5,1,
21,21,137,349,16,15,1,5,1,
21,22,486,164,112,27,1,5,1,
22,1,223,150,94,23,1,5,1,
22,2,898,394,46,25,1,5,1,
22,3,891,132,21,22,1,5,1,
22,4,517,411,87,24,1,5,1,
22,5,126,-1,49,21,1,5,1,
22,6,459,504,58,17,1,5,1,
22,8,497,79,48,35,1,5,1,
22,9,416,390,55,14,1,5,1,
22,10,640,328,29,15,1,5,1,
22,11,343,208,65,16,1,5,1,
22,12,722,325,24,18,1,5,1,
22,13,344,418,69,17,1,5,1,
22,14,442,288,44,12,1,5,1,
22,15,8,460,16,24,1,5,1,
22,17,16,193,49,18,1,5,1,
22,18,442,132,49,18,1,5,1,
22,19,780,215,34,15,1,5,1,
22,20,781,148,33,23,1,5,1,
22,21,137,350,16,15,1,5,1,
22,22,497,165,111,27,1,5,1,
23,1,233,150,90,24,1,5,1,
23,2,895,392,47,25,1,5,1,
23,3,891,133,21,22,1,5,1,
23,4,524,410,87,24,1,5,1,
23,5,130,-3,48,21,1,5,1,
23,6,465,503,58,17,1,5,1,
23,8,500,83,52,31,1,5,1,
23,9,420,390,57,14,1,5,1,
23,10,644,328,28,14,1,5,1,
23,11,348,208,65,16,1,5,1,
23,12,726,325,23,17,1,5,1,
23,13,350,418,68,17,1,5,1,
23,14,446,288,46,12,1,5,1,
23,15,6,462,17,25,1,5,1,
23,17,22,192,49,19,1,5,1,
23,18,447,133,49,17,1,5,1,
23,19,778,216,34,14,1,5,1,
23,20,785,148,30,23,1,5,1,
23,21,137,351,16,15,1,5,1,
23,22,507,165,111,27,1,5,1,
24,1,242,151,86,23,1,5,1,
24,2,892,391,47,24,1,5,1,
24,3,891,135,20,21,1,5,1,
24,4,531,409,86,24,1,5,1,
24,5,134,-6,47,22,1,5,1,
24,6,471,502,58,17,1,5,1,
24,8,503,86,56,29,1,5,1,
24,9,425,389,58,14,1,5,1,
24,10,647,327,28,14,1,5,1,
24,11,353,208,66,16,1,5,1,
24,12,730,324,22,17,1,5,1,
24,13,355,418,69,17,1,5,1,
24,14,450,289,47,12,1,5,1,
24,15,4,464,18,25,1,5,1,
24,17,28,191,49,19,1,5,1,
24,18,453,134,48,17,1,5,1,
24,19,775,217,34,13,1,5,1,
24,20,788,149,29,23,1,5,1,
24,21,137,352,16,15,1,5,1,
24,22,518,165,109,27,1,5,1,
25,1,251,151,82,23,1,5,1,
25,2,889,390,47,23,1,5,1,
25,3,890,136,21,22,1,5,1,
25,4,538,408,85,24,1,5,1,
25,5,138,-8,45,22,1,5,1,
25,6,477,501,58,17,1,5,1,
25,8,507,90,60,25,1,5,1,
25,9,430,390,59,13,1,5,1,
25,10,651,327,27,14,1,5,1,
25,11,358,209,66,15,1,5,1,
25,12,733,323,21,17,1,5,1,
25,13,361,418,68,17,1,5,1,
25,14,455,289,48,12,1,5,1,
25,15,3,467,17,25,1,5,1,
25,17,34,190,49,20,1,5,1,
25,18,458,135,48,17,1,5,1,
25,19,773,217,34,14,1,5,1,
25,20,791,150,27,23,1,5,1,
25,21,136,352,16,17,1,5,1,
25,22,528,166,109,27,1,5,1,
26,1,258,150,81,24,1,5,1,
26,2,886,388,47,23,1,5,1,
26,3,890,137,20,22,1,5,1,
26,4,546,408,83,23,1,5,1,
26,5,142,-11,45,23,1,5,1,
26,6,484,500,57,17,1,5,1,
26,8,511,92,64,24,1,5,1,
26,9,435,390,59,13,1,5,1,
26,10,654,326,27,14,1,5,1,
26,11,363,209,66,16,1,5,1,
26,12,737,323,19,16,1,5,1,
26,13,366,418,69,17,1,5,1,
26,14,461,289,47,12,1,5,1,
26,15,1,469,17,26,1,5,1,
26,17,40,190,50,19,1,5,1,
26,18,463,136,48,16,1,5,1,
26,19,770,218,35,13,1,5,1,
26,20,794,151,26,23,1,5,1,
26,21,133,353,17,17,1,5,1,
26,22,538,166,108,27,1,5,1,
27,1,264,150,82,23,1,5,1,
27,2,883,387,47,23,1,5,1,
27,3,889,139,21,21,1,5,1,
27,4,553,407,82,23,1,5,1,
27,5,145,-13,47,23,1,5,1,
27,6,490,500,57,16,1,5,1,
27,8,517,94,66,22,1,5,1,
27,9,440,390,60,14,1,5,1,
27,10,658,326,26,13,1,5,1,
27,11,369,209,65,16,1,5,1,
27,12,740,322,18,16,1,5,1,
27,13,372,418,68,17,1,5,1,
27,14,466,289,47,11,1,5,1,
27,15,0,471,16,27,1,5,1,
27,17,46,189,50,19,1,5,1,
27,18,469,137,47,16,1,5,1,
27,19,767,218,35,13,1,5,1,
27,20,797,152,24,22,1,5,1,
27,21,132,354,16,18,1,5,1,
27,22,549,166,106,27,1,5,1,
28,1,269,149,83,24,1,5,1,
28,2,880,386,47,22,1,5,1,
28,3,889,140,20,21,1,5,1,
28,4,560,406,81,23,1,5,1,
28,6,497,499,55,17,1,5,1,
28,8,523,95,67,21,1,5,1,
28,9,446,390,59,14,1,5,1,
28,10,661,325,26,14,1,5,1,
28,11,374,209,65,16,1,5,1,
28,12,741,321,22,16,1,5,1,
28,13,378,418,67,17,1,5,1,
28,14,472,289,46,11,1,5,1,
28,15,-1,474,16,27,1,5,1,
28,17,51,188,52,20,1,5,1,
28,18,474,137,47,17,1,5,1,
28,19,764,219,36,13,1,5,1,
28,20,799,153,24,22,1,5,1,
28,21,130,356,17,17,1,5,1,
28,22,559,167,106,26,1,5,1,
29,1,275,149,84,23,1,5,1,
29,2,877,384,47,22,1,5,1,
29,3,888,141,20,21,1,5,1,
29,4,568,405,79,23,1,5,1,
29,6,504,498,54,17,1,5,1,
29,8,531,96,65,21,1,5,1,
29,9,452,391,58,14,1,5,1,
29,10,665,325,25,13,1,5,1,
29,11,381,210,63,15,1,5,1,
29,12,741,320,28,16,1,5,1,
29,13,384,418,67,17,1,5,1,
29,14,478,289,44,11,1,5,1,
29,15,-3,477,16,27,1,5,1,
29,17,57,187,52,20,1,5,1,
29,18,480,138,45,16,1,5,1,
29,19,762,219,35,13,1,5,1,
29,20,802,153,22,23,1,5,1,
29,21,129,357,17,17,1,5,1,
29,22,571,167,103,27,1,5,1,
30,1,280,148,85,24,1,5,1,
30,2,874,383,48,21,1,5,1,
30,3,888,142,19,21,1,5,1,
30,4,575,405,78,22,1,5,1,
30,6,509,497,55,17,1,5,1,
30,8,537,96,65,21,1,5,1,
30,9,457,391,58,15,1,5,1,
30,10,668,324,25,14,1,5,1,
30,11,386,210,63,15,1,5,1,
30,12,741,320,34,16,1,5,1,
30,13,389,418,67,17,1,5,1,
30,14,483,289,44,11,1,5,1,
30,15,-5,479,16,27,1,5,1,
30,17,63,186,54,20,1,5,1,
30,18,485,139,45,16,1,5,1,
30,19,759,220,35,13,1,5,1,
30,20,804,154,22,22,1,5,1,
30,21,127,358,17,18,1,5,1,
30,22,580,167,103,27,1,5,1,
31,1,286,148,86,24,1,5,1,
31,2,872,382,47,21,1,5,1,
31,3,887,144,19,20,1,5,1,
31,4,582,404,77,22,1,5,1,
31,6,515,496,55,17,1,5,1,
31,8,544,97,64,21,1,5,1,
31,9,463,392,57,15,1,5,1,
31,10,671,324,25,13,1,5,1,
31,11,392,210,62,15,1,5,1,
31,12,742,319,40,16,1,5,1,
31,13,395,418,67,17,1,5,1,
31,14,489,288,42,11,1,5,1,
31,15,-7,482,16,25,1,5,1,
31,17,69,185,55,21,1,5,1,
31,18,490,140,44,16,1,5,1,
31,19,756,220,36,13,1,5,1,
31,20,806,155,21,22,1,5,1,
31,21,126,359,17,18,1,5,1,
31,22,590,168,102,26,1,5,1,
32,1,291,147,87,24,1,5,1,
32,2,869,381,47,21,1,5,1,
32,3,886,145,19,20,1,5,1,
32,4,587,403,78,23,1,5,1,
32,6,519,496,57,16,1,5,1,
32,8,549,98,64,21,1,5,1,
32,9,467,393,58,16,1,5,1,
32,10,674,324,24,12,1,5,1,
32,11,396,210,62,15,1,5,1,
32,12,743,319,47,15,1,5,1,
32,13,400,418,67,16,1,5,1,
32,14,493,287,42,11,1,5,1,
32,17,74,184,57,21,1,5,1,
32,18,494,140,44,17,1,5,1,
32,19,753,221,36,12,1,5,1,
32,20,807,156,21,22,1,5,1,
32,21,124,360,18,19,1,5,1,
32,22,598,168,103,27,1,5,1,
33,1,296,147,89,24,1,5,1,
33,2,866,379,47,21,1,5,1,
33,3,885,146,19,20,1,5,1,
33,4,593,402,78,23,1,5,1,
33,6,524,495,58,16,1,5,1,
33,8,555,98,64,21,1,5,1,
33,9,471,394,60,15,1,5,1,
33,10,676,323,25,13,1,5,1,
33,11,401,211,61,15,1,5,1,
33,12,745,318,53,16,1,5,1,
33,13,405,418,68,16,1,5,1,
33,14,498,286,41,12,1,5,1,
33,17,80,184,59,20,1,5,1,
33,18,499,141,44,16,1,5,1,
33,19,750,221,37,12,1,5,1,
33,20,808,157,21,22,1,5,1,
33,21,123,361,18,19,1,5,1,
33,22,607,168,102,27,1,5,1,
34,1,301,146,91,25,1,5,1,
34,2,863,378,47,21,1,5,1,
34,3,884,147,19,20,1,5,1,
34,4,599,401,77,23,1,5,1,
34,6,530,495,58,16,1,5,1,
34,8,561,99,63,21,1,5,1,
34,9,476,394,62,16,1,5,1,
34,10,679,323,24,12,1,5,1,
34,11,406,211,60,15,1,5,1,
34,12,750,318,55,16,1,5,1,
34,13,410,418,68,16,1,5,1,
34,14,502,286,41,12,1,5,1,
34,17,86,183,61,21,1,5,1,
34,18,503,142,44,16,1,5,1,
34,19,748,222,36,12,1,5,1,
34,20,809,158,21,21,1,5,1,
34,21,122,362,18,20,1,5,1,
34,22,616,169,102,26,1,5,1,
35,1,307,146,92,24,1,5,1,
35,2,860,377,47,20,1,5,1,
35,3,883,149,19,19,1,5,1,
35,4,606,400,75,23,1,5,1,
35,6,536,494,57,16,1,5,1,
35,8,567,100,63,21,1,5,1,
35,9,482,394,63,16,1,5,1,
35,10,682,322,24,13,1,5,1,
35,11,411,211,60,15,1,5,1,
35,12,756,318,55,15,1,5,1,
35,13,416,417,68,17,1,5,1,
35,14,507,286,41,12,1,5,1,
35,17,93,182,62,21,1,5,1,
35,18,508,143,43,16,1,5,1,
35,19,745,222,36,12,1,5,1,
35,20,810,159,21,21,1,5,1,
35,21,121,364,18,20,1,5,1,
35,22,626,169,101,26,1,5,1,
36,1,313,145,93,25,1,5,1,
36,2,857,376,47,20,1,5,1,
36,3,882,150,19,19,1,5,1,
36,4,612,400,74,22,1,5,1,
36,6,542,493,57,16,1,5,1,
36,8,573,101,62,20,1,5,1,
36,9,488,395,64,16,1,5,1,
36,10,685,322,23,12,1,5,1,
36,11,416,212,59,14,1,5,1,
36,12,763,318,54,15,1,5,1,
36,13,422,417,68,17,1,5,1,
36,14,512,286,39,12,1,5,1,
36,17,100,181,63,21,1,5,1,
36,18,513,144,42,15,1,5,1,
36,19,742,222,37,12,1,5,1,
36,20,811,159,20,22,1,5,1,
36,21,120,365,18,20,1,5,1,
36,22,635,170,100,26,1,5,1,
37,1,319,145,94,25,1,5,1,
37,2,854,375,47,19,1,5,1,
37,3,882,151,18,19,1,5,1,
37,4,619,399,72,22,1,5,1,
37,6,549,493,55,15,1,5,1,
37,8,579,102,62,20,1,5,1,
37,9,495,394,63,17,1,5,1,
37,10,688,321,22,13,1,5,1,
37,11,421,212,58,15,1,5,1,
37,12,770,317,53,16,1,5,1,
37,13,427,417,68,16,1,5,1,
37,14,517,286,38,11,1,5,1,
37,17,107,180,65,22,1,5,1,
37,18,518,144,41,16,1,5,1,
37,19,739,223,37,12,1,5,1,
37,20,811,160,21,21,1,5,1,
37,21,118,366,19,21,1,5,1,
37,22,645,170,98,26,1,5,1,
38,1,325,145,95,24,1,5,1,
38,2,851,374,47,19,1,5,1,
38,3,882,152,18,18,1,5,1,
38,4,625,398,71,22,1,5,1,
38,6,555,492,54,15,1,5,1,
38,8,585,102,61,21,1,5,1,
38,9,501,394,63,16,1,5,1,
38,10,691,321,21,12,1,5,1,
38,11,426,212,57,15,1,5,1,
38,12,777,317,51,16,1,5,1,
38,13,433,417,67,16,1,5,1,
38,14,521,286,38,11,1,5,1,
38,17,114,179,67,22,1,5,1,
38,18,522,145,40,16,1,5,1,
38,19,737,223,36,12,1,5,1,
38,20,812,161,21,21,1,5,1,
38,21,117,368,20,21,1,5,1,
38,22,654,170,97,26,1,5,1,
39,1,331,144,96,25,1,5,1,
39,2,848,373,47,19,1,5,1,
39,3,882,154,18,17,1,5,1,
39,4,632,397,69,22,1,5,1,
39,6,562,490,51,16,1,5,1,
39,8,591,103,59,21,1,5,1,
39,9,508,394,62,16,1,5,1,
39,10,694,321,20,12,1,5,1,
39,11,432,213,55,14,1,5,1,
39,12,783,317,51,15,1,5,1,
39,13,439,417,67,16,1,5,1,
39,14,526,286,37,11,1,5,1,
39,17,122,178,68,22,1,5,1,
39,18,527,146,39,16,1,5,1,
39,19,734,224,36,11,1,5,1,
39,20,813,162,20,21,1,5,1,
39,21,116,369,20,22,1,5,1,
39,22,664,171,95,26,1,5,1,
40,1,338,144,97,25,1,5,1,
40,2,845,372,47,18,1,5,1,
40,3,882,155,17,17,1,5,1,
40,4,638,396,68,22,1,5,1,
40,6,569,488,47,17,1,5,1,
40,8,598,103,57,21,1,5,1,
40,9,514,394,62,16,1,5,1,
40,10,696,320,20,12,1,5,1,
40,11,436,213,55,15,1,5,1,
40,12,790,317,49,15,1,5,1,
40,13,445,416,66,16,1,5,1,
40,14,530,286,37,11,1,5,1,
40,17,129,177,70,22,1,5,1,
40,18,531,147,39,15,1,5,1,
40,19,731,224,36,12,1,5,1,
40,20,813,163,21,21,1,5,1,
40,21,116,370,19,22,1,5,1,
40,22,673,171,94,26,1,5,1,
41,1,344,144,98,25,1,5,1,
41,2,842,371,47,18,1,5,1,
41,3,882,156,17,17,1,5,1,
41,4,644,395,66,22,1,5,1,
41,6,574,486,46,17,1,5,1,
41,8,604,104,55,21,1,5,1,
41,9,521,394,61,16,1,5,1,
41,10,699,320,18,12,1,5,1,
41,11,441,213,53,15,1,5,1,
41,12,796,316,49,16,1,5,1,
41,13,451,416,65,16,1,5,1,
41,14,535,286,35,11,1,5,1,
41,17,137,176,71,23,1,5,1,
41,18,535,148,38,15,1,5,1,
41,19,729,224,35,12,1,5,1,
41,20,814,164,20,20,1,5,1,
41,21,115,372,20,22,1,5,1,
41,22,682,172,92,25,1,5,1,
42,1,351,143,98,25,1,5,1,
42,2,839,370,47,18,1,5,1,
42,3,881,157,18,17,1,5,1,
42,4,650,394,65,22,1,5,1,
42,6,579,485,46,16,1,5,1,
42,8,609,105,55,21,1,5,1,
42,9,527,394,60,16,1,5,1,
42,10,701,319,18,12,1,5,1,
42,11,446,214,52,14,1,5,1,
42,12,803,316,47,15,1,5,1,
42,13,456,416,66,16,1,5,1,
42,14,539,286,35,11,1,5,1,
42,17,145,175,73,23,1,5,1,
42,18,539,149,38,15,1,5,1,
42,19,726,225,36,11,1,5,1,
42,20,813,164,21,21,1,5,1,
42,21,114,373,20,23,1,5,1,
42,22,691,172,91,25,1,5,1,
43,1,357,143,99,25,1,5,1,
43,2,835,369,48,17,1,5,1,
43,3,880,158,18,17,1,5,1,
43,4,656,394,63,21,1,5,1,
43,6,585,484,44,15,1,5,1,
43,8,615,106,54,21,1,5,1,
43,9,533,393,60,16,1,5,1,
43,10,704,319,17,12,1,5,1,
43,11,451,214,49,15,1,5,1,
43,12,809,316,46,15,1,5,1,
43,13,462,416,65,15,1,5,1,
43,14,543,285,34,11,1,5,1,
43,17,153,174,75,23,1,5,1,
43,18,544,149,36,15,1,5,1,
43,19,723,225,36,11,1,5,1,
43,20,812,165,20,21,1,5,1,
43,21,113,375,21,23,1,5,1,
43,22,701,173,88,25,1,5,1,
44,1,364,142,100,26,1,5,1,
44,2,832,368,48,17,1,5,1,
44,3,879,158,17,18,1,5,1,
44,4,661,393,63,21,1,5,1,
44,6,589,483,44,15,1,5,1,
44,8,620,106,53,21,1,5,1,
44,9,539,393,60,16,1,5,1,
44,10,706,318,16,12,1,5,1,
44,11,457,214,45,15,1,5,1,
44,12,815,316,45,15,1,5,1,
44,13,467,415,65,16,1,5,1,
44,14,547,285,33,11,1,5,1,
44,17,162,173,76,23,1,5,1,
44,18,548,150,35,15,1,5,1,
44,20,811,165,22,22,1,5,1,
44,21,113,376,21,25,1,5,1,
44,22,709,173,87,25,1,5,1,
45,1,370,142,101,25,1,5,1,
45,2,829,367,47,17,1,5,1,
45,3,878,159,18,17,1,5,1,
45,4,667,392,60,21,1,5,1,
45,6,594,481,43,16,1,5,1,
45,8,625,107,53,21,1,5,1,
45,9,545,393,59,16,1,5,1,
45,10,708,318,16,12,1,5,1,
45,11,461,215,44,14,1,5,1,
45,12,821,315,44,15,1,5,1,
45,13,473,415,64,16,1,5,1,
45,14,551,285,32,11,1,5,1,
45,17,170,172,79,23,1,5,1,
45,18,552,151,34,15,1,5,1,
45,20,808,166,28,22,1,5,1,
45,21,112,378,21,25,1,5,1,
45,22,718,174,85,24,1,5,1,
46,1,377,142,101,25,1,5,1,
46,2,826,366,47,17,1,5,1,
46,3,877,160,19,17,1,5,1,
46,4,673,391,58,21,1,5,1,
46,6,599,480,42,16,1,5,1,
46,8,630,108,52,21,1,5,1,
46,9,551,393,59,15,1,5,1,
46,10,710,318,15,11,1,5,1,
46,11,465,215,42,15,1,5,1,
46,12,826,315,43,15,1,5,1,
46,13,478,415,64,15,1,5,1,
46,14,555,285,32,11,1,5,1,
46,17,179,171,81,24,1,5,1,
46,18,555,152,35,15,1,5,1,
46,20,803,167,35,22,1,5,1,
46,21,111,380,22,25,1,5,1,
46,22,726,174,84,25,1,5,1,
47,1,384,142,102,25,1,5,1,
47,2,823,365,47,17,1,5,1,
47,3,875,161,21,17,1,5,1,
47,4,678,390,57,21,1,5,1,
47,6,604,479,41,15,1,5,1,
47,8,636,109,50,21,1,5,1,
47,9,558,392,57,16,1,5,1,
47,10,712,317,15,12,1,5,1,
47,11,469,215,41,15,1,5,1,
47,12,832,315,42,15,1,5,1,
47,13,484,414,63,16,1,5,1,
47,14,559,285,31,11,1,5,1,
47,17,188,169,83,25,1,5,1,
47,18,559,152,34,15,1,5,1,
47,20,800,168,37,21,1,5,1,
47,21,111,381,22,26,1,5,1,
47,22,735,175,82,24,1,5,1,
48,1,391,141,102,26,1,5,1,
48,2,820,364,47,17,1,5,1,
48,3,873,162,22,17,1,5,1,
48,4,683,389,56,21,1,5,1,
48,6,608,477,41,16,1,5,1,
48,8,641,110,50,21,1,5,1,
48,9,563,392,57,16,1,5,1,
48,10,714,317,14,11,1,5,1,
48,11,473,216,40,14,1,5,1,
48,12,837,315,41,14,1,5,1,
48,13,489,414,63,15,1,5,1,
48,14,562,285,31,10,1,5,1,
48,17,197,168,85,25,1,5,1,
48,18,563,153,33,15,1,5,1,
48,20,798,169,37,21,1,5,1,
48,21,111,383,23,27,1,5,1,
48,22,742,175,81,24,1,5,1,
49,1,398,141,103,26,1,5,1,
49,2,817,363,47,16,1,5,1,
49,3,871,163,23,17,1,5,1,
49,4,688,388,55,21,1,5,1,
49,6,613,476,39,16,1,5,1,
49,8,646,111,49,20,1,5,1,
49,9,569,392,57,15,1,5,1,
49,10,716,316,14,12,1,5,1,
49,11,477,216,38,15,1,5,1,
49,12,843,314,39,15,1,5,1,
49,13,495,413,62,16,1,5,1,
49,14,566,285,30,10,1,5,1,
49,17,207,167,87,25,1,5,1,
49,18,566,154,33,15,1,5,1,
49,20,795,170,38,21,1,5,1,
49,21,110,385,24,27,1,5,1,
49,22,751,176,79,24,1,5,1,
50,1,405,141,103,26,1,5,1,
50,2,814,362,47,16,1,5,1,
50,3,870,164,22,17,1,5,1,
50,4,690,389,61,20,1,5,1,
50,6,618,475,38,16,1,5,1,
50,8,650,112,49,20,1,5,1,
50,9,575,391,56,16,1,5,1,
50,10,718,316,13,11,1,5,1,
50,11,480,216,38,15,1,5,1,
50,12,847,314,40,15,1,5,1,
50,13,500,413,62,15,1,5,1,
50,14,569,285,30,10,1,5,1,
50,17,216,166,90,25,1,5,1,
50,18,570,155,32,14,1,5,1,
50,20,792,171,38,21,1,5,1,
50,21,110,386,24,29,1,5,1,
50,22,758,176,78,24,1,5,1,
51,1,412,141,103,26,1,5,1,
51,2,811,361,47,16,1,5,1,
51,3,868,165,22,17,1,5,1,
51,4,692,389,67,20,1,5,1,
51,6,622,473,38,16,1,5,1,
51,8,655,113,48,20,1,5,1,
51,9,581,391,55,15,1,5,1,
51,10,719,316,14,11,1,5,1,
51,11,484,217,36,14,1,5,1,
51,12,853,314,38,14,1,5,1,
51,13,506,413,61,15,1,5,1,
51,14,573,285,29,10,1,5,1,
51,17,225,165,95,26,1,5,1,
51,18,573,155,31,15,1,5,1,
51,20,790,172,37,20,1,5,1,
51,21,109,389,25,28,1,5,1,
51,22,766,177,77,24,1,5,1,
52,1,419,141,104,26,1,5,1,
52,2,808,361,47,15,1,5,1,
52,3,866,166,22,16,1,5,1,
52,4,696,389,68,20,1,5,1,
52,6,626,472,37,16,1,5,1,
52,8,660,113,47,21,1,5,1,
52,9,587,391,54,15,1,5,1,
52,10,721,315,13,11,1,5,1,
52,11,487,217,35,15,1,5,1,
52,12,858,314,37,14,1,5,1,
52,13,511,412,61,15,1,5,1,
52,14,576,285,28,10,1,5,1,
52,17,233,164,102,26,1,5,1,
52,18,577,156,30,15,1,5,1,
52,20,787,173,37,20,1,5,1,
52,21,109,391,26,29,1,5,1,
52,22,773,177,76,24,1,5,1,
53,1,427,141,103,26,1,5,1,
53,2,805,360,47,15,1,5,1,
53,3,864,167,22,16,1,5,1,
53,4,702,389,67,19,1,5,1,
53,6,631,471,36,16,1,5,1,
53,8,665,114,46,20,1,5,1,
53,9,592,390,54,16,1,5,1,
53,10,723,315,12,11,1,5,1,
53,11,490,218,35,14,1,5,1,
53,12,863,313,36,15,1,5,1,
53,13,516,412,60,15,1,5,1,
53,14,580,284,27,11,1,5,1,
53,17,243,164,108,25,1,5,1,
53,18,580,157,30,14,1,5,1,
53,20,785,174,36,20,1,5,1,
53,21,109,393,27,29,1,5,1,
53,22,781,178,74,23,1,5,1,
54,1,434,141,104,26,1,5,1,
54,2,805,359,42,15,1,5,1,
54,3,863,168,22,16,1,5,1,
54,4,705,388,72,20,1,5,1,
54,6,634,470,36,15,1,5,1,
54,8,669,115,45,20,1,5,1,
54,9,598,390,53,15,1,5,1,
54,10,724,315,12,10,1,5,1,
54,11,493,218,34,14,1,5,1,
54,12,867,313,36,14,1,5,1,
54,13,521,412,60,15,1,5,1,
54,14,583,284,26,10,1,5,1,
54,17,253,164,114,25,1,5,1,
54,18,583,158,29,14,1,5,1,
54,20,782,175,37,20,1,5,1,
54,21,110,395,28,30,1,5,1,
54,22,788,179,73,23,1,5,1,
55,1,441,141,104,26,1,5,1,
55,2,806,358,35,15,1,5,1,
55,3,861,169,22,16,1,5,1,
55,4,708,388,78,20,1,5,1,
55,6,639,468,35,16,1,5,1,
55,8,674,116,44,20,1,5,1,
55,9,604,390,52,15,1,5,1,
55,10,725,314,13,11,1,5,1,
55,11,497,218,31,15,1,5,1,
55,12,872,313,35,14,1,5,1,
55,13,526,411,60,15,1,5,1,
55,14,587,284,25,10,1,5,1,
55,17,266,164,116,26,1,5,1,
55,18,587,158,28,15,1,5,1,
55,20,780,176,36,19,1,5,1,
55,21,110,397,30,31,1,5,1,
55,22,795,179,72,23,1,5,1,
56,1,449,141,103,26,1,5,1,
56,2,804,357,33,15,1,5,1,
56,3,859,170,22,15,1,5,1,
56,4,710,388,85,20,1,5,1,
56,6,642,467,35,16,1,5,1,
56,8,678,117,44,20,1,5,1,
56,9,609,389,52,15,1,5,1,
56,10,726,314,13,11,1,5,1,
56,11,500,219,30,14,1,5,1,
56,12,876,313,35,13,1,5,1,
56,13,532,411,58,15,1,5,1,
56,14,590,284,24,10,1,5,1,
56,17,280,164,118,26,1,5,1,
56,18,590,159,27,14,1,5,1,
56,20,777,177,36,19,1,5,1,
56,21,111,400,31,30,1,5,1,
56,22,802,180,71,23,1,5,1,
57,1,456,141,104,26,1,5,1,
57,2,802,357,32,14,1,5,1,
57,3,857,171,22,15,1,5,1,
57,4,714,388,89,20,1,5,1,
57,6,646,466,34,15,1,5,1,
57,8,683,118,42,20,1,5,1,
57,9,615,389,51,15,1,5,1,
57,10,727,314,13,10,1,5,1,
57,11,503,219,29,14,1,5,1,
57,12,881,312,34,14,1,5,1,
57,13,537,410,58,15,1,5,1,
57,14,593,284,24,10,1,5,1,
57,17,295,165,117,26,1,5,1,
57,18,593,160,27,14,1,5,1,
57,20,774,178,36,19,1,5,1,
57,21,111,402,34,31,1,5,1,
57,22,810,180,68,23,1,5,1,
58,1,463,141,104,26,1,5,1,
58,2,800,356,33,14,1,5,1,
58,3,855,172,22,15,1,5,1,
58,4,720,388,87,20,1,5,1,
58,6,650,465,33,15,1,5,1,
58,8,687,119,42,19,1,5,1,
58,9,620,388,50,15,1,5,1,
58,10,728,313,13,11,1,5,1,
58,11,505,220,28,14,1,5,1,
58,12,885,312,33,14,1,5,1,
58,13,542,410,57,15,1,5,1,
58,14,596,284,23,10,1,5,1,
58,17,310,165,117,26,1,5,1,
58,18,596,161,26,14,1,5,1,
58,20,772,179,36,18,1,5,1,
58,21,112,404,36,32,1,5,1,
58,22,816,181,68,22,1,5,1,
59,1,471,141,103,26,1,5,1,
59,2,797,355,34,14,1,5,1,
59,3,853,173,22,15,1,5,1,
59,4,730,387,80,20,1,5,1,
59,6,654,463,32,16,1,5,1,
59,8,691,120,41,19,1,5,1,
59,9,626,388,49,14,1,5,1,
59,10,729,313,12,10,1,5,1,
59,11,508,220,27,14,1,5,1,
59,12,890,312,31,13,1,5,1,
59,13,547,409,57,15,1,5,1,
59,14,599,284,22,10,1,5,1,
59,17,326,166,115,26,1,5,1,
59,18,599,161,25,14,1,5,1,
59,20,769,180,36,18,1,5,1,
59,21,114,407,37,32,1,5,1,
59,22,822,181,69,23,1,5,1,
60,1,478,141,104,26,1,5,1,
60,2,795,355,34,14,1,5,1,
60,3,851,174,22,14,1,5,1,
60,4,739,386,73,20,1,5,1,
60,6,658,462,31,15,1,5,1,
60,8,695,121,40,19,1,5,1,
60,9,631,387,48,15,1,5,1,
60,10,730,313,12,10,1,5,1,
60,11,511,220,25,14,1,5,1,
60,12,894,311,30,14,1,5,1,
60,13,553,409,54,14,1,5,1,
60,14,601,284,22,9,1,5,1,
60,17,341,167,115,25,1,5,1,
60,18,602,162,25,14,1,5,1,
60,20,767,181,35,17,1,5,1,
60,21,115,409,40,33,1,5,1,
60,22,828,182,69,22,1,5,1,
61,1,486,141,103,26,1,5,1,
61,2,793,354,34,14,1,5,1,
61,3,849,174,22,15,1,5,1,
61,4,748,385,68,20,1,5,1,
61,6,662,461,29,15,1,5,1,
61,8,699,122,40,19,1,5,1,
61,9,637,387,46,14,1,5,1,
61,10,730,312,13,10,1,5,1,
61,11,514,221,24,14,1,5,1,
61,12,898,311,29,14,1,5,1,
61,13,558,408,53,15,1,5,1,
61,14,604,284,21,9,1,5,1,
61,17,357,167,113,26,1,5,1,
61,18,604,163,25,13,1,5,1,
61,20,764,182,36,17,1,5,1,
61,21,117,411,42,34,1,5,1,
61,22,835,182,67,23,1,5,1,
62,1,494,141,101,25,1,5,1,
62,2,791,353,34,14,1,5,1,
62,3,847,175,22,15,1,5,1,
62,4,754,385,67,20,1,5,1,
62,6,666,459,28,16,1,5,1,
62,8,703,122,39,20,1,5,1,
62,9,642,386,45,15,1,5,1,
62,10,731,312,12,10,1,5,1,
62,11,516,221,23,14,1,5,1,
62,12,902,311,28,13,1,5,1,
62,13,563,408,52,14,1,5,1,
62,14,607,283,20,10,1,5,1,
62,17,372,168,112,25,1,5,1,
62,18,607,164,24,13,1,5,1,
62,20,762,182,35,18,1,5,1,
62,21,120,414,44,34,1,5,1,
62,22,842,183,66,22,1,5,1,
63,1,502,141,100,26,1,5,1,
63,2,789,352,33,14,1,5,1,
63,3,844,176,24,14,1,5,1,
63,4,760,384,65,20,1,5,1,
63,6,669,458,27,15,1,5,1,
63,8,707,123,38,19,1,5,1,
63,9,647,386,44,14,1,5,1,
63,10,732,312,12,10,1,5,1,
63,11,518,222,22,13,1,5,1,
63,12,907,310,23,14,1,5,1,
63,13,568,407,51,14,1,5,1,
63,14,610,283,19,10,1,5,1,
63,17,388,169,109,25,1,5,1,
63,18,610,164,23,14,1,5,1,
63,20,758,183,37,17,1,5,1,
63,21,122,416,47,35,1,5,1,
63,22,849,183,63,22,1,5,1,
64,1,509,141,100,26,1,5,1,
64,2,787,352,34,13,1,5,1,
64,3,842,177,25,14,1,5,1,
64,4,766,384,64,20,1,5,1,
64,6,672,457,27,15,1,5,1,
64,8,711,124,37,19,1,5,1,
64,9,652,385,43,14,1,5,1,
64,10,732,311,12,10,1,5,1,
64,11,520,222,21,13,1,5,1,
64,12,911,310,19,14,1,5,1,
64,13,573,407,50,14,1,5,1,
64,14,612,283,19,10,1,5,1,
64,17,402,169,109,25,1,5,1,
64,18,612,165,23,13,1,5,1,
64,20,755,184,38,17,1,5,1,
64,21,125,418,50,36,1,5,1,
64,22,855,184,62,22,1,5,1,
65,1,517,141,99,26,1,5,1,
65,2,785,351,33,13,1,5,1,
65,3,839,178,26,14,1,5,1,
65,4,772,383,62,20,1,5,1,
65,6,676,456,25,15,1,5,1,
65,8,715,125,36,19,1,5,1,
65,9,657,385,42,14,1,5,1,
65,10,733,311,11,10,1,5,1,
65,11,523,222,19,14,1,5,1,
65,12,911,310,19,13,1,5,1,
65,13,578,406,49,14,1,5,1,
65,14,614,283,19,10,1,5,1,
65,17,417,170,108,25,1,5,1,
65,18,615,166,21,13,1,5,1,
65,20,753,185,37,16,1,5,1,
65,21,128,421,52,36,1,5,1,
65,22,862,184,59,22,1,5,1,
66,1,524,142,99,25,1,5,1,
66,2,782,350,34,14,1,5,1,
66,3,837,178,26,14,1,5,1,
66,4,777,382,61,20,1,5,1,
66,6,679,454,24,16,1,5,1,
66,8,718,126,36,19,1,5,1,
66,9,662,384,41,14,1,5,1,
66,10,733,311,12,9,1,5,1,
66,11,525,223,18,13,1,5,1,
66,12,910,309,20,13,1,5,1,
66,13,582,405,48,14,1,5,1,
66,14,617,283,18,9,1,5,1,
66,17,431,170,107,25,1,5,1,
66,18,617,166,21,14,1,5,1,
66,20,750,186,37,16,1,5,1,
66,21,131,423,56,37,1,5,1,
66,22,868,185,58,22,1,5,1,
67,1,532,142,98,25,1,5,1,
67,2,780,350,34,13,1,5,1,
67,3,835,179,25,14,1,5,1,
67,4,784,382,57,20,1,5,1,
67,6,681,454,26,14,1,5,1,
67,8,722,127,34,18,1,5,1,
67,9,667,384,39,13,1,5,1,
67,10,733,310,12,10,1,5,1,
67,11,527,223,17,13,1,5,1,
67,12,910,309,19,13,1,5,1,
67,13,587,405,47,13,1,5,1,
67,14,619,283,17,9,1,5,1,
67,17,447,171,104,25,1,5,1,
67,18,620,167,20,13,1,5,1,
67,20,747,187,37,16,1,5,1,
67,21,135,426,58,38,1,5,1,
67,22,875,185,55,22,1,5,1,
68,1,540,142,97,25,1,5,1,
68,2,778,349,34,13,1,5,1,
68,3,833,180,25,14,1,5,1,
68,4,789,381,56,20,1,5,1,
68,6,684,453,26,14,1,5,1,
68,8,726,128,33,18,1,5,1,
68,9,672,383,38,14,1,5,1,
68,10,734,310,11,9,1,5,1,
68,11,529,223,15,14,1,5,1,
68,12,910,309,19,12,1,5,1,
68,13,592,404,46,14,1,5,1,
68,14,622,283,16,9,1,5,1,
68,17,462,171,102,25,1,5,1,
68,18,622,168,20,13,1,5,1,
68,20,744,187,37,16,1,5,1,
68,21,139,429,61,38,1,5,1,
68,22,881,186,54,22,1,5,1,
69,1,548,142,95,26,1,5,1,
69,2,776,349,34,12,1,5,1,
69,3,830,181,25,13,1,5,1,
69,4,795,381,54,19,1,5,1,
69,6,688,452,24,14,1,5,1,
69,8,730,128,32,19,1,5,1,
69,9,677,383,36,13,1,5,1,
69,10,734,310,11,9,1,5,1,
69,11,531,224,14,13,1,5,1,
69,12,910,308,19,13,1,5,1,
69,13,597,403,44,14,1,5,1,
69,14,624,283,15,9,1,5,1,
69,17,477,172,100,25,1,5,1,
69,18,625,168,18,13,1,5,1,
69,20,742,188,36,16,1,5,1,
69,21,144,432,63,39,1,5,1,
69,22,887,187,52,21,1,5,1,
70,1,555,143,95,25,1,5,1,
70,2,773,348,35,13,1,5,1,
70,3,828,182,25,13,1,5,1,
70,4,800,380,52,20,1,5,1,
70,6,691,450,23,14,1,5,1,
70,8,733,129,31,19,1,5,1,
70,9,681,382,36,13,1,5,1,
70,10,734,309,11,10,1,5,1,
70,11,532,224,14,13,1,5,1,
70,12,912,308,19,12,1,5,1,
70,13,601,403,44,13,1,5,1,
70,14,626,283,15,9,1,5,1,
70,17,491,173,99,24,1,5,1,
70,18,627,169,18,13,1,5,1,
70,20,739,189,37,15,1,5,1,
70,21,148,435,67,40,1,5,1,
70,22,892,187,52,21,1,5,1,
71,1,562,143,95,25,1,5,1,
71,2,771,347,34,13,1,5,1,
71,3,826,182,25,13,1,5,1,
71,4,805,380,51,19,1,5,1,
71,6,694,449,23,14,1,5,1,
71,8,736,130,31,19,1,5,1,
71,9,685,381,35,14,1,5,1,
71,10,734,309,11,9,1,5,1,
71,11,534,225,12,13,1,5,1,
71,12,914,307,19,13,1,5,1,
71,13,605,402,43,14,1,5,1,
71,14,628,283,14,9,1,5,1,
71,17,504,173,99,24,1,5,1,
71,18,629,170,17,13,1,5,1,
71,20,736,189,37,16,1,5,1,
71,21,153,437,70,41,1,5,1,
71,22,897,188,51,21,1,5,1,
72,1,569,143,94,26,1,5,1,
72,2,769,347,34,12,1,5,1,
72,3,824,183,24,13,1,5,1,
72,4,810,379,49,19,1,5,1,
72,6,697,448,22,14,1,5,1,
72,8,739,131,30,18,1,5,1,
72,9,689,381,34,13,1,5,1,
72,10,734,309,11,9,1,5,1,
72,11,535,225,12,13,1,5,1,
72,12,916,307,18,12,1,5,1,
72,13,610,402,41,13,1,5,1,
72,14,630,283,14,9,1,5,1,
72,17,518,173,98,25,1,5,1,
72,18,631,171,17,12,1,5,1,
72,20,733,190,37,15,1,5,1,
72,21,159,440,73,42,1,5,1,
72,22,902,188,51,21,1,5,1,
73,1,577,144,92,25,1,5,1,
73,2,767,346,34,12,1,5,1,
73,3,821,184,25,13,1,5,1,
73,4,816,378,43,19,1,5,1,
73,6,700,447,20,14,1,5,1,
73,8,743,132,29,18,1,5,1,
73,9,693,380,33,13,1,5,1,
73,10,734,308,11,10,1,5,1,
73,11,535,225,13,13,1,5,1,
73,12,917,307,18,12,1,5,1,
73,13,615,401,38,14,1,5,1,
73,14,632,282,13,9,1,5,1,
73,17,532,174,96,24,1,5,1,
73,18,633,171,16,13,1,5,1,
73,20,732,191,35,15,1,5,1,
73,21,164,443,77,43,1,5,1,
73,22,908,189,48,20,1,5,1,
74,1,584,144,91,24,1,5,1,
74,2,764,346,35,12,1,5,1,
74,3,819,185,25,12,1,5,1,
74,4,823,376,35,20,1,5,1,
74,6,703,446,19,14,1,5,1,
74,8,746,133,28,18,1,5,1,
74,9,697,380,32,13,1,5,1,
74,10,734,308,11,9,1,5,1,
74,11,536,226,12,12,1,5,1,
74,12,917,306,18,13,1,5,1,
74,13,620,400,36,14,1,5,1,
74,14,634,282,12,9,1,5,1,
74,17,545,174,96,24,1,5,1,
74,18,635,172,15,12,1,5,1,
74,20,730,191,32,16,1,5,1,
74,21,170,446,81,44,1,5,1,
74,22,913,189,46,21,1,5,1,
75,1,592,144,89,25,1,5,1,
75,3,818,185,23,13,1,5,1,
75,4,829,375,27,20,1,5,1,
75,6,705,444,19,14,1,5,1,
75,8,749,134,27,18,1,5,1,
75,9,701,379,30,13,1,5,1,
75,10,734,308,11,9,1,5,1,
75,11,536,226,12,13,1,5,1,
75,12,918,306,18,12,1,5,1,
75,13,624,399,34,14,1,5,1,
75,14,635,282,12,9,1,5,1,
75,17,558,175,95,23,1,5,1,
75,18,636,173,16,12,1,5,1,
75,20,728,192,30,16,1,5,1,
75,21,176,449,85,45,1,5,1,
75,22,919,190,40,20,1,5,1,
76,1,599,144,88,25,1,5,1,
76,3,816,186,22,12,1,5,1,
76,4,831,373,25,21,1,5,1,
76,6,708,443,17,14,1,5,1,
76,8,751,135,27,17,1,5,1,
76,9,705,378,29,13,1,5,1,
76,10,734,307,11,9,1,5,1,
76,11,536,226,13,13,1,5,1,
76,12,920,306,17,12,1,5,1,
76,13,627,399,34,13,1,5,1,
76,14,637,282,11,9,1,5,1,
76,17,571,175,94,24,1,5,1,
76,18,638,173,15,13,1,5,1,
76,21,183,452,89,47,1,5,1,
76,22,923,190,37,21,1,5,1,
77,1,605,145,89,24,1,5,1,
77,3,814,187,22,12,1,5,1,
77,4,830,372,26,21,1,5,1,
77,6,710,442,16,14,1,5,1,
77,8,754,135,26,18,1,5,1,
77,9,708,378,28,12,1,5,1,
77,10,734,307,10,9,1,5,1,
77,11,537,227,12,12,1,5,1,
77,12,921,306,18,12,1,5,1,
77,13,631,398,32,13,1,5,1,
77,14,638,282,11,9,1,5,1,
77,17,583,176,94,23,1,5,1,
77,18,640,174,14,12,1,5,1,
77,21,190,455,93,48,1,5,1,
77,22,928,191,32,20,1,5,1,
78,1,612,145,88,25,1,5,1,
78,4,830,371,25,21,1,5,1,
78,6,712,440,15,15,1,5,1,
78,8,757,136,25,18,1,5,1,
78,9,712,377,26,12,1,5,1,
78,10,733,307,11,9,1,5,1,
78,11,537,227,12,13,1,5,1,
78,12,922,306,17,11,1,5,1,
78,13,634,397,32,13,1,5,1,
78,14,640,282,10,9,1,5,1,
78,17,596,176,93,23,1,5,1,
78,18,642,175,12,12,1,5,1,
78,21,198,459,96,48,1,5,1,
78,22,933,192,27,19,1,5,1,
79,1,618,146,87,24,1,5,1,
79,4,830,370,25,21,1,5,1,
79,6,714,439,15,15,1,5,1,
79,8,759,137,25,18,1,5,1,
79,9,715,376,26,13,1,5,1,
79,10,733,307,10,8,1,5,1,
79,12,923,305,17,12,1,5,1,
79,13,637,396,31,14,1,5,1,
79,14,641,282,10,8,1,5,1,
79,17,607,176,94,24,1,5,1,
79,18,643,175,12,12,1,5,1,
79,21,203,463,109,46,1,5,1,
79,22,936,192,24,21,1,5,1,
80,1,625,146,86,24,1,5,1,
80,4,830,369,25,21,1,5,1,
80,6,716,438,14,14,1,5,1,
80,8,762,138,24,17,1,5,1,
80,9,718,376,25,12,1,5,1,
80,10,732,306,11,9,1,5,1,
80,12,923,305,17,11,1,5,1,
80,13,640,396,30,13,1,5,1,
80,14,642,282,10,8,1,5,1,
80,17,619,177,94,23,1,5,1,
80,18,644,176,12,12,1,5,1,
80,21,209,467,123,44,1,5,1,
80,22,938,193,22,21,1,5,1,
81,1,631,147,84,25,1,5,1,
81,4,830,368,25,20,1,5,1,
81,6,717,437,14,14,1,5,1,
81,8,764,139,22,17,1,5,1,
81,9,720,375,26,12,1,5,1,
81,10,732,306,11,9,1,5,1,
81,12,923,305,17,11,1,5,1,
81,13,643,395,29,13,1,5,1,
81,14,643,282,10,8,1,5,1,
81,16,952,356,7,8,1,5,1,
81,17,630,177,94,23,1,5,1,
81,18,646,177,11,12,1,5,1,
81,21,217,470,135,42,1,5,1,
81,22,938,194,22,21,1,5,1,
82,1,640,147,78,26,1,5,1,
82,4,833,368,24,19,1,5,1,
82,6,719,435,13,15,1,5,1,
82,8,768,139,19,18,1,5,1,
82,9,723,374,25,13,1,5,1,
82,10,731,306,11,8,1,5,1,
82,12,924,304,16,12,1,5,1,
82,13,646,394,28,13,1,5,1,
82,14,645,282,9,8,1,5,1,
82,16,949,354,10,9,1,5,1,
82,17,644,178,91,23,1,5,1,
82,18,647,177,11,12,1,5,1,
82,21,229,473,142,40,1,5,1,
82,22,939,195,21,17,1,5,1,
83,1,646,148,76,26,1,5,1,
83,4,835,367,24,19,1,5,1,
83,6,721,434,13,14,1,5,1,
83,8,770,140,18,18,1,5,1,
83,9,727,373,21,12,1,5,1,
83,10,731,306,11,8,1,5,1,
83,12,924,304,17,11,1,5,1,
83,13,649,393,28,13,1,5,1,
83,14,646,282,9,8,1,5,1,
83,16,946,353,13,10,1,5,1,
83,17,656,179,92,23,1,5,1,
83,18,648,178,11,12,1,5,1,
83,21,242,475,146,40,1,5,1,
83,22,940,196,20,11,1,5,1,
84,1,651,149,76,26,1,5,1,
84,4,838,367,23,18,1,5,1,
84,6,723,433,12,14,1,5,1,
84,8,772,141,18,18,1,5,1,
84,9,731,373,18,12,1,5,1,
84,10,731,305,10,9,1,5,1,
84,12,925,304,16,11,1,5,1,
84,13,652,392,27,13,1,5,1,
84,14,646,282,9,8,1,5,1,
84,16,943,352,16,10,1,5,1,
84,17,669,180,90,22,1,5,1,
84,18,649,179,10,11,1,5,1,
84,21,256,476,150,41,1,5,1,
85,1,657,150,75,25,1,5,1,
85,4,839,366,22,18,1,5,1,
85,6,725,432,11,14,1,5,1,
85,8,774,142,17,18,1,5,1,
85,9,734,372,16,12,1,5,1,
85,10,730,305,11,8,1,5,1,
85,12,925,304,16,10,1,5,1,
85,13,655,391,25,13,1,5,1,
85,14,647,281,9,9,1,5,1,
85,16,940,351,19,12,1,5,1,
85,17,683,180,87,23,1,5,1,
85,18,650,179,10,12,1,5,1,
85,21,272,478,152,41,1,5,1,
86,1,663,150,74,26,1,5,1,
86,4,839,365,23,19,1,5,1,
86,6,726,431,11,14,1,5,1,
86,8,776,143,17,18,1,5,1,
86,9,736,371,16,12,1,5,1,
86,10,729,305,12,8,1,5,1,
86,12,925,303,16,11,1,5,1,
86,13,657,391,25,13,1,5,1,
86,14,648,281,9,8,1,5,1,
86,16,937,350,22,12,1,5,1,
86,17,694,181,87,22,1,5,1,
86,18,651,180,9,11,1,5,1,
86,21,287,479,155,41,1,5,1,
87,1,668,151,73,25,1,5,1,
87,4,840,365,22,18,1,5,1,
87,6,727,430,11,14,1,5,1,
87,8,777,144,17,17,1,5,1,
87,9,738,371,15,11,1,5,1,
87,10,729,305,11,8,1,5,1,
87,12,925,303,16,11,1,5,1,
87,13,660,390,24,13,1,5,1,
87,14,648,281,9,8,1,5,1,
87,16,934,350,25,11,1,5,1,
87,17,705,181,87,22,1,5,1,
87,18,651,181,10,11,1,5,1,
87,21,300,480,160,42,1,5,1,
88,1,673,151,72,26,1,5,1,
88,4,840,364,23,18,1,5,1,
88,6,728,429,11,13,1,5,1,
88,8,779,145,16,17,1,5,1,
88,9,739,370,15,11,1,5,1,
88,10,728,304,12,8,1,5,1,
88,12,925,303,16,10,1,5,1,
88,13,662,389,23,13,1,5,1,
88,14,649,281,9,8,1,5,1,
88,16,931,349,29,11,1,5,1,
88,17,717,181,86,23,1,5,1,
88,18,652,181,9,12,1,5,1,
88,21,317,482,162,41,1,5,1,
89,1,679,152,71,25,1,5,1,
89,4,841,363,22,18,1,5,1,
89,6,729,427,11,14,1,5,1,
89,8,780,146,16,17,1,5,1,
89,9,741,369,15,11,1,5,1,
89,10,727,304,12,8,1,5,1,
89,12,925,303,16,10,1,5,1,
89,13,665,388,22,13,1,5,1,
89,14,649,281,9,8,1,5,1,
89,16,928,348,31,11,1,5,1,
89,17,728,182,85,22,1,5,1,
89,18,652,182,9,12,1,5,1,
89,21,333,483,164,41,1,5,1,
90,1,685,153,69,25,1,5,1,
90,4,841,362,22,18,1,5,1,
90,6,730,426,11,14,1,5,1,
90,8,782,147,15,17,1,5,1,
90,9,743,368,14,11,1,5,1,
90,10,727,304,11,8,1,5,1,
90,12,925,302,16,11,1,5,1,
90,13,667,387,22,13,1,5,1,
90,14,651,281,8,8,1,5,1,
90,16,925,347,32,12,1,5,1,
90,17,741,182,82,23,1,5,1,
90,18,653,183,9,12,1,5,1,
90,21,351,484,165,42,1,5,1,
91,1,690,153,68,25,1,5,1,
91,4,842,362,22,17,1,5,1,
91,6,730,425,11,14,1,5,1,
91,8,782,148,16,17,1,5,1,
91,9,744,368,14,11,1,5,1,
91,10,726,304,12,8,1,5,1,
91,12,925,302,16,10,1,5,1,
91,13,669,387,21,13,1,5,1,
91,16,921,347,33,11,1,5,1,
91,17,751,183,83,22,1,5,1,
91,18,653,184,9,12,1,5,1,
91,21,366,485,169,42,1,5,1,
92,1,696,154,66,25,1,5,1,
92,4,842,361,22,17,1,5,1,
92,6,731,424,11,13,1,5,1,
92,8,783,149,16,16,1,5,1,
92,9,746,367,13,11,1,5,1,
92,10,725,303,12,8,1,5,1,
92,12,925,302,16,10,1,5,1,
92,13,672,386,20,13,1,5,1,
92,16,918,346,33,11,1,5,1,
92,17,762,183,82,22,1,5,1,
92,18,653,185,10,11,1,5,1,
92,21,384,486,170,42,1,5,1,
93,1,701,154,65,25,1,5,1,
93,4,842,360,22,17,1,5,1,
93,6,732,423,11,13,1,5,1,
93,8,784,150,16,16,1,5,1,
93,9,747,366,13,11,1,5,1,
93,10,725,303,12,8,1,5,1,
93,12,925,302,16,10,1,5,1,
93,13,673,385,20,13,1,5,1,
93,16,916,345,31,11,1,5,1,
93,17,772,184,81,22,1,5,1,
93,18,653,186,11,11,1,5,1,
93,21,400,487,173,43,1,5,1,
94,1,706,155,63,25,1,5,1,
94,4,843,359,21,17,1,5,1,
94,6,732,422,11,13,1,5,1,
94,8,786,151,15,16,1,5,1,
94,9,748,366,15,11,1,5,1,
94,12,924,301,15,10,1,5,1,
94,13,675,385,20,12,1,5,1,
94,16,912,345,32,10,1,5,1,
94,17,783,184,80,22,1,5,1,
94,21,418,488,175,43,1,5,1,
95,1,711,156,62,25,1,5,1,
95,4,843,359,21,17,1,5,1,
95,6,733,421,11,13,1,5,1,
95,8,787,152,15,16,1,5,1,
95,9,748,365,18,11,1,5,1,
95,12,922,301,16,10,1,5,1,
95,13,677,384,19,12,1,5,1,
95,16,909,344,32,11,1,5,1,
95,17,794,185,78,21,1,5,1,
95,21,436,489,177,43,1,5,1,
96,1,715,156,61,25,1,5,1,
96,4,843,358,21,17,1,5,1,
96,6,734,420,10,13,1,5,1,
96,8,788,152,15,16,1,5,1,
96,9,748,365,20,10,1,5,1,
96,12,921,301,16,10,1,5,1,
96,13,679,383,18,13,1,5,1,
96,16,906,343,33,11,1,5,1,
96,17,803,185,79,22,1,5,1,
96,21,452,490,181,44,1,5,1,
97,1,720,157,60,25,1,5,1,
97,4,843,357,21,17,1,5,1,
97,6,734,418,11,14,1,5,1,
97,8,789,153,15,16,1,5,1,
97,9,748,364,22,11,1,5,1,
97,12,921,300,15,10,1,5,1,
97,13,681,382,18,13,1,5,1,
97,16,903,343,33,10,1,5,1,
97,17,812,186,79,21,1,5,1,
97,21,469,491,184,44,1,5,1,
98,1,724,158,59,24,1,5,1,
98,4,843,356,21,17,1,5,1,
98,6,735,417,10,14,1,5,1,
98,8,790,154,15,16,1,5,1,
98,9,750,364,22,10,1,5,1,
98,12,922,300,15,10,1,5,1,
98,13,682,381,18,13,1,5,1,
98,16,900,342,32,10,1,5,1,
98,17,822,186,78,21,1,5,1,
98,21,486,493,188,44,1,5,1,
99,1,729,158,57,25,1,5,1,
99,4,843,356,21,16,1,5,1,
99,6,736,417,10,12,1,5,1,
99,8,791,155,14,15,1,5,1,
99,9,752,363,23,11,1,5,1,
99,12,921,300,14,10,1,5,1,
99,13,684,381,17,12,1,5,1,
99,16,897,341,32,11,1,5,1,
99,17,832,187,76,21,1,5,1,
99,21,505,494,190,44,1,5,1,
100,1,733,159,56,24,1,5,1,
100,4,843,355,21,16,1,5,1,
100,6,737,416,10,12,1,5,1,
100,8,792,156,14,15,1,5,1,
100,9,754,363,22,10,1,5,1,
100,12,919,300,15,9,1,5,1,
100,13,686,380,16,12,1,5,1,
100,16,893,341,33,10,1,5,1,
100,17,842,187,75,21,1,5,1,
100,21,524,495,192,45,1,5,1,
101,1,738,160,54,24,1,5,1,
101,4,843,354,21,17,1,5,1,
101,6,737,415,10,12,1,5,1,
101,8,793,156,14,16,1,5,1,
101,9,756,362,22,11,1,5,1,
101,12,918,299,15,10,1,5,1,
101,13,687,379,16,13,1,5,1,
101,16,893,340,30,10,1,5,1,
101,17,852,188,73,21,1,5,1,
101,21,542,496,195,45,1,5,1,
102,1,743,160,52,24,1,5,1,
102,4,843,354,20,16,1,5,1,
102,6,738,414,9,12,1,5,1,
102,8,792,157,15,16,1,5,1,
102,9,759,362,21,10,1,5,1,
102,12,918,299,14,10,1,5,1,
102,13,689,378,15,13,1,5,1,
102,16,892,340,26,9,1,5,1,
102,17,862,188,72,21,1,5,1,
102,21,563,498,196,45,1,5,1,
103,1,746,161,52,24,1,5,1,
103,4,843,353,20,16,1,5,1,
103,6,738,413,9,13,1,5,1,
103,8,792,158,14,16,1,5,1,
103,9,761,361,21,11,1,5,1,
103,12,918,299,14,9,1,5,1,
103,13,691,378,14,12,1,5,1,
103,16,890,339,25,10,1,5,1,
103,17,871,189,71,20,1,5,1,
103,21,581,499,200,44,1,5,1,
104,1,751,162,50,24,1,5,1,
104,4,843,353,20,15,1,5,1,
104,6,738,412,9,13,1,5,1,
104,8,790,158,14,16,1,5,1,
104,9,764,361,19,10,1,5,1,
104,12,918,299,14,9,1,5,1,
104,13,692,377,14,12,1,5,1,
104,16,888,338,24,10,1,5,1,
104,17,881,189,68,21,1,5,1,
104,21,601,501,203,42,1,5,1,
105,1,755,162,48,24,1,5,1,
105,4,843,352,20,16,1,5,1,
105,6,738,411,9,13,1,5,1,
105,8,789,159,16,16,1,5,1,
105,9,766,360,19,11,1,5,1,
105,12,917,298,14,10,1,5,1,
105,13,693,376,14,13,1,5,1,
105,16,885,338,25,10,1,5,1,
105,17,889,190,68,20,1,5,1,
105,21,620,502,206,41,1,5,1,
106,1,759,163,47,24,1,5,1,
106,4,843,351,19,16,1,5,1,
106,6,738,410,9,12,1,5,1,
106,8,785,160,21,16,1,5,1,
106,9,768,360,18,10,1,5,1,
106,12,915,298,15,9,1,5,1,
106,13,695,376,13,12,1,5,1,
106,16,883,337,24,10,1,5,1,
106,17,899,190,61,21,1,5,1,
106,21,642,504,208,39,1,5,1,
107,1,763,164,45,23,1,5,1,
107,4,843,351,19,15,1,5,1,
107,6,738,409,9,12,1,5,1,
107,8,780,160,27,17,1,5,1,
107,9,770,359,18,10,1,5,1,
107,12,914,298,15,9,1,5,1,
107,13,696,375,12,12,1,5,1,
107,16,881,337,24,9,1,5,1,
107,17,907,191,53,20,1,5,1,
107,21,661,505,212,38,1,5,1,
108,1,767,165,43,23,1,5,1,
108,4,842,350,19,15,1,5,1,
108,6,738,408,9,12,1,5,1,
108,8,776,161,32,17,1,5,1,
108,9,773,359,16,10,1,5,1,
108,12,912,298,16,9,1,5,1,
108,13,698,375,12,11,1,5,1,
108,16,878,336,25,10,1,5,1,
108,17,916,192,44,17,1,5,1,
108,21,683,507,214,36,1,5,1,
109,1,770,165,43,23,1,5,1,
109,4,842,349,19,16,1,5,1,
109,6,738,407,9,12,1,5,1,
109,8,771,162,37,16,1,5,1,
109,9,775,358,15,10,1,5,1,
109,12,911,298,16,9,1,5,1,
109,13,699,374,11,11,1,5,1,
109,16,876,336,25,9,1,5,1,
109,17,925,193,35,16,1,5,1,
109,21,703,509,218,34,1,5,1,
110,1,774,166,41,23,1,5,1,
110,4,841,349,19,15,1,5,1,
110,6,737,406,10,12,1,5,1,
110,8,766,163,41,16,1,5,1,
110,9,777,357,13,10,1,5,1,
110,12,910,297,16,9,1,5,1,
110,13,699,374,12,11,1,5,1,
110,16,874,335,24,9,1,5,1,
110,17,933,195,27,15,1,5,1,
110,21,726,511,218,32,1,5,1,
111,1,777,167,40,23,1,5,1,
111,4,841,348,18,15,1,5,1,
111,6,737,405,10,12,1,5,1,
111,8,762,164,43,16,1,5,1,
111,9,779,355,11,12,1,5,1,
111,12,909,297,15,9,1,5,1,
111,13,700,373,11,11,1,5,1,
111,16,871,335,25,9,1,5,1,
111,21,747,513,212,30,1,5,1,
112,1,780,167,38,23,1,5,1,
112,4,840,347,19,15,1,5,1,
112,6,737,404,10,12,1,5,1,
112,8,760,165,42,16,1,5,1,
112,9,779,354,11,12,1,5,1,
112,12,908,297,15,9,1,5,1,
112,13,700,372,11,12,1,5,1,
112,16,869,334,25,9,1,5,1,
112,21,767,514,193,29,1,5,1,
113,1,783,168,37,23,1,5,1,
113,4,839,347,20,15,1,5,1,
113,8,759,166,39,15,1,5,1,
113,9,778,353,13,12,1,5,1,
113,12,906,297,16,8,1,5,1,
113,13,701,372,11,11,1,5,1,
113,16,866,334,26,9,1,5,1,
113,21,787,516,173,27,1,5,1,
114,1,786,169,36,22,1,5,1,
114,4,839,346,19,15,1,5,1,
114,8,759,167,34,15,1,5,1,
114,9,778,353,12,11,1,5,1,
114,12,906,297,15,8,1,5,1,
114,13,702,371,11,11,1,5,1,
114,16,864,333,26,9,1,5,1,
114,21,808,517,152,27,1,5,1,
115,1,789,169,35,23,1,5,1,
115,4,838,345,20,15,1,5,1,
115,8,759,168,29,15,1,5,1,
115,9,777,352,13,11,1,5,1,
115,12,906,296,13,9,1,5,1,
115,13,703,370,11,12,1,5,1,
115,16,861,333,26,9,1,5,1,
115,21,827,519,133,25,1,5,1,
116,1,792,170,33,22,1,5,1,
116,4,837,345,20,14,1,5,1,
116,8,759,169,23,15,1,5,1,
116,9,776,351,13,11,1,5,1,
116,12,904,296,14,9,1,5,1,
116,16,859,332,26,9,1,5,1,
116,21,851,521,109,23,1,5,1,
117,1,794,171,33,22,1,5,1,
117,4,836,344,20,15,1,5,1,
117,8,758,170,20,14,1,5,1,
117,9,776,351,13,11,1,5,1,
117,12,902,296,16,8,1,5,1,
117,16,856,332,27,9,1,5,1,
117,21,870,523,90,21,1,5,1,
118,1,797,172,31,21,1,5,1,
118,4,835,344,21,14,1,5,1,
118,8,758,171,16,14,1,5,1,
118,9,776,350,13,11,1,5,1,
118,12,900,296,17,8,1,5,1,
118,16,854,331,26,9,1,5,1,
119,1,799,172,31,22,1,5,1,
119,4,835,343,20,15,1,5,1,
119,8,757,171,14,14,1,5,1,
119,9,776,349,12,11,1,5,1,
119,12,899,296,18,8,1,5,1,
119,16,852,331,27,8,1,5,1,
120,1,801,173,30,22,1,5,1,
120,4,834,343,21,14,1,5,1,
120,8,756,172,14,14,1,5,1,
120,9,775,349,13,11,1,5,1,
120,12,897,295,18,9,1,5,1,
121,1,803,173,30,22,1,5,1,
121,4,833,342,21,14,1,5,1,
121,8,753,173,17,14,1,5,1,
121,9,775,348,13,11,1,5,1,
121,12,896,295,18,8,1,5,1,
122,1,805,174,29,22,1,5,1,
122,4,832,341,21,15,1,5,1,
122,8,749,173,21,14,1,5,1,
122,9,775,348,12,11,1,5,1,
122,12,895,295,17,8,1,5,1,
123,1,807,175,28,21,1,5,1,
123,4,831,341,22,14,1,5,1,
123,9,775,347,12,11,1,5,1,
123,12,893,295,18,8,1,5,1,
124,1,809,175,28,22,1,5,1,
124,4,830,340,22,15,1,5,1,
124,9,774,347,13,11,1,5,1,
124,12,891,295,18,8,1,5,1,
125,1,810,176,28,21,1,5,1,
125,4,829,340,22,14,1,5,1,
125,9,774,346,12,11,1,5,1,
125,12,890,295,18,8,1,5,1,
126,1,812,177,27,21,1,5,1,
126,4,828,339,22,14,1,5,1,
126,9,774,346,12,10,1,5,1,
126,12,888,294,19,8,1,5,1,
127,1,814,177,26,21,1,5,1,
127,4,827,339,22,14,1,5,1,
127,9,774,345,11,11,1,5,1,
127,12,887,294,19,8,1,5,1,
128,1,816,178,25,21,1,5,1,
128,4,826,338,23,14,1,5,1,
128,11,475,229,21,11,1,5,1,
128,12,885,294,19,8,1,5,1,
129,1,818,179,24,21,1,5,1,
129,4,825,338,22,13,1,5,1,
129,11,475,229,23,11,1,5,1,
129,12,884,294,18,8,1,5,1,
130,1,819,180,23,20,1,5,1,
130,4,824,337,23,14,1,5,1,
130,11,476,228,24,11,1,5,1,
130,12,882,294,19,7,1,5,1,
131,1,821,180,22,21,1,5,1,
131,4,823,337,23,13,1,5,1,
131,11,477,228,25,11,1,5,1,
131,12,881,294,18,7,1,5,1,
132,1,822,181,22,20,1,5,1,
132,4,821,336,24,14,1,5,1,
132,11,478,228,27,11,1,5,1,
132,12,879,293,19,8,1,5,1,
133,1,822,182,22,20,1,5,1,
133,4,820,336,24,13,1,5,1,
133,11,478,227,29,11,1,5,1,
133,12,878,293,18,8,1,5,1,
134,1,823,182,22,20,1,5,1,
134,4,819,335,23,14,1,5,1,
134,11,479,227,31,11,1,5,1,
134,12,876,293,19,8,1,5,1,
135,1,823,183,22,20,1,5,1,
135,11,481,227,31,11,1,5,1,
135,12,875,293,18,7,1,5,1,
136,1,824,184,21,19,1,5,1,
136,11,482,226,33,12,1,5,1,
136,12,874,293,18,7,1,5,1,
137,1,824,184,21,20,1,5,1,
137,11,483,226,35,12,1,5,1,
137,12,872,293,18,7,1,5,1,
138,1,824,185,22,19,1,5,1,
138,11,484,226,37,11,1,5,1,
138,12,871,292,18,8,1,5,1,
139,1,825,186,21,19,1,5,1,
139,11,486,225,38,12,1,5,1,
139,15,-19107,-19440,0,0,1,5,1,
140,1,825,186,21,19,1,5,1,
140,11,487,225,40,12,1,5,1,
140,15,-12404,-12290,0,0,1,5,1,
141,1,825,187,21,19,1,5,1,
141,11,489,225,41,12,1,5,1,
142,1,825,187,21,19,1,5,1,
142,11,491,224,43,12,1,5,1,
143,1,825,188,21,19,1,5,1,
143,11,492,224,45,12,1,5,1,
144,1,825,189,20,18,1,5,1,
144,11,494,224,47,12,1,5,1,
145,1,825,189,20,19,1,5,1,
145,11,496,223,48,13,1,5,1,
146,1,825,190,20,18,1,5,1,
146,11,498,223,50,12,1,5,1,
147,1,824,191,20,18,1,5,1,
147,11,501,223,51,12,1,5,1,
148,1,824,191,20,18,1,5,1,
148,11,504,222,51,13,1,5,1,
149,1,824,192,20,18,1,5,1,
149,11,506,222,53,13,1,5,1,
150,1,824,193,19,17,1,5,1,
150,11,509,222,54,13,1,5,1,
