1,1,597,183,42,12,1,5,1,
1,2,447,503,78,40,1,5,1,
1,3,179,431,64,22,1,5,1,
1,4,767,-3,20,28,1,5,1,
1,5,895,470,64,29,1,5,1,
1,6,329,91,30,19,1,5,1,
1,7,801,480,41,17,1,5,1,
1,8,568,466,61,16,1,5,1,
1,9,364,295,77,17,1,5,1,
1,10,1,102,103,20,1,5,1,
1,11,421,156,74,40,1,5,1,
1,12,3,366,163,36,1,5,1,
1,13,920,479,39,21,1,5,1,
1,14,879,205,80,28,1,5,1,
1,15,62,156,98,29,1,5,1,
1,16,672,224,19,18,1,5,1,
1,17,7,11,49,25,1,5,1,
1,18,-101,258,202,34,1,5,1,
1,19,184,403,98,22,1,5,1,
1,20,583,247,34,28,1,5,1,
1,21,247,450,68,46,1,5,1,
1,22,412,37,25,63,1,5,1,
1,23,0,90,133,38,1,5,1,
1,24,315,370,63,52,1,5,1,
1,25,714,236,151,32,1,5,1,
1,26,823,408,74,24,1,5,1,
1,27,740,273,79,21,1,5,1,
1,28,796,334,23,18,1,5,1,
1,30,919,208,40,19,1,5,1,
1,31,649,0,68,14,1,5,1,
1,33,278,203,66,16,1,5,1,
1,34,408,391,47,11,1,5,1,
1,35,701,424,126,29,1,5,1,
1,36,2,0,35,29,1,5,1,
1,37,346,385,38,18,1,5,1,
1,38,316,400,108,30,1,5,1,
1,39,695,132,20,29,1,5,1,
1,40,449,46,37,18,1,5,1,
1,42,361,102,147,37,1,5,1,
2,1,606,184,38,12,1,5,1,
2,2,443,505,63,39,1,5,1,
2,3,187,429,64,21,1,5,1,
2,4,767,-4,19,22,1,5,1,
2,5,888,467,71,27,1,5,1,
2,6,328,94,25,18,1,5,1,
2,7,794,482,44,14,1,5,1,
2,8,562,465,59,15,1,5,1,
2,9,358,295,69,18,1,5,1,
2,10,0,100,93,21,1,5,1,
2,11,419,152,64,40,1,5,1,
2,12,-6,367,143,39,1,5,1,
2,13,914,477,45,19,1,5,1,
2,14,865,207,94,27,1,5,1,
2,15,87,153,74,30,1,5,1,
2,16,674,226,20,16,1,5,1,
2,17,0,8,52,22,1,5,1,
2,18,-120,260,192,28,1,5,1,
2,19,170,402,92,27,1,5,1,
2,20,581,245,35,30,1,5,1,
2,21,248,447,76,40,1,5,1,
2,22,414,43,25,62,1,5,1,
2,23,14,88,124,39,1,5,1,
2,24,316,373,45,54,1,5,1,
2,25,701,236,151,31,1,5,1,
2,26,815,406,68,21,1,5,1,
2,27,743,273,87,21,1,5,1,
2,28,798,337,21,15,1,5,1,
2,30,918,209,41,19,1,5,1,
2,31,642,0,66,15,1,5,1,
2,33,287,202,62,16,1,5,1,
2,34,417,391,44,11,1,5,1,
2,35,692,421,113,28,1,5,1,
2,36,9,0,37,34,1,5,1,
2,37,350,388,41,15,1,5,1,
2,38,333,399,101,27,1,5,1,
2,39,694,135,20,28,1,5,1,
2,40,444,45,39,14,1,5,1,
2,41,515,0,31,11,1,5,1,
2,42,356,102,131,39,1,5,1,
3,1,611,185,38,12,1,5,1,
3,2,438,507,55,37,1,5,1,
3,3,193,427,65,20,1,5,1,
3,4,765,-5,15,18,1,5,1,
3,5,881,465,78,28,1,5,1,
3,6,328,94,20,21,1,5,1,
3,7,786,481,49,14,1,5,1,
3,8,557,464,59,15,1,5,1,
3,9,352,295,67,20,1,5,1,
3,10,-7,98,93,22,1,5,1,
3,11,419,149,57,41,1,5,1,
3,12,-30,368,147,38,1,5,1,
3,13,908,475,51,19,1,5,1,
3,14,853,208,106,27,1,5,1,
3,15,102,152,61,29,1,5,1,
3,16,672,226,25,17,1,5,1,
3,17,-4,5,52,22,1,5,1,
3,19,155,402,94,30,1,5,1,
3,20,578,245,34,30,1,5,1,
3,21,250,445,83,37,1,5,1,
3,22,414,47,28,63,1,5,1,
3,23,37,87,105,39,1,5,1,
3,24,318,375,35,56,1,5,1,
3,25,690,236,150,31,1,5,1,
3,26,807,404,69,20,1,5,1,
3,27,745,273,95,22,1,5,1,
3,28,797,337,20,15,1,5,1,
3,30,917,210,42,19,1,5,1,
3,31,636,0,66,16,1,5,1,
3,32,293,0,44,13,1,5,1,
3,33,291,202,65,17,1,5,1,
3,34,423,391,43,11,1,5,1,
3,35,683,417,107,29,1,5,1,
3,36,12,0,44,39,1,5,1,
3,37,356,389,39,16,1,5,1,
3,38,344,398,101,26,1,5,1,
3,39,694,137,19,27,1,5,1,
3,40,437,44,43,14,1,5,1,
3,41,511,0,29,15,1,5,1,
3,42,352,99,119,45,1,5,1,
4,1,615,186,40,12,1,5,1,
4,2,434,510,49,34,1,5,1,
4,3,199,426,66,19,1,5,1,
4,4,762,-4,19,13,1,5,1,
4,5,875,463,84,29,1,5,1,
4,6,327,95,16,23,1,5,1,
4,7,779,480,52,13,1,5,1,
4,8,553,462,58,16,1,5,1,
4,9,348,295,63,21,1,5,1,
4,10,-16,96,94,23,1,5,1,
4,11,421,146,49,42,1,5,1,
4,12,-55,370,153,40,1,5,1,
4,13,903,473,56,21,1,5,1,
4,14,841,209,118,27,1,5,1,
4,15,115,150,50,30,1,5,1,
4,16,673,226,25,18,1,5,1,
4,17,-13,3,56,21,1,5,1,
4,19,141,403,96,34,1,5,1,
4,20,567,245,44,31,1,5,1,
4,21,254,443,88,35,1,5,1,
4,22,413,52,32,62,1,5,1,
4,23,56,85,87,40,1,5,1,
4,24,317,377,36,57,1,5,1,
4,25,679,236,149,31,1,5,1,
4,26,800,402,67,20,1,5,1,
4,27,749,273,101,22,1,5,1,
4,28,795,337,20,15,1,5,1,
4,29,627,0,54,18,1,5,1,
4,30,918,209,37,21,1,5,1,
4,31,630,0,56,18,1,5,1,
4,32,290,0,46,20,1,5,1,
4,33,296,202,68,17,1,5,1,
4,34,428,391,43,11,1,5,1,
4,35,676,414,100,31,1,5,1,
4,36,12,0,54,43,1,5,1,
4,37,361,390,39,17,1,5,1,
4,38,354,397,101,25,1,5,1,
4,39,694,140,18,26,1,5,1,
4,40,431,44,45,13,1,5,1,
4,41,507,0,32,20,1,5,1,
4,42,349,97,107,51,1,5,1,
5,1,620,187,40,12,1,5,1,
5,2,431,514,42,30,1,5,1,
5,3,205,425,66,18,1,5,1,
5,4,755,-3,27,11,1,5,1,
5,5,869,461,84,29,1,5,1,
5,6,326,96,13,25,1,5,1,
5,7,772,479,54,14,1,5,1,
5,8,549,460,56,18,1,5,1,
5,9,343,295,59,23,1,5,1,
5,10,-24,96,95,21,1,5,1,
5,11,425,143,41,42,1,5,1,
5,12,-80,372,158,37,1,5,1,
5,13,898,471,60,22,1,5,1,
5,14,830,208,129,29,1,5,1,
5,15,126,148,43,31,1,5,1,
5,16,675,227,24,18,1,5,1,
5,17,-22,0,60,21,1,5,1,
5,19,126,405,98,36,1,5,1,
5,20,555,245,59,32,1,5,1,
5,21,259,441,93,33,1,5,1,
5,22,412,57,37,61,1,5,1,
5,23,71,80,69,41,1,5,1,
5,24,317,380,36,58,1,5,1,
5,25,669,236,146,30,1,5,1,
5,26,795,400,63,20,1,5,1,
5,27,753,273,107,22,1,5,1,
5,28,789,336,26,16,1,5,1,
5,29,634,0,50,21,1,5,1,
5,30,916,211,30,20,1,5,1,
5,31,624,0,56,21,1,5,1,
5,32,287,0,42,27,1,5,1,
5,33,301,203,70,17,1,5,1,
5,34,434,392,42,11,1,5,1,
5,35,670,411,93,32,1,5,1,
5,36,12,0,64,48,1,5,1,
5,37,368,390,34,19,1,5,1,
5,38,364,396,102,25,1,5,1,
5,39,695,142,17,25,1,5,1,
5,40,425,44,47,14,1,5,1,
5,41,505,0,28,25,1,5,1,
5,42,348,97,94,55,1,5,1,
6,1,626,187,37,12,1,5,1,
6,2,430,519,33,25,1,5,1,
6,3,211,424,67,17,1,5,1,
6,5,864,459,81,29,1,5,1,
6,6,326,98,12,26,1,5,1,
6,7,765,476,56,15,1,5,1,
6,8,546,457,53,21,1,5,1,
6,9,340,295,54,25,1,5,1,
6,10,-32,94,96,22,1,5,1,
6,11,426,140,41,42,1,5,1,
6,12,-105,374,161,42,1,5,1,
6,13,894,469,58,21,1,5,1,
6,14,821,207,136,31,1,5,1,
6,15,132,146,41,31,1,5,1,
6,16,678,227,21,18,1,5,1,
6,17,-31,-2,63,20,1,5,1,
6,19,111,407,99,39,1,5,1,
6,20,542,246,74,32,1,5,1,
6,21,265,440,96,30,1,5,1,
6,22,412,64,39,57,1,5,1,
6,23,84,74,58,45,1,5,1,
6,24,318,384,38,57,1,5,1,
6,25,662,237,138,29,1,5,1,
6,26,790,398,59,20,1,5,1,
6,27,759,273,110,22,1,5,1,
6,28,783,336,33,16,1,5,1,
6,29,638,0,48,26,1,5,1,
6,30,914,212,27,19,1,5,1,
6,31,619,0,55,25,1,5,1,
6,32,287,0,36,35,1,5,1,
6,33,308,203,69,17,1,5,1,
6,34,440,392,40,12,1,5,1,
6,35,666,407,84,33,1,5,1,
6,36,11,0,75,53,1,5,1,
6,37,372,391,34,19,1,5,1,
6,38,375,396,101,25,1,5,1,
6,39,694,145,19,24,1,5,1,
6,40,419,44,48,15,1,5,1,
6,41,502,0,27,29,1,5,1,
6,42,349,97,78,59,1,5,1,
7,1,630,188,38,12,1,5,1,
7,3,218,424,66,15,1,5,1,
7,4,741,0,31,9,1,5,1,
7,5,860,457,77,29,1,5,1,
7,6,327,100,12,27,1,5,1,
7,7,758,474,58,17,1,5,1,
7,8,543,455,50,22,1,5,1,
7,9,338,296,49,26,1,5,1,
7,10,-39,92,95,23,1,5,1,
7,11,427,137,42,43,1,5,1,
7,13,891,468,55,21,1,5,1,
7,14,814,208,126,31,1,5,1,
7,15,132,144,45,32,1,5,1,
7,16,680,228,20,17,1,5,1,
7,17,-38,-5,63,21,1,5,1,
7,19,96,409,100,43,1,5,1,
7,20,541,246,66,33,1,5,1,
7,21,272,439,97,27,1,5,1,
7,22,412,70,43,53,1,5,1,
7,23,86,67,57,49,1,5,1,
7,24,317,387,41,57,1,5,1,
7,25,656,237,129,29,1,5,1,
7,26,786,396,54,19,1,5,1,
7,27,766,273,112,22,1,5,1,
7,28,776,335,41,16,1,5,1,
7,29,643,0,44,32,1,5,1,
7,30,913,212,25,20,1,5,1,
7,31,614,0,55,28,1,5,1,
7,32,287,0,31,43,1,5,1,
7,33,315,203,69,17,1,5,1,
7,34,444,393,42,11,1,5,1,
7,35,663,404,75,33,1,5,1,
7,36,9,0,86,58,1,5,1,
7,37,375,393,36,19,1,5,1,
7,38,385,396,101,25,1,5,1,
7,39,692,148,23,23,1,5,1,
7,40,413,43,49,19,1,5,1,
7,41,500,0,25,33,1,5,1,
7,42,351,97,62,64,1,5,1,
8,1,635,189,38,11,1,5,1,
8,3,225,423,65,15,1,5,1,
8,4,733,0,34,10,1,5,1,
8,5,857,454,71,29,1,5,1,
8,6,328,102,12,29,1,5,1,
8,7,752,472,57,18,1,5,1,
8,8,541,452,46,24,1,5,1,
8,9,336,296,43,28,1,5,1,
8,10,-45,89,93,25,1,5,1,
8,11,429,133,43,44,1,5,1,
8,13,888,466,52,21,1,5,1,
8,14,808,210,115,30,1,5,1,
8,15,130,142,52,32,1,5,1,
8,16,682,228,19,17,1,5,1,
8,19,82,412,100,46,1,5,1,
8,20,543,246,53,33,1,5,1,
8,21,279,439,99,25,1,5,1,
8,22,412,77,46,48,1,5,1,
8,23,84,60,58,52,1,5,1,
8,24,311,390,54,56,1,5,1,
8,25,651,237,118,29,1,5,1,
8,26,782,395,50,18,1,5,1,
8,27,773,273,113,22,1,5,1,
8,28,769,334,48,17,1,5,1,
8,29,647,0,39,39,1,5,1,
8,30,914,213,24,19,1,5,1,
8,31,609,0,58,32,1,5,1,
8,32,286,0,28,51,1,5,1,
8,33,322,204,67,16,1,5,1,
8,34,449,393,43,11,1,5,1,
8,35,662,401,65,33,1,5,1,
8,36,12,0,93,63,1,5,1,
8,37,379,395,38,18,1,5,1,
8,38,396,397,100,24,1,5,1,
8,39,690,151,29,21,1,5,1,
8,40,408,42,48,23,1,5,1,
8,41,499,0,24,37,1,5,1,
8,42,350,98,50,68,1,5,1,
9,1,641,189,37,11,1,5,1,
9,3,232,423,63,15,1,5,1,
9,4,725,0,38,13,1,5,1,
9,5,854,452,66,28,1,5,1,
9,6,329,105,12,29,1,5,1,
9,7,746,469,57,19,1,5,1,
9,8,540,449,41,26,1,5,1,
9,9,336,297,35,29,1,5,1,
9,10,-51,86,91,27,1,5,1,
9,11,430,129,46,45,1,5,1,
9,13,885,464,49,20,1,5,1,
9,14,804,211,102,30,1,5,1,
9,15,132,139,57,33,1,5,1,
9,16,684,228,18,18,1,5,1,
9,19,68,416,99,49,1,5,1,
9,20,545,246,41,33,1,5,1,
9,21,287,438,99,25,1,5,1,
9,22,412,84,50,42,1,5,1,
9,23,85,55,61,53,1,5,1,
9,24,306,394,72,54,1,5,1,
9,25,648,238,106,28,1,5,1,
9,26,780,393,44,18,1,5,1,
9,27,782,273,111,22,1,5,1,
9,28,762,333,55,17,1,5,1,
9,29,650,0,34,45,1,5,1,
9,30,914,214,24,18,1,5,1,
9,31,605,0,59,35,1,5,1,
9,32,285,0,24,58,1,5,1,
9,33,329,204,66,16,1,5,1,
9,34,454,393,44,12,1,5,1,
9,35,661,398,56,33,1,5,1,
9,36,17,1,97,67,1,5,1,
9,37,382,396,41,18,1,5,1,
9,38,408,398,98,25,1,5,1,
9,39,692,152,29,20,1,5,1,
9,40,403,42,47,26,1,5,1,
9,41,498,0,21,41,1,5,1,
9,42,349,100,39,70,1,5,1,
10,1,646,189,34,12,1,5,1,
10,3,240,423,60,14,1,5,1,
10,4,717,0,41,18,1,5,1,
10,5,851,450,61,27,1,5,1,
10,6,329,108,16,29,1,5,1,
10,7,741,467,55,20,1,5,1,
10,8,539,446,37,27,1,5,1,
10,9,337,299,28,29,1,5,1,
10,10,-56,84,87,27,1,5,1,
10,11,425,125,63,46,1,5,1,
10,13,881,462,48,20,1,5,1,
10,14,801,212,89,29,1,5,1,
10,15,133,137,67,33,1,5,1,
10,16,685,229,18,17,1,5,1,
10,19,55,420,97,51,1,5,1,
10,20,547,246,39,34,1,5,1,
10,21,296,438,98,24,1,5,1,
10,22,413,91,56,36,1,5,1,
10,23,85,49,62,55,1,5,1,
10,24,303,398,88,51,1,5,1,
10,25,646,238,92,28,1,5,1,
10,26,777,391,40,18,1,5,1,
10,27,791,272,108,23,1,5,1,
10,28,754,332,61,17,1,5,1,
10,29,653,0,32,50,1,5,1,
10,30,914,215,24,18,1,5,1,
10,31,602,0,55,39,1,5,1,
10,32,285,0,24,66,1,5,1,
10,33,336,204,64,16,1,5,1,
10,34,460,394,44,11,1,5,1,
10,35,662,395,44,32,1,5,1,
10,36,25,7,98,65,1,5,1,
10,37,387,398,42,18,1,5,1,
10,38,418,398,100,26,1,5,1,
10,39,697,152,22,21,1,5,1,
10,40,399,42,44,30,1,5,1,
10,41,495,3,20,41,1,5,1,
10,42,349,103,34,72,1,5,1,
11,1,652,189,30,12,1,5,1,
11,3,247,423,57,15,1,5,1,
11,4,709,0,44,23,1,5,1,
11,5,848,447,57,27,1,5,1,
11,6,329,112,20,29,1,5,1,
11,7,737,464,53,21,1,5,1,
11,8,540,442,30,29,1,5,1,
11,9,339,301,22,28,1,5,1,
11,11,420,121,86,48,1,5,1,
11,13,878,460,46,20,1,5,1,
11,14,800,214,75,28,1,5,1,
11,15,135,135,77,34,1,5,1,
11,16,685,229,19,17,1,5,1,
11,19,42,424,95,54,1,5,1,
11,20,547,245,41,36,1,5,1,
11,21,304,438,98,24,1,5,1,
11,22,417,94,59,33,1,5,1,
11,23,88,45,63,54,1,5,1,
11,24,302,402,104,48,1,5,1,
11,25,645,239,78,27,1,5,1,
11,26,775,389,36,17,1,5,1,
11,27,802,272,102,22,1,5,1,
11,28,747,331,65,17,1,5,1,
11,29,652,0,40,52,1,5,1,
11,30,913,215,24,18,1,5,1,
11,31,600,0,49,42,1,5,1,
11,32,287,0,23,73,1,5,1,
11,33,342,204,62,17,1,5,1,
11,34,465,394,44,11,1,5,1,
11,35,662,393,35,30,1,5,1,
11,36,34,13,98,63,1,5,1,
11,37,391,399,45,18,1,5,1,
11,38,428,399,99,26,1,5,1,
11,39,702,152,17,22,1,5,1,
11,40,395,43,42,33,1,5,1,
11,41,493,8,18,39,1,5,1,
11,42,351,107,33,72,1,5,1,
12,1,657,189,27,13,1,5,1,
12,3,254,423,54,15,1,5,1,
12,4,701,0,48,28,1,5,1,
12,5,845,445,54,26,1,5,1,
12,6,330,115,24,28,1,5,1,
12,7,733,462,50,21,1,5,1,
12,8,540,439,25,30,1,5,1,
12,9,338,302,23,28,1,5,1,
12,11,417,118,108,48,1,5,1,
12,13,874,458,45,19,1,5,1,
12,14,800,216,62,27,1,5,1,
12,15,138,133,87,35,1,5,1,
12,16,685,229,19,17,1,5,1,
12,19,32,429,90,56,1,5,1,
12,20,547,245,42,37,1,5,1,
12,21,313,437,97,25,1,5,1,
12,22,422,96,60,32,1,5,1,
12,23,92,40,65,54,1,5,1,
12,24,303,406,118,44,1,5,1,
12,25,646,239,63,27,1,5,1,
12,26,773,388,32,16,1,5,1,
12,27,812,272,95,22,1,5,1,
12,28,740,329,69,18,1,5,1,
12,29,650,0,50,55,1,5,1,
12,30,912,215,24,18,1,5,1,
12,31,599,1,42,45,1,5,1,
12,32,290,5,22,75,1,5,1,
12,33,348,205,62,17,1,5,1,
12,34,471,394,44,12,1,5,1,
12,35,661,391,28,28,1,5,1,
12,36,44,20,96,59,1,5,1,
12,37,396,401,46,18,1,5,1,
12,38,439,398,98,27,1,5,1,
12,39,704,153,16,21,1,5,1,
12,40,392,45,38,35,1,5,1,
12,41,491,14,16,37,1,5,1,
12,42,354,112,32,72,1,5,1,
13,1,661,189,26,13,1,5,1,
13,3,260,423,51,16,1,5,1,
13,4,694,0,50,33,1,5,1,
13,5,846,444,45,25,1,5,1,
13,6,332,118,26,28,1,5,1,
13,7,729,460,48,21,1,5,1,
13,8,541,436,20,30,1,5,1,
13,9,338,304,24,26,1,5,1,
13,11,416,115,129,49,1,5,1,
13,13,872,456,42,19,1,5,1,
13,14,802,217,47,27,1,5,1,
13,15,142,131,97,36,1,5,1,
13,16,685,229,19,17,1,5,1,
13,19,22,434,85,58,1,5,1,
13,20,549,245,43,39,1,5,1,
13,21,321,437,96,25,1,5,1,
13,22,426,99,62,31,1,5,1,
13,23,91,36,73,53,1,5,1,
13,24,305,409,131,42,1,5,1,
13,25,648,240,49,26,1,5,1,
13,26,772,386,28,16,1,5,1,
13,27,824,271,85,23,1,5,1,
13,28,733,328,72,18,1,5,1,
13,29,653,4,55,53,1,5,1,
13,30,911,216,25,17,1,5,1,
13,31,598,5,36,44,1,5,1,
13,32,290,13,26,74,1,5,1,
13,33,354,205,62,17,1,5,1,
13,34,476,395,45,11,1,5,1,
13,35,661,389,21,26,1,5,1,
13,36,54,26,94,56,1,5,1,
13,37,399,403,51,17,1,5,1,
13,38,449,397,100,28,1,5,1,
13,39,703,153,16,22,1,5,1,
13,40,390,48,34,36,1,5,1,
13,41,491,19,13,35,1,5,1,
13,42,356,117,33,70,1,5,1,
14,1,665,189,25,13,1,5,1,
14,3,267,424,46,16,1,5,1,
14,4,687,0,56,39,1,5,1,
14,5,847,442,37,24,1,5,1,
14,6,334,122,30,27,1,5,1,
14,7,727,458,44,20,1,5,1,
14,8,541,434,16,30,1,5,1,
14,9,339,305,25,26,1,5,1,
14,11,416,112,150,50,1,5,1,
14,13,869,455,41,18,1,5,1,
14,14,800,219,38,25,1,5,1,
14,15,149,130,103,36,1,5,1,
14,16,685,230,18,16,1,5,1,
14,19,15,439,77,60,1,5,1,
14,20,545,246,52,40,1,5,1,
14,21,328,437,96,24,1,5,1,
14,22,431,101,63,30,1,5,1,
14,23,85,32,95,53,1,5,1,
14,24,310,412,140,40,1,5,1,
14,25,646,241,40,25,1,5,1,
14,26,772,385,24,16,1,5,1,
14,27,835,271,75,22,1,5,1,
14,28,727,327,73,17,1,5,1,
14,29,657,10,62,48,1,5,1,
14,30,910,216,26,18,1,5,1,
14,31,598,9,29,42,1,5,1,
14,32,289,21,34,72,1,5,1,
14,33,360,206,62,16,1,5,1,
14,34,482,395,45,11,1,5,1,
14,35,662,387,21,24,1,5,1,
14,36,63,33,92,51,1,5,1,
14,37,404,406,54,16,1,5,1,
14,38,459,397,102,28,1,5,1,
14,39,703,154,16,22,1,5,1,
14,40,388,50,30,38,1,5,1,
14,41,491,24,13,33,1,5,1,
14,42,352,122,44,69,1,5,1,
15,1,669,190,25,12,1,5,1,
15,3,273,424,42,17,1,5,1,
15,4,681,0,60,44,1,5,1,
15,5,847,441,32,23,1,5,1,
15,6,337,126,32,25,1,5,1,
15,7,725,456,40,20,1,5,1,
15,8,541,431,13,30,1,5,1,
15,9,340,307,26,24,1,5,1,
15,11,419,110,168,51,1,5,1,
15,13,867,453,39,18,1,5,1,
15,14,800,220,29,24,1,5,1,
15,15,156,129,111,36,1,5,1,
15,16,685,230,18,16,1,5,1,
15,19,10,445,68,61,1,5,1,
15,20,539,246,73,42,1,5,1,
15,21,336,437,96,24,1,5,1,
15,22,436,103,64,29,1,5,1,
15,23,78,28,124,54,1,5,1,
15,24,316,412,147,40,1,5,1,
15,25,646,241,30,25,1,5,1,
15,26,772,384,20,15,1,5,1,
15,27,847,271,63,22,1,5,1,
15,28,721,325,73,18,1,5,1,
15,29,661,15,69,43,1,5,1,
15,30,909,217,26,17,1,5,1,
15,31,598,13,23,41,1,5,1,
15,32,289,29,41,69,1,5,1,
15,33,366,206,62,16,1,5,1,
15,34,487,395,45,11,1,5,1,
15,35,665,385,20,22,1,5,1,
15,36,74,39,88,46,1,5,1,
15,37,410,407,56,16,1,5,1,
15,38,469,398,104,27,1,5,1,
15,39,703,155,15,22,1,5,1,
15,40,388,54,24,39,1,5,1,
15,41,492,28,13,31,1,5,1,
15,42,349,128,55,66,1,5,1,
16,1,673,190,24,12,1,5,1,
16,3,279,423,36,19,1,5,1,
16,4,675,0,59,50,1,5,1,
16,5,845,439,31,22,1,5,1,
16,6,340,129,34,24,1,5,1,
16,7,724,454,35,20,1,5,1,
16,8,543,429,11,28,1,5,1,
16,9,337,308,32,24,1,5,1,
16,11,423,108,185,51,1,5,1,
16,13,864,451,38,18,1,5,1,
16,14,800,222,29,22,1,5,1,
16,15,163,127,119,37,1,5,1,
16,16,684,231,18,15,1,5,1,
16,19,7,451,57,62,1,5,1,
16,20,535,246,93,44,1,5,1,
16,21,344,436,95,24,1,5,1,
16,22,443,104,61,29,1,5,1,
16,23,75,26,152,54,1,5,1,
16,24,324,412,152,40,1,5,1,
16,25,647,242,30,24,1,5,1,
16,26,772,383,16,14,1,5,1,
16,27,858,271,50,22,1,5,1,
16,28,716,324,72,18,1,5,1,
16,29,668,18,71,42,1,5,1,
16,30,908,218,27,16,1,5,1,
16,31,598,17,18,39,1,5,1,
16,32,290,38,47,65,1,5,1,
16,33,372,206,62,16,1,5,1,
16,34,493,395,45,11,1,5,1,
16,35,667,384,21,20,1,5,1,
16,36,83,45,85,41,1,5,1,
16,37,417,408,56,16,1,5,1,
16,38,479,398,105,28,1,5,1,
16,39,703,156,15,21,1,5,1,
16,40,387,57,20,40,1,5,1,
16,41,490,31,17,31,1,5,1,
16,42,349,134,64,62,1,5,1,
17,1,676,191,24,12,1,5,1,
17,3,284,423,31,22,1,5,1,
17,4,670,3,56,51,1,5,1,
17,5,844,437,30,22,1,5,1,
17,6,344,132,35,23,1,5,1,
17,7,723,452,31,20,1,5,1,
17,8,545,428,11,26,1,5,1,
17,9,335,309,42,23,1,5,1,
17,11,431,106,196,52,1,5,1,
17,13,861,450,37,17,1,5,1,
17,14,800,222,28,23,1,5,1,
17,15,173,126,124,38,1,5,1,
17,16,684,231,19,15,1,5,1,
17,19,8,457,43,62,1,5,1,
17,20,533,247,113,44,1,5,1,
17,21,352,436,95,24,1,5,1,
17,22,448,105,61,29,1,5,1,
17,23,78,24,171,55,1,5,1,
17,24,334,412,153,38,1,5,1,
17,25,650,242,28,24,1,5,1,
17,26,773,382,14,14,1,5,1,
17,27,869,271,37,22,1,5,1,
17,28,712,323,69,18,1,5,1,
17,29,673,23,77,39,1,5,1,
17,30,906,218,28,16,1,5,1,
17,31,598,20,14,38,1,5,1,
17,32,292,46,53,61,1,5,1,
17,33,378,207,61,16,1,5,1,
17,34,499,395,45,11,1,5,1,
17,35,665,383,29,19,1,5,1,
17,36,93,51,81,35,1,5,1,
17,37,424,408,57,17,1,5,1,
17,38,489,399,107,28,1,5,1,
17,39,703,157,15,21,1,5,1,
17,40,387,61,15,40,1,5,1,
17,41,489,35,21,29,1,5,1,
17,42,350,140,72,59,1,5,1,
18,1,680,191,22,12,1,5,1,
18,3,287,424,31,23,1,5,1,
18,4,666,7,52,52,1,5,1,
18,5,842,435,29,22,1,5,1,
18,6,348,136,37,21,1,5,1,
18,7,722,450,27,19,1,5,1,
18,8,546,427,12,24,1,5,1,
18,9,334,310,52,23,1,5,1,
18,11,441,105,205,53,1,5,1,
18,13,858,448,37,17,1,5,1,
18,14,800,223,28,22,1,5,1,
18,15,184,125,127,38,1,5,1,
18,16,683,232,19,14,1,5,1,
18,19,7,463,42,62,1,5,1,
18,20,532,247,134,45,1,5,1,
18,21,359,435,95,24,1,5,1,
18,22,454,107,58,29,1,5,1,
18,23,88,22,181,56,1,5,1,
18,24,346,411,152,38,1,5,1,
18,25,653,243,27,23,1,5,1,
18,26,775,382,14,12,1,5,1,
18,27,875,271,31,21,1,5,1,
18,28,708,321,66,19,1,5,1,
18,29,678,27,82,37,1,5,1,
18,30,905,219,28,15,1,5,1,
18,31,597,23,14,37,1,5,1,
18,32,296,54,57,56,1,5,1,
18,33,384,207,60,16,1,5,1,
18,34,505,395,44,11,1,5,1,
18,35,665,382,36,18,1,5,1,
18,36,102,57,77,29,1,5,1,
18,37,431,410,58,16,1,5,1,
18,38,499,400,109,28,1,5,1,
18,39,703,158,15,21,1,5,1,
18,40,387,65,11,40,1,5,1,
18,41,489,38,25,27,1,5,1,
18,42,352,145,79,55,1,5,1,
19,1,683,192,22,12,1,5,1,
19,3,288,426,34,22,1,5,1,
19,4,663,12,47,52,1,5,1,
19,5,841,433,28,21,1,5,1,
19,6,353,139,37,18,1,5,1,
19,7,722,448,22,18,1,5,1,
19,8,546,426,16,22,1,5,1,
19,9,333,310,61,23,1,5,1,
19,11,453,102,210,55,1,5,1,
19,13,855,446,36,18,1,5,1,
19,14,800,224,28,21,1,5,1,
19,15,195,124,132,38,1,5,1,
19,16,681,232,24,14,1,5,1,
19,19,5,470,45,60,1,5,1,
19,20,533,248,153,45,1,5,1,
19,21,367,435,94,24,1,5,1,
19,22,459,108,57,29,1,5,1,
19,23,101,20,188,57,1,5,1,
19,24,358,410,151,38,1,5,1,
19,25,651,243,35,23,1,5,1,
19,26,777,381,13,12,1,5,1,
19,27,875,271,32,21,1,5,1,
19,28,705,320,63,18,1,5,1,
19,29,684,33,87,33,1,5,1,
19,30,904,220,23,15,1,5,1,
19,31,597,26,14,36,1,5,1,
19,32,300,62,62,51,1,5,1,
19,33,390,207,60,16,1,5,1,
19,34,511,394,44,11,1,5,1,
19,35,665,381,43,18,1,5,1,
19,36,112,62,72,24,1,5,1,
19,37,438,411,59,16,1,5,1,
19,38,510,400,109,29,1,5,1,
19,39,703,159,15,21,1,5,1,
19,40,387,69,11,40,1,5,1,
19,41,490,41,29,25,1,5,1,
19,42,355,151,85,51,1,5,1,
20,1,687,192,21,12,1,5,1,
20,3,291,427,35,23,1,5,1,
20,4,660,17,43,51,1,5,1,
20,5,839,431,28,21,1,5,1,
20,6,357,142,38,16,1,5,1,
20,7,722,447,18,16,1,5,1,
20,8,546,426,20,19,1,5,1,
20,9,333,311,71,23,1,5,1,
20,11,468,101,210,56,1,5,1,
20,13,852,445,36,17,1,5,1,
20,14,800,225,28,21,1,5,1,
20,15,207,123,135,39,1,5,1,
20,16,680,232,23,15,1,5,1,
20,19,7,476,46,59,1,5,1,
20,20,536,248,170,46,1,5,1,
20,21,375,434,93,24,1,5,1,
20,22,463,110,59,28,1,5,1,
20,23,114,19,195,57,1,5,1,
20,24,371,410,149,38,1,5,1,
20,25,649,243,45,24,1,5,1,
20,26,779,379,14,12,1,5,1,
20,27,875,271,32,21,1,5,1,
20,28,703,319,57,18,1,5,1,
20,29,692,35,88,32,1,5,1,
20,30,903,220,22,15,1,5,1,
20,31,597,29,13,34,1,5,1,
20,32,305,69,65,46,1,5,1,
20,33,396,208,60,15,1,5,1,
20,34,517,394,43,11,1,5,1,
20,35,666,380,50,18,1,5,1,
20,36,120,65,67,21,1,5,1,
20,37,446,411,59,17,1,5,1,
20,38,521,401,110,28,1,5,1,
20,39,703,160,16,20,1,5,1,
20,40,388,74,11,39,1,5,1,
20,41,492,44,32,24,1,5,1,
20,42,360,156,89,46,1,5,1,
21,1,690,193,20,11,1,5,1,
21,3,293,429,37,22,1,5,1,
21,4,659,23,37,49,1,5,1,
21,5,837,430,27,20,1,5,1,
21,6,362,145,38,14,1,5,1,
21,7,721,445,15,15,1,5,1,
21,8,547,425,23,17,1,5,1,
21,9,335,312,78,23,1,5,1,
21,11,486,100,207,57,1,5,1,
21,13,849,443,36,17,1,5,1,
21,14,801,225,27,21,1,5,1,
21,15,219,122,139,39,1,5,1,
21,16,679,233,23,14,1,5,1,
21,19,12,482,47,56,1,5,1,
21,20,541,248,184,47,1,5,1,
21,21,383,433,91,24,1,5,1,
21,22,468,112,59,27,1,5,1,
21,23,130,17,199,58,1,5,1,
21,24,383,409,147,38,1,5,1,
21,25,649,244,54,23,1,5,1,
21,26,779,378,17,12,1,5,1,
21,27,875,271,31,21,1,5,1,
21,28,701,318,52,17,1,5,1,
21,29,701,36,87,32,1,5,1,
21,30,902,221,21,15,1,5,1,
21,31,597,31,13,34,1,5,1,
21,32,311,75,68,41,1,5,1,
21,33,401,208,60,16,1,5,1,
21,34,522,394,44,11,1,5,1,
21,35,670,379,52,18,1,5,1,
21,36,129,65,60,20,1,5,1,
21,37,453,412,60,17,1,5,1,
21,38,532,402,111,28,1,5,1,
21,39,704,161,15,20,1,5,1,
21,40,387,79,13,37,1,5,1,
21,41,494,47,36,22,1,5,1,
21,42,365,161,94,41,1,5,1,
22,1,692,193,21,12,1,5,1,
22,3,295,430,40,23,1,5,1,
22,4,658,28,31,47,1,5,1,
22,5,836,428,26,20,1,5,1,
22,6,368,147,38,12,1,5,1,
22,7,721,443,11,15,1,5,1,
22,8,547,425,27,14,1,5,1,
22,9,338,312,85,24,1,5,1,
22,11,505,101,204,56,1,5,1,
22,13,846,442,35,16,1,5,1,
22,14,801,226,27,21,1,5,1,
22,15,232,121,141,39,1,5,1,
22,16,678,233,22,14,1,5,1,
22,19,8,489,58,52,1,5,1,
22,20,549,249,195,47,1,5,1,
22,21,391,433,90,23,1,5,1,
22,22,473,114,59,26,1,5,1,
22,23,152,20,197,57,1,5,1,
22,24,395,408,146,38,1,5,1,
22,25,649,244,63,23,1,5,1,
22,26,781,377,17,12,1,5,1,
22,27,876,271,30,20,1,5,1,
22,28,700,317,46,16,1,5,1,
22,29,711,37,85,32,1,5,1,
22,30,901,221,21,15,1,5,1,
22,31,597,34,13,33,1,5,1,
22,32,318,81,69,36,1,5,1,
22,33,407,208,60,16,1,5,1,
22,34,528,394,43,11,1,5,1,
22,35,677,378,51,18,1,5,1,
22,36,137,64,54,20,1,5,1,
22,37,461,413,61,16,1,5,1,
22,38,544,402,111,29,1,5,1,
22,39,704,162,15,20,1,5,1,
22,40,386,83,17,36,1,5,1,
22,41,498,48,36,21,1,5,1,
22,42,371,165,97,37,1,5,1,
23,1,695,194,21,11,1,5,1,
23,3,298,432,42,22,1,5,1,
23,4,658,34,25,44,1,5,1,
23,5,835,426,25,20,1,5,1,
23,6,372,150,38,10,1,5,1,
23,7,721,442,11,14,1,5,1,
23,8,550,424,27,14,1,5,1,
23,9,342,313,90,23,1,5,1,
23,11,524,101,197,57,1,5,1,
23,13,844,440,34,16,1,5,1,
23,14,804,227,26,19,1,5,1,
23,15,246,122,144,40,1,5,1,
23,16,677,234,21,13,1,5,1,
23,19,6,495,77,47,1,5,1,
23,20,558,249,203,48,1,5,1,
23,21,399,432,88,23,1,5,1,
23,22,478,115,59,26,1,5,1,
23,23,169,19,201,57,1,5,1,
23,24,407,409,146,38,1,5,1,
23,25,654,244,65,23,1,5,1,
23,26,783,376,17,12,1,5,1,
23,27,876,271,30,20,1,5,1,
23,28,700,316,40,16,1,5,1,
23,29,720,38,84,32,1,5,1,
23,30,900,222,21,14,1,5,1,
23,31,597,36,13,33,1,5,1,
23,32,325,85,70,31,1,5,1,
23,33,413,208,59,16,1,5,1,
23,34,534,394,43,11,1,5,1,
23,35,683,378,50,17,1,5,1,
23,36,145,62,46,20,1,5,1,
23,37,469,413,62,16,1,5,1,
23,38,555,402,112,29,1,5,1,
23,39,704,163,15,20,1,5,1,
23,40,386,88,21,33,1,5,1,
23,41,502,49,36,21,1,5,1,
23,42,378,169,99,33,1,5,1,
24,1,698,194,20,12,1,5,1,
24,3,301,434,44,21,1,5,1,
24,4,658,39,19,42,1,5,1,
24,5,834,425,24,19,1,5,1,
24,6,377,151,38,10,1,5,1,
24,7,721,440,11,14,1,5,1,
24,8,553,422,26,15,1,5,1,
24,9,348,313,93,23,1,5,1,
24,11,546,99,182,60,1,5,1,
24,13,841,439,34,15,1,5,1,
24,14,807,227,26,19,1,5,1,
24,15,260,122,146,40,1,5,1,
24,16,676,234,20,14,1,5,1,
24,19,7,501,97,42,1,5,1,
24,20,570,249,207,48,1,5,1,
24,21,407,431,87,23,1,5,1,
24,22,483,117,60,25,1,5,1,
24,23,185,17,205,58,1,5,1,
24,24,419,408,144,38,1,5,1,
24,25,660,244,65,23,1,5,1,
24,26,786,375,16,12,1,5,1,
24,27,876,271,31,20,1,5,1,
24,28,700,315,34,15,1,5,1,
24,29,729,39,83,32,1,5,1,
24,30,899,222,21,14,1,5,1,
24,31,597,39,13,32,1,5,1,
24,32,332,89,71,27,1,5,1,
24,33,419,209,59,15,1,5,1,
24,34,540,393,41,11,1,5,1,
24,35,689,377,49,17,1,5,1,
24,36,152,59,39,21,1,5,1,
24,37,477,414,62,16,1,5,1,
24,38,566,404,114,29,1,5,1,
24,39,705,164,15,19,1,5,1,
24,40,386,92,25,31,1,5,1,
24,41,506,50,35,22,1,5,1,
24,42,386,172,100,30,1,5,1,
25,1,701,195,20,11,1,5,1,
25,3,304,435,46,22,1,5,1,
25,4,657,44,15,39,1,5,1,
25,5,833,423,23,19,1,5,1,
25,6,383,151,37,10,1,5,1,
25,7,721,439,11,14,1,5,1,
25,8,557,421,24,15,1,5,1,
25,9,356,313,93,24,1,5,1,
25,11,565,99,177,61,1,5,1,
25,13,838,437,34,16,1,5,1,
25,14,808,228,30,18,1,5,1,
25,15,275,121,147,40,1,5,1,
25,16,675,234,19,14,1,5,1,
25,19,14,505,107,38,1,5,1,
25,20,585,249,206,49,1,5,1,
25,21,414,430,87,23,1,5,1,
25,22,488,118,60,25,1,5,1,
25,23,202,16,208,59,1,5,1,
25,24,433,409,138,36,1,5,1,
25,25,666,244,64,23,1,5,1,
25,26,789,374,15,12,1,5,1,
25,27,877,271,30,20,1,5,1,
25,28,700,315,28,14,1,5,1,
25,29,739,40,80,32,1,5,1,
25,30,899,223,20,14,1,5,1,
25,31,597,41,13,31,1,5,1,
25,32,340,93,71,24,1,5,1,
25,33,424,209,59,15,1,5,1,
25,34,546,393,41,11,1,5,1,
25,35,696,376,47,18,1,5,1,
25,36,158,56,31,21,1,5,1,
25,37,485,415,63,16,1,5,1,
25,38,578,406,116,29,1,5,1,
25,39,706,165,14,19,1,5,1,
25,40,387,96,29,28,1,5,1,
25,41,509,52,35,21,1,5,1,
25,42,394,175,101,27,1,5,1,
26,1,704,195,20,11,1,5,1,
26,3,307,436,47,22,1,5,1,
26,4,657,49,14,36,1,5,1,
26,5,832,422,23,18,1,5,1,
26,6,389,151,36,10,1,5,1,
26,7,721,437,11,14,1,5,1,
26,8,560,420,23,15,1,5,1,
26,9,363,313,94,24,1,5,1,
26,11,583,100,171,61,1,5,1,
26,13,836,436,33,15,1,5,1,
26,14,808,228,36,19,1,5,1,
26,15,289,121,149,40,1,5,1,
26,16,674,235,19,13,1,5,1,
26,19,33,505,96,38,1,5,1,
26,20,602,249,201,49,1,5,1,
26,21,422,430,85,22,1,5,1,
26,22,493,119,60,25,1,5,1,
26,23,220,15,211,59,1,5,1,
26,24,448,409,131,35,1,5,1,
26,25,673,245,62,22,1,5,1,
26,26,791,374,15,11,1,5,1,
26,27,877,271,30,20,1,5,1,
26,28,698,314,24,14,1,5,1,
26,29,748,41,79,32,1,5,1,
26,30,898,223,20,14,1,5,1,
26,31,597,43,13,31,1,5,1,
26,32,347,95,71,22,1,5,1,
26,33,430,209,59,15,1,5,1,
26,34,551,393,41,11,1,5,1,
26,35,702,376,46,17,1,5,1,
26,36,164,52,26,23,1,5,1,
26,37,493,416,64,16,1,5,1,
26,38,590,406,116,29,1,5,1,
26,39,706,166,15,19,1,5,1,
26,40,389,100,31,26,1,5,1,
26,41,513,53,35,21,1,5,1,
26,42,402,175,102,26,1,5,1,
27,1,706,196,20,11,1,5,1,
27,3,311,438,48,22,1,5,1,
27,4,658,54,14,32,1,5,1,
27,5,831,420,22,18,1,5,1,
27,6,394,151,35,10,1,5,1,
27,7,722,436,10,13,1,5,1,
27,8,563,419,22,15,1,5,1,
27,9,371,313,94,24,1,5,1,
27,11,602,101,164,61,1,5,1,
27,13,833,434,33,15,1,5,1,
27,14,812,228,35,19,1,5,1,
27,15,305,120,150,41,1,5,1,
27,16,674,235,17,13,1,5,1,
27,19,45,507,95,36,1,5,1,
27,20,620,249,194,49,1,5,1,
27,21,429,429,84,23,1,5,1,
27,22,498,121,60,23,1,5,1,
27,23,238,14,213,60,1,5,1,
27,24,464,408,121,35,1,5,1,
27,25,679,245,61,22,1,5,1,
27,26,793,373,15,11,1,5,1,
27,27,878,271,29,20,1,5,1,
27,28,697,313,19,14,1,5,1,
27,29,757,42,76,32,1,5,1,
27,30,897,224,20,13,1,5,1,
27,31,598,45,13,31,1,5,1,
27,32,355,97,71,19,1,5,1,
27,33,436,209,58,15,1,5,1,
27,34,557,392,40,11,1,5,1,
27,35,708,375,44,17,1,5,1,
27,36,164,48,26,26,1,5,1,
27,37,501,417,64,16,1,5,1,
27,38,602,405,115,29,1,5,1,
27,39,707,167,14,18,1,5,1,
27,40,391,103,34,24,1,5,1,
27,41,516,55,35,21,1,5,1,
27,42,410,175,102,26,1,5,1,
28,1,709,196,20,11,1,5,1,
28,3,315,439,49,22,1,5,1,
28,4,659,58,14,29,1,5,1,
28,5,830,419,22,18,1,5,1,
28,6,399,150,34,10,1,5,1,
28,7,722,434,10,13,1,5,1,
28,8,563,418,26,14,1,5,1,
28,9,379,313,95,24,1,5,1,
28,11,620,102,156,61,1,5,1,
28,13,830,433,33,15,1,5,1,
28,14,815,229,35,18,1,5,1,
28,15,320,120,151,40,1,5,1,
28,16,673,235,17,13,1,5,1,
28,19,55,511,97,32,1,5,1,
28,20,636,249,192,49,1,5,1,
28,21,436,429,85,23,1,5,1,
28,22,503,122,60,23,1,5,1,
28,23,257,13,215,60,1,5,1,
28,24,476,406,117,35,1,5,1,
28,25,685,245,59,22,1,5,1,
28,26,796,372,14,12,1,5,1,
28,27,878,271,29,19,1,5,1,
28,28,696,313,17,14,1,5,1,
28,29,765,43,75,32,1,5,1,
28,30,897,224,19,14,1,5,1,
28,31,598,48,13,29,1,5,1,
28,32,363,97,70,18,1,5,1,
28,33,441,209,58,15,1,5,1,
28,34,562,392,40,11,1,5,1,
28,35,713,374,44,17,1,5,1,
28,36,165,46,26,25,1,5,1,
28,37,509,416,65,17,1,5,1,
28,38,614,405,115,29,1,5,1,
28,39,708,168,14,18,1,5,1,
28,40,394,106,37,21,1,5,1,
28,41,520,57,34,20,1,5,1,
28,42,418,175,101,26,1,5,1,
29,1,712,197,20,11,1,5,1,
29,3,319,441,50,22,1,5,1,
29,4,658,62,17,26,1,5,1,
29,5,829,417,21,18,1,5,1,
29,6,404,150,33,10,1,5,1,
29,7,722,433,11,13,1,5,1,
29,8,564,418,30,13,1,5,1,
29,9,387,314,95,24,1,5,1,
29,11,636,103,152,61,1,5,1,
29,13,828,431,32,15,1,5,1,
29,14,819,229,34,18,1,5,1,
29,15,335,119,152,41,1,5,1,
29,16,672,236,16,13,1,5,1,
29,19,67,514,98,30,1,5,1,
29,20,651,249,192,48,1,5,1,
29,21,442,429,87,23,1,5,1,
29,22,508,123,59,23,1,5,1,
29,23,277,13,215,60,1,5,1,
29,24,487,404,113,35,1,5,1,
29,25,691,245,58,22,1,5,1,
29,26,798,371,14,12,1,5,1,
29,27,878,271,29,19,1,5,1,
29,28,696,312,16,14,1,5,1,
29,29,773,44,74,33,1,5,1,
29,30,896,225,19,13,1,5,1,
29,31,599,50,12,29,1,5,1,
29,32,370,96,70,19,1,5,1,
29,33,447,210,58,14,1,5,1,
29,34,567,392,40,10,1,5,1,
29,35,719,373,42,17,1,5,1,
29,36,165,43,27,26,1,5,1,
29,37,518,416,65,17,1,5,1,
29,38,626,405,115,29,1,5,1,
29,39,709,169,14,18,1,5,1,
29,40,398,109,38,19,1,5,1,
29,41,523,59,35,19,1,5,1,
29,42,425,175,102,26,1,5,1,
30,1,715,197,19,11,1,5,1,
30,3,323,442,52,22,1,5,1,
30,4,659,64,17,26,1,5,1,
30,5,828,416,21,17,1,5,1,
30,6,409,149,33,10,1,5,1,
30,7,722,431,11,13,1,5,1,
30,8,565,417,33,13,1,5,1,
30,9,395,314,95,24,1,5,1,
30,11,652,105,146,60,1,5,1,
30,13,825,430,32,15,1,5,1,
30,14,822,229,34,18,1,5,1,
30,15,351,119,153,41,1,5,1,
30,16,672,236,15,13,1,5,1,
30,19,79,517,97,27,1,5,1,
30,20,666,249,191,48,1,5,1,
30,21,448,429,88,23,1,5,1,
30,22,513,124,59,23,1,5,1,
30,23,297,12,216,61,1,5,1,
30,24,498,403,109,34,1,5,1,
30,25,697,245,56,22,1,5,1,
30,26,800,370,14,12,1,5,1,
30,27,878,271,29,19,1,5,1,
30,28,696,312,16,13,1,5,1,
30,29,782,45,72,33,1,5,1,
30,30,895,225,20,13,1,5,1,
30,31,599,52,13,29,1,5,1,
30,32,377,96,70,19,1,5,1,
30,33,453,210,57,14,1,5,1,
30,34,572,391,40,11,1,5,1,
30,35,724,373,42,16,1,5,1,
30,36,166,41,27,26,1,5,1,
30,37,527,416,65,16,1,5,1,
30,38,638,406,115,29,1,5,1,
30,39,709,170,14,17,1,5,1,
30,40,401,112,40,16,1,5,1,
30,41,527,60,34,20,1,5,1,
30,42,433,175,102,26,1,5,1,
31,1,717,198,19,11,1,5,1,
31,3,328,443,52,23,1,5,1,
31,4,661,66,16,25,1,5,1,
31,5,827,415,21,17,1,5,1,
31,6,414,149,32,10,1,5,1,
31,7,723,430,10,13,1,5,1,
31,8,566,417,37,12,1,5,1,
31,9,403,314,96,24,1,5,1,
31,11,670,106,142,58,1,5,1,
31,12,0,519,37,25,1,5,1,
31,13,823,429,31,14,1,5,1,
31,14,826,230,33,17,1,5,1,
31,15,366,119,155,41,1,5,1,
31,16,671,236,16,13,1,5,1,
31,18,0,262,57,52,1,5,1,
31,19,91,520,100,24,1,5,1,
31,20,682,249,189,48,1,5,1,
31,21,455,430,89,23,1,5,1,
31,22,518,124,58,23,1,5,1,
31,23,317,12,217,60,1,5,1,
31,24,509,401,105,34,1,5,1,
31,25,703,246,55,21,1,5,1,
31,26,802,370,14,11,1,5,1,
31,27,879,271,28,19,1,5,1,
31,28,697,312,16,13,1,5,1,
31,29,790,47,71,32,1,5,1,
31,30,895,225,19,14,1,5,1,
31,31,599,54,13,28,1,5,1,
31,32,384,96,70,19,1,5,1,
31,33,458,210,58,14,1,5,1,
31,34,578,391,39,11,1,5,1,
31,35,729,372,41,16,1,5,1,
31,36,167,38,27,27,1,5,1,
31,37,536,416,65,16,1,5,1,
31,38,650,406,116,29,1,5,1,
31,39,710,170,14,18,1,5,1,
31,40,406,114,41,15,1,5,1,
31,41,531,62,33,19,1,5,1,
31,42,441,175,102,26,1,5,1,
32,1,720,198,19,11,1,5,1,
32,3,332,444,53,23,1,5,1,
32,4,663,68,15,25,1,5,1,
32,5,826,413,21,17,1,5,1,
32,6,418,148,32,10,1,5,1,
32,7,723,429,10,12,1,5,1,
32,8,569,416,37,13,1,5,1,
32,9,411,314,96,24,1,5,1,
32,11,689,107,135,56,1,5,1,
32,12,0,514,62,30,1,5,1,
32,13,820,428,31,14,1,5,1,
32,14,829,230,32,18,1,5,1,
32,15,382,118,155,41,1,5,1,
32,16,671,237,15,12,1,5,1,
32,18,0,253,76,62,1,5,1,
32,19,104,523,103,21,1,5,1,
32,20,697,249,188,48,1,5,1,
32,21,462,430,89,23,1,5,1,
32,22,523,125,58,23,1,5,1,
32,23,337,12,218,61,1,5,1,
32,24,519,400,103,33,1,5,1,
32,25,708,246,54,21,1,5,1,
32,26,804,369,13,11,1,5,1,
32,27,879,271,28,19,1,5,1,
32,28,699,311,15,13,1,5,1,
32,29,798,48,69,32,1,5,1,
32,30,894,226,19,13,1,5,1,
32,31,599,56,13,28,1,5,1,
32,32,391,96,70,18,1,5,1,
32,33,463,210,58,14,1,5,1,
32,34,583,391,39,10,1,5,1,
32,35,734,371,41,17,1,5,1,
32,36,168,36,28,26,1,5,1,
32,37,545,416,65,17,1,5,1,
32,38,662,406,116,29,1,5,1,
32,39,711,171,14,18,1,5,1,
32,40,410,116,42,13,1,5,1,
32,41,534,63,34,19,1,5,1,
32,42,449,175,101,26,1,5,1,
33,1,723,199,18,10,1,5,1,
33,3,337,446,53,23,1,5,1,
33,4,664,70,15,25,1,5,1,
33,5,825,412,20,16,1,5,1,
33,6,422,147,32,11,1,5,1,
33,7,723,428,11,12,1,5,1,
33,8,572,416,38,12,1,5,1,
33,9,419,314,97,24,1,5,1,
33,11,705,108,129,56,1,5,1,
33,12,0,515,91,29,1,5,1,
33,13,818,426,31,14,1,5,1,
33,14,833,230,31,18,1,5,1,
33,15,398,118,156,41,1,5,1,
33,16,671,237,15,13,1,5,1,
33,18,0,253,96,62,1,5,1,
33,19,117,527,107,17,1,5,1,
33,20,712,249,188,48,1,5,1,
33,21,469,431,89,23,1,5,1,
33,22,528,126,57,23,1,5,1,
33,23,358,12,218,60,1,5,1,
33,24,528,398,101,33,1,5,1,
33,25,714,246,52,21,1,5,1,
33,26,806,368,13,11,1,5,1,
33,27,879,271,28,18,1,5,1,
33,28,700,311,15,13,1,5,1,
33,29,805,49,68,32,1,5,1,
33,30,894,226,18,13,1,5,1,
33,31,600,58,12,27,1,5,1,
33,32,398,95,70,19,1,5,1,
33,33,469,210,57,15,1,5,1,
33,34,588,390,39,11,1,5,1,
33,35,739,370,40,17,1,5,1,
33,36,169,33,28,27,1,5,1,
33,37,553,416,65,17,1,5,1,
33,38,674,406,117,30,1,5,1,
33,39,711,172,14,17,1,5,1,
33,40,415,117,42,12,1,5,1,
33,41,538,64,33,19,1,5,1,
33,42,457,175,101,26,1,5,1,
34,1,726,199,17,11,1,5,1,
34,3,342,447,53,24,1,5,1,
34,4,666,72,14,24,1,5,1,
34,5,825,411,20,16,1,5,1,
34,6,426,147,32,10,1,5,1,
34,7,724,426,10,12,1,5,1,
34,8,577,415,37,12,1,5,1,
34,9,427,314,97,24,1,5,1,
34,11,720,110,124,55,1,5,1,
34,13,815,425,31,14,1,5,1,
34,14,836,230,31,18,1,5,1,
34,15,414,118,157,41,1,5,1,
34,16,670,237,15,13,1,5,1,
34,18,0,248,116,78,1,5,1,
34,20,727,249,187,48,1,5,1,
34,21,476,432,90,23,1,5,1,
34,22,533,127,57,22,1,5,1,
34,23,378,11,219,61,1,5,1,
34,24,538,397,97,33,1,5,1,
34,25,719,246,51,21,1,5,1,
34,26,808,367,13,11,1,5,1,
34,27,880,271,27,18,1,5,1,
34,28,701,311,15,13,1,5,1,
34,29,813,50,67,32,1,5,1,
34,30,893,227,18,12,1,5,1,
34,31,600,59,12,28,1,5,1,
34,32,405,95,70,19,1,5,1,
34,33,475,210,56,15,1,5,1,
34,34,593,390,39,11,1,5,1,
34,35,744,370,39,16,1,5,1,
34,36,171,30,28,28,1,5,1,
34,37,562,416,65,17,1,5,1,
34,38,686,407,117,29,1,5,1,
34,39,712,173,14,17,1,5,1,
34,40,420,118,42,11,1,5,1,
34,41,541,65,33,19,1,5,1,
34,42,465,175,101,26,1,5,1,
35,1,728,200,17,10,1,5,1,
35,3,345,449,57,23,1,5,1,
35,4,667,74,14,24,1,5,1,
35,5,824,410,20,16,1,5,1,
35,6,430,146,33,10,1,5,1,
35,7,724,425,10,12,1,5,1,
35,8,581,415,36,12,1,5,1,
35,9,436,314,97,24,1,5,1,
35,11,734,112,119,54,1,5,1,
35,13,812,424,31,13,1,5,1,
35,14,840,231,29,17,1,5,1,
35,15,431,118,157,41,1,5,1,
35,16,670,237,15,13,1,5,1,
35,18,0,246,137,81,1,5,1,
35,20,742,249,186,48,1,5,1,
35,21,482,432,91,23,1,5,1,
35,22,538,128,56,22,1,5,1,
35,23,399,11,219,61,1,5,1,
35,24,547,395,95,33,1,5,1,
35,25,724,246,50,21,1,5,1,
35,26,810,367,13,11,1,5,1,
35,27,880,271,27,18,1,5,1,
35,28,702,310,15,13,1,5,1,
35,29,820,52,66,32,1,5,1,
35,30,892,227,19,13,1,5,1,
35,31,600,61,12,27,1,5,1,
35,32,412,95,70,19,1,5,1,
35,33,480,210,57,15,1,5,1,
35,34,599,390,38,10,1,5,1,
35,35,749,369,38,16,1,5,1,
35,36,172,28,28,27,1,5,1,
35,37,571,416,65,17,1,5,1,
35,38,699,407,117,29,1,5,1,
35,39,712,173,14,17,1,5,1,
35,40,425,118,42,11,1,5,1,
35,41,545,67,32,18,1,5,1,
35,42,473,175,101,26,1,5,1,
36,1,731,200,16,10,1,5,1,
36,3,350,451,58,23,1,5,1,
36,4,668,76,14,24,1,5,1,
36,5,823,408,20,16,1,5,1,
36,6,434,145,33,11,1,5,1,
36,7,724,424,10,12,1,5,1,
36,8,585,414,35,12,1,5,1,
36,9,444,314,97,24,1,5,1,
36,11,746,114,118,53,1,5,1,
36,13,810,423,30,13,1,5,1,
36,14,843,231,29,17,1,5,1,
36,15,447,118,157,41,1,5,1,
36,16,669,238,15,12,1,5,1,
36,18,0,245,159,83,1,5,1,
36,20,758,249,184,48,1,5,1,
36,21,489,432,92,24,1,5,1,
36,22,543,129,55,22,1,5,1,
36,23,419,11,220,61,1,5,1,
36,24,556,394,92,32,1,5,1,
36,25,729,247,49,21,1,5,1,
36,26,811,366,14,11,1,5,1,
36,27,880,271,27,18,1,5,1,
36,28,703,310,15,13,1,5,1,
36,29,828,53,63,32,1,5,1,
36,30,891,227,19,13,1,5,1,
36,31,600,63,12,27,1,5,1,
36,32,419,95,71,19,1,5,1,
36,33,486,211,56,14,1,5,1,
36,34,604,389,38,11,1,5,1,
36,35,754,368,37,16,1,5,1,
36,36,173,25,29,28,1,5,1,
36,37,580,416,65,17,1,5,1,
36,38,711,407,117,30,1,5,1,
36,39,713,174,14,17,1,5,1,
36,40,430,118,42,11,1,5,1,
36,41,548,68,32,19,1,5,1,
36,42,481,175,100,26,1,5,1,
37,1,733,200,16,11,1,5,1,
37,3,355,452,59,23,1,5,1,
37,4,670,78,13,23,1,5,1,
37,5,822,407,20,16,1,5,1,
37,6,438,145,34,10,1,5,1,
37,7,724,423,10,11,1,5,1,
37,8,589,414,34,12,1,5,1,
37,9,452,314,98,25,1,5,1,
37,11,758,117,116,52,1,5,1,
37,13,807,421,31,13,1,5,1,
37,14,846,231,29,17,1,5,1,
37,15,464,117,157,42,1,5,1,
37,16,669,238,14,12,1,5,1,
37,18,0,245,182,84,1,5,1,
37,20,773,249,183,48,1,5,1,
37,21,497,433,91,23,1,5,1,
37,22,548,129,54,22,1,5,1,
37,23,440,11,219,61,1,5,1,
37,24,563,391,91,32,1,5,1,
37,25,734,247,48,21,1,5,1,
37,26,813,365,13,11,1,5,1,
37,27,880,271,27,18,1,5,1,
37,28,704,310,15,12,1,5,1,
37,29,835,55,62,31,1,5,1,
37,30,891,228,18,12,1,5,1,
37,31,600,65,11,26,1,5,1,
37,32,426,95,71,19,1,5,1,
37,33,491,211,56,14,1,5,1,
37,34,609,389,38,11,1,5,1,
37,35,758,368,37,16,1,5,1,
37,36,174,22,30,28,1,5,1,
37,37,589,416,65,17,1,5,1,
37,38,723,407,118,30,1,5,1,
37,39,713,175,14,16,1,5,1,
37,40,435,118,42,10,1,5,1,
37,41,552,69,30,19,1,5,1,
37,42,489,175,100,26,1,5,1,
38,1,736,201,14,10,1,5,1,
38,3,360,454,61,23,1,5,1,
38,4,671,79,12,24,1,5,1,
38,5,821,406,20,15,1,5,1,
38,6,442,144,34,11,1,5,1,
38,7,724,421,10,12,1,5,1,
38,8,593,413,33,12,1,5,1,
38,9,461,314,97,25,1,5,1,
38,11,770,119,112,51,1,5,1,
38,13,806,420,27,13,1,5,1,
38,14,849,232,28,17,1,5,1,
38,15,480,117,158,42,1,5,1,
38,16,668,238,15,13,1,5,1,
38,18,0,244,205,86,1,5,1,
38,20,797,249,162,48,1,5,1,
38,21,504,433,92,24,1,5,1,
38,22,553,130,53,22,1,5,1,
38,23,461,10,219,62,1,5,1,
38,24,566,391,99,32,1,5,1,
38,25,739,247,47,21,1,5,1,
38,26,815,364,13,11,1,5,1,
38,27,880,271,27,18,1,5,1,
38,28,705,309,15,13,1,5,1,
38,29,842,56,60,31,1,5,1,
38,30,890,228,18,12,1,5,1,
38,31,600,67,11,26,1,5,1,
38,32,433,95,71,19,1,5,1,
38,33,497,211,55,14,1,5,1,
38,34,614,389,37,10,1,5,1,
38,35,763,367,36,16,1,5,1,
38,36,175,19,31,29,1,5,1,
38,37,597,417,67,17,1,5,1,
38,38,736,408,117,29,1,5,1,
38,39,714,175,13,17,1,5,1,
38,40,439,118,42,10,1,5,1,
38,41,555,70,29,20,1,5,1,
38,42,497,175,99,26,1,5,1,
39,1,738,201,14,11,1,5,1,
39,3,365,455,61,23,1,5,1,
39,4,671,81,13,23,1,5,1,
39,5,820,405,20,15,1,5,1,
39,6,446,144,35,10,1,5,1,
39,7,724,420,10,12,1,5,1,
39,8,597,413,32,11,1,5,1,
39,9,470,315,97,24,1,5,1,
39,11,783,121,108,50,1,5,1,
39,13,804,419,26,12,1,5,1,
39,14,852,232,28,17,1,5,1,
39,15,497,117,157,42,1,5,1,
39,16,667,239,16,12,1,5,1,
39,18,0,244,229,87,1,5,1,
39,20,823,250,136,47,1,5,1,
39,21,511,434,92,23,1,5,1,
39,22,558,131,52,22,1,5,1,
39,23,482,10,218,62,1,5,1,
39,24,571,392,106,31,1,5,1,
39,25,744,247,46,21,1,5,1,
39,26,816,364,13,10,1,5,1,
39,27,880,271,27,17,1,5,1,
39,28,705,309,15,13,1,5,1,
39,29,849,57,58,31,1,5,1,
39,30,889,229,19,12,1,5,1,
39,31,599,68,12,26,1,5,1,
39,32,440,95,71,19,1,5,1,
39,33,502,211,55,14,1,5,1,
39,34,619,388,37,11,1,5,1,
39,35,767,366,36,16,1,5,1,
39,36,176,17,33,28,1,5,1,
39,37,606,419,67,17,1,5,1,
39,38,748,408,118,30,1,5,1,
39,39,714,176,13,17,1,5,1,
39,40,444,118,42,10,1,5,1,
39,41,558,72,28,19,1,5,1,
39,42,504,175,100,26,1,5,1,
40,1,740,202,13,10,1,5,1,
40,3,371,457,61,23,1,5,1,
40,4,672,83,12,23,1,5,1,
40,5,819,404,20,15,1,5,1,
40,6,450,143,36,11,1,5,1,
40,7,724,419,10,11,1,5,1,
40,8,601,412,31,12,1,5,1,
40,9,479,315,95,24,1,5,1,
40,11,796,122,103,50,1,5,1,
40,13,802,417,26,13,1,5,1,
40,14,856,232,26,17,1,5,1,
40,15,513,117,157,42,1,5,1,
40,16,667,239,15,12,1,5,1,
40,18,0,243,254,89,1,5,1,
40,20,838,250,122,48,1,5,1,
40,21,518,434,93,24,1,5,1,
40,22,562,132,51,22,1,5,1,
40,23,503,10,217,62,1,5,1,
40,24,578,392,110,31,1,5,1,
40,25,749,247,45,21,1,5,1,
40,26,818,363,13,11,1,5,1,
40,27,880,271,27,17,1,5,1,
40,28,706,309,15,12,1,5,1,
40,29,856,58,56,32,1,5,1,
40,30,887,229,22,12,1,5,1,
40,31,599,70,11,26,1,5,1,
40,32,447,95,71,19,1,5,1,
40,33,508,211,54,14,1,5,1,
40,34,624,388,36,10,1,5,1,
40,35,772,366,35,15,1,5,1,
40,36,177,14,34,29,1,5,1,
40,37,614,420,69,17,1,5,1,
40,38,764,408,108,29,1,5,1,
40,39,714,177,13,16,1,5,1,
40,40,448,117,42,11,1,5,1,
40,41,561,73,27,19,1,5,1,
40,42,512,175,99,26,1,5,1,
41,1,742,202,12,10,1,5,1,
41,3,376,458,63,24,1,5,1,
41,4,672,85,12,22,1,5,1,
41,5,818,402,21,15,1,5,1,
41,6,454,143,37,10,1,5,1,
41,7,724,418,10,11,1,5,1,
41,8,605,411,29,12,1,5,1,
41,9,488,315,94,24,1,5,1,
41,11,808,124,99,49,1,5,1,
41,14,859,233,25,16,1,5,1,
41,15,530,117,157,42,1,5,1,
41,16,666,239,16,12,1,5,1,
41,18,0,243,280,90,1,5,1,
41,20,851,251,109,47,1,5,1,
41,21,525,435,93,23,1,5,1,
41,22,567,133,50,21,1,5,1,
41,23,524,10,216,62,1,5,1,
41,24,588,392,108,31,1,5,1,
41,25,754,248,43,20,1,5,1,
41,26,819,362,13,11,1,5,1,
41,27,880,271,26,17,1,5,1,
41,28,706,309,15,12,1,5,1,
41,29,862,60,55,31,1,5,1,
41,30,885,229,23,12,1,5,1,
41,31,599,72,10,25,1,5,1,
41,32,455,95,70,19,1,5,1,
41,33,513,211,53,14,1,5,1,
41,34,629,388,36,10,1,5,1,
41,35,776,365,34,16,1,5,1,
41,36,178,11,36,29,1,5,1,
41,37,624,420,68,17,1,5,1,
41,38,780,407,97,29,1,5,1,
41,39,714,177,13,17,1,5,1,
41,40,452,117,43,11,1,5,1,
41,41,564,75,25,19,1,5,1,
41,42,520,175,99,26,1,5,1,
42,1,744,203,12,10,1,5,1,
42,3,381,460,64,24,1,5,1,
42,4,672,86,13,23,1,5,1,
42,5,817,401,21,15,1,5,1,
42,6,458,142,37,11,1,5,1,
42,7,724,416,10,12,1,5,1,
42,8,609,411,28,11,1,5,1,
42,9,497,315,93,24,1,5,1,
42,11,819,126,95,48,1,5,1,
42,14,862,233,24,16,1,5,1,
42,15,547,117,156,42,1,5,1,
42,16,665,239,16,12,1,5,1,
42,18,4,242,303,92,1,5,1,
42,20,864,251,96,46,1,5,1,
42,21,533,435,93,23,1,5,1,
42,22,571,133,49,22,1,5,1,
42,23,545,10,215,63,1,5,1,
42,24,598,391,105,30,1,5,1,
42,25,758,248,42,20,1,5,1,
42,26,820,362,13,10,1,5,1,
42,27,880,271,26,17,1,5,1,
42,28,707,308,15,12,1,5,1,
42,29,869,61,53,31,1,5,1,
42,30,885,230,19,12,1,5,1,
42,31,598,73,11,25,1,5,1,
42,32,462,95,70,19,1,5,1,
42,33,519,212,52,13,1,5,1,
42,34,635,387,34,11,1,5,1,
42,35,781,364,32,16,1,5,1,
42,36,180,8,36,29,1,5,1,
42,37,633,420,69,17,1,5,1,
42,38,796,406,83,29,1,5,1,
42,39,714,178,13,16,1,5,1,
42,40,457,117,42,11,1,5,1,
42,41,567,76,24,19,1,5,1,
42,42,528,175,98,26,1,5,1,
43,1,746,203,11,10,1,5,1,
43,3,387,461,65,24,1,5,1,
43,4,673,88,12,22,1,5,1,
43,5,816,400,21,15,1,5,1,
43,6,462,142,38,11,1,5,1,
43,7,723,415,11,12,1,5,1,
43,8,613,410,26,12,1,5,1,
43,9,508,316,89,24,1,5,1,
43,11,831,127,90,48,1,5,1,
43,14,865,233,23,16,1,5,1,
43,15,564,117,155,42,1,5,1,
43,16,664,240,17,12,1,5,1,
43,18,23,242,312,93,1,5,1,
43,20,877,251,83,44,1,5,1,
43,21,540,435,93,24,1,5,1,
43,22,576,134,47,22,1,5,1,
43,23,566,11,213,62,1,5,1,
43,24,608,390,102,30,1,5,1,
43,25,763,248,39,20,1,5,1,
43,26,821,361,14,10,1,5,1,
43,27,880,271,25,17,1,5,1,
43,28,707,308,15,12,1,5,1,
43,29,875,62,51,32,1,5,1,
43,30,883,230,22,12,1,5,1,
43,31,597,75,11,25,1,5,1,
43,32,469,95,70,20,1,5,1,
43,33,524,212,52,14,1,5,1,
43,34,640,387,33,10,1,5,1,
43,35,785,364,31,15,1,5,1,
43,36,181,5,39,30,1,5,1,
43,37,643,420,68,17,1,5,1,
43,38,810,405,71,29,1,5,1,
43,39,714,179,13,16,1,5,1,
43,40,461,117,43,11,1,5,1,
43,41,570,77,23,19,1,5,1,
43,42,536,176,97,25,1,5,1,
44,1,748,204,10,10,1,5,1,
44,3,392,463,67,24,1,5,1,
44,4,673,90,12,22,1,5,1,
44,5,815,399,21,14,1,5,1,
44,6,466,141,39,11,1,5,1,
44,7,722,414,12,11,1,5,1,
44,8,616,409,25,12,1,5,1,
44,9,518,317,86,23,1,5,1,
44,11,842,129,85,48,1,5,1,
44,14,867,233,23,17,1,5,1,
44,15,580,117,154,42,1,5,1,
44,16,663,240,17,12,1,5,1,
44,18,43,241,321,95,1,5,1,
44,20,890,252,70,43,1,5,1,
44,21,548,435,93,24,1,5,1,
44,22,580,135,46,22,1,5,1,
44,23,587,11,212,62,1,5,1,
44,24,618,389,98,30,1,5,1,
44,25,767,248,38,20,1,5,1,
44,26,823,360,13,11,1,5,1,
44,27,880,271,25,17,1,5,1,
44,28,708,308,14,12,1,5,1,
44,29,881,64,50,31,1,5,1,
44,30,881,230,23,12,1,5,1,
44,31,596,76,11,25,1,5,1,
44,32,476,95,70,20,1,5,1,
44,33,529,212,51,14,1,5,1,
44,34,644,386,33,10,1,5,1,
44,35,789,363,30,15,1,5,1,
44,36,183,2,40,30,1,5,1,
44,37,652,421,68,17,1,5,1,
44,38,819,404,69,28,1,5,1,
44,39,714,180,13,15,1,5,1,
44,40,465,117,43,11,1,5,1,
44,41,572,79,22,19,1,5,1,
44,42,544,176,96,25,1,5,1,
45,1,749,204,10,10,1,5,1,
45,3,398,465,68,24,1,5,1,
45,4,673,92,12,21,1,5,1,
45,5,814,398,21,14,1,5,1,
45,6,471,141,40,11,1,5,1,
45,7,722,413,12,11,1,5,1,
45,8,620,408,23,12,1,5,1,
45,9,527,316,84,23,1,5,1,
45,11,852,131,81,47,1,5,1,
45,14,870,234,22,16,1,5,1,
45,15,597,117,153,42,1,5,1,
45,16,662,240,17,12,1,5,1,
45,18,63,240,331,97,1,5,1,
45,20,901,255,59,39,1,5,1,
45,21,556,435,92,24,1,5,1,
45,22,584,136,45,21,1,5,1,
45,23,608,12,210,62,1,5,1,
45,24,627,388,96,30,1,5,1,
45,25,772,248,36,20,1,5,1,
45,26,824,359,13,11,1,5,1,
45,27,879,271,25,17,1,5,1,
45,28,708,307,14,12,1,5,1,
45,29,887,65,48,31,1,5,1,
45,30,881,231,19,11,1,5,1,
45,31,595,78,12,24,1,5,1,
45,32,483,95,70,20,1,5,1,
45,33,534,212,50,14,1,5,1,
45,34,649,386,31,10,1,5,1,
45,35,793,362,29,15,1,5,1,
45,36,185,0,43,29,1,5,1,
45,37,661,421,69,17,1,5,1,
45,38,827,402,67,29,1,5,1,
45,39,714,180,13,16,1,5,1,
45,40,470,117,43,11,1,5,1,
45,41,575,80,20,19,1,5,1,
45,42,552,176,95,26,1,5,1,
46,1,750,205,11,9,1,5,1,
46,3,404,466,70,24,1,5,1,
46,4,673,93,11,22,1,5,1,
46,5,813,397,21,14,1,5,1,
46,6,475,141,41,11,1,5,1,
46,7,721,412,12,11,1,5,1,
46,8,623,408,22,11,1,5,1,
46,9,535,316,83,23,1,5,1,
46,11,861,133,78,46,1,5,1,
46,14,872,234,22,16,1,5,1,
46,15,614,118,151,42,1,5,1,
46,16,661,240,18,12,1,5,1,
46,18,85,240,340,98,1,5,1,
46,20,912,258,48,36,1,5,1,
46,21,563,435,92,24,1,5,1,
46,22,588,136,44,22,1,5,1,
46,23,629,12,208,63,1,5,1,
46,24,635,387,95,30,1,5,1,
46,25,775,248,36,20,1,5,1,
46,26,825,359,13,10,1,5,1,
46,27,879,271,25,16,1,5,1,
46,28,708,307,14,12,1,5,1,
46,29,892,67,47,31,1,5,1,
46,30,879,231,22,12,1,5,1,
46,31,594,80,13,24,1,5,1,
46,32,490,96,70,19,1,5,1,
46,33,540,212,49,14,1,5,1,
46,34,653,385,31,10,1,5,1,
46,35,797,362,28,15,1,5,1,
46,36,187,-1,45,28,1,5,1,
46,37,670,420,70,18,1,5,1,
46,38,835,401,65,28,1,5,1,
46,39,714,181,13,15,1,5,1,
46,40,474,117,43,11,1,5,1,
46,41,577,81,20,19,1,5,1,
46,42,560,176,94,26,1,5,1,
47,1,752,205,10,10,1,5,1,
47,3,410,468,71,24,1,5,1,
47,4,673,95,11,21,1,5,1,
47,5,812,396,20,14,1,5,1,
47,6,480,140,41,11,1,5,1,
47,7,721,411,12,10,1,5,1,
47,8,626,407,21,12,1,5,1,
47,9,543,316,82,23,1,5,1,
47,11,870,135,75,45,1,5,1,
47,14,874,234,22,16,1,5,1,
47,15,630,118,150,42,1,5,1,
47,18,107,239,350,101,1,5,1,
47,20,922,258,38,30,1,5,1,
47,21,571,435,92,24,1,5,1,
47,22,592,137,43,22,1,5,1,
47,23,650,13,205,62,1,5,1,
47,24,644,386,93,30,1,5,1,
47,25,779,249,35,19,1,5,1,
47,26,826,358,12,10,1,5,1,
47,27,879,271,24,16,1,5,1,
47,28,708,307,14,12,1,5,1,
47,29,897,68,46,31,1,5,1,
47,30,877,231,23,12,1,5,1,
47,32,498,96,68,20,1,5,1,
47,33,545,213,48,13,1,5,1,
47,34,658,385,30,10,1,5,1,
47,35,801,361,27,15,1,5,1,
47,36,189,-4,48,28,1,5,1,
47,37,679,420,70,18,1,5,1,
47,38,838,400,74,27,1,5,1,
47,39,714,182,13,15,1,5,1,
47,40,479,117,43,11,1,5,1,
47,41,579,83,19,19,1,5,1,
47,42,567,176,94,26,1,5,1,
48,1,752,206,11,9,1,5,1,
48,3,417,469,72,24,1,5,1,
48,4,672,96,12,22,1,5,1,
48,5,811,395,20,13,1,5,1,
48,6,485,140,41,11,1,5,1,
48,7,720,409,12,11,1,5,1,
48,8,629,406,20,12,1,5,1,
48,9,551,316,80,22,1,5,1,
48,11,879,137,72,44,1,5,1,
48,14,875,235,23,15,1,5,1,
48,15,647,118,149,42,1,5,1,
48,18,131,238,360,103,1,5,1,
48,21,578,435,92,24,1,5,1,
48,22,596,138,42,22,1,5,1,
48,23,670,14,204,62,1,5,1,
48,24,652,385,92,30,1,5,1,
48,25,783,249,33,19,1,5,1,
48,26,826,357,13,11,1,5,1,
48,27,878,271,25,16,1,5,1,
48,28,708,307,14,11,1,5,1,
48,29,902,70,46,30,1,5,1,
48,30,875,232,23,11,1,5,1,
48,32,505,96,68,20,1,5,1,
48,33,550,213,47,13,1,5,1,
48,34,662,384,30,10,1,5,1,
48,35,804,360,27,15,1,5,1,
48,36,191,-7,49,28,1,5,1,
48,37,690,421,67,17,1,5,1,
48,38,845,399,74,27,1,5,1,
48,39,713,182,13,15,1,5,1,
48,40,483,117,43,11,1,5,1,
48,41,581,84,18,19,1,5,1,
48,42,575,177,93,25,1,5,1,
49,1,753,206,10,10,1,5,1,
49,3,423,471,73,24,1,5,1,
49,4,672,98,11,21,1,5,1,
49,5,809,394,21,13,1,5,1,
49,6,489,140,42,11,1,5,1,
49,7,719,408,12,11,1,5,1,
49,8,632,405,19,12,1,5,1,
49,9,560,315,78,23,1,5,1,
49,11,887,138,70,44,1,5,1,
49,14,877,235,22,15,1,5,1,
49,15,663,119,148,41,1,5,1,
49,18,154,238,372,104,1,5,1,
49,21,586,435,91,24,1,5,1,
49,22,600,139,40,21,1,5,1,
49,23,691,14,201,62,1,5,1,
49,24,660,384,90,30,1,5,1,
49,25,786,249,33,19,1,5,1,
49,26,827,357,13,10,1,5,1,
49,27,878,271,24,16,1,5,1,
49,28,708,306,14,12,1,5,1,
49,29,907,72,45,29,1,5,1,
49,30,874,232,23,11,1,5,1,
49,32,512,96,68,20,1,5,1,
49,33,555,213,46,14,1,5,1,
49,34,666,384,29,10,1,5,1,
49,35,807,360,26,14,1,5,1,
49,36,194,-10,49,28,1,5,1,
49,37,700,421,64,16,1,5,1,
49,38,854,398,72,27,1,5,1,
49,39,713,183,13,15,1,5,1,
49,40,488,117,43,11,1,5,1,
49,41,583,86,16,19,1,5,1,
49,42,583,177,91,26,1,5,1,
50,1,754,206,10,10,1,5,1,
50,3,430,472,74,25,1,5,1,
50,4,672,100,11,20,1,5,1,
50,5,808,393,21,13,1,5,1,
50,6,494,139,42,11,1,5,1,
50,7,718,407,13,11,1,5,1,
50,8,634,405,18,11,1,5,1,
50,9,568,315,76,22,1,5,1,
50,11,896,140,63,43,1,5,1,
50,14,879,235,22,16,1,5,1,
50,15,679,119,146,42,1,5,1,
50,18,179,237,383,106,1,5,1,
50,21,594,435,90,24,1,5,1,
50,22,603,140,40,21,1,5,1,
50,23,711,15,199,62,1,5,1,
50,24,668,383,88,30,1,5,1,
50,25,790,249,31,19,1,5,1,
50,26,828,356,13,10,1,5,1,
50,27,877,271,24,16,1,5,1,
50,28,708,306,14,11,1,5,1,
50,29,912,73,43,30,1,5,1,
50,30,872,233,23,11,1,5,1,
50,32,519,97,67,20,1,5,1,
50,33,560,213,45,14,1,5,1,
50,34,671,383,28,10,1,5,1,
50,35,811,359,25,15,1,5,1,
50,36,197,-13,49,28,1,5,1,
50,37,711,420,59,16,1,5,1,
50,38,862,397,70,27,1,5,1,
50,39,713,183,12,16,1,5,1,
50,40,492,118,43,11,1,5,1,
50,41,585,87,15,19,1,5,1,
50,42,590,177,90,26,1,5,1,
51,1,755,207,10,9,1,5,1,
51,3,436,474,76,24,1,5,1,
51,4,671,101,11,21,1,5,1,
51,5,807,392,21,13,1,5,1,
51,6,499,139,42,10,1,5,1,
51,7,717,406,13,11,1,5,1,
51,8,637,404,17,12,1,5,1,
51,9,576,315,74,22,1,5,1,
51,11,904,142,56,43,1,5,1,
51,14,880,235,23,16,1,5,1,
51,15,696,119,144,42,1,5,1,
51,18,205,236,395,109,1,5,1,
51,21,601,435,90,24,1,5,1,
51,22,607,141,39,21,1,5,1,
51,23,732,16,196,62,1,5,1,
51,24,677,382,84,29,1,5,1,
51,25,794,249,29,19,1,5,1,
51,26,829,355,12,10,1,5,1,
51,27,877,271,23,16,1,5,1,
51,28,708,306,14,11,1,5,1,
51,29,917,75,42,29,1,5,1,
51,30,871,233,19,11,1,5,1,
51,32,526,97,67,20,1,5,1,
51,33,564,214,45,13,1,5,1,
51,34,675,383,27,9,1,5,1,
51,35,814,358,24,15,1,5,1,
51,36,200,-16,51,28,1,5,1,
51,37,722,419,52,16,1,5,1,
51,38,870,396,68,27,1,5,1,
51,39,713,184,12,15,1,5,1,
51,40,497,119,42,11,1,5,1,
51,41,587,89,14,18,1,5,1,
51,42,598,178,89,25,1,5,1,
52,1,756,207,10,10,1,5,1,
52,3,443,476,77,23,1,5,1,
52,4,671,103,11,20,1,5,1,
52,5,806,391,20,13,1,5,1,
52,6,504,138,42,10,1,5,1,
52,7,716,405,13,10,1,5,1,
52,8,639,403,16,12,1,5,1,
52,9,583,314,73,23,1,5,1,
52,11,912,143,48,43,1,5,1,
52,14,882,236,22,15,1,5,1,
52,15,712,120,142,41,1,5,1,
52,18,231,235,409,111,1,5,1,
52,21,609,435,89,24,1,5,1,
52,22,611,142,37,21,1,5,1,
52,23,752,17,193,62,1,5,1,
52,24,685,381,82,29,1,5,1,
52,25,797,249,28,19,1,5,1,
52,26,829,355,13,10,1,5,1,
52,27,876,271,24,16,1,5,1,
52,28,708,306,14,11,1,5,1,
52,29,922,76,37,29,1,5,1,
52,30,869,233,22,11,1,5,1,
52,32,533,97,66,20,1,5,1,
52,33,569,214,44,13,1,5,1,
52,34,679,382,26,10,1,5,1,
52,35,818,358,22,14,1,5,1,
52,36,203,-19,53,29,1,5,1,
52,37,732,417,45,17,1,5,1,
52,38,878,395,66,27,1,5,1,
52,39,712,185,13,15,1,5,1,
52,40,501,120,42,11,1,5,1,
52,41,588,90,13,19,1,5,1,
52,42,605,178,88,25,1,5,1,
53,1,756,208,10,9,1,5,1,
53,3,450,477,79,24,1,5,1,
53,4,671,104,11,20,1,5,1,
53,5,804,390,21,13,1,5,1,
53,6,509,138,43,10,1,5,1,
53,7,716,404,12,10,1,5,1,
53,8,642,402,15,12,1,5,1,
53,9,591,314,71,22,1,5,1,
53,11,920,145,40,42,1,5,1,
53,14,883,236,22,15,1,5,1,
53,15,728,120,140,42,1,5,1,
53,18,258,234,425,114,1,5,1,
53,21,617,435,88,23,1,5,1,
53,22,614,142,36,21,1,5,1,
53,23,771,18,188,61,1,5,1,
53,24,694,381,78,28,1,5,1,
53,25,801,250,24,17,1,5,1,
53,26,830,354,12,10,1,5,1,
53,27,876,271,23,16,1,5,1,
53,28,708,305,14,11,1,5,1,
53,29,927,77,33,30,1,5,1,
53,30,867,234,23,10,1,5,1,
53,32,540,98,66,20,1,5,1,
53,33,574,214,43,14,1,5,1,
53,34,683,381,25,10,1,5,1,
53,35,821,357,21,14,1,5,1,
53,37,741,416,38,17,1,5,1,
53,38,888,394,61,27,1,5,1,
53,40,505,120,42,11,1,5,1,
53,41,590,91,12,19,1,5,1,
53,42,613,178,86,26,1,5,1,
54,1,757,208,10,10,1,5,1,
54,3,457,479,80,23,1,5,1,
54,4,672,106,11,19,1,5,1,
54,5,803,389,21,13,1,5,1,
54,6,514,138,43,10,1,5,1,
54,7,715,403,13,10,1,5,1,
54,8,644,401,14,12,1,5,1,
54,9,599,314,68,22,1,5,1,
54,11,926,147,34,40,1,5,1,
54,14,885,236,22,15,1,5,1,
54,15,743,121,139,41,1,5,1,
54,18,285,233,443,116,1,5,1,
54,21,625,433,85,24,1,5,1,
54,22,617,143,35,21,1,5,1,
54,23,791,19,169,61,1,5,1,
54,24,702,380,74,28,1,5,1,
54,25,803,250,23,17,1,5,1,
54,26,830,353,13,10,1,5,1,
54,27,875,271,23,15,1,5,1,
54,28,708,305,13,11,1,5,1,
54,29,931,79,29,29,1,5,1,
54,30,865,234,23,10,1,5,1,
54,32,547,98,65,20,1,5,1,
54,33,578,215,42,13,1,5,1,
54,34,686,381,25,10,1,5,1,
54,35,824,356,19,14,1,5,1,
54,37,749,414,30,18,1,5,1,
54,38,895,393,59,26,1,5,1,
54,40,509,120,42,12,1,5,1,
54,41,591,93,12,18,1,5,1,
54,42,620,179,84,25,1,5,1,
55,1,757,209,10,9,1,5,1,
55,3,465,480,81,23,1,5,1,
55,4,672,107,11,19,1,5,1,
55,5,802,388,21,12,1,5,1,
55,6,519,138,43,10,1,5,1,
55,7,713,402,14,10,1,5,1,
55,8,646,401,13,11,1,5,1,
55,9,606,313,66,22,1,5,1,
55,11,933,148,27,40,1,5,1,
55,14,886,236,22,15,1,5,1,
55,15,758,121,138,42,1,5,1,
55,18,314,233,461,118,1,5,1,
55,21,633,432,81,23,1,5,1,
55,22,621,144,33,21,1,5,1,
55,23,810,20,150,61,1,5,1,
55,24,709,379,71,28,1,5,1,
55,25,804,250,24,17,1,5,1,
55,26,830,353,13,9,1,5,1,
55,27,874,271,23,15,1,5,1,
55,28,707,305,14,11,1,5,1,
55,29,936,80,24,29,1,5,1,
55,30,863,234,23,11,1,5,1,
55,32,554,98,64,21,1,5,1,
55,33,583,215,41,13,1,5,1,
55,34,690,380,24,10,1,5,1,
55,35,827,356,18,14,1,5,1,
55,37,753,413,31,17,1,5,1,
55,38,902,392,57,26,1,5,1,
55,40,514,121,40,11,1,5,1,
55,41,592,94,12,19,1,5,1,
55,42,627,179,83,25,1,5,1,
56,1,758,209,10,9,1,5,1,
56,3,472,482,82,22,1,5,1,
56,4,672,108,11,19,1,5,1,
56,5,800,387,21,12,1,5,1,
56,6,524,138,43,10,1,5,1,
56,7,712,401,14,10,1,5,1,
56,8,648,400,12,11,1,5,1,
56,9,613,313,65,22,1,5,1,
56,11,938,150,22,39,1,5,1,
56,14,887,237,22,14,1,5,1,
56,15,773,121,141,40,1,5,1,
56,18,344,232,481,121,1,5,1,
56,21,640,431,80,24,1,5,1,
56,22,624,145,32,21,1,5,1,
56,23,829,21,131,61,1,5,1,
56,24,716,378,69,27,1,5,1,
56,25,806,250,23,18,1,5,1,
56,26,831,352,12,10,1,5,1,
56,27,874,271,22,15,1,5,1,
56,28,707,305,13,10,1,5,1,
56,29,940,82,20,28,1,5,1,
56,30,861,235,23,10,1,5,1,
56,32,560,99,64,20,1,5,1,
56,33,587,215,40,13,1,5,1,
56,34,694,380,23,9,1,5,1,
56,35,829,355,18,14,1,5,1,
56,37,756,412,35,16,1,5,1,
56,38,909,391,51,26,1,5,1,
56,40,518,121,40,11,1,5,1,
56,41,593,96,11,18,1,5,1,
56,42,634,179,82,26,1,5,1,
57,1,758,210,10,9,1,5,1,
57,3,480,483,83,23,1,5,1,
57,4,671,110,11,18,1,5,1,
57,5,799,386,21,12,1,5,1,
57,6,530,138,42,10,1,5,1,
57,7,711,400,14,10,1,5,1,
57,8,650,399,11,11,1,5,1,
57,9,620,313,63,21,1,5,1,
57,14,888,237,22,15,1,5,1,
57,15,789,121,139,41,1,5,1,
57,18,375,231,502,124,1,5,1,
57,21,647,431,79,23,1,5,1,
57,22,627,146,31,20,1,5,1,
57,23,848,22,112,61,1,5,1,
57,24,723,377,67,27,1,5,1,
57,25,808,250,23,18,1,5,1,
57,26,831,352,13,9,1,5,1,
57,27,873,271,22,15,1,5,1,
57,28,707,304,13,11,1,5,1,
57,29,943,83,17,29,1,5,1,
57,30,859,235,23,10,1,5,1,
57,32,567,99,63,21,1,5,1,
57,33,592,215,38,13,1,5,1,
57,34,697,379,22,10,1,5,1,
57,35,831,354,18,14,1,5,1,
57,37,761,411,35,16,1,5,1,
57,38,915,390,45,26,1,5,1,
57,40,522,121,40,12,1,5,1,
57,41,594,97,10,18,1,5,1,
57,42,641,180,81,25,1,5,1,
58,1,759,210,9,9,1,5,1,
58,3,488,484,83,23,1,5,1,
58,4,671,111,11,19,1,5,1,
58,5,797,385,21,12,1,5,1,
58,6,535,138,42,10,1,5,1,
58,8,651,398,11,11,1,5,1,
58,9,626,313,62,21,1,5,1,
58,14,889,237,22,15,1,5,1,
58,15,805,121,137,41,1,5,1,
58,18,406,230,526,128,1,5,1,
58,21,653,430,80,23,1,5,1,
58,22,629,147,31,20,1,5,1,
58,23,867,23,93,61,1,5,1,
58,24,732,377,62,27,1,5,1,
58,25,809,250,23,18,1,5,1,
58,26,832,351,12,9,1,5,1,
58,27,872,271,23,15,1,5,1,
58,28,706,304,13,11,1,5,1,
58,29,947,85,13,24,1,5,1,
58,30,858,235,23,10,1,5,1,
58,32,574,100,62,20,1,5,1,
58,33,596,216,38,13,1,5,1,
58,34,700,378,22,10,1,5,1,
58,35,833,354,18,13,1,5,1,
58,37,766,410,35,16,1,5,1,
58,38,922,389,38,26,1,5,1,
58,40,526,121,39,12,1,5,1,
58,41,595,98,9,18,1,5,1,
58,42,648,180,80,25,1,5,1,
59,1,759,211,9,8,1,5,1,
59,3,496,485,84,23,1,5,1,
59,4,671,112,11,19,1,5,1,
59,5,796,384,21,12,1,5,1,
59,6,540,138,42,10,1,5,1,
59,8,653,397,10,12,1,5,1,
59,9,633,312,60,21,1,5,1,
59,14,890,237,22,15,1,5,1,
59,15,819,122,138,40,1,5,1,
59,18,439,229,520,131,1,5,1,
59,21,660,430,79,23,1,5,1,
59,22,632,148,29,20,1,5,1,
59,23,884,24,76,51,1,5,1,
59,24,743,378,55,26,1,5,1,
59,25,811,251,23,17,1,5,1,
59,26,832,350,12,10,1,5,1,
59,27,871,271,23,15,1,5,1,
59,28,706,304,13,10,1,5,1,
59,30,856,235,23,10,1,5,1,
59,32,580,100,62,21,1,5,1,
59,33,600,216,37,13,1,5,1,
59,34,703,378,22,9,1,5,1,
59,35,835,353,18,14,1,5,1,
59,37,770,409,39,16,1,5,1,
59,38,928,388,32,25,1,5,1,
59,40,530,122,39,12,1,5,1,
59,41,595,100,9,18,1,5,1,
59,42,654,180,80,25,1,5,1,
60,1,759,211,9,9,1,5,1,
60,3,503,488,86,22,1,5,1,
60,4,670,114,11,18,1,5,1,
60,5,794,383,22,12,1,5,1,
60,6,545,138,41,10,1,5,1,
60,8,654,396,10,12,1,5,1,
60,9,639,312,59,21,1,5,1,
60,14,891,238,21,14,1,5,1,
60,15,834,122,125,40,1,5,1,
60,18,474,228,486,134,1,5,1,
60,21,666,429,79,23,1,5,1,
60,22,635,149,28,20,1,5,1,
60,23,902,25,58,33,1,5,1,
60,24,752,378,48,26,1,5,1,
60,25,812,251,23,17,1,5,1,
60,26,832,350,12,9,1,5,1,
60,27,871,271,22,15,1,5,1,
60,28,706,304,12,10,1,5,1,
60,30,854,236,23,10,1,5,1,
60,32,587,101,60,20,1,5,1,
60,33,604,216,36,13,1,5,1,
60,34,706,377,21,10,1,5,1,
60,35,837,352,18,14,1,5,1,
60,37,775,409,42,15,1,5,1,
60,38,935,389,25,23,1,5,1,
60,40,534,122,38,12,1,5,1,
60,41,595,101,9,18,1,5,1,
60,42,661,181,79,24,1,5,1,
61,1,759,212,10,8,1,5,1,
61,3,511,489,87,23,1,5,1,
61,4,670,115,11,18,1,5,1,
61,5,793,382,21,12,1,5,1,
61,6,550,138,41,10,1,5,1,
61,8,654,396,10,11,1,5,1,
61,9,645,312,58,21,1,5,1,
61,14,892,238,21,14,1,5,1,
61,15,849,123,111,40,1,5,1,
61,18,510,226,450,139,1,5,1,
61,21,673,429,78,23,1,5,1,
61,22,638,149,25,21,1,5,1,
61,24,758,377,46,25,1,5,1,
61,25,814,251,22,17,1,5,1,
61,26,833,349,11,9,1,5,1,
61,27,870,271,22,15,1,5,1,
61,28,705,303,13,11,1,5,1,
61,30,852,236,23,10,1,5,1,
61,32,593,101,60,21,1,5,1,
61,33,608,217,35,12,1,5,1,
61,34,710,376,20,10,1,5,1,
61,35,839,352,18,13,1,5,1,
61,37,781,408,41,15,1,5,1,
61,38,941,393,19,13,1,5,1,
61,40,538,122,37,13,1,5,1,
61,41,595,103,9,17,1,5,1,
61,42,668,181,77,25,1,5,1,
62,1,759,212,10,9,1,5,1,
62,3,520,490,87,23,1,5,1,
62,4,669,116,11,18,1,5,1,
62,5,791,382,22,11,1,5,1,
62,6,555,138,42,10,1,5,1,
62,8,655,395,10,11,1,5,1,
62,9,652,312,55,20,1,5,1,
62,14,893,238,21,14,1,5,1,
62,15,865,123,95,40,1,5,1,
62,18,549,225,411,142,1,5,1,
62,21,680,429,77,22,1,5,1,
62,22,640,150,24,21,1,5,1,
62,24,764,376,44,25,1,5,1,
62,25,815,251,23,17,1,5,1,
62,26,833,349,12,9,1,5,1,
62,27,869,271,22,14,1,5,1,
62,28,704,303,13,10,1,5,1,
62,30,850,236,23,10,1,5,1,
62,32,600,102,58,20,1,5,1,
62,33,611,217,35,13,1,5,1,
62,34,713,376,19,9,1,5,1,
62,35,841,351,17,13,1,5,1,
62,37,788,407,39,15,1,5,1,
62,40,542,123,36,12,1,5,1,
62,41,595,104,9,17,1,5,1,
62,42,675,181,75,25,1,5,1,
63,1,759,212,10,9,1,5,1,
63,3,528,490,88,24,1,5,1,
63,4,669,118,10,17,1,5,1,
63,5,790,381,21,11,1,5,1,
63,6,560,138,41,11,1,5,1,
63,9,658,312,54,20,1,5,1,
63,14,893,239,21,14,1,5,1,
63,15,874,125,86,40,1,5,1,
63,18,588,224,372,127,1,5,1,
63,21,687,428,75,23,1,5,1,
63,22,642,151,23,20,1,5,1,
63,24,769,375,42,25,1,5,1,
63,25,816,251,23,17,1,5,1,
63,26,833,348,11,9,1,5,1,
63,27,869,271,22,14,1,5,1,
63,28,704,303,13,10,1,5,1,
63,30,848,237,23,9,1,5,1,
63,32,606,102,58,21,1,5,1,
63,33,615,217,34,13,1,5,1,
63,34,715,375,19,10,1,5,1,
63,35,842,350,18,14,1,5,1,
63,37,796,406,33,15,1,5,1,
63,40,546,123,35,13,1,5,1,
63,41,594,105,9,17,1,5,1,
63,42,681,182,75,24,1,5,1,
64,1,759,213,9,8,1,5,1,
64,3,537,491,88,23,1,5,1,
64,4,668,119,11,18,1,5,1,
64,5,788,380,22,11,1,5,1,
64,6,565,138,41,11,1,5,1,
64,9,664,311,52,20,1,5,1,
64,14,894,239,21,14,1,5,1,
64,15,884,127,76,33,1,5,1,
64,18,630,231,330,122,1,5,1,
64,21,693,427,75,23,1,5,1,
64,22,644,152,22,20,1,5,1,
64,24,774,374,39,24,1,5,1,
64,25,817,252,23,16,1,5,1,
64,26,833,347,11,9,1,5,1,
64,27,870,271,23,15,1,5,1,
64,30,846,237,24,10,1,5,1,
64,32,612,103,57,21,1,5,1,
64,33,619,218,33,12,1,5,1,
64,34,718,375,19,9,1,5,1,
64,35,844,350,17,13,1,5,1,
64,37,803,406,30,15,1,5,1,
64,40,549,124,35,13,1,5,1,
64,41,593,106,9,18,1,5,1,
64,42,688,182,72,24,1,5,1,
65,1,759,213,9,9,1,5,1,
65,3,545,491,89,24,1,5,1,
65,4,667,120,11,18,1,5,1,
65,5,787,379,21,11,1,5,1,
65,6,570,138,41,11,1,5,1,
65,9,669,311,51,20,1,5,1,
65,14,895,239,21,14,1,5,1,
65,15,897,128,63,24,1,5,1,
65,18,672,235,288,120,1,5,1,
65,21,700,427,73,22,1,5,1,
65,22,646,153,21,20,1,5,1,
65,24,778,373,38,24,1,5,1,
65,25,819,252,22,16,1,5,1,
65,26,833,347,11,9,1,5,1,
65,27,869,271,24,15,1,5,1,
65,30,844,237,24,10,1,5,1,
65,32,618,104,56,20,1,5,1,
65,33,622,218,32,12,1,5,1,
65,34,720,374,19,9,1,5,1,
65,35,845,349,17,13,1,5,1,
65,37,809,406,28,14,1,5,1,
65,40,553,124,33,13,1,5,1,
65,41,592,108,10,17,1,5,1,
65,42,694,183,71,24,1,5,1,
66,1,758,214,9,9,1,5,1,
66,3,554,492,89,24,1,5,1,
66,4,667,121,10,18,1,5,1,
66,5,785,378,22,12,1,5,1,
66,6,575,138,40,11,1,5,1,
66,9,675,311,49,20,1,5,1,
66,14,895,239,21,14,1,5,1,
66,15,913,131,47,15,1,5,1,
66,18,719,244,241,101,1,5,1,
66,21,706,426,72,22,1,5,1,
66,22,648,154,20,20,1,5,1,
66,24,783,372,35,24,1,5,1,
66,25,820,252,22,16,1,5,1,
66,26,833,346,11,9,1,5,1,
66,27,868,271,25,14,1,5,1,
66,30,842,237,24,10,1,5,1,
66,32,624,104,55,21,1,5,1,
66,33,626,218,31,12,1,5,1,
66,34,723,373,18,10,1,5,1,
66,35,847,349,17,13,1,5,1,
66,37,816,406,25,13,1,5,1,
66,40,556,125,33,13,1,5,1,
66,41,591,109,11,17,1,5,1,
66,42,700,183,69,24,1,5,1,
67,1,758,214,8,9,1,5,1,
67,3,563,492,89,24,1,5,1,
67,4,666,123,11,17,1,5,1,
67,6,580,139,40,10,1,5,1,
67,9,680,311,48,19,1,5,1,
67,14,895,240,21,13,1,5,1,
67,21,713,426,70,22,1,5,1,
67,22,650,155,19,19,1,5,1,
67,24,788,371,32,24,1,5,1,
67,25,821,252,21,16,1,5,1,
67,26,832,346,12,9,1,5,1,
67,27,867,271,25,14,1,5,1,
67,30,840,238,24,9,1,5,1,
67,32,630,105,54,21,1,5,1,
67,33,629,219,30,12,1,5,1,
67,34,726,373,18,9,1,5,1,
67,35,848,348,17,13,1,5,1,
67,37,821,404,23,14,1,5,1,
67,40,560,126,31,13,1,5,1,
67,41,590,110,11,17,1,5,1,
67,42,707,184,67,23,1,5,1,
68,1,757,215,9,8,1,5,1,
68,3,571,493,90,24,1,5,1,
68,4,665,124,11,17,1,5,1,
68,6,584,139,40,11,1,5,1,
68,9,685,310,46,20,1,5,1,
68,14,896,240,20,13,1,5,1,
68,21,718,425,70,22,1,5,1,
68,22,651,156,19,19,1,5,1,
68,24,792,370,30,24,1,5,1,
68,25,821,252,22,16,1,5,1,
68,26,832,345,11,9,1,5,1,
68,27,866,271,25,14,1,5,1,
68,30,838,238,24,9,1,5,1,
68,32,635,106,55,20,1,5,1,
68,33,632,219,30,12,1,5,1,
68,34,728,373,19,9,1,5,1,
68,35,849,347,17,13,1,5,1,
68,37,825,403,22,14,1,5,1,
68,40,563,126,30,13,1,5,1,
68,41,589,112,12,16,1,5,1,
68,42,712,184,66,24,1,5,1,
69,1,757,215,8,9,1,5,1,
69,3,580,493,90,24,1,5,1,
69,4,664,125,11,17,1,5,1,
69,6,589,139,40,11,1,5,1,
69,9,690,310,45,19,1,5,1,
69,14,896,240,20,13,1,5,1,
69,21,722,425,75,22,1,5,1,
69,22,653,157,18,19,1,5,1,
69,24,795,369,30,23,1,5,1,
69,25,822,253,22,15,1,5,1,
69,26,832,345,11,8,1,5,1,
69,27,864,271,26,14,1,5,1,
69,30,836,238,24,10,1,5,1,
69,32,640,107,56,19,1,5,1,
69,33,635,219,29,12,1,5,1,
69,34,730,373,20,8,1,5,1,
69,35,850,347,17,13,1,5,1,
69,37,828,402,22,14,1,5,1,
69,40,566,127,30,13,1,5,1,
69,41,588,113,12,16,1,5,1,
69,42,717,184,66,24,1,5,1,
70,1,756,216,9,8,1,5,1,
70,3,589,493,90,25,1,5,1,
70,4,663,126,12,17,1,5,1,
70,6,594,139,39,11,1,5,1,
70,9,695,310,44,19,1,5,1,
70,14,896,240,20,14,1,5,1,
70,21,728,425,75,22,1,5,1,
70,22,654,158,18,19,1,5,1,
70,24,799,368,28,23,1,5,1,
70,25,823,253,21,15,1,5,1,
70,26,832,344,11,9,1,5,1,
70,27,863,271,26,14,1,5,1,
70,32,646,107,54,20,1,5,1,
70,33,638,219,28,13,1,5,1,
70,34,733,373,20,8,1,5,1,
70,35,851,346,17,13,1,5,1,
70,37,832,401,21,13,1,5,1,
70,40,569,128,29,13,1,5,1,
70,42,723,185,64,23,1,5,1,
71,1,756,216,8,8,1,5,1,
71,3,598,494,90,24,1,5,1,
71,4,662,128,12,16,1,5,1,
71,6,598,140,39,11,1,5,1,
71,9,700,310,42,18,1,5,1,
71,14,896,241,20,13,1,5,1,
71,21,735,424,73,22,1,5,1,
71,22,657,159,15,19,1,5,1,
71,24,802,367,27,23,1,5,1,
71,25,824,253,21,15,1,5,1,
71,26,831,344,11,8,1,5,1,
71,27,862,271,26,14,1,5,1,
71,32,652,108,53,20,1,5,1,
71,33,641,220,27,12,1,5,1,
71,34,737,372,18,9,1,5,1,
71,35,852,346,17,12,1,5,1,
71,37,835,400,20,13,1,5,1,
71,40,572,128,27,14,1,5,1,
71,42,729,185,62,24,1,5,1,
72,1,755,217,8,8,1,5,1,
72,3,607,494,90,24,1,5,1,
72,4,661,129,13,16,1,5,1,
72,6,603,140,38,11,1,5,1,
72,9,704,309,41,19,1,5,1,
72,14,896,241,20,13,1,5,1,
72,21,741,424,73,22,1,5,1,
72,22,658,159,14,19,1,5,1,
72,24,804,366,27,23,1,5,1,
72,25,824,253,21,16,1,5,1,
72,26,831,343,11,9,1,5,1,
72,27,861,271,25,14,1,5,1,
72,32,657,108,53,20,1,5,1,
72,33,644,220,26,12,1,5,1,
72,34,740,372,17,8,1,5,1,
72,35,853,345,17,12,1,5,1,
72,37,838,399,20,13,1,5,1,
72,40,575,129,26,13,1,5,1,
72,42,734,186,61,23,1,5,1,
73,1,754,217,9,8,1,5,1,
73,3,616,494,90,24,1,5,1,
73,4,660,130,13,16,1,5,1,
73,6,607,140,38,11,1,5,1,
73,9,709,309,40,19,1,5,1,
73,14,896,241,20,13,1,5,1,
73,21,747,423,72,22,1,5,1,
73,22,659,161,13,18,1,5,1,
73,24,806,365,26,22,1,5,1,
73,25,825,253,21,16,1,5,1,
73,26,831,342,10,9,1,5,1,
73,27,860,271,25,14,1,5,1,
73,32,663,109,51,20,1,5,1,
73,33,647,220,25,12,1,5,1,
73,34,743,371,15,9,1,5,1,
73,35,854,345,17,12,1,5,1,
73,37,841,397,19,13,1,5,1,
73,40,578,130,25,13,1,5,1,
73,42,739,186,60,23,1,5,1,
74,1,754,217,8,8,1,5,1,
74,3,626,494,89,24,1,5,1,
74,4,659,131,13,16,1,5,1,
74,6,612,141,37,11,1,5,1,
74,9,714,309,38,18,1,5,1,
74,14,896,241,20,13,1,5,1,
74,21,754,423,70,21,1,5,1,
74,22,660,162,12,18,1,5,1,
74,24,808,364,26,22,1,5,1,
74,25,825,253,21,16,1,5,1,
74,26,830,342,11,8,1,5,1,
74,27,859,271,25,14,1,5,1,
74,32,669,110,50,20,1,5,1,
74,33,650,221,24,12,1,5,1,
74,34,746,371,14,8,1,5,1,
74,35,855,344,16,12,1,5,1,
74,37,845,396,18,13,1,5,1,
74,40,581,130,23,14,1,5,1,
74,42,745,187,58,23,1,5,1,
75,1,753,218,9,8,1,5,1,
75,3,635,494,88,24,1,5,1,
75,6,617,141,36,11,1,5,1,
75,9,718,308,36,19,1,5,1,
75,14,896,242,19,12,1,5,1,
75,21,760,422,69,22,1,5,1,
75,22,660,162,13,19,1,5,1,
75,24,809,363,26,22,1,5,1,
75,25,826,254,20,15,1,5,1,
75,26,830,341,11,9,1,5,1,
75,27,857,271,26,13,1,5,1,
75,32,674,111,49,20,1,5,1,
75,33,653,221,23,12,1,5,1,
75,34,748,370,14,8,1,5,1,
75,35,856,343,16,12,1,5,1,
75,37,848,395,17,13,1,5,1,
75,40,583,131,22,14,1,5,1,
75,42,751,187,56,23,1,5,1,
76,3,645,494,87,24,1,5,1,
76,6,621,141,36,12,1,5,1,
76,9,722,308,35,18,1,5,1,
76,14,896,242,19,12,1,5,1,
76,21,766,422,68,21,1,5,1,
76,22,660,163,13,19,1,5,1,
76,24,811,362,25,22,1,5,1,
76,25,826,254,21,15,1,5,1,
76,26,829,341,11,8,1,5,1,
76,27,856,271,26,13,1,5,1,
76,32,679,111,49,20,1,5,1,
76,33,655,221,23,12,1,5,1,
76,34,750,369,13,9,1,5,1,
76,35,857,343,16,12,1,5,1,
76,37,850,394,18,13,1,5,1,
76,40,585,132,22,14,1,5,1,
76,42,756,188,54,22,1,5,1,
77,3,653,494,87,24,1,5,1,
77,6,625,142,35,11,1,5,1,
77,9,726,308,34,18,1,5,1,
77,14,896,242,19,13,1,5,1,
77,21,771,421,68,21,1,5,1,
77,22,660,164,13,18,1,5,1,
77,24,812,361,25,22,1,5,1,
77,25,827,254,20,15,1,5,1,
77,26,829,340,11,9,1,5,1,
77,27,855,271,25,13,1,5,1,
77,32,684,112,48,20,1,5,1,
77,33,658,222,21,11,1,5,1,
77,34,752,369,13,8,1,5,1,
77,35,857,342,16,12,1,5,1,
77,37,853,393,17,12,1,5,1,
77,40,588,133,20,13,1,5,1,
77,42,762,188,50,22,1,5,1,
78,3,662,493,87,25,1,5,1,
78,6,629,142,35,12,1,5,1,
78,9,730,308,33,17,1,5,1,
78,14,894,242,19,13,1,5,1,
78,21,777,420,67,22,1,5,1,
78,22,660,165,12,18,1,5,1,
78,24,813,361,25,20,1,5,1,
78,25,827,254,20,15,1,5,1,
78,26,828,340,11,8,1,5,1,
78,27,853,271,26,13,1,5,1,
78,32,689,113,47,20,1,5,1,
78,33,660,222,21,12,1,5,1,
78,34,754,368,12,8,1,5,1,
78,35,858,342,16,11,1,5,1,
78,37,856,392,16,12,1,5,1,
78,40,590,134,19,13,1,5,1,
78,42,769,188,45,22,1,5,1,
79,3,672,493,85,25,1,5,1,
79,6,634,142,33,12,1,5,1,
79,9,734,307,31,18,1,5,1,
79,14,892,242,24,13,1,5,1,
79,21,783,420,66,21,1,5,1,
79,22,660,166,12,18,1,5,1,
79,24,814,360,25,20,1,5,1,
79,25,827,254,20,15,1,5,1,
79,26,827,339,12,8,1,5,1,
79,27,852,271,26,13,1,5,1,
79,32,695,114,45,19,1,5,1,
79,33,663,222,19,12,1,5,1,
79,34,756,367,12,9,1,5,1,
79,35,858,341,16,12,1,5,1,
79,37,858,391,16,12,1,5,1,
79,40,592,135,17,13,1,5,1,
79,42,776,189,41,22,1,5,1,
80,3,681,493,84,24,1,5,1,
80,6,638,143,32,12,1,5,1,
80,9,738,307,30,18,1,5,1,
80,14,889,243,28,12,1,5,1,
80,21,789,419,65,21,1,5,1,
80,22,660,167,12,18,1,5,1,
80,24,814,359,25,20,1,5,1,
80,25,827,254,20,15,1,5,1,
80,26,826,339,12,8,1,5,1,
80,27,850,271,27,13,1,5,1,
80,32,700,114,44,20,1,5,1,
80,33,665,223,18,11,1,5,1,
80,34,758,367,11,8,1,5,1,
80,35,858,341,16,11,1,5,1,
80,37,861,390,15,12,1,5,1,
80,40,594,135,16,14,1,5,1,
80,42,780,189,40,22,1,5,1,
81,3,689,493,84,24,1,5,1,
81,6,642,143,32,12,1,5,1,
81,9,741,307,29,17,1,5,1,
81,14,885,243,32,12,1,5,1,
81,21,794,419,64,21,1,5,1,
81,22,659,168,12,17,1,5,1,
81,24,815,357,25,21,1,5,1,
81,25,827,255,19,14,1,5,1,
81,26,826,338,12,8,1,5,1,
81,27,849,271,27,13,1,5,1,
81,32,704,115,45,20,1,5,1,
81,33,667,223,17,11,1,5,1,
81,34,760,366,10,8,1,5,1,
81,35,859,340,15,12,1,5,1,
81,37,863,389,15,12,1,5,1,
81,40,596,136,15,14,1,5,1,
81,42,784,190,38,22,1,5,1,
82,3,698,492,83,24,1,5,1,
82,6,646,144,31,12,1,5,1,
82,9,744,307,28,17,1,5,1,
82,14,882,243,33,12,1,5,1,
82,21,800,418,63,21,1,5,1,
82,22,659,169,12,17,1,5,1,
82,24,815,356,25,20,1,5,1,
82,25,827,255,19,14,1,5,1,
82,26,824,338,14,8,1,5,1,
82,27,847,271,28,13,1,5,1,
82,32,709,116,43,19,1,5,1,
82,33,669,223,16,12,1,5,1,
82,34,762,365,9,9,1,5,1,
82,35,859,339,15,12,1,5,1,
82,37,865,388,15,12,1,5,1,
82,40,597,137,14,14,1,5,1,
82,42,788,191,36,21,1,5,1,
83,3,707,492,82,24,1,5,1,
83,6,649,144,31,12,1,5,1,
83,9,748,306,27,17,1,5,1,
83,14,879,244,34,11,1,5,1,
83,21,805,417,62,21,1,5,1,
83,22,659,170,11,17,1,5,1,
83,24,816,355,24,20,1,5,1,
83,25,827,255,19,14,1,5,1,
83,26,821,337,17,8,1,5,1,
83,27,845,271,28,13,1,5,1,
83,32,713,117,43,19,1,5,1,
83,33,672,224,14,11,1,5,1,
83,34,763,365,9,8,1,5,1,
83,35,859,339,15,11,1,5,1,
83,37,867,387,14,11,1,5,1,
83,40,599,138,12,14,1,5,1,
83,42,791,191,36,21,1,5,1,
84,3,716,491,80,24,1,5,1,
84,6,653,145,30,12,1,5,1,
84,9,751,306,26,17,1,5,1,
84,14,876,244,35,12,1,5,1,
84,21,811,417,61,21,1,5,1,
84,22,659,171,11,16,1,5,1,
84,24,816,354,24,20,1,5,1,
84,25,827,255,19,14,1,5,1,
84,26,817,336,21,8,1,5,1,
84,27,843,271,29,12,1,5,1,
84,32,718,118,42,19,1,5,1,
84,33,674,224,13,11,1,5,1,
84,34,764,364,8,8,1,5,1,
84,35,859,338,15,12,1,5,1,
84,37,869,386,14,11,1,5,1,
84,40,600,139,12,13,1,5,1,
84,42,795,192,34,21,1,5,1,
85,3,725,491,78,23,1,5,1,
85,6,657,145,28,12,1,5,1,
85,9,754,306,25,16,1,5,1,
85,14,873,244,35,12,1,5,1,
85,21,816,416,60,21,1,5,1,
85,22,658,171,12,17,1,5,1,
85,24,817,353,23,20,1,5,1,
85,25,826,255,19,14,1,5,1,
85,26,814,336,22,8,1,5,1,
85,27,841,271,29,12,1,5,1,
85,32,722,118,42,20,1,5,1,
85,33,675,224,13,12,1,5,1,
85,34,764,363,9,8,1,5,1,
85,35,859,338,15,11,1,5,1,
85,37,870,385,15,11,1,5,1,
85,40,601,140,11,13,1,5,1,
85,42,798,192,33,21,1,5,1,
86,3,734,490,77,23,1,5,1,
86,6,660,146,28,12,1,5,1,
86,9,757,306,24,16,1,5,1,
86,14,871,244,34,12,1,5,1,
86,21,821,416,59,20,1,5,1,
86,22,658,172,12,17,1,5,1,
86,24,817,352,23,19,1,5,1,
86,25,826,255,19,14,1,5,1,
86,26,812,335,22,8,1,5,1,
86,27,839,271,29,12,1,5,1,
86,32,727,119,40,19,1,5,1,
86,33,676,225,12,11,1,5,1,
86,34,765,363,8,8,1,5,1,
86,35,859,337,15,11,1,5,1,
86,37,872,384,14,11,1,5,1,
86,40,602,141,11,13,1,5,1,
86,42,801,193,32,21,1,5,1,
87,3,743,489,75,24,1,5,1,
87,6,664,146,27,12,1,5,1,
87,9,760,305,22,17,1,5,1,
87,14,868,245,35,11,1,5,1,
87,21,827,415,57,20,1,5,1,
87,22,658,173,11,16,1,5,1,
87,24,817,351,23,19,1,5,1,
87,25,825,255,19,14,1,5,1,
87,26,810,335,22,8,1,5,1,
87,27,837,271,30,12,1,5,1,
87,32,732,120,38,19,1,5,1,
87,33,677,225,12,11,1,5,1,
87,34,766,362,8,8,1,5,1,
87,35,859,337,15,11,1,5,1,
87,37,874,383,14,11,1,5,1,
87,40,603,142,10,13,1,5,1,
87,42,805,194,30,20,1,5,1,
88,3,751,489,73,23,1,5,1,
88,6,667,147,26,12,1,5,1,
88,9,762,305,22,16,1,5,1,
88,14,865,245,35,11,1,5,1,
88,21,832,414,56,21,1,5,1,
88,22,657,174,12,16,1,5,1,
88,24,818,350,22,19,1,5,1,
88,25,825,255,18,14,1,5,1,
88,26,807,334,22,8,1,5,1,
88,27,836,271,28,12,1,5,1,
88,32,736,121,38,19,1,5,1,
88,33,677,225,13,11,1,5,1,
88,34,766,361,9,8,1,5,1,
88,35,859,336,14,11,1,5,1,
88,37,875,382,14,11,1,5,1,
88,40,604,143,9,13,1,5,1,
88,42,807,194,30,21,1,5,1,
89,3,760,488,71,23,1,5,1,
89,6,670,148,26,12,1,5,1,
89,9,765,305,21,16,1,5,1,
89,14,863,245,33,11,1,5,1,
89,21,837,414,55,20,1,5,1,
89,22,657,175,11,16,1,5,1,
89,24,818,349,22,19,1,5,1,
89,25,825,256,18,13,1,5,1,
89,26,805,334,22,8,1,5,1,
89,32,740,122,37,19,1,5,1,
89,33,678,226,13,11,1,5,1,
89,34,767,361,8,8,1,5,1,
89,35,858,336,15,10,1,5,1,
89,37,877,381,14,11,1,5,1,
89,40,604,144,9,13,1,5,1,
89,42,810,195,29,20,1,5,1,
90,3,767,487,70,23,1,5,1,
90,6,673,148,25,12,1,5,1,
90,9,767,304,20,16,1,5,1,
90,14,860,245,34,11,1,5,1,
90,21,841,413,55,20,1,5,1,
90,22,656,175,11,16,1,5,1,
90,24,819,348,22,19,1,5,1,
90,25,824,256,18,13,1,5,1,
90,32,744,123,36,18,1,5,1,
90,33,679,226,12,11,1,5,1,
90,34,766,360,9,8,1,5,1,
90,35,858,335,15,11,1,5,1,
90,37,878,380,14,11,1,5,1,
90,42,813,195,28,21,1,5,1,
91,3,774,486,70,23,1,5,1,
91,6,676,149,25,12,1,5,1,
91,9,769,304,20,16,1,5,1,
91,14,857,245,35,12,1,5,1,
91,21,846,413,54,19,1,5,1,
91,22,655,176,11,16,1,5,1,
91,24,819,347,22,19,1,5,1,
91,25,824,256,18,13,1,5,1,
91,32,747,123,36,19,1,5,1,
91,33,679,226,13,11,1,5,1,
91,34,766,359,9,8,1,5,1,
91,35,858,335,14,10,1,5,1,
91,37,880,379,13,11,1,5,1,
91,42,815,196,28,20,1,5,1,
92,3,781,485,69,22,1,5,1,
92,6,679,150,24,12,1,5,1,
92,9,771,304,20,16,1,5,1,
92,14,855,246,34,11,1,5,1,
92,21,852,412,48,20,1,5,1,
92,22,655,177,11,15,1,5,1,
92,24,820,346,22,19,1,5,1,
92,25,823,256,18,13,1,5,1,
92,32,751,124,35,19,1,5,1,
92,33,680,227,12,10,1,5,1,
92,34,764,359,12,8,1,5,1,
92,35,857,334,15,11,1,5,1,
92,37,881,378,14,11,1,5,1,
92,42,818,197,26,19,1,5,1,
93,3,790,484,65,22,1,5,1,
93,6,682,150,23,12,1,5,1,
93,9,774,304,18,15,1,5,1,
93,14,852,246,35,11,1,5,1,
93,21,861,411,38,20,1,5,1,
93,22,654,178,12,15,1,5,1,
93,24,820,346,22,18,1,5,1,
93,25,823,256,17,13,1,5,1,
93,32,755,125,34,19,1,5,1,
93,33,681,227,12,11,1,5,1,
93,34,761,358,16,8,1,5,1,
93,35,857,334,14,10,1,5,1,
93,37,882,377,14,11,1,5,1,
93,42,821,197,25,20,1,5,1,
94,3,797,483,64,22,1,5,1,
94,6,684,151,23,12,1,5,1,
94,9,776,303,17,16,1,5,1,
94,14,849,246,35,11,1,5,1,
94,21,870,410,30,21,1,5,1,
94,24,821,345,22,18,1,5,1,
94,25,822,256,19,13,1,5,1,
94,32,758,126,33,18,1,5,1,
94,33,681,228,12,10,1,5,1,
94,34,759,357,18,8,1,5,1,
94,35,856,333,14,11,1,5,1,
94,37,883,376,13,11,1,5,1,
94,42,823,198,25,19,1,5,1,
95,3,805,482,61,22,1,5,1,
95,6,687,152,22,11,1,5,1,
95,9,777,303,17,15,1,5,1,
95,14,846,246,36,11,1,5,1,
95,21,875,408,25,22,1,5,1,
95,24,821,344,22,18,1,5,1,
95,25,821,256,19,13,1,5,1,
95,32,762,127,32,18,1,5,1,
95,33,681,228,13,10,1,5,1,
95,34,757,357,19,8,1,5,1,
95,35,856,333,14,10,1,5,1,
95,37,884,375,13,11,1,5,1,
95,42,825,198,25,20,1,5,1,
96,3,812,481,58,21,1,5,1,
96,6,689,152,21,12,1,5,1,
96,9,778,303,17,15,1,5,1,
96,14,843,247,36,10,1,5,1,
96,21,875,407,26,22,1,5,1,
96,24,822,343,21,18,1,5,1,
96,25,820,257,20,12,1,5,1,
96,32,765,128,31,18,1,5,1,
96,33,682,228,12,10,1,5,1,
96,34,755,356,19,8,1,5,1,
96,35,855,332,14,10,1,5,1,
96,37,885,374,13,11,1,5,1,
96,42,827,199,24,19,1,5,1,
97,3,819,479,56,22,1,5,1,
97,6,692,153,20,12,1,5,1,
97,9,779,303,17,14,1,5,1,
97,14,840,247,36,10,1,5,1,
97,21,876,406,25,22,1,5,1,
97,24,822,343,21,18,1,5,1,
97,25,819,257,20,12,1,5,1,
97,32,769,129,30,18,1,5,1,
97,33,682,228,12,11,1,5,1,
97,34,753,355,19,8,1,5,1,
97,35,854,332,15,10,1,5,1,
97,37,885,373,13,11,1,5,1,
97,42,828,200,24,19,1,5,1,
98,3,826,478,54,21,1,5,1,
98,6,694,154,20,11,1,5,1,
98,9,780,302,16,15,1,5,1,
98,14,837,247,36,10,1,5,1,
98,21,876,405,25,22,1,5,1,
98,24,822,342,21,18,1,5,1,
98,25,818,257,20,12,1,5,1,
98,32,772,130,29,18,1,5,1,
98,33,682,229,12,10,1,5,1,
98,34,751,354,20,8,1,5,1,
98,35,853,331,15,10,1,5,1,
98,37,886,372,13,11,1,5,1,
98,42,830,200,23,19,1,5,1,
99,3,832,477,52,21,1,5,1,
99,6,697,154,18,12,1,5,1,
99,9,780,302,17,15,1,5,1,
99,14,834,247,36,10,1,5,1,
99,21,876,403,25,22,1,5,1,
99,24,822,341,21,18,1,5,1,
99,25,817,257,21,12,1,5,1,
99,32,775,130,28,18,1,5,1,
99,33,682,229,12,10,1,5,1,
99,34,749,354,20,7,1,5,1,
99,35,852,331,15,10,1,5,1,
99,37,886,371,13,11,1,5,1,
99,42,831,201,24,19,1,5,1,
100,3,839,476,49,21,1,5,1,
100,6,699,155,18,12,1,5,1,
100,9,781,302,17,14,1,5,1,
100,14,831,247,36,11,1,5,1,
100,21,877,402,24,22,1,5,1,
100,24,822,341,21,17,1,5,1,
100,25,816,257,21,12,1,5,1,
100,32,779,131,26,18,1,5,1,
100,33,682,229,12,10,1,5,1,
100,34,747,353,20,8,1,5,1,
100,35,852,330,15,10,1,5,1,
100,37,886,370,14,11,1,5,1,
100,42,832,201,24,19,1,5,1,
101,3,844,474,51,21,1,5,1,
101,6,701,156,18,11,1,5,1,
101,9,782,302,16,14,1,5,1,
101,14,828,248,36,10,1,5,1,
101,21,877,401,24,21,1,5,1,
101,24,822,340,21,17,1,5,1,
101,25,815,257,21,12,1,5,1,
101,32,782,132,26,18,1,5,1,
101,33,682,230,12,10,1,5,1,
101,34,745,352,20,8,1,5,1,
101,35,851,330,15,10,1,5,1,
101,37,887,370,13,10,1,5,1,
101,42,833,202,24,18,1,5,1,
102,3,848,473,52,21,1,5,1,
102,6,703,156,18,11,1,5,1,
102,9,782,301,17,15,1,5,1,
102,14,825,248,36,10,1,5,1,
102,21,877,400,24,21,1,5,1,
102,24,822,339,21,17,1,5,1,
102,25,814,257,21,12,1,5,1,
102,32,784,133,26,18,1,5,1,
102,33,682,230,12,10,1,5,1,
102,34,743,352,20,7,1,5,1,
102,35,850,329,15,10,1,5,1,
102,37,887,369,13,10,1,5,1,
102,42,834,202,24,19,1,5,1,
103,3,854,472,50,20,1,5,1,
103,6,706,157,17,10,1,5,1,
103,9,783,301,16,14,1,5,1,
103,14,823,248,35,10,1,5,1,
103,21,877,398,24,21,1,5,1,
103,24,823,339,20,17,1,5,1,
103,25,813,257,21,12,1,5,1,
103,32,787,134,25,18,1,5,1,
103,33,682,230,12,10,1,5,1,
103,35,849,329,15,10,1,5,1,
103,37,887,368,13,10,1,5,1,
103,42,835,203,23,18,1,5,1,
104,3,859,471,49,20,1,5,1,
104,6,708,157,16,11,1,5,1,
104,9,783,301,17,14,1,5,1,
104,14,820,248,36,10,1,5,1,
104,21,877,397,24,21,1,5,1,
104,24,823,338,20,17,1,5,1,
104,25,812,258,21,11,1,5,1,
104,32,790,135,24,17,1,5,1,
104,35,848,328,15,10,1,5,1,
104,37,887,367,13,10,1,5,1,
104,42,836,204,23,18,1,5,1,
105,3,864,470,48,19,1,5,1,
105,6,710,157,15,12,1,5,1,
105,9,784,301,16,13,1,5,1,
105,14,817,248,36,10,1,5,1,
105,21,877,396,24,21,1,5,1,
105,24,822,337,21,17,1,5,1,
105,25,811,258,21,11,1,5,1,
105,32,792,136,23,17,1,5,1,
105,35,846,328,16,10,1,5,1,
105,37,887,366,13,10,1,5,1,
105,42,837,204,23,18,1,5,1,
106,3,869,468,47,20,1,5,1,
106,6,712,158,14,11,1,5,1,
106,9,784,300,16,14,1,5,1,
106,14,814,249,36,9,1,5,1,
106,21,877,395,23,21,1,5,1,
106,24,822,337,20,16,1,5,1,
106,25,810,258,21,11,1,5,1,
106,32,795,137,22,17,1,5,1,
106,35,845,327,16,10,1,5,1,
106,37,887,365,13,10,1,5,1,
106,42,838,205,23,17,1,5,1,
107,3,875,467,45,20,1,5,1,
107,6,714,159,13,11,1,5,1,
107,9,784,300,16,14,1,5,1,
107,14,812,249,35,9,1,5,1,
107,21,877,394,23,20,1,5,1,
107,24,822,336,20,16,1,5,1,
107,25,808,258,21,11,1,5,1,
107,32,797,137,21,18,1,5,1,
107,35,844,327,16,10,1,5,1,
107,37,887,364,13,10,1,5,1,
107,42,839,205,22,18,1,5,1,
108,3,880,466,44,19,1,5,1,
108,6,716,159,12,12,1,5,1,
108,9,784,300,16,13,1,5,1,
108,21,877,393,23,20,1,5,1,
108,24,822,336,20,16,1,5,1,
108,25,807,258,21,11,1,5,1,
108,32,800,138,20,18,1,5,1,
108,35,843,327,16,9,1,5,1,
108,37,887,363,13,10,1,5,1,
108,42,839,206,23,17,1,5,1,
109,3,885,465,42,19,1,5,1,
109,6,718,160,12,11,1,5,1,
109,9,784,299,17,14,1,5,1,
109,21,876,392,23,20,1,5,1,
109,24,822,335,20,16,1,5,1,
109,25,806,258,21,11,1,5,1,
109,32,802,139,19,18,1,5,1,
109,35,842,326,16,10,1,5,1,
109,37,887,363,12,9,1,5,1,
109,42,839,206,23,18,1,5,1,
110,3,889,463,41,20,1,5,1,
110,6,719,161,12,11,1,5,1,
110,9,784,299,17,13,1,5,1,
110,21,876,391,23,19,1,5,1,
110,24,822,334,19,16,1,5,1,
110,25,805,258,20,11,1,5,1,
110,32,804,140,19,17,1,5,1,
110,35,841,326,16,9,1,5,1,
110,37,886,362,13,9,1,5,1,
110,42,839,207,22,17,1,5,1,
111,3,894,462,39,20,1,5,1,
111,6,720,161,12,12,1,5,1,
111,9,784,299,17,13,1,5,1,
111,21,876,389,22,20,1,5,1,
111,24,821,334,20,16,1,5,1,
111,25,804,258,20,11,1,5,1,
111,32,806,141,18,17,1,5,1,
111,35,840,325,16,10,1,5,1,
111,37,886,361,13,10,1,5,1,
111,42,839,207,23,18,1,5,1,
112,3,899,461,37,19,1,5,1,
112,6,722,162,10,11,1,5,1,
112,9,784,299,16,13,1,5,1,
112,21,875,388,22,20,1,5,1,
112,24,821,333,20,16,1,5,1,
112,25,803,258,20,11,1,5,1,
112,32,808,142,17,17,1,5,1,
112,35,839,325,15,9,1,5,1,
112,37,885,360,13,10,1,5,1,
112,42,840,208,23,18,1,5,1,
113,3,903,459,36,20,1,5,1,
113,6,723,163,10,11,1,5,1,
113,9,784,298,16,13,1,5,1,
113,21,875,387,22,20,1,5,1,
113,24,821,333,19,15,1,5,1,
113,25,802,258,19,11,1,5,1,
113,32,810,143,17,17,1,5,1,
113,35,838,325,15,9,1,5,1,
113,37,885,359,13,10,1,5,1,
113,42,841,209,22,17,1,5,1,
114,3,907,458,35,19,1,5,1,
114,6,724,164,10,11,1,5,1,
114,9,784,298,16,13,1,5,1,
114,21,874,386,22,19,1,5,1,
114,24,820,332,20,15,1,5,1,
114,25,801,259,19,10,1,5,1,
114,32,811,144,17,17,1,5,1,
114,35,837,324,15,9,1,5,1,
114,37,885,358,12,10,1,5,1,
114,42,842,209,22,17,1,5,1,
115,3,912,456,33,20,1,5,1,
115,6,725,164,10,11,1,5,1,
115,9,784,298,16,13,1,5,1,
115,21,874,385,21,19,1,5,1,
115,24,820,332,19,15,1,5,1,
115,25,800,259,19,10,1,5,1,
115,32,813,145,16,17,1,5,1,
115,35,836,324,15,9,1,5,1,
115,37,884,358,13,9,1,5,1,
115,42,843,210,22,17,1,5,1,
116,3,914,455,36,19,1,5,1,
116,6,726,165,10,11,1,5,1,
116,9,784,298,16,12,1,5,1,
116,21,873,384,22,19,1,5,1,
116,24,820,331,19,15,1,5,1,
116,25,799,259,19,10,1,5,1,
116,29,952,166,7,10,1,5,1,
116,32,814,146,16,16,1,5,1,
116,35,835,323,15,9,1,5,1,
116,37,883,357,13,9,1,5,1,
116,42,844,210,22,17,1,5,1,
117,3,918,454,35,18,1,5,1,
117,6,727,166,9,11,1,5,1,
117,9,784,297,16,13,1,5,1,
117,21,873,383,21,18,1,5,1,
117,24,819,331,20,14,1,5,1,
117,25,798,259,19,10,1,5,1,
117,29,949,165,10,12,1,5,1,
117,32,816,147,15,16,1,5,1,
117,35,834,323,15,9,1,5,1,
117,37,883,356,13,9,1,5,1,
117,42,845,211,21,16,1,5,1,
118,3,921,453,35,18,1,5,1,
118,6,727,166,10,11,1,5,1,
118,9,783,297,16,13,1,5,1,
118,21,872,382,22,18,1,5,1,
118,24,819,330,20,15,1,5,1,
118,25,797,259,19,10,1,5,1,
118,29,947,166,12,12,1,5,1,
118,32,817,147,15,17,1,5,1,
118,35,833,323,15,8,1,5,1,
118,37,882,355,13,9,1,5,1,
118,42,845,211,22,17,1,5,1,
119,3,925,451,34,18,1,5,1,
119,6,728,167,9,11,1,5,1,
119,9,783,297,16,12,1,5,1,
119,21,871,381,22,18,1,5,1,
119,24,818,330,21,14,1,5,1,
119,29,944,165,15,14,1,5,1,
119,32,818,148,15,17,1,5,1,
119,35,832,322,15,9,1,5,1,
119,37,881,355,13,9,1,5,1,
119,42,846,211,21,17,1,5,1,
120,3,929,450,31,18,1,5,1,
120,6,728,168,9,11,1,5,1,
120,9,782,297,17,12,1,5,1,
120,21,871,380,22,18,1,5,1,
120,24,818,329,20,15,1,5,1,
120,29,942,166,17,13,1,5,1,
120,32,819,149,15,16,1,5,1,
120,35,831,322,15,8,1,5,1,
120,37,881,354,13,9,1,5,1,
120,42,846,212,22,16,1,5,1,
121,3,933,449,27,18,1,5,1,
121,6,729,168,9,11,1,5,1,
121,9,782,297,16,12,1,5,1,
121,21,870,379,22,18,1,5,1,
121,24,817,329,21,14,1,5,1,
121,29,939,166,20,14,1,5,1,
121,32,819,150,16,16,1,5,1,
121,37,880,353,13,9,1,5,1,
121,42,847,212,21,17,1,5,1,
122,3,936,448,24,18,1,5,1,
122,6,729,169,9,11,1,5,1,
122,9,782,296,16,12,1,5,1,
122,21,869,378,23,18,1,5,1,
122,24,817,328,20,14,1,5,1,
122,29,937,167,22,14,1,5,1,
122,32,820,151,16,16,1,5,1,
122,37,879,352,14,9,1,5,1,
122,42,847,213,21,16,1,5,1,
123,3,939,447,21,18,1,5,1,
123,6,730,170,9,11,1,5,1,
123,9,781,296,17,12,1,5,1,
123,21,868,377,23,18,1,5,1,
123,24,816,328,21,14,1,5,1,
123,29,934,168,25,14,1,5,1,
123,32,821,152,15,16,1,5,1,
123,37,878,352,14,8,1,5,1,
123,42,848,213,20,16,1,5,1,
124,3,943,445,17,19,1,5,1,
124,6,731,171,8,10,1,5,1,
124,9,780,296,17,12,1,5,1,
124,21,867,377,23,17,1,5,1,
124,24,815,327,21,14,1,5,1,
124,29,931,168,28,15,1,5,1,
124,32,822,153,15,15,1,5,1,
124,37,877,351,14,9,1,5,1,
124,41,504,121,21,10,1,5,1,
124,42,848,214,21,15,1,5,1,
125,3,946,445,14,17,1,5,1,
125,6,731,172,9,10,1,5,1,
125,9,780,296,17,11,1,5,1,
125,21,867,376,23,17,1,5,1,
125,24,815,327,20,14,1,5,1,
125,29,929,168,30,15,1,5,1,
125,32,822,153,15,16,1,5,1,
125,37,876,350,14,9,1,5,1,
125,41,505,120,23,10,1,5,1,
125,42,847,214,20,16,1,5,1,
126,3,948,444,12,16,1,5,1,
126,6,731,172,9,10,1,5,1,
126,9,779,295,18,12,1,5,1,
126,21,866,375,23,17,1,5,1,
126,24,814,326,21,14,1,5,1,
126,29,926,169,30,15,1,5,1,
126,32,823,154,15,16,1,5,1,
126,37,875,350,14,8,1,5,1,
126,41,507,119,23,10,1,5,1,
126,42,846,214,20,17,1,5,1,
127,3,951,443,9,15,1,5,1,
127,6,732,173,8,10,1,5,1,
127,9,778,295,18,12,1,5,1,
127,21,864,374,24,16,1,5,1,
127,24,813,326,21,13,1,5,1,
127,29,923,170,31,15,1,5,1,
127,32,823,155,15,16,1,5,1,
127,37,874,349,14,8,1,5,1,
127,41,508,119,25,9,1,5,1,
127,42,845,215,19,17,1,5,1,
128,9,777,295,19,11,1,5,1,
128,21,863,373,24,16,1,5,1,
128,24,812,325,22,14,1,5,1,
128,29,921,170,30,16,1,5,1,
128,32,823,156,15,16,1,5,1,
128,37,872,348,15,9,1,5,1,
128,41,510,118,27,9,1,5,1,
128,42,844,215,19,18,1,5,1,
129,9,777,295,18,11,1,5,1,
129,21,862,372,24,16,1,5,1,
129,24,811,325,22,13,1,5,1,
129,29,918,171,31,15,1,5,1,
129,32,824,157,15,15,1,5,1,
129,37,871,347,16,9,1,5,1,
129,41,512,117,28,9,1,5,1,
129,42,843,216,19,17,1,5,1,
130,9,776,294,18,12,1,5,1,
130,21,861,371,25,17,1,5,1,
130,24,811,324,21,14,1,5,1,
130,29,915,172,32,15,1,5,1,
130,32,824,157,15,16,1,5,1,
130,37,870,347,16,8,1,5,1,
130,41,513,116,30,10,1,5,1,
130,42,842,217,19,17,1,5,1,
131,9,775,294,19,11,1,5,1,
131,21,860,370,24,17,1,5,1,
131,24,810,324,21,13,1,5,1,
131,29,912,173,32,15,1,5,1,
131,32,825,158,15,16,1,5,1,
131,37,868,346,16,9,1,5,1,
131,41,515,115,32,10,1,5,1,
131,42,842,218,18,16,1,5,1,
132,9,774,294,19,11,1,5,1,
132,21,859,369,24,17,1,5,1,
132,24,809,323,22,14,1,5,1,
132,29,910,174,31,14,1,5,1,
132,32,825,159,15,15,1,5,1,
132,37,867,346,16,8,1,5,1,
132,41,517,114,33,10,1,5,1,
132,42,841,218,18,16,1,5,1,
133,9,773,294,19,11,1,5,1,
133,21,858,369,24,16,1,5,1,
133,24,808,323,22,13,1,5,1,
133,29,907,175,32,14,1,5,1,
133,32,825,160,14,15,1,5,1,
133,37,866,345,16,8,1,5,1,
133,41,520,114,34,10,1,5,1,
133,42,840,219,18,16,1,5,1,
134,9,772,294,19,11,1,5,1,
134,21,856,368,25,16,1,5,1,
134,24,807,322,22,14,1,5,1,
134,29,904,176,32,14,1,5,1,
134,32,825,161,14,15,1,5,1,
134,37,864,344,16,8,1,5,1,
134,41,522,113,35,10,1,5,1,
134,42,839,219,18,16,1,5,1,
135,9,771,294,19,10,1,5,1,
135,21,855,367,25,16,1,5,1,
135,24,806,322,22,13,1,5,1,
135,29,902,177,31,14,1,5,1,
135,32,824,161,14,16,1,5,1,
135,37,862,344,17,8,1,5,1,
135,41,524,112,37,11,1,5,1,
135,42,838,220,19,15,1,5,1,
136,9,770,293,20,11,1,5,1,
136,21,854,366,25,16,1,5,1,
136,24,805,322,22,13,1,5,1,
136,29,899,177,32,14,1,5,1,
136,32,824,162,14,15,1,5,1,
136,37,861,343,17,8,1,5,1,
136,41,527,112,38,10,1,5,1,
136,42,837,220,19,15,1,5,1,
137,9,769,293,20,11,1,5,1,
137,21,853,365,25,16,1,5,1,
137,24,804,321,22,13,1,5,1,
137,29,896,178,32,14,1,5,1,
137,32,823,163,14,15,1,5,1,
137,37,859,342,17,8,1,5,1,
137,41,530,111,39,11,1,5,1,
137,42,837,221,18,15,1,5,1,
138,9,768,293,20,11,1,5,1,
138,21,852,365,24,15,1,5,1,
138,24,803,321,22,13,1,5,1,
138,29,894,179,31,13,1,5,1,
138,32,823,164,13,15,1,5,1,
138,37,857,342,18,8,1,5,1,
138,41,532,111,41,10,1,5,1,
138,42,836,221,18,15,1,5,1,
139,9,766,293,20,10,1,5,1,
139,21,850,364,25,15,1,5,1,
139,24,803,320,21,13,1,5,1,
139,29,891,180,31,13,1,5,1,
139,32,822,165,14,15,1,5,1,
139,37,856,341,17,8,1,5,1,
139,41,535,111,42,10,1,5,1,
139,42,835,221,18,15,1,5,1,
140,9,765,293,21,10,1,5,1,
140,21,849,363,25,15,1,5,1,
140,24,802,320,21,13,1,5,1,
140,29,889,180,31,14,1,5,1,
140,32,822,166,13,14,1,5,1,
140,37,854,341,18,7,1,5,1,
140,41,538,110,43,11,1,5,1,
140,42,834,222,19,14,1,5,1,
141,9,764,292,20,11,1,5,1,
141,21,847,362,26,15,1,5,1,
141,24,801,320,21,12,1,5,1,
141,29,886,181,31,13,1,5,1,
141,32,821,167,14,14,1,5,1,
141,37,852,340,18,8,1,5,1,
141,41,542,110,43,11,1,5,1,
141,42,833,222,19,15,1,5,1,
142,9,763,292,20,11,1,5,1,
142,21,846,362,26,14,1,5,1,
142,24,800,319,21,13,1,5,1,
142,29,883,182,31,13,1,5,1,
142,32,821,167,13,15,1,5,1,
142,37,850,340,19,7,1,5,1,
142,41,545,110,44,10,1,5,1,
142,42,832,223,19,14,1,5,1,
143,9,761,292,21,10,1,5,1,
143,21,844,361,27,14,1,5,1,
143,24,799,319,21,12,1,5,1,
143,29,881,183,31,13,1,5,1,
143,32,820,168,14,14,1,5,1,
143,37,849,339,18,8,1,5,1,
143,41,549,109,44,11,1,5,1,
143,42,831,223,19,14,1,5,1,
144,9,760,292,21,10,1,5,1,
144,21,842,360,27,15,1,5,1,
144,24,798,319,21,12,1,5,1,
144,29,878,183,31,13,1,5,1,
144,32,819,169,14,14,1,5,1,
144,37,847,339,18,7,1,5,1,
144,41,553,109,44,11,1,5,1,
144,42,830,223,19,14,1,5,1,
145,9,759,292,21,10,1,5,1,
145,21,840,360,28,14,1,5,1,
145,24,797,318,21,12,1,5,1,
145,29,876,184,30,13,1,5,1,
145,32,819,170,14,14,1,5,1,
145,37,845,338,18,7,1,5,1,
145,41,557,109,44,11,1,5,1,
145,42,829,224,19,14,1,5,1,
146,11,951,231,8,9,1,5,1,
146,21,839,359,27,14,1,5,1,
146,24,796,318,21,12,1,5,1,
146,29,873,185,31,12,1,5,1,
146,31,526,96,48,13,1,5,1,
146,32,818,170,14,14,1,5,1,
146,37,843,338,19,7,1,5,1,
146,41,560,108,46,11,1,5,1,
146,42,828,224,19,14,1,5,1,
147,11,949,230,10,10,1,5,1,
147,21,837,358,27,14,1,5,1,
147,24,795,318,21,11,1,5,1,
147,31,532,95,46,13,1,5,1,
147,32,817,171,14,14,1,5,1,
147,37,841,337,19,7,1,5,1,
147,41,565,108,45,11,1,5,1,
147,42,827,224,19,14,1,5,1,
148,11,947,230,13,11,1,5,1,
148,21,835,357,28,14,1,5,1,
148,24,794,317,22,12,1,5,1,
148,31,536,95,45,13,1,5,1,
148,32,816,172,15,13,1,5,1,
148,37,839,336,19,8,1,5,1,
148,41,569,108,45,11,1,5,1,
148,42,825,225,20,13,1,5,1,
149,11,945,229,14,13,1,5,1,
149,21,833,357,28,13,1,5,1,
149,31,539,94,46,13,1,5,1,
149,32,816,173,14,13,1,5,1,
149,37,837,336,19,7,1,5,1,
149,41,573,108,44,11,1,5,1,
149,42,824,225,20,14,1,5,1,
150,11,943,230,16,12,1,5,1,
150,21,831,356,29,14,1,5,1,
150,31,541,94,48,13,1,5,1,
150,32,815,173,14,14,1,5,1,
150,37,835,335,20,8,1,5,1,
150,41,576,107,45,11,1,5,1,
150,42,823,225,20,14,1,5,1,
