1,1,768,432,60,36,1,5,1,
1,2,165,361,76,17,1,5,1,
1,3,347,143,38,30,1,5,1,
1,4,305,0,60,45,1,5,1,
1,5,60,150,111,33,1,5,1,
1,6,878,183,44,31,1,5,1,
1,7,772,39,95,36,1,5,1,
1,8,22,165,28,18,1,5,1,
1,9,175,517,52,22,1,5,1,
1,10,558,324,48,32,1,5,1,
1,11,351,222,86,34,1,5,1,
1,12,442,205,65,18,1,5,1,
1,13,14,328,37,17,1,5,1,
1,14,551,247,153,38,1,5,1,
1,15,729,208,74,19,1,5,1,
1,16,151,244,78,16,1,5,1,
1,17,38,347,58,21,1,5,1,
1,18,186,414,41,22,1,5,1,
1,19,637,219,69,17,1,5,1,
2,1,769,434,68,37,1,5,1,
2,2,157,361,78,18,1,5,1,
2,3,349,146,45,29,1,5,1,
2,4,306,0,66,48,1,5,1,
2,5,62,150,124,33,1,5,1,
2,6,874,181,53,32,1,5,1,
2,7,775,41,103,36,1,5,1,
2,8,21,164,33,19,1,5,1,
2,9,179,519,53,23,1,5,1,
2,10,557,323,60,31,1,5,1,
2,11,346,220,80,36,1,5,1,
2,12,449,205,68,19,1,5,1,
2,13,5,329,45,17,1,5,1,
2,14,564,247,154,40,1,5,1,
2,15,737,208,71,19,1,5,1,
2,16,158,243,78,17,1,5,1,
2,17,35,347,54,23,1,5,1,
2,18,177,413,49,21,1,5,1,
2,19,633,219,67,17,1,5,1,
3,1,771,435,75,39,1,5,1,
3,2,149,362,80,17,1,5,1,
3,3,351,149,52,27,1,5,1,
3,4,308,0,71,50,1,5,1,
3,5,64,150,136,34,1,5,1,
3,6,871,179,69,33,1,5,1,
3,7,778,44,112,34,1,5,1,
3,8,21,164,39,19,1,5,1,
3,9,183,521,55,22,1,5,1,
3,10,557,322,71,31,1,5,1,
3,11,343,219,73,37,1,5,1,
3,12,455,205,71,19,1,5,1,
3,13,0,330,48,17,1,5,1,
3,14,574,249,157,39,1,5,1,
3,15,741,208,75,20,1,5,1,
3,16,165,243,78,16,1,5,1,
3,17,34,348,49,23,1,5,1,
3,18,168,412,57,20,1,5,1,
3,19,629,219,65,17,1,5,1,
4,1,774,437,81,40,1,5,1,
4,2,140,362,81,17,1,5,1,
4,3,356,152,56,26,1,5,1,
4,4,312,4,74,49,1,5,1,
4,5,72,150,139,35,1,5,1,
4,6,868,176,89,35,1,5,1,
4,7,783,48,119,32,1,5,1,
4,8,24,163,39,19,1,5,1,
4,9,186,524,61,19,1,5,1,
4,10,559,321,82,30,1,5,1,
4,11,342,217,62,39,1,5,1,
4,12,463,205,72,19,1,5,1,
4,13,-10,331,56,16,1,5,1,
4,14,588,250,157,40,1,5,1,
4,15,744,208,81,20,1,5,1,
4,16,174,243,75,16,1,5,1,
4,17,33,349,43,23,1,5,1,
4,18,157,411,65,21,1,5,1,
4,19,626,219,61,17,1,5,1,
5,1,778,440,86,39,1,5,1,
5,2,132,362,81,18,1,5,1,
5,3,362,155,60,24,1,5,1,
5,4,317,9,76,46,1,5,1,
5,5,84,150,136,34,1,5,1,
5,6,866,173,94,36,1,5,1,
5,7,789,50,125,30,1,5,1,
5,8,29,162,37,19,1,5,1,
5,9,191,527,63,16,1,5,1,
5,10,563,321,91,29,1,5,1,
5,11,345,215,47,40,1,5,1,
5,12,472,204,72,19,1,5,1,
5,13,-19,332,60,15,1,5,1,
5,14,603,250,155,40,1,5,1,
5,15,747,208,88,20,1,5,1,
5,16,183,243,71,16,1,5,1,
5,17,33,351,35,22,1,5,1,
5,18,147,411,72,21,1,5,1,
5,19,624,218,56,18,1,5,1,
6,1,783,443,89,38,1,5,1,
6,2,123,362,80,19,1,5,1,
6,3,368,157,64,22,1,5,1,
6,4,323,13,77,44,1,5,1,
6,5,96,150,133,34,1,5,1,
6,6,866,170,94,37,1,5,1,
6,7,795,52,131,29,1,5,1,
6,8,33,161,36,20,1,5,1,
6,9,199,527,57,16,1,5,1,
6,10,569,320,98,29,1,5,1,
6,11,344,212,48,42,1,5,1,
6,12,481,204,72,20,1,5,1,
6,13,-27,333,61,14,1,5,1,
6,14,617,250,154,40,1,5,1,
6,15,751,208,93,20,1,5,1,
6,16,192,243,67,16,1,5,1,
6,17,34,352,27,22,1,5,1,
6,18,135,411,79,21,1,5,1,
6,19,623,217,50,18,1,5,1,
7,1,789,446,92,37,1,5,1,
7,2,116,362,78,21,1,5,1,
7,3,376,160,64,20,1,5,1,
7,4,329,18,78,40,1,5,1,
7,5,107,150,131,34,1,5,1,
7,6,868,171,92,34,1,5,1,
7,7,803,53,134,27,1,5,1,
7,8,37,160,35,20,1,5,1,
7,9,207,527,48,17,1,5,1,
7,10,576,320,105,28,1,5,1,
7,11,343,210,51,44,1,5,1,
7,12,489,203,74,20,1,5,1,
7,13,-35,333,61,13,1,5,1,
7,14,628,252,161,39,1,5,1,
7,15,755,207,99,21,1,5,1,
7,16,201,243,63,16,1,5,1,
7,17,34,353,24,22,1,5,1,
7,18,123,411,85,23,1,5,1,
7,19,622,216,44,19,1,5,1,
8,1,796,449,93,35,1,5,1,
8,2,109,362,75,24,1,5,1,
8,3,386,161,61,21,1,5,1,
8,4,336,23,78,36,1,5,1,
8,5,117,150,131,34,1,5,1,
8,6,871,168,89,35,1,5,1,
8,7,812,53,134,27,1,5,1,
8,8,41,159,34,20,1,5,1,
8,9,213,528,44,16,1,5,1,
8,10,584,319,111,28,1,5,1,
8,11,344,207,54,46,1,5,1,
8,12,496,202,77,20,1,5,1,
8,14,643,252,158,39,1,5,1,
8,15,760,207,103,21,1,5,1,
8,16,210,243,57,16,1,5,1,
8,17,34,354,25,22,1,5,1,
8,18,110,411,91,24,1,5,1,
8,19,622,215,38,19,1,5,1,
9,1,803,452,93,33,1,5,1,
9,2,103,362,72,26,1,5,1,
9,3,394,162,61,21,1,5,1,
9,4,343,27,77,33,1,5,1,
9,5,127,150,130,34,1,5,1,
9,6,876,169,84,33,1,5,1,
9,7,822,52,133,27,1,5,1,
9,8,44,158,33,20,1,5,1,
9,9,218,531,44,13,1,5,1,
9,10,594,319,112,29,1,5,1,
9,11,350,204,55,48,1,5,1,
9,12,503,201,81,20,1,5,1,
9,14,659,253,153,38,1,5,1,
9,15,766,207,106,20,1,5,1,
9,16,218,243,52,16,1,5,1,
9,17,34,355,25,22,1,5,1,
9,18,97,411,97,26,1,5,1,
9,19,623,213,31,20,1,5,1,
10,1,811,456,92,30,1,5,1,
10,2,98,363,67,28,1,5,1,
10,3,403,164,59,20,1,5,1,
10,4,350,31,76,30,1,5,1,
10,5,137,150,129,34,1,5,1,
10,6,884,169,76,28,1,5,1,
10,7,832,51,127,28,1,5,1,
10,8,48,157,31,20,1,5,1,
10,10,606,319,110,28,1,5,1,
10,11,347,201,74,50,1,5,1,
10,12,511,200,83,20,1,5,1,
10,14,676,253,147,39,1,5,1,
10,15,772,206,108,21,1,5,1,
10,16,227,243,45,16,1,5,1,
10,17,32,356,26,22,1,5,1,
10,18,84,412,101,28,1,5,1,
10,19,625,212,23,20,1,5,1,
11,1,820,459,88,27,1,5,1,
11,2,94,364,62,30,1,5,1,
11,3,411,165,59,19,1,5,1,
11,4,357,35,75,27,1,5,1,
11,5,147,149,129,34,1,5,1,
11,6,893,170,67,25,1,5,1,
11,7,842,50,117,29,1,5,1,
11,8,51,156,30,20,1,5,1,
11,10,618,319,108,28,1,5,1,
11,11,344,199,102,51,1,5,1,
11,12,519,200,86,20,1,5,1,
11,14,691,253,142,39,1,5,1,
11,15,779,205,109,21,1,5,1,
11,16,234,243,38,17,1,5,1,
11,17,31,356,26,23,1,5,1,
11,18,71,413,105,30,1,5,1,
11,19,625,210,21,21,1,5,1,
12,1,829,462,84,25,1,5,1,
12,2,91,365,55,32,1,5,1,
12,3,419,167,58,18,1,5,1,
12,4,364,39,73,23,1,5,1,
12,5,157,149,128,34,1,5,1,
12,7,852,50,108,28,1,5,1,
12,8,54,154,29,21,1,5,1,
12,10,630,319,105,28,1,5,1,
12,11,343,197,130,52,1,5,1,
12,12,528,200,88,20,1,5,1,
12,14,704,252,141,38,1,5,1,
12,15,786,205,108,21,1,5,1,
12,16,241,243,31,17,1,5,1,
12,17,30,357,26,23,1,5,1,
12,18,57,414,110,32,1,5,1,
12,19,625,208,22,22,1,5,1,
13,1,838,465,78,22,1,5,1,
13,2,89,367,49,33,1,5,1,
13,3,427,168,57,18,1,5,1,
13,4,372,43,70,19,1,5,1,
13,5,166,149,129,34,1,5,1,
13,7,862,49,98,29,1,5,1,
13,8,55,153,30,21,1,5,1,
13,10,641,319,102,27,1,5,1,
13,11,345,195,158,55,1,5,1,
13,12,537,200,89,21,1,5,1,
13,14,715,250,141,38,1,5,1,
13,15,794,204,106,22,1,5,1,
13,16,246,243,29,17,1,5,1,
13,17,29,358,26,24,1,5,1,
13,18,44,415,113,35,1,5,1,
13,19,626,206,22,24,1,5,1,
14,1,849,468,69,19,1,5,1,
14,2,89,369,39,34,1,5,1,
14,3,435,169,56,18,1,5,1,
14,4,379,43,68,19,1,5,1,
14,5,175,148,129,35,1,5,1,
14,7,873,49,87,29,1,5,1,
14,8,56,151,30,22,1,5,1,
14,10,653,318,99,27,1,5,1,
14,11,350,193,184,58,1,5,1,
14,12,548,201,88,21,1,5,1,
14,14,727,249,138,38,1,5,1,
14,15,803,204,101,22,1,5,1,
14,16,248,242,30,18,1,5,1,
14,17,28,359,27,24,1,5,1,
14,18,30,417,115,36,1,5,1,
14,19,628,204,22,25,1,5,1,
15,1,858,468,61,19,1,5,1,
15,2,89,371,31,35,1,5,1,
15,3,443,170,54,18,1,5,1,
15,4,387,42,64,19,1,5,1,
15,5,184,148,131,35,1,5,1,
15,7,883,48,77,31,1,5,1,
15,8,57,150,31,21,1,5,1,
15,10,664,318,96,27,1,5,1,
15,11,358,193,207,60,1,5,1,
15,12,559,202,85,21,1,5,1,
15,14,739,249,135,38,1,5,1,
15,15,813,204,94,22,1,5,1,
15,16,250,242,32,17,1,5,1,
15,17,27,360,27,24,1,5,1,
15,18,17,418,117,39,1,5,1,
15,19,626,201,26,27,1,5,1,
16,1,869,468,50,18,1,5,1,
16,2,88,374,26,34,1,5,1,
16,3,451,171,52,18,1,5,1,
16,4,394,40,61,20,1,5,1,
16,5,193,148,132,34,1,5,1,
16,7,894,48,66,31,1,5,1,
16,8,59,148,31,22,1,5,1,
16,10,675,318,92,26,1,5,1,
16,11,369,194,227,60,1,5,1,
16,12,571,203,81,21,1,5,1,
16,14,753,249,129,38,1,5,1,
16,15,823,203,86,23,1,5,1,
16,16,252,242,34,17,1,5,1,
16,17,26,361,27,24,1,5,1,
16,18,4,420,117,42,1,5,1,
16,19,624,199,35,27,1,5,1,
17,1,878,467,40,18,1,5,1,
17,2,87,377,27,33,1,5,1,
17,3,458,173,51,17,1,5,1,
17,4,401,37,57,21,1,5,1,
17,5,201,147,134,35,1,5,1,
17,7,904,48,56,30,1,5,1,
17,8,60,147,31,22,1,5,1,
17,10,686,317,88,27,1,5,1,
17,11,382,194,244,62,1,5,1,
17,12,583,204,76,21,1,5,1,
17,14,767,249,121,38,1,5,1,
17,15,833,203,77,23,1,5,1,
17,16,254,241,37,18,1,5,1,
17,17,23,362,27,25,1,5,1,
17,18,0,422,109,44,1,5,1,
17,19,622,197,44,27,1,5,1,
18,1,888,465,28,19,1,5,1,
18,2,88,380,27,31,1,5,1,
18,3,466,174,49,17,1,5,1,
18,4,406,35,57,21,1,5,1,
18,5,210,147,136,35,1,5,1,
18,7,915,48,45,31,1,5,1,
18,8,62,145,32,23,1,5,1,
18,10,697,317,83,26,1,5,1,
18,11,397,193,257,63,1,5,1,
18,12,596,205,68,20,1,5,1,
18,14,783,250,111,37,1,5,1,
18,15,843,203,68,23,1,5,1,
18,16,256,241,39,18,1,5,1,
18,17,18,363,29,26,1,5,1,
18,18,-10,424,105,44,1,5,1,
18,19,621,196,53,26,1,5,1,
19,1,893,463,24,20,1,5,1,
19,2,88,384,29,28,1,5,1,
19,3,474,175,47,17,1,5,1,
19,4,410,33,59,22,1,5,1,
19,5,220,146,136,36,1,5,1,
19,7,927,46,33,23,1,5,1,
19,8,64,144,32,22,1,5,1,
19,10,708,316,78,27,1,5,1,
19,11,415,192,265,63,1,5,1,
19,12,607,206,64,20,1,5,1,
19,14,797,250,104,36,1,5,1,
19,15,851,203,62,23,1,5,1,
19,16,258,241,42,18,1,5,1,
19,17,8,364,41,27,1,5,1,
19,18,-22,427,102,42,1,5,1,
19,19,620,194,63,25,1,5,1,
20,1,893,460,23,24,1,5,1,
20,2,87,386,32,28,1,5,1,
20,3,481,176,45,17,1,5,1,
20,4,414,32,60,21,1,5,1,
20,5,229,146,138,36,1,5,1,
20,8,66,142,32,23,1,5,1,
20,10,718,316,74,26,1,5,1,
20,11,435,190,269,64,1,5,1,
20,12,616,206,61,20,1,5,1,
20,14,809,251,98,37,1,5,1,
20,15,858,204,58,23,1,5,1,
20,16,261,240,44,19,1,5,1,
20,17,1,365,47,28,1,5,1,
20,18,-32,429,98,44,1,5,1,
20,19,621,192,70,25,1,5,1,
21,1,892,458,23,25,1,5,1,
21,2,87,388,35,27,1,5,1,
21,3,486,177,47,17,1,5,1,
21,4,417,30,63,21,1,5,1,
21,5,238,146,139,36,1,5,1,
21,8,67,140,34,24,1,5,1,
21,10,726,316,72,25,1,5,1,
21,11,457,188,269,64,1,5,1,
21,12,623,207,64,19,1,5,1,
21,14,822,253,89,36,1,5,1,
21,15,862,204,57,23,1,5,1,
21,16,264,240,46,19,1,5,1,
21,17,0,366,46,29,1,5,1,
21,18,-41,432,94,47,1,5,1,
21,19,622,191,78,23,1,5,1,
22,1,892,456,23,26,1,5,1,
22,2,89,389,36,28,1,5,1,
22,3,491,178,49,17,1,5,1,
22,4,421,28,64,22,1,5,1,
22,5,248,146,140,36,1,5,1,
22,8,69,139,35,23,1,5,1,
22,10,734,315,71,26,1,5,1,
22,11,483,186,267,64,1,5,1,
22,12,631,207,60,19,1,5,1,
22,14,838,254,75,35,1,5,1,
22,15,867,205,56,22,1,5,1,
22,16,268,240,47,19,1,5,1,
22,17,-4,367,47,29,1,5,1,
22,18,-49,436,87,49,1,5,1,
22,19,624,189,84,23,1,5,1,
23,1,891,454,24,26,1,5,1,
23,2,91,391,37,28,1,5,1,
23,3,496,180,52,16,1,5,1,
23,4,425,26,66,22,1,5,1,
23,5,258,146,140,36,1,5,1,
23,8,71,137,36,24,1,5,1,
23,10,742,315,68,25,1,5,1,
23,11,510,185,267,64,1,5,1,
23,12,640,207,54,19,1,5,1,
23,14,853,254,62,35,1,5,1,
23,15,872,205,54,22,1,5,1,
23,16,271,239,49,19,1,5,1,
23,17,-8,368,47,29,1,5,1,
23,19,627,188,90,21,1,5,1,
24,1,890,453,25,25,1,5,1,
24,2,93,392,37,29,1,5,1,
24,3,501,181,56,16,1,5,1,
24,4,429,25,68,21,1,5,1,
24,5,269,146,140,36,1,5,1,
24,8,73,135,37,25,1,5,1,
24,10,752,314,62,25,1,5,1,
24,11,539,185,264,63,1,5,1,
24,12,647,208,56,19,1,5,1,
24,14,864,255,55,34,1,5,1,
24,15,876,205,53,23,1,5,1,
24,16,275,239,51,19,1,5,1,
24,17,-11,370,44,27,1,5,1,
24,19,631,187,94,21,1,5,1,
25,1,890,451,25,26,1,5,1,
25,2,95,393,38,30,1,5,1,
25,3,507,182,58,15,1,5,1,
25,4,432,23,71,22,1,5,1,
25,5,278,146,142,36,1,5,1,
25,8,75,134,38,24,1,5,1,
25,10,758,314,62,25,1,5,1,
25,11,564,185,266,63,1,5,1,
25,12,651,209,62,19,1,5,1,
25,14,871,254,52,33,1,5,1,
25,15,880,206,52,22,1,5,1,
25,16,279,239,52,19,1,5,1,
25,17,-13,371,41,26,1,5,1,
25,19,635,186,97,21,1,5,1,
26,1,889,449,25,25,1,5,1,
26,2,97,395,40,30,1,5,1,
26,3,513,183,61,14,1,5,1,
26,4,437,21,73,22,1,5,1,
26,5,287,146,144,37,1,5,1,
26,8,77,132,39,25,1,5,1,
26,10,764,313,62,25,1,5,1,
26,11,592,186,265,62,1,5,1,
26,12,657,209,63,19,1,5,1,
26,14,875,252,52,34,1,5,1,
26,15,885,206,50,22,1,5,1,
26,16,282,238,55,20,1,5,1,
26,17,-15,372,37,25,1,5,1,
26,19,641,185,98,22,1,5,1,
27,1,888,447,25,25,1,5,1,
27,2,99,397,42,30,1,5,1,
27,3,520,183,62,14,1,5,1,
27,4,441,20,75,22,1,5,1,
27,5,295,147,146,37,1,5,1,
27,8,79,130,41,25,1,5,1,
27,10,770,313,62,24,1,5,1,
27,11,620,186,264,62,1,5,1,
27,12,665,210,62,18,1,5,1,
27,14,877,252,55,33,1,5,1,
27,15,889,207,48,21,1,5,1,
27,16,286,238,58,20,1,5,1,
27,17,-16,374,33,25,1,5,1,
27,19,647,185,99,21,1,5,1,
28,1,887,446,26,24,1,5,1,
28,2,101,399,45,30,1,5,1,
28,3,528,183,62,14,1,5,1,
28,4,446,18,76,22,1,5,1,
28,5,304,148,148,36,1,5,1,
28,8,82,128,42,26,1,5,1,
28,10,777,312,60,24,1,5,1,
28,11,647,186,263,62,1,5,1,
28,12,674,210,56,18,1,5,1,
28,14,879,252,56,32,1,5,1,
28,15,893,207,46,21,1,5,1,
28,16,291,238,59,20,1,5,1,
28,17,-17,376,28,25,1,5,1,
28,19,655,184,96,22,1,5,1,
29,1,886,444,26,25,1,5,1,
29,2,103,400,48,31,1,5,1,
29,3,536,183,61,14,1,5,1,
29,4,450,16,79,23,1,5,1,
29,5,314,148,148,37,1,5,1,
29,8,84,126,44,26,1,5,1,
29,10,783,312,57,24,1,5,1,
29,11,673,186,264,61,1,5,1,
29,12,684,210,48,18,1,5,1,
29,14,884,252,53,32,1,5,1,
29,15,898,207,43,22,1,5,1,
29,16,295,238,62,20,1,5,1,
29,19,662,183,94,23,1,5,1,
30,1,885,442,26,25,1,5,1,
30,2,105,402,52,31,1,5,1,
30,3,544,183,60,14,1,5,1,
30,4,455,15,81,22,1,5,1,
30,5,324,148,148,37,1,5,1,
30,8,87,124,45,27,1,5,1,
30,10,790,311,54,24,1,5,1,
30,11,700,186,259,61,1,5,1,
30,12,692,211,43,18,1,5,1,
30,14,890,252,50,32,1,5,1,
30,15,902,207,42,22,1,5,1,
30,16,300,237,64,21,1,5,1,
30,19,671,183,88,23,1,5,1,
31,1,884,441,27,24,1,5,1,
31,2,108,404,55,31,1,5,1,
31,3,552,183,59,14,1,5,1,
31,4,460,13,82,23,1,5,1,
31,5,335,149,149,35,1,5,1,
31,8,90,122,47,27,1,5,1,
31,10,794,311,60,23,1,5,1,
31,11,725,186,235,61,1,5,1,
31,12,697,212,46,18,1,5,1,
31,14,894,252,51,32,1,5,1,
31,15,905,208,41,21,1,5,1,
31,16,304,237,66,21,1,5,1,
31,19,679,183,85,23,1,5,1,
32,1,883,439,27,24,1,5,1,
32,2,111,406,58,31,1,5,1,
32,3,559,184,60,13,1,5,1,
32,4,465,11,84,23,1,5,1,
32,5,349,148,147,35,1,5,1,
32,8,93,120,49,28,1,5,1,
32,10,796,311,69,23,1,5,1,
32,11,752,186,208,61,1,5,1,
32,12,701,213,50,18,1,5,1,
32,14,897,253,54,31,1,5,1,
32,15,909,208,39,22,1,5,1,
32,16,310,237,67,20,1,5,1,
32,19,686,183,87,22,1,5,1,
33,1,882,438,27,23,1,5,1,
33,2,115,407,60,32,1,5,1,
33,3,567,184,59,13,1,5,1,
33,4,470,10,86,23,1,5,1,
33,5,361,148,146,35,1,5,1,
33,8,97,118,50,28,1,5,1,
33,10,798,310,77,23,1,5,1,
33,11,778,187,182,60,1,5,1,
33,12,707,213,46,17,1,5,1,
33,14,901,253,54,30,1,5,1,
33,15,912,209,38,21,1,5,1,
33,16,315,236,69,21,1,5,1,
33,19,691,183,92,22,1,5,1,
34,1,881,436,27,23,1,5,1,
34,2,119,409,62,33,1,5,1,
34,3,574,184,59,14,1,5,1,
34,4,476,8,87,24,1,5,1,
34,5,372,147,146,35,1,5,1,
34,8,100,116,53,28,1,5,1,
34,10,803,310,79,23,1,5,1,
34,11,805,187,155,60,1,5,1,
34,12,712,214,49,17,1,5,1,
34,14,905,253,54,30,1,5,1,
34,15,915,209,37,21,1,5,1,
34,16,321,236,70,21,1,5,1,
34,18,0,509,19,31,1,5,1,
34,19,697,182,96,22,1,5,1,
35,1,880,434,27,23,1,5,1,
35,2,123,411,64,33,1,5,1,
35,3,582,184,60,13,1,5,1,
35,4,482,7,88,23,1,5,1,
35,5,383,146,146,36,1,5,1,
35,8,104,114,54,29,1,5,1,
35,10,810,310,81,23,1,5,1,
35,11,832,189,128,54,1,5,1,
35,12,719,214,44,17,1,5,1,
35,14,911,253,49,30,1,5,1,
35,15,919,210,34,20,1,5,1,
35,16,327,236,72,21,1,5,1,
35,18,0,512,26,31,1,5,1,
35,19,704,182,96,22,1,5,1,
36,1,879,433,27,22,1,5,1,
36,2,128,413,65,33,1,5,1,
36,3,591,184,58,14,1,5,1,
36,4,488,5,90,24,1,5,1,
36,5,394,145,146,36,1,5,1,
36,8,109,112,56,29,1,5,1,
36,10,820,310,77,22,1,5,1,
36,11,863,192,97,38,1,5,1,
36,12,729,214,34,17,1,5,1,
36,14,915,253,45,29,1,5,1,
36,15,922,210,33,21,1,5,1,
36,16,332,235,77,22,1,5,1,
36,18,0,512,34,31,1,5,1,
36,19,712,182,95,22,1,5,1,
37,1,878,431,27,23,1,5,1,
37,2,132,415,69,33,1,5,1,
37,3,598,184,58,14,1,5,1,
37,4,494,4,91,24,1,5,1,
37,5,402,145,148,36,1,5,1,
37,8,111,110,62,30,1,5,1,
37,10,827,310,77,22,1,5,1,
37,12,736,215,26,16,1,5,1,
37,14,919,254,41,28,1,5,1,
37,15,925,210,32,21,1,5,1,
37,16,335,235,84,22,1,5,1,
37,18,0,515,43,28,1,5,1,
37,19,719,182,96,22,1,5,1,
38,1,876,430,28,22,1,5,1,
38,2,136,416,73,35,1,5,1,
38,3,605,185,57,13,1,5,1,
38,4,499,2,93,25,1,5,1,
38,5,411,144,149,38,1,5,1,
38,8,114,109,68,29,1,5,1,
38,10,835,309,75,23,1,5,1,
38,12,743,215,20,16,1,5,1,
38,14,925,259,35,23,1,5,1,
38,15,927,211,32,20,1,5,1,
38,16,339,235,90,23,1,5,1,
38,18,0,516,49,27,1,5,1,
38,19,726,182,96,21,1,5,1,
39,1,875,428,27,22,1,5,1,
39,2,141,418,76,35,1,5,1,
39,3,613,185,55,13,1,5,1,
39,4,505,1,95,25,1,5,1,
39,5,421,144,149,38,1,5,1,
39,8,118,107,73,30,1,5,1,
39,10,843,309,72,22,1,5,1,
39,12,744,216,19,16,1,5,1,
39,14,935,260,25,22,1,5,1,
39,15,929,211,30,20,1,5,1,
39,16,345,236,94,22,1,5,1,
39,17,0,401,16,25,1,5,1,
39,18,0,519,57,25,1,5,1,
39,19,733,182,96,21,1,5,1,
40,1,874,427,27,21,1,5,1,
40,2,147,421,79,34,1,5,1,
40,3,622,185,52,14,1,5,1,
40,4,512,0,95,25,1,5,1,
40,5,433,145,146,37,1,5,1,
40,8,122,106,79,30,1,5,1,
40,10,853,309,68,22,1,5,1,
40,12,744,216,20,16,1,5,1,
40,15,932,212,27,20,1,5,1,
40,16,353,236,95,22,1,5,1,
40,17,0,400,19,27,1,5,1,
40,18,0,523,64,21,1,5,1,
40,19,742,181,95,22,1,5,1,
41,1,872,426,28,21,1,5,1,
41,2,151,422,83,35,1,5,1,
41,3,629,186,50,14,1,5,1,
41,4,518,0,97,24,1,5,1,
41,5,442,145,147,37,1,5,1,
41,8,127,104,84,30,1,5,1,
41,10,861,309,60,22,1,5,1,
41,12,744,217,19,16,1,5,1,
41,15,935,212,24,20,1,5,1,
41,16,360,236,97,22,1,5,1,
41,17,0,401,21,28,1,5,1,
41,18,0,524,72,20,1,5,1,
41,19,748,181,96,22,1,5,1,
42,1,871,424,28,21,1,5,1,
42,2,158,424,83,35,1,5,1,
42,3,636,186,48,15,1,5,1,
42,4,524,0,98,23,1,5,1,
42,5,453,145,145,38,1,5,1,
42,8,133,102,87,31,1,5,1,
42,10,873,308,46,22,1,5,1,
42,12,744,218,19,16,1,5,1,
42,15,937,212,22,20,1,5,1,
42,16,369,236,97,22,1,5,1,
42,17,0,401,24,30,1,5,1,
42,18,0,522,80,22,1,5,1,
42,19,755,182,96,22,1,5,1,
43,1,869,423,28,21,1,5,1,
43,2,166,425,83,36,1,5,1,
43,3,642,187,47,14,1,5,1,
43,4,530,0,100,22,1,5,1,
43,5,464,146,144,37,1,5,1,
43,8,139,101,90,31,1,5,1,
43,10,884,308,36,22,1,5,1,
43,12,743,218,19,17,1,5,1,
43,15,939,213,21,20,1,5,1,
43,16,377,236,98,22,1,5,1,
43,17,0,402,27,31,1,5,1,
43,18,3,522,87,22,1,5,1,
43,19,762,182,96,22,1,5,1,
44,1,868,421,28,21,1,5,1,
44,2,174,426,83,38,1,5,1,
44,3,648,188,46,14,1,5,1,
44,4,537,0,100,21,1,5,1,
44,5,475,146,143,37,1,5,1,
44,8,146,99,93,31,1,5,1,
44,10,891,308,31,21,1,5,1,
44,12,744,219,18,17,1,5,1,
44,15,941,213,19,20,1,5,1,
44,16,386,236,98,22,1,5,1,
44,17,0,403,30,31,1,5,1,
44,18,12,525,87,19,1,5,1,
44,19,769,182,96,22,1,5,1,
45,1,866,420,28,21,1,5,1,
45,2,182,427,83,40,1,5,1,
45,3,654,188,45,14,1,5,1,
45,4,543,0,102,20,1,5,1,
45,5,485,146,142,37,1,5,1,
45,8,153,97,96,32,1,5,1,
45,10,892,307,31,22,1,5,1,
45,12,744,220,18,16,1,5,1,
45,15,943,214,17,19,1,5,1,
45,16,395,236,98,22,1,5,1,
45,17,0,405,33,31,1,5,1,
45,19,776,182,96,22,1,5,1,
46,1,865,419,28,20,1,5,1,
46,2,189,429,85,41,1,5,1,
46,3,660,189,44,14,1,5,1,
46,4,550,0,103,19,1,5,1,
46,5,496,147,141,37,1,5,1,
46,8,160,95,100,32,1,5,1,
46,10,894,307,30,21,1,5,1,
46,12,745,221,18,16,1,5,1,
46,15,945,214,15,19,1,5,1,
46,16,404,236,98,22,1,5,1,
46,17,0,406,37,32,1,5,1,
46,19,782,182,97,22,1,5,1,
47,1,863,417,29,21,1,5,1,
47,2,195,431,88,41,1,5,1,
47,3,665,189,44,14,1,5,1,
47,4,557,0,103,19,1,5,1,
47,5,506,147,140,37,1,5,1,
47,8,170,92,94,33,1,5,1,
47,10,896,306,30,21,1,5,1,
47,12,745,222,18,15,1,5,1,
47,15,946,214,14,20,1,5,1,
47,16,412,236,99,22,1,5,1,
47,17,0,407,40,33,1,5,1,
47,19,789,182,98,22,1,5,1,
48,1,862,416,28,20,1,5,1,
48,2,202,433,91,42,1,5,1,
48,3,671,190,42,14,1,5,1,
48,4,564,0,104,18,1,5,1,
48,5,517,148,138,36,1,5,1,
48,8,182,88,85,34,1,5,1,
48,10,898,306,29,21,1,5,1,
48,12,746,222,18,15,1,5,1,
48,15,947,215,13,19,1,5,1,
48,16,422,236,98,22,1,5,1,
48,17,0,409,44,32,1,5,1,
48,19,796,182,99,22,1,5,1,
49,1,860,415,28,20,1,5,1,
49,2,208,435,95,43,1,5,1,
49,3,676,190,42,14,1,5,1,
49,4,571,-1,105,18,1,5,1,
49,5,527,148,138,37,1,5,1,
49,8,193,85,83,35,1,5,1,
49,10,899,305,29,21,1,5,1,
49,12,747,223,18,15,1,5,1,
49,15,948,215,12,19,1,5,1,
49,16,431,236,98,22,1,5,1,
49,17,0,409,48,34,1,5,1,
49,19,803,182,99,22,1,5,1,
50,1,858,414,29,19,1,5,1,
50,2,216,437,97,44,1,5,1,
50,3,682,191,40,13,1,5,1,
50,4,578,-1,105,18,1,5,1,
50,5,537,149,137,36,1,5,1,
50,8,201,83,84,35,1,5,1,
50,10,901,305,29,20,1,5,1,
50,12,748,224,18,14,1,5,1,
50,15,949,216,11,18,1,5,1,
50,16,440,236,98,22,1,5,1,
50,17,0,409,52,36,1,5,1,
50,19,811,181,94,23,1,5,1,
51,1,856,412,29,20,1,5,1,
51,2,223,440,101,44,1,5,1,
51,3,687,191,39,14,1,5,1,
51,4,585,-1,106,17,1,5,1,
51,5,547,149,136,36,1,5,1,
51,8,208,80,87,35,1,5,1,
51,10,902,305,29,20,1,5,1,
51,12,749,224,17,14,1,5,1,
51,16,449,236,98,22,1,5,1,
51,17,2,410,54,37,1,5,1,
51,19,820,181,88,23,1,5,1,
52,1,854,411,30,19,1,5,1,
52,2,230,442,105,45,1,5,1,
52,3,693,192,36,13,1,5,1,
52,4,592,-2,106,18,1,5,1,
52,5,557,150,135,35,1,5,1,
52,8,214,77,91,36,1,5,1,
52,10,903,304,29,20,1,5,1,
52,12,750,225,17,13,1,5,1,
52,16,457,236,99,22,1,5,1,
52,17,5,411,56,38,1,5,1,
52,19,830,181,79,23,1,5,1,
53,1,852,410,30,19,1,5,1,
53,2,237,444,109,46,1,5,1,
53,3,698,193,35,13,1,5,1,
53,4,599,-2,107,17,1,5,1,
53,5,567,150,134,36,1,5,1,
53,8,220,73,96,37,1,5,1,
53,10,904,304,29,19,1,5,1,
53,12,752,225,17,14,1,5,1,
53,16,466,236,99,22,1,5,1,
53,17,8,413,58,38,1,5,1,
53,19,840,182,70,22,1,5,1,
54,1,850,409,30,19,1,5,1,
54,2,245,447,113,46,1,5,1,
54,3,703,193,33,13,1,5,1,
54,4,606,-2,107,17,1,5,1,
54,5,577,150,132,36,1,5,1,
54,8,227,70,100,38,1,5,1,
54,10,905,304,28,19,1,5,1,
54,12,754,226,18,13,1,5,1,
54,16,475,236,99,22,1,5,1,
54,17,11,414,61,38,1,5,1,
54,19,851,182,58,22,1,5,1,
55,1,849,408,30,18,1,5,1,
55,2,253,449,117,48,1,5,1,
55,3,707,194,32,12,1,5,1,
55,4,613,-2,108,17,1,5,1,
55,5,587,151,131,35,1,5,1,
55,8,234,67,104,38,1,5,1,
55,10,906,303,28,19,1,5,1,
55,12,753,226,24,14,1,5,1,
55,16,484,236,98,22,1,5,1,
55,17,14,416,64,38,1,5,1,
55,19,861,183,47,21,1,5,1,
56,1,847,406,30,19,1,5,1,
56,2,262,452,121,48,1,5,1,
56,3,712,194,31,13,1,5,1,
56,4,624,-2,104,16,1,5,1,
56,5,597,151,129,36,1,5,1,
56,8,241,64,109,39,1,5,1,
56,10,906,303,28,19,1,5,1,
56,12,753,227,30,13,1,5,1,
56,16,493,236,98,22,1,5,1,
56,17,18,417,66,39,1,5,1,
56,19,871,183,39,22,1,5,1,
57,1,845,405,30,18,1,5,1,
57,2,271,455,125,48,1,5,1,
57,3,716,195,30,13,1,5,1,
57,4,653,-2,83,16,1,5,1,
57,5,607,152,127,35,1,5,1,
57,8,249,61,114,39,1,5,1,
57,10,907,302,27,19,1,5,1,
57,12,754,227,32,13,1,5,1,
57,16,502,236,97,22,1,5,1,
57,17,22,419,68,39,1,5,1,
57,19,878,183,34,22,1,5,1,
58,1,843,404,30,18,1,5,1,
58,2,281,458,129,48,1,5,1,
58,3,720,196,29,12,1,5,1,
58,4,670,-2,73,16,1,5,1,
58,5,617,153,125,35,1,5,1,
58,8,257,58,119,40,1,5,1,
58,10,907,302,27,18,1,5,1,
58,12,757,227,32,13,1,5,1,
58,14,944,260,15,18,1,5,1,
58,16,511,236,96,22,1,5,1,
58,17,26,421,70,39,1,5,1,
58,19,883,184,31,22,1,5,1,
59,1,841,403,30,18,1,5,1,
59,2,291,461,133,49,1,5,1,
59,3,724,196,28,13,1,5,1,
59,4,681,-2,69,16,1,5,1,
59,5,627,153,123,35,1,5,1,
59,8,266,55,124,40,1,5,1,
59,10,908,302,27,18,1,5,1,
59,12,760,228,31,13,1,5,1,
59,14,942,259,17,19,1,5,1,
59,16,521,236,95,22,1,5,1,
59,17,30,422,73,40,1,5,1,
59,19,886,185,30,22,1,5,1,
60,1,839,402,30,17,1,5,1,
60,2,302,464,137,49,1,5,1,
60,3,728,197,27,12,1,5,1,
60,4,691,-2,67,16,1,5,1,
60,5,637,154,121,34,1,5,1,
60,8,275,51,129,42,1,5,1,
60,10,908,301,27,18,1,5,1,
60,12,764,228,30,13,1,5,1,
60,14,939,259,20,19,1,5,1,
60,16,530,236,94,22,1,5,1,
60,17,34,424,76,40,1,5,1,
60,19,889,185,28,22,1,5,1,
61,1,837,401,31,17,1,5,1,
61,2,312,466,142,51,1,5,1,
61,3,732,198,25,12,1,5,1,
61,4,699,-2,66,16,1,5,1,
61,5,647,154,119,35,1,5,1,
61,8,285,48,134,42,1,5,1,
61,10,909,301,26,18,1,5,1,
61,12,768,228,29,13,1,5,1,
61,14,937,258,22,20,1,5,1,
61,16,539,237,93,21,1,5,1,
61,17,39,425,78,41,1,5,1,
61,19,891,186,28,22,1,5,1,
62,1,835,400,31,17,1,5,1,
62,2,324,470,145,50,1,5,1,
62,3,735,198,25,12,1,5,1,
62,4,708,-1,64,15,1,5,1,
62,5,656,155,117,34,1,5,1,
62,8,295,45,140,43,1,5,1,
62,10,909,301,26,17,1,5,1,
62,12,772,229,27,12,1,5,1,
62,14,934,258,25,20,1,5,1,
62,16,548,237,92,21,1,5,1,
62,17,44,427,81,41,1,5,1,
62,19,892,187,28,21,1,5,1,
63,1,833,399,31,16,1,5,1,
63,2,335,473,151,51,1,5,1,
63,3,739,199,22,12,1,5,1,
63,4,716,-1,63,15,1,5,1,
63,5,666,155,114,35,1,5,1,
63,8,305,42,146,43,1,5,1,
63,10,909,300,26,18,1,5,1,
63,12,775,229,26,13,1,5,1,
63,14,931,258,28,21,1,5,1,
63,16,557,237,90,22,1,5,1,
63,17,49,429,83,41,1,5,1,
63,19,893,187,28,22,1,5,1,
64,1,831,398,31,16,1,5,1,
64,2,348,476,154,52,1,5,1,
64,3,743,199,20,12,1,5,1,
64,4,724,-1,62,15,1,5,1,
64,5,675,156,112,34,1,5,1,
64,8,317,39,150,44,1,5,1,
64,10,910,300,25,17,1,5,1,
64,12,779,229,24,13,1,5,1,
64,14,929,258,30,20,1,5,1,
64,16,566,237,89,22,1,5,1,
64,17,54,431,86,41,1,5,1,
64,19,895,188,28,21,1,5,1,
65,1,829,397,31,16,1,5,1,
65,2,360,479,159,52,1,5,1,
65,3,746,200,19,12,1,5,1,
65,4,731,0,62,14,1,5,1,
65,5,684,157,110,33,1,5,1,
65,8,328,37,157,43,1,5,1,
65,10,910,300,25,17,1,5,1,
65,12,782,230,23,12,1,5,1,
65,14,926,258,33,20,1,5,1,
65,16,575,237,87,22,1,5,1,
65,17,59,432,89,42,1,5,1,
65,19,896,189,28,21,1,5,1,
66,1,827,396,31,16,1,5,1,
66,2,373,482,164,53,1,5,1,
66,3,749,201,18,11,1,5,1,
66,4,738,0,61,15,1,5,1,
66,5,693,157,108,34,1,5,1,
66,8,339,34,163,44,1,5,1,
66,10,910,299,25,17,1,5,1,
66,12,785,230,22,12,1,5,1,
66,14,923,259,36,19,1,5,1,
66,16,583,237,87,22,1,5,1,
66,17,65,434,91,42,1,5,1,
66,19,897,189,28,21,1,5,1,
67,1,825,395,31,16,1,5,1,
67,2,385,485,170,53,1,5,1,
67,3,751,201,18,12,1,5,1,
67,4,744,0,62,15,1,5,1,
67,5,701,158,106,33,1,5,1,
67,8,351,31,169,45,1,5,1,
67,10,910,299,24,17,1,5,1,
67,12,788,230,21,13,1,5,1,
67,14,921,259,38,19,1,5,1,
67,16,591,237,86,22,1,5,1,
67,17,70,436,95,42,1,5,1,
67,19,898,190,28,21,1,5,1,
68,1,822,394,32,15,1,5,1,
68,2,399,488,174,53,1,5,1,
68,3,753,202,17,12,1,5,1,
68,4,751,0,61,15,1,5,1,
68,5,710,159,104,33,1,5,1,
68,8,364,29,175,45,1,5,1,
68,10,910,299,24,16,1,5,1,
68,12,790,230,21,12,1,5,1,
68,14,919,259,40,19,1,5,1,
68,16,600,237,84,22,1,5,1,
68,17,76,437,98,43,1,5,1,
68,19,899,191,27,20,1,5,1,
69,1,820,393,32,15,1,5,1,
69,2,413,491,179,52,1,5,1,
69,3,755,203,17,11,1,5,1,
69,4,757,0,62,15,1,5,1,
69,5,718,159,102,33,1,5,1,
69,8,376,26,182,46,1,5,1,
69,10,910,299,24,16,1,5,1,
69,12,793,231,20,11,1,5,1,
69,14,918,259,36,19,1,5,1,
69,16,608,238,83,21,1,5,1,
69,17,82,439,101,43,1,5,1,
69,19,900,192,27,20,1,5,1,
70,1,818,392,31,15,1,5,1,
70,2,433,496,178,47,1,5,1,
70,3,759,203,15,11,1,5,1,
70,4,765,0,60,16,1,5,1,
70,5,730,160,96,33,1,5,1,
70,8,395,24,182,46,1,5,1,
70,10,910,298,24,16,1,5,1,
70,12,799,231,15,12,1,5,1,
70,14,916,259,33,19,1,5,1,
70,16,619,238,78,21,1,5,1,
70,17,91,441,102,43,1,5,1,
70,19,901,192,27,20,1,5,1,
71,1,816,391,31,14,1,5,1,
71,2,452,500,179,43,1,5,1,
71,3,762,204,14,11,1,5,1,
71,4,772,0,59,16,1,5,1,
71,5,740,161,92,32,1,5,1,
71,8,413,22,184,46,1,5,1,
71,10,910,298,24,16,1,5,1,
71,12,800,232,15,11,1,5,1,
71,14,914,259,34,19,1,5,1,
71,16,629,238,75,21,1,5,1,
71,17,99,443,103,43,1,5,1,
71,19,902,193,27,20,1,5,1,
72,1,814,390,31,14,1,5,1,
72,2,465,502,186,41,1,5,1,
72,3,763,204,14,11,1,5,1,
72,4,776,0,61,17,1,5,1,
72,5,746,161,92,33,1,5,1,
72,8,425,20,191,46,1,5,1,
72,10,910,298,23,15,1,5,1,
72,12,801,232,15,11,1,5,1,
72,14,912,259,34,19,1,5,1,
72,16,635,238,75,21,1,5,1,
72,17,104,444,108,44,1,5,1,
72,19,903,193,26,20,1,5,1,
73,2,488,506,184,37,1,5,1,
73,3,766,205,13,11,1,5,1,
73,4,784,0,59,17,1,5,1,
73,5,757,162,87,32,1,5,1,
73,8,447,18,189,47,1,5,1,
73,10,910,297,23,16,1,5,1,
73,12,802,232,14,12,1,5,1,
73,14,910,260,34,17,1,5,1,
73,16,646,238,71,21,1,5,1,
73,17,114,447,108,43,1,5,1,
73,19,903,194,27,20,1,5,1,
74,2,498,508,194,35,1,5,1,
74,3,767,205,13,11,1,5,1,
74,4,786,0,63,18,1,5,1,
74,5,761,162,88,33,1,5,1,
74,8,457,16,200,48,1,5,1,
74,10,910,297,23,15,1,5,1,
74,12,803,233,14,11,1,5,1,
74,14,908,260,35,18,1,5,1,
74,16,650,238,73,21,1,5,1,
74,17,118,448,115,44,1,5,1,
74,19,904,195,26,19,1,5,1,
75,2,510,510,199,33,1,5,1,
75,3,768,206,13,11,1,5,1,
75,4,789,0,66,19,1,5,1,
75,5,766,163,88,32,1,5,1,
75,8,468,15,209,47,1,5,1,
75,10,910,297,22,15,1,5,1,
75,12,803,233,15,11,1,5,1,
75,14,906,260,36,18,1,5,1,
75,16,655,239,74,20,1,5,1,
75,17,124,449,119,45,1,5,1,
75,19,905,195,26,20,1,5,1,
76,2,527,513,200,31,1,5,1,
76,3,770,207,12,10,1,5,1,
76,4,792,0,69,19,1,5,1,
76,5,773,164,86,32,1,5,1,
76,8,484,13,213,48,1,5,1,
76,10,909,297,23,15,1,5,1,
76,12,804,233,14,11,1,5,1,
76,14,904,260,35,17,1,5,1,
76,16,662,239,73,20,1,5,1,
76,17,132,451,122,45,1,5,1,
76,19,905,196,26,19,1,5,1,
77,2,544,515,201,29,1,5,1,
77,3,771,207,12,11,1,5,1,
77,4,795,0,71,20,1,5,1,
77,5,779,165,85,31,1,5,1,
77,8,502,12,215,48,1,5,1,
77,10,909,296,22,15,1,5,1,
77,12,805,234,14,11,1,5,1,
77,13,0,479,41,43,1,5,1,
77,14,902,260,35,17,1,5,1,
77,15,951,226,8,15,1,5,1,
77,16,669,239,71,20,1,5,1,
77,17,140,453,126,45,1,5,1,
77,19,905,197,26,19,1,5,1,
78,2,566,518,199,26,1,5,1,
78,3,772,208,12,10,1,5,1,
78,4,801,0,70,21,1,5,1,
78,5,788,166,81,31,1,5,1,
78,8,523,10,214,49,1,5,1,
78,10,909,296,22,15,1,5,1,
78,12,805,234,14,11,1,5,1,
78,13,0,474,59,52,1,5,1,
78,14,900,260,35,17,1,5,1,
78,15,950,226,9,15,1,5,1,
78,16,677,239,69,20,1,5,1,
78,17,150,455,127,45,1,5,1,
78,19,906,198,25,18,1,5,1,
79,2,586,521,201,23,1,5,1,
79,3,773,208,12,11,1,5,1,
79,4,805,0,72,21,1,5,1,
79,5,795,166,79,31,1,5,1,
79,8,542,9,215,50,1,5,1,
79,10,908,296,22,14,1,5,1,
79,12,806,234,14,11,1,5,1,
79,13,0,475,76,56,1,5,1,
79,14,898,260,35,17,1,5,1,
79,15,949,227,10,14,1,5,1,
79,16,684,239,67,20,1,5,1,
79,17,158,457,131,45,1,5,1,
79,19,906,198,25,19,1,5,1,
80,2,606,524,204,20,1,5,1,
80,3,774,209,12,10,1,5,1,
80,4,811,0,71,22,1,5,1,
80,5,802,167,76,31,1,5,1,
80,8,562,8,215,50,1,5,1,
80,10,908,296,22,14,1,5,1,
80,12,806,235,14,10,1,5,1,
80,13,0,478,95,57,1,5,1,
80,14,896,261,35,16,1,5,1,
80,15,948,227,11,14,1,5,1,
80,16,691,240,65,20,1,5,1,
80,17,168,459,133,45,1,5,1,
80,19,907,199,24,19,1,5,1,
81,2,626,526,207,18,1,5,1,
81,3,775,210,12,10,1,5,1,
81,4,815,0,72,23,1,5,1,
81,5,808,168,74,30,1,5,1,
81,8,581,7,215,50,1,5,1,
81,10,908,295,21,15,1,5,1,
81,12,807,235,13,11,1,5,1,
81,13,0,481,114,58,1,5,1,
81,14,893,261,35,16,1,5,1,
81,15,948,227,11,15,1,5,1,
81,16,698,240,63,20,1,5,1,
81,17,177,460,136,47,1,5,1,
81,19,907,200,23,18,1,5,1,
82,2,646,528,210,16,1,5,1,
82,3,775,210,12,10,1,5,1,
82,4,816,0,76,24,1,5,1,
82,5,815,169,72,30,1,5,1,
82,8,601,6,215,51,1,5,1,
82,10,907,295,21,14,1,5,1,
82,12,807,235,14,11,1,5,1,
82,13,0,484,135,58,1,5,1,
82,14,891,261,35,16,1,5,1,
82,15,947,227,12,15,1,5,1,
82,16,704,240,62,20,1,5,1,
82,17,186,462,140,47,1,5,1,
82,19,906,200,24,19,1,5,1,
83,3,776,211,12,10,1,5,1,
83,4,821,0,76,25,1,5,1,
83,5,821,169,70,30,1,5,1,
83,8,620,5,216,52,1,5,1,
83,10,907,295,21,14,1,5,1,
83,12,808,236,13,10,1,5,1,
83,13,0,486,155,57,1,5,1,
83,14,886,261,39,16,1,5,1,
83,15,946,228,14,14,1,5,1,
83,16,711,240,60,20,1,5,1,
83,17,195,464,144,47,1,5,1,
83,19,906,201,23,18,1,5,1,
84,3,777,211,12,10,1,5,1,
84,4,824,0,77,26,1,5,1,
84,5,827,170,68,30,1,5,1,
84,8,640,4,216,52,1,5,1,
84,10,907,295,20,14,1,5,1,
84,12,808,236,13,10,1,5,1,
84,13,0,487,177,56,1,5,1,
84,14,883,261,41,16,1,5,1,
84,15,945,228,14,14,1,5,1,
84,16,717,240,59,20,1,5,1,
84,17,205,466,147,47,1,5,1,
84,19,906,202,23,18,1,5,1,
85,3,777,212,12,9,1,5,1,
85,4,830,0,76,27,1,5,1,
85,5,832,171,66,29,1,5,1,
85,8,659,4,216,52,1,5,1,
85,10,906,295,20,13,1,5,1,
85,12,809,236,13,10,1,5,1,
85,13,9,489,190,54,1,5,1,
85,14,880,261,43,16,1,5,1,
85,15,944,228,15,14,1,5,1,
85,16,722,241,58,19,1,5,1,
85,17,215,467,150,48,1,5,1,
85,19,905,202,23,18,1,5,1,
86,3,778,212,11,10,1,5,1,
86,4,835,0,75,28,1,5,1,
86,5,838,172,64,29,1,5,1,
86,8,680,3,214,53,1,5,1,
86,10,906,294,20,14,1,5,1,
86,12,809,237,13,10,1,5,1,
86,13,26,492,195,51,1,5,1,
86,14,877,261,43,16,1,5,1,
86,15,943,229,16,14,1,5,1,
86,16,728,241,57,19,1,5,1,
86,17,226,469,152,48,1,5,1,
86,19,905,203,22,18,1,5,1,
87,3,778,213,12,9,1,5,1,
87,4,841,0,73,29,1,5,1,
87,5,843,172,62,30,1,5,1,
87,8,699,3,215,53,1,5,1,
87,10,905,294,20,14,1,5,1,
87,12,810,237,12,10,1,5,1,
87,13,42,495,203,48,1,5,1,
87,14,874,261,43,16,1,5,1,
87,15,942,229,17,14,1,5,1,
87,16,734,241,55,19,1,5,1,
87,17,236,471,156,48,1,5,1,
87,19,904,204,23,17,1,5,1,
88,3,778,213,12,10,1,5,1,
88,4,846,0,73,30,1,5,1,
88,5,849,173,60,29,1,5,1,
88,8,719,3,214,53,1,5,1,
88,10,905,294,20,13,1,5,1,
88,12,810,237,13,10,1,5,1,
88,13,60,498,206,45,1,5,1,
88,14,871,262,42,15,1,5,1,
88,15,941,229,18,14,1,5,1,
88,16,740,241,53,19,1,5,1,
88,17,247,473,159,48,1,5,1,
88,19,904,204,22,18,1,5,1,
89,3,779,214,11,9,1,5,1,
89,4,852,1,71,30,1,5,1,
89,5,854,174,58,29,1,5,1,
89,8,741,3,211,53,1,5,1,
89,10,904,294,20,13,1,5,1,
89,12,811,238,12,9,1,5,1,
89,13,80,501,207,42,1,5,1,
89,14,868,262,41,15,1,5,1,
89,15,940,230,19,13,1,5,1,
89,16,745,241,52,19,1,5,1,
89,17,259,475,161,48,1,5,1,
89,19,903,205,22,17,1,5,1,
90,3,779,214,11,10,1,5,1,
90,4,858,2,69,30,1,5,1,
90,5,860,174,55,29,1,5,1,
90,8,761,3,198,53,1,5,1,
90,10,904,293,19,14,1,5,1,
90,12,811,238,13,10,1,5,1,
90,13,100,504,209,39,1,5,1,
90,14,866,262,40,15,1,5,1,
90,15,939,230,20,13,1,5,1,
90,16,751,242,50,18,1,5,1,
90,17,271,476,164,48,1,5,1,
90,19,903,206,22,16,1,5,1,
91,3,779,215,12,9,1,5,1,
91,4,863,3,67,30,1,5,1,
91,5,864,175,54,29,1,5,1,
91,8,779,3,181,53,1,5,1,
91,10,904,293,19,13,1,5,1,
91,12,812,238,12,10,1,5,1,
91,13,118,507,214,37,1,5,1,
91,14,864,262,39,15,1,5,1,
91,15,938,230,21,14,1,5,1,
91,16,756,242,49,18,1,5,1,
91,17,282,478,168,48,1,5,1,
91,19,902,206,22,17,1,5,1,
92,3,780,215,11,9,1,5,1,
92,4,868,4,66,30,1,5,1,
92,5,869,176,51,28,1,5,1,
92,8,799,3,161,54,1,5,1,
92,10,903,293,19,13,1,5,1,
92,12,813,238,12,10,1,5,1,
92,13,139,510,217,34,1,5,1,
92,14,862,262,37,14,1,5,1,
92,15,937,230,21,14,1,5,1,
92,16,761,242,47,18,1,5,1,
92,17,294,480,170,48,1,5,1,
92,19,902,207,22,16,1,5,1,
93,3,780,216,11,9,1,5,1,
93,4,873,5,65,30,1,5,1,
93,5,873,177,50,28,1,5,1,
93,8,818,3,142,54,1,5,1,
93,10,903,293,18,13,1,5,1,
93,12,813,239,13,9,1,5,1,
93,13,159,512,221,32,1,5,1,
93,14,859,262,37,14,1,5,1,
93,15,936,231,21,13,1,5,1,
93,16,765,242,47,19,1,5,1,
93,17,306,481,174,49,1,5,1,
93,19,901,207,22,17,1,5,1,
94,3,780,216,11,9,1,5,1,
94,4,878,6,63,30,1,5,1,
94,5,878,177,48,28,1,5,1,
94,8,838,3,122,54,1,5,1,
94,10,902,293,19,12,1,5,1,
94,12,814,239,12,9,1,5,1,
94,13,182,515,225,29,1,5,1,
94,14,857,262,36,14,1,5,1,
94,15,935,231,21,13,1,5,1,
94,16,770,243,45,18,1,5,1,
94,17,319,483,176,49,1,5,1,
94,19,900,208,23,16,1,5,1,
95,3,780,217,11,9,1,5,1,
95,4,883,7,61,31,1,5,1,
95,5,882,178,46,28,1,5,1,
95,8,857,4,103,40,1,5,1,
95,10,902,293,18,12,1,5,1,
95,12,815,239,12,10,1,5,1,
95,13,204,517,232,27,1,5,1,
95,14,855,262,35,14,1,5,1,
95,15,934,231,21,13,1,5,1,
95,16,775,243,43,18,1,5,1,
95,17,332,484,178,49,1,5,1,
95,19,898,208,25,16,1,5,1,
96,3,780,217,11,9,1,5,1,
96,4,888,8,59,31,1,5,1,
96,5,886,179,44,27,1,5,1,
96,8,877,5,83,30,1,5,1,
96,10,901,292,18,13,1,5,1,
96,12,816,239,12,10,1,5,1,
96,13,228,519,236,25,1,5,1,
96,14,853,262,34,14,1,5,1,
96,15,933,232,21,13,1,5,1,
96,16,779,243,42,18,1,5,1,
96,17,345,486,181,49,1,5,1,
96,19,898,209,24,16,1,5,1,
97,3,781,218,10,8,1,5,1,
97,4,893,9,58,31,1,5,1,
97,5,890,180,43,27,1,5,1,
97,8,896,10,64,20,1,5,1,
97,10,900,292,18,12,1,5,1,
97,12,817,240,12,9,1,5,1,
97,14,851,262,33,14,1,5,1,
97,15,931,232,22,13,1,5,1,
97,16,784,243,40,18,1,5,1,
97,17,358,487,184,49,1,5,1,
97,19,896,209,25,16,1,5,1,
98,3,782,218,10,9,1,5,1,
98,4,897,11,57,30,1,5,1,
98,5,894,180,41,27,1,5,1,
98,10,899,292,19,12,1,5,1,
98,12,818,240,12,9,1,5,1,
98,14,849,263,32,13,1,5,1,
98,15,930,232,21,13,1,5,1,
98,16,787,243,40,18,1,5,1,
98,17,371,488,187,50,1,5,1,
98,19,896,210,24,15,1,5,1,
99,3,782,219,11,8,1,5,1,
99,4,901,12,55,31,1,5,1,
99,5,897,181,41,27,1,5,1,
99,10,898,292,19,12,1,5,1,
99,12,818,240,11,9,1,5,1,
99,14,847,263,32,13,1,5,1,
99,15,929,232,21,13,1,5,1,
99,16,791,244,39,17,1,5,1,
99,17,383,490,191,49,1,5,1,
99,19,895,210,24,16,1,5,1,
100,3,783,219,10,8,1,5,1,
100,4,905,13,54,31,1,5,1,
100,5,900,182,40,26,1,5,1,
100,10,897,292,19,12,1,5,1,
100,12,817,240,12,9,1,5,1,
100,14,844,263,32,13,1,5,1,
100,15,928,233,21,12,1,5,1,
100,16,795,244,38,17,1,5,1,
100,17,397,491,193,50,1,5,1,
100,19,893,211,25,15,1,5,1,
101,3,783,220,10,8,1,5,1,
101,4,909,14,50,31,1,5,1,
101,5,903,183,39,26,1,5,1,
101,10,895,291,21,12,1,5,1,
101,12,815,240,12,9,1,5,1,
101,14,842,263,31,13,1,5,1,
101,15,926,233,22,13,1,5,1,
101,16,798,244,37,17,1,5,1,
101,17,410,492,197,50,1,5,1,
101,19,892,211,25,15,1,5,1,
102,3,783,220,10,8,1,5,1,
102,4,913,16,46,31,1,5,1,
102,5,906,184,38,26,1,5,1,
102,10,894,291,21,12,1,5,1,
102,12,814,241,13,8,1,5,1,
102,14,841,263,30,13,1,5,1,
102,15,925,233,22,13,1,5,1,
102,16,802,244,36,17,1,5,1,
102,17,425,493,199,50,1,5,1,
102,19,891,212,26,15,1,5,1,
103,3,783,220,11,8,1,5,1,
103,4,917,17,43,31,1,5,1,
103,5,910,184,36,26,1,5,1,
103,10,892,291,22,12,1,5,1,
103,12,813,241,14,9,1,5,1,
103,14,839,263,29,13,1,5,1,
103,15,924,234,22,12,1,5,1,
103,16,805,245,35,16,1,5,1,
103,17,439,494,201,49,1,5,1,
103,19,889,212,27,15,1,5,1,
104,3,784,221,10,8,1,5,1,
104,4,921,18,39,31,1,5,1,
104,5,913,185,35,26,1,5,1,
104,10,891,291,22,11,1,5,1,
104,12,814,241,11,9,1,5,1,
104,14,838,263,27,13,1,5,1,
104,15,922,234,22,12,1,5,1,
104,16,809,245,34,16,1,5,1,
104,17,455,495,202,48,1,5,1,
104,19,888,213,26,15,1,5,1,
105,3,784,221,10,8,1,5,1,
105,4,925,20,35,31,1,5,1,
105,5,915,186,35,25,1,5,1,
105,10,890,291,21,11,1,5,1,
105,12,812,241,12,9,1,5,1,
105,14,836,263,27,13,1,5,1,
105,15,921,234,22,12,1,5,1,
105,16,812,245,33,16,1,5,1,
105,17,469,496,205,47,1,5,1,
105,19,887,213,26,15,1,5,1,
106,3,784,222,10,7,1,5,1,
106,4,928,21,32,31,1,5,1,
106,5,918,187,33,25,1,5,1,
106,10,888,291,22,11,1,5,1,
106,12,811,242,13,8,1,5,1,
106,14,833,263,28,13,1,5,1,
106,15,920,234,22,12,1,5,1,
106,16,816,245,31,17,1,5,1,
106,17,485,496,206,47,1,5,1,
106,19,884,214,29,14,1,5,1,
107,3,784,222,10,8,1,5,1,
107,4,932,22,28,31,1,5,1,
107,5,920,187,33,25,1,5,1,
107,10,886,290,22,12,1,5,1,
107,12,810,242,14,8,1,5,1,
107,14,831,263,29,13,1,5,1,
107,15,918,235,22,12,1,5,1,
107,16,819,245,30,17,1,5,1,
107,17,500,497,208,46,1,5,1,
107,19,882,214,30,15,1,5,1,
108,3,784,222,10,8,1,5,1,
108,4,935,24,25,31,1,5,1,
108,5,921,188,33,25,1,5,1,
108,10,885,290,22,11,1,5,1,
108,12,809,242,14,8,1,5,1,
108,14,829,263,29,13,1,5,1,
108,15,917,235,22,12,1,5,1,
108,16,822,246,29,16,1,5,1,
108,17,516,498,208,45,1,5,1,
108,19,880,215,31,14,1,5,1,
109,3,784,223,9,7,1,5,1,
109,4,938,25,22,30,1,5,1,
109,5,923,189,32,24,1,5,1,
109,10,883,290,23,11,1,5,1,
109,12,807,242,15,8,1,5,1,
109,14,826,264,30,12,1,5,1,
109,15,915,235,23,12,1,5,1,
109,16,825,246,27,16,1,5,1,
109,17,532,499,209,44,1,5,1,
109,19,878,215,31,14,1,5,1,
110,3,783,223,10,8,1,5,1,
110,4,942,27,18,30,1,5,1,
110,5,924,189,32,25,1,5,1,
110,10,881,290,23,11,1,5,1,
110,12,807,243,14,8,1,5,1,
110,14,824,264,30,12,1,5,1,
110,16,827,246,27,16,1,5,1,
110,17,548,499,210,44,1,5,1,
110,19,876,216,31,14,1,5,1,
111,3,783,223,10,8,1,5,1,
111,4,944,28,16,30,1,5,1,
111,5,925,190,32,24,1,5,1,
111,10,880,290,23,11,1,5,1,
111,12,805,243,15,8,1,5,1,
111,14,822,264,30,12,1,5,1,
111,16,830,246,26,16,1,5,1,
111,17,562,500,213,43,1,5,1,
111,19,874,216,31,14,1,5,1,
112,3,783,224,10,7,1,5,1,
112,5,926,191,32,24,1,5,1,
112,10,878,290,23,10,1,5,1,
112,12,803,243,16,8,1,5,1,
112,14,820,264,30,12,1,5,1,
112,16,832,246,26,16,1,5,1,
112,17,579,500,213,43,1,5,1,
112,19,872,217,31,13,1,5,1,
113,3,783,224,9,8,1,5,1,
113,5,927,191,32,24,1,5,1,
113,10,876,289,24,11,1,5,1,
113,12,803,243,15,8,1,5,1,
113,14,818,264,30,12,1,5,1,
113,16,834,247,26,15,1,5,1,
113,17,592,500,223,43,1,5,1,
113,19,870,217,32,14,1,5,1,
114,3,782,225,10,7,1,5,1,
114,5,928,192,31,24,1,5,1,
114,10,874,289,24,11,1,5,1,
114,12,801,243,16,8,1,5,1,
114,14,815,264,31,12,1,5,1,
114,16,837,247,24,15,1,5,1,
114,17,607,502,229,41,1,5,1,
114,19,868,218,32,13,1,5,1,
115,3,782,225,9,7,1,5,1,
115,5,929,193,30,23,1,5,1,
115,10,872,289,24,11,1,5,1,
115,12,800,244,16,7,1,5,1,
115,14,813,264,31,12,1,5,1,
115,16,839,247,24,15,1,5,1,
115,17,621,504,233,39,1,5,1,
115,19,865,218,33,13,1,5,1,
116,3,782,225,9,8,1,5,1,
116,5,930,194,29,23,1,5,1,
116,10,870,289,24,10,1,5,1,
116,12,798,244,16,8,1,5,1,
116,14,811,264,31,12,1,5,1,
116,16,841,247,23,15,1,5,1,
116,17,637,506,235,37,1,5,1,
116,19,863,218,33,14,1,5,1,
117,3,781,226,9,7,1,5,1,
117,5,930,194,29,23,1,5,1,
117,10,868,289,24,10,1,5,1,
117,12,796,244,17,8,1,5,1,
117,13,798,519,162,24,1,5,1,
117,14,809,264,30,11,1,5,1,
117,16,843,247,23,15,1,5,1,
117,17,656,507,233,36,1,5,1,
117,19,861,219,33,13,1,5,1,
118,3,781,226,9,7,1,5,1,
118,5,931,195,28,23,1,5,1,
118,10,866,289,25,10,1,5,1,
118,12,795,244,17,8,1,5,1,
118,13,827,526,133,17,1,5,1,
118,14,807,264,30,11,1,5,1,
118,16,845,248,22,14,1,5,1,
118,17,674,509,233,34,1,5,1,
118,19,859,219,33,13,1,5,1,
119,3,780,226,9,7,1,5,1,
119,5,931,196,28,22,1,5,1,
119,10,864,288,25,11,1,5,1,
119,12,794,245,16,7,1,5,1,
119,13,854,529,106,14,1,5,1,
119,14,805,264,30,11,1,5,1,
119,16,847,248,21,15,1,5,1,
119,17,692,510,232,33,1,5,1,
119,19,857,220,33,13,1,5,1,
120,3,780,227,9,7,1,5,1,
120,5,932,196,27,22,1,5,1,
120,10,862,288,25,10,1,5,1,
120,12,792,245,16,7,1,5,1,
120,13,882,533,78,10,1,5,1,
120,14,803,264,30,11,1,5,1,
120,16,849,248,20,15,1,5,1,
120,17,711,511,230,32,1,5,1,
120,19,854,220,34,13,1,5,1,
121,3,779,227,9,7,1,5,1,
121,5,932,197,27,22,1,5,1,
121,10,860,288,25,10,1,5,1,
121,12,790,245,17,7,1,5,1,
121,14,801,264,29,11,1,5,1,
121,16,851,248,19,15,1,5,1,
121,17,729,512,229,31,1,5,1,
121,19,852,221,34,12,1,5,1,
122,3,778,227,9,7,1,5,1,
122,5,932,198,27,21,1,5,1,
122,10,858,288,25,10,1,5,1,
122,12,789,245,17,8,1,5,1,
122,14,799,264,29,11,1,5,1,
122,16,852,248,19,15,1,5,1,
122,17,747,513,213,30,1,5,1,
122,19,850,221,34,13,1,5,1,
123,3,778,228,9,7,1,5,1,
123,5,932,198,27,22,1,5,1,
123,10,856,288,25,10,1,5,1,
123,12,787,245,18,8,1,5,1,
123,14,797,264,30,11,1,5,1,
123,16,853,249,19,14,1,5,1,
123,17,763,514,197,29,1,5,1,
123,19,847,222,35,12,1,5,1,
124,3,777,228,10,7,1,5,1,
124,5,932,199,27,21,1,5,1,
124,10,853,288,26,9,1,5,1,
124,12,786,246,17,7,1,5,1,
124,14,795,264,29,11,1,5,1,
124,16,854,249,19,14,1,5,1,
124,17,782,514,178,29,1,5,1,
124,19,845,222,35,12,1,5,1,
125,3,776,228,10,7,1,5,1,
125,5,932,200,27,21,1,5,1,
125,10,851,288,26,9,1,5,1,
125,12,784,246,18,7,1,5,1,
125,14,792,265,30,10,1,5,1,
125,16,855,249,19,14,1,5,1,
125,17,799,514,161,29,1,5,1,
125,19,843,222,35,12,1,5,1,
126,3,776,229,9,6,1,5,1,
126,5,932,200,27,21,1,5,1,
126,6,951,239,8,9,1,5,1,
126,10,849,288,26,9,1,5,1,
126,12,782,246,18,7,1,5,1,
126,14,790,265,30,10,1,5,1,
126,16,856,249,18,14,1,5,1,
126,17,819,514,141,29,1,5,1,
126,19,841,223,35,12,1,5,1,
127,3,775,229,10,7,1,5,1,
127,5,932,201,27,21,1,5,1,
127,6,949,238,10,10,1,5,1,
127,10,847,287,26,10,1,5,1,
127,12,781,246,17,7,1,5,1,
127,14,788,265,30,10,1,5,1,
127,16,857,249,18,14,1,5,1,
127,17,838,516,122,27,1,5,1,
127,19,838,223,35,12,1,5,1,
128,3,774,229,10,7,1,5,1,
128,5,932,202,27,20,1,5,1,
128,6,946,237,13,11,1,5,1,
128,10,845,287,26,10,1,5,1,
128,14,787,265,29,10,1,5,1,
128,16,857,250,19,13,1,5,1,
128,17,858,520,102,23,1,5,1,
128,19,836,224,35,11,1,5,1,
129,3,773,230,10,6,1,5,1,
129,5,932,202,27,20,1,5,1,
129,6,944,238,15,10,1,5,1,
129,10,843,287,26,9,1,5,1,
129,14,785,265,29,10,1,5,1,
129,16,858,250,18,13,1,5,1,
129,17,875,524,85,19,1,5,1,
130,5,932,203,27,20,1,5,1,
130,6,941,237,18,12,1,5,1,
130,10,840,287,27,9,1,5,1,
130,14,783,265,29,10,1,5,1,
130,16,859,250,18,13,1,5,1,
130,17,891,526,69,17,1,5,1,
131,5,931,203,28,20,1,5,1,
131,6,939,237,20,12,1,5,1,
131,10,838,287,28,9,1,5,1,
131,14,781,265,29,10,1,5,1,
131,16,859,250,18,13,1,5,1,
132,5,931,204,27,20,1,5,1,
132,6,935,238,24,11,1,5,1,
132,10,836,287,28,9,1,5,1,
132,16,859,250,18,13,1,5,1,
133,5,930,204,27,20,1,5,1,
133,6,933,238,26,11,1,5,1,
133,10,834,287,29,9,1,5,1,
133,16,860,250,17,13,1,5,1,
134,5,930,205,26,20,1,5,1,
134,6,930,238,29,11,1,5,1,
134,10,831,287,30,9,1,5,1,
134,16,860,251,18,13,1,5,1,
135,5,929,206,27,19,1,5,1,
135,6,927,238,32,11,1,5,1,
135,10,829,287,30,8,1,5,1,
135,16,860,251,18,13,1,5,1,
136,5,928,206,27,19,1,5,1,
136,6,925,239,34,11,1,5,1,
136,10,827,286,31,9,1,5,1,
136,16,860,251,18,13,1,5,1,
137,5,928,206,26,20,1,5,1,
137,6,922,239,37,11,1,5,1,
137,16,861,251,17,13,1,5,1,
138,5,927,207,26,19,1,5,1,
138,6,920,239,39,11,1,5,1,
138,16,861,251,17,13,1,5,1,
139,5,926,207,26,19,1,5,1,
139,6,917,239,42,11,1,5,1,
139,16,861,251,17,13,1,5,1,
140,5,925,208,26,19,1,5,1,
140,6,915,240,44,10,1,5,1,
140,16,861,252,16,12,1,5,1,
141,5,924,208,26,19,1,5,1,
141,6,912,240,46,10,1,5,1,
141,16,861,252,16,12,1,5,1,
142,5,923,209,26,19,1,5,1,
142,16,861,252,16,12,1,5,1,
143,5,922,209,27,19,1,5,1,
143,16,860,252,17,12,1,5,1,
144,5,921,210,27,18,1,5,1,
144,16,860,252,16,12,1,5,1,
145,5,920,210,28,19,1,5,1,
145,16,860,252,16,12,1,5,1,
146,5,919,211,28,18,1,5,1,
146,16,860,253,16,11,1,5,1,
147,5,918,211,28,18,1,5,1,
147,16,859,253,16,11,1,5,1,
148,5,917,212,29,18,1,5,1,
148,16,859,253,16,11,1,5,1,
149,5,916,212,29,18,1,5,1,
149,16,859,253,15,11,1,5,1,
150,5,914,213,30,17,1,5,1,
150,16,858,253,16,12,1,5,1,
