1,1,275,73,101,34,1,5,1,
1,2,41,401,24,19,1,5,1,
1,3,17,455,48,27,1,5,1,
1,4,809,266,33,16,1,5,1,
1,5,54,23,75,55,1,5,1,
1,6,843,269,60,11,1,5,1,
1,7,249,507,48,12,1,5,1,
1,8,903,401,27,18,1,5,1,
1,9,494,-25,26,56,1,5,1,
2,1,267,68,106,38,1,5,1,
2,2,42,401,23,21,1,5,1,
2,3,20,455,43,29,1,5,1,
2,4,801,267,42,15,1,5,1,
2,5,55,25,84,57,1,5,1,
2,6,834,269,67,11,1,5,1,
2,7,251,507,51,11,1,5,1,
2,8,904,401,28,18,1,5,1,
2,9,497,-37,26,67,1,5,1,
3,1,261,64,108,42,1,5,1,
3,2,41,401,22,22,1,5,1,
3,3,25,456,39,31,1,5,1,
3,4,793,267,51,15,1,5,1,
3,5,56,27,93,58,1,5,1,
3,6,825,269,73,11,1,5,1,
3,7,254,506,53,12,1,5,1,
3,8,906,400,27,19,1,5,1,
3,9,497,-48,34,76,1,5,1,
4,1,256,59,107,47,1,5,1,
4,2,39,402,22,23,1,5,1,
4,3,30,456,33,35,1,5,1,
4,4,785,267,60,16,1,5,1,
4,5,58,30,100,59,1,5,1,
4,6,817,269,76,11,1,5,1,
4,7,257,506,54,12,1,5,1,
4,8,907,400,26,18,1,5,1,
4,9,496,-60,49,85,1,5,1,
5,1,252,53,102,52,1,5,1,
5,2,35,403,22,24,1,5,1,
5,3,33,457,28,38,1,5,1,
5,4,776,267,69,16,1,5,1,
5,5,62,34,106,58,1,5,1,
5,6,810,269,76,11,1,5,1,
5,7,262,506,53,12,1,5,1,
5,8,907,399,24,18,1,5,1,
6,1,249,48,98,56,1,5,1,
6,2,28,403,29,27,1,5,1,
6,3,31,458,27,43,1,5,1,
6,4,768,267,76,16,1,5,1,
6,5,66,37,112,57,1,5,1,
6,6,803,269,76,11,1,5,1,
6,7,266,506,52,12,1,5,1,
6,8,905,398,25,19,1,5,1,
7,1,249,42,89,60,1,5,1,
7,2,20,404,39,28,1,5,1,
7,3,26,459,29,48,1,5,1,
7,4,760,267,82,16,1,5,1,
7,5,72,41,115,56,1,5,1,
7,6,798,269,74,11,1,5,1,
7,7,271,506,50,12,1,5,1,
7,8,901,397,30,19,1,5,1,
8,1,250,36,79,64,1,5,1,
8,2,11,404,49,31,1,5,1,
8,3,23,460,30,52,1,5,1,
8,4,752,267,88,16,1,5,1,
8,5,80,46,115,53,1,5,1,
8,6,791,269,72,11,1,5,1,
8,7,276,506,47,12,1,5,1,
8,8,894,396,38,20,1,5,1,
9,1,253,30,66,67,1,5,1,
9,2,6,405,55,33,1,5,1,
9,3,21,462,30,54,1,5,1,
9,4,744,267,92,16,1,5,1,
9,5,88,50,116,51,1,5,1,
9,6,784,269,71,11,1,5,1,
9,7,281,507,43,12,1,5,1,
9,8,887,394,46,21,1,5,1,
10,1,253,24,57,70,1,5,1,
10,2,0,406,60,34,1,5,1,
10,3,18,465,31,55,1,5,1,
10,4,738,267,94,16,1,5,1,
10,5,96,55,116,48,1,5,1,
10,6,777,269,70,10,1,5,1,
10,7,285,508,41,12,1,5,1,
10,8,879,392,57,22,1,5,1,
11,1,253,19,47,71,1,5,1,
11,2,-1,408,58,34,1,5,1,
11,3,16,469,31,56,1,5,1,
11,4,731,267,95,16,1,5,1,
11,5,106,59,113,45,1,5,1,
11,6,770,269,68,10,1,5,1,
11,7,290,509,36,13,1,5,1,
11,8,873,391,65,22,1,5,1,
12,1,254,13,43,72,1,5,1,
12,2,-6,410,60,33,1,5,1,
12,3,14,472,32,58,1,5,1,
12,4,726,267,94,15,1,5,1,
12,5,116,64,110,41,1,5,1,
12,6,764,269,67,10,1,5,1,
12,7,295,508,32,16,1,5,1,
12,8,869,389,69,24,1,5,1,
13,1,258,9,43,72,1,5,1,
13,2,-12,411,62,32,1,5,1,
13,3,12,476,32,59,1,5,1,
13,4,721,266,92,16,1,5,1,
13,5,125,68,107,37,1,5,1,
13,6,758,269,66,10,1,5,1,
13,7,299,508,27,19,1,5,1,
13,8,865,388,71,24,1,5,1,
14,1,260,4,51,71,1,5,1,
14,2,-17,413,62,31,1,5,1,
14,3,10,480,33,60,1,5,1,
14,4,717,266,88,16,1,5,1,
14,5,136,72,101,34,1,5,1,
14,6,753,269,63,10,1,5,1,
14,7,303,508,23,24,1,5,1,
14,8,861,386,71,25,1,5,1,
15,1,259,1,67,69,1,5,1,
15,2,-23,415,63,30,1,5,1,
15,3,8,483,34,60,1,5,1,
15,4,714,266,83,16,1,5,1,
15,5,146,75,96,32,1,5,1,
15,6,748,269,61,10,1,5,1,
15,7,306,509,20,27,1,5,1,
15,8,859,385,68,24,1,5,1,
16,1,257,0,85,64,1,5,1,
16,2,-28,417,64,31,1,5,1,
16,3,6,487,34,56,1,5,1,
16,4,712,266,76,16,1,5,1,
16,5,156,79,89,28,1,5,1,
16,6,745,269,56,10,1,5,1,
16,7,309,510,17,30,1,5,1,
16,8,856,384,65,24,1,5,1,
17,1,255,0,102,58,1,5,1,
17,2,-34,419,65,32,1,5,1,
17,3,4,491,35,53,1,5,1,
17,4,710,266,70,15,1,5,1,
17,5,166,82,82,26,1,5,1,
17,6,743,269,51,10,1,5,1,
17,7,311,511,16,32,1,5,1,
17,8,854,382,61,24,1,5,1,
18,1,252,-2,117,54,1,5,1,
18,2,-39,421,65,32,1,5,1,
18,3,3,495,35,49,1,5,1,
18,4,710,266,61,15,1,5,1,
18,5,176,85,73,23,1,5,1,
18,6,741,269,45,10,1,5,1,
18,7,312,513,16,31,1,5,1,
18,8,853,381,56,23,1,5,1,
19,1,252,-6,129,53,1,5,1,
19,2,-45,423,67,33,1,5,1,
19,3,1,499,36,45,1,5,1,
19,4,710,266,53,15,1,5,1,
19,5,185,87,65,20,1,5,1,
19,6,740,269,40,10,1,5,1,
19,7,313,515,16,29,1,5,1,
19,8,851,380,52,22,1,5,1,
20,1,255,-10,137,51,1,5,1,
20,3,0,503,36,41,1,5,1,
20,4,711,266,44,15,1,5,1,
20,5,195,86,54,20,1,5,1,
20,6,740,269,33,10,1,5,1,
20,7,314,519,17,25,1,5,1,
20,8,850,379,47,22,1,5,1,
21,1,259,-15,142,53,1,5,1,
21,3,1,506,33,38,1,5,1,
21,4,710,266,39,15,1,5,1,
21,5,202,84,47,21,1,5,1,
21,6,739,269,29,10,1,5,1,
21,7,314,521,18,23,1,5,1,
21,8,849,378,44,21,1,5,1,
22,1,265,-19,143,53,1,5,1,
22,3,0,510,33,34,1,5,1,
22,4,709,266,33,14,1,5,1,
22,5,209,82,42,21,1,5,1,
22,6,738,269,24,10,1,5,1,
22,7,315,524,16,20,1,5,1,
22,8,848,377,40,21,1,5,1,
23,1,272,-24,146,55,1,5,1,
23,3,1,514,22,30,1,5,1,
23,4,710,266,26,14,1,5,1,
23,5,216,79,35,23,1,5,1,
23,6,739,269,19,10,1,5,1,
23,7,315,527,17,17,1,5,1,
23,8,847,376,37,20,1,5,1,
24,1,280,-28,152,56,1,5,1,
24,3,0,518,21,26,1,5,1,
24,4,710,266,21,14,1,5,1,
24,5,222,75,28,26,1,5,1,
24,6,739,269,15,10,1,5,1,
24,7,316,529,18,15,1,5,1,
24,8,846,375,33,20,1,5,1,
25,1,288,-33,158,58,1,5,1,
25,4,710,266,17,14,1,5,1,
25,5,224,72,23,29,1,5,1,
25,6,739,270,12,9,1,5,1,
25,7,317,532,20,12,1,5,1,
25,8,844,374,32,20,1,5,1,
26,1,296,-38,165,60,1,5,1,
26,4,710,266,17,14,1,5,1,
26,5,220,68,25,33,1,5,1,
26,6,739,270,11,8,1,5,1,
26,8,843,373,30,19,1,5,1,
27,1,303,-43,173,62,1,5,1,
27,4,710,267,17,13,1,5,1,
27,5,218,64,25,37,1,5,1,
27,6,739,270,11,8,1,5,1,
27,8,841,372,30,19,1,5,1,
28,4,710,267,17,13,1,5,1,
28,5,216,61,27,40,1,5,1,
28,6,739,270,11,8,1,5,1,
28,8,840,371,29,19,1,5,1,
29,4,710,267,16,13,1,5,1,
29,5,214,57,29,43,1,5,1,
29,6,739,270,11,8,1,5,1,
29,8,838,370,30,20,1,5,1,
30,4,710,267,16,13,1,5,1,
30,5,213,53,31,46,1,5,1,
30,6,739,270,10,8,1,5,1,
30,8,837,369,30,20,1,5,1,
31,4,710,267,16,13,1,5,1,
31,5,211,49,33,49,1,5,1,
31,6,738,270,11,8,1,5,1,
31,8,835,368,30,20,1,5,1,
32,4,710,267,16,13,1,5,1,
32,5,209,45,34,51,1,5,1,
32,6,738,270,11,8,1,5,1,
32,8,834,367,30,20,1,5,1,
33,4,710,267,15,13,1,5,1,
33,5,207,41,35,52,1,5,1,
33,6,738,270,10,8,1,5,1,
33,8,832,366,30,20,1,5,1,
34,4,710,267,15,13,1,5,1,
34,5,205,37,36,54,1,5,1,
34,6,737,270,11,8,1,5,1,
34,8,831,365,30,20,1,5,1,
35,4,709,267,15,12,1,5,1,
35,5,203,33,36,56,1,5,1,
35,6,737,270,10,8,1,5,1,
35,8,829,364,30,20,1,5,1,
36,4,709,267,15,12,1,5,1,
36,5,201,28,36,59,1,5,1,
36,6,736,270,10,8,1,5,1,
36,8,827,364,31,19,1,5,1,
37,4,709,267,14,12,1,5,1,
37,5,200,23,36,61,1,5,1,
37,6,736,270,10,8,1,5,1,
37,8,825,363,31,19,1,5,1,
38,4,708,267,15,12,1,5,1,
38,5,198,18,36,63,1,5,1,
38,6,735,270,10,8,1,5,1,
38,8,824,362,31,19,1,5,1,
39,4,708,267,14,12,1,5,1,
39,5,196,13,36,65,1,5,1,
39,6,734,270,11,8,1,5,1,
39,8,822,361,31,19,1,5,1,
39,9,1014,4,-54,0,1,5,1,
40,4,707,267,15,12,1,5,1,
40,5,195,8,35,66,1,5,1,
40,6,734,270,11,8,1,5,1,
40,8,820,360,31,18,1,5,1,
40,9,1020,8,-60,0,1,5,1,
41,4,707,267,14,12,1,5,1,
41,5,194,3,34,67,1,5,1,
41,6,733,270,11,8,1,5,1,
41,8,818,359,31,18,1,5,1,
42,4,706,267,14,12,1,5,1,
42,5,192,-1,34,68,1,5,1,
42,6,732,270,12,8,1,5,1,
42,8,817,359,31,17,1,5,1,
43,4,706,267,14,12,1,5,1,
43,5,191,-7,35,71,1,5,1,
43,6,731,270,12,8,1,5,1,
43,8,815,358,31,17,1,5,1,
44,4,705,267,15,12,1,5,1,
44,5,190,-13,35,74,1,5,1,
44,6,730,270,13,7,1,5,1,
44,8,813,357,32,18,1,5,1,
45,4,704,267,15,12,1,5,1,
45,5,190,-19,35,76,1,5,1,
45,6,729,270,13,7,1,5,1,
45,8,811,356,32,18,1,5,1,
46,4,704,267,15,12,1,5,1,
46,5,189,-25,36,79,1,5,1,
46,6,728,270,14,7,1,5,1,
46,8,809,356,33,17,1,5,1,
47,4,703,267,15,12,1,5,1,
47,5,198,-32,27,82,1,5,1,
47,6,727,270,14,7,1,5,1,
47,8,807,355,33,17,1,5,1,
48,4,702,267,16,12,1,5,1,
48,5,198,-39,19,86,1,5,1,
48,6,726,270,14,7,1,5,1,
48,8,806,354,32,17,1,5,1,
49,4,702,267,15,12,1,5,1,
49,5,198,-46,18,88,1,5,1,
49,6,725,270,15,7,1,5,1,
49,8,804,354,33,16,1,5,1,
50,4,701,267,16,11,1,5,1,
50,5,198,-53,16,91,1,5,1,
50,6,724,270,15,7,1,5,1,
50,8,802,353,33,16,1,5,1,
51,4,700,268,16,10,1,5,1,
51,5,199,-61,14,95,1,5,1,
51,6,723,270,15,7,1,5,1,
51,8,800,352,33,16,1,5,1,
52,4,699,268,17,10,1,5,1,
52,5,199,-69,13,99,1,5,1,
52,6,722,270,15,7,1,5,1,
52,8,798,352,34,16,1,5,1,
53,4,699,268,16,10,1,5,1,
53,5,200,-77,12,102,1,5,1,
53,6,721,270,15,7,1,5,1,
53,8,796,351,34,16,1,5,1,
54,4,698,268,17,10,1,5,1,
54,6,719,270,16,7,1,5,1,
54,8,795,350,33,16,1,5,1,
55,4,697,268,17,10,1,5,1,
55,6,718,270,16,7,1,5,1,
55,8,793,350,33,15,1,5,1,
56,4,696,268,18,10,1,5,1,
56,6,717,270,17,7,1,5,1,
56,8,791,349,34,15,1,5,1,
57,4,695,268,18,10,1,5,1,
57,6,716,270,17,7,1,5,1,
57,8,789,348,34,16,1,5,1,
58,4,694,268,18,10,1,5,1,
58,6,714,270,18,7,1,5,1,
58,8,787,348,35,15,1,5,1,
59,4,693,268,18,10,1,5,1,
59,6,713,270,17,7,1,5,1,
59,8,785,347,34,15,1,5,1,
60,4,693,268,18,10,1,5,1,
60,6,711,270,18,7,1,5,1,
60,8,783,347,35,14,1,5,1,
61,4,692,268,18,10,1,5,1,
61,6,710,270,18,7,1,5,1,
61,8,781,346,35,15,1,5,1,
62,4,691,268,18,10,1,5,1,
62,6,708,270,19,7,1,5,1,
62,8,780,345,34,15,1,5,1,
63,4,690,268,19,10,1,5,1,
63,6,707,270,19,7,1,5,1,
64,4,689,268,19,10,1,5,1,
64,6,705,270,20,7,1,5,1,
65,6,703,270,21,7,1,5,1,
66,6,702,270,21,7,1,5,1,
67,6,700,270,23,6,1,5,1,
79,9,944,120,15,15,1,5,1,
80,9,937,120,22,17,1,5,1,
81,9,930,120,29,19,1,5,1,
82,9,923,119,36,22,1,5,1,
83,9,916,119,43,24,1,5,1,
84,9,909,118,50,27,1,5,1,
85,9,903,119,56,28,1,5,1,
86,9,896,119,63,30,1,5,1,
87,9,890,120,69,31,1,5,1,
88,9,884,119,75,33,1,5,1,
89,9,878,120,81,34,1,5,1,
90,9,872,121,87,35,1,5,1,
91,9,866,122,93,35,1,5,1,
92,9,860,122,99,37,1,5,1,
93,9,854,123,105,37,1,5,1,
94,9,848,124,111,38,1,5,1,
95,9,843,123,116,40,1,5,1,
96,9,837,122,122,43,1,5,1,
97,9,832,124,123,42,1,5,1,
98,9,827,126,121,41,1,5,1,
99,9,821,129,119,40,1,5,1,
100,9,816,131,117,39,1,5,1,
101,9,811,133,115,38,1,5,1,
102,9,806,139,103,33,1,5,1,
103,9,801,141,101,32,1,5,1,
104,2,8302,-10554,-7342,0,1,5,1,
104,9,796,142,100,33,1,5,1,
105,2,5802,-7492,-4842,0,1,5,1,
105,9,792,145,97,31,1,5,1,
106,2,4422,-5809,-3462,0,1,5,1,
106,9,787,147,95,30,1,5,1,
107,9,782,149,93,29,1,5,1,
108,9,778,150,92,29,1,5,1,
109,9,773,152,91,28,1,5,1,
110,9,769,153,90,28,1,5,1,
111,9,764,155,90,27,1,5,1,
112,9,760,156,90,27,1,5,1,
113,9,756,158,88,26,1,5,1,
114,9,751,159,88,26,1,5,1,
115,9,747,160,87,26,1,5,1,
116,9,743,162,86,24,1,5,1,
117,9,739,163,85,24,1,5,1,
118,9,735,164,85,24,1,5,1,
119,9,731,165,84,24,1,5,1,
120,9,727,166,84,24,1,5,1,
121,9,723,167,83,23,1,5,1,
122,9,719,168,83,23,1,5,1,
123,9,715,170,81,22,1,5,1,
124,9,712,171,79,22,1,5,1,
125,9,708,172,79,21,1,5,1,
126,9,704,173,78,21,1,5,1,
127,9,701,174,77,21,1,5,1,
128,9,697,175,76,20,1,5,1,
129,9,693,176,76,20,1,5,1,
130,7,917,535,13,8,1,5,1,
130,9,690,177,75,20,1,5,1,
131,7,914,532,16,11,1,5,1,
131,9,686,179,73,18,1,5,1,
132,7,913,530,17,13,1,5,1,
132,9,683,180,71,18,1,5,1,
133,7,913,527,17,16,1,5,1,
133,9,679,181,70,18,1,5,1,
134,7,912,524,19,19,1,5,1,
134,9,676,182,67,17,1,5,1,
135,7,911,521,19,22,1,5,1,
135,9,672,183,66,17,1,5,1,
136,7,909,519,21,24,1,5,1,
136,9,669,184,64,16,1,5,1,
137,7,908,516,21,27,1,5,1,
137,9,666,185,62,16,1,5,1,
138,7,906,513,23,30,1,5,1,
138,9,662,186,62,16,1,5,1,
139,7,904,511,24,32,1,5,1,
139,9,659,187,61,15,1,5,1,
140,7,902,508,25,35,1,5,1,
140,9,656,188,59,15,1,5,1,
141,7,900,506,26,37,1,5,1,
141,9,652,189,59,14,1,5,1,
142,7,899,503,25,40,1,5,1,
142,9,649,190,57,14,1,5,1,
143,7,897,501,27,42,1,5,1,
143,9,646,191,56,13,1,5,1,
144,7,894,499,32,44,1,5,1,
144,9,642,191,57,14,1,5,1,
145,7,892,496,33,45,1,5,1,
145,9,639,192,56,13,1,5,1,
146,7,890,494,34,45,1,5,1,
146,9,636,193,55,13,1,5,1,
147,7,888,492,35,43,1,5,1,
147,9,633,194,54,12,1,5,1,
148,7,886,489,36,43,1,5,1,
148,9,629,194,55,13,1,5,1,
149,7,883,487,38,43,1,5,1,
149,9,626,195,54,12,1,5,1,
150,7,881,485,38,42,1,5,1,
150,9,623,196,54,12,1,5,1,
