1,1,738,479,24,25,1,5,1,
1,2,534,64,13,19,1,5,1,
1,3,6,238,49,16,1,5,1,
1,4,454,477,18,43,1,5,1,
1,5,280,363,19,17,1,5,1,
1,6,274,118,22,17,1,5,1,
1,7,175,187,90,31,1,5,1,
1,8,894,56,65,67,1,5,1,
1,9,84,225,90,17,1,5,1,
1,10,279,18,62,19,1,5,1,
1,11,679,449,64,75,1,5,1,
2,1,737,476,21,27,1,5,1,
2,2,535,60,13,22,1,5,1,
2,3,0,238,54,16,1,5,1,
2,4,454,479,18,45,1,5,1,
2,5,280,361,18,18,1,5,1,
2,6,276,117,22,17,1,5,1,
2,7,176,187,101,31,1,5,1,
2,8,889,56,70,72,1,5,1,
2,9,74,224,96,18,1,5,1,
2,10,283,17,69,20,1,5,1,
2,11,679,445,52,74,1,5,1,
3,1,738,474,17,27,1,5,1,
3,2,536,55,14,26,1,5,1,
3,3,-5,238,58,16,1,5,1,
3,4,454,481,19,47,1,5,1,
3,5,282,358,17,21,1,5,1,
3,6,278,116,23,16,1,5,1,
3,7,178,188,111,31,1,5,1,
3,8,887,42,72,89,1,5,1,
3,9,64,223,100,19,1,5,1,
3,10,289,17,74,20,1,5,1,
3,11,682,441,47,71,1,5,1,
4,1,740,472,16,26,1,5,1,
4,2,536,51,16,28,1,5,1,
4,3,-15,238,67,16,1,5,1,
4,4,453,483,23,48,1,5,1,
4,5,284,355,16,23,1,5,1,
4,6,280,115,23,17,1,5,1,
4,7,180,188,121,32,1,5,1,
4,8,886,46,62,89,1,5,1,
4,9,54,223,104,19,1,5,1,
4,10,294,18,81,19,1,5,1,
4,11,686,438,46,68,1,5,1,
5,1,742,471,15,25,1,5,1,
5,2,535,47,23,30,1,5,1,
5,3,-25,238,74,16,1,5,1,
5,4,452,486,28,48,1,5,1,
5,5,287,352,16,25,1,5,1,
5,6,282,114,23,17,1,5,1,
5,7,184,188,129,33,1,5,1,
5,8,888,53,54,84,1,5,1,
5,9,45,222,106,19,1,5,1,
5,10,301,18,85,19,1,5,1,
5,11,692,435,43,64,1,5,1,
6,1,745,470,14,23,1,5,1,
6,2,536,43,28,32,1,5,1,
6,3,-36,238,82,16,1,5,1,
6,4,450,489,36,48,1,5,1,
6,5,285,349,23,27,1,5,1,
6,6,284,113,23,17,1,5,1,
6,7,187,189,137,33,1,5,1,
6,8,892,61,51,78,1,5,1,
6,9,36,221,109,19,1,5,1,
6,10,308,19,88,19,1,5,1,
6,11,690,433,55,60,1,5,1,
7,1,744,469,20,20,1,5,1,
7,2,537,39,33,31,1,5,1,
7,3,-47,239,87,13,1,5,1,
7,4,448,495,45,44,1,5,1,
7,5,285,347,29,26,1,5,1,
7,6,287,111,22,17,1,5,1,
7,7,199,190,134,32,1,5,1,
7,8,897,73,49,67,1,5,1,
7,9,28,220,104,19,1,5,1,
7,10,321,20,86,20,1,5,1,
7,11,683,432,75,51,1,5,1,
8,1,745,467,20,20,1,5,1,
8,2,538,35,39,32,1,5,1,
8,3,-59,239,94,13,1,5,1,
8,4,447,499,51,43,1,5,1,
8,5,285,344,36,26,1,5,1,
8,6,288,110,26,17,1,5,1,
8,7,208,190,134,32,1,5,1,
8,8,894,80,64,63,1,5,1,
8,9,20,219,104,20,1,5,1,
8,10,329,21,88,22,1,5,1,
8,11,680,430,92,47,1,5,1,
9,1,746,465,21,20,1,5,1,
9,2,540,33,45,31,1,5,1,
9,3,-70,241,99,8,1,5,1,
9,4,448,502,56,41,1,5,1,
9,5,286,342,41,25,1,5,1,
9,6,289,110,30,16,1,5,1,
9,7,219,189,131,31,1,5,1,
9,8,887,87,72,58,1,5,1,
9,9,14,218,101,20,1,5,1,
9,10,339,22,88,22,1,5,1,
9,11,679,430,107,41,1,5,1,
10,1,749,464,20,19,1,5,1,
10,2,543,30,50,30,1,5,1,
10,4,450,505,58,38,1,5,1,
10,5,288,340,46,24,1,5,1,
10,6,289,110,36,15,1,5,1,
10,7,228,187,131,31,1,5,1,
10,8,883,94,77,52,1,5,1,
10,9,9,217,98,20,1,5,1,
10,10,348,23,89,22,1,5,1,
10,11,679,429,123,38,1,5,1,
11,1,751,462,19,20,1,5,1,
11,2,546,29,55,27,1,5,1,
11,4,452,508,59,36,1,5,1,
11,5,291,339,51,22,1,5,1,
11,6,291,108,40,16,1,5,1,
11,7,238,185,130,31,1,5,1,
11,8,882,100,78,47,1,5,1,
11,9,5,216,92,21,1,5,1,
11,10,358,24,89,23,1,5,1,
11,11,682,429,137,37,1,5,1,
12,1,753,460,19,20,1,5,1,
12,2,549,28,60,25,1,5,1,
12,4,455,511,61,33,1,5,1,
12,5,294,337,55,21,1,5,1,
12,6,293,106,43,16,1,5,1,
12,7,246,184,131,31,1,5,1,
12,8,885,104,75,44,1,5,1,
12,9,3,215,85,21,1,5,1,
12,10,368,26,89,22,1,5,1,
12,11,685,428,151,38,1,5,1,
13,1,755,458,18,20,1,5,1,
13,2,554,27,63,22,1,5,1,
13,4,458,514,62,30,1,5,1,
13,5,298,336,58,19,1,5,1,
13,6,295,105,46,16,1,5,1,
13,7,255,183,131,32,1,5,1,
13,8,890,107,70,41,1,5,1,
13,9,2,214,76,21,1,5,1,
13,10,378,27,89,22,1,5,1,
13,11,691,428,159,38,1,5,1,
14,1,757,457,17,20,1,5,1,
14,2,559,26,66,19,1,5,1,
14,4,462,516,65,28,1,5,1,
14,5,303,335,61,18,1,5,1,
14,6,299,103,47,17,1,5,1,
14,7,262,182,134,32,1,5,1,
14,8,896,109,64,37,1,5,1,
14,9,3,213,66,22,1,5,1,
14,10,388,29,89,21,1,5,1,
14,11,699,428,162,38,1,5,1,
15,1,760,455,16,20,1,5,1,
15,2,565,26,68,16,1,5,1,
15,4,466,519,67,25,1,5,1,
15,5,308,335,63,15,1,5,1,
15,6,302,102,50,17,1,5,1,
15,7,269,182,137,32,1,5,1,
15,8,904,110,56,37,1,5,1,
15,9,5,212,54,22,1,5,1,
15,10,399,30,87,21,1,5,1,
15,11,709,428,164,38,1,5,1,
16,1,761,453,16,20,1,5,1,
16,2,571,25,69,15,1,5,1,
16,4,470,522,70,22,1,5,1,
16,5,314,334,65,14,1,5,1,
16,6,306,100,51,18,1,5,1,
16,7,275,181,141,33,1,5,1,
16,8,910,112,50,35,1,5,1,
16,9,4,212,46,21,1,5,1,
16,10,408,31,87,21,1,5,1,
16,11,720,428,164,37,1,5,1,
17,1,763,452,15,19,1,5,1,
17,2,578,24,70,16,1,5,1,
17,4,474,525,73,19,1,5,1,
17,5,321,334,65,12,1,5,1,
17,6,310,98,53,18,1,5,1,
17,7,282,181,145,32,1,5,1,
17,8,919,113,41,22,1,5,1,
17,9,1,211,41,22,1,5,1,
17,10,419,33,85,21,1,5,1,
17,11,733,428,162,37,1,5,1,
18,1,765,450,14,19,1,5,1,
18,2,585,24,71,15,1,5,1,
18,4,479,527,76,17,1,5,1,
18,5,327,334,66,12,1,5,1,
18,6,314,97,55,17,1,5,1,
18,7,289,181,148,32,1,5,1,
18,8,926,114,34,22,1,5,1,
18,9,0,210,36,22,1,5,1,
18,10,429,34,84,21,1,5,1,
18,11,745,428,161,37,1,5,1,
19,1,767,448,13,19,1,5,1,
19,2,593,24,70,15,1,5,1,
19,4,484,530,78,14,1,5,1,
19,5,334,333,66,13,1,5,1,
19,6,318,95,57,18,1,5,1,
19,7,298,181,150,32,1,5,1,
19,9,0,209,32,23,1,5,1,
19,10,439,35,83,22,1,5,1,
19,11,758,427,159,37,1,5,1,
20,1,768,447,13,19,1,5,1,
20,2,599,24,70,15,1,5,1,
20,5,341,333,65,13,1,5,1,
20,6,322,93,59,18,1,5,1,
20,7,306,181,152,33,1,5,1,
20,9,0,208,31,23,1,5,1,
20,10,448,36,83,22,1,5,1,
20,11,768,427,160,37,1,5,1,
21,1,769,445,13,19,1,5,1,
21,2,606,25,69,15,1,5,1,
21,5,347,333,65,13,1,5,1,
21,6,326,92,62,18,1,5,1,
21,7,313,181,155,33,1,5,1,
21,9,0,207,29,23,1,5,1,
21,10,456,37,83,22,1,5,1,
21,11,779,427,159,37,1,5,1,
22,1,770,443,12,20,1,5,1,
22,2,612,25,70,15,1,5,1,
22,5,353,334,65,12,1,5,1,
22,6,330,90,65,19,1,5,1,
22,7,322,181,157,33,1,5,1,
22,9,0,205,28,25,1,5,1,
22,10,464,38,83,23,1,5,1,
22,11,789,427,159,36,1,5,1,
23,1,770,442,13,19,1,5,1,
23,2,619,26,70,15,1,5,1,
23,5,359,334,64,13,1,5,1,
23,6,334,89,67,19,1,5,1,
23,7,330,181,159,33,1,5,1,
23,9,0,204,27,25,1,5,1,
23,10,472,40,83,22,1,5,1,
23,11,799,426,159,36,1,5,1,
24,1,771,440,12,20,1,5,1,
24,2,626,27,67,15,1,5,1,
24,5,367,334,60,14,1,5,1,
24,6,339,87,70,19,1,5,1,
24,7,340,181,159,33,1,5,1,
24,9,-1,203,26,26,1,5,1,
24,10,482,41,81,23,1,5,1,
24,11,812,426,147,36,1,5,1,
25,1,771,439,13,19,1,5,1,
25,2,633,27,63,16,1,5,1,
25,5,374,335,57,14,1,5,1,
25,6,343,85,73,20,1,5,1,
25,7,350,182,159,33,1,5,1,
25,9,-2,202,26,26,1,5,1,
25,10,490,43,80,23,1,5,1,
25,11,822,425,138,36,1,5,1,
26,1,772,437,12,19,1,5,1,
26,2,640,28,59,17,1,5,1,
26,5,381,336,53,14,1,5,1,
26,6,349,84,74,19,1,5,1,
26,7,360,182,159,33,1,5,1,
26,9,-3,201,26,26,1,5,1,
26,10,499,44,79,23,1,5,1,
26,11,834,425,126,36,1,5,1,
27,1,772,436,12,18,1,5,1,
27,2,649,27,51,20,1,5,1,
27,5,389,336,50,14,1,5,1,
27,6,355,82,76,19,1,5,1,
27,7,373,182,156,33,1,5,1,
27,9,-4,200,26,26,1,5,1,
27,10,510,46,75,23,1,5,1,
27,11,848,424,112,35,1,5,1,
28,1,772,434,13,19,1,5,1,
28,2,656,27,45,23,1,5,1,
28,5,395,337,49,14,1,5,1,
28,6,361,81,78,19,1,5,1,
28,7,383,183,155,33,1,5,1,
28,9,-5,198,27,27,1,5,1,
28,10,518,48,74,22,1,5,1,
28,11,859,424,101,35,1,5,1,
29,1,773,433,12,18,1,5,1,
29,2,663,28,37,25,1,5,1,
29,5,401,337,48,15,1,5,1,
29,6,366,79,81,19,1,5,1,
29,7,394,183,153,33,1,5,1,
29,9,-6,197,27,27,1,5,1,
29,10,526,49,73,23,1,5,1,
29,11,870,423,90,35,1,5,1,
30,1,773,431,12,19,1,5,1,
30,2,670,28,30,28,1,5,1,
30,5,406,338,49,15,1,5,1,
30,6,372,78,83,19,1,5,1,
30,7,404,184,152,33,1,5,1,
30,9,-6,196,26,27,1,5,1,
30,10,534,51,71,23,1,5,1,
30,11,881,425,79,33,1,5,1,
31,1,773,430,12,18,1,5,1,
31,2,675,29,26,30,1,5,1,
31,5,410,338,51,16,1,5,1,
31,6,377,76,86,20,1,5,1,
31,7,414,184,150,33,1,5,1,
31,9,-7,195,27,28,1,5,1,
31,10,542,52,70,23,1,5,1,
31,11,891,427,69,28,1,5,1,
32,1,773,428,12,18,1,5,1,
32,2,681,31,20,31,1,5,1,
32,5,415,339,52,15,1,5,1,
32,6,384,75,88,19,1,5,1,
32,7,426,184,146,32,1,5,1,
32,10,550,54,68,23,1,5,1,
32,11,903,429,57,24,1,5,1,
33,1,773,427,11,18,1,5,1,
33,2,684,33,17,32,1,5,1,
33,5,418,340,56,15,1,5,1,
33,6,390,74,91,19,1,5,1,
33,7,435,185,145,31,1,5,1,
33,10,556,56,68,23,1,5,1,
33,11,912,432,48,16,1,5,1,
34,1,773,426,11,18,1,5,1,
34,2,687,35,14,32,1,5,1,
34,5,422,340,60,16,1,5,1,
34,6,396,72,93,20,1,5,1,
34,7,445,185,143,31,1,5,1,
34,10,563,57,66,24,1,5,1,
35,1,772,424,12,18,1,5,1,
35,2,688,37,12,33,1,5,1,
35,5,426,341,64,15,1,5,1,
35,6,401,71,97,20,1,5,1,
35,7,454,186,141,30,1,5,1,
35,10,569,59,63,25,1,5,1,
36,1,772,423,12,18,1,5,1,
36,2,687,39,13,34,1,5,1,
36,5,429,342,69,15,1,5,1,
36,6,407,70,100,21,1,5,1,
36,7,462,186,141,32,1,5,1,
36,10,575,60,61,26,1,5,1,
37,1,772,421,11,19,1,5,1,
37,2,687,42,12,34,1,5,1,
37,5,434,343,72,14,1,5,1,
37,6,415,69,101,21,1,5,1,
37,7,473,187,137,33,1,5,1,
37,10,583,62,57,27,1,5,1,
38,1,771,420,12,18,1,5,1,
38,2,686,45,12,33,1,5,1,
38,5,439,343,74,14,1,5,1,
38,6,422,67,104,22,1,5,1,
38,7,483,188,133,34,1,5,1,
38,10,589,64,55,27,1,5,1,
39,1,771,419,12,18,1,5,1,
39,2,685,48,12,33,1,5,1,
39,5,444,343,77,15,1,5,1,
39,6,430,66,105,22,1,5,1,
39,7,492,189,130,35,1,5,1,
39,10,595,66,52,27,1,5,1,
40,1,770,417,12,18,1,5,1,
40,2,684,51,12,32,1,5,1,
40,5,450,344,79,14,1,5,1,
40,6,437,65,108,22,1,5,1,
40,7,500,190,128,36,1,5,1,
40,10,601,68,49,27,1,5,1,
41,1,770,416,12,18,1,5,1,
41,2,683,54,12,32,1,5,1,
41,5,456,344,81,14,1,5,1,
41,6,444,64,110,22,1,5,1,
41,7,509,191,125,36,1,5,1,
41,9,-1,179,26,34,1,5,1,
41,10,606,70,47,28,1,5,1,
42,1,769,415,13,17,1,5,1,
42,2,682,57,13,31,1,5,1,
42,5,463,344,82,15,1,5,1,
42,6,453,63,111,22,1,5,1,
42,7,517,192,124,35,1,5,1,
42,9,0,177,27,35,1,5,1,
42,10,612,73,45,27,1,5,1,
43,1,769,414,12,17,1,5,1,
43,2,680,60,14,30,1,5,1,
43,5,471,345,82,14,1,5,1,
43,6,461,61,113,23,1,5,1,
43,7,525,194,122,34,1,5,1,
43,9,0,175,28,36,1,5,1,
43,10,617,75,42,27,1,5,1,
44,1,768,412,13,17,1,5,1,
44,2,679,63,14,29,1,5,1,
44,5,479,345,82,14,1,5,1,
44,6,471,60,112,23,1,5,1,
44,7,534,196,119,32,1,5,1,
44,9,0,173,30,36,1,5,1,
44,10,622,78,40,26,1,5,1,
45,1,767,411,14,17,1,5,1,
45,2,677,66,15,29,1,5,1,
45,5,486,345,84,15,1,5,1,
45,6,479,59,114,23,1,5,1,
45,7,542,197,117,32,1,5,1,
45,9,0,171,33,37,1,5,1,
45,10,626,80,39,26,1,5,1,
46,1,766,410,14,16,1,5,1,
46,2,675,69,16,28,1,5,1,
46,5,494,346,84,14,1,5,1,
46,6,488,58,115,24,1,5,1,
46,7,549,199,115,30,1,5,1,
46,9,0,169,35,38,1,5,1,
46,10,630,83,37,25,1,5,1,
47,1,766,409,14,16,1,5,1,
47,2,674,72,16,27,1,5,1,
47,5,502,346,84,14,1,5,1,
47,6,497,57,116,24,1,5,1,
47,7,558,200,112,29,1,5,1,
47,9,0,167,38,39,1,5,1,
47,10,635,85,34,25,1,5,1,
48,1,765,408,14,16,1,5,1,
48,2,672,74,17,27,1,5,1,
48,5,510,346,85,15,1,5,1,
48,6,506,57,117,23,1,5,1,
48,7,565,200,110,30,1,5,1,
48,9,0,165,41,39,1,5,1,
48,10,638,87,34,25,1,5,1,
49,1,764,406,14,16,1,5,1,
49,2,670,77,18,26,1,5,1,
49,5,517,346,86,15,1,5,1,
49,6,515,56,118,24,1,5,1,
49,7,573,201,107,29,1,5,1,
49,9,0,162,45,41,1,5,1,
49,10,642,90,31,24,1,5,1,
50,1,763,405,15,16,1,5,1,
50,2,668,80,18,25,1,5,1,
50,5,526,347,86,14,1,5,1,
50,6,524,55,119,24,1,5,1,
50,7,581,202,103,29,1,5,1,
50,9,0,160,49,43,1,5,1,
50,10,646,92,29,23,1,5,1,
51,1,762,404,15,15,1,5,1,
51,2,666,82,19,25,1,5,1,
51,5,533,347,87,15,1,5,1,
51,6,533,55,120,24,1,5,1,
51,7,588,202,101,29,1,5,1,
51,9,0,158,53,43,1,5,1,
51,10,649,94,28,23,1,5,1,
52,1,761,403,15,15,1,5,1,
52,2,664,84,19,25,1,5,1,
52,5,541,347,88,15,1,5,1,
52,6,542,55,120,24,1,5,1,
52,7,595,203,98,29,1,5,1,
52,9,0,155,57,45,1,5,1,
52,10,652,96,26,23,1,5,1,
53,1,760,402,15,15,1,5,1,
53,2,662,87,20,24,1,5,1,
53,5,550,347,87,15,1,5,1,
53,6,552,55,120,23,1,5,1,
53,7,603,204,94,28,1,5,1,
53,9,0,153,62,45,1,5,1,
53,10,655,99,25,22,1,5,1,
54,1,759,401,16,15,1,5,1,
54,2,660,89,20,24,1,5,1,
54,5,557,347,88,15,1,5,1,
54,6,561,54,120,23,1,5,1,
54,7,609,205,92,28,1,5,1,
54,9,0,150,67,47,1,5,1,
54,10,657,100,24,23,1,5,1,
55,1,758,400,16,14,1,5,1,
55,2,658,91,20,23,1,5,1,
55,5,565,348,89,14,1,5,1,
55,6,571,54,120,23,1,5,1,
55,7,616,205,89,28,1,5,1,
55,9,0,147,73,48,1,5,1,
55,10,660,103,21,22,1,5,1,
56,1,756,399,17,14,1,5,1,
56,2,655,93,21,23,1,5,1,
56,5,574,348,88,15,1,5,1,
56,6,581,54,119,23,1,5,1,
56,7,623,206,85,28,1,5,1,
56,9,2,145,77,48,1,5,1,
56,10,662,105,19,22,1,5,1,
57,1,755,398,17,14,1,5,1,
57,2,652,96,23,22,1,5,1,
57,5,582,348,89,15,1,5,1,
57,6,590,55,119,22,1,5,1,
57,7,629,207,82,27,1,5,1,
57,9,5,142,81,50,1,5,1,
57,10,665,106,16,22,1,5,1,
58,1,754,397,17,14,1,5,1,
58,2,650,98,23,21,1,5,1,
58,5,590,348,89,15,1,5,1,
58,6,599,55,119,23,1,5,1,
58,7,635,207,78,28,1,5,1,
58,9,8,139,85,51,1,5,1,
58,10,667,108,14,22,1,5,1,
59,1,752,395,18,15,1,5,1,
59,2,647,100,24,21,1,5,1,
59,5,599,348,88,15,1,5,1,
59,6,610,55,117,23,1,5,1,
59,7,641,208,76,27,1,5,1,
59,9,11,136,89,52,1,5,1,
59,10,669,110,12,22,1,5,1,
60,1,751,394,18,14,1,5,1,
60,2,644,102,25,20,1,5,1,
60,5,607,348,88,16,1,5,1,
60,6,620,56,116,22,1,5,1,
60,7,647,209,72,26,1,5,1,
60,9,14,133,96,53,1,5,1,
60,10,670,112,11,22,1,5,1,
61,1,749,393,19,14,1,5,1,
61,2,642,103,25,21,1,5,1,
61,5,615,349,88,15,1,5,1,
61,6,629,56,115,23,1,5,1,
61,7,652,210,70,26,1,5,1,
61,9,18,129,103,55,1,5,1,
61,10,670,114,11,21,1,5,1,
62,1,748,392,18,14,1,5,1,
62,2,639,106,25,19,1,5,1,
62,5,625,349,86,16,1,5,1,
62,6,640,57,112,22,1,5,1,
62,7,658,210,66,26,1,5,1,
62,9,23,126,109,56,1,5,1,
62,10,670,116,10,21,1,5,1,
63,1,746,392,19,13,1,5,1,
63,2,636,107,26,20,1,5,1,
63,5,633,350,85,15,1,5,1,
63,6,649,57,111,23,1,5,1,
63,7,663,211,63,25,1,5,1,
63,9,27,122,118,58,1,5,1,
63,10,669,118,11,21,1,5,1,
64,1,745,391,19,13,1,5,1,
64,2,633,109,26,19,1,5,1,
64,5,642,351,82,14,1,5,1,
64,6,658,58,110,22,1,5,1,
64,7,668,211,60,25,1,5,1,
64,9,33,119,125,59,1,5,1,
64,10,669,120,10,20,1,5,1,
65,1,743,390,19,13,1,5,1,
65,2,630,111,27,19,1,5,1,
65,5,651,350,79,15,1,5,1,
65,6,668,58,108,23,1,5,1,
65,7,673,212,57,25,1,5,1,
65,9,38,115,134,60,1,5,1,
65,10,668,122,11,20,1,5,1,
66,1,742,389,19,13,1,5,1,
66,2,627,113,27,18,1,5,1,
66,5,660,350,76,14,1,5,1,
66,6,677,59,106,22,1,5,1,
66,7,678,212,53,25,1,5,1,
66,9,44,111,144,62,1,5,1,
66,10,668,124,10,19,1,5,1,
67,1,740,388,20,13,1,5,1,
67,2,624,114,28,18,1,5,1,
67,5,669,350,73,14,1,5,1,
67,6,686,59,104,23,1,5,1,
67,7,682,213,51,25,1,5,1,
67,9,50,107,154,64,1,5,1,
67,10,667,126,11,19,1,5,1,
68,2,621,116,28,18,1,5,1,
68,5,678,349,70,14,1,5,1,
68,6,696,60,101,23,1,5,1,
68,7,687,213,47,25,1,5,1,
68,9,58,103,163,65,1,5,1,
68,10,666,128,11,19,1,5,1,
69,2,618,118,29,17,1,5,1,
69,5,685,349,68,14,1,5,1,
69,6,703,60,101,24,1,5,1,
69,7,690,214,46,25,1,5,1,
69,9,64,99,176,67,1,5,1,
69,10,665,129,11,19,1,5,1,
70,2,615,119,30,17,1,5,1,
70,5,691,348,67,14,1,5,1,
70,6,710,61,101,24,1,5,1,
70,7,693,215,44,24,1,5,1,
70,9,71,95,188,69,1,5,1,
70,10,664,131,12,19,1,5,1,
71,2,612,121,30,16,1,5,1,
71,5,699,347,64,14,1,5,1,
71,6,720,62,97,24,1,5,1,
71,7,697,215,41,24,1,5,1,
71,9,80,90,201,71,1,5,1,
71,10,663,132,12,19,1,5,1,
72,2,609,122,31,16,1,5,1,
72,5,705,347,63,14,1,5,1,
72,6,727,62,102,24,1,5,1,
72,7,699,216,41,24,1,5,1,
72,9,88,86,215,72,1,5,1,
72,10,662,134,12,18,1,5,1,
73,2,605,123,32,16,1,5,1,
73,5,712,346,61,14,1,5,1,
73,6,734,64,107,22,1,5,1,
73,7,702,217,39,23,1,5,1,
73,9,97,81,230,75,1,5,1,
73,10,661,136,13,18,1,5,1,
74,2,602,125,32,15,1,5,1,
74,5,719,345,58,14,1,5,1,
74,6,742,64,108,22,1,5,1,
74,7,705,217,36,23,1,5,1,
74,9,108,77,245,76,1,5,1,
74,10,659,137,14,18,1,5,1,
75,2,598,126,33,15,1,5,1,
75,5,725,345,56,14,1,5,1,
75,6,749,64,109,22,1,5,1,
75,7,708,218,35,22,1,5,1,
75,9,118,72,262,78,1,5,1,
75,10,659,139,13,17,1,5,1,
76,2,595,128,33,14,1,5,1,
76,5,731,344,54,14,1,5,1,
76,6,757,64,109,22,1,5,1,
76,7,711,218,36,22,1,5,1,
76,9,130,67,279,81,1,5,1,
76,10,658,140,13,18,1,5,1,
77,2,592,129,33,15,1,5,1,
77,5,737,344,53,13,1,5,1,
77,6,766,64,107,23,1,5,1,
77,7,712,218,37,22,1,5,1,
77,9,143,63,297,82,1,5,1,
77,10,658,142,12,17,1,5,1,
78,2,589,130,34,15,1,5,1,
78,5,742,343,52,14,1,5,1,
78,6,773,65,108,22,1,5,1,
78,7,713,219,37,21,1,5,1,
78,9,155,59,318,84,1,5,1,
78,10,659,144,10,16,1,5,1,
79,2,586,132,33,14,1,5,1,
79,5,748,343,50,13,1,5,1,
79,6,782,65,106,23,1,5,1,
79,7,714,219,37,22,1,5,1,
79,9,169,55,338,86,1,5,1,
79,10,659,145,10,15,1,5,1,
80,2,585,133,31,14,1,5,1,
80,5,753,342,49,13,1,5,1,
80,6,791,65,104,23,1,5,1,
80,7,717,219,35,22,1,5,1,
80,9,185,52,357,87,1,5,1,
80,10,660,147,11,13,1,5,1,
81,2,584,134,28,15,1,5,1,
81,5,758,341,47,14,1,5,1,
81,6,800,66,102,23,1,5,1,
81,7,719,220,35,21,1,5,1,
81,9,200,49,379,88,1,5,1,
81,10,661,149,12,12,1,5,1,
82,2,583,135,25,15,1,5,1,
82,5,763,341,46,13,1,5,1,
82,6,808,67,101,23,1,5,1,
82,7,721,220,34,22,1,5,1,
82,9,216,47,399,88,1,5,1,
82,10,661,150,15,11,1,5,1,
83,2,582,137,22,14,1,5,1,
83,5,768,340,44,13,1,5,1,
83,6,817,67,99,23,1,5,1,
83,7,724,221,32,21,1,5,1,
83,9,235,44,417,90,1,5,1,
83,10,661,151,19,11,1,5,1,
84,2,582,138,19,14,1,5,1,
84,5,773,340,42,13,1,5,1,
84,6,825,68,98,23,1,5,1,
84,7,726,221,31,21,1,5,1,
84,9,254,42,434,91,1,5,1,
84,10,661,152,23,10,1,5,1,
85,2,582,139,15,14,1,5,1,
85,5,777,339,41,13,1,5,1,
85,6,833,68,96,24,1,5,1,
85,7,728,222,29,20,1,5,1,
85,9,274,40,450,92,1,5,1,
85,10,661,153,28,10,1,5,1,
86,2,582,141,12,13,1,5,1,
86,5,782,338,39,13,1,5,1,
86,6,843,69,92,24,1,5,1,
86,7,731,222,27,21,1,5,1,
86,9,300,38,458,93,1,5,1,
86,10,662,153,33,10,1,5,1,
87,2,583,143,8,11,1,5,1,
87,5,787,338,37,13,1,5,1,
87,6,851,70,90,23,1,5,1,
87,7,733,223,26,20,1,5,1,
87,9,327,36,465,94,1,5,1,
87,10,664,154,36,9,1,5,1,
88,2,583,144,10,11,1,5,1,
88,5,791,337,35,13,1,5,1,
88,6,858,71,89,23,1,5,1,
88,7,735,223,24,20,1,5,1,
88,9,351,35,475,94,1,5,1,
88,10,665,155,37,9,1,5,1,
89,2,584,145,12,11,1,5,1,
89,5,795,337,34,12,1,5,1,
89,6,866,72,87,23,1,5,1,
89,7,737,224,22,20,1,5,1,
89,9,381,34,480,95,1,5,1,
89,10,668,155,36,9,1,5,1,
90,2,584,146,16,10,1,5,1,
90,5,798,336,33,13,1,5,1,
90,6,873,72,86,24,1,5,1,
90,7,738,224,21,21,1,5,1,
90,9,409,33,486,95,1,5,1,
90,10,671,156,34,9,1,5,1,
91,2,583,147,20,9,1,5,1,
91,5,802,335,31,13,1,5,1,
91,6,880,73,79,24,1,5,1,
91,7,739,225,20,20,1,5,1,
91,9,438,32,491,96,1,5,1,
91,10,674,156,31,10,1,5,1,
92,2,583,148,24,9,1,5,1,
92,5,805,335,30,12,1,5,1,
92,6,888,74,72,24,1,5,1,
92,7,740,225,19,20,1,5,1,
92,9,475,32,484,96,1,5,1,
92,10,678,156,27,10,1,5,1,
93,2,584,149,27,8,1,5,1,
93,5,808,334,29,13,1,5,1,
93,6,894,75,66,23,1,5,1,
93,7,739,226,19,20,1,5,1,
93,9,506,31,454,97,1,5,1,
93,10,681,157,24,10,1,5,1,
94,2,585,150,31,7,1,5,1,
94,5,812,334,27,12,1,5,1,
94,6,901,75,59,24,1,5,1,
94,7,739,227,19,19,1,5,1,
94,9,540,31,420,97,1,5,1,
94,10,685,157,20,11,1,5,1,
95,2,587,150,32,7,1,5,1,
95,5,816,333,25,12,1,5,1,
95,6,910,77,50,23,1,5,1,
95,7,738,227,19,19,1,5,1,
95,9,587,31,373,97,1,5,1,
95,10,689,158,15,11,1,5,1,
96,2,589,151,33,7,1,5,1,
96,5,818,332,24,13,1,5,1,
96,6,916,77,44,22,1,5,1,
96,7,737,228,19,18,1,5,1,
96,9,618,31,342,97,1,5,1,
96,10,692,158,12,12,1,5,1,
97,2,591,151,34,7,1,5,1,
97,5,821,332,23,12,1,5,1,
97,6,922,78,38,15,1,5,1,
97,7,736,228,19,19,1,5,1,
97,9,652,31,308,97,1,5,1,
97,10,693,159,10,11,1,5,1,
98,2,594,151,34,7,1,5,1,
98,5,824,331,21,13,1,5,1,
98,6,928,79,32,15,1,5,1,
98,7,735,229,20,18,1,5,1,
98,9,688,32,272,82,1,5,1,
98,10,691,159,12,12,1,5,1,
99,2,597,152,33,7,1,5,1,
99,5,826,331,21,12,1,5,1,
99,6,934,80,26,16,1,5,1,
99,7,733,229,21,18,1,5,1,
99,9,722,35,238,70,1,5,1,
99,10,689,160,13,12,1,5,1,
100,2,600,152,32,7,1,5,1,
100,5,828,330,20,12,1,5,1,
100,7,731,230,23,18,1,5,1,
100,9,754,35,206,67,1,5,1,
100,10,688,161,14,12,1,5,1,
101,2,603,152,30,8,1,5,1,
101,5,830,330,19,12,1,5,1,
101,7,730,230,24,18,1,5,1,
101,9,784,43,176,50,1,5,1,
101,10,686,161,16,13,1,5,1,
102,2,605,152,29,8,1,5,1,
102,5,832,329,18,12,1,5,1,
102,7,729,231,25,17,1,5,1,
102,9,813,51,147,34,1,5,1,
102,10,685,162,16,13,1,5,1,
103,2,608,152,27,9,1,5,1,
103,5,834,329,19,12,1,5,1,
103,7,729,231,24,17,1,5,1,
103,10,683,163,17,13,1,5,1,
104,5,835,328,23,12,1,5,1,
104,7,729,232,23,16,1,5,1,
104,10,682,164,17,13,1,5,1,
105,5,835,328,27,12,1,5,1,
105,7,730,232,21,16,1,5,1,
105,10,681,165,18,13,1,5,1,
106,5,836,328,29,11,1,5,1,
106,7,732,232,17,16,1,5,1,
106,10,680,165,18,14,1,5,1,
107,5,836,327,32,12,1,5,1,
107,7,733,232,17,15,1,5,1,
107,10,679,166,17,13,1,5,1,
108,5,837,327,34,12,1,5,1,
108,7,733,232,22,15,1,5,1,
108,10,677,167,18,13,1,5,1,
109,5,838,327,36,11,1,5,1,
109,7,733,232,27,15,1,5,1,
109,10,677,168,17,13,1,5,1,
110,5,839,326,38,12,1,5,1,
110,7,733,232,33,15,1,5,1,
110,10,678,168,15,13,1,5,1,
111,5,840,326,39,12,1,5,1,
111,7,732,232,37,15,1,5,1,
111,10,678,169,13,12,1,5,1,
112,5,842,326,39,11,1,5,1,
112,7,731,232,40,15,1,5,1,
112,10,678,170,12,12,1,5,1,
113,5,845,325,39,12,1,5,1,
113,7,730,232,43,15,1,5,1,
113,10,679,171,9,11,1,5,1,
114,5,847,325,39,11,1,5,1,
114,7,730,232,45,15,1,5,1,
114,10,679,172,8,10,1,5,1,
115,5,850,325,38,11,1,5,1,
115,7,730,232,47,15,1,5,1,
115,10,680,173,7,10,1,5,1,
116,5,853,324,37,12,1,5,1,
116,7,732,232,46,15,1,5,1,
116,10,681,174,7,9,1,5,1,
117,5,856,324,36,11,1,5,1,
117,7,733,232,47,15,1,5,1,
117,10,681,174,7,10,1,5,1,
118,5,858,324,35,11,1,5,1,
118,7,735,232,47,15,1,5,1,
118,10,681,175,7,9,1,5,1,
119,5,861,323,34,12,1,5,1,
119,7,737,232,46,15,1,5,1,
119,10,681,175,7,10,1,5,1,
120,5,865,323,32,11,1,5,1,
120,7,740,233,44,14,1,5,1,
120,10,680,176,8,10,1,5,1,
121,5,867,323,31,11,1,5,1,
121,7,743,233,43,14,1,5,1,
121,10,680,176,8,10,1,5,1,
122,5,870,322,30,11,1,5,1,
122,7,745,233,42,15,1,5,1,
122,10,680,176,7,11,1,5,1,
123,5,872,322,29,11,1,5,1,
123,7,748,233,40,15,1,5,1,
124,5,874,322,29,11,1,5,1,
124,7,750,233,39,15,1,5,1,
125,5,876,321,28,11,1,5,1,
125,7,752,233,38,15,1,5,1,
126,5,878,321,27,11,1,5,1,
126,7,754,234,37,14,1,5,1,
127,5,880,321,26,11,1,5,1,
127,7,756,234,36,14,1,5,1,
128,5,882,320,25,11,1,5,1,
128,7,758,234,35,14,1,5,1,
129,5,884,320,24,11,1,5,1,
129,7,760,234,34,14,1,5,1,
130,5,886,320,23,10,1,5,1,
130,7,762,234,33,15,1,5,1,
131,5,887,319,23,11,1,5,1,
131,7,764,235,32,14,1,5,1,
132,5,889,319,22,11,1,5,1,
132,7,766,235,31,14,1,5,1,
133,5,890,319,21,10,1,5,1,
133,7,768,235,29,14,1,5,1,
134,5,892,318,20,11,1,5,1,
134,7,770,235,28,14,1,5,1,
135,5,894,318,18,10,1,5,1,
135,7,772,236,27,13,1,5,1,
136,5,895,318,18,10,1,5,1,
136,7,773,236,26,13,1,5,1,
137,5,896,317,17,11,1,5,1,
137,7,775,236,25,13,1,5,1,
138,5,897,317,16,10,1,5,1,
138,7,777,236,23,14,1,5,1,
138,8,953,217,6,10,1,5,1,
139,5,899,317,14,10,1,5,1,
139,7,779,236,22,14,1,5,1,
140,5,900,316,14,10,1,5,1,
140,7,780,237,21,13,1,5,1,
141,5,901,316,13,10,1,5,1,
141,7,781,237,20,13,1,5,1,
142,5,901,316,12,9,1,5,1,
142,7,783,237,18,13,1,5,1,
143,5,901,315,12,10,1,5,1,
143,7,784,237,17,13,1,5,1,
144,5,901,315,12,10,1,5,1,
144,7,785,238,16,12,1,5,1,
145,5,900,315,13,9,1,5,1,
145,7,786,238,15,13,1,5,1,
146,5,900,314,13,10,1,5,1,
146,7,786,238,15,13,1,5,1,
147,5,900,314,12,10,1,5,1,
147,7,786,238,15,13,1,5,1,
148,5,900,314,12,9,1,5,1,
148,7,786,238,15,13,1,5,1,
149,5,899,313,12,10,1,5,1,
149,7,785,239,16,12,1,5,1,
150,5,899,313,12,9,1,5,1,
