1,1,511,402,17,19,1,5,1,
1,2,538,30,105,49,1,5,1,
1,3,757,473,43,12,1,5,1,
1,4,785,310,119,22,1,5,1,
1,5,0,223,47,12,1,5,1,
1,6,836,25,55,61,1,5,1,
1,7,525,10,84,39,1,5,1,
1,8,182,72,92,27,1,5,1,
1,9,180,0,38,24,1,5,1,
1,10,163,-10,76,34,1,5,1,
2,1,512,399,15,22,1,5,1,
2,2,539,25,120,53,1,5,1,
2,3,750,474,49,11,1,5,1,
2,4,788,311,125,22,1,5,1,
2,5,0,223,55,12,1,5,1,
2,6,835,16,69,70,1,5,1,
2,7,521,10,84,44,1,5,1,
2,8,171,69,100,30,1,5,1,
2,9,183,0,45,28,1,5,1,
2,10,157,-17,79,41,1,5,1,
3,1,514,397,14,23,1,5,1,
3,2,543,18,126,58,1,5,1,
3,3,743,472,53,12,1,5,1,
3,4,794,311,127,22,1,5,1,
3,5,0,224,63,12,1,5,1,
3,6,832,6,92,80,1,5,1,
3,7,518,10,79,50,1,5,1,
3,8,161,65,103,32,1,5,1,
3,9,185,0,54,31,1,5,1,
3,10,152,-25,77,48,1,5,1,
4,1,516,396,14,22,1,5,1,
4,2,552,10,126,63,1,5,1,
4,3,736,471,56,12,1,5,1,
4,4,804,311,123,22,1,5,1,
4,5,4,224,66,13,1,5,1,
4,6,826,-2,119,87,1,5,1,
4,7,516,11,71,55,1,5,1,
4,8,152,61,103,35,1,5,1,
4,9,187,0,62,34,1,5,1,
4,10,147,-32,72,52,1,5,1,
5,1,517,394,18,22,1,5,1,
5,2,561,4,132,65,1,5,1,
5,3,729,469,58,13,1,5,1,
5,4,812,311,120,22,1,5,1,
5,5,9,225,69,12,1,5,1,
5,6,823,-12,136,94,1,5,1,
5,7,515,12,63,59,1,5,1,
5,8,144,57,104,37,1,5,1,
5,9,188,0,72,37,1,5,1,
5,10,144,-40,67,58,1,5,1,
6,1,515,392,25,21,1,5,1,
6,2,573,-2,135,66,1,5,1,
6,3,723,466,57,15,1,5,1,
6,4,824,311,112,22,1,5,1,
6,5,17,226,68,12,1,5,1,
6,6,819,-23,141,101,1,5,1,
6,7,515,14,52,63,1,5,1,
6,8,136,52,101,40,1,5,1,
6,9,184,0,87,39,1,5,1,
7,1,515,391,31,20,1,5,1,
7,2,580,-9,141,69,1,5,1,
7,3,717,464,58,17,1,5,1,
7,4,833,311,105,22,1,5,1,
7,5,22,226,69,12,1,5,1,
7,6,818,-33,142,108,1,5,1,
7,7,515,17,44,65,1,5,1,
7,8,130,47,99,44,1,5,1,
7,9,188,0,93,41,1,5,1,
8,1,515,390,37,19,1,5,1,
8,2,587,-16,144,72,1,5,1,
8,3,711,461,58,20,1,5,1,
8,4,844,310,95,23,1,5,1,
8,5,29,227,69,12,1,5,1,
8,6,819,-42,141,112,1,5,1,
8,7,514,20,37,68,1,5,1,
8,8,124,41,96,47,1,5,1,
8,9,197,4,94,38,1,5,1,
9,1,516,389,43,18,1,5,1,
9,2,595,-24,152,75,1,5,1,
9,3,707,459,56,21,1,5,1,
9,4,855,310,84,23,1,5,1,
9,5,36,228,68,11,1,5,1,
9,6,821,-50,139,114,1,5,1,
9,7,514,24,29,69,1,5,1,
9,8,120,35,90,50,1,5,1,
9,9,206,9,95,33,1,5,1,
10,1,519,388,47,16,1,5,1,
10,2,605,-31,162,76,1,5,1,
10,3,703,456,52,22,1,5,1,
10,4,867,310,70,22,1,5,1,
10,5,45,228,65,12,1,5,1,
10,6,826,-57,134,114,1,5,1,
10,7,514,30,22,67,1,5,1,
10,8,117,30,82,51,1,5,1,
10,9,217,14,94,29,1,5,1,
11,1,522,388,51,14,1,5,1,
11,2,615,-39,172,78,1,5,1,
11,3,699,453,49,23,1,5,1,
11,4,879,309,56,23,1,5,1,
11,5,53,229,62,11,1,5,1,
11,6,833,-63,127,112,1,5,1,
11,7,516,35,18,67,1,5,1,
11,8,117,25,71,52,1,5,1,
11,9,228,18,92,26,1,5,1,
12,1,525,388,55,12,1,5,1,
12,2,624,-47,185,80,1,5,1,
12,3,697,451,45,23,1,5,1,
12,4,890,309,46,22,1,5,1,
12,5,60,230,59,11,1,5,1,
12,6,841,-67,119,108,1,5,1,
12,7,518,41,17,64,1,5,1,
12,8,118,20,60,52,1,5,1,
12,9,238,21,91,24,1,5,1,
13,1,529,388,58,12,1,5,1,
13,2,635,-54,197,81,1,5,1,
13,3,695,448,40,24,1,5,1,
13,4,900,309,35,22,1,5,1,
13,5,67,231,56,10,1,5,1,
13,7,519,47,21,62,1,5,1,
13,8,119,15,50,53,1,5,1,
13,9,248,24,89,22,1,5,1,
14,1,533,387,60,13,1,5,1,
14,3,693,446,37,23,1,5,1,
14,4,902,308,32,22,1,5,1,
14,5,74,231,52,11,1,5,1,
14,7,517,52,29,60,1,5,1,
14,8,118,10,42,53,1,5,1,
14,9,258,26,88,20,1,5,1,
15,1,537,387,62,13,1,5,1,
15,3,693,444,32,23,1,5,1,
15,4,901,308,31,22,1,5,1,
15,5,80,232,48,10,1,5,1,
15,7,515,57,37,57,1,5,1,
15,8,118,7,35,52,1,5,1,
15,9,266,27,87,19,1,5,1,
16,1,542,387,64,12,1,5,1,
16,3,693,442,28,23,1,5,1,
16,4,900,307,31,22,1,5,1,
16,5,85,232,44,10,1,5,1,
16,7,514,62,44,54,1,5,1,
16,8,121,3,36,53,1,5,1,
16,9,274,27,86,18,1,5,1,
17,1,547,387,65,12,1,5,1,
17,3,693,440,23,23,1,5,1,
17,4,899,307,31,21,1,5,1,
17,5,91,232,39,10,1,5,1,
17,7,514,68,51,50,1,5,1,
17,8,125,1,36,50,1,5,1,
17,9,283,26,84,18,1,5,1,
18,1,553,387,65,12,1,5,1,
18,3,693,439,19,21,1,5,1,
18,4,899,307,30,21,1,5,1,
18,5,97,232,33,10,1,5,1,
18,7,515,73,57,45,1,5,1,
18,8,125,0,49,46,1,5,1,
18,9,293,24,80,19,1,5,1,
19,1,559,386,64,12,1,5,1,
19,3,693,438,16,19,1,5,1,
19,4,898,306,29,21,1,5,1,
19,5,102,232,29,10,1,5,1,
19,7,516,78,63,41,1,5,1,
19,8,125,-1,59,42,1,5,1,
19,9,301,22,78,19,1,5,1,
20,1,566,386,63,12,1,5,1,
20,3,692,436,14,18,1,5,1,
20,4,897,306,29,20,1,5,1,
20,5,108,232,24,10,1,5,1,
20,7,518,84,68,36,1,5,1,
20,8,124,-5,68,41,1,5,1,
20,9,311,20,75,19,1,5,1,
21,1,571,386,64,12,1,5,1,
21,3,692,434,12,18,1,5,1,
21,4,895,305,29,21,1,5,1,
21,5,112,232,19,10,1,5,1,
21,7,521,89,73,32,1,5,1,
21,8,124,-8,73,39,1,5,1,
21,9,319,17,74,22,1,5,1,
22,1,577,385,64,12,1,5,1,
22,3,691,433,12,17,1,5,1,
22,4,894,305,30,20,1,5,1,
22,5,116,232,14,10,1,5,1,
22,7,524,93,77,28,1,5,1,
22,8,126,-12,76,40,1,5,1,
22,9,326,15,75,23,1,5,1,
23,1,584,385,62,12,1,5,1,
23,3,690,431,12,17,1,5,1,
23,4,893,305,30,20,1,5,1,
23,5,114,231,15,11,1,5,1,
23,7,529,98,78,23,1,5,1,
23,8,131,-16,78,40,1,5,1,
23,9,335,12,74,25,1,5,1,
24,1,590,385,62,12,1,5,1,
24,3,689,429,12,17,1,5,1,
24,4,892,304,30,20,1,5,1,
24,5,113,231,14,11,1,5,1,
24,7,533,101,80,20,1,5,1,
24,8,136,-20,82,41,1,5,1,
24,9,341,10,75,26,1,5,1,
25,1,596,384,61,12,1,5,1,
25,3,688,428,13,17,1,5,1,
25,4,890,304,31,19,1,5,1,
25,5,112,231,14,10,1,5,1,
25,7,538,104,81,17,1,5,1,
25,8,142,-25,85,42,1,5,1,
25,9,348,7,76,27,1,5,1,
26,1,603,384,60,12,1,5,1,
26,3,686,426,14,17,1,5,1,
26,4,889,304,31,19,1,5,1,
26,5,110,230,15,11,1,5,1,
26,7,545,105,80,16,1,5,1,
26,8,150,-29,86,43,1,5,1,
26,9,356,4,77,27,1,5,1,
27,1,608,383,60,12,1,5,1,
27,3,685,425,14,16,1,5,1,
27,4,887,303,32,19,1,5,1,
27,5,109,230,16,11,1,5,1,
27,7,550,105,80,17,1,5,1,
27,9,362,1,79,28,1,5,1,
28,1,614,383,59,12,1,5,1,
28,3,683,423,16,16,1,5,1,
28,4,886,303,32,19,1,5,1,
28,5,108,229,16,11,1,5,1,
28,7,555,106,81,16,1,5,1,
28,9,368,0,81,27,1,5,1,
29,1,619,383,60,11,1,5,1,
29,3,682,422,16,16,1,5,1,
29,4,884,303,32,18,1,5,1,
29,5,107,229,16,11,1,5,1,
29,7,561,106,80,16,1,5,1,
29,9,375,-2,83,27,1,5,1,
30,1,624,382,60,12,1,5,1,
30,3,680,421,17,15,1,5,1,
30,4,883,302,32,19,1,5,1,
30,5,106,228,16,12,1,5,1,
30,7,565,106,82,16,1,5,1,
30,9,381,-5,84,28,1,5,1,
31,1,630,382,59,12,1,5,1,
31,3,678,419,18,16,1,5,1,
31,4,881,302,33,18,1,5,1,
31,5,105,228,16,11,1,5,1,
31,7,571,106,81,16,1,5,1,
31,9,387,-8,84,29,1,5,1,
32,1,635,381,58,12,1,5,1,
32,3,676,418,19,15,1,5,1,
32,4,879,302,34,18,1,5,1,
32,5,104,227,16,12,1,5,1,
32,7,577,107,81,16,1,5,1,
32,9,395,-11,85,29,1,5,1,
33,1,640,381,58,12,1,5,1,
33,3,674,416,20,16,1,5,1,
33,4,877,301,34,18,1,5,1,
33,5,103,227,16,12,1,5,1,
33,7,582,107,81,16,1,5,1,
33,9,401,-14,88,30,1,5,1,
34,1,646,380,57,12,1,5,1,
34,3,672,415,21,15,1,5,1,
34,4,875,301,35,18,1,5,1,
34,5,102,226,17,12,1,5,1,
34,7,588,107,81,16,1,5,1,
34,9,409,-18,90,31,1,5,1,
35,1,652,380,56,12,1,5,1,
35,3,670,414,21,15,1,5,1,
35,4,874,301,34,17,1,5,1,
35,5,101,226,17,12,1,5,1,
35,7,594,107,80,16,1,5,1,
35,9,417,-21,92,32,1,5,1,
36,1,657,379,55,12,1,5,1,
36,3,668,413,22,14,1,5,1,
36,4,872,300,35,18,1,5,1,
36,5,101,225,17,13,1,5,1,
36,7,599,108,80,16,1,5,1,
37,1,661,379,56,12,1,5,1,
37,3,666,411,22,15,1,5,1,
37,4,870,300,35,17,1,5,1,
37,5,100,225,17,12,1,5,1,
37,7,604,108,80,16,1,5,1,
38,1,667,378,54,12,1,5,1,
38,3,664,410,23,15,1,5,1,
38,4,868,300,35,17,1,5,1,
38,5,99,224,18,13,1,5,1,
38,7,610,109,79,15,1,5,1,
39,1,673,378,52,12,1,5,1,
39,3,661,409,24,14,1,5,1,
39,4,865,299,36,17,1,5,1,
39,5,99,224,18,12,1,5,1,
39,7,617,109,77,16,1,5,1,
40,1,677,377,53,12,1,5,1,
40,3,659,408,24,14,1,5,1,
40,4,863,299,37,17,1,5,1,
40,5,99,223,17,13,1,5,1,
40,7,621,109,78,16,1,5,1,
41,1,683,377,51,12,1,5,1,
41,3,657,407,24,13,1,5,1,
41,4,861,299,37,16,1,5,1,
41,5,98,223,18,13,1,5,1,
41,7,627,110,77,15,1,5,1,
42,1,687,376,51,12,1,5,1,
42,3,654,406,26,13,1,5,1,
42,4,859,299,37,16,1,5,1,
42,5,98,222,18,13,1,5,1,
42,7,631,110,78,16,1,5,1,
43,1,691,376,51,12,1,5,1,
43,3,652,404,26,14,1,5,1,
43,4,856,298,39,16,1,5,1,
43,5,98,222,19,13,1,5,1,
43,7,636,110,78,16,1,5,1,
44,1,696,375,49,12,1,5,1,
44,3,649,403,27,13,1,5,1,
44,4,854,298,38,16,1,5,1,
44,5,98,221,19,14,1,5,1,
44,7,642,111,76,16,1,5,1,
45,1,700,375,49,11,1,5,1,
45,3,646,402,28,13,1,5,1,
45,4,851,298,40,15,1,5,1,
45,5,98,220,19,14,1,5,1,
45,7,647,111,76,16,1,5,1,
46,1,704,374,49,12,1,5,1,
46,3,644,401,28,13,1,5,1,
46,4,848,298,41,15,1,5,1,
46,5,98,220,19,14,1,5,1,
46,7,651,112,76,15,1,5,1,
47,1,709,374,47,11,1,5,1,
47,3,641,400,29,13,1,5,1,
47,4,846,297,41,16,1,5,1,
47,5,98,219,20,14,1,5,1,
47,7,657,112,75,16,1,5,1,
48,1,714,373,46,12,1,5,1,
48,3,638,400,30,12,1,5,1,
48,4,843,297,41,15,1,5,1,
48,5,99,219,19,14,1,5,1,
48,7,662,113,74,15,1,5,1,
49,1,718,372,45,12,1,5,1,
49,3,635,399,31,12,1,5,1,
49,4,840,297,42,15,1,5,1,
49,5,99,218,20,14,1,5,1,
49,7,667,113,73,16,1,5,1,
50,1,722,372,44,11,1,5,1,
50,3,632,398,31,11,1,5,1,
50,4,837,297,43,14,1,5,1,
50,5,100,217,20,15,1,5,1,
50,7,673,113,72,16,1,5,1,
51,1,727,371,43,12,1,5,1,
51,3,629,397,32,11,1,5,1,
51,4,834,296,44,15,1,5,1,
51,5,100,217,21,15,1,5,1,
51,7,678,114,71,16,1,5,1,
52,1,730,371,43,11,1,5,1,
52,3,626,396,32,11,1,5,1,
52,4,832,296,43,15,1,5,1,
52,5,101,216,21,15,1,5,1,
52,7,682,114,71,16,1,5,1,
53,1,735,370,41,12,1,5,1,
53,3,623,395,32,11,1,5,1,
53,4,829,296,44,14,1,5,1,
53,5,102,215,21,16,1,5,1,
53,7,688,115,69,16,1,5,1,
54,1,738,370,41,11,1,5,1,
54,3,620,394,33,11,1,5,1,
54,4,826,296,45,14,1,5,1,
54,5,103,215,21,15,1,5,1,
54,7,692,115,69,16,1,5,1,
55,1,742,369,39,11,1,5,1,
55,3,617,393,33,11,1,5,1,
55,4,823,295,45,14,1,5,1,
55,5,104,214,21,16,1,5,1,
55,7,697,115,67,17,1,5,1,
56,1,746,368,38,12,1,5,1,
56,3,614,393,33,10,1,5,1,
56,4,820,295,45,14,1,5,1,
56,5,105,213,22,16,1,5,1,
56,7,702,116,66,17,1,5,1,
57,1,750,368,37,11,1,5,1,
57,4,817,295,46,14,1,5,1,
57,5,106,213,22,16,1,5,1,
57,7,706,116,66,17,1,5,1,
58,1,753,367,36,12,1,5,1,
58,4,814,295,47,13,1,5,1,
58,5,108,212,22,16,1,5,1,
58,7,710,117,65,17,1,5,1,
59,1,756,367,36,11,1,5,1,
59,4,811,295,47,13,1,5,1,
59,5,108,211,24,17,1,5,1,
59,7,715,117,64,17,1,5,1,
60,1,759,366,35,11,1,5,1,
60,4,808,294,48,14,1,5,1,
60,5,109,211,25,16,1,5,1,
60,7,718,118,64,17,1,5,1,
61,1,762,365,35,12,1,5,1,
61,4,805,294,49,13,1,5,1,
61,5,110,210,26,17,1,5,1,
61,7,722,118,64,17,1,5,1,
62,1,764,365,35,11,1,5,1,
62,4,802,294,50,13,1,5,1,
62,5,111,209,27,17,1,5,1,
62,7,726,119,63,17,1,5,1,
63,1,768,364,33,12,1,5,1,
63,4,798,294,51,13,1,5,1,
63,5,112,208,28,18,1,5,1,
63,7,730,119,62,18,1,5,1,
64,1,771,364,32,11,1,5,1,
64,4,795,294,52,12,1,5,1,
64,5,113,208,30,17,1,5,1,
64,7,734,120,61,17,1,5,1,
65,1,773,363,32,12,1,5,1,
65,4,792,293,52,13,1,5,1,
65,5,114,207,31,18,1,5,1,
65,7,738,121,60,17,1,5,1,
66,1,776,362,31,12,1,5,1,
66,4,789,293,53,13,1,5,1,
66,5,115,206,33,18,1,5,1,
66,7,742,121,59,18,1,5,1,
67,1,779,362,30,11,1,5,1,
67,4,785,293,53,13,1,5,1,
67,5,117,205,34,19,1,5,1,
67,7,746,122,58,17,1,5,1,
68,1,782,361,28,12,1,5,1,
68,4,782,293,53,12,1,5,1,
68,5,119,205,35,18,1,5,1,
68,7,750,122,57,18,1,5,1,
69,1,785,361,27,11,1,5,1,
69,4,779,293,54,12,1,5,1,
69,5,120,204,37,18,1,5,1,
69,7,754,123,55,17,1,5,1,
70,1,787,360,26,12,1,5,1,
70,4,776,293,54,12,1,5,1,
70,5,122,203,39,19,1,5,1,
70,7,757,124,55,17,1,5,1,
71,1,790,359,25,12,1,5,1,
71,4,772,292,55,12,1,5,1,
71,5,124,202,41,19,1,5,1,
71,7,762,124,52,18,1,5,1,
72,1,793,359,23,11,1,5,1,
72,4,769,292,54,12,1,5,1,
72,5,127,201,42,20,1,5,1,
72,7,765,125,52,17,1,5,1,
73,1,795,358,23,12,1,5,1,
73,4,766,292,55,12,1,5,1,
73,5,129,200,45,20,1,5,1,
73,7,769,126,50,17,1,5,1,
74,1,797,358,22,11,1,5,1,
74,4,762,292,56,12,1,5,1,
74,5,131,200,47,19,1,5,1,
74,7,772,126,50,18,1,5,1,
75,1,799,357,21,11,1,5,1,
75,4,759,292,56,11,1,5,1,
75,5,134,199,49,20,1,5,1,
75,7,776,127,48,17,1,5,1,
76,1,801,357,21,11,1,5,1,
76,4,755,292,57,11,1,5,1,
76,5,136,198,52,20,1,5,1,
76,7,779,128,47,17,1,5,1,
77,1,803,356,20,11,1,5,1,
77,4,752,291,56,12,1,5,1,
77,5,140,197,54,20,1,5,1,
77,7,782,128,46,18,1,5,1,
78,1,805,355,19,11,1,5,1,
78,4,749,291,56,12,1,5,1,
78,5,143,196,56,21,1,5,1,
78,7,786,129,44,17,1,5,1,
79,1,807,355,18,11,1,5,1,
79,4,745,291,56,11,1,5,1,
79,5,147,195,58,21,1,5,1,
79,7,789,130,43,17,1,5,1,
80,1,809,354,17,11,1,5,1,
80,5,150,194,61,21,1,5,1,
80,7,792,131,42,17,1,5,1,
81,1,810,354,17,11,1,5,1,
81,3,545,391,18,9,1,5,1,
81,5,153,193,64,22,1,5,1,
81,7,794,131,42,17,1,5,1,
82,1,812,353,16,11,1,5,1,
82,3,545,391,15,10,1,5,1,
82,5,157,192,66,22,1,5,1,
82,7,797,132,41,17,1,5,1,
83,1,814,352,15,11,1,5,1,
83,3,545,392,12,10,1,5,1,
83,5,162,191,68,22,1,5,1,
83,7,801,133,38,17,1,5,1,
84,1,815,352,15,11,1,5,1,
84,3,545,393,10,10,1,5,1,
84,5,166,190,70,23,1,5,1,
84,7,803,133,38,18,1,5,1,
85,1,816,351,14,11,1,5,1,
85,3,546,393,11,11,1,5,1,
85,5,170,189,74,23,1,5,1,
85,7,806,134,36,17,1,5,1,
86,1,818,351,13,10,1,5,1,
86,3,546,394,15,10,1,5,1,
86,5,174,188,77,23,1,5,1,
86,7,808,135,36,17,1,5,1,
87,1,819,350,12,11,1,5,1,
87,3,547,395,17,10,1,5,1,
87,5,180,187,78,23,1,5,1,
87,7,811,136,34,17,1,5,1,
88,1,820,350,12,10,1,5,1,
88,3,547,396,21,10,1,5,1,
88,5,184,186,82,24,1,5,1,
88,7,813,136,34,17,1,5,1,
89,1,821,349,11,11,1,5,1,
89,3,547,396,26,10,1,5,1,
89,5,189,185,85,24,1,5,1,
89,7,816,137,32,17,1,5,1,
90,1,822,349,11,10,1,5,1,
90,3,547,397,30,10,1,5,1,
90,5,194,184,89,24,1,5,1,
90,7,818,138,31,17,1,5,1,
91,1,822,348,11,10,1,5,1,
91,3,548,398,34,10,1,5,1,
91,5,201,183,90,24,1,5,1,
91,7,820,139,30,16,1,5,1,
92,1,822,347,11,11,1,5,1,
92,3,549,399,37,9,1,5,1,
92,5,206,182,94,24,1,5,1,
92,7,822,139,29,17,1,5,1,
93,1,823,347,10,10,1,5,1,
93,3,550,399,40,10,1,5,1,
93,5,212,181,97,25,1,5,1,
93,7,824,140,28,17,1,5,1,
94,1,823,346,10,10,1,5,1,
94,3,553,400,41,9,1,5,1,
94,5,219,180,100,25,1,5,1,
94,7,826,141,27,16,1,5,1,
95,1,823,346,10,10,1,5,1,
95,3,556,401,42,9,1,5,1,
95,5,226,179,102,25,1,5,1,
95,7,828,142,26,16,1,5,1,
96,1,823,345,10,10,1,5,1,
96,3,558,401,45,10,1,5,1,
96,5,232,178,107,25,1,5,1,
96,7,830,142,25,17,1,5,1,
97,1,823,345,10,10,1,5,1,
97,3,562,402,45,9,1,5,1,
97,5,240,177,109,25,1,5,1,
97,7,832,143,24,16,1,5,1,
98,1,823,344,10,10,1,5,1,
98,3,565,402,46,10,1,5,1,
98,5,247,175,113,26,1,5,1,
98,7,834,144,23,16,1,5,1,
99,1,823,344,10,9,1,5,1,
99,3,569,403,47,9,1,5,1,
99,5,254,174,117,27,1,5,1,
99,7,835,145,23,16,1,5,1,
100,1,823,343,10,10,1,5,1,
100,3,573,403,47,10,1,5,1,
100,5,262,173,120,27,1,5,1,
100,7,837,145,22,16,1,5,1,
101,1,823,343,10,9,1,5,1,
101,3,576,404,49,9,1,5,1,
101,5,270,172,124,27,1,5,1,
101,7,838,146,22,16,1,5,1,
102,1,822,342,10,10,1,5,1,
102,3,580,404,49,10,1,5,1,
102,5,277,171,129,27,1,5,1,
102,7,839,147,22,16,1,5,1,
103,1,822,342,10,9,1,5,1,
103,3,584,405,50,9,1,5,1,
103,5,285,170,133,27,1,5,1,
103,7,841,147,20,16,1,5,1,
104,1,822,341,9,9,1,5,1,
104,3,589,406,49,9,1,5,1,
104,5,296,168,135,28,1,5,1,
104,7,842,148,20,16,1,5,1,
105,1,821,341,10,9,1,5,1,
105,3,593,406,50,9,1,5,1,
105,5,304,167,140,28,1,5,1,
105,7,843,149,19,16,1,5,1,
106,1,821,340,10,9,1,5,1,
106,3,596,407,51,9,1,5,1,
106,5,313,166,144,28,1,5,1,
106,7,844,150,19,15,1,5,1,
107,1,820,340,10,9,1,5,1,
107,3,601,407,51,9,1,5,1,
107,5,323,165,148,28,1,5,1,
107,7,846,150,17,16,1,5,1,
108,1,820,339,9,9,1,5,1,
108,3,605,408,51,8,1,5,1,
108,5,333,164,152,28,1,5,1,
108,7,847,151,17,16,1,5,1,
109,1,819,339,10,9,1,5,1,
109,3,609,408,52,9,1,5,1,
109,5,343,162,157,30,1,5,1,
109,7,848,152,16,15,1,5,1,
110,1,819,338,10,9,1,5,1,
110,3,614,409,52,8,1,5,1,
110,5,354,161,161,29,1,5,1,
110,7,849,153,15,15,1,5,1,
111,1,818,338,11,9,1,5,1,
111,3,618,409,53,8,1,5,1,
111,5,364,160,166,30,1,5,1,
111,7,849,153,16,16,1,5,1,
112,1,817,337,11,9,1,5,1,
112,3,623,409,52,9,1,5,1,
112,5,376,159,170,30,1,5,1,
112,7,850,154,15,15,1,5,1,
113,1,817,337,11,9,1,5,1,
113,3,628,410,52,8,1,5,1,
113,5,388,158,174,30,1,5,1,
113,7,851,155,14,15,1,5,1,
114,3,632,410,53,8,1,5,1,
114,5,399,157,179,30,1,5,1,
114,7,852,156,13,15,1,5,1,
115,3,635,411,54,8,1,5,1,
115,5,408,156,186,30,1,5,1,
115,7,852,156,13,15,1,5,1,
116,3,639,411,55,8,1,5,1,
116,5,418,155,193,31,1,5,1,
116,7,853,157,12,15,1,5,1,
117,3,644,411,55,8,1,5,1,
117,5,432,154,196,31,1,5,1,
117,7,853,157,12,16,1,5,1,
118,3,647,412,56,7,1,5,1,
118,5,442,153,204,31,1,5,1,
118,7,853,158,12,15,1,5,1,
119,3,651,412,57,8,1,5,1,
119,5,453,152,210,31,1,5,1,
119,7,853,159,12,15,1,5,1,
120,3,655,412,58,8,1,5,1,
120,5,465,151,216,32,1,5,1,
120,7,853,159,12,15,1,5,1,
121,3,660,412,57,8,1,5,1,
121,5,480,150,219,32,1,5,1,
121,7,853,160,12,15,1,5,1,
122,3,664,413,58,7,1,5,1,
122,5,492,149,225,32,1,5,1,
122,7,853,161,12,15,1,5,1,
123,3,668,413,58,7,1,5,1,
123,5,507,148,229,33,1,5,1,
123,7,853,161,12,15,1,5,1,
124,3,673,413,58,7,1,5,1,
124,5,520,148,234,32,1,5,1,
124,7,852,162,12,15,1,5,1,
125,3,678,413,58,7,1,5,1,
125,5,537,147,236,32,1,5,1,
125,7,852,163,12,14,1,5,1,
126,3,682,413,58,7,1,5,1,
126,5,552,146,240,33,1,5,1,
126,7,852,163,12,15,1,5,1,
127,3,686,413,58,7,1,5,1,
127,5,567,145,244,33,1,5,1,
127,7,852,164,11,15,1,5,1,
128,3,691,413,58,8,1,5,1,
128,5,582,144,248,34,1,5,1,
129,3,696,413,57,8,1,5,1,
129,5,599,144,251,33,1,5,1,
130,3,699,413,59,8,1,5,1,
130,5,612,143,258,34,1,5,1,
131,3,703,413,59,8,1,5,1,
131,5,626,142,263,34,1,5,1,
132,3,707,413,59,7,1,5,1,
132,5,639,142,270,34,1,5,1,
133,3,710,413,60,7,1,5,1,
133,5,653,141,277,34,1,5,1,
134,3,715,413,60,7,1,5,1,
134,5,671,140,279,35,1,5,1,
135,3,719,413,60,7,1,5,1,
135,5,686,140,273,34,1,5,1,
136,3,723,413,60,7,1,5,1,
136,5,702,139,258,35,1,5,1,
137,3,727,413,60,7,1,5,1,
137,5,719,138,241,35,1,5,1,
138,3,731,412,60,8,1,5,1,
138,5,735,138,225,35,1,5,1,
139,3,736,412,59,8,1,5,1,
139,5,756,137,204,35,1,5,1,
140,3,740,412,59,7,1,5,1,
140,5,772,136,188,35,1,5,1,
141,3,744,412,58,7,1,5,1,
141,5,789,137,171,34,1,5,1,
142,3,748,412,58,7,1,5,1,
142,5,806,139,154,28,1,5,1,
143,3,752,411,58,8,1,5,1,
143,5,823,139,137,28,1,5,1,
144,3,757,411,56,8,1,5,1,
144,5,846,142,114,21,1,5,1,
145,3,762,411,55,7,1,5,1,
145,5,867,145,93,16,1,5,1,
146,3,766,411,54,7,1,5,1,
147,3,769,410,55,8,1,5,1,
148,3,772,410,55,7,1,5,1,
149,3,776,410,54,7,1,5,1,
150,3,779,409,55,8,1,5,1,
