1,1,416,115,48,33,1,5,1,
1,2,606,117,112,51,1,5,1,
1,3,730,345,154,46,1,5,1,
1,4,59,175,24,11,1,5,1,
1,5,643,62,43,28,1,5,1,
1,6,417,272,100,29,1,5,1,
1,7,411,295,40,38,1,5,1,
1,8,581,476,66,67,1,5,1,
1,9,844,27,51,16,1,5,1,
1,10,529,208,92,24,1,5,1,
1,11,117,172,74,29,1,5,1,
1,12,197,66,33,25,1,5,1,
1,13,404,367,61,15,1,5,1,
1,14,87,286,181,46,1,5,1,
1,15,432,312,68,20,1,5,1,
1,16,604,283,54,14,1,5,1,
1,17,854,418,78,55,1,5,1,
1,18,337,95,75,30,1,5,1,
1,19,172,349,53,13,1,5,1,
1,20,586,281,37,30,1,5,1,
1,21,714,456,60,25,1,5,1,
1,22,0,145,92,27,1,5,1,
1,23,648,488,17,19,1,5,1,
2,1,415,116,40,36,1,5,1,
2,2,609,121,123,50,1,5,1,
2,3,730,343,132,45,1,5,1,
2,4,54,175,29,11,1,5,1,
2,5,647,65,46,27,1,5,1,
2,6,405,272,98,30,1,5,1,
2,7,414,294,38,37,1,5,1,
2,8,582,482,77,62,1,5,1,
2,9,849,24,55,17,1,5,1,
2,10,536,208,89,25,1,5,1,
2,11,119,173,80,29,1,5,1,
2,12,200,68,36,26,1,5,1,
2,13,409,367,62,16,1,5,1,
2,14,97,285,187,45,1,5,1,
2,15,436,313,73,19,1,5,1,
2,16,608,283,58,14,1,5,1,
2,17,855,421,94,59,1,5,1,
2,18,343,98,78,28,1,5,1,
2,19,176,350,53,12,1,5,1,
2,20,583,281,46,30,1,5,1,
2,21,705,459,69,22,1,5,1,
2,22,0,146,102,27,1,5,1,
2,23,649,485,21,20,1,5,1,
3,1,415,117,33,39,1,5,1,
3,2,613,125,133,47,1,5,1,
3,3,731,341,112,44,1,5,1,
3,4,48,175,35,11,1,5,1,
3,5,650,68,51,26,1,5,1,
3,6,394,273,98,30,1,5,1,
3,7,418,294,37,36,1,5,1,
3,8,585,489,93,55,1,5,1,
3,9,855,22,57,17,1,5,1,
3,10,543,209,85,24,1,5,1,
3,11,121,175,87,28,1,5,1,
3,12,203,71,38,25,1,5,1,
3,13,414,368,63,16,1,5,1,
3,14,108,285,192,44,1,5,1,
3,15,440,313,78,20,1,5,1,
3,16,613,283,61,14,1,5,1,
3,17,857,424,102,63,1,5,1,
3,18,350,101,80,27,1,5,1,
3,19,181,350,53,12,1,5,1,
3,20,580,281,62,30,1,5,1,
3,21,697,460,75,21,1,5,1,
3,22,6,148,104,26,1,5,1,
3,23,651,483,23,20,1,5,1,
4,1,414,119,27,40,1,5,1,
4,2,618,130,143,44,1,5,1,
4,3,735,339,87,43,1,5,1,
4,4,42,175,40,11,1,5,1,
4,5,654,72,56,24,1,5,1,
4,6,385,273,93,31,1,5,1,
4,7,420,293,39,35,1,5,1,
4,8,591,497,109,47,1,5,1,
4,9,861,20,59,16,1,5,1,
4,10,552,209,79,24,1,5,1,
4,11,126,177,91,26,1,5,1,
4,12,207,74,40,25,1,5,1,
4,13,420,368,62,16,1,5,1,
4,14,123,284,193,43,1,5,1,
4,15,446,313,81,20,1,5,1,
4,16,619,283,63,15,1,5,1,
4,17,861,427,99,59,1,5,1,
4,18,357,104,81,25,1,5,1,
4,19,186,351,51,12,1,5,1,
4,20,578,281,77,31,1,5,1,
4,21,689,459,80,21,1,5,1,
4,22,16,150,103,25,1,5,1,
4,23,655,481,22,19,1,5,1,
5,1,413,122,21,41,1,5,1,
5,2,627,133,147,42,1,5,1,
5,3,733,337,70,42,1,5,1,
5,4,35,175,45,11,1,5,1,
5,5,660,75,57,23,1,5,1,
5,6,378,272,86,33,1,5,1,
5,7,416,293,51,34,1,5,1,
5,8,598,506,125,38,1,5,1,
5,9,869,18,59,16,1,5,1,
5,10,562,209,71,24,1,5,1,
5,11,131,178,94,26,1,5,1,
5,12,211,77,43,24,1,5,1,
5,13,427,369,60,16,1,5,1,
5,14,139,283,193,42,1,5,1,
5,15,453,313,83,19,1,5,1,
5,16,626,283,64,15,1,5,1,
5,17,867,432,93,56,1,5,1,
5,18,366,107,81,23,1,5,1,
5,19,191,351,50,12,1,5,1,
5,20,577,281,93,31,1,5,1,
5,21,682,458,83,20,1,5,1,
5,22,26,152,101,24,1,5,1,
5,23,661,479,16,19,1,5,1,
6,1,413,125,20,41,1,5,1,
6,2,636,134,152,41,1,5,1,
6,3,732,336,54,40,1,5,1,
6,4,27,174,50,12,1,5,1,
6,5,667,77,57,22,1,5,1,
6,6,372,272,78,33,1,5,1,
6,7,413,292,65,33,1,5,1,
6,8,608,515,140,29,1,5,1,
6,9,877,16,58,15,1,5,1,
6,10,572,209,61,24,1,5,1,
6,11,138,180,95,24,1,5,1,
6,12,216,81,44,21,1,5,1,
6,13,432,370,62,16,1,5,1,
6,14,157,283,190,41,1,5,1,
6,15,461,313,83,19,1,5,1,
6,16,633,284,65,14,1,5,1,
6,17,875,437,85,57,1,5,1,
6,18,375,109,80,21,1,5,1,
6,19,195,352,51,12,1,5,1,
6,20,578,281,107,32,1,5,1,
6,21,675,456,85,21,1,5,1,
6,22,37,154,98,23,1,5,1,
6,23,663,477,18,18,1,5,1,
7,1,415,128,18,42,1,5,1,
7,2,648,134,149,41,1,5,1,
7,3,734,335,44,38,1,5,1,
7,4,20,173,54,12,1,5,1,
7,5,675,78,56,22,1,5,1,
7,6,368,271,69,35,1,5,1,
7,7,414,292,75,32,1,5,1,
7,9,885,15,56,13,1,5,1,
7,10,580,210,56,24,1,5,1,
7,11,145,182,96,22,1,5,1,
7,12,221,84,45,20,1,5,1,
7,13,437,371,65,15,1,5,1,
7,14,174,282,187,40,1,5,1,
7,15,470,312,82,20,1,5,1,
7,16,640,284,65,15,1,5,1,
7,17,886,442,74,58,1,5,1,
7,18,383,109,80,21,1,5,1,
7,19,199,352,53,13,1,5,1,
7,20,579,281,122,32,1,5,1,
7,21,668,453,87,24,1,5,1,
7,22,47,156,96,22,1,5,1,
7,23,666,474,17,18,1,5,1,
8,1,417,132,18,42,1,5,1,
8,2,660,134,147,42,1,5,1,
8,3,736,334,44,37,1,5,1,
8,4,12,172,58,12,1,5,1,
8,5,682,80,55,22,1,5,1,
8,6,366,270,59,37,1,5,1,
8,7,415,291,85,32,1,5,1,
8,9,893,14,54,12,1,5,1,
8,10,585,210,55,24,1,5,1,
8,11,153,183,95,22,1,5,1,
8,12,227,87,46,18,1,5,1,
8,13,443,371,66,16,1,5,1,
8,14,191,282,184,39,1,5,1,
8,15,478,312,81,20,1,5,1,
8,16,647,284,65,15,1,5,1,
8,17,898,448,62,58,1,5,1,
8,18,391,110,81,21,1,5,1,
8,19,204,352,52,13,1,5,1,
8,20,583,280,134,34,1,5,1,
8,21,662,450,86,28,1,5,1,
8,22,58,157,93,22,1,5,1,
8,23,669,471,14,19,1,5,1,
9,1,417,136,21,41,1,5,1,
9,2,673,134,144,42,1,5,1,
9,3,741,333,42,36,1,5,1,
9,4,4,170,61,13,1,5,1,
9,5,689,82,57,21,1,5,1,
9,6,367,269,46,38,1,5,1,
9,7,419,291,92,31,1,5,1,
9,9,901,13,51,12,1,5,1,
9,10,589,211,56,25,1,5,1,
9,11,161,184,94,22,1,5,1,
9,12,233,90,47,16,1,5,1,
9,13,449,372,67,15,1,5,1,
9,14,209,281,179,39,1,5,1,
9,15,487,312,79,19,1,5,1,
9,16,655,284,63,16,1,5,1,
9,18,400,110,80,21,1,5,1,
9,19,209,353,52,12,1,5,1,
9,20,587,280,146,34,1,5,1,
9,21,658,446,83,32,1,5,1,
9,22,69,159,89,21,1,5,1,
9,23,671,469,13,18,1,5,1,
10,1,416,140,28,40,1,5,1,
10,2,684,135,142,41,1,5,1,
10,3,740,332,48,35,1,5,1,
10,4,0,169,60,13,1,5,1,
10,5,696,83,56,21,1,5,1,
10,6,366,268,46,40,1,5,1,
10,7,423,290,100,31,1,5,1,
10,9,909,13,46,11,1,5,1,
10,10,590,212,60,25,1,5,1,
10,11,169,185,94,22,1,5,1,
10,12,239,92,47,16,1,5,1,
10,13,455,372,67,15,1,5,1,
10,14,226,281,176,39,1,5,1,
10,15,495,312,79,19,1,5,1,
10,16,662,285,62,15,1,5,1,
10,18,408,110,80,21,1,5,1,
10,19,214,353,51,12,1,5,1,
10,20,593,280,155,35,1,5,1,
10,21,653,443,81,35,1,5,1,
10,22,79,161,84,19,1,5,1,
10,23,673,467,12,18,1,5,1,
11,1,416,144,34,38,1,5,1,
11,2,696,135,140,42,1,5,1,
11,3,735,331,65,34,1,5,1,
11,4,-6,167,60,14,1,5,1,
11,5,703,84,56,21,1,5,1,
11,6,365,267,49,41,1,5,1,
11,7,429,290,106,30,1,5,1,
11,9,917,12,41,12,1,5,1,
11,10,592,213,64,25,1,5,1,
11,11,178,186,91,22,1,5,1,
11,12,245,95,47,14,1,5,1,
11,13,463,372,66,15,1,5,1,
11,14,243,281,171,39,1,5,1,
11,15,503,312,79,19,1,5,1,
11,16,669,284,60,16,1,5,1,
11,18,416,111,80,21,1,5,1,
11,19,219,353,50,12,1,5,1,
11,20,602,280,160,36,1,5,1,
11,21,650,439,77,37,1,5,1,
11,22,90,161,78,19,1,5,1,
11,23,673,465,15,17,1,5,1,
12,1,416,149,40,35,1,5,1,
12,2,710,136,132,41,1,5,1,
12,3,733,330,78,34,1,5,1,
12,4,-15,167,62,13,1,5,1,
12,5,711,85,54,21,1,5,1,
12,6,367,265,51,44,1,5,1,
12,7,437,290,111,29,1,5,1,
12,9,925,12,34,12,1,5,1,
12,10,596,214,64,24,1,5,1,
12,11,188,187,88,22,1,5,1,
12,12,252,97,47,13,1,5,1,
12,13,471,371,63,15,1,5,1,
12,14,260,281,166,39,1,5,1,
12,15,512,312,78,19,1,5,1,
12,16,678,284,56,15,1,5,1,
12,18,424,111,80,21,1,5,1,
12,19,225,353,47,12,1,5,1,
12,20,612,281,164,35,1,5,1,
12,21,647,435,71,39,1,5,1,
12,22,101,161,72,18,1,5,1,
12,23,674,464,17,15,1,5,1,
13,1,418,153,45,33,1,5,1,
13,2,722,136,128,41,1,5,1,
13,3,733,330,91,33,1,5,1,
13,4,-23,166,63,13,1,5,1,
13,5,718,86,54,20,1,5,1,
13,6,372,264,53,45,1,5,1,
13,7,445,289,115,29,1,5,1,
13,9,932,12,27,13,1,5,1,
13,10,600,215,64,23,1,5,1,
13,11,197,189,85,21,1,5,1,
13,12,259,99,45,12,1,5,1,
13,13,479,371,60,15,1,5,1,
13,14,277,281,159,40,1,5,1,
13,15,520,312,77,19,1,5,1,
13,16,685,284,53,14,1,5,1,
13,18,432,111,80,21,1,5,1,
13,19,230,353,45,12,1,5,1,
13,20,623,281,165,35,1,5,1,
13,21,645,432,65,39,1,5,1,
13,22,111,160,65,19,1,5,1,
13,23,676,463,19,14,1,5,1,
14,1,420,157,50,29,1,5,1,
14,2,734,137,125,41,1,5,1,
14,3,736,331,101,33,1,5,1,
14,4,-31,165,64,12,1,5,1,
14,5,725,87,53,20,1,5,1,
14,6,370,263,72,47,1,5,1,
14,7,454,289,118,29,1,5,1,
14,9,938,12,21,14,1,5,1,
14,10,606,215,62,24,1,5,1,
14,11,207,190,80,21,1,5,1,
14,12,267,101,43,10,1,5,1,
14,13,487,370,57,15,1,5,1,
14,14,292,280,156,41,1,5,1,
14,15,528,312,77,18,1,5,1,
14,16,694,283,47,15,1,5,1,
14,18,440,111,80,21,1,5,1,
14,19,236,353,42,13,1,5,1,
14,20,637,281,161,35,1,5,1,
14,21,644,429,58,39,1,5,1,
14,22,121,160,57,18,1,5,1,
14,23,679,462,20,14,1,5,1,
15,1,424,161,53,25,1,5,1,
15,2,745,138,123,40,1,5,1,
15,3,744,331,99,32,1,5,1,
15,4,-39,163,64,13,1,5,1,
15,5,732,88,52,20,1,5,1,
15,6,367,261,101,50,1,5,1,
15,7,463,289,122,30,1,5,1,
15,9,944,12,15,15,1,5,1,
15,10,611,216,61,23,1,5,1,
15,11,216,191,76,20,1,5,1,
15,12,274,101,41,10,1,5,1,
15,13,494,370,55,15,1,5,1,
15,14,308,280,150,40,1,5,1,
15,15,536,311,76,19,1,5,1,
15,16,701,283,43,14,1,5,1,
15,18,449,112,79,20,1,5,1,
15,19,241,353,40,13,1,5,1,
15,20,652,281,155,36,1,5,1,
15,21,644,426,51,39,1,5,1,
15,22,130,159,49,18,1,5,1,
15,23,682,460,20,14,1,5,1,
16,1,428,165,57,21,1,5,1,
16,2,756,138,120,41,1,5,1,
16,3,754,330,95,32,1,5,1,
16,5,740,89,49,20,1,5,1,
16,6,366,260,132,51,1,5,1,
16,7,474,289,122,30,1,5,1,
16,9,945,12,14,17,1,5,1,
16,10,616,216,60,23,1,5,1,
16,11,225,191,71,20,1,5,1,
16,12,281,101,39,10,1,5,1,
16,13,500,370,55,14,1,5,1,
16,14,323,280,147,41,1,5,1,
16,15,544,311,76,19,1,5,1,
16,16,710,282,36,14,1,5,1,
16,18,457,112,78,21,1,5,1,
16,19,246,353,38,13,1,5,1,
16,20,669,281,145,36,1,5,1,
16,21,644,423,43,37,1,5,1,
16,22,138,158,41,18,1,5,1,
16,23,686,459,18,14,1,5,1,
17,1,433,167,59,19,1,5,1,
17,2,767,139,116,40,1,5,1,
17,3,763,330,92,32,1,5,1,
17,5,747,90,48,20,1,5,1,
17,6,367,259,164,53,1,5,1,
17,7,485,289,122,30,1,5,1,
17,9,944,12,15,20,1,5,1,
17,10,621,216,58,23,1,5,1,
17,11,234,191,66,20,1,5,1,
17,12,287,100,37,10,1,5,1,
17,13,506,369,54,14,1,5,1,
17,14,333,280,151,41,1,5,1,
17,15,552,311,75,19,1,5,1,
17,16,717,282,30,14,1,5,1,
17,18,465,112,78,21,1,5,1,
17,19,250,354,36,13,1,5,1,
17,20,685,281,134,36,1,5,1,
17,21,645,421,36,35,1,5,1,
17,22,146,157,32,18,1,5,1,
17,23,689,457,17,14,1,5,1,
18,1,438,169,61,18,1,5,1,
18,2,777,140,112,40,1,5,1,
18,3,772,329,88,32,1,5,1,
18,5,753,91,47,21,1,5,1,
18,6,373,259,193,55,1,5,1,
18,7,496,289,121,30,1,5,1,
18,9,942,13,15,22,1,5,1,
18,10,627,217,56,22,1,5,1,
18,11,241,191,63,20,1,5,1,
18,12,294,99,34,10,1,5,1,
18,13,512,368,53,15,1,5,1,
18,14,343,280,155,42,1,5,1,
18,15,560,311,74,19,1,5,1,
18,16,723,282,25,14,1,5,1,
18,18,472,112,79,21,1,5,1,
18,19,254,354,35,14,1,5,1,
18,20,702,281,120,35,1,5,1,
18,21,646,420,28,32,1,5,1,
18,22,152,155,28,19,1,5,1,
18,23,691,456,18,14,1,5,1,
19,1,445,170,60,17,1,5,1,
19,2,788,140,108,40,1,5,1,
19,3,781,329,84,31,1,5,1,
19,5,760,92,44,21,1,5,1,
19,6,382,258,221,57,1,5,1,
19,7,507,289,119,29,1,5,1,
19,9,940,14,18,24,1,5,1,
19,10,632,217,53,23,1,5,1,
19,11,247,191,62,19,1,5,1,
19,12,300,98,30,10,1,5,1,
19,13,518,368,52,14,1,5,1,
19,14,353,280,159,43,1,5,1,
19,15,568,311,72,18,1,5,1,
19,16,728,282,22,13,1,5,1,
19,18,480,113,78,21,1,5,1,
19,19,257,354,35,14,1,5,1,
19,20,717,280,109,36,1,5,1,
19,21,646,418,23,30,1,5,1,
19,22,156,154,25,19,1,5,1,
19,23,694,454,17,14,1,5,1,
20,1,452,171,58,16,1,5,1,
20,2,798,141,104,40,1,5,1,
20,3,790,328,80,31,1,5,1,
20,5,766,93,43,21,1,5,1,
20,6,395,257,244,59,1,5,1,
20,7,519,289,117,29,1,5,1,
20,9,935,16,24,25,1,5,1,
20,10,637,218,51,22,1,5,1,
20,11,252,190,62,20,1,5,1,
20,12,306,97,27,10,1,5,1,
20,13,524,367,50,14,1,5,1,
20,14,362,281,165,42,1,5,1,
20,15,576,311,71,18,1,5,1,
20,16,732,282,20,13,1,5,1,
20,18,488,113,78,21,1,5,1,
20,19,260,355,36,14,1,5,1,
20,20,728,280,105,35,1,5,1,
20,21,647,417,17,27,1,5,1,
20,22,158,152,25,20,1,5,1,
20,23,697,453,17,13,1,5,1,
21,1,458,171,58,17,1,5,1,
21,2,808,142,100,40,1,5,1,
21,3,798,328,76,31,1,5,1,
21,5,772,95,42,20,1,5,1,
21,6,412,257,262,60,1,5,1,
21,7,530,289,115,29,1,5,1,
21,9,929,18,29,26,1,5,1,
21,10,642,218,49,22,1,5,1,
21,11,256,190,63,20,1,5,1,
21,12,310,96,27,10,1,5,1,
21,13,530,367,49,14,1,5,1,
21,14,373,281,168,42,1,5,1,
21,15,584,310,69,19,1,5,1,
21,16,734,282,20,13,1,5,1,
21,18,496,113,77,21,1,5,1,
21,19,263,355,37,15,1,5,1,
21,20,738,280,101,35,1,5,1,
21,21,648,416,15,24,1,5,1,
21,22,159,151,26,20,1,5,1,
21,23,699,452,17,12,1,5,1,
22,1,465,172,56,17,1,5,1,
22,2,818,143,96,39,1,5,1,
22,3,805,327,74,31,1,5,1,
22,5,778,96,40,20,1,5,1,
22,6,436,257,271,60,1,5,1,
22,7,541,289,114,29,1,5,1,
22,9,926,20,29,26,1,5,1,
22,10,646,219,48,21,1,5,1,
22,11,261,190,64,20,1,5,1,
22,12,313,94,28,11,1,5,1,
22,13,535,366,49,14,1,5,1,
22,14,384,281,173,43,1,5,1,
22,15,591,310,69,19,1,5,1,
22,16,737,282,19,13,1,5,1,
22,18,504,114,76,21,1,5,1,
22,19,266,356,37,14,1,5,1,
22,20,749,280,96,34,1,5,1,
22,21,650,415,14,22,1,5,1,
22,22,160,150,27,20,1,5,1,
22,23,701,450,18,13,1,5,1,
23,1,471,172,55,17,1,5,1,
23,2,827,143,93,40,1,5,1,
23,3,812,327,71,30,1,5,1,
23,5,783,97,40,21,1,5,1,
23,6,464,257,279,61,1,5,1,
23,7,552,289,112,28,1,5,1,
23,9,922,23,30,26,1,5,1,
23,10,650,219,46,22,1,5,1,
23,11,265,189,65,20,1,5,1,
23,12,317,93,28,11,1,5,1,
23,13,541,365,47,14,1,5,1,
23,14,396,281,176,44,1,5,1,
23,15,599,310,67,18,1,5,1,
23,16,739,282,19,13,1,5,1,
23,18,512,115,75,20,1,5,1,
23,19,268,357,39,14,1,5,1,
23,20,758,280,94,34,1,5,1,
23,21,650,414,15,21,1,5,1,
23,22,161,149,28,20,1,5,1,
23,23,704,449,17,12,1,5,1,
24,1,477,173,54,17,1,5,1,
24,2,835,145,91,39,1,5,1,
24,3,819,326,69,30,1,5,1,
24,5,788,99,39,20,1,5,1,
24,6,494,257,286,61,1,5,1,
24,7,562,289,111,28,1,5,1,
24,9,918,26,30,25,1,5,1,
24,10,654,219,45,22,1,5,1,
24,11,269,189,67,20,1,5,1,
24,12,320,92,29,11,1,5,1,
24,13,547,365,45,13,1,5,1,
24,14,408,281,180,44,1,5,1,
24,15,606,310,66,18,1,5,1,
24,16,742,281,18,13,1,5,1,
24,18,520,115,74,21,1,5,1,
24,19,271,357,41,15,1,5,1,
24,20,767,280,91,34,1,5,1,
24,21,651,412,15,21,1,5,1,
24,22,162,147,29,21,1,5,1,
24,23,707,447,16,13,1,5,1,
25,1,484,173,52,17,1,5,1,
25,2,843,145,89,40,1,5,1,
25,3,826,326,66,30,1,5,1,
25,5,794,100,37,20,1,5,1,
25,6,526,256,292,63,1,5,1,
25,7,573,289,109,28,1,5,1,
25,9,914,29,30,25,1,5,1,
25,10,658,220,43,21,1,5,1,
25,11,274,189,68,20,1,5,1,
25,12,323,91,30,11,1,5,1,
25,13,552,364,44,14,1,5,1,
25,14,421,281,183,45,1,5,1,
25,15,613,310,65,18,1,5,1,
25,16,744,281,18,13,1,5,1,
25,18,528,115,73,21,1,5,1,
25,19,275,358,41,15,1,5,1,
25,20,776,280,88,33,1,5,1,
25,21,652,411,15,20,1,5,1,
25,22,164,146,29,20,1,5,1,
25,23,710,446,15,12,1,5,1,
26,1,490,174,51,17,1,5,1,
26,2,851,147,86,38,1,5,1,
26,3,832,325,65,30,1,5,1,
26,5,799,101,36,20,1,5,1,
26,6,558,256,298,63,1,5,1,
26,7,584,288,107,29,1,5,1,
26,9,911,32,29,24,1,5,1,
26,10,662,220,42,21,1,5,1,
26,11,278,188,70,21,1,5,1,
26,12,327,90,31,11,1,5,1,
26,13,557,363,43,14,1,5,1,
26,14,434,281,186,46,1,5,1,
26,15,621,309,62,18,1,5,1,
26,16,747,281,16,13,1,5,1,
26,18,535,116,73,21,1,5,1,
26,19,278,359,42,14,1,5,1,
26,20,784,280,86,33,1,5,1,
26,21,653,409,14,21,1,5,1,
26,22,165,145,31,20,1,5,1,
26,23,712,444,15,13,1,5,1,
27,1,496,174,49,17,1,5,1,
27,2,859,148,83,38,1,5,1,
27,3,838,325,63,29,1,5,1,
27,5,804,103,35,19,1,5,1,
27,6,591,256,305,64,1,5,1,
27,7,594,288,105,28,1,5,1,
27,9,907,35,29,23,1,5,1,
27,10,666,221,40,21,1,5,1,
27,11,283,188,71,20,1,5,1,
27,12,330,89,32,11,1,5,1,
27,13,563,363,40,13,1,5,1,
27,14,446,281,191,47,1,5,1,
27,15,628,309,61,18,1,5,1,
27,16,749,281,16,13,1,5,1,
27,18,543,117,71,20,1,5,1,
27,19,281,359,44,15,1,5,1,
27,20,793,280,83,32,1,5,1,
27,21,653,408,15,20,1,5,1,
27,22,167,143,31,21,1,5,1,
27,23,715,443,13,12,1,5,1,
28,1,501,175,49,17,1,5,1,
28,2,867,149,81,38,1,5,1,
28,3,844,324,60,29,1,5,1,
28,5,808,104,35,20,1,5,1,
28,6,625,256,311,64,1,5,1,
28,7,603,288,108,28,1,5,1,
28,9,903,37,29,24,1,5,1,
28,10,669,221,39,21,1,5,1,
28,11,288,188,72,20,1,5,1,
28,12,334,88,33,11,1,5,1,
28,13,568,362,39,13,1,5,1,
28,14,459,281,195,48,1,5,1,
28,15,635,309,59,18,1,5,1,
28,16,751,281,15,12,1,5,1,
28,18,550,117,71,21,1,5,1,
28,19,285,360,44,15,1,5,1,
28,20,800,280,82,32,1,5,1,
28,21,654,407,14,19,1,5,1,
28,22,169,142,32,21,1,5,1,
28,23,717,441,13,13,1,5,1,
29,1,507,176,47,17,1,5,1,
29,2,874,150,79,37,1,5,1,
29,3,850,324,59,28,1,5,1,
29,5,813,105,34,20,1,5,1,
29,6,659,256,300,65,1,5,1,
29,7,611,287,111,28,1,5,1,
29,9,900,40,28,23,1,5,1,
29,10,673,222,38,20,1,5,1,
29,11,293,187,73,21,1,5,1,
29,12,338,87,34,11,1,5,1,
29,13,572,361,38,13,1,5,1,
29,14,473,281,200,48,1,5,1,
29,15,641,309,59,17,1,5,1,
29,16,753,281,15,12,1,5,1,
29,18,558,118,70,21,1,5,1,
29,19,288,361,46,14,1,5,1,
29,20,807,280,83,31,1,5,1,
29,21,654,405,15,20,1,5,1,
29,22,170,141,35,21,1,5,1,
29,23,719,440,12,12,1,5,1,
30,1,513,176,45,17,1,5,1,
30,2,881,151,77,37,1,5,1,
30,3,855,323,58,29,1,5,1,
30,5,818,107,32,19,1,5,1,
30,6,696,256,264,65,1,5,1,
30,7,619,287,114,27,1,5,1,
30,9,896,43,28,22,1,5,1,
30,10,676,222,37,20,1,5,1,
30,11,298,187,74,21,1,5,1,
30,12,342,86,35,11,1,5,1,
30,13,577,360,36,14,1,5,1,
30,14,487,282,204,48,1,5,1,
30,15,648,308,57,18,1,5,1,
30,16,754,281,15,12,1,5,1,
30,18,565,118,69,21,1,5,1,
30,19,292,361,47,15,1,5,1,
30,20,814,280,82,31,1,5,1,
30,21,656,405,14,18,1,5,1,
30,22,173,139,35,22,1,5,1,
30,23,722,438,10,13,1,5,1,
31,1,518,177,44,17,1,5,1,
31,2,885,152,74,38,1,5,1,
31,3,860,323,57,28,1,5,1,
31,5,822,108,32,19,1,5,1,
31,6,731,255,229,66,1,5,1,
31,7,628,287,115,27,1,5,1,
31,9,893,45,27,22,1,5,1,
31,10,680,222,34,21,1,5,1,
31,11,303,187,76,21,1,5,1,
31,12,346,85,36,11,1,5,1,
31,13,582,360,35,13,1,5,1,
31,14,501,282,210,49,1,5,1,
31,15,654,308,56,18,1,5,1,
31,16,755,281,15,12,1,5,1,
31,18,572,119,69,21,1,5,1,
31,19,296,362,48,15,1,5,1,
31,20,821,279,81,32,1,5,1,
31,21,657,403,13,19,1,5,1,
31,22,175,138,37,22,1,5,1,
31,23,723,437,10,13,1,5,1,
32,1,523,178,42,17,1,5,1,
32,2,889,154,71,36,1,5,1,
32,3,865,322,55,28,1,5,1,
32,5,826,109,31,19,1,5,1,
32,6,767,255,193,67,1,5,1,
32,7,638,287,115,27,1,5,1,
32,9,889,47,28,22,1,5,1,
32,10,683,223,33,20,1,5,1,
32,11,308,187,77,20,1,5,1,
32,12,350,84,37,11,1,5,1,
32,13,586,359,34,13,1,5,1,
32,14,514,282,217,50,1,5,1,
32,15,660,308,55,17,1,5,1,
32,16,756,281,15,13,1,5,1,
32,18,579,120,68,20,1,5,1,
32,19,300,362,49,15,1,5,1,
32,20,828,279,79,31,1,5,1,
32,21,657,402,14,18,1,5,1,
32,22,177,137,39,22,1,5,1,
32,23,724,435,9,13,1,5,1,
33,1,528,179,41,16,1,5,1,
33,2,895,155,65,36,1,5,1,
33,3,870,322,54,27,1,5,1,
33,5,830,111,31,18,1,5,1,
33,6,805,260,155,63,1,5,1,
33,7,648,287,115,27,1,5,1,
33,9,886,50,27,21,1,5,1,
33,10,686,223,32,20,1,5,1,
33,11,313,186,79,21,1,5,1,
33,12,355,83,38,11,1,5,1,
33,13,590,358,33,13,1,5,1,
33,14,529,282,223,51,1,5,1,
33,15,666,308,54,17,1,5,1,
33,16,757,282,15,12,1,5,1,
33,18,587,120,66,21,1,5,1,
33,19,304,363,50,15,1,5,1,
33,20,836,279,77,31,1,5,1,
33,21,658,401,13,18,1,5,1,
33,22,179,135,41,22,1,5,1,
33,23,724,434,10,12,1,5,1,
34,1,533,179,40,17,1,5,1,
34,2,902,156,58,36,1,5,1,
34,3,875,321,52,28,1,5,1,
34,5,834,112,30,19,1,5,1,
34,6,843,268,117,40,1,5,1,
34,7,658,287,114,27,1,5,1,
34,9,882,52,27,21,1,5,1,
34,10,688,224,32,20,1,5,1,
34,11,319,186,79,21,1,5,1,
34,12,359,82,39,11,1,5,1,
34,13,594,357,31,13,1,5,1,
34,14,543,282,230,52,1,5,1,
34,15,672,308,53,17,1,5,1,
34,16,756,282,20,12,1,5,1,
34,18,594,121,65,21,1,5,1,
34,19,308,364,52,14,1,5,1,
34,20,843,279,75,31,1,5,1,
34,21,658,399,14,18,1,5,1,
34,22,182,134,43,22,1,5,1,
34,23,725,432,10,13,1,5,1,
35,1,537,180,39,17,1,5,1,
35,2,913,156,47,37,1,5,1,
35,3,880,321,50,27,1,5,1,
35,5,838,113,29,19,1,5,1,
35,7,669,287,112,27,1,5,1,
35,9,879,55,27,20,1,5,1,
35,10,691,224,30,20,1,5,1,
35,11,324,186,81,21,1,5,1,
35,12,363,81,40,12,1,5,1,
35,13,598,357,30,12,1,5,1,
35,14,558,282,238,53,1,5,1,
35,15,678,307,52,17,1,5,1,
35,16,756,281,22,12,1,5,1,
35,18,600,122,65,20,1,5,1,
35,19,313,364,52,15,1,5,1,
35,20,850,279,73,30,1,5,1,
35,21,659,398,13,18,1,5,1,
35,22,184,132,45,23,1,5,1,
35,23,726,431,10,12,1,5,1,
36,1,542,181,37,16,1,5,1,
36,2,925,156,35,38,1,5,1,
36,3,884,320,49,27,1,5,1,
36,5,842,115,28,18,1,5,1,
36,7,679,287,111,27,1,5,1,
36,9,875,57,27,20,1,5,1,
36,10,693,225,30,19,1,5,1,
36,11,330,186,81,21,1,5,1,
36,12,368,80,41,12,1,5,1,
36,13,601,356,30,13,1,5,1,
36,14,573,283,246,53,1,5,1,
36,15,683,307,51,17,1,5,1,
36,16,759,281,22,11,1,5,1,
36,18,607,122,63,21,1,5,1,
36,19,317,365,54,15,1,5,1,
36,20,857,279,70,30,1,5,1,
36,21,660,397,13,17,1,5,1,
36,22,187,131,47,23,1,5,1,
36,23,727,429,10,13,1,5,1,
37,1,546,182,36,16,1,5,1,
37,2,933,157,27,38,1,5,1,
37,3,889,320,47,27,1,5,1,
37,5,845,116,28,18,1,5,1,
37,7,690,287,108,27,1,5,1,
37,9,872,59,27,20,1,5,1,
37,10,696,225,29,19,1,5,1,
37,11,335,186,83,21,1,5,1,
37,12,373,79,42,12,1,5,1,
37,13,605,355,29,13,1,5,1,
37,14,588,283,255,54,1,5,1,
37,15,689,307,49,17,1,5,1,
37,16,762,281,20,11,1,5,1,
37,18,614,123,62,21,1,5,1,
37,19,321,365,55,15,1,5,1,
37,20,863,279,69,30,1,5,1,
37,21,660,396,13,17,1,5,1,
37,22,190,129,48,24,1,5,1,
37,23,728,428,10,12,1,5,1,
38,1,550,182,35,17,1,5,1,
38,2,937,158,23,37,1,5,1,
38,3,894,320,45,26,1,5,1,
38,5,849,117,26,18,1,5,1,
38,7,700,287,106,27,1,5,1,
38,9,869,61,26,20,1,5,1,
38,10,698,225,28,19,1,5,1,
38,11,341,185,84,22,1,5,1,
38,12,378,79,42,11,1,5,1,
38,13,608,355,28,12,1,5,1,
38,14,604,283,260,55,1,5,1,
38,15,695,307,48,16,1,5,1,
38,16,767,280,17,12,1,5,1,
38,18,620,123,61,21,1,5,1,
38,19,326,366,56,15,1,5,1,
38,20,870,279,66,29,1,5,1,
38,21,660,395,14,17,1,5,1,
38,22,193,128,50,24,1,5,1,
38,23,729,427,9,12,1,5,1,
39,1,554,183,34,16,1,5,1,
39,2,941,160,19,36,1,5,1,
39,3,899,319,42,26,1,5,1,
39,5,853,118,25,18,1,5,1,
39,7,711,287,103,27,1,5,1,
39,9,865,63,27,20,1,5,1,
39,10,701,226,26,19,1,5,1,
39,11,347,185,84,22,1,5,1,
39,12,383,78,43,12,1,5,1,
39,13,612,354,26,12,1,5,1,
39,14,621,283,266,55,1,5,1,
39,15,700,306,46,17,1,5,1,
39,16,770,280,14,11,1,5,1,
39,18,627,124,60,21,1,5,1,
39,19,331,366,57,15,1,5,1,
39,20,878,279,60,29,1,5,1,
39,21,660,394,14,17,1,5,1,
39,22,196,127,53,23,1,5,1,
39,23,729,425,10,12,1,5,1,
40,1,558,184,33,16,1,5,1,
40,3,903,319,41,26,1,5,1,
40,5,856,119,24,18,1,5,1,
40,7,721,287,101,26,1,5,1,
40,9,862,65,26,20,1,5,1,
40,10,704,226,24,19,1,5,1,
40,11,353,185,85,21,1,5,1,
40,12,388,77,44,12,1,5,1,
40,13,616,353,24,12,1,5,1,
40,14,639,283,271,56,1,5,1,
40,15,706,306,44,17,1,5,1,
40,16,770,280,15,11,1,5,1,
40,18,633,125,59,21,1,5,1,
40,19,336,367,58,15,1,5,1,
40,20,885,279,57,29,1,5,1,
40,21,660,393,14,16,1,5,1,
40,22,200,125,54,24,1,5,1,
40,23,730,424,9,12,1,5,1,
41,1,561,185,33,15,1,5,1,
41,3,907,318,40,26,1,5,1,
41,5,859,121,23,17,1,5,1,
41,7,730,287,100,26,1,5,1,
41,9,859,67,26,19,1,5,1,
41,10,706,226,24,19,1,5,1,
41,11,358,185,87,21,1,5,1,
41,12,393,76,45,13,1,5,1,
41,13,619,353,23,12,1,5,1,
41,14,656,283,274,56,1,5,1,
41,15,710,306,44,16,1,5,1,
41,16,771,280,14,11,1,5,1,
41,18,639,126,58,20,1,5,1,
41,19,341,367,59,15,1,5,1,
41,20,890,279,55,28,1,5,1,
41,21,660,392,14,16,1,5,1,
41,22,203,124,56,24,1,5,1,
41,23,730,423,9,12,1,5,1,
42,1,565,185,31,16,1,5,1,
42,3,911,318,39,25,1,5,1,
42,5,862,122,22,18,1,5,1,
42,7,740,287,97,26,1,5,1,
42,9,856,70,26,18,1,5,1,
42,10,708,227,23,18,1,5,1,
42,11,364,185,88,21,1,5,1,
42,12,398,76,46,12,1,5,1,
42,13,622,352,22,12,1,5,1,
42,14,676,284,271,56,1,5,1,
42,15,715,306,43,16,1,5,1,
42,16,771,280,14,11,1,5,1,
42,18,645,126,56,21,1,5,1,
42,19,346,368,60,15,1,5,1,
42,20,896,279,53,28,1,5,1,
42,21,660,391,14,16,1,5,1,
42,22,207,122,58,25,1,5,1,
42,23,730,421,10,12,1,5,1,
43,1,569,186,29,16,1,5,1,
43,3,915,318,37,25,1,5,1,
43,5,865,123,21,18,1,5,1,
43,7,749,287,95,26,1,5,1,
43,9,852,72,26,18,1,5,1,
43,10,710,227,22,18,1,5,1,
43,11,371,185,88,21,1,5,1,
43,12,403,75,47,13,1,5,1,
43,13,625,351,20,12,1,5,1,
43,14,697,284,262,56,1,5,1,
43,15,720,305,41,16,1,5,1,
43,16,771,280,14,11,1,5,1,
43,18,651,127,55,21,1,5,1,
43,19,351,368,62,15,1,5,1,
43,20,901,279,51,28,1,5,1,
43,21,660,389,14,17,1,5,1,
43,22,211,121,60,24,1,5,1,
43,23,731,420,9,12,1,5,1,
44,1,572,187,29,15,1,5,1,
44,3,919,317,36,25,1,5,1,
44,5,868,124,20,18,1,5,1,
44,7,759,287,92,26,1,5,1,
44,9,849,73,26,19,1,5,1,
44,10,712,228,21,18,1,5,1,
44,11,377,185,88,21,1,5,1,
44,12,409,75,47,12,1,5,1,
44,13,628,350,19,12,1,5,1,
44,14,721,284,238,56,1,5,1,
44,15,725,305,39,16,1,5,1,
44,16,771,280,14,11,1,5,1,
44,18,657,128,54,21,1,5,1,
44,19,357,368,62,16,1,5,1,
44,20,906,279,49,27,1,5,1,
44,21,659,388,15,16,1,5,1,
44,22,215,119,62,25,1,5,1,
44,23,731,419,9,11,1,5,1,
45,1,576,188,27,15,1,5,1,
45,3,920,316,38,25,1,5,1,
45,5,870,126,20,17,1,5,1,
45,7,768,287,90,26,1,5,1,
45,9,846,75,25,18,1,5,1,
45,10,714,228,20,18,1,5,1,
45,11,383,185,89,21,1,5,1,
45,12,414,74,48,13,1,5,1,
45,13,630,349,19,12,1,5,1,
45,14,744,284,216,56,1,5,1,
45,15,729,305,39,16,1,5,1,
45,16,771,281,13,11,1,5,1,
45,18,663,129,52,21,1,5,1,
45,19,362,369,63,15,1,5,1,
45,20,911,279,47,27,1,5,1,
45,21,659,388,15,15,1,5,1,
45,22,219,118,64,25,1,5,1,
45,23,731,417,9,12,1,5,1,
46,1,579,188,26,16,1,5,1,
46,3,921,316,38,25,1,5,1,
46,5,873,127,19,17,1,5,1,
46,7,778,286,86,26,1,5,1,
46,9,843,77,25,18,1,5,1,
46,10,716,228,19,18,1,5,1,
46,11,390,185,89,21,1,5,1,
46,12,421,74,48,12,1,5,1,
46,13,633,349,17,11,1,5,1,
46,14,770,284,190,56,1,5,1,
46,15,734,305,37,15,1,5,1,
46,16,772,281,13,11,1,5,1,
46,18,669,130,50,20,1,5,1,
46,19,369,369,63,16,1,5,1,
46,20,916,278,43,28,1,5,1,
46,21,659,387,15,15,1,5,1,
46,22,223,116,67,26,1,5,1,
46,23,731,416,9,11,1,5,1,
47,1,582,189,25,15,1,5,1,
47,3,923,316,37,24,1,5,1,
47,5,875,128,19,17,1,5,1,
47,7,786,286,84,26,1,5,1,
47,9,840,79,25,17,1,5,1,
47,10,717,229,19,18,1,5,1,
47,11,396,185,90,21,1,5,1,
47,12,426,73,49,13,1,5,1,
47,13,635,348,17,12,1,5,1,
47,14,790,284,170,56,1,5,1,
47,15,738,304,36,16,1,5,1,
47,16,773,281,12,10,1,5,1,
47,18,674,130,50,21,1,5,1,
47,19,374,369,64,16,1,5,1,
47,20,920,278,39,27,1,5,1,
47,21,658,386,16,15,1,5,1,
47,22,228,115,69,26,1,5,1,
47,23,731,415,9,11,1,5,1,
48,1,585,190,24,15,1,5,1,
48,3,927,315,33,25,1,5,1,
48,5,878,129,18,17,1,5,1,
48,7,795,286,82,26,1,5,1,
48,9,837,81,24,17,1,5,1,
48,10,718,229,19,18,1,5,1,
48,11,403,185,89,21,1,5,1,
48,12,432,73,49,12,1,5,1,
48,13,637,347,16,12,1,5,1,
48,14,811,283,149,56,1,5,1,
48,15,742,304,35,16,1,5,1,
48,16,773,281,13,10,1,5,1,
48,18,680,131,48,21,1,5,1,
48,19,380,370,65,15,1,5,1,
48,20,925,278,35,27,1,5,1,
48,21,658,385,16,15,1,5,1,
48,22,231,114,75,26,1,5,1,
48,23,731,414,9,11,1,5,1,
49,1,587,191,23,14,1,5,1,
49,3,930,315,30,24,1,5,1,
49,5,880,131,18,16,1,5,1,
49,7,802,286,81,26,1,5,1,
49,9,834,83,24,16,1,5,1,
49,10,719,230,18,17,1,5,1,
49,11,409,185,90,22,1,5,1,
49,12,437,73,50,12,1,5,1,
49,13,639,347,15,11,1,5,1,
49,14,829,283,131,56,1,5,1,
49,15,746,304,34,15,1,5,1,
49,16,774,281,12,10,1,5,1,
49,18,685,132,47,21,1,5,1,
49,19,386,370,66,16,1,5,1,
49,20,928,278,32,27,1,5,1,
49,21,657,384,17,15,1,5,1,
49,22,235,113,78,26,1,5,1,
49,23,731,412,9,11,1,5,1,
50,1,590,191,22,15,1,5,1,
50,3,934,314,26,24,1,5,1,
50,5,882,132,18,16,1,5,1,
50,7,810,286,79,25,1,5,1,
50,9,831,85,24,16,1,5,1,
50,10,720,230,18,17,1,5,1,
50,11,416,185,89,22,1,5,1,
50,12,443,73,50,13,1,5,1,
50,13,641,346,14,11,1,5,1,
50,14,848,286,112,53,1,5,1,
50,15,750,304,33,15,1,5,1,
50,16,774,280,12,11,1,5,1,
50,18,690,133,45,21,1,5,1,
50,19,392,370,66,16,1,5,1,
50,20,933,278,27,26,1,5,1,
50,21,657,383,16,14,1,5,1,
50,22,241,111,80,27,1,5,1,
50,23,731,411,9,11,1,5,1,
51,1,593,192,20,15,1,5,1,
51,3,937,314,23,24,1,5,1,
51,5,884,133,17,16,1,5,1,
51,7,818,286,76,25,1,5,1,
51,9,828,86,24,16,1,5,1,
51,10,720,230,19,17,1,5,1,
51,11,422,185,91,22,1,5,1,
51,12,449,73,51,13,1,5,1,
51,13,643,345,13,12,1,5,1,
51,14,866,287,94,51,1,5,1,
51,15,753,303,32,15,1,5,1,
51,16,774,280,13,11,1,5,1,
51,18,695,134,44,20,1,5,1,
51,19,398,371,67,15,1,5,1,
51,20,936,278,24,26,1,5,1,
51,21,656,382,17,14,1,5,1,
51,22,247,110,81,26,1,5,1,
51,23,731,410,9,11,1,5,1,
52,1,595,193,20,14,1,5,1,
52,3,941,314,19,23,1,5,1,
52,5,886,134,17,16,1,5,1,
52,7,826,286,74,25,1,5,1,
52,9,825,88,24,16,1,5,1,
52,10,721,231,18,17,1,5,1,
52,11,430,185,90,22,1,5,1,
52,12,455,73,51,13,1,5,1,
52,13,645,345,13,11,1,5,1,
52,14,883,292,77,37,1,5,1,
52,15,757,303,31,15,1,5,1,
52,16,775,280,12,11,1,5,1,
52,18,700,135,43,20,1,5,1,
52,19,405,371,67,16,1,5,1,
52,20,940,278,20,26,1,5,1,
52,21,655,381,18,14,1,5,1,
52,22,253,108,83,27,1,5,1,
52,23,731,409,9,11,1,5,1,
53,1,598,193,18,15,1,5,1,
53,3,943,317,17,20,1,5,1,
53,5,888,135,16,16,1,5,1,
53,7,834,286,71,25,1,5,1,
53,9,822,90,23,15,1,5,1,
53,10,722,231,18,17,1,5,1,
53,11,436,185,90,22,1,5,1,
53,12,461,73,51,13,1,5,1,
53,13,647,344,12,11,1,5,1,
53,15,761,303,29,15,1,5,1,
53,16,775,280,12,10,1,5,1,
53,18,704,136,42,20,1,5,1,
53,19,411,371,68,16,1,5,1,
53,20,943,280,17,22,1,5,1,
53,21,654,380,18,14,1,5,1,
53,22,259,107,85,27,1,5,1,
53,23,731,408,9,10,1,5,1,
54,1,600,194,17,14,1,5,1,
54,3,945,318,15,18,1,5,1,
54,5,890,136,15,16,1,5,1,
54,7,840,286,71,24,1,5,1,
54,9,819,91,23,16,1,5,1,
54,10,722,231,18,17,1,5,1,
54,11,443,185,90,22,1,5,1,
54,12,467,73,51,13,1,5,1,
54,13,648,343,11,11,1,5,1,
54,15,764,303,29,14,1,5,1,
54,16,775,280,12,10,1,5,1,
54,18,709,137,40,20,1,5,1,
54,19,417,371,68,16,1,5,1,
54,20,946,283,14,18,1,5,1,
54,21,653,379,18,14,1,5,1,
54,22,265,106,87,27,1,5,1,
54,23,731,407,8,10,1,5,1,
55,1,601,195,20,14,1,5,1,
55,5,891,138,16,15,1,5,1,
55,7,847,286,69,24,1,5,1,
55,9,816,93,23,15,1,5,1,
55,10,723,232,18,16,1,5,1,
55,11,449,185,91,22,1,5,1,
55,12,473,73,52,13,1,5,1,
55,13,650,343,10,11,1,5,1,
55,15,767,302,29,15,1,5,1,
55,16,775,280,12,10,1,5,1,
55,18,713,138,40,20,1,5,1,
55,19,423,372,69,16,1,5,1,
55,21,653,378,18,14,1,5,1,
55,22,271,104,89,28,1,5,1,
55,23,731,406,8,10,1,5,1,
56,1,601,195,24,15,1,5,1,
56,5,892,139,16,15,1,5,1,
56,7,853,286,68,24,1,5,1,
56,9,813,94,24,15,1,5,1,
56,10,723,232,18,16,1,5,1,
56,11,455,185,91,22,1,5,1,
56,12,479,74,52,12,1,5,1,
56,13,651,342,10,11,1,5,1,
56,15,770,302,28,15,1,5,1,
56,16,775,280,12,10,1,5,1,
56,18,717,139,39,19,1,5,1,
56,19,429,372,70,16,1,5,1,
56,21,652,377,18,14,1,5,1,
56,22,276,103,93,28,1,5,1,
56,23,730,404,9,11,1,5,1,
57,1,602,196,27,15,1,5,1,
57,5,893,140,16,15,1,5,1,
57,7,859,285,67,25,1,5,1,
57,9,810,96,24,15,1,5,1,
57,10,724,232,18,17,1,5,1,
57,11,461,185,92,22,1,5,1,
57,12,484,74,53,12,1,5,1,
57,13,652,342,10,10,1,5,1,
57,15,772,302,28,14,1,5,1,
57,16,775,280,12,10,1,5,1,
57,18,720,140,39,19,1,5,1,
57,19,435,372,71,16,1,5,1,
57,21,651,376,18,14,1,5,1,
57,22,282,101,95,28,1,5,1,
57,23,730,403,8,11,1,5,1,
58,1,602,198,32,13,1,5,1,
58,5,895,141,15,15,1,5,1,
58,7,865,285,65,24,1,5,1,
58,9,807,97,24,15,1,5,1,
58,10,725,233,17,16,1,5,1,
58,11,468,185,91,22,1,5,1,
58,12,491,74,52,13,1,5,1,
58,13,653,341,10,11,1,5,1,
58,15,775,302,27,14,1,5,1,
58,16,775,280,12,10,1,5,1,
58,18,724,141,39,19,1,5,1,
58,19,442,372,71,16,1,5,1,
58,21,649,375,19,14,1,5,1,
58,22,289,100,97,28,1,5,1,
58,23,730,402,8,11,1,5,1,
59,1,604,199,34,13,1,5,1,
59,5,896,142,15,15,1,5,1,
59,7,872,285,63,24,1,5,1,
59,9,804,99,24,14,1,5,1,
59,10,725,233,17,16,1,5,1,
59,11,475,185,90,22,1,5,1,
59,12,497,74,52,13,1,5,1,
59,13,654,340,10,11,1,5,1,
59,15,778,301,26,15,1,5,1,
59,16,775,280,12,9,1,5,1,
59,18,728,142,38,19,1,5,1,
59,19,448,372,72,16,1,5,1,
59,21,648,374,19,14,1,5,1,
59,22,296,99,99,28,1,5,1,
59,23,729,401,9,10,1,5,1,
60,1,606,200,35,12,1,5,1,
60,5,897,143,15,15,1,5,1,
60,7,878,285,61,24,1,5,1,
60,9,801,100,24,15,1,5,1,
60,10,726,233,17,16,1,5,1,
60,11,482,185,90,22,1,5,1,
60,12,503,75,52,12,1,5,1,
60,13,655,340,10,10,1,5,1,
60,15,781,301,25,14,1,5,1,
60,16,775,280,11,9,1,5,1,
60,18,732,143,37,19,1,5,1,
60,19,455,373,72,15,1,5,1,
60,21,647,374,20,13,1,5,1,
60,22,303,97,102,29,1,5,1,
60,23,729,400,8,10,1,5,1,
61,1,609,201,35,12,1,5,1,
61,5,897,144,16,15,1,5,1,
61,7,884,285,59,24,1,5,1,
61,9,798,102,24,14,1,5,1,
61,10,726,234,17,15,1,5,1,
61,11,488,186,90,21,1,5,1,
61,12,509,75,52,13,1,5,1,
61,13,656,339,10,11,1,5,1,
61,15,784,301,24,14,1,5,1,
61,16,775,280,11,9,1,5,1,
61,18,736,143,36,19,1,5,1,
61,19,462,373,72,16,1,5,1,
61,21,646,373,20,13,1,5,1,
61,22,310,96,104,29,1,5,1,
61,23,728,399,9,10,1,5,1,
62,1,613,201,34,12,1,5,1,
62,5,898,145,15,15,1,5,1,
62,7,890,285,57,23,1,5,1,
62,9,795,103,24,14,1,5,1,
62,10,727,234,17,15,1,5,1,
62,11,495,186,89,22,1,5,1,
62,12,515,76,51,12,1,5,1,
62,13,656,339,10,10,1,5,1,
62,15,787,301,23,14,1,5,1,
62,16,775,280,11,9,1,5,1,
62,18,740,144,34,19,1,5,1,
62,19,469,373,72,16,1,5,1,
62,21,644,372,21,13,1,5,1,
62,22,318,94,106,30,1,5,1,
62,23,728,398,9,10,1,5,1,
63,1,616,201,33,12,1,5,1,
63,5,899,146,15,15,1,5,1,
63,7,896,285,55,23,1,5,1,
63,9,792,104,24,14,1,5,1,
63,10,728,234,18,14,1,5,1,
63,11,502,186,88,22,1,5,1,
63,12,521,76,51,12,1,5,1,
63,13,657,338,10,10,1,5,1,
63,15,790,300,22,14,1,5,1,
63,16,774,279,12,10,1,5,1,
63,18,743,145,35,19,1,5,1,
63,19,476,373,72,16,1,5,1,
63,21,643,371,21,13,1,5,1,
63,22,326,93,108,30,1,5,1,
63,23,727,397,9,10,1,5,1,
64,1,620,202,32,11,1,5,1,
64,5,900,147,15,15,1,5,1,
64,7,902,285,53,23,1,5,1,
64,9,789,106,24,14,1,5,1,
64,10,728,234,18,14,1,5,1,
64,11,509,186,87,22,1,5,1,
64,12,528,77,50,12,1,5,1,
64,13,658,338,9,10,1,5,1,
64,15,792,300,22,14,1,5,1,
64,16,774,279,11,10,1,5,1,
64,18,747,146,34,19,1,5,1,
64,19,484,373,71,16,1,5,1,
64,21,641,370,22,13,1,5,1,
64,22,334,92,109,30,1,5,1,
64,23,727,396,9,10,1,5,1,
65,1,623,202,31,12,1,5,1,
65,5,900,148,15,15,1,5,1,
65,7,907,285,52,22,1,5,1,
65,9,786,107,24,14,1,5,1,
65,10,728,234,18,14,1,5,1,
65,11,516,186,86,22,1,5,1,
65,12,534,77,49,12,1,5,1,
65,13,658,337,10,10,1,5,1,
65,15,795,300,20,14,1,5,1,
65,16,774,279,11,9,1,5,1,
65,18,750,147,33,18,1,5,1,
65,19,490,373,72,16,1,5,1,
65,21,640,370,22,12,1,5,1,
65,22,342,90,112,30,1,5,1,
65,23,726,395,9,10,1,5,1,
66,1,627,202,30,12,1,5,1,
66,5,901,149,15,15,1,5,1,
66,7,912,285,47,22,1,5,1,
66,9,783,109,24,13,1,5,1,
66,10,728,234,18,14,1,5,1,
66,11,522,187,85,21,1,5,1,
66,12,540,78,49,12,1,5,1,
66,13,658,337,10,10,1,5,1,
66,15,797,300,20,13,1,5,1,
66,16,773,279,11,9,1,5,1,
66,18,754,148,32,18,1,5,1,
66,19,497,373,72,16,1,5,1,
66,21,638,369,23,12,1,5,1,
66,22,350,89,114,30,1,5,1,
66,23,726,394,9,10,1,5,1,
67,1,630,203,29,11,1,5,1,
67,5,901,150,15,15,1,5,1,
67,7,917,284,43,23,1,5,1,
67,10,728,235,18,14,1,5,1,
67,11,528,187,85,21,1,5,1,
67,12,545,78,49,13,1,5,1,
67,13,659,336,9,10,1,5,1,
67,15,799,300,19,13,1,5,1,
67,16,773,279,10,9,1,5,1,
67,18,757,149,31,18,1,5,1,
67,19,504,373,72,16,1,5,1,
67,21,637,368,23,12,1,5,1,
67,22,358,88,116,30,1,5,1,
67,23,725,393,9,10,1,5,1,
68,1,633,203,28,12,1,5,1,
68,5,902,151,14,14,1,5,1,
68,7,922,284,38,23,1,5,1,
68,10,728,235,17,14,1,5,1,
68,11,535,187,84,22,1,5,1,
68,12,551,79,49,12,1,5,1,
68,13,659,336,10,9,1,5,1,
68,15,801,299,19,14,1,5,1,
68,16,772,279,11,9,1,5,1,
68,18,760,150,30,18,1,5,1,
68,19,510,373,73,16,1,5,1,
68,22,367,84,117,31,1,5,1,
68,23,724,392,10,10,1,5,1,
69,1,635,203,29,12,1,5,1,
69,5,902,152,14,14,1,5,1,
69,7,926,284,34,22,1,5,1,
69,10,728,235,17,14,1,5,1,
69,11,540,187,82,22,1,5,1,
69,12,556,79,48,13,1,5,1,
69,13,659,335,10,10,1,5,1,
69,15,803,299,19,13,1,5,1,
69,16,771,279,11,9,1,5,1,
69,18,763,150,30,18,1,5,1,
69,19,517,373,72,15,1,5,1,
69,22,375,83,120,31,1,5,1,
69,23,724,391,9,10,1,5,1,
70,1,638,204,28,11,1,5,1,
70,5,902,153,15,14,1,5,1,
70,7,930,284,30,22,1,5,1,
70,10,728,236,17,13,1,5,1,
70,11,547,187,80,22,1,5,1,
70,12,561,80,48,13,1,5,1,
70,13,659,335,10,9,1,5,1,
70,15,805,299,18,13,1,5,1,
70,16,771,279,10,9,1,5,1,
70,18,766,151,29,18,1,5,1,
70,19,524,372,72,16,1,5,1,
70,22,383,81,123,32,1,5,1,
70,23,723,390,10,10,1,5,1,
71,1,641,204,27,11,1,5,1,
71,5,902,154,15,14,1,5,1,
71,7,934,284,26,22,1,5,1,
71,10,728,236,16,13,1,5,1,
71,11,553,188,78,22,1,5,1,
71,12,567,80,47,13,1,5,1,
71,13,659,334,10,10,1,5,1,
71,15,808,299,16,13,1,5,1,
71,16,770,279,11,9,1,5,1,
71,18,769,152,28,18,1,5,1,
71,19,530,372,72,16,1,5,1,
71,22,391,80,126,32,1,5,1,
71,23,722,389,10,10,1,5,1,
72,1,644,205,25,11,1,5,1,
72,5,902,155,14,14,1,5,1,
72,7,939,286,21,20,1,5,1,
72,10,727,236,17,13,1,5,1,
72,11,559,188,77,22,1,5,1,
72,12,572,81,46,13,1,5,1,
72,13,659,333,10,10,1,5,1,
72,15,809,299,16,13,1,5,1,
72,16,769,279,11,8,1,5,1,
72,18,772,153,27,18,1,5,1,
72,19,538,372,70,16,1,5,1,
72,22,399,79,130,32,1,5,1,
72,23,721,389,10,9,1,5,1,
73,1,647,205,24,11,1,5,1,
73,5,903,156,13,14,1,5,1,
73,7,943,289,17,14,1,5,1,
73,10,727,236,16,13,1,5,1,
73,11,565,189,75,21,1,5,1,
73,12,578,82,45,13,1,5,1,
73,13,658,333,11,9,1,5,1,
73,15,809,299,16,12,1,5,1,
73,16,768,279,11,8,1,5,1,
73,18,775,154,26,17,1,5,1,
73,19,545,372,70,15,1,5,1,
73,22,408,77,132,33,1,5,1,
73,23,720,388,11,9,1,5,1,
74,1,649,205,23,12,1,5,1,
74,5,902,157,13,14,1,5,1,
74,10,726,237,17,13,1,5,1,
74,11,571,189,74,22,1,5,1,
74,12,583,82,44,14,1,5,1,
74,13,658,332,10,10,1,5,1,
74,15,810,298,16,13,1,5,1,
74,16,767,279,12,8,1,5,1,
74,18,777,155,25,17,1,5,1,
74,19,552,372,69,15,1,5,1,
74,22,417,76,135,33,1,5,1,
74,23,719,387,11,9,1,5,1,
75,1,651,206,23,11,1,5,1,
75,5,900,158,14,14,1,5,1,
75,10,726,237,16,13,1,5,1,
75,11,577,189,72,22,1,5,1,
75,12,588,83,44,14,1,5,1,
75,13,657,332,11,9,1,5,1,
75,15,810,298,16,12,1,5,1,
75,16,767,279,11,8,1,5,1,
75,18,780,155,23,18,1,5,1,
75,19,558,371,69,16,1,5,1,
75,22,426,75,138,33,1,5,1,
76,1,653,206,22,11,1,5,1,
76,5,899,159,14,14,1,5,1,
76,10,725,237,16,13,1,5,1,
76,11,582,190,71,21,1,5,1,
76,12,592,84,44,14,1,5,1,
76,13,657,331,11,10,1,5,1,
76,15,811,298,16,12,1,5,1,
76,16,766,279,11,8,1,5,1,
76,18,782,156,23,18,1,5,1,
76,19,564,371,69,15,1,5,1,
76,22,434,74,142,33,1,5,1,
77,1,655,207,21,11,1,5,1,
77,5,898,160,15,14,1,5,1,
77,10,725,238,16,12,1,5,1,
77,11,587,190,70,22,1,5,1,
77,12,597,85,43,14,1,5,1,
77,13,656,331,12,9,1,5,1,
77,15,811,298,16,12,1,5,1,
77,16,765,278,12,9,1,5,1,
77,18,784,157,22,17,1,5,1,
77,19,570,371,69,15,1,5,1,
77,22,443,73,145,33,1,5,1,
78,1,658,207,19,11,1,5,1,
78,5,896,161,16,14,1,5,1,
78,10,724,238,16,12,1,5,1,
78,11,592,191,69,21,1,5,1,
78,12,602,86,42,14,1,5,1,
78,13,655,330,13,10,1,5,1,
78,15,811,298,16,12,1,5,1,
78,16,764,278,12,9,1,5,1,
78,18,786,158,22,17,1,5,1,
78,19,577,370,67,15,1,5,1,
78,22,453,72,147,34,1,5,1,
79,1,660,208,19,10,1,5,1,
79,3,948,307,11,13,1,5,1,
79,5,895,162,16,14,1,5,1,
79,10,724,238,15,12,1,5,1,
79,11,597,191,68,21,1,5,1,
79,12,606,86,42,15,1,5,1,
79,13,655,330,12,9,1,5,1,
79,15,811,297,16,12,1,5,1,
79,16,762,278,13,8,1,5,1,
79,18,788,159,21,17,1,5,1,
79,19,583,370,67,15,1,5,1,
79,22,464,71,148,34,1,5,1,
80,1,662,208,18,11,1,5,1,
80,3,947,305,12,15,1,5,1,
80,5,893,163,16,14,1,5,1,
80,10,723,238,16,13,1,5,1,
80,11,603,192,65,21,1,5,1,
80,12,612,87,39,15,1,5,1,
80,13,654,330,13,8,1,5,1,
80,15,812,297,15,12,1,5,1,
80,16,761,278,13,8,1,5,1,
80,18,791,160,20,17,1,5,1,
80,19,591,369,64,16,1,5,1,
80,22,476,70,148,34,1,5,1,
81,1,664,208,17,11,1,5,1,
81,3,945,304,14,15,1,5,1,
81,5,892,164,16,14,1,5,1,
81,10,722,239,16,12,1,5,1,
81,11,609,192,63,21,1,5,1,
81,12,616,88,39,15,1,5,1,
81,13,653,329,13,9,1,5,1,
81,15,812,297,15,12,1,5,1,
81,16,760,278,13,8,1,5,1,
81,18,793,161,19,16,1,5,1,
81,19,597,369,64,15,1,5,1,
81,22,487,70,149,34,1,5,1,
82,1,666,209,15,11,1,5,1,
82,3,944,304,15,15,1,5,1,
82,5,891,165,15,13,1,5,1,
82,10,722,239,16,12,1,5,1,
82,11,614,193,61,21,1,5,1,
82,12,621,89,37,15,1,5,1,
82,13,652,329,14,8,1,5,1,
82,15,812,297,15,11,1,5,1,
82,16,759,278,13,8,1,5,1,
82,18,795,162,19,16,1,5,1,
82,19,604,368,62,15,1,5,1,
82,22,498,69,151,34,1,5,1,
83,1,667,209,15,11,1,5,1,
83,3,942,303,17,16,1,5,1,
83,5,889,166,16,13,1,5,1,
83,10,721,239,16,12,1,5,1,
83,11,619,193,59,21,1,5,1,
83,12,625,90,36,15,1,5,1,
83,13,651,328,14,9,1,5,1,
83,15,812,296,15,12,1,5,1,
83,16,758,278,13,8,1,5,1,
83,18,796,162,19,17,1,5,1,
83,19,610,368,61,15,1,5,1,
83,22,509,68,152,35,1,5,1,
84,1,669,210,14,10,1,5,1,
84,3,941,303,18,16,1,5,1,
84,5,888,167,15,13,1,5,1,
84,10,720,239,17,12,1,5,1,
84,11,624,194,57,20,1,5,1,
84,12,629,91,36,15,1,5,1,
84,13,650,328,14,8,1,5,1,
84,15,812,296,15,12,1,5,1,
84,16,756,278,14,8,1,5,1,
84,18,798,163,18,16,1,5,1,
84,19,617,368,59,14,1,5,1,
84,22,521,68,152,35,1,5,1,
85,1,671,210,13,11,1,5,1,
85,3,940,302,19,18,1,5,1,
85,5,886,168,16,13,1,5,1,
85,10,720,240,16,11,1,5,1,
85,11,628,194,56,21,1,5,1,
85,12,633,92,35,15,1,5,1,
85,13,649,327,15,9,1,5,1,
85,15,812,296,15,11,1,5,1,
85,16,755,278,14,8,1,5,1,
85,18,800,164,17,16,1,5,1,
85,19,623,367,58,15,1,5,1,
85,22,532,67,153,35,1,5,1,
86,1,672,210,13,11,1,5,1,
86,3,938,302,21,18,1,5,1,
86,5,885,169,15,13,1,5,1,
86,10,719,240,17,11,1,5,1,
86,11,633,195,54,20,1,5,1,
86,12,637,94,34,14,1,5,1,
86,15,812,296,15,11,1,5,1,
86,16,754,278,13,8,1,5,1,
86,18,802,165,17,16,1,5,1,
86,19,629,367,56,14,1,5,1,
86,22,544,67,153,35,1,5,1,
87,1,673,211,13,10,1,5,1,
87,3,937,302,22,17,1,5,1,
87,5,883,170,16,13,1,5,1,
87,10,718,240,17,12,1,5,1,
87,11,637,195,53,21,1,5,1,
87,12,641,95,33,14,1,5,1,
87,15,812,296,14,11,1,5,1,
87,16,753,278,13,7,1,5,1,
87,18,803,166,17,16,1,5,1,
87,19,635,366,55,15,1,5,1,
87,22,556,66,153,36,1,5,1,
88,1,675,211,11,11,1,5,1,
88,3,935,302,24,17,1,5,1,
88,5,882,171,15,12,1,5,1,
88,11,641,196,51,20,1,5,1,
88,12,645,96,32,14,1,5,1,
88,15,812,295,14,11,1,5,1,
88,16,751,278,14,7,1,5,1,
88,18,805,167,16,15,1,5,1,
88,19,641,365,53,15,1,5,1,
88,22,568,66,152,36,1,5,1,
89,1,675,211,12,11,1,5,1,
89,3,934,301,25,17,1,5,1,
89,5,880,172,16,12,1,5,1,
89,11,644,196,51,20,1,5,1,
89,12,648,97,31,14,1,5,1,
89,15,811,295,15,11,1,5,1,
89,16,750,278,14,7,1,5,1,
89,18,806,167,15,16,1,5,1,
89,19,645,365,53,14,1,5,1,
89,22,577,66,155,36,1,5,1,
90,1,677,212,10,10,1,5,1,
90,3,932,301,27,17,1,5,1,
90,5,878,173,17,12,1,5,1,
90,11,648,197,49,20,1,5,1,
90,12,651,98,31,14,1,5,1,
90,15,811,295,15,11,1,5,1,
90,16,748,278,15,7,1,5,1,
90,18,807,168,15,16,1,5,1,
90,19,650,364,53,15,1,5,1,
90,22,588,66,156,36,1,5,1,
91,1,677,212,11,11,1,5,1,
91,3,931,301,28,17,1,5,1,
91,5,877,174,16,12,1,5,1,
91,11,652,197,47,20,1,5,1,
91,12,654,99,30,14,1,5,1,
91,15,811,295,14,11,1,5,1,
91,18,808,169,15,15,1,5,1,
91,19,655,364,52,14,1,5,1,
91,22,599,66,156,36,1,5,1,
92,1,678,213,10,10,1,5,1,
92,3,929,301,30,16,1,5,1,
92,5,875,175,17,11,1,5,1,
92,11,655,198,46,20,1,5,1,
92,12,657,100,29,15,1,5,1,
92,15,811,295,14,10,1,5,1,
92,18,809,170,15,15,1,5,1,
92,19,660,363,50,14,1,5,1,
92,22,610,66,157,36,1,5,1,
93,1,679,213,10,10,1,5,1,
93,3,927,300,32,17,1,5,1,
93,5,874,175,16,12,1,5,1,
93,11,658,198,45,20,1,5,1,
93,12,660,101,28,15,1,5,1,
93,15,810,294,14,11,1,5,1,
93,18,809,170,15,16,1,5,1,
93,19,664,363,50,14,1,5,1,
93,22,620,66,158,36,1,5,1,
94,1,679,214,10,10,1,5,1,
94,3,926,300,33,16,1,5,1,
94,5,872,176,17,12,1,5,1,
94,11,662,199,43,19,1,5,1,
94,12,663,102,27,15,1,5,1,
94,15,810,294,14,11,1,5,1,
94,18,810,171,15,15,1,5,1,
94,19,669,362,49,14,1,5,1,
94,22,632,66,157,36,1,5,1,
95,1,679,214,10,10,1,5,1,
95,3,924,300,33,16,1,5,1,
95,5,870,177,17,12,1,5,1,
95,11,665,199,42,20,1,5,1,
95,12,666,103,26,15,1,5,1,
95,15,810,294,13,10,1,5,1,
95,18,810,172,15,15,1,5,1,
95,19,674,361,47,14,1,5,1,
95,22,643,66,157,36,1,5,1,
96,1,680,214,10,10,1,5,1,
96,3,923,300,32,16,1,5,1,
96,5,869,178,17,11,1,5,1,
96,11,669,200,38,19,1,5,1,
96,12,669,104,25,15,1,5,1,
96,15,809,294,14,10,1,5,1,
96,18,811,173,14,15,1,5,1,
96,19,679,361,45,14,1,5,1,
96,22,656,66,155,36,1,5,1,
97,1,680,215,10,9,1,5,1,
97,3,921,299,33,16,1,5,1,
97,5,867,179,17,11,1,5,1,
97,11,672,200,36,20,1,5,1,
97,12,671,105,24,15,1,5,1,
97,15,809,294,13,10,1,5,1,
97,18,811,173,15,15,1,5,1,
97,19,683,360,44,14,1,5,1,
97,22,667,66,154,37,1,5,1,
98,1,680,215,9,9,1,5,1,
98,3,920,299,32,16,1,5,1,
98,5,865,180,17,11,1,5,1,
98,11,676,201,33,19,1,5,1,
98,12,674,106,23,15,1,5,1,
98,15,808,293,14,11,1,5,1,
98,18,811,174,15,15,1,5,1,
98,19,688,359,42,14,1,5,1,
98,22,680,67,152,36,1,5,1,
99,1,679,215,10,9,1,5,1,
99,3,918,299,32,15,1,5,1,
99,5,864,180,17,11,1,5,1,
99,11,679,201,31,20,1,5,1,
99,12,677,108,21,15,1,5,1,
99,15,809,293,13,10,1,5,1,
99,18,812,175,14,14,1,5,1,
99,19,693,359,40,13,1,5,1,
99,22,692,67,150,36,1,5,1,
100,1,679,216,9,9,1,5,1,
100,3,917,299,31,15,1,5,1,
100,5,862,181,17,11,1,5,1,
100,11,681,202,30,19,1,5,1,
100,12,679,109,20,15,1,5,1,
100,15,810,293,13,10,1,5,1,
100,18,812,176,14,14,1,5,1,
100,19,697,358,38,14,1,5,1,
100,22,704,67,148,37,1,5,1,
101,2,950,217,9,14,1,5,1,
101,3,915,298,32,16,1,5,1,
101,5,860,182,17,11,1,5,1,
101,11,684,203,28,19,1,5,1,
101,12,681,110,19,15,1,5,1,
101,15,810,293,13,10,1,5,1,
101,18,812,176,14,15,1,5,1,
101,19,701,357,37,14,1,5,1,
101,22,715,68,147,36,1,5,1,
102,2,948,216,11,15,1,5,1,
102,3,914,298,30,15,1,5,1,
102,5,859,183,16,10,1,5,1,
102,11,686,203,27,19,1,5,1,
102,12,683,111,19,15,1,5,1,
102,15,810,293,14,10,1,5,1,
102,18,812,177,14,14,1,5,1,
102,19,705,357,35,13,1,5,1,
102,22,727,68,145,37,1,5,1,
103,2,947,216,12,15,1,5,1,
103,3,912,298,31,15,1,5,1,
103,5,857,183,17,11,1,5,1,
103,11,688,204,26,18,1,5,1,
103,12,685,112,18,15,1,5,1,
103,15,811,293,13,9,1,5,1,
103,18,812,178,14,14,1,5,1,
103,19,709,356,34,14,1,5,1,
103,22,738,69,144,36,1,5,1,
104,2,946,215,13,17,1,5,1,
104,3,911,298,30,14,1,5,1,
104,5,855,184,17,11,1,5,1,
104,11,690,204,25,19,1,5,1,
104,12,687,114,16,14,1,5,1,
104,15,811,292,13,10,1,5,1,
104,18,812,179,14,14,1,5,1,
104,19,712,355,33,14,1,5,1,
104,22,750,69,141,37,1,5,1,
105,2,945,216,14,16,1,5,1,
105,3,909,297,30,15,1,5,1,
105,5,854,185,16,10,1,5,1,
105,11,692,205,24,18,1,5,1,
105,12,689,115,15,15,1,5,1,
105,15,811,292,14,10,1,5,1,
105,18,812,179,14,14,1,5,1,
105,19,716,355,31,13,1,5,1,
105,22,761,70,140,37,1,5,1,
106,2,944,216,15,16,1,5,1,
106,3,908,297,30,15,1,5,1,
106,5,852,186,17,10,1,5,1,
106,11,694,206,23,18,1,5,1,
106,12,690,116,15,15,1,5,1,
106,15,812,292,13,10,1,5,1,
106,18,812,180,14,14,1,5,1,
106,19,719,354,30,13,1,5,1,
106,22,773,71,137,36,1,5,1,
107,2,942,216,17,17,1,5,1,
107,3,906,297,30,14,1,5,1,
107,5,850,186,17,11,1,5,1,
107,11,696,206,22,18,1,5,1,
107,12,692,117,14,15,1,5,1,
107,15,812,292,13,10,1,5,1,
107,18,811,181,14,13,1,5,1,
107,19,723,353,28,14,1,5,1,
107,22,784,72,135,36,1,5,1,
108,2,941,217,18,16,1,5,1,
108,3,905,297,29,14,1,5,1,
108,5,848,187,17,10,1,5,1,
108,11,698,207,20,18,1,5,1,
108,12,693,119,13,14,1,5,1,
108,15,812,292,13,9,1,5,1,
108,18,810,181,13,14,1,5,1,
108,19,726,353,27,13,1,5,1,
108,22,795,72,132,36,1,5,1,
109,2,940,217,19,16,1,5,1,
109,3,903,296,30,15,1,5,1,
109,5,846,188,18,10,1,5,1,
109,11,700,207,18,18,1,5,1,
109,12,695,120,12,14,1,5,1,
109,15,812,292,13,9,1,5,1,
109,18,808,182,16,14,1,5,1,
109,19,729,352,25,13,1,5,1,
109,22,805,73,131,36,1,5,1,
110,2,938,218,21,16,1,5,1,
110,3,901,296,30,14,1,5,1,
110,5,844,189,18,9,1,5,1,
110,11,702,208,16,17,1,5,1,
110,12,696,121,10,15,1,5,1,
110,15,812,291,12,10,1,5,1,
110,18,805,183,19,14,1,5,1,
110,19,732,351,23,13,1,5,1,
110,22,817,74,127,36,1,5,1,
111,2,937,218,22,16,1,5,1,
111,3,900,296,30,14,1,5,1,
111,5,841,189,19,10,1,5,1,
111,11,701,208,17,18,1,5,1,
111,12,698,122,8,15,1,5,1,
111,15,811,291,13,10,1,5,1,
111,18,802,183,23,14,1,5,1,
111,19,735,350,21,14,1,5,1,
111,22,827,75,125,36,1,5,1,
112,2,935,219,24,15,1,5,1,
112,3,898,296,30,14,1,5,1,
112,5,839,190,19,10,1,5,1,
112,11,701,209,16,17,1,5,1,
112,12,697,123,9,15,1,5,1,
112,15,811,291,13,10,1,5,1,
112,18,800,184,24,14,1,5,1,
112,19,738,350,19,13,1,5,1,
112,22,838,76,121,35,1,5,1,
113,2,934,219,25,16,1,5,1,
113,3,896,296,31,13,1,5,1,
113,5,837,191,20,9,1,5,1,
113,11,701,209,16,18,1,5,1,
113,12,697,124,8,15,1,5,1,
113,15,811,291,12,9,1,5,1,
113,18,798,185,25,14,1,5,1,
113,19,740,349,19,13,1,5,1,
113,22,847,76,113,36,1,5,1,
114,2,932,220,27,15,1,5,1,
114,3,895,295,30,14,1,5,1,
114,5,835,191,20,10,1,5,1,
114,11,701,210,15,17,1,5,1,
114,12,697,126,8,14,1,5,1,
114,15,811,291,12,9,1,5,1,
114,18,796,186,25,13,1,5,1,
114,19,742,348,18,13,1,5,1,
114,22,858,77,102,36,1,5,1,
115,2,931,220,28,15,1,5,1,
115,3,893,295,30,14,1,5,1,
115,5,833,192,20,9,1,5,1,
115,11,700,210,16,17,1,5,1,
115,12,696,127,8,14,1,5,1,
115,15,810,291,12,9,1,5,1,
115,18,793,186,27,14,1,5,1,
115,19,744,348,17,13,1,5,1,
115,22,868,78,92,36,1,5,1,
116,2,929,220,29,16,1,5,1,
116,3,892,295,29,14,1,5,1,
116,5,831,193,20,9,1,5,1,
116,11,700,211,15,17,1,5,1,
116,12,696,128,8,15,1,5,1,
116,15,810,291,12,9,1,5,1,
116,18,791,187,26,13,1,5,1,
116,19,746,347,16,13,1,5,1,
116,22,877,79,83,36,1,5,1,
117,2,928,221,28,15,1,5,1,
117,3,890,295,30,13,1,5,1,
117,5,829,193,20,9,1,5,1,
117,11,699,211,16,17,1,5,1,
117,12,695,129,8,15,1,5,1,
117,15,809,290,12,10,1,5,1,
117,18,789,188,26,13,1,5,1,
117,19,748,346,15,13,1,5,1,
117,22,887,80,73,36,1,5,1,
118,2,926,221,28,15,1,5,1,
118,3,888,295,30,13,1,5,1,
118,11,699,212,15,17,1,5,1,
118,12,694,131,9,14,1,5,1,
118,15,809,290,12,9,1,5,1,
118,18,787,189,26,13,1,5,1,
118,19,750,346,14,12,1,5,1,
118,22,897,81,63,36,1,5,1,
119,2,924,222,29,14,1,5,1,
119,3,887,295,29,13,1,5,1,
119,11,698,213,15,16,1,5,1,
119,12,693,132,9,14,1,5,1,
119,15,808,290,12,9,1,5,1,
119,18,784,189,27,13,1,5,1,
119,19,751,345,14,13,1,5,1,
119,22,905,83,55,28,1,5,1,
120,2,923,222,28,15,1,5,1,
120,3,885,294,30,13,1,5,1,
120,11,698,213,14,16,1,5,1,
120,12,693,133,8,14,1,5,1,
120,15,808,290,11,9,1,5,1,
120,18,782,190,27,13,1,5,1,
120,19,752,344,13,13,1,5,1,
120,22,914,84,46,22,1,5,1,
121,2,921,222,29,15,1,5,1,
121,3,883,294,30,13,1,5,1,
121,11,697,214,15,16,1,5,1,
121,12,692,134,9,14,1,5,1,
121,15,807,290,12,9,1,5,1,
121,18,780,191,27,12,1,5,1,
121,19,752,344,14,12,1,5,1,
121,22,921,85,39,21,1,5,1,
122,2,920,223,28,14,1,5,1,
122,3,881,294,30,13,1,5,1,
122,11,696,214,15,16,1,5,1,
122,12,691,135,9,14,1,5,1,
122,15,804,290,15,9,1,5,1,
122,18,777,191,28,13,1,5,1,
122,19,753,343,13,13,1,5,1,
122,20,951,278,8,10,1,5,1,
123,2,918,223,29,14,1,5,1,
123,3,879,294,31,13,1,5,1,
123,11,695,215,16,15,1,5,1,
123,12,690,136,10,14,1,5,1,
123,18,775,192,28,12,1,5,1,
123,19,753,342,14,13,1,5,1,
123,20,950,276,9,11,1,5,1,
124,2,916,224,29,14,1,5,1,
124,3,877,294,31,12,1,5,1,
124,11,694,215,17,16,1,5,1,
124,12,689,137,10,14,1,5,1,
124,18,772,193,29,12,1,5,1,
124,19,753,342,14,12,1,5,1,
124,20,948,276,11,11,1,5,1,
125,2,914,224,30,14,1,5,1,
125,3,875,294,31,12,1,5,1,
125,11,693,216,17,15,1,5,1,
125,12,688,139,10,13,1,5,1,
125,18,770,193,28,12,1,5,1,
125,19,754,341,13,12,1,5,1,
125,20,947,276,12,11,1,5,1,
126,2,912,224,30,14,1,5,1,
126,3,873,293,32,13,1,5,1,
126,11,692,216,18,16,1,5,1,
126,12,686,140,12,13,1,5,1,
126,18,768,194,28,12,1,5,1,
126,19,754,341,13,12,1,5,1,
126,20,946,276,13,11,1,5,1,
127,2,910,225,31,13,1,5,1,
127,3,871,293,33,13,1,5,1,
127,11,691,217,18,15,1,5,1,
127,12,685,141,12,13,1,5,1,
127,18,765,195,29,11,1,5,1,
127,19,754,340,13,12,1,5,1,
127,20,944,275,15,12,1,5,1,
128,2,908,225,31,14,1,5,1,
128,3,869,293,33,12,1,5,1,
128,11,690,217,18,15,1,5,1,
128,12,684,142,12,13,1,5,1,
128,18,763,195,28,12,1,5,1,
128,19,754,339,13,12,1,5,1,
128,20,943,275,16,13,1,5,1,
129,2,906,226,30,13,1,5,1,
129,3,867,293,32,12,1,5,1,
129,11,689,218,18,15,1,5,1,
129,12,683,144,11,12,1,5,1,
129,19,754,339,13,11,1,5,1,
129,20,941,275,18,13,1,5,1,
130,2,904,226,31,13,1,5,1,
130,3,865,293,33,12,1,5,1,
130,11,687,218,19,15,1,5,1,
130,12,681,144,13,13,1,5,1,
130,19,754,338,13,12,1,5,1,
130,20,940,275,19,13,1,5,1,
131,2,902,226,32,13,1,5,1,
131,11,686,218,20,15,1,5,1,
131,12,680,145,13,13,1,5,1,
131,19,754,338,13,11,1,5,1,
131,20,938,275,21,13,1,5,1,
132,2,900,226,33,13,1,5,1,
132,11,685,219,20,14,1,5,1,
132,12,679,146,14,13,1,5,1,
132,19,754,337,13,12,1,5,1,
132,20,937,275,22,12,1,5,1,
133,2,898,227,33,12,1,5,1,
133,11,683,219,22,15,1,5,1,
133,12,677,146,15,13,1,5,1,
133,19,753,337,13,11,1,5,1,
133,20,935,275,24,12,1,5,1,
134,2,896,227,34,12,1,5,1,
134,11,682,219,22,15,1,5,1,
134,12,676,147,15,13,1,5,1,
134,19,753,336,13,12,1,5,1,
134,20,934,275,25,12,1,5,1,
135,2,895,227,34,13,1,5,1,
135,11,680,220,23,14,1,5,1,
135,12,674,148,16,13,1,5,1,
135,19,753,335,12,12,1,5,1,
135,20,933,275,26,12,1,5,1,
136,2,893,228,34,12,1,5,1,
136,11,678,220,24,15,1,5,1,
136,12,673,149,16,13,1,5,1,
136,19,752,335,13,12,1,5,1,
136,20,932,275,27,12,1,5,1,
137,2,891,228,35,13,1,5,1,
137,11,677,221,24,14,1,5,1,
137,19,752,334,12,12,1,5,1,
137,20,931,275,27,12,1,5,1,
138,2,889,228,36,13,1,5,1,
138,11,675,221,25,14,1,5,1,
138,19,751,334,13,12,1,5,1,
138,20,930,275,26,12,1,5,1,
139,2,887,229,36,12,1,5,1,
139,11,673,222,27,14,1,5,1,
139,19,751,333,12,12,1,5,1,
139,20,929,275,26,12,1,5,1,
140,2,885,229,36,12,1,5,1,
140,11,671,222,28,14,1,5,1,
140,19,750,333,13,12,1,5,1,
140,20,928,275,25,12,1,5,1,
141,2,883,229,35,12,1,5,1,
141,11,669,223,27,13,1,5,1,
141,19,749,332,14,12,1,5,1,
141,20,927,275,23,11,1,5,1,
142,11,668,223,27,13,1,5,1,
142,19,749,332,13,11,1,5,1,
142,20,926,275,23,11,1,5,1,
143,19,748,331,14,12,1,5,1,
143,20,925,275,23,11,1,5,1,
144,19,747,331,15,12,1,5,1,
144,20,924,275,24,11,1,5,1,
145,19,746,330,16,12,1,5,1,
145,20,923,275,24,11,1,5,1,
146,19,745,330,16,12,1,5,1,
146,20,922,275,25,11,1,5,1,
147,19,745,329,16,13,1,5,1,
147,20,921,275,25,11,1,5,1,
148,19,744,329,17,12,1,5,1,
148,20,920,275,26,11,1,5,1,
149,19,743,328,18,13,1,5,1,
149,20,919,275,26,11,1,5,1,
150,19,742,328,18,12,1,5,1,
150,20,918,275,26,11,1,5,1,
