1,1,700,77,70,60,1,5,1,
1,2,507,255,35,17,1,5,1,
1,3,174,0,72,22,1,5,1,
1,4,41,338,103,33,1,5,1,
1,5,79,123,74,18,1,5,1,
1,6,560,0,38,25,1,5,1,
1,7,462,194,23,12,1,5,1,
1,8,157,0,73,14,1,5,1,
1,9,904,0,19,24,1,5,1,
1,10,29,443,98,58,1,5,1,
1,11,757,203,155,52,1,5,1,
1,12,76,-7,34,18,1,5,1,
1,13,95,43,58,25,1,5,1,
1,14,682,373,36,21,1,5,1,
1,15,827,22,99,47,1,5,1,
1,16,85,51,102,26,1,5,1,
1,17,620,263,52,31,1,5,1,
1,18,782,357,21,11,1,5,1,
1,19,510,350,63,18,1,5,1,
1,20,821,145,46,47,1,5,1,
1,21,153,75,169,46,1,5,1,
1,22,173,350,72,25,1,5,1,
1,23,103,419,50,24,1,5,1,
1,24,570,442,51,12,1,5,1,
1,25,825,368,71,15,1,5,1,
1,26,553,150,36,50,1,5,1,
1,27,833,94,97,30,1,5,1,
1,28,690,312,32,25,1,5,1,
2,1,715,79,53,61,1,5,1,
2,2,506,255,30,17,1,5,1,
2,3,181,0,79,24,1,5,1,
2,4,46,336,112,33,1,5,1,
2,5,87,125,73,16,1,5,1,
2,6,560,0,41,28,1,5,1,
2,7,458,195,26,11,1,5,1,
2,8,149,-1,77,13,1,5,1,
2,9,901,0,20,27,1,5,1,
2,10,22,446,94,61,1,5,1,
2,11,758,206,126,50,1,5,1,
2,12,82,-12,29,23,1,5,1,
2,13,92,39,54,28,1,5,1,
2,14,681,371,30,21,1,5,1,
2,15,819,26,92,48,1,5,1,
2,16,74,47,105,29,1,5,1,
2,17,619,263,41,31,1,5,1,
2,18,778,356,25,11,1,5,1,
2,19,513,350,67,17,1,5,1,
2,20,823,148,46,45,1,5,1,
2,21,160,74,179,47,1,5,1,
2,22,165,350,73,28,1,5,1,
2,23,103,417,57,25,1,5,1,
2,24,565,440,51,14,1,5,1,
2,25,819,366,69,16,1,5,1,
2,26,552,153,40,48,1,5,1,
2,27,826,94,97,32,1,5,1,
2,28,691,311,27,29,1,5,1,
3,1,721,84,52,59,1,5,1,
3,2,506,254,24,18,1,5,1,
3,3,186,0,86,26,1,5,1,
3,4,54,335,119,31,1,5,1,
3,5,96,125,71,15,1,5,1,
3,6,560,0,44,32,1,5,1,
3,7,453,195,30,11,1,5,1,
3,8,143,-4,78,15,1,5,1,
3,9,898,0,23,31,1,5,1,
3,10,16,449,88,63,1,5,1,
3,11,761,208,96,49,1,5,1,
3,12,88,-16,23,27,1,5,1,
3,13,90,36,49,28,1,5,1,
3,14,681,370,24,21,1,5,1,
3,15,812,30,82,49,1,5,1,
3,16,63,43,106,33,1,5,1,
3,17,620,264,34,30,1,5,1,
3,18,773,355,29,11,1,5,1,
3,19,516,350,70,17,1,5,1,
3,20,827,151,44,43,1,5,1,
3,21,171,74,184,48,1,5,1,
3,22,158,350,69,32,1,5,1,
3,23,105,415,62,26,1,5,1,
3,24,561,437,49,16,1,5,1,
3,25,815,365,63,16,1,5,1,
3,26,548,157,52,45,1,5,1,
3,27,821,95,93,33,1,5,1,
3,28,690,312,28,32,1,5,1,
4,1,726,89,54,56,1,5,1,
4,2,506,253,20,18,1,5,1,
4,3,185,0,99,27,1,5,1,
4,4,64,333,123,31,1,5,1,
4,5,105,125,68,15,1,5,1,
4,6,562,0,46,35,1,5,1,
4,7,448,195,34,11,1,5,1,
4,8,139,-8,76,18,1,5,1,
4,9,895,2,25,33,1,5,1,
4,10,12,453,80,65,1,5,1,
4,11,757,210,76,48,1,5,1,
4,12,91,-20,14,30,1,5,1,
4,13,89,33,43,28,1,5,1,
4,14,681,369,21,20,1,5,1,
4,15,806,35,73,49,1,5,1,
4,16,52,38,106,36,1,5,1,
4,17,622,264,33,29,1,5,1,
4,18,768,354,33,12,1,5,1,
4,19,520,350,72,17,1,5,1,
4,20,830,153,44,42,1,5,1,
4,21,184,72,185,52,1,5,1,
4,22,153,352,63,33,1,5,1,
4,23,108,413,66,26,1,5,1,
4,24,558,435,47,18,1,5,1,
4,25,811,364,58,15,1,5,1,
4,26,545,160,65,43,1,5,1,
4,27,816,96,89,34,1,5,1,
4,28,689,312,30,35,1,5,1,
5,1,730,93,57,54,1,5,1,
5,2,505,252,21,18,1,5,1,
5,3,200,0,96,28,1,5,1,
5,4,74,332,127,29,1,5,1,
5,5,114,124,64,15,1,5,1,
5,6,567,3,43,36,1,5,1,
5,7,443,194,36,12,1,5,1,
5,8,130,-13,79,24,1,5,1,
5,9,893,7,20,31,1,5,1,
5,10,8,458,72,65,1,5,1,
5,11,755,213,58,46,1,5,1,
5,13,88,30,38,28,1,5,1,
5,14,683,367,20,20,1,5,1,
5,15,802,41,63,47,1,5,1,
5,16,42,33,105,38,1,5,1,
5,17,625,264,32,29,1,5,1,
5,18,762,354,37,11,1,5,1,
5,19,525,350,73,17,1,5,1,
5,20,832,156,44,40,1,5,1,
5,21,201,74,183,53,1,5,1,
5,22,149,353,57,36,1,5,1,
5,23,111,411,70,26,1,5,1,
5,24,555,432,44,20,1,5,1,
5,25,809,362,51,16,1,5,1,
5,26,544,164,75,40,1,5,1,
5,27,812,97,84,35,1,5,1,
5,28,691,313,30,38,1,5,1,
6,1,733,98,63,50,1,5,1,
6,2,506,250,21,19,1,5,1,
6,3,215,2,91,27,1,5,1,
6,4,87,330,128,29,1,5,1,
6,5,123,124,59,15,1,5,1,
6,6,571,7,42,35,1,5,1,
6,7,438,194,39,11,1,5,1,
6,8,122,-17,80,27,1,5,1,
6,9,892,11,18,29,1,5,1,
6,10,7,464,60,63,1,5,1,
6,11,756,215,50,46,1,5,1,
6,13,87,26,35,29,1,5,1,
6,14,685,367,20,18,1,5,1,
6,15,800,47,53,44,1,5,1,
6,16,33,28,102,40,1,5,1,
6,17,626,264,34,28,1,5,1,
6,18,757,353,39,11,1,5,1,
6,19,531,349,72,18,1,5,1,
6,20,825,159,61,39,1,5,1,
6,21,222,78,177,53,1,5,1,
6,22,147,356,48,36,1,5,1,
6,23,116,409,72,25,1,5,1,
6,24,553,430,40,21,1,5,1,
6,25,807,361,44,15,1,5,1,
6,26,545,167,85,38,1,5,1,
6,27,809,98,77,36,1,5,1,
6,28,689,314,35,40,1,5,1,
7,1,736,102,70,47,1,5,1,
7,2,507,248,21,20,1,5,1,
7,3,229,3,87,25,1,5,1,
7,4,99,329,130,28,1,5,1,
7,5,130,122,56,16,1,5,1,
7,6,574,12,43,34,1,5,1,
7,7,433,193,41,11,1,5,1,
7,9,893,16,17,26,1,5,1,
7,10,7,469,48,63,1,5,1,
7,11,760,219,49,41,1,5,1,
7,13,87,24,32,29,1,5,1,
7,14,687,366,21,18,1,5,1,
7,15,800,52,42,42,1,5,1,
7,16,24,21,100,44,1,5,1,
7,17,622,265,46,27,1,5,1,
7,18,754,352,37,11,1,5,1,
7,19,536,349,72,17,1,5,1,
7,20,826,162,68,37,1,5,1,
7,21,241,83,173,51,1,5,1,
7,22,146,358,40,37,1,5,1,
7,23,121,408,74,24,1,5,1,
7,24,551,426,37,24,1,5,1,
7,25,806,360,38,15,1,5,1,
7,26,549,170,89,36,1,5,1,
7,27,806,100,71,36,1,5,1,
7,28,686,316,45,41,1,5,1,
8,1,742,106,73,44,1,5,1,
8,2,507,247,24,20,1,5,1,
8,3,242,0,83,26,1,5,1,
8,4,113,328,129,28,1,5,1,
8,5,138,121,51,16,1,5,1,
8,6,577,17,45,32,1,5,1,
8,7,428,192,42,12,1,5,1,
8,9,895,20,17,24,1,5,1,
8,10,7,475,39,61,1,5,1,
8,11,764,221,48,39,1,5,1,
8,13,86,21,31,29,1,5,1,
8,14,688,365,22,18,1,5,1,
8,15,798,57,34,41,1,5,1,
8,16,18,15,95,46,1,5,1,
8,17,619,265,59,27,1,5,1,
8,18,752,351,34,11,1,5,1,
8,19,543,348,69,18,1,5,1,
8,20,830,164,72,35,1,5,1,
8,21,261,89,168,46,1,5,1,
8,22,147,361,30,36,1,5,1,
8,23,126,406,75,24,1,5,1,
8,24,551,423,32,25,1,5,1,
8,25,807,359,30,15,1,5,1,
8,26,556,171,90,35,1,5,1,
8,27,805,102,62,35,1,5,1,
8,28,685,318,58,42,1,5,1,
9,1,749,109,74,43,1,5,1,
9,2,506,245,31,21,1,5,1,
9,3,253,0,81,23,1,5,1,
9,4,126,327,128,27,1,5,1,
9,5,146,119,45,17,1,5,1,
9,6,580,21,47,30,1,5,1,
9,7,423,190,44,13,1,5,1,
9,9,897,23,16,23,1,5,1,
9,10,6,479,38,61,1,5,1,
9,11,766,223,47,38,1,5,1,
9,13,86,19,29,28,1,5,1,
9,14,691,364,21,18,1,5,1,
9,15,796,62,27,39,1,5,1,
9,16,12,9,89,48,1,5,1,
9,17,618,265,69,27,1,5,1,
9,18,749,350,32,11,1,5,1,
9,19,549,348,66,17,1,5,1,
9,20,835,165,74,35,1,5,1,
9,21,281,92,163,44,1,5,1,
9,22,149,364,26,35,1,5,1,
9,23,132,404,75,23,1,5,1,
9,24,551,420,27,26,1,5,1,
9,25,806,358,26,14,1,5,1,
9,26,566,172,83,34,1,5,1,
9,27,804,104,54,35,1,5,1,
9,28,684,321,73,42,1,5,1,
10,1,757,111,74,42,1,5,1,
10,2,505,243,41,21,1,5,1,
10,3,264,0,79,21,1,5,1,
10,4,141,327,125,26,1,5,1,
10,5,153,117,39,18,1,5,1,
10,6,585,24,46,29,1,5,1,
10,7,418,189,44,13,1,5,1,
10,9,899,25,16,22,1,5,1,
10,10,5,484,37,59,1,5,1,
10,11,767,224,47,37,1,5,1,
10,13,86,17,27,27,1,5,1,
10,14,694,363,20,18,1,5,1,
10,15,795,67,21,37,1,5,1,
10,16,8,3,81,50,1,5,1,
10,17,619,265,79,27,1,5,1,
10,18,747,350,30,10,1,5,1,
10,19,557,347,61,18,1,5,1,
10,20,841,166,74,35,1,5,1,
10,21,301,94,157,42,1,5,1,
10,22,148,367,28,34,1,5,1,
10,23,138,403,75,22,1,5,1,
10,24,551,417,22,27,1,5,1,
10,25,804,357,25,14,1,5,1,
10,26,572,174,88,31,1,5,1,
10,27,804,107,45,33,1,5,1,
10,28,685,323,87,43,1,5,1,
11,1,765,114,73,40,1,5,1,
11,2,505,242,51,21,1,5,1,
11,3,274,-3,79,21,1,5,1,
11,4,155,326,123,26,1,5,1,
11,5,159,115,33,18,1,5,1,
11,6,590,27,47,28,1,5,1,
11,7,413,188,45,12,1,5,1,
11,9,900,27,17,22,1,5,1,
11,10,3,488,38,55,1,5,1,
11,11,769,225,45,36,1,5,1,
11,13,84,14,27,28,1,5,1,
11,14,697,362,18,18,1,5,1,
11,15,795,72,21,34,1,5,1,
11,16,6,-1,71,49,1,5,1,
11,17,622,265,87,27,1,5,1,
11,18,743,349,31,10,1,5,1,
11,19,564,346,56,18,1,5,1,
11,20,846,167,77,34,1,5,1,
11,21,320,94,152,41,1,5,1,
11,22,149,370,29,33,1,5,1,
11,23,145,402,73,20,1,5,1,
11,24,552,414,17,27,1,5,1,
11,25,802,356,25,14,1,5,1,
11,26,577,175,93,29,1,5,1,
11,27,803,109,40,32,1,5,1,
11,28,687,326,101,43,1,5,1,
12,1,773,116,73,39,1,5,1,
12,2,507,240,60,21,1,5,1,
12,3,285,-6,76,21,1,5,1,
12,4,169,325,120,26,1,5,1,
12,5,165,113,26,18,1,5,1,
12,6,594,30,49,27,1,5,1,
12,7,408,186,45,13,1,5,1,
12,9,903,30,16,21,1,5,1,
12,10,2,492,39,51,1,5,1,
12,11,771,226,45,35,1,5,1,
12,13,82,10,28,29,1,5,1,
12,14,698,361,19,18,1,5,1,
12,15,796,77,20,31,1,5,1,
12,16,8,-7,58,49,1,5,1,
12,17,625,265,95,26,1,5,1,
12,18,740,348,31,10,1,5,1,
12,19,572,346,49,17,1,5,1,
12,20,852,168,78,34,1,5,1,
12,21,339,92,145,41,1,5,1,
12,22,148,372,33,32,1,5,1,
12,23,152,401,71,19,1,5,1,
12,24,552,411,14,27,1,5,1,
12,25,800,355,25,14,1,5,1,
12,26,582,176,99,29,1,5,1,
12,27,800,111,38,32,1,5,1,
12,28,690,328,114,44,1,5,1,
13,1,781,118,73,38,1,5,1,
13,2,510,239,69,21,1,5,1,
13,3,294,-7,78,21,1,5,1,
13,4,184,325,115,25,1,5,1,
13,5,171,111,23,19,1,5,1,
13,6,599,33,50,25,1,5,1,
13,7,403,185,45,13,1,5,1,
13,9,903,31,16,23,1,5,1,
13,10,2,496,39,48,1,5,1,
13,11,773,227,44,35,1,5,1,
13,13,80,6,28,30,1,5,1,
13,14,700,360,18,17,1,5,1,
13,15,797,81,20,29,1,5,1,
13,16,12,-12,42,48,1,5,1,
13,17,630,265,101,27,1,5,1,
13,18,737,347,30,11,1,5,1,
13,19,580,345,42,18,1,5,1,
13,20,859,169,78,33,1,5,1,
13,21,357,89,139,42,1,5,1,
13,22,144,374,42,30,1,5,1,
13,23,159,400,68,18,1,5,1,
13,24,552,409,11,26,1,5,1,
13,25,797,354,26,14,1,5,1,
13,26,588,176,104,29,1,5,1,
13,27,797,113,38,31,1,5,1,
13,28,696,331,126,44,1,5,1,
14,1,789,120,72,38,1,5,1,
14,2,514,237,76,22,1,5,1,
14,3,304,-8,77,21,1,5,1,
14,4,198,325,111,25,1,5,1,
14,5,176,110,19,18,1,5,1,
14,6,604,35,51,25,1,5,1,
14,7,399,183,44,14,1,5,1,
14,9,902,32,16,24,1,5,1,
14,10,1,500,41,44,1,5,1,
14,11,779,228,43,32,1,5,1,
14,13,78,3,27,30,1,5,1,
14,14,701,360,18,16,1,5,1,
14,15,799,84,19,28,1,5,1,
14,16,9,-16,38,46,1,5,1,
14,17,637,265,104,27,1,5,1,
14,18,734,347,30,10,1,5,1,
14,19,586,345,38,17,1,5,1,
14,20,865,170,79,32,1,5,1,
14,21,375,85,133,44,1,5,1,
14,22,142,377,54,29,1,5,1,
14,23,166,399,65,17,1,5,1,
14,24,553,407,10,25,1,5,1,
14,25,795,353,25,14,1,5,1,
14,26,598,177,102,30,1,5,1,
14,27,793,115,40,30,1,5,1,
14,28,703,334,136,43,1,5,1,
15,1,798,122,70,37,1,5,1,
15,2,519,236,84,22,1,5,1,
15,4,212,324,105,26,1,5,1,
15,5,176,108,20,18,1,5,1,
15,6,610,37,49,24,1,5,1,
15,7,394,182,43,13,1,5,1,
15,9,901,34,16,25,1,5,1,
15,10,1,504,43,40,1,5,1,
15,11,782,228,45,32,1,5,1,
15,13,76,0,27,30,1,5,1,
15,14,702,359,18,16,1,5,1,
15,15,801,87,19,26,1,5,1,
15,16,10,-20,38,44,1,5,1,
15,17,645,265,104,27,1,5,1,
15,18,731,346,30,10,1,5,1,
15,19,590,344,38,17,1,5,1,
15,20,873,171,77,32,1,5,1,
15,21,387,82,135,44,1,5,1,
15,22,142,378,66,28,1,5,1,
15,23,173,399,61,15,1,5,1,
15,24,555,405,10,23,1,5,1,
15,25,793,352,25,14,1,5,1,
15,26,610,178,97,30,1,5,1,
15,27,789,117,42,30,1,5,1,
15,28,712,337,144,41,1,5,1,
16,1,806,124,68,36,1,5,1,
16,2,526,235,89,22,1,5,1,
16,4,225,324,100,26,1,5,1,
16,5,176,106,21,19,1,5,1,
16,6,616,38,48,24,1,5,1,
16,7,391,180,41,14,1,5,1,
16,9,898,36,19,26,1,5,1,
16,10,1,508,45,36,1,5,1,
16,11,781,228,55,32,1,5,1,
16,13,74,-3,27,30,1,5,1,
16,14,703,358,18,16,1,5,1,
16,15,802,89,19,26,1,5,1,
16,16,18,-23,32,41,1,5,1,
16,17,653,265,103,27,1,5,1,
16,18,728,345,29,10,1,5,1,
16,19,593,343,38,18,1,5,1,
16,20,881,172,75,31,1,5,1,
16,21,395,79,142,45,1,5,1,
16,22,147,379,67,29,1,5,1,
16,23,179,398,57,16,1,5,1,
16,24,556,404,11,21,1,5,1,
16,25,790,352,26,13,1,5,1,
16,26,622,180,91,30,1,5,1,
16,27,785,118,45,30,1,5,1,
16,28,723,340,150,40,1,5,1,
17,1,815,125,64,36,1,5,1,
17,2,534,235,93,22,1,5,1,
17,4,238,325,94,26,1,5,1,
17,5,176,104,20,19,1,5,1,
17,6,621,39,46,25,1,5,1,
17,7,387,179,40,14,1,5,1,
17,9,895,39,23,26,1,5,1,
17,10,1,512,47,32,1,5,1,
17,11,781,229,68,32,1,5,1,
17,13,72,-7,27,31,1,5,1,
17,14,704,357,18,16,1,5,1,
17,15,803,91,20,26,1,5,1,
17,17,662,265,101,27,1,5,1,
17,18,724,345,30,9,1,5,1,
17,19,597,343,37,17,1,5,1,
17,20,888,172,71,31,1,5,1,
17,21,403,76,151,45,1,5,1,
17,22,153,380,67,29,1,5,1,
17,23,186,398,52,15,1,5,1,
17,24,556,404,15,18,1,5,1,
17,25,788,351,26,12,1,5,1,
17,26,631,180,88,30,1,5,1,
17,27,781,120,47,29,1,5,1,
17,28,735,343,154,37,1,5,1,
18,1,824,127,61,36,1,5,1,
18,2,543,234,96,22,1,5,1,
18,4,250,325,87,27,1,5,1,
18,5,176,102,20,19,1,5,1,
18,6,627,41,44,25,1,5,1,
18,7,384,177,37,14,1,5,1,
18,9,888,41,29,27,1,5,1,
18,10,2,515,48,29,1,5,1,
18,11,780,229,82,32,1,5,1,
18,13,70,-11,27,31,1,5,1,
18,14,705,356,18,16,1,5,1,
18,15,805,93,19,26,1,5,1,
18,17,671,265,100,27,1,5,1,
18,18,721,344,30,9,1,5,1,
18,19,600,342,37,17,1,5,1,
18,20,895,173,65,31,1,5,1,
18,21,412,74,159,45,1,5,1,
18,22,159,381,66,30,1,5,1,
18,23,192,398,47,15,1,5,1,
18,24,556,403,18,16,1,5,1,
18,25,785,350,26,12,1,5,1,
18,26,640,181,85,30,1,5,1,
18,27,776,122,49,28,1,5,1,
18,28,749,346,154,35,1,5,1,
19,1,831,128,59,36,1,5,1,
19,2,554,234,98,22,1,5,1,
19,4,261,326,80,27,1,5,1,
19,5,175,100,21,19,1,5,1,
19,6,632,43,43,24,1,5,1,
19,7,382,176,34,13,1,5,1,
19,9,882,44,33,26,1,5,1,
19,10,3,518,48,26,1,5,1,
19,11,784,230,89,32,1,5,1,
19,13,76,-14,18,31,1,5,1,
19,14,706,355,18,16,1,5,1,
19,15,806,96,19,25,1,5,1,
19,17,676,265,107,27,1,5,1,
19,18,718,343,30,10,1,5,1,
19,19,603,342,38,17,1,5,1,
19,20,902,174,58,30,1,5,1,
19,21,422,71,167,46,1,5,1,
19,22,165,382,64,31,1,5,1,
19,23,198,398,41,16,1,5,1,
19,24,557,403,21,13,1,5,1,
19,25,783,349,26,12,1,5,1,
19,26,648,182,83,29,1,5,1,
19,27,771,123,53,28,1,5,1,
19,28,765,349,150,33,1,5,1,
20,1,839,130,57,35,1,5,1,
20,2,564,234,100,22,1,5,1,
20,4,271,326,73,28,1,5,1,
20,5,174,97,21,20,1,5,1,
20,6,637,44,41,25,1,5,1,
20,7,380,174,31,14,1,5,1,
20,9,876,47,36,26,1,5,1,
20,10,4,522,48,22,1,5,1,
20,11,792,230,88,32,1,5,1,
20,13,76,-18,16,32,1,5,1,
20,14,708,355,17,15,1,5,1,
20,15,807,98,19,25,1,5,1,
20,17,683,265,109,27,1,5,1,
20,18,715,343,29,9,1,5,1,
20,19,606,342,38,16,1,5,1,
20,20,909,174,51,31,1,5,1,
20,21,432,68,175,46,1,5,1,
20,22,171,383,63,32,1,5,1,
20,23,204,398,34,16,1,5,1,
20,24,558,402,24,13,1,5,1,
20,25,781,348,25,12,1,5,1,
20,26,656,182,81,29,1,5,1,
20,27,766,125,58,27,1,5,1,
20,28,782,349,144,34,1,5,1,
21,1,846,132,55,34,1,5,1,
21,2,575,233,102,23,1,5,1,
21,4,281,327,65,29,1,5,1,
21,5,173,95,21,20,1,5,1,
21,6,641,46,41,25,1,5,1,
21,7,379,173,27,13,1,5,1,
21,9,871,50,36,26,1,5,1,
21,11,798,230,92,32,1,5,1,
21,13,74,-22,17,33,1,5,1,
21,14,710,354,17,15,1,5,1,
21,15,810,100,18,24,1,5,1,
21,17,692,265,108,27,1,5,1,
21,18,712,342,29,9,1,5,1,
21,19,609,341,39,16,1,5,1,
21,20,912,175,48,29,1,5,1,
21,21,442,65,183,47,1,5,1,
21,22,176,384,63,33,1,5,1,
21,23,210,399,27,16,1,5,1,
21,24,559,401,28,12,1,5,1,
21,25,779,347,25,13,1,5,1,
21,26,663,183,79,29,1,5,1,
21,27,762,126,58,27,1,5,1,
21,28,799,350,135,33,1,5,1,
22,1,853,133,53,34,1,5,1,
22,2,586,233,104,23,1,5,1,
22,4,290,329,55,29,1,5,1,
22,5,172,92,22,21,1,5,1,
22,6,646,48,40,24,1,5,1,
22,7,378,171,23,14,1,5,1,
22,9,866,53,36,25,1,5,1,
22,11,806,231,91,31,1,5,1,
22,14,711,353,17,15,1,5,1,
22,15,813,102,18,23,1,5,1,
22,17,701,265,107,27,1,5,1,
22,18,709,342,29,9,1,5,1,
22,19,615,341,32,16,1,5,1,
22,20,917,177,43,26,1,5,1,
22,21,453,63,191,47,1,5,1,
22,22,181,386,62,34,1,5,1,
22,23,214,399,23,17,1,5,1,
22,24,561,401,30,11,1,5,1,
22,25,776,347,26,12,1,5,1,
22,26,671,184,77,28,1,5,1,
22,27,758,127,58,27,1,5,1,
22,28,818,350,122,32,1,5,1,
23,1,860,135,50,34,1,5,1,
23,2,597,233,106,23,1,5,1,
23,4,298,329,46,31,1,5,1,
23,5,171,89,23,22,1,5,1,
23,6,650,50,39,23,1,5,1,
23,7,379,170,18,13,1,5,1,
23,9,861,55,36,25,1,5,1,
23,11,813,232,94,31,1,5,1,
23,14,712,352,17,15,1,5,1,
23,15,816,104,18,22,1,5,1,
23,17,709,266,107,26,1,5,1,
23,18,706,341,29,9,1,5,1,
23,19,620,340,28,16,1,5,1,
23,20,923,179,37,25,1,5,1,
23,21,464,60,199,48,1,5,1,
23,22,187,387,61,35,1,5,1,
23,23,219,398,18,19,1,5,1,
23,24,565,400,28,11,1,5,1,
23,25,774,346,25,12,1,5,1,
23,26,678,185,75,28,1,5,1,
23,27,754,129,58,26,1,5,1,
23,28,836,350,108,32,1,5,1,
24,1,866,137,49,33,1,5,1,
24,2,609,233,106,23,1,5,1,
24,4,303,330,42,32,1,5,1,
24,5,170,86,23,23,1,5,1,
24,6,654,52,39,23,1,5,1,
24,7,379,169,14,13,1,5,1,
24,9,856,58,36,25,1,5,1,
24,11,823,233,93,31,1,5,1,
24,14,713,352,17,15,1,5,1,
24,15,819,105,18,22,1,5,1,
24,17,721,266,98,26,1,5,1,
24,18,705,340,26,9,1,5,1,
24,19,624,340,26,16,1,5,1,
24,21,477,58,205,48,1,5,1,
24,22,191,389,62,36,1,5,1,
24,23,219,398,17,21,1,5,1,
24,24,570,399,25,12,1,5,1,
24,25,772,345,25,12,1,5,1,
24,26,680,185,84,28,1,5,1,
24,27,750,130,57,26,1,5,1,
24,28,855,349,90,32,1,5,1,
25,1,873,138,46,33,1,5,1,
25,2,621,232,107,24,1,5,1,
25,4,305,331,44,33,1,5,1,
25,5,170,83,23,23,1,5,1,
25,6,658,54,40,22,1,5,1,
25,7,379,168,13,13,1,5,1,
25,9,852,61,35,24,1,5,1,
25,11,833,233,90,31,1,5,1,
25,14,714,351,17,15,1,5,1,
25,15,822,107,17,21,1,5,1,
25,17,734,266,87,26,1,5,1,
25,18,702,340,26,9,1,5,1,
25,19,626,339,26,16,1,5,1,
25,21,491,56,211,48,1,5,1,
25,22,195,391,64,36,1,5,1,
25,23,217,397,17,24,1,5,1,
25,24,573,398,25,12,1,5,1,
25,25,769,344,26,12,1,5,1,
25,26,681,185,94,28,1,5,1,
25,27,746,132,57,25,1,5,1,
25,28,870,349,78,30,1,5,1,
26,1,879,140,43,32,1,5,1,
26,2,633,232,108,24,1,5,1,
26,4,307,333,47,33,1,5,1,
26,5,169,80,24,24,1,5,1,
26,6,662,55,38,24,1,5,1,
26,7,379,167,13,12,1,5,1,
26,9,847,64,35,23,1,5,1,
26,11,843,233,86,32,1,5,1,
26,14,715,350,16,15,1,5,1,
26,15,824,108,17,22,1,5,1,
26,17,747,266,74,26,1,5,1,
26,18,699,339,26,9,1,5,1,
26,19,629,338,24,16,1,5,1,
26,21,505,54,217,49,1,5,1,
26,22,199,392,67,38,1,5,1,
26,23,213,397,19,27,1,5,1,
26,24,577,397,23,12,1,5,1,
26,25,767,344,25,11,1,5,1,
26,26,687,185,95,28,1,5,1,
26,27,742,133,57,25,1,5,1,
26,28,881,348,72,30,1,5,1,
27,1,886,141,40,32,1,5,1,
27,2,646,232,107,24,1,5,1,
27,4,310,334,49,35,1,5,1,
27,5,169,77,24,24,1,5,1,
27,6,666,58,36,23,1,5,1,
27,7,379,165,14,13,1,5,1,
27,9,842,66,35,23,1,5,1,
27,11,852,234,83,31,1,5,1,
27,14,716,349,16,15,1,5,1,
27,15,825,110,18,21,1,5,1,
27,17,759,266,63,26,1,5,1,
27,18,696,339,27,8,1,5,1,
27,19,631,338,24,16,1,5,1,
27,21,521,51,220,50,1,5,1,
27,22,203,394,70,38,1,5,1,
27,23,212,398,18,28,1,5,1,
27,24,580,397,22,11,1,5,1,
27,25,765,343,25,11,1,5,1,
27,26,695,186,93,28,1,5,1,
27,27,739,134,56,24,1,5,1,
27,28,890,347,69,30,1,5,1,
28,1,891,143,38,32,1,5,1,
28,2,659,232,106,24,1,5,1,
28,4,312,335,52,36,1,5,1,
28,5,169,75,25,24,1,5,1,
28,6,670,60,34,23,1,5,1,
28,7,379,164,14,13,1,5,1,
28,9,838,69,34,22,1,5,1,
28,11,861,234,79,31,1,5,1,
28,14,716,349,16,14,1,5,1,
28,15,827,112,17,21,1,5,1,
28,17,766,266,60,26,1,5,1,
28,18,694,338,26,9,1,5,1,
28,19,634,337,22,16,1,5,1,
28,21,537,49,224,51,1,5,1,
28,22,207,396,73,39,1,5,1,
28,23,210,400,19,28,1,5,1,
28,24,584,396,20,12,1,5,1,
28,25,762,342,26,11,1,5,1,
28,26,704,186,90,28,1,5,1,
28,27,735,136,55,23,1,5,1,
28,28,899,346,61,30,1,5,1,
29,1,894,145,40,30,1,5,1,
29,2,672,232,105,24,1,5,1,
29,4,315,337,55,37,1,5,1,
29,5,169,71,25,25,1,5,1,
29,6,674,61,32,23,1,5,1,
29,7,380,163,14,13,1,5,1,
29,9,833,72,34,22,1,5,1,
29,11,872,233,69,31,1,5,1,
29,14,717,348,16,14,1,5,1,
29,15,829,113,17,21,1,5,1,
29,17,773,266,57,25,1,5,1,
29,18,691,338,26,8,1,5,1,
29,19,636,337,22,15,1,5,1,
29,21,554,47,227,51,1,5,1,
29,22,212,398,76,39,1,5,1,
29,23,208,401,19,29,1,5,1,
29,24,587,395,18,12,1,5,1,
29,25,760,342,25,11,1,5,1,
29,26,712,185,87,28,1,5,1,
29,27,731,137,55,23,1,5,1,
29,28,906,345,54,30,1,5,1,
30,1,897,146,40,30,1,5,1,
30,2,685,232,104,24,1,5,1,
30,4,317,338,60,38,1,5,1,
30,5,169,68,25,25,1,5,1,
30,6,677,63,31,23,1,5,1,
30,7,381,161,14,14,1,5,1,
30,9,828,74,35,22,1,5,1,
30,11,880,233,63,30,1,5,1,
30,14,717,347,16,14,1,5,1,
30,15,830,115,17,20,1,5,1,
30,17,778,266,55,25,1,5,1,
30,18,688,337,26,8,1,5,1,
30,19,639,336,20,16,1,5,1,
30,21,571,45,231,52,1,5,1,
30,22,217,400,79,40,1,5,1,
30,23,207,403,19,29,1,5,1,
30,24,590,394,17,12,1,5,1,
30,25,757,341,26,11,1,5,1,
30,26,720,185,83,27,1,5,1,
30,27,727,138,55,23,1,5,1,
30,28,914,344,46,29,1,5,1,
31,1,901,147,39,31,1,5,1,
31,2,697,232,104,24,1,5,1,
31,4,320,340,63,39,1,5,1,
31,5,169,64,26,27,1,5,1,
31,6,681,65,29,23,1,5,1,
31,7,381,160,15,14,1,5,1,
31,9,826,77,30,20,1,5,1,
31,11,886,233,62,30,1,5,1,
31,14,718,347,16,13,1,5,1,
31,15,831,116,17,21,1,5,1,
31,17,784,266,52,25,1,5,1,
31,18,685,337,27,8,1,5,1,
31,19,641,336,20,15,1,5,1,
31,21,589,43,233,53,1,5,1,
31,22,222,403,82,40,1,5,1,
31,23,206,404,18,30,1,5,1,
31,24,592,393,16,12,1,5,1,
31,25,755,340,26,11,1,5,1,
31,26,727,185,82,27,1,5,1,
31,27,724,139,53,23,1,5,1,
31,28,921,344,39,28,1,5,1,
32,1,906,149,38,30,1,5,1,
32,2,710,232,102,24,1,5,1,
32,4,323,342,68,40,1,5,1,
32,5,169,61,26,27,1,5,1,
32,6,684,67,28,22,1,5,1,
32,7,382,159,15,13,1,5,1,
32,9,824,79,26,20,1,5,1,
32,11,892,233,60,30,1,5,1,
32,14,718,346,16,14,1,5,1,
32,15,833,118,17,20,1,5,1,
32,17,790,266,49,25,1,5,1,
32,18,683,336,26,8,1,5,1,
32,19,643,335,19,15,1,5,1,
32,21,607,41,236,54,1,5,1,
32,22,227,405,86,40,1,5,1,
32,23,204,406,19,30,1,5,1,
32,24,595,392,15,12,1,5,1,
32,25,755,340,22,10,1,5,1,
32,26,733,185,82,27,1,5,1,
32,27,722,140,50,23,1,5,1,
32,28,927,344,33,27,1,5,1,
33,1,911,150,36,30,1,5,1,
33,2,723,232,100,24,1,5,1,
33,4,327,344,72,41,1,5,1,
33,5,172,59,26,25,1,5,1,
33,6,687,68,26,23,1,5,1,
33,7,383,157,15,14,1,5,1,
33,9,821,81,25,20,1,5,1,
33,11,898,234,58,29,1,5,1,
33,14,719,345,15,14,1,5,1,
33,15,834,120,17,19,1,5,1,
33,17,795,266,47,25,1,5,1,
33,18,681,336,24,8,1,5,1,
33,19,645,335,18,15,1,5,1,
33,21,627,39,237,55,1,5,1,
33,22,233,407,90,41,1,5,1,
33,23,203,408,19,30,1,5,1,
33,24,597,391,14,12,1,5,1,
33,25,754,339,19,10,1,5,1,
33,26,740,186,80,27,1,5,1,
33,27,718,141,50,23,1,5,1,
33,28,935,347,25,23,1,5,1,
34,1,916,151,35,30,1,5,1,
34,2,736,232,98,24,1,5,1,
34,4,330,345,78,43,1,5,1,
34,5,172,57,29,23,1,5,1,
34,6,690,70,25,23,1,5,1,
34,7,384,156,15,14,1,5,1,
34,9,818,83,25,20,1,5,1,
34,11,904,234,55,29,1,5,1,
34,14,719,344,16,14,1,5,1,
34,15,835,121,17,20,1,5,1,
34,17,800,266,45,25,1,5,1,
34,18,679,335,24,8,1,5,1,
34,19,647,334,17,15,1,5,1,
34,21,645,38,240,54,1,5,1,
34,22,239,409,94,42,1,5,1,
34,23,201,409,20,31,1,5,1,
34,24,600,390,12,12,1,5,1,
34,25,752,338,19,11,1,5,1,
34,26,748,186,78,27,1,5,1,
34,27,715,143,49,22,1,5,1,
34,28,941,351,19,14,1,5,1,
35,1,919,153,35,29,1,5,1,
35,2,748,232,97,24,1,5,1,
35,4,334,347,84,44,1,5,1,
35,5,170,55,39,23,1,5,1,
35,6,693,72,23,23,1,5,1,
35,7,385,154,16,15,1,5,1,
35,9,814,85,26,20,1,5,1,
35,11,911,234,49,29,1,5,1,
35,14,720,344,15,13,1,5,1,
35,15,836,123,17,19,1,5,1,
35,17,805,266,42,24,1,5,1,
35,18,676,335,24,7,1,5,1,
35,19,649,334,16,14,1,5,1,
35,21,664,36,242,55,1,5,1,
35,22,245,412,99,42,1,5,1,
35,23,200,411,19,32,1,5,1,
35,24,602,389,11,12,1,5,1,
35,25,751,338,18,10,1,5,1,
35,26,755,187,76,26,1,5,1,
35,27,712,144,49,21,1,5,1,
36,1,923,154,34,29,1,5,1,
36,2,760,232,95,24,1,5,1,
36,4,338,349,92,46,1,5,1,
36,5,171,53,45,23,1,5,1,
36,6,695,74,22,22,1,5,1,
36,7,385,153,17,14,1,5,1,
36,9,811,87,25,20,1,5,1,
36,11,916,235,44,28,1,5,1,
36,14,720,343,15,13,1,5,1,
36,15,837,124,17,19,1,5,1,
36,17,809,266,41,24,1,5,1,
36,18,673,334,24,8,1,5,1,
36,19,650,333,16,15,1,5,1,
36,21,683,35,244,56,1,5,1,
36,22,251,414,104,43,1,5,1,
36,23,198,413,20,32,1,5,1,
36,24,604,388,10,12,1,5,1,
36,25,749,337,19,10,1,5,1,
36,26,762,187,74,27,1,5,1,
36,27,708,145,49,21,1,5,1,
37,1,926,156,33,27,1,5,1,
37,2,772,232,93,24,1,5,1,
37,4,342,352,101,46,1,5,1,
37,5,174,50,48,24,1,5,1,
37,6,698,75,20,23,1,5,1,
37,7,386,151,18,15,1,5,1,
37,9,807,89,26,19,1,5,1,
37,11,922,235,38,28,1,5,1,
37,14,720,343,15,13,1,5,1,
37,15,838,126,17,19,1,5,1,
37,17,814,266,39,24,1,5,1,
37,18,671,334,24,7,1,5,1,
37,19,651,333,16,14,1,5,1,
37,21,703,33,247,56,1,5,1,
37,22,258,417,109,42,1,5,1,
37,23,197,414,20,33,1,5,1,
37,24,606,388,9,11,1,5,1,
37,25,748,336,18,11,1,5,1,
37,26,769,188,72,26,1,5,1,
37,27,705,146,48,21,1,5,1,
38,1,929,157,30,27,1,5,1,
38,2,783,232,92,24,1,5,1,
38,4,347,354,110,47,1,5,1,
38,5,178,48,50,23,1,5,1,
38,6,700,77,19,23,1,5,1,
38,7,387,150,19,15,1,5,1,
38,9,804,91,25,19,1,5,1,
38,11,927,235,33,27,1,5,1,
38,14,720,342,15,13,1,5,1,
38,15,838,127,17,19,1,5,1,
38,17,818,266,37,24,1,5,1,
38,18,668,333,24,8,1,5,1,
38,19,652,332,16,14,1,5,1,
38,21,722,31,237,57,1,5,1,
38,22,265,419,115,43,1,5,1,
38,23,196,416,20,34,1,5,1,
38,24,607,387,9,11,1,5,1,
38,25,746,336,18,10,1,5,1,
38,26,776,188,69,26,1,5,1,
38,27,701,147,49,21,1,5,1,
39,1,932,158,28,27,1,5,1,
39,2,795,232,90,24,1,5,1,
39,4,351,357,124,48,1,5,1,
39,5,183,46,52,23,1,5,1,
39,6,703,79,17,23,1,5,1,
39,7,388,148,20,15,1,5,1,
39,9,800,93,26,19,1,5,1,
39,11,933,237,27,25,1,5,1,
39,14,720,341,15,13,1,5,1,
39,15,838,128,17,19,1,5,1,
39,17,822,266,35,24,1,5,1,
39,18,666,333,24,7,1,5,1,
39,19,654,332,15,14,1,5,1,
39,21,742,29,218,57,1,5,1,
39,22,272,422,123,41,1,5,1,
39,23,194,418,21,34,1,5,1,
39,24,607,386,10,11,1,5,1,
39,25,744,335,19,10,1,5,1,
39,26,782,189,68,26,1,5,1,
39,27,698,148,48,21,1,5,1,
40,1,935,159,25,27,1,5,1,
40,2,807,232,88,24,1,5,1,
40,4,356,360,140,47,1,5,1,
40,5,187,43,54,24,1,5,1,
40,6,705,80,16,23,1,5,1,
40,7,390,147,20,15,1,5,1,
40,9,799,95,22,18,1,5,1,
40,11,938,239,22,23,1,5,1,
40,14,721,341,14,12,1,5,1,
40,15,839,130,16,19,1,5,1,
40,17,826,266,33,24,1,5,1,
40,19,654,331,16,14,1,5,1,
40,21,763,27,197,58,1,5,1,
40,22,281,423,130,41,1,5,1,
40,23,193,420,22,35,1,5,1,
40,24,607,385,10,11,1,5,1,
40,25,742,335,19,10,1,5,1,
40,26,789,189,65,26,1,5,1,
40,27,696,149,46,20,1,5,1,
41,1,937,161,23,26,1,5,1,
41,2,818,233,86,23,1,5,1,
41,4,362,363,156,47,1,5,1,
41,5,192,41,57,24,1,5,1,
41,6,706,82,15,23,1,5,1,
41,7,391,145,22,16,1,5,1,
41,9,798,97,19,18,1,5,1,
41,11,943,240,17,22,1,5,1,
41,14,721,340,14,13,1,5,1,
41,15,839,131,16,19,1,5,1,
41,17,830,266,31,24,1,5,1,
41,19,655,331,16,14,1,5,1,
41,21,783,26,177,59,1,5,1,
41,22,291,425,135,40,1,5,1,
41,23,192,422,22,35,1,5,1,
41,24,607,384,10,11,1,5,1,
41,25,742,334,16,10,1,5,1,
41,26,795,190,63,25,1,5,1,
41,27,693,150,45,20,1,5,1,
42,1,939,162,21,26,1,5,1,
42,2,828,233,86,23,1,5,1,
42,4,370,364,170,46,1,5,1,
42,5,197,38,59,25,1,5,1,
42,6,708,84,13,23,1,5,1,
42,7,393,143,23,16,1,5,1,
42,9,795,99,19,17,1,5,1,
42,14,721,339,14,13,1,5,1,
42,15,838,133,16,18,1,5,1,
42,17,834,266,29,23,1,5,1,
42,19,656,330,16,14,1,5,1,
42,21,803,25,157,59,1,5,1,
42,22,302,426,139,41,1,5,1,
42,23,191,424,22,36,1,5,1,
42,24,606,383,11,11,1,5,1,
42,25,742,334,12,9,1,5,1,
42,26,802,190,59,26,1,5,1,
42,27,690,151,44,20,1,5,1,
43,1,941,163,19,26,1,5,1,
43,2,839,233,83,23,1,5,1,
43,4,381,364,181,46,1,5,1,
43,5,200,37,67,24,1,5,1,
43,6,708,86,13,23,1,5,1,
43,7,393,142,29,16,1,5,1,
43,9,792,101,20,17,1,5,1,
43,14,721,339,14,12,1,5,1,
43,15,838,134,16,18,1,5,1,
43,17,836,266,29,23,1,5,1,
43,19,657,330,16,13,1,5,1,
43,21,823,24,137,53,1,5,1,
43,22,312,428,144,40,1,5,1,
43,23,190,426,23,37,1,5,1,
43,24,606,382,12,11,1,5,1,
43,25,742,333,11,10,1,5,1,
43,26,807,191,58,25,1,5,1,
43,27,687,152,43,20,1,5,1,
44,1,943,164,17,25,1,5,1,
44,2,849,233,82,23,1,5,1,
44,4,394,363,188,46,1,5,1,
44,5,202,35,77,25,1,5,1,
44,6,708,87,13,23,1,5,1,
44,7,393,141,36,16,1,5,1,
44,9,790,103,19,16,1,5,1,
44,14,722,338,14,13,1,5,1,
44,15,839,136,15,17,1,5,1,
44,17,838,266,29,23,1,5,1,
44,19,658,329,15,14,1,5,1,
44,21,843,22,117,37,1,5,1,
44,22,323,429,149,41,1,5,1,
44,23,189,428,23,37,1,5,1,
44,24,605,381,12,11,1,5,1,
44,25,743,333,11,9,1,5,1,
44,26,813,191,55,25,1,5,1,
44,27,684,153,42,20,1,5,1,
45,2,860,233,80,23,1,5,1,
45,4,409,361,192,46,1,5,1,
45,5,208,34,80,24,1,5,1,
45,6,709,90,13,22,1,5,1,
45,7,393,140,43,16,1,5,1,
45,9,788,104,19,17,1,5,1,
45,14,722,338,14,12,1,5,1,
45,15,839,137,15,18,1,5,1,
45,17,840,267,29,22,1,5,1,
45,19,659,329,15,13,1,5,1,
45,21,865,24,95,29,1,5,1,
45,22,335,430,152,40,1,5,1,
45,23,188,430,24,38,1,5,1,
45,24,605,380,11,11,1,5,1,
45,25,744,333,11,9,1,5,1,
45,26,818,192,54,25,1,5,1,
45,27,681,154,42,20,1,5,1,
46,2,870,233,78,23,1,5,1,
46,4,426,360,192,45,1,5,1,
46,5,215,32,83,25,1,5,1,
46,6,709,92,13,21,1,5,1,
46,7,395,139,48,16,1,5,1,
46,9,785,106,19,16,1,5,1,
46,14,723,337,13,12,1,5,1,
46,15,839,139,15,17,1,5,1,
46,17,842,267,29,22,1,5,1,
46,19,660,328,15,14,1,5,1,
46,22,348,430,155,41,1,5,1,
46,23,187,432,24,39,1,5,1,
46,24,604,379,12,11,1,5,1,
46,25,745,332,12,9,1,5,1,
46,26,824,193,51,24,1,5,1,
46,27,678,155,41,19,1,5,1,
47,2,879,234,77,22,1,5,1,
47,4,444,358,189,44,1,5,1,
47,5,222,31,86,25,1,5,1,
47,6,709,93,13,22,1,5,1,
47,7,398,137,51,17,1,5,1,
47,9,783,108,19,16,1,5,1,
47,14,723,337,14,12,1,5,1,
47,15,839,140,15,17,1,5,1,
47,17,844,267,28,21,1,5,1,
47,19,661,328,15,13,1,5,1,
47,22,360,431,158,41,1,5,1,
47,23,187,434,24,40,1,5,1,
47,24,604,378,11,11,1,5,1,
47,25,745,332,13,9,1,5,1,
47,26,828,193,50,25,1,5,1,
47,27,675,156,42,19,1,5,1,
48,2,890,234,70,22,1,5,1,
48,4,467,356,178,44,1,5,1,
48,5,232,30,86,25,1,5,1,
48,6,710,95,12,21,1,5,1,
48,7,403,136,52,17,1,5,1,
48,9,780,110,19,15,1,5,1,
48,14,724,336,13,12,1,5,1,
48,15,839,141,15,17,1,5,1,
48,17,845,267,29,21,1,5,1,
48,19,662,327,15,14,1,5,1,
48,22,375,431,158,41,1,5,1,
48,23,186,436,25,41,1,5,1,
48,24,603,378,12,10,1,5,1,
48,25,747,332,13,8,1,5,1,
48,26,834,194,47,24,1,5,1,
49,2,902,234,58,23,1,5,1,
49,4,493,354,162,44,1,5,1,
49,5,242,29,87,25,1,5,1,
49,6,710,97,12,21,1,5,1,
49,7,409,135,53,17,1,5,1,
49,9,778,111,18,15,1,5,1,
49,14,724,336,14,11,1,5,1,
49,15,839,143,15,16,1,5,1,
49,17,847,267,28,21,1,5,1,
49,19,663,327,14,13,1,5,1,
49,22,392,431,157,41,1,5,1,
49,23,186,439,25,41,1,5,1,
49,24,602,377,13,10,1,5,1,
49,25,749,331,12,9,1,5,1,
49,26,841,194,43,25,1,5,1,
50,2,910,234,50,22,1,5,1,
50,4,512,353,154,44,1,5,1,
50,5,250,27,89,26,1,5,1,
50,6,709,99,12,20,1,5,1,
50,7,414,134,54,17,1,5,1,
50,9,776,113,17,15,1,5,1,
50,14,725,335,13,12,1,5,1,
50,15,839,144,15,16,1,5,1,
50,17,848,267,28,21,1,5,1,
50,19,664,327,14,13,1,5,1,
50,22,406,431,158,40,1,5,1,
50,23,185,441,26,42,1,5,1,
50,24,601,376,13,10,1,5,1,
50,25,751,331,10,9,1,5,1,
50,26,845,195,42,24,1,5,1,
51,2,921,235,39,21,1,5,1,
51,4,531,351,149,44,1,5,1,
51,5,260,26,90,25,1,5,1,
51,6,709,100,12,21,1,5,1,
51,7,420,133,55,17,1,5,1,
51,9,774,114,17,15,1,5,1,
51,14,725,335,13,11,1,5,1,
51,15,839,145,15,16,1,5,1,
51,17,850,267,28,21,1,5,1,
51,19,664,326,15,13,1,5,1,
51,22,422,431,157,40,1,5,1,
51,23,185,444,26,42,1,5,1,
51,24,600,375,14,10,1,5,1,
51,25,751,330,10,9,1,5,1,
51,26,850,196,39,23,1,5,1,
52,2,927,236,33,21,1,5,1,
52,4,543,351,150,43,1,5,1,
52,5,267,25,94,26,1,5,1,
52,6,709,102,12,20,1,5,1,
52,7,423,132,59,17,1,5,1,
52,9,772,115,17,15,1,5,1,
52,14,725,334,13,12,1,5,1,
52,15,839,146,14,16,1,5,1,
52,17,851,267,27,21,1,5,1,
52,19,665,326,14,13,1,5,1,
52,22,433,431,160,40,1,5,1,
52,23,185,445,26,44,1,5,1,
52,25,750,330,11,9,1,5,1,
52,26,853,196,39,24,1,5,1,
53,2,933,238,27,15,1,5,1,
53,4,555,350,150,42,1,5,1,
53,5,274,24,97,26,1,5,1,
53,6,709,103,11,21,1,5,1,
53,7,428,130,61,18,1,5,1,
53,9,770,117,17,14,1,5,1,
53,14,724,334,14,11,1,5,1,
53,15,839,147,14,16,1,5,1,
53,17,851,267,28,20,1,5,1,
53,19,665,325,14,13,1,5,1,
53,22,445,430,163,40,1,5,1,
53,23,185,447,27,46,1,5,1,
53,25,749,329,11,9,1,5,1,
53,26,856,197,38,23,1,5,1,
54,4,571,349,147,42,1,5,1,
54,5,283,23,99,26,1,5,1,
54,6,708,105,11,20,1,5,1,
54,7,433,129,63,18,1,5,1,
54,9,768,118,17,15,1,5,1,
54,14,724,333,13,12,1,5,1,
54,15,838,149,15,15,1,5,1,
54,17,853,267,27,20,1,5,1,
54,19,665,325,14,13,1,5,1,
54,22,460,430,163,40,1,5,1,
54,23,185,450,27,46,1,5,1,
54,25,748,329,13,9,1,5,1,
54,26,859,197,38,24,1,5,1,
55,4,585,348,145,41,1,5,1,
55,5,292,22,102,26,1,5,1,
55,6,706,106,13,21,1,5,1,
55,7,438,128,65,18,1,5,1,
55,9,764,119,20,15,1,5,1,
55,14,724,333,13,11,1,5,1,
55,15,838,150,14,15,1,5,1,
55,17,855,267,26,20,1,5,1,
55,19,665,325,15,12,1,5,1,
55,22,473,430,164,39,1,5,1,
55,23,185,452,28,48,1,5,1,
55,25,747,329,13,8,1,5,1,
55,26,862,198,37,23,1,5,1,
56,4,600,347,141,41,1,5,1,
56,5,302,22,103,25,1,5,1,
56,6,704,108,15,20,1,5,1,
56,7,445,127,66,18,1,5,1,
56,9,761,121,21,14,1,5,1,
56,14,723,332,13,11,1,5,1,
56,15,838,151,14,15,1,5,1,
56,17,856,267,27,20,1,5,1,
56,19,665,324,15,13,1,5,1,
56,22,489,429,162,40,1,5,1,
56,23,186,455,28,48,1,5,1,
56,25,747,328,12,9,1,5,1,
56,26,866,199,36,23,1,5,1,
57,4,614,346,139,40,1,5,1,
57,5,312,21,104,25,1,5,1,
57,6,701,109,19,21,1,5,1,
57,7,450,126,69,18,1,5,1,
57,9,758,122,22,14,1,5,1,
57,14,723,332,13,11,1,5,1,
57,15,837,152,14,15,1,5,1,
57,17,857,267,27,20,1,5,1,
57,19,666,324,14,12,1,5,1,
57,22,504,429,161,39,1,5,1,
57,23,186,457,28,50,1,5,1,
57,25,747,328,10,8,1,5,1,
57,26,870,199,33,23,1,5,1,
58,4,629,345,135,40,1,5,1,
58,5,322,20,106,26,1,5,1,
58,6,699,111,20,20,1,5,1,
58,7,457,125,70,18,1,5,1,
58,9,755,124,22,14,1,5,1,
58,14,723,331,12,11,1,5,1,
58,15,836,153,14,15,1,5,1,
58,17,858,267,27,20,1,5,1,
58,19,666,323,14,13,1,5,1,
58,22,519,428,160,39,1,5,1,
58,23,187,460,28,51,1,5,1,
58,25,746,327,11,9,1,5,1,
58,26,874,200,31,22,1,5,1,
59,4,643,344,132,40,1,5,1,
59,5,332,19,107,26,1,5,1,
59,6,696,112,22,20,1,5,1,
59,7,463,124,72,18,1,5,1,
59,9,752,125,22,14,1,5,1,
59,14,722,331,13,11,1,5,1,
59,15,835,154,14,15,1,5,1,
59,17,859,267,27,19,1,5,1,
59,19,666,323,14,12,1,5,1,
59,22,533,428,160,38,1,5,1,
59,23,187,463,30,52,1,5,1,
59,25,746,327,10,8,1,5,1,
59,26,878,200,29,23,1,5,1,
60,4,657,343,129,39,1,5,1,
60,5,343,18,108,26,1,5,1,
60,6,694,114,22,20,1,5,1,
60,7,470,122,73,19,1,5,1,
60,9,750,126,21,14,1,5,1,
60,14,722,330,12,11,1,5,1,
60,15,834,156,14,14,1,5,1,
60,17,860,267,27,19,1,5,1,
60,19,666,323,14,12,1,5,1,
60,22,549,427,157,39,1,5,1,
60,23,188,466,30,52,1,5,1,
60,26,881,201,28,22,1,5,1,
61,4,669,343,127,38,1,5,1,
61,5,353,18,109,26,1,5,1,
61,6,692,116,22,19,1,5,1,
61,7,477,121,74,18,1,5,1,
61,9,747,128,22,13,1,5,1,
61,14,721,330,13,11,1,5,1,
61,15,834,157,13,14,1,5,1,
61,17,861,267,27,19,1,5,1,
61,19,666,322,13,12,1,5,1,
61,22,563,426,156,39,1,5,1,
61,23,188,469,31,53,1,5,1,
61,26,883,202,27,22,1,5,1,
62,4,683,342,123,38,1,5,1,
62,5,365,17,109,26,1,5,1,
62,6,689,117,23,19,1,5,1,
62,7,484,120,75,18,1,5,1,
62,9,744,129,22,13,1,5,1,
62,14,721,329,13,11,1,5,1,
62,15,833,158,13,14,1,5,1,
62,17,862,267,26,19,1,5,1,
62,19,665,322,15,12,1,5,1,
62,22,578,426,154,38,1,5,1,
62,23,188,472,33,55,1,5,1,
62,26,885,202,27,22,1,5,1,
63,4,695,341,121,37,1,5,1,
63,5,375,16,111,26,1,5,1,
63,6,687,119,23,19,1,5,1,
63,7,491,118,76,19,1,5,1,
63,9,741,130,22,13,1,5,1,
63,14,720,329,14,11,1,5,1,
63,15,831,159,15,14,1,5,1,
63,17,862,267,26,19,1,5,1,
63,19,663,322,19,11,1,5,1,
63,22,592,425,153,38,1,5,1,
63,23,188,474,35,57,1,5,1,
63,26,886,203,28,21,1,5,1,
64,4,708,340,118,37,1,5,1,
64,5,386,15,111,26,1,5,1,
64,6,683,120,25,19,1,5,1,
64,7,498,117,78,19,1,5,1,
64,9,739,131,22,13,1,5,1,
64,14,719,329,15,10,1,5,1,
64,15,828,160,18,14,1,5,1,
64,17,863,267,26,18,1,5,1,
64,19,660,322,23,11,1,5,1,
64,22,606,424,152,38,1,5,1,
64,23,189,478,36,57,1,5,1,
64,26,886,203,28,21,1,5,1,
65,4,719,339,116,37,1,5,1,
65,5,396,14,113,27,1,5,1,
65,6,678,122,29,18,1,5,1,
65,7,505,116,80,19,1,5,1,
65,9,736,133,22,12,1,5,1,
65,14,718,328,16,11,1,5,1,
65,15,825,161,21,14,1,5,1,
65,17,864,267,26,18,1,5,1,
65,19,657,321,27,12,1,5,1,
65,22,620,424,151,37,1,5,1,
65,23,190,481,37,58,1,5,1,
65,26,885,203,29,21,1,5,1,
66,4,732,339,113,36,1,5,1,
66,5,408,13,113,27,1,5,1,
66,6,674,123,32,18,1,5,1,
66,7,512,115,82,19,1,5,1,
66,9,733,134,22,12,1,5,1,
66,14,717,328,17,10,1,5,1,
66,15,822,162,22,15,1,5,1,
66,17,864,267,26,18,1,5,1,
66,19,656,321,28,11,1,5,1,
66,22,635,423,148,37,1,5,1,
66,23,190,484,40,59,1,5,1,
66,26,885,204,29,21,1,5,1,
67,4,743,338,111,36,1,5,1,
67,5,419,13,114,27,1,5,1,
67,6,670,125,34,17,1,5,1,
67,7,520,114,83,19,1,5,1,
67,9,730,135,23,12,1,5,1,
67,14,715,327,18,10,1,5,1,
67,15,819,163,23,15,1,5,1,
67,17,865,267,26,18,1,5,1,
67,22,649,422,147,37,1,5,1,
67,23,191,487,41,56,1,5,1,
67,26,885,204,29,22,1,5,1,
68,4,754,337,108,36,1,5,1,
68,5,429,12,116,27,1,5,1,
68,6,667,126,34,17,1,5,1,
68,7,527,113,85,19,1,5,1,
68,9,727,136,23,12,1,5,1,
68,14,714,327,18,10,1,5,1,
68,15,817,164,22,15,1,5,1,
68,17,866,267,25,18,1,5,1,
68,22,662,422,146,36,1,5,1,
68,23,192,491,43,52,1,5,1,
68,26,886,205,29,22,1,5,1,
69,4,764,336,107,35,1,5,1,
69,5,440,12,117,27,1,5,1,
69,6,664,127,34,17,1,5,1,
69,7,534,111,87,20,1,5,1,
69,9,724,137,23,12,1,5,1,
69,14,712,326,19,10,1,5,1,
69,15,812,166,25,14,1,5,1,
69,17,866,267,26,18,1,5,1,
69,22,675,421,145,36,1,5,1,
69,23,193,494,45,50,1,5,1,
69,26,887,205,29,22,1,5,1,
70,4,776,336,103,34,1,5,1,
70,5,452,11,118,27,1,5,1,
70,6,659,129,36,16,1,5,1,
70,7,543,110,88,20,1,5,1,
70,9,721,138,23,12,1,5,1,
70,14,711,326,19,10,1,5,1,
70,15,807,167,29,13,1,5,1,
70,17,867,267,25,18,1,5,1,
70,22,689,420,143,36,1,5,1,
70,23,195,498,46,46,1,5,1,
70,26,889,206,28,21,1,5,1,
71,4,785,335,102,34,1,5,1,
71,5,463,10,119,28,1,5,1,
71,6,655,130,37,16,1,5,1,
71,7,550,109,90,20,1,5,1,
71,9,718,139,24,12,1,5,1,
71,15,802,168,32,13,1,5,1,
71,17,868,267,25,18,1,5,1,
71,22,701,420,143,36,1,5,1,
71,23,196,501,48,43,1,5,1,
71,26,890,207,28,21,1,5,1,
72,4,795,334,100,34,1,5,1,
72,5,474,10,121,27,1,5,1,
72,6,651,131,39,16,1,5,1,
72,7,558,108,92,20,1,5,1,
72,9,714,140,26,11,1,5,1,
72,15,797,169,35,13,1,5,1,
72,17,868,267,25,17,1,5,1,
72,22,714,419,142,36,1,5,1,
72,23,197,505,51,39,1,5,1,
72,26,891,207,28,21,1,5,1,
73,4,804,334,99,33,1,5,1,
73,5,486,9,121,27,1,5,1,
73,6,647,133,40,15,1,5,1,
73,7,566,107,94,20,1,5,1,
73,15,792,170,38,13,1,5,1,
73,17,869,267,24,17,1,5,1,
73,22,726,419,139,36,1,5,1,
73,23,199,508,53,36,1,5,1,
73,26,892,208,28,20,1,5,1,
74,4,813,333,97,33,1,5,1,
74,5,496,8,124,27,1,5,1,
74,6,643,134,41,15,1,5,1,
74,7,574,106,96,20,1,5,1,
74,15,786,171,42,12,1,5,1,
74,17,869,267,25,17,1,5,1,
74,22,739,419,135,36,1,5,1,
74,23,201,512,55,32,1,5,1,
74,26,893,208,28,21,1,5,1,
75,4,824,333,92,32,1,5,1,
75,5,509,7,124,28,1,5,1,
75,6,639,136,41,14,1,5,1,
75,7,583,105,97,20,1,5,1,
75,15,782,172,42,12,1,5,1,
75,17,869,267,25,17,1,5,1,
75,22,755,419,126,35,1,5,1,
75,23,203,516,52,28,1,5,1,
75,26,894,209,27,20,1,5,1,
76,4,834,332,87,32,1,5,1,
76,5,520,7,125,27,1,5,1,
76,6,635,137,42,14,1,5,1,
76,7,592,104,98,21,1,5,1,
76,15,777,173,43,12,1,5,1,
76,17,869,267,24,17,1,5,1,
76,22,770,418,119,35,1,5,1,
76,23,206,520,55,24,1,5,1,
76,26,894,210,28,19,1,5,1,
77,4,844,331,82,32,1,5,1,
77,5,531,6,127,28,1,5,1,
77,6,630,138,43,14,1,5,1,
77,7,600,103,101,21,1,5,1,
77,15,773,174,43,12,1,5,1,
77,17,868,267,24,17,1,5,1,
77,22,784,416,112,35,1,5,1,
77,26,895,210,27,20,1,5,1,
78,4,853,331,78,31,1,5,1,
78,5,542,6,128,27,1,5,1,
78,6,626,139,44,13,1,5,1,
78,7,608,102,103,21,1,5,1,
78,15,768,175,44,11,1,5,1,
78,17,868,267,24,17,1,5,1,
78,22,798,415,105,34,1,5,1,
78,26,895,211,27,19,1,5,1,
79,4,862,330,74,31,1,5,1,
79,5,553,5,130,28,1,5,1,
79,6,622,140,44,13,1,5,1,
79,7,617,101,105,21,1,5,1,
79,15,763,175,44,12,1,5,1,
79,17,867,267,24,17,1,5,1,
79,22,809,413,101,34,1,5,1,
79,26,896,211,27,19,1,5,1,
80,4,872,329,69,31,1,5,1,
80,5,567,5,129,27,1,5,1,
80,6,618,142,44,12,1,5,1,
80,7,628,100,105,21,1,5,1,
80,15,759,176,43,12,1,5,1,
80,17,867,267,24,17,1,5,1,
80,22,823,411,93,34,1,5,1,
80,26,896,212,27,19,1,5,1,
81,4,879,329,66,30,1,5,1,
81,5,578,4,127,29,1,5,1,
81,6,614,142,45,12,1,5,1,
81,7,637,99,107,21,1,5,1,
81,15,754,177,43,11,1,5,1,
81,17,866,268,24,16,1,5,1,
81,22,832,410,90,33,1,5,1,
81,26,896,212,27,19,1,5,1,
82,4,886,328,63,30,1,5,1,
82,5,590,4,126,30,1,5,1,
82,6,610,143,45,11,1,5,1,
82,7,646,98,109,21,1,5,1,
82,15,750,178,43,11,1,5,1,
82,17,866,268,23,15,1,5,1,
82,22,842,408,86,33,1,5,1,
82,26,897,213,26,18,1,5,1,
83,4,893,327,60,30,1,5,1,
83,5,601,5,126,29,1,5,1,
83,6,607,144,45,10,1,5,1,
83,7,655,97,111,21,1,5,1,
83,15,746,179,42,11,1,5,1,
83,17,865,268,23,15,1,5,1,
83,22,850,406,84,33,1,5,1,
83,26,897,213,26,19,1,5,1,
84,4,899,327,59,29,1,5,1,
84,5,614,5,124,30,1,5,1,
84,6,604,145,44,10,1,5,1,
84,7,665,95,113,22,1,5,1,
84,15,741,179,43,11,1,5,1,
84,17,865,268,22,15,1,5,1,
84,22,860,405,79,32,1,5,1,
84,26,897,214,26,18,1,5,1,
85,4,905,326,54,29,1,5,1,
85,5,625,6,125,29,1,5,1,
85,6,601,145,44,9,1,5,1,
85,7,674,94,115,22,1,5,1,
85,15,737,180,42,11,1,5,1,
85,17,864,268,22,15,1,5,1,
85,22,867,403,77,33,1,5,1,
85,26,897,214,26,18,1,5,1,
86,1,949,208,10,11,1,5,1,
86,4,911,325,49,29,1,5,1,
86,5,638,6,123,30,1,5,1,
86,6,598,145,42,9,1,5,1,
86,7,685,93,116,22,1,5,1,
86,15,733,181,41,10,1,5,1,
86,17,863,268,22,15,1,5,1,
86,22,876,402,73,32,1,5,1,
86,26,897,215,25,17,1,5,1,
87,1,948,207,11,12,1,5,1,
87,4,917,324,43,29,1,5,1,
87,5,650,7,122,29,1,5,1,
87,6,595,145,42,9,1,5,1,
87,7,696,92,116,22,1,5,1,
87,15,728,182,42,10,1,5,1,
87,17,862,268,22,15,1,5,1,
87,22,884,400,70,32,1,5,1,
87,26,897,215,25,18,1,5,1,
88,1,947,207,12,13,1,5,1,
88,4,922,324,38,28,1,5,1,
88,5,663,7,120,30,1,5,1,
88,6,594,144,38,9,1,5,1,
88,7,707,91,117,22,1,5,1,
88,15,724,182,41,11,1,5,1,
88,17,861,268,23,15,1,5,1,
88,22,892,399,67,31,1,5,1,
88,26,897,216,25,17,1,5,1,
89,1,946,207,14,13,1,5,1,
89,4,924,326,36,25,1,5,1,
89,5,675,8,119,29,1,5,1,
89,6,592,144,36,9,1,5,1,
89,7,718,91,117,23,1,5,1,
89,15,720,183,40,10,1,5,1,
89,17,860,268,23,15,1,5,1,
89,22,897,399,63,29,1,5,1,
89,26,897,216,24,17,1,5,1,
90,1,945,207,14,14,1,5,1,
90,4,927,330,33,20,1,5,1,
90,5,687,9,118,29,1,5,1,
90,6,591,143,33,9,1,5,1,
90,7,729,92,117,22,1,5,1,
90,15,716,184,40,10,1,5,1,
90,17,859,268,23,15,1,5,1,
90,22,904,398,56,28,1,5,1,
90,26,896,216,25,18,1,5,1,
91,1,944,207,15,14,1,5,1,
91,4,930,333,30,15,1,5,1,
91,5,698,10,117,29,1,5,1,
91,6,590,142,31,10,1,5,1,
91,7,740,93,116,22,1,5,1,
91,15,712,184,39,10,1,5,1,
91,17,858,268,24,15,1,5,1,
91,22,909,401,51,24,1,5,1,
91,26,896,217,24,17,1,5,1,
92,1,943,208,16,14,1,5,1,
92,5,711,11,114,29,1,5,1,
92,6,590,142,27,9,1,5,1,
92,7,751,93,117,21,1,5,1,
92,15,707,185,40,10,1,5,1,
92,17,858,268,23,14,1,5,1,
92,22,916,399,44,25,1,5,1,
92,26,896,217,24,17,1,5,1,
93,1,942,208,17,14,1,5,1,
93,5,721,12,115,29,1,5,1,
93,6,590,141,24,9,1,5,1,
93,7,761,92,119,21,1,5,1,
93,15,703,186,40,9,1,5,1,
93,17,856,268,24,14,1,5,1,
93,22,923,398,37,25,1,5,1,
93,26,896,218,24,16,1,5,1,
94,1,941,209,19,13,1,5,1,
94,5,733,13,113,29,1,5,1,
94,6,591,140,19,10,1,5,1,
94,7,772,91,120,21,1,5,1,
94,15,699,186,39,10,1,5,1,
94,17,855,268,24,14,1,5,1,
94,22,931,403,29,19,1,5,1,
94,26,895,218,24,17,1,5,1,
95,1,940,209,19,14,1,5,1,
95,5,743,14,114,29,1,5,1,
95,6,592,139,15,10,1,5,1,
95,7,781,91,124,21,1,5,1,
95,15,695,187,39,9,1,5,1,
95,17,854,268,24,14,1,5,1,
95,26,895,219,23,16,1,5,1,
96,1,939,210,20,13,1,5,1,
96,5,754,15,113,28,1,5,1,
96,6,592,138,12,10,1,5,1,
96,7,793,90,124,21,1,5,1,
96,15,691,188,39,9,1,5,1,
96,17,853,268,24,14,1,5,1,
96,26,894,219,24,16,1,5,1,
97,1,937,210,22,14,1,5,1,
97,5,763,15,115,29,1,5,1,
97,6,592,137,11,10,1,5,1,
97,7,802,89,127,21,1,5,1,
97,15,687,188,39,9,1,5,1,
97,17,852,268,25,14,1,5,1,
97,26,894,220,23,16,1,5,1,
98,1,936,211,23,13,1,5,1,
98,5,772,16,116,29,1,5,1,
98,6,592,136,12,11,1,5,1,
98,7,812,88,130,22,1,5,1,
98,15,683,189,40,9,1,5,1,
98,17,851,268,24,14,1,5,1,
98,26,893,220,23,16,1,5,1,
99,1,935,211,23,14,1,5,1,
99,5,782,17,117,28,1,5,1,
99,6,593,135,13,11,1,5,1,
99,7,822,87,132,22,1,5,1,
99,15,680,189,39,9,1,5,1,
99,17,849,268,26,14,1,5,1,
99,26,893,220,22,16,1,5,1,
100,1,934,212,22,13,1,5,1,
100,5,791,18,118,28,1,5,1,
100,6,593,134,16,12,1,5,1,
100,7,831,87,128,21,1,5,1,
100,15,676,190,39,9,1,5,1,
100,17,848,268,26,14,1,5,1,
100,24,490,374,11,11,1,5,1,
100,26,892,221,23,15,1,5,1,
101,1,933,212,22,13,1,5,1,
101,5,800,19,120,28,1,5,1,
101,6,593,134,20,11,1,5,1,
101,7,842,86,118,21,1,5,1,
101,15,672,190,40,9,1,5,1,
101,17,847,268,26,14,1,5,1,
101,24,490,375,13,11,1,5,1,
101,26,891,221,23,16,1,5,1,
102,1,932,213,22,13,1,5,1,
102,5,811,19,119,28,1,5,1,
102,6,592,133,25,11,1,5,1,
102,7,853,85,107,22,1,5,1,
102,15,668,191,39,9,1,5,1,
102,17,845,268,26,14,1,5,1,
102,24,490,375,15,12,1,5,1,
102,26,891,222,22,15,1,5,1,
103,1,930,213,23,13,1,5,1,
103,5,822,20,118,28,1,5,1,
103,6,592,132,30,11,1,5,1,
103,7,866,84,94,22,1,5,1,
103,15,664,191,39,9,1,5,1,
103,17,844,268,26,14,1,5,1,
103,24,490,376,17,12,1,5,1,
103,26,890,222,22,16,1,5,1,
104,1,929,214,23,13,1,5,1,
104,5,832,21,119,27,1,5,1,
104,6,592,131,34,11,1,5,1,
104,7,876,84,84,16,1,5,1,
104,15,660,192,39,8,1,5,1,
104,17,843,268,26,13,1,5,1,
104,24,490,377,19,12,1,5,1,
104,26,890,222,21,16,1,5,1,
105,1,928,214,22,13,1,5,1,
105,5,843,22,116,27,1,5,1,
105,6,593,130,38,11,1,5,1,
105,7,889,84,71,15,1,5,1,
105,15,657,192,38,9,1,5,1,
105,17,841,268,26,13,1,5,1,
105,24,491,378,20,11,1,5,1,
105,26,890,223,21,15,1,5,1,
106,1,927,215,22,12,1,5,1,
106,5,852,22,108,28,1,5,1,
106,6,594,129,42,11,1,5,1,
106,7,900,84,60,13,1,5,1,
106,17,840,268,26,13,1,5,1,
106,24,492,379,22,11,1,5,1,
106,26,889,223,22,16,1,5,1,
107,1,926,215,22,13,1,5,1,
107,5,861,23,99,27,1,5,1,
107,6,595,128,46,11,1,5,1,
107,7,910,85,50,11,1,5,1,
107,17,838,268,27,13,1,5,1,
107,24,492,379,25,12,1,5,1,
107,26,889,224,22,15,1,5,1,
108,1,924,216,22,12,1,5,1,
108,5,871,24,89,27,1,5,1,
108,6,597,127,49,12,1,5,1,
108,17,834,269,30,12,1,5,1,
108,24,493,380,26,12,1,5,1,
108,26,889,224,21,15,1,5,1,
109,1,923,216,22,12,1,5,1,
109,5,879,24,81,27,1,5,1,
109,6,599,127,52,11,1,5,1,
109,17,830,269,33,12,1,5,1,
109,24,494,381,28,12,1,5,1,
109,26,889,224,21,15,1,5,1,
110,1,922,217,22,12,1,5,1,
110,5,888,25,72,17,1,5,1,
110,6,601,126,55,11,1,5,1,
110,17,826,269,37,13,1,5,1,
110,24,495,381,30,13,1,5,1,
110,26,889,225,21,14,1,5,1,
111,1,921,217,22,12,1,5,1,
111,5,897,26,63,15,1,5,1,
111,6,604,125,57,11,1,5,1,
111,17,823,269,40,13,1,5,1,
111,24,497,382,32,13,1,5,1,
111,26,888,225,21,15,1,5,1,
112,1,920,218,22,11,1,5,1,
112,5,906,26,54,14,1,5,1,
112,6,608,125,58,10,1,5,1,
112,17,819,270,44,12,1,5,1,
112,24,498,383,34,12,1,5,1,
112,26,888,225,20,15,1,5,1,
113,1,918,218,23,12,1,5,1,
113,5,916,28,44,10,1,5,1,
113,6,611,124,60,10,1,5,1,
113,17,817,270,46,12,1,5,1,
113,24,500,384,35,12,1,5,1,
113,26,887,226,21,14,1,5,1,
114,1,917,218,22,12,1,5,1,
114,6,616,124,60,10,1,5,1,
114,17,813,270,49,12,1,5,1,
114,24,502,385,37,12,1,5,1,
114,26,887,226,20,14,1,5,1,
115,1,916,219,22,11,1,5,1,
115,6,620,123,61,10,1,5,1,
115,11,953,255,6,11,1,5,1,
115,17,810,270,51,12,1,5,1,
115,24,504,385,38,13,1,5,1,
115,26,886,226,20,14,1,5,1,
116,1,914,219,23,12,1,5,1,
116,6,625,123,62,10,1,5,1,
116,17,807,270,52,12,1,5,1,
116,24,506,386,40,13,1,5,1,
116,26,886,227,19,14,1,5,1,
116,28,952,302,7,9,1,5,1,
117,1,912,220,24,11,1,5,1,
117,6,629,122,63,10,1,5,1,
117,17,804,270,53,12,1,5,1,
117,24,509,387,41,12,1,5,1,
117,26,885,227,20,14,1,5,1,
117,28,950,301,9,10,1,5,1,
118,1,910,220,25,11,1,5,1,
118,6,634,122,63,10,1,5,1,
118,17,801,270,53,12,1,5,1,
118,24,511,388,43,12,1,5,1,
118,26,884,227,20,14,1,5,1,
118,28,948,301,11,10,1,5,1,
119,1,909,221,25,11,1,5,1,
119,6,638,121,64,10,1,5,1,
119,11,952,257,7,9,1,5,1,
119,17,799,270,52,12,1,5,1,
119,24,514,389,44,12,1,5,1,
119,26,884,228,19,13,1,5,1,
119,28,946,301,13,10,1,5,1,
120,1,907,221,25,11,1,5,1,
120,6,644,121,63,10,1,5,1,
120,11,949,255,10,11,1,5,1,
120,24,517,389,45,13,1,5,1,
120,26,883,228,19,13,1,5,1,
120,28,943,300,16,11,1,5,1,
121,1,906,222,24,10,1,5,1,
121,6,649,121,64,10,1,5,1,
121,11,949,256,10,10,1,5,1,
121,24,520,390,47,12,1,5,1,
121,26,882,228,20,13,1,5,1,
121,28,941,300,18,12,1,5,1,
122,1,904,222,25,11,1,5,1,
122,6,654,120,64,10,1,5,1,
122,11,945,255,14,11,1,5,1,
122,24,523,391,48,12,1,5,1,
122,26,881,229,20,13,1,5,1,
122,28,938,300,21,12,1,5,1,
123,1,902,222,25,11,1,5,1,
123,6,659,120,64,10,1,5,1,
123,11,939,254,20,13,1,5,1,
123,24,526,392,49,12,1,5,1,
123,26,880,229,21,13,1,5,1,
123,28,936,300,23,11,1,5,1,
124,1,900,223,25,10,1,5,1,
124,6,666,120,62,10,1,5,1,
124,11,940,254,19,13,1,5,1,
124,24,531,393,49,12,1,5,1,
124,26,879,229,21,13,1,5,1,
124,28,934,299,25,12,1,5,1,
125,1,899,223,25,11,1,5,1,
125,6,671,119,62,10,1,5,1,
125,11,941,255,18,12,1,5,1,
125,24,534,394,50,11,1,5,1,
125,26,878,230,22,12,1,5,1,
125,27,501,165,23,13,1,5,1,
125,28,932,299,27,12,1,5,1,
126,1,897,224,25,10,1,5,1,
126,6,676,119,62,10,1,5,1,
126,11,939,255,20,12,1,5,1,
126,24,538,394,51,12,1,5,1,
126,26,878,230,21,12,1,5,1,
126,27,501,165,26,12,1,5,1,
126,28,930,299,29,11,1,5,1,
127,1,895,224,25,10,1,5,1,
127,6,681,119,62,10,1,5,1,
127,11,938,255,21,12,1,5,1,
127,24,542,395,52,11,1,5,1,
127,26,877,230,21,13,1,5,1,
127,27,501,164,29,12,1,5,1,
127,28,928,299,31,11,1,5,1,
128,1,894,224,24,10,1,5,1,
128,6,686,119,62,10,1,5,1,
128,11,933,255,26,12,1,5,1,
128,24,546,396,52,11,1,5,1,
128,26,876,230,21,13,1,5,1,
128,27,502,163,31,12,1,5,1,
128,28,925,299,32,11,1,5,1,
129,1,893,225,23,10,1,5,1,
129,6,692,119,61,10,1,5,1,
129,11,934,255,25,12,1,5,1,
129,24,550,397,53,11,1,5,1,
129,26,875,231,21,12,1,5,1,
129,27,502,162,34,13,1,5,1,
129,28,924,298,31,11,1,5,1,
130,1,892,225,22,10,1,5,1,
130,6,697,118,61,11,1,5,1,
130,11,930,255,29,12,1,5,1,
130,24,554,397,54,11,1,5,1,
130,26,874,231,21,12,1,5,1,
130,27,503,162,36,12,1,5,1,
130,28,921,298,32,11,1,5,1,
131,1,891,226,21,9,1,5,1,
131,6,702,118,61,11,1,5,1,
131,11,925,255,34,12,1,5,1,
131,24,558,398,55,11,1,5,1,
131,26,872,231,23,12,1,5,1,
131,27,504,162,39,11,1,5,1,
131,28,919,298,32,11,1,5,1,
132,1,890,226,20,9,1,5,1,
132,6,707,118,61,11,1,5,1,
132,11,926,255,33,12,1,5,1,
132,24,563,398,55,11,1,5,1,
132,26,871,232,23,11,1,5,1,
132,27,505,161,42,12,1,5,1,
132,28,917,298,31,10,1,5,1,
133,1,889,226,19,10,1,5,1,
133,6,712,118,61,11,1,5,1,
133,11,926,256,32,11,1,5,1,
133,24,567,399,56,11,1,5,1,
133,26,870,232,23,12,1,5,1,
133,27,506,161,45,12,1,5,1,
133,28,915,297,31,11,1,5,1,
134,1,888,227,19,9,1,5,1,
134,6,717,118,60,11,1,5,1,
134,11,925,256,30,12,1,5,1,
134,24,571,399,57,11,1,5,1,
134,26,870,232,22,12,1,5,1,
134,27,506,161,50,12,1,5,1,
134,28,913,297,31,11,1,5,1,
135,1,887,227,18,9,1,5,1,
135,6,723,118,59,11,1,5,1,
135,11,923,256,29,12,1,5,1,
135,24,576,399,57,11,1,5,1,
135,27,507,161,52,12,1,5,1,
135,28,911,297,30,10,1,5,1,
136,1,886,227,18,10,1,5,1,
136,6,727,118,60,11,1,5,1,
136,11,918,256,32,11,1,5,1,
136,24,580,400,57,11,1,5,1,
136,27,508,160,55,13,1,5,1,
136,28,908,297,31,10,1,5,1,
137,1,885,228,18,9,1,5,1,
137,6,731,118,60,11,1,5,1,
137,11,918,256,31,12,1,5,1,
137,24,584,400,58,11,1,5,1,
137,27,509,160,57,13,1,5,1,
137,28,906,297,32,10,1,5,1,
138,1,884,228,18,9,1,5,1,
138,6,736,118,60,11,1,5,1,
138,11,914,256,33,12,1,5,1,
138,24,588,400,59,11,1,5,1,
138,27,511,160,58,13,1,5,1,
138,28,903,297,33,10,1,5,1,
139,6,741,118,59,11,1,5,1,
139,11,914,256,32,12,1,5,1,
139,24,592,401,60,11,1,5,1,
139,27,512,160,61,13,1,5,1,
139,28,901,296,33,10,1,5,1,
140,6,745,118,60,11,1,5,1,
140,11,909,256,36,12,1,5,1,
140,20,950,237,9,8,1,5,1,
140,24,596,401,61,11,1,5,1,
140,27,514,160,62,13,1,5,1,
140,28,899,296,33,10,1,5,1,
141,6,750,118,59,11,1,5,1,
141,11,909,257,35,11,1,5,1,
141,24,601,401,61,11,1,5,1,
141,27,517,161,61,12,1,5,1,
141,28,897,296,33,10,1,5,1,
142,6,754,118,59,11,1,5,1,
142,11,907,257,35,11,1,5,1,
142,24,605,401,62,11,1,5,1,
142,27,520,161,61,12,1,5,1,
142,28,894,296,34,10,1,5,1,
143,6,758,118,59,11,1,5,1,
143,24,609,402,63,11,1,5,1,
143,27,522,161,62,13,1,5,1,
143,28,892,296,34,9,1,5,1,
144,6,762,118,59,12,1,5,1,
144,24,613,402,64,11,1,5,1,
144,27,525,161,60,13,1,5,1,
144,28,890,295,35,10,1,5,1,
145,6,766,118,59,12,1,5,1,
145,24,617,402,65,11,1,5,1,
145,27,528,162,58,13,1,5,1,
145,28,888,295,35,10,1,5,1,
146,6,769,119,60,11,1,5,1,
146,24,621,402,66,11,1,5,1,
146,27,531,162,56,14,1,5,1,
146,28,885,295,36,10,1,5,1,
147,6,773,119,60,11,1,5,1,
147,24,625,402,67,11,1,5,1,
147,27,534,162,55,15,1,5,1,
148,6,777,119,60,12,1,5,1,
148,24,629,402,68,11,1,5,1,
148,27,537,162,54,15,1,5,1,
149,6,780,119,61,12,1,5,1,
149,24,632,402,69,11,1,5,1,
149,27,539,162,54,15,1,5,1,
150,6,784,119,60,12,1,5,1,
150,15,554,195,16,7,1,5,1,
150,24,637,402,69,11,1,5,1,
150,27,543,162,52,15,1,5,1,
