1,1,834,151,63,14,1,5,1,
1,2,143,-7,56,20,1,5,1,
1,3,930,98,24,20,1,5,1,
1,4,714,142,75,22,1,5,1,
1,5,424,35,113,53,1,5,1,
1,6,755,112,51,40,1,5,1,
1,7,935,346,24,9,1,5,1,
1,8,291,158,40,11,1,5,1,
1,9,554,359,37,51,1,5,1,
1,10,674,400,100,22,1,5,1,
1,11,543,7,62,37,1,5,1,
1,12,150,81,23,31,1,5,1,
1,13,147,317,20,18,1,5,1,
1,14,790,318,81,21,1,5,1,
1,16,729,440,83,29,1,5,1,
1,17,787,437,120,34,1,5,1,
1,18,762,118,128,30,1,5,1,
1,19,792,478,64,17,1,5,1,
1,20,73,55,111,32,1,5,1,
1,21,805,162,131,36,1,5,1,
1,22,429,340,43,14,1,5,1,
1,23,636,433,41,34,1,5,1,
1,24,636,267,119,25,1,5,1,
1,25,14,152,90,25,1,5,1,
1,26,731,317,43,11,1,5,1,
1,27,825,346,124,27,1,5,1,
1,28,76,24,93,25,1,5,1,
1,29,181,99,31,17,1,5,1,
1,30,734,465,76,19,1,5,1,
1,31,721,95,19,31,1,5,1,
1,32,451,185,60,44,1,5,1,
2,1,850,152,52,14,1,5,1,
2,2,158,-11,40,21,1,5,1,
2,3,934,100,20,19,1,5,1,
2,4,711,143,65,23,1,5,1,
2,5,439,42,104,49,1,5,1,
2,6,776,115,32,40,1,5,1,
2,7,932,345,27,9,1,5,1,
2,8,285,159,38,10,1,5,1,
2,9,557,365,39,47,1,5,1,
2,10,665,398,96,22,1,5,1,
2,11,546,3,70,34,1,5,1,
2,12,147,88,28,23,1,5,1,
2,13,145,319,21,17,1,5,1,
2,14,785,317,78,20,1,5,1,
2,16,716,442,86,25,1,5,1,
2,17,816,437,96,34,1,5,1,
2,18,748,120,133,30,1,5,1,
2,19,787,476,57,17,1,5,1,
2,20,64,52,107,32,1,5,1,
2,21,800,163,112,36,1,5,1,
2,22,425,341,36,15,1,5,1,
2,23,652,430,28,34,1,5,1,
2,24,629,267,95,24,1,5,1,
2,25,25,155,86,23,1,5,1,
2,26,729,316,32,11,1,5,1,
2,27,819,345,107,25,1,5,1,
2,28,69,23,86,25,1,5,1,
2,29,176,100,30,16,1,5,1,
2,30,728,462,70,19,1,5,1,
2,31,720,98,19,30,1,5,1,
2,32,452,191,37,39,1,5,1,
3,1,863,152,43,15,1,5,1,
3,2,167,-15,33,24,1,5,1,
3,3,933,100,20,21,1,5,1,
3,4,708,143,59,24,1,5,1,
3,5,451,44,95,50,1,5,1,
3,6,779,117,31,42,1,5,1,
3,7,928,344,31,9,1,5,1,
3,8,279,159,40,10,1,5,1,
3,9,557,368,44,46,1,5,1,
3,10,656,396,94,23,1,5,1,
3,11,549,0,77,31,1,5,1,
3,12,144,91,33,19,1,5,1,
3,13,144,320,21,17,1,5,1,
3,14,783,317,74,20,1,5,1,
3,16,703,442,92,24,1,5,1,
3,17,839,437,76,33,1,5,1,
3,18,736,118,135,33,1,5,1,
3,19,782,474,54,18,1,5,1,
3,20,55,48,107,34,1,5,1,
3,21,797,164,98,37,1,5,1,
3,22,422,341,31,17,1,5,1,
3,23,652,427,28,34,1,5,1,
3,24,622,268,82,24,1,5,1,
3,25,33,156,86,22,1,5,1,
3,26,728,315,26,11,1,5,1,
3,27,813,344,100,24,1,5,1,
3,28,61,22,85,25,1,5,1,
3,29,170,103,34,13,1,5,1,
3,30,722,459,67,21,1,5,1,
3,31,718,100,19,30,1,5,1,
3,32,454,194,35,36,1,5,1,
4,1,873,152,35,16,1,5,1,
4,3,931,101,21,21,1,5,1,
4,4,705,144,54,25,1,5,1,
4,5,463,45,84,53,1,5,1,
4,6,781,120,30,41,1,5,1,
4,7,924,344,35,9,1,5,1,
4,8,273,159,41,10,1,5,1,
4,9,555,370,58,47,1,5,1,
4,10,649,393,91,24,1,5,1,
4,11,554,0,83,26,1,5,1,
4,12,138,92,40,18,1,5,1,
4,13,144,321,21,17,1,5,1,
4,14,781,316,68,20,1,5,1,
4,16,691,441,96,24,1,5,1,
4,17,858,436,58,33,1,5,1,
4,18,724,117,137,36,1,5,1,
4,19,778,471,51,19,1,5,1,
4,20,47,45,106,35,1,5,1,
4,21,795,166,86,36,1,5,1,
4,22,419,342,28,18,1,5,1,
4,23,652,425,27,33,1,5,1,
4,24,617,268,70,26,1,5,1,
4,25,42,158,84,21,1,5,1,
4,26,728,315,20,10,1,5,1,
4,27,808,343,93,23,1,5,1,
4,28,52,22,89,24,1,5,1,
4,29,164,104,38,12,1,5,1,
4,30,717,457,64,22,1,5,1,
4,31,716,102,23,30,1,5,1,
4,32,458,196,34,35,1,5,1,
5,1,882,152,27,17,1,5,1,
5,3,929,102,23,22,1,5,1,
5,4,704,145,47,25,1,5,1,
5,5,473,48,75,53,1,5,1,
5,6,784,125,28,38,1,5,1,
5,7,919,343,36,9,1,5,1,
5,8,266,159,44,10,1,5,1,
5,9,553,372,76,48,1,5,1,
5,10,643,390,87,26,1,5,1,
5,11,560,0,88,22,1,5,1,
5,12,131,92,46,18,1,5,1,
5,13,143,321,22,18,1,5,1,
5,14,779,316,63,19,1,5,1,
5,16,679,440,100,24,1,5,1,
5,17,875,434,41,33,1,5,1,
5,18,714,117,135,39,1,5,1,
5,19,775,469,47,19,1,5,1,
5,20,40,42,105,36,1,5,1,
5,21,794,168,74,35,1,5,1,
5,22,417,343,24,19,1,5,1,
5,23,649,421,31,35,1,5,1,
5,24,615,269,56,26,1,5,1,
5,25,50,159,82,21,1,5,1,
5,26,726,314,17,11,1,5,1,
5,27,805,341,85,24,1,5,1,
5,28,42,22,94,25,1,5,1,
5,29,158,104,42,11,1,5,1,
5,30,713,454,60,23,1,5,1,
5,31,715,105,22,29,1,5,1,
5,32,462,197,32,34,1,5,1,
6,1,890,153,18,17,1,5,1,
6,3,927,103,26,22,1,5,1,
6,4,703,147,40,24,1,5,1,
6,5,481,51,66,53,1,5,1,
6,6,781,129,28,35,1,5,1,
6,7,915,342,35,9,1,5,1,
6,8,261,159,43,10,1,5,1,
6,9,551,373,96,50,1,5,1,
6,10,637,387,83,28,1,5,1,
6,11,567,0,92,19,1,5,1,
6,12,124,92,53,17,1,5,1,
6,13,143,322,21,18,1,5,1,
6,14,778,315,57,19,1,5,1,
6,16,667,438,103,25,1,5,1,
6,17,880,431,40,35,1,5,1,
6,18,704,117,132,42,1,5,1,
6,19,772,467,44,19,1,5,1,
6,20,34,38,102,38,1,5,1,
6,21,794,171,61,33,1,5,1,
6,22,416,344,19,21,1,5,1,
6,23,646,418,32,34,1,5,1,
6,24,614,271,45,24,1,5,1,
6,25,58,160,80,20,1,5,1,
6,26,725,314,14,10,1,5,1,
6,27,800,340,81,23,1,5,1,
6,28,32,22,100,25,1,5,1,
6,29,151,103,45,12,1,5,1,
6,30,710,451,56,25,1,5,1,
6,31,714,107,23,28,1,5,1,
6,32,458,198,42,33,1,5,1,
7,1,891,154,19,17,1,5,1,
7,3,922,104,32,23,1,5,1,
7,4,703,148,33,24,1,5,1,
7,5,489,54,58,53,1,5,1,
7,6,778,132,31,34,1,5,1,
7,7,910,341,35,9,1,5,1,
7,8,256,159,42,11,1,5,1,
7,9,552,374,114,53,1,5,1,
7,10,633,384,76,29,1,5,1,
7,11,575,0,94,17,1,5,1,
7,12,116,90,59,19,1,5,1,
7,13,142,323,22,18,1,5,1,
7,14,777,315,52,18,1,5,1,
7,16,657,435,102,26,1,5,1,
7,17,883,428,40,34,1,5,1,
7,18,696,118,126,44,1,5,1,
7,19,770,465,40,19,1,5,1,
7,20,21,34,108,38,1,5,1,
7,21,796,173,47,31,1,5,1,
7,22,416,346,14,22,1,5,1,
7,23,646,416,26,32,1,5,1,
7,24,613,272,36,22,1,5,1,
7,25,67,162,76,18,1,5,1,
7,26,725,313,13,10,1,5,1,
7,27,795,339,77,23,1,5,1,
7,28,21,21,107,25,1,5,1,
7,29,144,101,48,13,1,5,1,
7,30,708,449,51,25,1,5,1,
7,31,712,109,24,28,1,5,1,
7,32,455,199,54,33,1,5,1,
8,1,893,156,18,16,1,5,1,
8,3,915,105,38,24,1,5,1,
8,4,704,150,25,23,1,5,1,
8,5,494,58,53,54,1,5,1,
8,6,774,134,33,34,1,5,1,
8,7,906,341,35,8,1,5,1,
8,8,249,159,44,11,1,5,1,
8,9,554,376,133,55,1,5,1,
8,10,630,381,69,30,1,5,1,
8,11,584,0,95,17,1,5,1,
8,12,108,88,65,20,1,5,1,
8,13,142,323,22,19,1,5,1,
8,14,778,315,43,17,1,5,1,
8,16,647,433,101,26,1,5,1,
8,17,887,426,39,32,1,5,1,
8,18,690,119,118,46,1,5,1,
8,19,769,464,35,18,1,5,1,
8,20,11,30,109,39,1,5,1,
8,21,795,175,41,30,1,5,1,
8,22,415,348,13,22,1,5,1,
8,23,647,414,26,30,1,5,1,
8,24,612,272,28,21,1,5,1,
8,25,76,163,72,18,1,5,1,
8,26,726,313,12,10,1,5,1,
8,27,791,338,73,22,1,5,1,
8,28,10,19,114,27,1,5,1,
8,29,137,100,51,13,1,5,1,
8,30,706,446,46,26,1,5,1,
8,31,709,112,25,27,1,5,1,
8,32,454,200,64,33,1,5,1,
9,1,893,156,19,18,1,5,1,
9,3,909,107,43,24,1,5,1,
9,4,702,152,23,22,1,5,1,
9,5,495,63,57,52,1,5,1,
9,6,770,136,32,35,1,5,1,
9,7,901,340,35,8,1,5,1,
9,8,243,159,45,11,1,5,1,
9,9,558,378,151,57,1,5,1,
9,10,628,378,61,31,1,5,1,
9,11,594,0,94,17,1,5,1,
9,12,99,86,71,21,1,5,1,
9,13,141,324,23,19,1,5,1,
9,14,779,314,34,18,1,5,1,
9,16,639,430,98,27,1,5,1,
9,17,887,421,41,35,1,5,1,
9,18,685,121,108,46,1,5,1,
9,19,767,462,33,18,1,5,1,
9,20,5,25,105,41,1,5,1,
9,21,794,177,34,28,1,5,1,
9,22,415,350,13,23,1,5,1,
9,23,650,412,25,28,1,5,1,
9,24,612,272,24,21,1,5,1,
9,25,85,163,67,19,1,5,1,
9,26,727,313,12,10,1,5,1,
9,27,787,337,70,22,1,5,1,
9,28,0,16,119,29,1,5,1,
9,29,129,98,54,14,1,5,1,
9,30,705,443,41,27,1,5,1,
9,31,707,114,23,27,1,5,1,
9,32,455,202,72,32,1,5,1,
10,1,892,157,19,18,1,5,1,
10,3,902,108,48,25,1,5,1,
10,4,700,153,23,22,1,5,1,
10,5,497,69,61,48,1,5,1,
10,6,766,139,33,34,1,5,1,
10,7,897,339,34,9,1,5,1,
10,8,237,159,46,10,1,5,1,
10,9,565,380,166,58,1,5,1,
10,10,627,376,53,30,1,5,1,
10,11,607,0,89,17,1,5,1,
10,12,90,84,76,21,1,5,1,
10,13,141,325,24,19,1,5,1,
10,14,779,314,27,17,1,5,1,
10,16,632,427,92,28,1,5,1,
10,17,885,418,42,35,1,5,1,
10,18,681,123,97,47,1,5,1,
10,19,764,460,32,17,1,5,1,
10,20,0,21,98,41,1,5,1,
10,21,795,178,28,28,1,5,1,
10,22,415,352,14,23,1,5,1,
10,23,652,410,26,26,1,5,1,
10,24,613,272,24,20,1,5,1,
10,25,94,164,62,19,1,5,1,
10,26,729,312,12,10,1,5,1,
10,27,784,336,66,22,1,5,1,
10,28,-1,14,114,29,1,5,1,
10,29,122,96,55,14,1,5,1,
10,30,705,441,35,26,1,5,1,
10,31,704,116,23,27,1,5,1,
10,32,457,204,80,31,1,5,1,
11,1,891,159,19,17,1,5,1,
11,3,897,110,48,24,1,5,1,
11,4,698,154,22,22,1,5,1,
11,5,501,73,63,46,1,5,1,
11,6,762,142,33,33,1,5,1,
11,7,893,339,34,8,1,5,1,
11,8,231,158,47,11,1,5,1,
11,9,574,383,179,58,1,5,1,
11,10,627,373,44,29,1,5,1,
11,11,620,0,83,18,1,5,1,
11,12,81,81,81,23,1,5,1,
11,13,141,326,24,19,1,5,1,
11,14,780,313,21,18,1,5,1,
11,16,627,424,85,29,1,5,1,
11,17,885,415,42,35,1,5,1,
11,18,678,125,85,48,1,5,1,
11,19,762,458,30,17,1,5,1,
11,20,0,16,86,43,1,5,1,
11,21,795,180,28,27,1,5,1,
11,22,416,355,15,22,1,5,1,
11,23,650,409,35,24,1,5,1,
11,24,616,273,22,19,1,5,1,
11,25,103,165,56,19,1,5,1,
11,26,731,312,12,10,1,5,1,
11,27,780,335,63,22,1,5,1,
11,28,-11,11,117,31,1,5,1,
11,29,114,94,57,15,1,5,1,
11,30,705,438,29,26,1,5,1,
11,31,702,119,21,26,1,5,1,
11,32,462,206,84,30,1,5,1,
12,1,891,160,17,17,1,5,1,
12,3,893,112,47,23,1,5,1,
12,4,697,156,23,21,1,5,1,
12,5,505,77,64,44,1,5,1,
12,6,759,145,31,33,1,5,1,
12,7,889,338,33,8,1,5,1,
12,8,225,157,48,11,1,5,1,
12,9,585,387,190,56,1,5,1,
12,10,628,371,35,27,1,5,1,
12,11,647,0,61,20,1,5,1,
12,12,72,79,84,24,1,5,1,
12,13,141,326,24,20,1,5,1,
12,14,781,313,21,17,1,5,1,
12,16,621,421,79,29,1,5,1,
12,17,887,413,40,32,1,5,1,
12,18,676,127,73,49,1,5,1,
12,19,760,456,28,17,1,5,1,
12,20,0,12,74,43,1,5,1,
12,21,795,181,27,26,1,5,1,
12,22,414,357,19,22,1,5,1,
12,23,650,408,43,23,1,5,1,
12,24,620,273,21,19,1,5,1,
12,25,111,166,50,19,1,5,1,
12,26,732,312,14,9,1,5,1,
12,27,776,335,61,20,1,5,1,
12,28,-21,8,119,33,1,5,1,
12,29,107,92,57,16,1,5,1,
12,30,706,436,23,25,1,5,1,
12,31,700,121,20,25,1,5,1,
12,32,470,207,81,30,1,5,1,
13,1,890,161,18,17,1,5,1,
13,3,888,114,47,23,1,5,1,
13,4,695,157,23,21,1,5,1,
13,5,510,80,64,42,1,5,1,
13,6,757,149,28,31,1,5,1,
13,7,884,337,33,8,1,5,1,
13,8,219,157,48,10,1,5,1,
13,9,599,391,197,53,1,5,1,
13,10,627,369,28,26,1,5,1,
13,11,658,0,55,22,1,5,1,
13,12,63,76,87,26,1,5,1,
13,13,142,327,24,20,1,5,1,
13,14,784,313,20,17,1,5,1,
13,16,617,419,71,28,1,5,1,
13,17,888,410,40,33,1,5,1,
13,18,676,130,59,49,1,5,1,
13,19,759,455,26,16,1,5,1,
13,20,0,7,62,44,1,5,1,
13,21,795,182,27,26,1,5,1,
13,22,414,359,25,22,1,5,1,
13,23,651,407,50,23,1,5,1,
13,24,621,272,25,19,1,5,1,
13,25,119,167,43,19,1,5,1,
13,26,734,311,14,10,1,5,1,
13,27,773,334,59,20,1,5,1,
13,28,-30,6,119,35,1,5,1,
13,29,99,90,59,16,1,5,1,
13,30,706,435,19,23,1,5,1,
13,31,699,123,19,25,1,5,1,
13,32,479,208,78,29,1,5,1,
14,1,890,163,17,16,1,5,1,
14,3,884,115,46,23,1,5,1,
14,4,693,158,23,21,1,5,1,
14,5,515,82,63,42,1,5,1,
14,6,755,152,25,30,1,5,1,
14,7,880,337,33,8,1,5,1,
14,8,213,156,48,11,1,5,1,
14,9,616,395,200,50,1,5,1,
14,10,627,367,22,24,1,5,1,
14,11,668,0,48,26,1,5,1,
14,12,54,73,90,27,1,5,1,
14,13,142,328,24,20,1,5,1,
14,14,784,312,25,18,1,5,1,
14,16,615,416,61,28,1,5,1,
14,17,890,408,39,32,1,5,1,
14,18,676,134,46,48,1,5,1,
14,19,757,453,25,16,1,5,1,
14,20,0,3,50,44,1,5,1,
14,21,795,183,27,26,1,5,1,
14,22,414,362,32,20,1,5,1,
14,23,653,406,57,22,1,5,1,
14,24,622,272,31,19,1,5,1,
14,25,127,169,35,18,1,5,1,
14,26,736,311,14,9,1,5,1,
14,27,770,333,56,20,1,5,1,
14,28,-40,2,120,38,1,5,1,
14,29,92,88,58,17,1,5,1,
14,30,707,433,14,22,1,5,1,
14,31,697,125,18,24,1,5,1,
14,32,487,209,75,29,1,5,1,
15,1,889,164,17,16,1,5,1,
15,3,879,117,47,23,1,5,1,
15,4,691,159,23,21,1,5,1,
15,5,520,85,63,41,1,5,1,
15,6,754,155,23,28,1,5,1,
15,7,876,336,32,8,1,5,1,
15,8,207,155,48,11,1,5,1,
15,9,635,398,197,49,1,5,1,
15,10,628,365,18,23,1,5,1,
15,11,676,0,43,30,1,5,1,
15,12,45,70,91,28,1,5,1,
15,13,142,329,25,20,1,5,1,
15,14,781,312,34,17,1,5,1,
15,16,613,414,52,26,1,5,1,
15,17,892,406,39,31,1,5,1,
15,18,675,138,37,46,1,5,1,
15,19,756,451,23,16,1,5,1,
15,20,0,0,38,43,1,5,1,
15,21,795,184,26,25,1,5,1,
15,22,416,364,37,19,1,5,1,
15,23,656,406,64,21,1,5,1,
15,24,624,272,37,19,1,5,1,
15,25,133,170,28,17,1,5,1,
15,26,738,311,15,9,1,5,1,
15,27,767,332,53,20,1,5,1,
15,28,-48,-2,118,40,1,5,1,
15,29,85,86,57,17,1,5,1,
15,30,708,432,13,20,1,5,1,
15,31,696,127,17,23,1,5,1,
15,32,495,209,72,29,1,5,1,
16,1,889,165,17,16,1,5,1,
16,3,875,119,46,22,1,5,1,
16,4,690,160,22,21,1,5,1,
16,5,525,87,62,40,1,5,1,
16,6,754,157,22,28,1,5,1,
16,7,872,335,32,8,1,5,1,
16,8,202,154,47,11,1,5,1,
16,9,656,398,190,49,1,5,1,
16,10,629,364,18,21,1,5,1,
16,11,681,0,39,34,1,5,1,
16,12,37,67,92,29,1,5,1,
16,13,143,329,25,22,1,5,1,
16,14,780,312,42,17,1,5,1,
16,16,613,411,41,26,1,5,1,
16,17,894,405,38,30,1,5,1,
16,18,673,142,29,45,1,5,1,
16,19,755,450,22,15,1,5,1,
16,20,0,-3,37,41,1,5,1,
16,21,795,185,26,25,1,5,1,
16,22,419,366,42,18,1,5,1,
16,23,660,406,70,21,1,5,1,
16,24,629,273,39,18,1,5,1,
16,25,139,170,23,17,1,5,1,
16,26,739,310,16,10,1,5,1,
16,27,764,331,51,20,1,5,1,
16,28,-56,-7,116,43,1,5,1,
16,29,78,84,57,17,1,5,1,
16,30,710,431,13,18,1,5,1,
16,31,695,129,16,23,1,5,1,
16,32,503,210,69,29,1,5,1,
17,1,889,167,17,15,1,5,1,
17,3,871,120,45,22,1,5,1,
17,4,688,162,22,20,1,5,1,
17,5,533,88,56,40,1,5,1,
17,6,754,160,22,26,1,5,1,
17,7,868,335,32,7,1,5,1,
17,8,197,153,45,11,1,5,1,
17,9,679,399,177,47,1,5,1,
17,10,632,363,17,19,1,5,1,
17,11,685,0,39,36,1,5,1,
17,12,29,64,91,29,1,5,1,
17,13,143,330,26,22,1,5,1,
17,14,783,311,42,17,1,5,1,
17,16,613,409,32,25,1,5,1,
17,17,896,403,38,29,1,5,1,
17,18,673,146,26,43,1,5,1,
17,19,754,448,20,15,1,5,1,
17,20,0,-7,36,41,1,5,1,
17,21,795,186,26,25,1,5,1,
17,22,422,368,48,17,1,5,1,
17,23,667,406,70,21,1,5,1,
17,24,635,273,39,18,1,5,1,
17,25,143,170,20,17,1,5,1,
17,26,742,310,16,9,1,5,1,
17,27,762,330,48,20,1,5,1,
17,28,-69,-12,120,45,1,5,1,
17,29,72,81,55,18,1,5,1,
17,30,711,430,15,17,1,5,1,
17,31,694,131,16,22,1,5,1,
17,32,510,211,66,28,1,5,1,
18,1,889,168,17,15,1,5,1,
18,3,866,122,45,21,1,5,1,
18,4,686,163,22,19,1,5,1,
18,5,541,88,51,41,1,5,1,
18,6,754,162,22,25,1,5,1,
18,7,864,334,31,8,1,5,1,
18,8,192,152,43,11,1,5,1,
18,9,704,398,159,47,1,5,1,
18,10,632,362,21,17,1,5,1,
18,11,686,0,46,38,1,5,1,
18,12,21,61,91,29,1,5,1,
18,13,144,331,26,22,1,5,1,
18,14,788,311,40,17,1,5,1,
18,16,611,407,26,24,1,5,1,
18,17,898,401,38,29,1,5,1,
18,18,674,151,25,39,1,5,1,
18,19,753,447,19,15,1,5,1,
18,20,0,-12,35,42,1,5,1,
18,21,795,187,25,24,1,5,1,
18,22,427,370,52,16,1,5,1,
18,23,674,406,70,20,1,5,1,
18,24,640,272,41,18,1,5,1,
18,25,142,170,21,17,1,5,1,
18,26,744,310,16,9,1,5,1,
18,27,759,330,46,19,1,5,1,
18,28,-79,-17,120,47,1,5,1,
18,29,67,78,52,19,1,5,1,
18,30,710,429,20,15,1,5,1,
18,31,693,133,15,22,1,5,1,
18,32,517,212,64,28,1,5,1,
19,1,889,169,17,15,1,5,1,
19,3,862,124,45,21,1,5,1,
19,4,685,164,21,19,1,5,1,
19,5,546,90,50,41,1,5,1,
19,6,755,163,21,26,1,5,1,
19,7,860,334,31,7,1,5,1,
19,8,188,151,41,11,1,5,1,
19,9,729,397,138,45,1,5,1,
19,10,631,361,28,17,1,5,1,
19,11,687,1,52,37,1,5,1,
19,12,14,57,88,31,1,5,1,
19,13,145,332,27,22,1,5,1,
19,14,792,311,39,17,1,5,1,
19,16,612,405,20,24,1,5,1,
19,17,900,400,37,28,1,5,1,
19,18,677,155,23,37,1,5,1,
19,19,752,445,18,15,1,5,1,
19,20,0,-16,35,42,1,5,1,
19,21,794,188,26,24,1,5,1,
19,22,432,372,56,15,1,5,1,
19,23,681,405,69,21,1,5,1,
19,24,643,272,45,18,1,5,1,
19,25,141,169,20,17,1,5,1,
19,26,746,310,17,9,1,5,1,
19,27,757,329,43,19,1,5,1,
19,29,63,76,48,19,1,5,1,
19,30,711,428,23,14,1,5,1,
19,31,692,134,14,22,1,5,1,
19,32,524,213,62,27,1,5,1,
20,1,890,170,17,15,1,5,1,
20,3,858,125,44,21,1,5,1,
20,4,683,165,22,19,1,5,1,
20,5,552,92,47,40,1,5,1,
20,6,755,165,21,25,1,5,1,
20,7,856,333,31,7,1,5,1,
20,8,184,149,38,12,1,5,1,
20,9,746,395,132,45,1,5,1,
20,10,630,361,36,16,1,5,1,
20,11,692,4,50,36,1,5,1,
20,12,8,54,85,31,1,5,1,
20,13,146,333,27,23,1,5,1,
20,14,796,310,38,17,1,5,1,
20,16,614,403,19,24,1,5,1,
20,17,903,398,36,28,1,5,1,
20,18,674,159,30,34,1,5,1,
20,19,751,444,18,14,1,5,1,
20,20,0,-21,34,43,1,5,1,
20,21,794,189,26,23,1,5,1,
20,22,439,372,58,15,1,5,1,
20,23,688,405,69,20,1,5,1,
20,24,646,272,49,17,1,5,1,
20,25,139,168,20,17,1,5,1,
20,26,748,309,17,9,1,5,1,
20,27,754,328,42,19,1,5,1,
20,29,59,73,44,20,1,5,1,
20,30,713,427,24,14,1,5,1,
20,31,691,136,14,21,1,5,1,
20,32,529,214,61,27,1,5,1,
21,1,891,171,16,14,1,5,1,
21,3,853,127,44,20,1,5,1,
21,4,681,166,22,19,1,5,1,
21,5,558,93,44,40,1,5,1,
21,6,757,168,21,23,1,5,1,
21,7,852,333,31,7,1,5,1,
21,8,181,148,35,12,1,5,1,
21,9,761,394,129,44,1,5,1,
21,10,633,360,37,16,1,5,1,
21,11,697,6,48,37,1,5,1,
21,12,3,51,81,30,1,5,1,
21,13,148,334,27,23,1,5,1,
21,14,800,310,37,17,1,5,1,
21,16,616,401,19,23,1,5,1,
21,17,905,396,36,28,1,5,1,
21,18,671,162,40,33,1,5,1,
21,19,750,442,17,14,1,5,1,
21,20,0,-26,34,44,1,5,1,
21,21,794,190,25,23,1,5,1,
21,22,447,373,58,15,1,5,1,
21,23,695,404,68,21,1,5,1,
21,24,650,272,52,17,1,5,1,
21,25,137,166,21,17,1,5,1,
21,26,751,309,17,9,1,5,1,
21,27,752,327,40,19,1,5,1,
21,29,57,70,38,20,1,5,1,
21,30,717,426,22,14,1,5,1,
21,31,690,138,14,20,1,5,1,
21,32,536,214,58,27,1,5,1,
22,1,891,172,16,14,1,5,1,
22,3,849,128,44,20,1,5,1,
22,4,679,167,22,19,1,5,1,
22,5,563,95,42,40,1,5,1,
22,6,760,170,21,21,1,5,1,
22,7,848,332,30,7,1,5,1,
22,8,178,146,32,13,1,5,1,
22,9,771,394,140,44,1,5,1,
22,10,637,359,38,16,1,5,1,
22,11,702,9,46,37,1,5,1,
22,12,0,47,75,32,1,5,1,
22,13,148,335,29,23,1,5,1,
22,14,804,310,35,16,1,5,1,
22,16,617,399,19,23,1,5,1,
22,17,907,395,36,27,1,5,1,
22,18,670,166,48,30,1,5,1,
22,19,748,441,18,14,1,5,1,
22,20,0,-30,24,44,1,5,1,
22,21,794,191,25,23,1,5,1,
22,22,455,373,59,15,1,5,1,
22,23,702,404,68,20,1,5,1,
22,24,654,272,57,17,1,5,1,
22,25,136,165,21,17,1,5,1,
22,26,753,309,17,9,1,5,1,
22,27,750,327,38,18,1,5,1,
22,29,55,68,33,20,1,5,1,
22,30,720,425,22,14,1,5,1,
22,31,689,139,13,21,1,5,1,
22,32,541,215,58,27,1,5,1,
23,1,891,173,16,14,1,5,1,
23,3,845,130,43,19,1,5,1,
23,4,678,168,21,18,1,5,1,
23,5,566,97,42,40,1,5,1,
23,6,762,172,23,19,1,5,1,
23,7,844,331,30,7,1,5,1,
23,8,177,145,27,13,1,5,1,
23,9,783,395,149,44,1,5,1,
23,10,641,359,38,15,1,5,1,
23,11,706,12,44,37,1,5,1,
23,12,0,44,65,31,1,5,1,
23,13,149,336,30,24,1,5,1,
23,14,808,310,34,16,1,5,1,
23,16,618,397,18,22,1,5,1,
23,17,910,393,35,27,1,5,1,
23,18,670,169,57,28,1,5,1,
23,19,746,439,19,14,1,5,1,
23,21,794,192,25,22,1,5,1,
23,22,462,374,60,15,1,5,1,
23,23,709,403,67,20,1,5,1,
23,24,659,272,62,18,1,5,1,
23,25,135,164,21,17,1,5,1,
23,26,755,309,17,8,1,5,1,
23,27,748,326,37,18,1,5,1,
23,29,54,65,27,20,1,5,1,
23,30,723,424,21,13,1,5,1,
23,31,688,141,13,20,1,5,1,
23,32,547,216,56,26,1,5,1,
24,1,892,174,16,14,1,5,1,
24,3,841,131,43,19,1,5,1,
24,4,676,169,21,18,1,5,1,
24,5,566,101,47,38,1,5,1,
24,6,762,173,30,18,1,5,1,
24,7,840,331,30,7,1,5,1,
24,8,176,143,22,14,1,5,1,
24,9,798,394,149,44,1,5,1,
24,10,645,358,38,15,1,5,1,
24,11,710,15,43,37,1,5,1,
24,12,0,41,56,31,1,5,1,
24,13,150,337,31,24,1,5,1,
24,14,812,309,32,17,1,5,1,
24,16,619,396,18,21,1,5,1,
24,17,913,392,35,26,1,5,1,
24,18,672,172,63,26,1,5,1,
24,19,745,438,19,13,1,5,1,
24,21,794,193,24,22,1,5,1,
24,22,471,374,60,16,1,5,1,
24,23,716,402,66,21,1,5,1,
24,24,666,273,65,17,1,5,1,
24,25,134,163,22,17,1,5,1,
24,26,758,308,16,9,1,5,1,
24,27,746,325,35,18,1,5,1,
24,29,55,63,20,19,1,5,1,
24,30,726,423,20,13,1,5,1,
24,31,688,142,12,20,1,5,1,
24,32,552,217,56,26,1,5,1,
25,1,892,175,16,14,1,5,1,
25,3,836,132,43,20,1,5,1,
25,4,674,170,22,18,1,5,1,
25,5,566,104,53,37,1,5,1,
25,6,764,173,36,18,1,5,1,
25,7,836,330,30,7,1,5,1,
25,8,174,141,20,14,1,5,1,
25,9,813,393,146,44,1,5,1,
25,10,649,358,40,15,1,5,1,
25,11,713,19,43,36,1,5,1,
25,12,0,38,47,31,1,5,1,
25,13,151,338,32,24,1,5,1,
25,14,815,309,31,16,1,5,1,
25,16,620,394,18,21,1,5,1,
25,17,916,391,34,25,1,5,1,
25,18,674,175,71,24,1,5,1,
25,19,743,436,19,14,1,5,1,
25,21,794,194,24,21,1,5,1,
25,22,479,375,61,15,1,5,1,
25,23,722,402,67,20,1,5,1,
25,24,672,273,69,18,1,5,1,
25,25,133,161,23,18,1,5,1,
25,26,760,308,17,9,1,5,1,
25,27,744,325,34,17,1,5,1,
25,29,54,60,19,19,1,5,1,
25,30,729,422,20,13,1,5,1,
25,31,688,144,13,18,1,5,1,
25,32,556,218,56,25,1,5,1,
26,1,892,176,16,13,1,5,1,
26,3,832,134,43,19,1,5,1,
26,4,673,171,21,18,1,5,1,
26,5,567,108,58,35,1,5,1,
26,6,766,174,42,17,1,5,1,
26,7,832,330,30,7,1,5,1,
26,8,172,139,19,15,1,5,1,
26,9,827,392,133,44,1,5,1,
26,10,652,358,43,15,1,5,1,
26,11,715,23,44,34,1,5,1,
26,12,0,36,38,29,1,5,1,
26,13,153,339,32,25,1,5,1,
26,14,819,309,30,16,1,5,1,
26,16,619,392,18,20,1,5,1,
26,17,920,391,35,24,1,5,1,
26,18,681,175,67,24,1,5,1,
26,19,741,435,20,13,1,5,1,
26,21,794,194,24,22,1,5,1,
26,22,487,375,62,16,1,5,1,
26,23,729,402,66,20,1,5,1,
26,24,679,274,73,18,1,5,1,
26,25,133,160,23,18,1,5,1,
26,26,763,308,16,9,1,5,1,
26,27,742,324,33,17,1,5,1,
26,29,54,58,19,19,1,5,1,
26,30,732,421,19,13,1,5,1,
26,31,689,146,13,17,1,5,1,
26,32,561,219,56,25,1,5,1,
27,1,892,177,16,13,1,5,1,
27,3,828,135,43,19,1,5,1,
27,4,672,172,19,17,1,5,1,
27,5,568,113,63,32,1,5,1,
27,6,769,174,48,16,1,5,1,
27,7,828,329,30,7,1,5,1,
27,8,169,138,19,14,1,5,1,
27,9,841,391,119,44,1,5,1,
27,10,655,358,47,15,1,5,1,
27,11,719,26,45,33,1,5,1,
27,12,0,33,31,29,1,5,1,
27,13,154,340,34,25,1,5,1,
27,14,822,308,29,17,1,5,1,
27,16,619,390,18,20,1,5,1,
27,17,919,391,41,23,1,5,1,
27,18,690,174,61,24,1,5,1,
27,19,739,433,20,13,1,5,1,
27,21,794,195,24,21,1,5,1,
27,22,495,376,63,15,1,5,1,
27,23,739,400,59,20,1,5,1,
27,24,687,274,75,18,1,5,1,
27,25,133,159,23,18,1,5,1,
27,26,765,308,16,8,1,5,1,
27,27,741,323,31,17,1,5,1,
27,29,54,56,19,18,1,5,1,
27,30,735,420,18,13,1,5,1,
27,31,691,147,12,17,1,5,1,
27,32,566,219,56,25,1,5,1,
28,1,892,178,15,13,1,5,1,
28,3,824,137,42,18,1,5,1,
28,4,670,173,19,17,1,5,1,
28,5,570,118,68,29,1,5,1,
28,6,776,174,44,17,1,5,1,
28,7,825,329,29,7,1,5,1,
28,8,167,136,18,15,1,5,1,
28,9,856,391,104,40,1,5,1,
28,10,658,357,51,15,1,5,1,
28,11,724,28,43,33,1,5,1,
28,12,0,30,28,29,1,5,1,
28,13,156,341,35,26,1,5,1,
28,14,825,308,28,16,1,5,1,
28,16,619,388,17,20,1,5,1,
28,17,920,391,40,21,1,5,1,
28,18,699,174,55,24,1,5,1,
28,19,738,432,20,13,1,5,1,
28,21,794,196,23,21,1,5,1,
28,22,504,375,63,16,1,5,1,
28,23,748,398,50,21,1,5,1,
28,24,697,275,75,17,1,5,1,
28,25,133,158,23,18,1,5,1,
28,26,767,308,17,8,1,5,1,
28,27,739,323,31,16,1,5,1,
28,29,53,54,20,18,1,5,1,
28,30,737,419,18,13,1,5,1,
28,31,690,149,16,15,1,5,1,
28,32,571,220,55,24,1,5,1,
29,1,893,179,15,13,1,5,1,
29,3,820,138,42,18,1,5,1,
29,4,669,174,17,17,1,5,1,
29,5,575,121,68,27,1,5,1,
29,6,783,175,40,18,1,5,1,
29,7,821,328,28,7,1,5,1,
29,8,164,134,18,15,1,5,1,
29,9,874,390,86,40,1,5,1,
29,10,661,357,55,15,1,5,1,
29,11,729,31,42,32,1,5,1,
29,12,0,26,25,29,1,5,1,
29,13,157,342,37,27,1,5,1,
29,14,828,308,27,16,1,5,1,
29,16,619,386,17,19,1,5,1,
29,17,927,391,33,21,1,5,1,
29,18,707,174,50,24,1,5,1,
29,19,736,430,20,13,1,5,1,
29,21,794,197,23,20,1,5,1,
29,22,513,376,63,15,1,5,1,
29,23,759,398,40,19,1,5,1,
29,24,707,275,74,18,1,5,1,
29,25,132,157,24,18,1,5,1,
29,26,770,307,16,9,1,5,1,
29,27,737,322,30,17,1,5,1,
29,29,53,51,21,18,1,5,1,
29,30,740,418,16,13,1,5,1,
29,31,690,150,21,15,1,5,1,
29,32,573,221,62,24,1,5,1,
30,1,893,179,16,13,1,5,1,
30,3,816,139,41,18,1,5,1,
30,4,668,175,16,17,1,5,1,
30,5,580,123,68,26,1,5,1,
30,6,788,175,37,19,1,5,1,
30,7,817,328,28,6,1,5,1,
30,8,161,132,19,15,1,5,1,
30,9,891,395,69,35,1,5,1,
30,10,665,356,59,16,1,5,1,
30,11,735,32,38,33,1,5,1,
30,12,-1,23,23,29,1,5,1,
30,13,159,343,38,27,1,5,1,
30,14,831,308,26,15,1,5,1,
30,16,619,385,17,18,1,5,1,
30,17,934,393,26,18,1,5,1,
30,18,712,174,49,25,1,5,1,
30,19,734,429,20,12,1,5,1,
30,21,795,198,22,20,1,5,1,
30,22,522,376,63,16,1,5,1,
30,23,764,396,39,20,1,5,1,
30,24,716,275,74,18,1,5,1,
30,25,132,155,24,19,1,5,1,
30,26,772,307,16,9,1,5,1,
30,27,735,322,29,16,1,5,1,
30,29,54,49,20,18,1,5,1,
30,30,744,417,13,13,1,5,1,
30,31,690,150,25,15,1,5,1,
30,32,576,222,67,24,1,5,1,
31,1,894,180,15,13,1,5,1,
31,3,811,140,42,18,1,5,1,
31,4,667,176,13,17,1,5,1,
31,5,586,124,66,26,1,5,1,
31,6,792,176,37,19,1,5,1,
31,7,813,328,29,6,1,5,1,
31,8,159,130,19,15,1,5,1,
31,9,907,400,53,25,1,5,1,
31,10,670,356,61,16,1,5,1,
31,11,739,35,37,32,1,5,1,
31,12,-3,19,22,30,1,5,1,
31,13,161,344,39,28,1,5,1,
31,14,834,307,25,16,1,5,1,
31,16,619,383,17,18,1,5,1,
31,17,939,393,21,17,1,5,1,
31,18,717,175,47,25,1,5,1,
31,19,731,428,22,12,1,5,1,
31,21,795,198,22,20,1,5,1,
31,22,531,376,63,16,1,5,1,
31,23,768,395,38,20,1,5,1,
31,24,726,275,74,18,1,5,1,
31,25,132,154,25,19,1,5,1,
31,26,775,307,16,8,1,5,1,
31,27,730,321,35,16,1,5,1,
31,29,54,47,21,18,1,5,1,
31,30,745,415,12,14,1,5,1,
31,31,693,151,25,15,1,5,1,
31,32,579,223,72,24,1,5,1,
32,1,895,181,15,13,1,5,1,
32,3,807,142,42,17,1,5,1,
32,4,667,177,12,17,1,5,1,
32,5,590,125,66,26,1,5,1,
32,6,796,177,38,19,1,5,1,
32,7,809,327,29,6,1,5,1,
32,8,156,128,20,16,1,5,1,
32,10,675,356,63,16,1,5,1,
32,11,742,37,37,32,1,5,1,
32,12,-5,15,23,32,1,5,1,
32,13,163,345,41,29,1,5,1,
32,14,838,307,20,15,1,5,1,
32,16,619,381,17,18,1,5,1,
32,18,721,176,47,24,1,5,1,
32,19,729,426,22,12,1,5,1,
32,21,795,199,22,20,1,5,1,
32,22,539,376,64,16,1,5,1,
32,23,772,394,37,20,1,5,1,
32,24,734,275,75,18,1,5,1,
32,25,132,153,25,19,1,5,1,
32,26,777,307,16,8,1,5,1,
32,27,727,321,36,15,1,5,1,
32,29,55,44,21,19,1,5,1,
32,30,744,414,13,14,1,5,1,
32,31,695,152,26,15,1,5,1,
32,32,583,224,77,24,1,5,1,
33,1,895,182,15,12,1,5,1,
33,3,803,143,42,16,1,5,1,
33,4,667,179,12,16,1,5,1,
33,5,595,126,66,26,1,5,1,
33,6,801,178,37,18,1,5,1,
33,7,807,327,27,6,1,5,1,
33,8,156,126,17,16,1,5,1,
33,10,681,356,64,16,1,5,1,
33,11,745,39,37,32,1,5,1,
33,12,-7,12,23,32,1,5,1,
33,13,166,347,42,28,1,5,1,
33,14,838,306,21,16,1,5,1,
33,16,620,380,16,17,1,5,1,
33,18,724,177,48,24,1,5,1,
33,19,726,425,24,12,1,5,1,
33,21,795,200,22,19,1,5,1,
33,22,547,377,65,15,1,5,1,
33,23,776,393,36,20,1,5,1,
33,24,744,274,72,18,1,5,1,
33,25,132,151,25,20,1,5,1,
33,26,779,306,15,9,1,5,1,
33,27,724,320,37,16,1,5,1,
33,29,57,43,21,17,1,5,1,
33,30,744,412,13,14,1,5,1,
33,31,698,153,25,14,1,5,1,
33,32,587,225,81,23,1,5,1,
34,1,895,182,15,13,1,5,1,
34,3,799,144,42,16,1,5,1,
34,4,667,180,12,16,1,5,1,
34,5,600,127,64,26,1,5,1,
34,6,805,179,36,18,1,5,1,
34,7,805,326,24,6,1,5,1,
34,8,155,125,17,15,1,5,1,
34,10,688,356,64,16,1,5,1,
34,11,749,42,36,31,1,5,1,
34,12,-8,8,22,33,1,5,1,
34,13,169,348,43,29,1,5,1,
34,14,837,306,21,15,1,5,1,
34,16,621,379,16,16,1,5,1,
34,18,729,178,46,23,1,5,1,
34,19,723,423,24,12,1,5,1,
34,21,795,201,22,19,1,5,1,
34,22,556,377,65,16,1,5,1,
34,23,780,392,35,20,1,5,1,
34,24,755,274,66,18,1,5,1,
34,25,133,150,25,20,1,5,1,
34,26,781,306,15,9,1,5,1,
34,27,725,320,30,15,1,5,1,
34,29,58,41,21,17,1,5,1,
34,30,743,411,14,14,1,5,1,
34,31,700,154,25,14,1,5,1,
34,32,593,226,82,22,1,5,1,
35,1,895,183,15,13,1,5,1,
35,3,795,145,42,16,1,5,1,
35,4,667,181,12,16,1,5,1,
35,5,606,128,62,26,1,5,1,
35,6,810,180,35,17,1,5,1,
35,7,803,326,21,6,1,5,1,
35,8,154,123,17,15,1,5,1,
35,10,694,357,65,15,1,5,1,
35,11,753,44,35,31,1,5,1,
35,12,-10,4,22,34,1,5,1,
35,13,171,349,46,30,1,5,1,
35,14,835,306,21,15,1,5,1,
35,16,622,377,16,17,1,5,1,
35,18,733,179,45,23,1,5,1,
35,19,720,422,25,12,1,5,1,
35,21,795,201,21,19,1,5,1,
35,22,565,377,65,16,1,5,1,
35,23,784,391,34,19,1,5,1,
35,24,766,274,60,17,1,5,1,
35,25,134,149,25,20,1,5,1,
35,26,783,306,15,8,1,5,1,
35,27,725,319,25,15,1,5,1,
35,29,58,39,25,17,1,5,1,
35,30,742,410,15,13,1,5,1,
35,31,703,154,26,15,1,5,1,
35,32,601,226,80,22,1,5,1,
36,1,895,184,15,12,1,5,1,
36,3,791,146,41,16,1,5,1,
36,4,668,182,11,15,1,5,1,
36,5,612,129,59,25,1,5,1,
36,6,815,180,33,18,1,5,1,
36,7,801,325,19,6,1,5,1,
36,8,152,121,18,15,1,5,1,
36,10,701,357,65,15,1,5,1,
36,11,757,46,33,30,1,5,1,
36,12,-12,0,23,35,1,5,1,
36,13,174,350,49,31,1,5,1,
36,14,833,305,26,15,1,5,1,
36,16,624,376,15,16,1,5,1,
36,18,738,179,43,23,1,5,1,
36,19,718,421,25,11,1,5,1,
36,21,794,202,22,19,1,5,1,
36,22,575,377,64,16,1,5,1,
36,23,788,390,33,19,1,5,1,
36,24,778,274,51,17,1,5,1,
36,25,134,148,25,20,1,5,1,
36,26,787,306,11,8,1,5,1,
36,27,725,319,22,15,1,5,1,
36,29,57,38,31,17,1,5,1,
36,30,742,408,15,14,1,5,1,
36,31,706,155,25,14,1,5,1,
36,32,608,226,79,22,1,5,1,
37,1,895,185,14,12,1,5,1,
37,3,787,147,41,16,1,5,1,
37,4,668,183,11,15,1,5,1,
37,5,617,129,57,26,1,5,1,
37,6,820,181,31,18,1,5,1,
37,7,799,324,18,7,1,5,1,
37,8,151,119,17,16,1,5,1,
37,10,708,357,65,16,1,5,1,
37,11,760,48,33,30,1,5,1,
37,13,178,352,50,31,1,5,1,
37,14,831,305,31,15,1,5,1,
37,16,626,375,16,16,1,5,1,
37,18,742,180,42,23,1,5,1,
37,19,715,419,25,12,1,5,1,
37,21,794,203,22,18,1,5,1,
37,22,584,377,64,16,1,5,1,
37,23,792,389,32,19,1,5,1,
37,24,788,274,43,17,1,5,1,
37,25,136,147,26,20,1,5,1,
37,26,788,306,11,8,1,5,1,
37,27,724,318,23,15,1,5,1,
37,29,59,37,34,16,1,5,1,
37,30,741,407,16,13,1,5,1,
37,31,709,156,24,14,1,5,1,
37,32,616,226,76,22,1,5,1,
38,1,894,185,15,13,1,5,1,
38,3,783,148,41,16,1,5,1,
38,4,667,183,11,15,1,5,1,
38,5,622,130,54,26,1,5,1,
38,6,824,182,29,17,1,5,1,
38,7,796,324,19,7,1,5,1,
38,8,149,116,18,17,1,5,1,
38,10,716,357,61,15,1,5,1,
38,11,764,50,31,30,1,5,1,
38,13,181,353,53,32,1,5,1,
38,14,825,304,38,15,1,5,1,
38,16,625,374,22,15,1,5,1,
38,18,746,181,40,22,1,5,1,
38,19,713,418,25,12,1,5,1,
38,21,794,203,21,18,1,5,1,
38,22,593,377,63,16,1,5,1,
38,23,796,388,31,19,1,5,1,
38,24,796,274,37,16,1,5,1,
38,25,137,146,26,21,1,5,1,
38,26,788,305,11,8,1,5,1,
38,27,722,318,25,15,1,5,1,
38,29,62,35,35,17,1,5,1,
38,30,740,406,17,13,1,5,1,
38,31,712,156,22,14,1,5,1,
38,32,623,226,75,22,1,5,1,
39,1,893,186,15,12,1,5,1,
39,3,781,149,37,16,1,5,1,
39,4,666,184,11,15,1,5,1,
39,5,627,131,52,26,1,5,1,
39,6,828,182,28,18,1,5,1,
39,7,794,324,18,6,1,5,1,
39,8,147,114,18,17,1,5,1,
39,10,725,357,56,15,1,5,1,
39,11,767,52,30,30,1,5,1,
39,13,185,355,56,32,1,5,1,
39,14,819,304,44,15,1,5,1,
39,16,625,373,28,15,1,5,1,
39,18,750,181,39,23,1,5,1,
39,19,710,417,25,11,1,5,1,
39,21,793,204,21,18,1,5,1,
39,22,602,377,63,16,1,5,1,
39,23,800,387,29,19,1,5,1,
39,24,799,274,41,17,1,5,1,
39,25,138,145,27,21,1,5,1,
39,26,788,305,11,8,1,5,1,
39,27,721,317,25,15,1,5,1,
39,29,66,33,35,17,1,5,1,
39,30,738,404,18,13,1,5,1,
39,31,715,157,21,14,1,5,1,
39,32,630,226,74,22,1,5,1,
40,1,892,187,15,12,1,5,1,
40,3,779,150,33,15,1,5,1,
40,4,664,184,15,15,1,5,1,
40,5,631,132,51,26,1,5,1,
40,6,832,183,26,17,1,5,1,
40,7,791,323,19,7,1,5,1,
40,8,145,112,19,17,1,5,1,
40,10,734,356,50,15,1,5,1,
40,11,770,54,29,30,1,5,1,
40,13,189,356,58,33,1,5,1,
40,14,813,303,49,15,1,5,1,
40,16,625,373,34,14,1,5,1,
40,18,754,182,37,22,1,5,1,
40,19,707,416,26,11,1,5,1,
40,21,793,204,21,18,1,5,1,
40,22,611,377,62,16,1,5,1,
40,23,803,386,28,19,1,5,1,
40,24,802,274,45,17,1,5,1,
40,25,139,144,28,21,1,5,1,
40,26,788,305,11,8,1,5,1,
40,27,719,317,26,14,1,5,1,
40,29,70,32,35,16,1,5,1,
40,30,737,403,18,13,1,5,1,
40,31,718,157,19,15,1,5,1,
40,32,637,226,72,23,1,5,1,
41,1,891,188,15,12,1,5,1,
41,3,778,151,29,15,1,5,1,
41,4,661,185,19,15,1,5,1,
41,5,635,133,50,26,1,5,1,
41,6,836,184,24,17,1,5,1,
41,7,788,323,20,6,1,5,1,
41,8,143,109,19,18,1,5,1,
41,10,743,356,43,15,1,5,1,
41,11,773,56,29,29,1,5,1,
41,13,193,357,61,34,1,5,1,
41,14,809,303,50,15,1,5,1,
41,16,627,372,39,14,1,5,1,
41,18,758,183,36,22,1,5,1,
41,19,705,415,25,11,1,5,1,
41,21,792,205,21,18,1,5,1,
41,22,620,377,62,15,1,5,1,
41,23,806,385,28,19,1,5,1,
41,24,804,275,51,17,1,5,1,
41,25,141,142,28,21,1,5,1,
41,26,788,305,10,7,1,5,1,
41,27,717,316,27,15,1,5,1,
41,29,73,30,37,17,1,5,1,
41,30,735,402,19,13,1,5,1,
41,31,720,158,18,14,1,5,1,
41,32,643,226,72,23,1,5,1,
42,1,890,189,15,12,1,5,1,
42,3,777,152,25,15,1,5,1,
42,4,660,186,19,14,1,5,1,
42,5,639,134,48,26,1,5,1,
42,6,839,185,24,17,1,5,1,
42,8,141,107,19,18,1,5,1,
42,10,751,355,35,15,1,5,1,
42,11,776,58,28,29,1,5,1,
42,13,197,359,64,34,1,5,1,
42,14,806,303,49,14,1,5,1,
42,16,629,372,44,13,1,5,1,
42,18,761,184,35,22,1,5,1,
42,19,702,414,26,10,1,5,1,
42,21,792,206,20,17,1,5,1,
42,22,628,377,63,15,1,5,1,
42,23,809,384,28,19,1,5,1,
42,24,809,275,53,17,1,5,1,
42,25,142,141,30,21,1,5,1,
42,26,788,304,10,8,1,5,1,
42,27,715,316,28,14,1,5,1,
42,29,77,28,37,17,1,5,1,
42,30,734,400,19,13,1,5,1,
42,31,723,159,16,14,1,5,1,
42,32,650,227,70,22,1,5,1,
43,1,889,189,15,12,1,5,1,
43,3,777,153,20,15,1,5,1,
43,5,643,135,46,26,1,5,1,
43,6,842,185,23,17,1,5,1,
43,8,139,104,19,19,1,5,1,
43,10,757,354,32,15,1,5,1,
43,11,779,60,27,29,1,5,1,
43,13,202,361,67,34,1,5,1,
43,14,802,302,49,15,1,5,1,
43,16,632,372,48,13,1,5,1,
43,18,764,184,35,22,1,5,1,
43,19,699,413,26,10,1,5,1,
43,21,791,206,20,18,1,5,1,
43,22,637,377,63,15,1,5,1,
43,23,812,383,27,18,1,5,1,
43,24,815,275,53,17,1,5,1,
43,25,143,140,31,21,1,5,1,
43,26,788,304,10,8,1,5,1,
43,27,713,316,28,14,1,5,1,
43,29,81,26,38,18,1,5,1,
43,30,732,399,20,13,1,5,1,
43,31,725,159,15,14,1,5,1,
43,32,656,227,69,22,1,5,1,
44,1,888,190,15,12,1,5,1,
44,3,776,154,18,15,1,5,1,
44,5,647,136,44,26,1,5,1,
44,6,845,186,22,17,1,5,1,
44,8,138,102,20,19,1,5,1,
44,10,761,354,31,14,1,5,1,
44,11,781,62,27,28,1,5,1,
44,13,207,362,70,36,1,5,1,
44,14,799,302,48,14,1,5,1,
44,16,635,371,52,14,1,5,1,
44,18,767,185,34,22,1,5,1,
44,19,697,411,26,11,1,5,1,
44,21,790,207,21,17,1,5,1,
44,22,645,377,64,15,1,5,1,
44,23,813,383,31,17,1,5,1,
44,24,821,275,53,17,1,5,1,
44,25,144,138,33,22,1,5,1,
44,26,787,304,10,7,1,5,1,
44,27,711,315,28,14,1,5,1,
44,29,84,25,40,17,1,5,1,
44,30,731,398,19,13,1,5,1,
44,31,727,160,14,14,1,5,1,
44,32,662,227,69,22,1,5,1,
45,1,886,191,15,11,1,5,1,
45,3,774,155,19,15,1,5,1,
45,5,651,137,42,25,1,5,1,
45,6,848,187,21,16,1,5,1,
45,8,139,100,20,18,1,5,1,
45,10,765,353,30,15,1,5,1,
45,11,784,64,26,28,1,5,1,
45,13,212,364,74,36,1,5,1,
45,14,796,302,47,14,1,5,1,
45,16,639,372,56,13,1,5,1,
45,18,770,186,33,21,1,5,1,
45,21,790,208,20,16,1,5,1,
45,22,654,377,64,15,1,5,1,
45,23,815,382,32,17,1,5,1,
45,24,827,275,53,17,1,5,1,
45,25,145,137,35,22,1,5,1,
45,26,787,304,10,7,1,5,1,
45,27,708,315,30,13,1,5,1,
45,29,88,23,41,18,1,5,1,
45,30,729,397,20,12,1,5,1,
45,31,729,161,13,14,1,5,1,
45,32,668,227,68,22,1,5,1,
46,1,885,192,15,11,1,5,1,
46,3,773,156,18,14,1,5,1,
46,5,654,138,41,25,1,5,1,
46,6,850,188,21,16,1,5,1,
46,8,141,99,20,17,1,5,1,
46,10,768,352,30,15,1,5,1,
46,11,787,66,24,28,1,5,1,
46,13,217,365,78,38,1,5,1,
46,14,792,302,47,13,1,5,1,
46,16,644,371,58,14,1,5,1,
46,18,773,187,33,21,1,5,1,
46,21,789,208,20,17,1,5,1,
46,22,662,377,65,15,1,5,1,
46,23,818,381,32,18,1,5,1,
46,24,834,275,52,17,1,5,1,
46,25,147,136,37,22,1,5,1,
46,26,787,303,10,8,1,5,1,
46,27,706,314,30,14,1,5,1,
46,29,92,22,43,17,1,5,1,
46,30,728,396,19,12,1,5,1,
46,31,730,161,14,14,1,5,1,
46,32,674,228,67,21,1,5,1,
47,1,884,192,15,12,1,5,1,
47,3,772,157,16,14,1,5,1,
47,5,658,139,39,25,1,5,1,
47,6,853,188,20,17,1,5,1,
47,8,143,98,20,17,1,5,1,
47,10,772,352,29,14,1,5,1,
47,11,789,68,24,27,1,5,1,
47,13,223,367,81,38,1,5,1,
47,14,789,301,46,14,1,5,1,
47,16,650,371,59,14,1,5,1,
47,18,777,187,30,20,1,5,1,
47,21,787,209,21,16,1,5,1,
47,22,671,377,65,15,1,5,1,
47,23,822,380,31,18,1,5,1,
47,24,842,275,48,16,1,5,1,
47,25,149,135,39,22,1,5,1,
47,26,787,303,10,8,1,5,1,
47,27,704,314,30,13,1,5,1,
47,29,96,20,44,18,1,5,1,
47,30,726,395,20,12,1,5,1,
47,31,733,162,12,14,1,5,1,
47,32,680,228,65,21,1,5,1,
48,1,882,193,16,11,1,5,1,
48,5,661,140,38,25,1,5,1,
48,6,856,189,19,16,1,5,1,
48,8,143,97,23,16,1,5,1,
48,10,775,351,28,14,1,5,1,
48,11,792,70,23,27,1,5,1,
48,13,229,369,85,39,1,5,1,
48,14,786,301,45,13,1,5,1,
48,16,656,371,59,14,1,5,1,
48,18,782,187,28,20,1,5,1,
48,21,786,209,21,18,1,5,1,
48,22,680,377,64,15,1,5,1,
48,23,825,380,30,17,1,5,1,
48,24,850,274,42,16,1,5,1,
48,25,151,134,41,22,1,5,1,
48,26,787,303,10,7,1,5,1,
48,27,702,314,30,13,1,5,1,
48,29,101,19,45,17,1,5,1,
48,30,725,394,19,11,1,5,1,
48,31,734,163,12,13,1,5,1,
48,32,686,228,64,21,1,5,1,
49,1,881,194,15,11,1,5,1,
49,5,664,141,36,25,1,5,1,
49,6,858,190,19,16,1,5,1,
49,8,145,95,24,16,1,5,1,
49,10,779,351,26,14,1,5,1,
49,11,794,72,22,27,1,5,1,
49,13,235,371,89,39,1,5,1,
49,14,783,301,44,13,1,5,1,
49,16,662,371,60,14,1,5,1,
49,18,788,187,24,20,1,5,1,
49,21,784,210,21,18,1,5,1,
49,22,689,377,64,15,1,5,1,
49,23,829,379,28,17,1,5,1,
49,24,856,275,43,16,1,5,1,
49,25,153,132,43,23,1,5,1,
49,26,788,303,9,7,1,5,1,
49,27,703,313,25,13,1,5,1,
49,29,105,17,47,18,1,5,1,
49,30,724,392,19,12,1,5,1,
49,31,735,163,12,14,1,5,1,
49,32,692,228,62,22,1,5,1,
50,1,879,195,16,11,1,5,1,
50,5,668,142,33,25,1,5,1,
50,6,861,190,18,16,1,5,1,
50,8,147,93,26,16,1,5,1,
50,10,780,350,32,14,1,5,1,
50,11,796,74,22,26,1,5,1,
50,13,242,373,93,40,1,5,1,
50,14,780,300,43,14,1,5,1,
50,16,669,372,59,13,1,5,1,
50,18,792,188,22,19,1,5,1,
50,21,783,211,20,18,1,5,1,
50,22,698,376,63,16,1,5,1,
50,23,833,378,27,17,1,5,1,
50,24,862,274,39,16,1,5,1,
50,25,156,131,44,23,1,5,1,
50,26,788,302,9,8,1,5,1,
50,27,703,313,22,13,1,5,1,
50,29,110,16,48,17,1,5,1,
50,30,722,392,19,11,1,5,1,
50,31,735,164,13,14,1,5,1,
50,32,697,228,61,22,1,5,1,
51,1,878,195,15,11,1,5,1,
51,5,671,143,32,25,1,5,1,
51,6,862,191,18,16,1,5,1,
51,8,150,90,26,18,1,5,1,
51,10,780,350,39,14,1,5,1,
51,11,799,75,21,27,1,5,1,
51,13,249,375,98,41,1,5,1,
51,14,778,300,41,13,1,5,1,
51,16,676,372,59,14,1,5,1,
51,18,794,188,21,20,1,5,1,
51,21,782,212,18,18,1,5,1,
51,22,707,376,62,16,1,5,1,
51,23,836,377,26,17,1,5,1,
51,24,867,275,40,16,1,5,1,
51,25,159,130,46,23,1,5,1,
51,26,788,302,9,7,1,5,1,
51,27,704,313,17,12,1,5,1,
51,29,115,14,49,18,1,5,1,
51,30,721,391,18,11,1,5,1,
51,31,736,165,12,14,1,5,1,
51,32,703,229,60,21,1,5,1,
52,1,876,196,16,11,1,5,1,
52,5,674,144,30,25,1,5,1,
52,6,864,192,18,15,1,5,1,
52,8,152,88,28,18,1,5,1,
52,10,781,350,45,14,1,5,1,
52,11,801,77,20,26,1,5,1,
52,13,257,377,102,42,1,5,1,
52,14,776,300,39,13,1,5,1,
52,16,683,372,58,14,1,5,1,
52,18,795,189,22,19,1,5,1,
52,21,781,213,17,18,1,5,1,
52,22,717,376,61,16,1,5,1,
52,23,839,376,26,17,1,5,1,
52,24,873,274,36,16,1,5,1,
52,25,162,129,47,23,1,5,1,
52,26,788,302,9,7,1,5,1,
52,27,705,313,14,12,1,5,1,
52,29,121,12,49,18,1,5,1,
52,30,720,390,18,11,1,5,1,
52,31,736,165,12,14,1,5,1,
52,32,709,229,58,21,1,5,1,
53,1,875,197,15,10,1,5,1,
53,5,676,145,29,24,1,5,1,
53,6,865,193,18,15,1,5,1,
53,8,155,86,29,18,1,5,1,
53,10,784,351,49,13,1,5,1,
53,11,803,79,19,26,1,5,1,
53,13,264,379,107,43,1,5,1,
53,14,773,300,38,12,1,5,1,
53,16,689,372,59,14,1,5,1,
53,18,796,190,22,19,1,5,1,
53,21,780,214,16,17,1,5,1,
53,22,725,376,61,15,1,5,1,
53,23,844,375,21,17,1,5,1,
53,24,880,274,31,15,1,5,1,
53,25,164,127,50,24,1,5,1,
53,26,788,302,10,7,1,5,1,
53,27,706,313,13,12,1,5,1,
53,29,126,11,50,18,1,5,1,
53,30,719,389,17,11,1,5,1,
53,31,736,166,12,14,1,5,1,
53,32,714,229,57,21,1,5,1,
54,1,873,197,15,11,1,5,1,
54,5,679,146,27,24,1,5,1,
54,6,867,193,18,15,1,5,1,
54,8,158,84,30,18,1,5,1,
54,10,788,351,51,14,1,5,1,
54,11,805,81,19,25,1,5,1,
54,13,273,381,112,44,1,5,1,
54,14,771,299,37,13,1,5,1,
54,16,695,372,59,14,1,5,1,
54,18,798,190,21,19,1,5,1,
54,21,780,215,16,16,1,5,1,
54,22,733,376,61,15,1,5,1,
54,23,844,374,22,17,1,5,1,
54,24,884,274,32,16,1,5,1,
54,25,168,126,51,24,1,5,1,
54,26,788,301,10,8,1,5,1,
54,27,705,312,14,12,1,5,1,
54,29,130,9,53,19,1,5,1,
54,30,718,388,17,11,1,5,1,
54,31,736,167,12,14,1,5,1,
54,32,719,229,56,21,1,5,1,
55,1,871,198,16,10,1,5,1,
55,5,681,147,26,24,1,5,1,
55,6,868,194,18,15,1,5,1,
55,8,161,82,32,18,1,5,1,
55,10,796,351,46,14,1,5,1,
55,11,806,82,19,26,1,5,1,
55,13,281,383,118,45,1,5,1,
55,14,771,299,33,13,1,5,1,
55,16,702,372,58,14,1,5,1,
55,18,799,191,21,19,1,5,1,
55,21,779,215,16,17,1,5,1,
55,22,742,376,60,15,1,5,1,
55,23,847,374,21,16,1,5,1,
55,24,886,275,35,15,1,5,1,
55,25,171,125,53,24,1,5,1,
55,26,788,301,10,7,1,5,1,
55,27,703,311,16,12,1,5,1,
55,29,135,8,55,18,1,5,1,
55,30,716,387,18,10,1,5,1,
55,31,736,168,11,13,1,5,1,
55,32,724,230,54,20,1,5,1,
56,1,870,199,15,10,1,5,1,
56,5,683,148,25,24,1,5,1,
56,6,869,195,18,14,1,5,1,
56,8,164,80,35,18,1,5,1,
56,10,805,351,38,13,1,5,1,
56,11,808,84,18,25,1,5,1,
56,13,291,386,123,46,1,5,1,
56,14,768,299,34,12,1,5,1,
56,16,709,372,58,14,1,5,1,
56,18,800,192,21,18,1,5,1,
56,21,778,216,16,16,1,5,1,
56,22,750,375,60,16,1,5,1,
56,23,849,373,21,16,1,5,1,
56,24,888,275,38,16,1,5,1,
56,25,174,123,56,25,1,5,1,
56,26,788,301,10,7,1,5,1,
56,27,701,310,18,12,1,5,1,
56,29,141,7,56,18,1,5,1,
56,30,715,386,18,10,1,5,1,
56,31,736,169,11,13,1,5,1,
56,32,729,230,53,21,1,5,1,
57,1,868,200,16,10,1,5,1,
57,5,685,149,24,24,1,5,1,
57,6,870,195,18,15,1,5,1,
57,8,167,78,38,18,1,5,1,
57,10,813,350,30,14,1,5,1,
57,11,809,86,18,25,1,5,1,
57,13,300,388,129,47,1,5,1,
57,14,765,299,35,12,1,5,1,
57,16,716,372,57,14,1,5,1,
57,18,801,193,21,18,1,5,1,
57,21,777,216,16,16,1,5,1,
57,22,759,375,58,15,1,5,1,
57,23,850,372,22,16,1,5,1,
57,24,892,275,36,15,1,5,1,
57,25,177,122,58,25,1,5,1,
57,26,788,301,9,7,1,5,1,
57,27,701,310,17,12,1,5,1,
57,29,146,5,58,19,1,5,1,
57,30,713,385,18,10,1,5,1,
57,31,735,170,12,13,1,5,1,
57,32,734,230,51,21,1,5,1,
58,1,867,200,15,10,1,5,1,
58,5,687,150,23,24,1,5,1,
58,6,871,196,17,15,1,5,1,
58,8,170,76,41,18,1,5,1,
58,10,821,350,22,13,1,5,1,
58,11,810,87,18,25,1,5,1,
58,13,310,391,136,47,1,5,1,
58,14,762,299,36,12,1,5,1,
58,16,722,372,56,14,1,5,1,
58,18,802,193,20,19,1,5,1,
58,21,777,217,16,16,1,5,1,
58,22,767,375,58,15,1,5,1,
58,23,852,371,21,16,1,5,1,
58,24,899,275,30,14,1,5,1,
58,25,180,121,61,25,1,5,1,
58,26,788,301,9,7,1,5,1,
58,27,700,310,17,12,1,5,1,
58,29,152,4,59,19,1,5,1,
58,30,712,384,18,10,1,5,1,
58,31,735,170,12,13,1,5,1,
58,32,739,231,48,20,1,5,1,
59,1,865,201,16,10,1,5,1,
59,5,690,151,21,24,1,5,1,
59,6,871,197,18,14,1,5,1,
59,8,174,74,44,19,1,5,1,
59,10,828,349,15,13,1,5,1,
59,11,811,89,18,24,1,5,1,
59,13,321,393,142,49,1,5,1,
59,14,759,298,37,12,1,5,1,
59,16,730,372,54,14,1,5,1,
59,18,802,194,21,18,1,5,1,
59,21,776,217,16,16,1,5,1,
59,22,776,375,56,15,1,5,1,
59,23,852,370,21,16,1,5,1,
59,24,907,274,24,15,1,5,1,
59,25,185,120,62,24,1,5,1,
59,26,788,300,9,7,1,5,1,
59,27,699,309,18,12,1,5,1,
59,29,159,3,60,19,1,5,1,
59,30,710,383,19,10,1,5,1,
59,31,734,171,12,13,1,5,1,
59,32,745,231,45,20,1,5,1,
60,1,863,201,16,10,1,5,1,
60,5,691,152,21,24,1,5,1,
60,6,872,197,17,15,1,5,1,
60,8,178,72,46,19,1,5,1,
60,10,828,348,15,13,1,5,1,
60,11,812,91,18,24,1,5,1,
60,13,332,396,149,49,1,5,1,
60,14,756,298,37,12,1,5,1,
60,16,737,372,52,13,1,5,1,
60,18,803,195,21,18,1,5,1,
60,21,775,217,17,16,1,5,1,
60,22,784,374,55,15,1,5,1,
60,23,852,369,21,16,1,5,1,
60,24,912,274,21,14,1,5,1,
60,25,189,119,64,25,1,5,1,
60,26,787,300,9,7,1,5,1,
60,27,698,309,18,12,1,5,1,
60,29,165,2,61,19,1,5,1,
60,30,708,382,19,10,1,5,1,
60,31,733,172,14,13,1,5,1,
60,32,749,231,43,20,1,5,1,
61,1,861,202,17,10,1,5,1,
61,5,693,153,19,24,1,5,1,
61,6,872,198,17,14,1,5,1,
61,8,183,71,48,18,1,5,1,
61,10,830,348,15,13,1,5,1,
61,11,813,92,17,24,1,5,1,
61,13,344,399,156,50,1,5,1,
61,14,753,298,38,12,1,5,1,
61,16,743,372,51,13,1,5,1,
61,18,804,195,20,18,1,5,1,
61,21,774,218,17,16,1,5,1,
61,22,792,374,54,15,1,5,1,
61,23,854,369,20,15,1,5,1,
61,24,913,274,21,15,1,5,1,
61,25,193,117,66,25,1,5,1,
61,26,787,300,8,7,1,5,1,
61,27,697,309,18,11,1,5,1,
61,29,171,1,63,19,1,5,1,
61,30,707,381,19,10,1,5,1,
61,31,731,173,16,13,1,5,1,
61,32,753,232,42,19,1,5,1,
62,1,859,203,17,9,1,5,1,
62,5,695,154,18,23,1,5,1,
62,6,872,199,17,14,1,5,1,
62,8,188,69,50,18,1,5,1,
62,10,832,348,16,12,1,5,1,
62,11,814,94,17,24,1,5,1,
62,13,356,402,165,50,1,5,1,
62,14,750,298,39,11,1,5,1,
62,16,749,371,51,14,1,5,1,
62,18,805,196,20,18,1,5,1,
62,21,773,218,17,16,1,5,1,
62,22,800,374,53,14,1,5,1,
62,23,854,367,20,16,1,5,1,
62,24,915,275,20,14,1,5,1,
62,25,198,116,68,25,1,5,1,
62,26,786,300,9,6,1,5,1,
62,27,696,308,19,12,1,5,1,
62,29,178,0,64,19,1,5,1,
62,30,705,380,20,10,1,5,1,
62,31,729,173,17,14,1,5,1,
62,32,757,232,41,20,1,5,1,
63,1,856,203,18,10,1,5,1,
63,5,696,155,17,23,1,5,1,
63,6,872,199,17,14,1,5,1,
63,8,193,67,52,19,1,5,1,
63,10,833,347,15,12,1,5,1,
63,11,814,96,18,23,1,5,1,
63,13,370,405,172,51,1,5,1,
63,14,747,297,39,12,1,5,1,
63,16,755,371,50,14,1,5,1,
63,18,805,197,20,17,1,5,1,
63,21,772,219,18,15,1,5,1,
63,22,807,373,52,15,1,5,1,
63,23,856,367,19,15,1,5,1,
63,24,914,275,25,15,1,5,1,
63,25,202,115,70,25,1,5,1,
63,26,785,300,10,6,1,5,1,
63,27,695,308,19,11,1,5,1,
63,29,185,0,64,18,1,5,1,
63,30,703,379,20,10,1,5,1,
63,31,727,174,18,13,1,5,1,
63,32,760,232,40,20,1,5,1,
64,1,854,204,18,9,1,5,1,
64,5,697,157,16,22,1,5,1,
64,6,872,200,17,14,1,5,1,
64,8,199,65,53,19,1,5,1,
64,10,833,346,15,12,1,5,1,
64,11,815,97,17,23,1,5,1,
64,13,384,408,179,51,1,5,1,
64,14,744,297,39,12,1,5,1,
64,16,761,371,49,13,1,5,1,
64,18,806,198,20,17,1,5,1,
64,21,771,219,18,16,1,5,1,
64,22,815,373,51,14,1,5,1,
64,23,856,366,20,15,1,5,1,
64,24,916,275,24,14,1,5,1,
64,25,207,114,72,25,1,5,1,
64,26,784,299,10,7,1,5,1,
64,27,694,308,19,11,1,5,1,
64,29,192,0,65,17,1,5,1,
64,30,701,379,21,9,1,5,1,
64,31,726,175,17,13,1,5,1,
64,32,764,233,38,19,1,5,1,
65,1,853,204,17,10,1,5,1,
65,5,698,158,16,22,1,5,1,
65,6,872,201,17,13,1,5,1,
65,8,205,63,55,19,1,5,1,
65,10,833,345,16,12,1,5,1,
65,11,815,99,18,23,1,5,1,
65,13,400,412,186,49,1,5,1,
65,14,741,297,39,11,1,5,1,
65,16,767,370,48,14,1,5,1,
65,18,806,198,20,17,1,5,1,
65,21,770,220,17,15,1,5,1,
65,22,822,372,51,15,1,5,1,
65,23,856,365,20,16,1,5,1,
65,24,921,275,22,14,1,5,1,
65,25,212,113,74,25,1,5,1,
65,26,783,299,11,7,1,5,1,
65,27,693,308,19,11,1,5,1,
65,29,199,0,66,16,1,5,1,
65,31,724,176,18,13,1,5,1,
65,32,768,233,36,19,1,5,1,
66,1,850,205,17,9,1,5,1,
66,5,698,159,16,22,1,5,1,
66,6,872,201,17,14,1,5,1,
66,8,211,59,55,20,1,5,1,
66,10,833,344,16,12,1,5,1,
66,11,816,100,17,23,1,5,1,
66,13,415,415,193,49,1,5,1,
66,14,738,297,39,11,1,5,1,
66,16,773,370,46,14,1,5,1,
66,18,807,199,19,17,1,5,1,
66,21,769,220,17,15,1,5,1,
66,22,829,372,50,14,1,5,1,
66,23,858,364,19,16,1,5,1,
66,24,924,274,21,14,1,5,1,
66,25,217,111,76,26,1,5,1,
66,26,782,299,11,6,1,5,1,
66,27,692,307,19,11,1,5,1,
66,29,206,0,67,15,1,5,1,
66,31,722,177,18,12,1,5,1,
66,32,771,233,34,19,1,5,1,
67,1,848,206,17,9,1,5,1,
67,5,698,160,16,22,1,5,1,
67,6,872,202,16,13,1,5,1,
67,8,218,57,56,20,1,5,1,
67,10,833,344,16,12,1,5,1,
67,11,816,102,17,22,1,5,1,
67,13,434,417,197,49,1,5,1,
67,14,736,296,38,12,1,5,1,
67,16,779,370,45,13,1,5,1,
67,18,807,200,20,16,1,5,1,
67,21,767,221,18,14,1,5,1,
67,22,837,372,48,14,1,5,1,
67,23,858,364,20,15,1,5,1,
67,24,925,274,20,14,1,5,1,
67,25,223,110,77,26,1,5,1,
67,26,781,299,11,6,1,5,1,
67,27,691,307,19,11,1,5,1,
67,29,214,0,67,14,1,5,1,
67,31,720,177,18,13,1,5,1,
67,32,775,234,32,18,1,5,1,
68,1,846,206,17,9,1,5,1,
68,5,698,161,16,21,1,5,1,
68,6,872,203,16,13,1,5,1,
68,8,224,55,58,20,1,5,1,
68,10,833,343,15,12,1,5,1,
68,11,817,103,17,23,1,5,1,
68,13,452,418,202,49,1,5,1,
68,14,733,296,37,11,1,5,1,
68,16,785,370,44,13,1,5,1,
68,18,808,200,19,17,1,5,1,
68,21,767,221,17,14,1,5,1,
68,22,844,371,47,14,1,5,1,
68,23,858,363,19,15,1,5,1,
68,24,927,275,18,14,1,5,1,
68,25,227,109,81,26,1,5,1,
68,26,780,299,11,6,1,5,1,
68,27,690,307,18,11,1,5,1,
68,29,221,0,69,13,1,5,1,
68,31,718,178,18,13,1,5,1,
68,32,778,234,31,19,1,5,1,
69,1,844,207,17,9,1,5,1,
69,5,698,162,16,21,1,5,1,
69,6,871,203,16,14,1,5,1,
69,8,230,53,60,20,1,5,1,
69,10,833,342,15,12,1,5,1,
69,11,817,105,17,22,1,5,1,
69,13,471,419,206,49,1,5,1,
69,14,731,296,36,11,1,5,1,
69,16,790,369,43,13,1,5,1,
69,18,808,201,19,16,1,5,1,
69,21,766,221,17,14,1,5,1,
69,22,851,371,46,14,1,5,1,
69,23,859,362,19,15,1,5,1,
69,24,928,275,20,13,1,5,1,
69,25,232,108,83,26,1,5,1,
69,27,689,306,18,11,1,5,1,
69,29,228,-1,70,13,1,5,1,
69,31,715,179,19,12,1,5,1,
69,32,781,234,30,19,1,5,1,
70,1,842,207,17,9,1,5,1,
70,5,698,163,15,21,1,5,1,
70,6,871,204,16,13,1,5,1,
70,8,237,51,61,20,1,5,1,
70,10,833,341,15,12,1,5,1,
70,11,817,106,17,22,1,5,1,
70,13,491,419,209,50,1,5,1,
70,14,728,296,36,11,1,5,1,
70,16,795,369,42,13,1,5,1,
70,18,808,201,19,16,1,5,1,
70,21,765,221,18,13,1,5,1,
70,22,857,370,45,14,1,5,1,
70,23,859,361,19,15,1,5,1,
70,24,929,274,20,13,1,5,1,
70,25,238,107,85,26,1,5,1,
70,27,688,306,18,11,1,5,1,
70,29,235,-1,72,13,1,5,1,
70,32,783,235,29,18,1,5,1,
71,1,840,208,18,9,1,5,1,
71,5,698,164,15,21,1,5,1,
71,6,870,205,16,12,1,5,1,
71,8,243,49,64,20,1,5,1,
71,10,832,341,16,12,1,5,1,
71,11,818,108,16,21,1,5,1,
71,13,510,420,212,49,1,5,1,
71,14,726,296,36,11,1,5,1,
71,16,800,368,41,14,1,5,1,
71,18,808,202,19,16,1,5,1,
71,21,764,221,19,14,1,5,1,
71,22,863,370,45,14,1,5,1,
71,23,859,360,19,15,1,5,1,
71,24,930,275,19,13,1,5,1,
71,25,243,105,88,28,1,5,1,
71,29,242,-2,74,13,1,5,1,
71,32,786,235,27,18,1,5,1,
72,1,837,208,19,9,1,5,1,
72,5,698,165,15,21,1,5,1,
72,6,870,205,15,13,1,5,1,
72,8,249,47,67,21,1,5,1,
72,10,832,340,15,12,1,5,1,
72,11,818,109,16,22,1,5,1,
72,13,531,420,213,50,1,5,1,
72,14,724,295,35,11,1,5,1,
72,16,805,368,40,13,1,5,1,
72,18,809,203,19,15,1,5,1,
72,21,763,221,19,14,1,5,1,
72,22,869,369,44,14,1,5,1,
72,23,860,360,18,14,1,5,1,
72,24,930,275,19,13,1,5,1,
72,25,249,104,90,28,1,5,1,
72,32,788,235,27,18,1,5,1,
73,1,835,209,19,9,1,5,1,
73,5,697,166,15,20,1,5,1,
73,6,869,206,15,13,1,5,1,
73,8,255,44,70,22,1,5,1,
73,10,832,339,15,12,1,5,1,
73,11,818,111,16,21,1,5,1,
73,13,551,420,215,50,1,5,1,
73,14,721,295,35,11,1,5,1,
73,16,809,367,40,13,1,5,1,
73,18,809,203,19,16,1,5,1,
73,21,762,222,20,13,1,5,1,
73,22,874,369,44,14,1,5,1,
73,23,859,359,19,14,1,5,1,
73,24,931,275,19,13,1,5,1,
73,25,254,103,93,28,1,5,1,
73,32,790,236,26,18,1,5,1,
74,1,833,210,19,8,1,5,1,
74,5,697,167,15,20,1,5,1,
74,6,868,207,15,12,1,5,1,
74,8,263,42,72,22,1,5,1,
74,10,832,339,15,11,1,5,1,
74,11,818,112,16,21,1,5,1,
74,13,573,419,215,51,1,5,1,
74,16,814,367,38,13,1,5,1,
74,18,809,204,19,15,1,5,1,
74,22,880,368,43,14,1,5,1,
74,23,859,358,19,14,1,5,1,
74,24,932,274,19,13,1,5,1,
74,25,260,102,96,28,1,5,1,
74,32,792,236,25,18,1,5,1,
75,1,831,210,19,9,1,5,1,
75,5,697,168,14,20,1,5,1,
75,6,867,207,15,12,1,5,1,
75,8,269,40,75,22,1,5,1,
75,10,831,338,15,12,1,5,1,
75,11,818,113,16,21,1,5,1,
75,13,591,419,218,51,1,5,1,
75,16,818,367,38,12,1,5,1,
75,18,809,205,19,15,1,5,1,
75,22,885,368,43,14,1,5,1,
75,23,859,357,19,15,1,5,1,
75,24,933,274,19,12,1,5,1,
75,25,266,101,98,28,1,5,1,
75,32,793,236,29,17,1,5,1,
76,1,828,211,20,8,1,5,1,
76,5,696,169,15,20,1,5,1,
76,6,867,208,14,12,1,5,1,
76,8,276,38,78,22,1,5,1,
76,10,831,338,15,11,1,5,1,
76,11,818,115,16,20,1,5,1,
76,13,613,419,218,51,1,5,1,
76,16,822,366,37,13,1,5,1,
76,18,810,205,18,15,1,5,1,
76,22,891,367,42,14,1,5,1,
76,23,858,356,19,15,1,5,1,
76,24,934,274,20,12,1,5,1,
76,25,272,100,101,28,1,5,1,
76,32,793,236,32,17,1,5,1,
77,1,826,211,20,8,1,5,1,
77,5,696,170,14,19,1,5,1,
77,6,866,209,15,11,1,5,1,
77,8,284,36,80,22,1,5,1,
77,10,831,337,14,11,1,5,1,
77,11,818,116,16,21,1,5,1,
77,13,633,419,219,50,1,5,1,
77,16,826,366,36,12,1,5,1,
77,18,810,206,18,14,1,5,1,
77,22,896,367,42,13,1,5,1,
77,23,859,356,18,14,1,5,1,
77,24,935,274,19,12,1,5,1,
77,25,279,99,103,28,1,5,1,
77,32,795,235,33,17,1,5,1,
78,1,824,212,19,8,1,5,1,
78,5,696,171,15,19,1,5,1,
78,6,865,209,15,12,1,5,1,
78,8,293,34,82,22,1,5,1,
78,10,830,337,15,11,1,5,1,
78,11,818,117,16,21,1,5,1,
78,13,657,418,217,51,1,5,1,
78,16,831,365,35,13,1,5,1,
78,18,810,206,18,15,1,5,1,
78,22,902,366,40,14,1,5,1,
78,23,858,355,18,14,1,5,1,
78,24,935,274,19,12,1,5,1,
78,25,286,98,105,28,1,5,1,
78,32,799,235,31,16,1,5,1,
79,1,822,212,19,8,1,5,1,
79,5,698,172,14,18,1,5,1,
79,6,863,210,17,11,1,5,1,
79,8,300,32,85,22,1,5,1,
79,10,830,336,15,11,1,5,1,
79,11,818,119,16,20,1,5,1,
79,13,677,418,218,51,1,5,1,
79,16,835,365,34,12,1,5,1,
79,18,810,207,18,14,1,5,1,
79,22,907,366,40,13,1,5,1,
79,23,859,355,17,13,1,5,1,
79,24,935,274,19,12,1,5,1,
79,25,293,97,107,29,1,5,1,
79,32,803,235,30,16,1,5,1,
80,1,820,213,18,7,1,5,1,
80,5,697,174,17,16,1,5,1,
80,6,860,210,20,12,1,5,1,
80,8,310,30,86,23,1,5,1,
80,10,829,336,15,10,1,5,1,
80,11,818,120,16,20,1,5,1,
80,13,701,418,215,51,1,5,1,
80,16,839,364,32,13,1,5,1,
80,18,811,207,17,15,1,5,1,
80,22,913,365,38,14,1,5,1,
80,23,858,354,17,14,1,5,1,
80,24,935,274,19,12,1,5,1,
80,25,301,96,108,29,1,5,1,
80,32,809,235,26,16,1,5,1,
81,1,817,213,20,8,1,5,1,
81,5,695,175,23,15,1,5,1,
81,6,858,211,22,11,1,5,1,
81,8,319,28,88,23,1,5,1,
81,10,829,335,15,11,1,5,1,
81,11,818,121,16,20,1,5,1,
81,13,722,418,215,50,1,5,1,
81,16,843,364,31,12,1,5,1,
81,18,811,208,17,14,1,5,1,
81,22,919,365,35,13,1,5,1,
81,23,858,353,17,14,1,5,1,
81,24,935,274,18,12,1,5,1,
81,25,308,95,110,29,1,5,1,
81,32,813,236,24,16,1,5,1,
82,1,815,214,19,7,1,5,1,
82,5,694,175,28,15,1,5,1,
82,6,855,211,24,11,1,5,1,
82,8,328,26,90,23,1,5,1,
82,10,828,334,16,11,1,5,1,
82,11,818,123,16,19,1,5,1,
82,13,745,417,213,51,1,5,1,
82,16,847,363,29,13,1,5,1,
82,18,811,209,17,13,1,5,1,
82,22,926,365,31,13,1,5,1,
82,23,858,353,17,13,1,5,1,
82,24,935,274,18,11,1,5,1,
82,25,316,93,112,30,1,5,1,
82,32,818,236,20,16,1,5,1,
83,5,694,175,33,15,1,5,1,
83,6,853,212,24,11,1,5,1,
83,8,338,23,92,23,1,5,1,
83,10,828,334,15,10,1,5,1,
83,11,818,124,15,19,1,5,1,
83,13,766,417,194,51,1,5,1,
83,16,851,363,28,12,1,5,1,
83,18,811,209,18,14,1,5,1,
83,22,932,364,27,13,1,5,1,
83,23,857,352,17,13,1,5,1,
83,24,934,274,18,11,1,5,1,
83,25,324,92,113,30,1,5,1,
83,32,819,237,20,15,1,5,1,
84,5,694,175,38,15,1,5,1,
84,6,850,213,25,10,1,5,1,
84,8,347,18,93,25,1,5,1,
84,10,827,333,16,11,1,5,1,
84,11,818,125,15,19,1,5,1,
84,13,786,417,174,50,1,5,1,
84,16,854,362,27,12,1,5,1,
84,18,812,210,17,13,1,5,1,
84,22,936,363,24,13,1,5,1,
84,23,857,351,16,13,1,5,1,
84,24,934,274,18,11,1,5,1,
84,25,331,91,116,30,1,5,1,
84,32,820,237,19,15,1,5,1,
85,5,696,175,40,15,1,5,1,
85,6,847,213,26,11,1,5,1,
85,8,357,14,94,27,1,5,1,
85,10,827,333,15,10,1,5,1,
85,11,818,126,15,19,1,5,1,
85,13,806,417,154,45,1,5,1,
85,16,858,362,25,12,1,5,1,
85,18,812,210,17,14,1,5,1,
85,22,941,363,19,12,1,5,1,
85,23,856,350,17,14,1,5,1,
85,24,933,274,18,11,1,5,1,
85,25,339,90,117,30,1,5,1,
85,32,821,237,19,16,1,5,1,
86,5,699,175,39,15,1,5,1,
86,6,844,214,27,10,1,5,1,
86,8,368,11,95,27,1,5,1,
86,10,826,332,16,11,1,5,1,
86,11,818,127,15,19,1,5,1,
86,13,829,417,131,43,1,5,1,
86,16,861,361,24,12,1,5,1,
86,18,812,211,17,13,1,5,1,
86,22,945,363,15,11,1,5,1,
86,23,855,350,17,13,1,5,1,
86,24,933,274,17,11,1,5,1,
86,25,347,89,119,30,1,5,1,
86,32,821,238,20,15,1,5,1,
87,5,702,175,38,15,1,5,1,
87,6,841,214,27,11,1,5,1,
87,8,377,9,98,26,1,5,1,
87,10,825,332,16,10,1,5,1,
87,11,817,128,15,19,1,5,1,
87,13,849,423,111,37,1,5,1,
87,16,864,361,23,12,1,5,1,
87,18,813,211,16,13,1,5,1,
87,22,948,364,12,10,1,5,1,
87,23,854,349,18,13,1,5,1,
87,24,932,274,17,11,1,5,1,
87,25,355,88,121,30,1,5,1,
87,32,822,238,19,15,1,5,1,
88,5,705,176,37,15,1,5,1,
88,6,838,215,28,10,1,5,1,
88,8,387,7,101,25,1,5,1,
88,10,825,331,15,10,1,5,1,
88,11,817,130,15,18,1,5,1,
88,13,871,425,89,33,1,5,1,
88,16,867,360,22,12,1,5,1,
88,18,813,212,16,13,1,5,1,
88,22,951,363,9,10,1,5,1,
88,23,854,349,17,12,1,5,1,
88,24,931,274,17,11,1,5,1,
88,25,363,87,124,30,1,5,1,
88,32,823,238,19,15,1,5,1,
89,5,708,176,36,15,1,5,1,
89,6,835,215,29,11,1,5,1,
89,8,396,4,105,26,1,5,1,
89,10,824,331,16,10,1,5,1,
89,11,817,131,14,18,1,5,1,
89,13,891,428,69,21,1,5,1,
89,16,870,359,21,12,1,5,1,
89,18,814,212,16,13,1,5,1,
89,23,853,348,18,13,1,5,1,
89,24,931,274,16,11,1,5,1,
89,25,371,86,126,31,1,5,1,
89,32,824,238,19,15,1,5,1,
90,5,712,176,34,15,1,5,1,
90,6,832,216,29,10,1,5,1,
90,8,408,2,106,26,1,5,1,
90,10,823,330,16,10,1,5,1,
90,11,816,132,15,18,1,5,1,
90,15,935,0,24,7,1,5,1,
90,16,873,359,20,12,1,5,1,
90,18,814,213,16,12,1,5,1,
90,23,852,347,18,13,1,5,1,
90,24,930,274,16,10,1,5,1,
90,25,381,85,126,31,1,5,1,
90,32,824,239,19,14,1,5,1,
91,5,715,177,33,15,1,5,1,
91,6,829,217,29,10,1,5,1,
91,8,417,0,111,26,1,5,1,
91,10,822,330,16,10,1,5,1,
91,11,816,133,14,18,1,5,1,
91,15,938,0,21,8,1,5,1,
91,16,875,358,19,12,1,5,1,
91,18,815,213,16,12,1,5,1,
91,23,851,347,19,12,1,5,1,
91,24,929,274,16,10,1,5,1,
91,25,389,85,129,30,1,5,1,
91,32,825,239,19,15,1,5,1,
92,5,717,177,33,15,1,5,1,
92,6,826,217,30,10,1,5,1,
92,8,427,0,115,24,1,5,1,
92,10,822,329,15,10,1,5,1,
92,11,816,134,14,18,1,5,1,
92,15,940,0,20,9,1,5,1,
92,16,877,358,19,11,1,5,1,
92,18,816,214,15,12,1,5,1,
92,23,850,346,19,12,1,5,1,
92,24,928,274,16,10,1,5,1,
92,25,397,84,131,31,1,5,1,
92,32,825,239,19,15,1,5,1,
93,5,720,178,32,14,1,5,1,
93,6,826,218,26,9,1,5,1,
93,8,438,0,118,22,1,5,1,
93,10,821,329,16,10,1,5,1,
93,11,815,135,14,18,1,5,1,
93,15,943,0,17,11,1,5,1,
93,16,879,357,19,12,1,5,1,
93,18,817,214,15,12,1,5,1,
93,23,849,345,19,13,1,5,1,
93,24,927,274,16,10,1,5,1,
93,25,406,83,133,31,1,5,1,
93,32,826,239,18,15,1,5,1,
94,5,723,178,31,15,1,5,1,
94,6,826,218,22,9,1,5,1,
94,8,449,0,121,21,1,5,1,
94,10,820,328,16,10,1,5,1,
94,11,815,136,14,18,1,5,1,
94,15,945,0,15,12,1,5,1,
94,16,882,356,17,12,1,5,1,
94,18,818,214,15,12,1,5,1,
94,23,848,345,19,12,1,5,1,
94,24,927,274,16,10,1,5,1,
94,25,415,82,134,31,1,5,1,
94,32,827,240,18,14,1,5,1,
95,5,725,178,32,15,1,5,1,
95,6,825,219,19,9,1,5,1,
95,8,460,-1,124,21,1,5,1,
95,10,819,328,16,10,1,5,1,
95,11,814,137,14,18,1,5,1,
95,15,948,0,12,14,1,5,1,
95,16,884,355,16,13,1,5,1,
95,18,819,215,15,12,1,5,1,
95,23,847,344,19,12,1,5,1,
95,24,928,274,15,10,1,5,1,
95,25,424,81,136,32,1,5,1,
95,32,827,240,18,14,1,5,1,
96,5,727,179,32,14,1,5,1,
96,6,825,219,15,9,1,5,1,
96,8,473,-2,125,21,1,5,1,
96,10,819,328,15,9,1,5,1,
96,11,814,139,14,17,1,5,1,
96,15,950,0,10,15,1,5,1,
96,16,884,354,16,13,1,5,1,
96,17,952,335,7,8,1,5,1,
96,18,820,215,15,12,1,5,1,
96,23,846,344,18,12,1,5,1,
96,24,928,274,14,10,1,5,1,
96,25,435,80,137,31,1,5,1,
96,32,828,240,18,14,1,5,1,
97,5,730,179,31,15,1,5,1,
97,6,826,220,11,8,1,5,1,
97,8,486,-3,126,20,1,5,1,
97,10,818,327,15,10,1,5,1,
97,11,815,140,13,16,1,5,1,
97,15,951,0,9,16,1,5,1,
97,16,884,354,16,12,1,5,1,
97,17,950,333,9,10,1,5,1,
97,18,821,216,15,11,1,5,1,
97,23,846,343,17,12,1,5,1,
97,24,929,275,13,10,1,5,1,
97,25,445,79,138,31,1,5,1,
97,32,828,241,18,14,1,5,1,
98,5,733,180,27,14,1,5,1,
98,6,827,220,11,9,1,5,1,
98,8,500,-3,127,20,1,5,1,
98,10,817,327,15,9,1,5,1,
98,11,815,141,14,16,1,5,1,
98,15,952,0,8,17,1,5,1,
98,16,884,353,16,12,1,5,1,
98,17,949,333,10,10,1,5,1,
98,18,822,216,15,12,1,5,1,
98,23,845,343,17,11,1,5,1,
98,24,928,275,14,10,1,5,1,
98,25,456,77,138,33,1,5,1,
98,32,829,241,17,14,1,5,1,
99,5,737,180,21,15,1,5,1,
99,6,829,220,10,9,1,5,1,
99,10,817,326,15,10,1,5,1,
99,11,815,142,13,16,1,5,1,
99,15,953,0,7,19,1,5,1,
99,16,885,353,16,11,1,5,1,
99,17,947,332,12,11,1,5,1,
99,18,823,216,15,12,1,5,1,
99,23,844,342,17,12,1,5,1,
99,24,928,275,14,10,1,5,1,
99,25,466,76,139,33,1,5,1,
99,32,829,241,18,14,1,5,1,
100,5,740,180,19,15,1,5,1,
100,6,830,221,11,8,1,5,1,
100,10,816,326,15,9,1,5,1,
100,11,815,143,13,15,1,5,1,
100,16,886,352,16,12,1,5,1,
100,17,946,332,13,12,1,5,1,
100,18,824,217,15,11,1,5,1,
100,23,843,341,18,12,1,5,1,
100,24,927,275,14,10,1,5,1,
100,25,476,73,142,33,1,5,1,
100,32,829,241,18,14,1,5,1,
101,5,742,180,19,16,1,5,1,
101,6,830,221,12,9,1,5,1,
101,8,537,-1,131,17,1,5,1,
101,10,815,326,15,9,1,5,1,
101,11,814,144,14,15,1,5,1,
101,16,886,351,16,12,1,5,1,
101,17,944,331,16,12,1,5,1,
101,18,825,217,15,11,1,5,1,
101,23,842,341,18,11,1,5,1,
101,24,926,275,15,10,1,5,1,
101,25,485,72,145,33,1,5,1,
101,32,830,242,17,13,1,5,1,
102,5,744,181,18,15,1,5,1,
102,6,832,221,11,9,1,5,1,
102,8,597,0,83,17,1,5,1,
102,10,814,325,15,9,1,5,1,
102,11,814,145,14,15,1,5,1,
102,16,887,351,16,11,1,5,1,
102,17,943,331,16,12,1,5,1,
102,18,826,217,14,12,1,5,1,
102,20,733,0,41,15,1,5,1,
102,23,841,340,18,12,1,5,1,
102,24,925,275,16,9,1,5,1,
102,25,496,71,145,33,1,5,1,
102,32,830,242,17,13,1,5,1,
103,5,745,182,18,15,1,5,1,
103,6,833,222,11,8,1,5,1,
103,8,609,0,84,17,1,5,1,
103,10,813,325,16,9,1,5,1,
103,11,814,145,13,16,1,5,1,
103,16,888,350,15,12,1,5,1,
103,17,941,330,18,12,1,5,1,
103,18,827,218,14,11,1,5,1,
103,20,737,0,40,19,1,5,1,
103,23,840,340,18,11,1,5,1,
103,24,924,275,16,9,1,5,1,
103,25,506,69,147,34,1,5,1,
103,32,830,242,17,13,1,5,1,
104,5,747,182,17,15,1,5,1,
104,6,834,222,11,8,1,5,1,
104,8,622,0,84,18,1,5,1,
104,10,813,324,15,9,1,5,1,
104,11,814,146,13,16,1,5,1,
104,16,888,350,16,11,1,5,1,
104,17,940,330,19,12,1,5,1,
104,18,827,218,15,11,1,5,1,
104,20,741,0,39,22,1,5,1,
104,23,839,339,18,11,1,5,1,
104,24,923,275,16,9,1,5,1,
104,25,518,68,148,34,1,5,1,
104,32,831,242,17,14,1,5,1,
105,5,748,183,16,15,1,5,1,
105,6,836,222,10,9,1,5,1,
105,8,632,0,87,19,1,5,1,
105,10,812,324,15,9,1,5,1,
105,11,813,147,13,15,1,5,1,
105,16,889,349,15,11,1,5,1,
105,17,938,329,21,12,1,5,1,
105,18,828,218,14,11,1,5,1,
105,20,746,0,37,26,1,5,1,
105,23,838,339,18,11,1,5,1,
105,24,922,275,16,9,1,5,1,
105,25,528,67,150,34,1,5,1,
105,32,831,243,17,13,1,5,1,
106,5,749,183,16,15,1,5,1,
106,6,837,223,10,8,1,5,1,
106,8,643,0,89,19,1,5,1,
106,10,811,324,15,8,1,5,1,
106,11,813,148,13,15,1,5,1,
106,16,889,348,15,12,1,5,1,
106,17,936,329,23,11,1,5,1,
106,18,829,219,14,11,1,5,1,
106,20,749,0,37,29,1,5,1,
106,23,837,338,18,11,1,5,1,
106,24,921,275,16,9,1,5,1,
106,25,539,66,151,35,1,5,1,
106,32,831,243,17,13,1,5,1,
107,5,751,184,15,15,1,5,1,
107,6,838,223,10,8,1,5,1,
107,8,650,0,95,20,1,5,1,
107,10,810,323,15,9,1,5,1,
107,11,813,149,12,15,1,5,1,
107,16,889,348,16,11,1,5,1,
107,17,935,328,24,12,1,5,1,
107,18,829,219,14,11,1,5,1,
107,20,753,0,35,32,1,5,1,
107,23,836,338,19,11,1,5,1,
107,24,920,275,17,9,1,5,1,
107,25,549,65,153,35,1,5,1,
107,32,831,243,17,13,1,5,1,
108,5,752,184,15,15,1,5,1,
108,6,839,223,10,8,1,5,1,
108,8,660,0,97,21,1,5,1,
108,10,809,323,16,8,1,5,1,
108,11,812,150,13,15,1,5,1,
108,16,890,347,15,11,1,5,1,
108,17,933,328,25,11,1,5,1,
108,18,830,219,14,11,1,5,1,
108,20,755,0,36,36,1,5,1,
108,23,835,337,18,11,1,5,1,
108,24,919,275,17,9,1,5,1,
108,25,560,65,154,34,1,5,1,
108,32,831,243,17,13,1,5,1,
109,5,753,185,14,14,1,5,1,
109,6,840,224,10,8,1,5,1,
109,8,668,0,102,22,1,5,1,
109,10,808,322,16,9,1,5,1,
109,11,812,151,12,15,1,5,1,
109,16,890,347,15,11,1,5,1,
109,17,932,327,24,12,1,5,1,
109,18,830,219,14,11,1,5,1,
109,20,755,0,38,39,1,5,1,
109,23,833,337,19,10,1,5,1,
109,24,918,275,17,9,1,5,1,
109,25,571,64,155,35,1,5,1,
109,32,832,243,16,13,1,5,1,
110,5,754,185,14,15,1,5,1,
110,6,841,224,10,8,1,5,1,
110,8,671,0,111,23,1,5,1,
110,10,807,322,16,8,1,5,1,
110,11,811,152,13,14,1,5,1,
110,16,890,346,15,11,1,5,1,
110,17,930,327,24,11,1,5,1,
110,18,831,220,14,11,1,5,1,
110,20,757,0,38,42,1,5,1,
110,23,832,336,19,11,1,5,1,
110,24,917,275,16,9,1,5,1,
110,25,583,63,155,35,1,5,1,
110,32,832,244,16,12,1,5,1,
111,5,755,186,14,14,1,5,1,
111,6,842,224,9,8,1,5,1,
111,8,681,0,113,24,1,5,1,
111,10,806,322,16,8,1,5,1,
111,11,810,153,13,14,1,5,1,
111,16,890,346,15,11,1,5,1,
111,17,929,326,23,12,1,5,1,
111,18,831,220,14,11,1,5,1,
111,20,758,0,39,45,1,5,1,
111,23,831,336,19,10,1,5,1,
111,24,916,275,16,9,1,5,1,
111,25,593,63,157,35,1,5,1,
111,32,832,244,16,12,1,5,1,
112,5,755,186,14,15,1,5,1,
112,6,843,224,9,8,1,5,1,
112,8,691,0,115,25,1,5,1,
112,10,805,321,16,9,1,5,1,
112,11,810,153,12,15,1,5,1,
112,16,890,345,15,11,1,5,1,
112,17,927,326,24,11,1,5,1,
112,18,831,220,14,11,1,5,1,
112,20,760,0,39,48,1,5,1,
112,23,830,335,19,11,1,5,1,
112,24,914,275,17,8,1,5,1,
112,25,605,62,157,35,1,5,1,
112,32,832,244,15,13,1,5,1,
113,5,756,187,14,14,1,5,1,
113,6,844,225,9,8,1,5,1,
113,8,704,0,113,26,1,5,1,
113,10,804,321,16,8,1,5,1,
113,11,809,154,12,15,1,5,1,
113,16,890,345,15,10,1,5,1,
113,17,926,326,23,11,1,5,1,
113,18,832,221,14,10,1,5,1,
113,20,762,0,39,51,1,5,1,
113,23,828,335,20,10,1,5,1,
113,24,913,275,17,8,1,5,1,
113,25,616,62,157,35,1,5,1,
113,32,832,244,15,13,1,5,1,
114,6,844,225,10,8,1,5,1,
114,8,717,0,111,28,1,5,1,
114,11,808,155,13,14,1,5,1,
114,16,890,344,15,11,1,5,1,
114,17,924,325,23,11,1,5,1,
114,18,832,221,14,11,1,5,1,
114,20,763,0,40,54,1,5,1,
114,23,827,334,20,10,1,5,1,
114,24,912,275,17,8,1,5,1,
114,25,629,61,156,36,1,5,1,
114,32,832,244,15,13,1,5,1,
115,6,845,225,9,8,1,5,1,
115,8,727,0,113,29,1,5,1,
115,11,808,156,12,14,1,5,1,
115,16,890,344,14,10,1,5,1,
115,17,922,325,24,11,1,5,1,
115,18,832,221,14,11,1,5,1,
115,20,765,1,39,56,1,5,1,
115,23,825,334,21,10,1,5,1,
115,24,910,275,18,8,1,5,1,
115,25,638,61,158,36,1,5,1,
115,32,831,245,16,12,1,5,1,
116,6,845,226,10,7,1,5,1,
116,8,739,1,112,29,1,5,1,
116,11,807,157,13,14,1,5,1,
116,16,890,343,14,11,1,5,1,
116,17,921,324,24,11,1,5,1,
116,18,832,222,14,10,1,5,1,
116,20,768,4,38,56,1,5,1,
116,23,823,333,21,10,1,5,1,
116,24,909,275,18,8,1,5,1,
116,25,649,61,159,36,1,5,1,
116,32,831,245,16,12,1,5,1,
117,6,846,226,9,8,1,5,1,
117,8,751,2,110,30,1,5,1,
117,11,806,158,13,13,1,5,1,
117,16,889,343,15,10,1,5,1,
117,17,919,324,24,11,1,5,1,
117,18,832,222,14,10,1,5,1,
117,20,771,8,36,55,1,5,1,
117,24,907,275,18,8,1,5,1,
117,25,661,61,157,36,1,5,1,
117,32,831,245,15,12,1,5,1,
118,6,846,226,10,8,1,5,1,
118,8,762,4,110,29,1,5,1,
118,16,889,342,14,10,1,5,1,
118,17,917,323,24,11,1,5,1,
118,20,774,12,34,54,1,5,1,
118,24,905,275,19,8,1,5,1,
118,25,672,61,157,36,1,5,1,
118,32,831,245,15,12,1,5,1,
119,2,808,0,16,12,1,5,1,
119,6,847,226,9,8,1,5,1,
119,8,770,4,112,30,1,5,1,
119,16,889,341,14,11,1,5,1,
119,17,916,323,24,11,1,5,1,
119,20,776,14,33,54,1,5,1,
119,24,904,275,19,8,1,5,1,
119,25,679,61,161,36,1,5,1,
119,32,831,245,15,12,1,5,1,
120,2,807,0,17,15,1,5,1,
120,6,847,227,9,7,1,5,1,
120,8,781,6,111,30,1,5,1,
120,16,888,341,14,10,1,5,1,
120,17,914,323,24,10,1,5,1,
120,20,778,18,33,53,1,5,1,
120,24,903,275,19,8,1,5,1,
120,25,691,61,160,36,1,5,1,
120,32,831,246,14,11,1,5,1,
121,2,806,0,22,19,1,5,1,
121,6,847,227,10,8,1,5,1,
121,8,791,7,111,30,1,5,1,
121,16,888,340,14,11,1,5,1,
121,17,912,322,25,11,1,5,1,
121,20,780,21,31,53,1,5,1,
121,24,901,275,19,8,1,5,1,
121,25,701,61,160,37,1,5,1,
121,32,830,246,15,12,1,5,1,
122,2,804,0,24,22,1,5,1,
122,6,848,227,9,8,1,5,1,
122,8,805,9,107,30,1,5,1,
122,16,887,340,14,10,1,5,1,
122,17,910,322,25,10,1,5,1,
122,20,782,25,30,51,1,5,1,
122,24,899,275,19,8,1,5,1,
122,25,716,61,155,37,1,5,1,
122,32,830,246,15,12,1,5,1,
123,2,803,0,23,25,1,5,1,
123,6,848,227,9,8,1,5,1,
123,8,815,11,107,29,1,5,1,
123,16,887,339,13,11,1,5,1,
123,17,909,322,24,10,1,5,1,
123,20,784,28,29,51,1,5,1,
123,24,898,275,19,8,1,5,1,
123,25,726,61,155,37,1,5,1,
123,32,830,246,14,12,1,5,1,
124,2,802,0,22,27,1,5,1,
124,6,848,228,9,7,1,5,1,
124,8,825,12,106,29,1,5,1,
124,16,886,339,14,10,1,5,1,
124,17,907,321,24,10,1,5,1,
124,20,786,31,27,50,1,5,1,
124,24,896,275,19,7,1,5,1,
124,25,737,62,154,37,1,5,1,
124,32,829,246,15,12,1,5,1,
125,2,801,0,23,30,1,5,1,
125,8,835,13,105,30,1,5,1,
125,16,886,338,13,10,1,5,1,
125,17,905,321,25,10,1,5,1,
125,20,787,35,27,48,1,5,1,
125,24,894,275,20,7,1,5,1,
125,25,748,62,153,37,1,5,1,
125,32,829,247,14,11,1,5,1,
126,2,799,0,24,33,1,5,1,
126,8,845,15,104,29,1,5,1,
126,16,885,338,13,10,1,5,1,
126,17,903,320,25,11,1,5,1,
126,20,788,37,26,49,1,5,1,
126,24,893,275,20,7,1,5,1,
126,25,758,63,152,37,1,5,1,
126,32,829,247,14,11,1,5,1,
127,2,798,0,24,36,1,5,1,
127,8,855,16,103,30,1,5,1,
127,16,884,337,13,10,1,5,1,
127,17,901,320,26,10,1,5,1,
127,20,788,40,27,48,1,5,1,
127,24,891,275,20,7,1,5,1,
127,25,768,63,152,37,1,5,1,
127,32,828,247,14,11,1,5,1,
128,2,797,0,23,39,1,5,1,
128,8,863,18,96,29,1,5,1,
128,16,883,337,14,10,1,5,1,
128,17,900,320,25,10,1,5,1,
128,20,789,43,26,47,1,5,1,
128,24,889,275,21,7,1,5,1,
128,25,778,64,151,37,1,5,1,
128,32,828,247,14,11,1,5,1,
129,2,795,0,24,41,1,5,1,
129,8,874,19,86,30,1,5,1,
129,16,883,337,13,9,1,5,1,
129,17,898,319,25,10,1,5,1,
129,20,789,46,26,46,1,5,1,
129,24,888,275,20,7,1,5,1,
129,25,790,64,148,37,1,5,1,
129,32,828,247,14,11,1,5,1,
130,2,794,0,24,44,1,5,1,
130,8,883,21,77,29,1,5,1,
130,16,882,336,13,10,1,5,1,
130,20,790,49,25,46,1,5,1,
130,24,886,275,21,7,1,5,1,
130,25,800,65,146,37,1,5,1,
130,32,827,248,14,10,1,5,1,
131,2,792,0,27,46,1,5,1,
131,8,892,22,68,30,1,5,1,
131,16,882,336,13,9,1,5,1,
131,20,790,52,25,45,1,5,1,
131,24,884,275,21,7,1,5,1,
131,25,809,65,146,38,1,5,1,
131,32,827,248,14,11,1,5,1,
132,2,790,0,28,49,1,5,1,
132,8,901,24,59,29,1,5,1,
132,16,881,335,13,10,1,5,1,
132,20,792,55,25,42,1,5,1,
132,24,883,275,21,7,1,5,1,
132,25,819,66,140,37,1,5,1,
132,32,826,248,15,11,1,5,1,
133,2,789,1,27,50,1,5,1,
133,8,909,25,51,18,1,5,1,
133,16,881,335,12,9,1,5,1,
133,20,794,58,25,39,1,5,1,
133,24,881,275,21,7,1,5,1,
133,25,828,67,132,37,1,5,1,
133,32,826,248,14,11,1,5,1,
134,2,789,4,25,49,1,5,1,
134,8,918,27,42,17,1,5,1,
134,16,880,335,13,9,1,5,1,
134,20,793,61,34,37,1,5,1,
134,24,879,275,21,7,1,5,1,
134,25,838,68,122,36,1,5,1,
134,32,825,248,15,11,1,5,1,
135,2,788,8,24,47,1,5,1,
135,8,927,28,33,18,1,5,1,
135,16,880,334,12,9,1,5,1,
135,20,790,65,44,34,1,5,1,
135,24,877,275,22,7,1,5,1,
135,25,848,68,112,37,1,5,1,
135,32,825,248,14,11,1,5,1,
136,2,788,11,21,46,1,5,1,
136,16,879,334,12,9,1,5,1,
136,20,788,69,54,30,1,5,1,
136,24,876,275,21,7,1,5,1,
136,25,858,69,102,36,1,5,1,
137,2,788,14,19,45,1,5,1,
137,16,878,333,13,9,1,5,1,
137,20,788,71,62,28,1,5,1,
137,24,874,275,22,7,1,5,1,
137,25,864,70,96,36,1,5,1,
138,2,788,17,19,44,1,5,1,
138,16,878,333,12,9,1,5,1,
138,20,787,74,71,24,1,5,1,
138,24,872,275,22,6,1,5,1,
138,25,872,70,88,32,1,5,1,
139,2,788,20,19,43,1,5,1,
139,16,877,332,13,10,1,5,1,
139,20,787,76,79,22,1,5,1,
139,24,870,275,23,6,1,5,1,
139,25,880,71,80,26,1,5,1,
140,2,789,22,19,42,1,5,1,
140,16,876,332,13,9,1,5,1,
140,20,789,76,81,23,1,5,1,
140,24,868,275,24,6,1,5,1,
140,25,887,72,73,21,1,5,1,
141,2,789,25,19,41,1,5,1,
141,16,875,332,14,9,1,5,1,
141,20,792,76,83,23,1,5,1,
141,24,866,275,24,6,1,5,1,
141,25,896,72,64,20,1,5,1,
142,2,789,28,19,40,1,5,1,
142,16,874,331,14,9,1,5,1,
142,20,796,77,83,23,1,5,1,
142,24,865,275,23,6,1,5,1,
142,25,905,74,55,17,1,5,1,
143,2,789,30,18,40,1,5,1,
143,16,874,331,13,9,1,5,1,
143,20,800,77,83,24,1,5,1,
143,25,914,76,46,16,1,5,1,
144,2,789,32,18,40,1,5,1,
144,16,873,330,14,9,1,5,1,
144,20,806,78,81,23,1,5,1,
145,2,789,34,18,40,1,5,1,
145,16,872,330,14,9,1,5,1,
145,20,809,78,82,24,1,5,1,
146,2,788,35,18,40,1,5,1,
146,20,813,79,81,24,1,5,1,
147,2,788,37,18,40,1,5,1,
147,20,817,79,81,25,1,5,1,
148,2,788,38,17,41,1,5,1,
148,20,821,79,80,25,1,5,1,
149,2,787,39,18,42,1,5,1,
149,15,953,82,6,12,1,5,1,
149,20,824,80,81,25,1,5,1,
150,2,787,41,17,41,1,5,1,
150,15,952,81,7,14,1,5,1,
150,20,829,80,79,26,1,5,1,
