1,1,591,302,97,27,1,5,1,
1,2,619,68,60,26,1,5,1,
1,3,241,66,22,24,1,5,1,
1,4,672,87,82,29,1,5,1,
1,5,634,421,12,16,1,5,1,
1,6,159,322,67,13,1,5,1,
1,7,728,351,130,32,1,5,1,
1,8,487,386,47,15,1,5,1,
1,9,317,500,12,22,1,5,1,
1,10,201,53,39,25,1,5,1,
1,11,823,172,137,27,1,5,1,
1,12,461,194,84,22,1,5,1,
1,13,296,0,17,18,1,5,1,
1,14,733,304,74,17,1,5,1,
1,15,572,267,80,20,1,5,1,
1,16,99,188,111,24,1,5,1,
1,17,860,249,33,16,1,5,1,
1,18,707,240,121,30,1,5,1,
1,19,87,37,51,20,1,5,1,
1,20,44,466,51,21,1,5,1,
1,21,538,175,19,20,1,5,1,
1,22,135,402,72,17,1,5,1,
1,23,704,474,61,27,1,5,1,
1,24,459,413,48,46,1,5,1,
1,25,194,369,68,21,1,5,1,
1,26,889,357,45,11,1,5,1,
1,27,263,407,55,13,1,5,1,
1,28,526,231,74,22,1,5,1,
1,29,651,110,104,28,1,5,1,
1,30,200,421,118,39,1,5,1,
1,31,102,304,46,16,1,5,1,
1,32,863,119,78,23,1,5,1,
1,33,286,299,15,13,1,5,1,
1,34,732,167,57,11,1,5,1,
1,35,312,478,66,15,1,5,1,
1,36,640,46,72,19,1,5,1,
1,37,177,0,112,70,1,5,1,
1,38,113,286,68,25,1,5,1,
1,39,624,492,58,16,1,5,1,
1,40,589,491,36,16,1,5,1,
1,41,129,218,38,19,1,5,1,
2,1,602,302,100,26,1,5,1,
2,2,626,65,64,24,1,5,1,
2,3,241,63,17,22,1,5,1,
2,4,667,87,72,31,1,5,1,
2,5,637,420,12,15,1,5,1,
2,6,175,321,59,13,1,5,1,
2,7,724,349,103,29,1,5,1,
2,8,494,389,46,13,1,5,1,
2,9,318,496,12,24,1,5,1,
2,10,201,53,27,28,1,5,1,
2,11,855,170,105,26,1,5,1,
2,12,469,193,85,22,1,5,1,
2,13,297,0,16,18,1,5,1,
2,14,748,304,62,17,1,5,1,
2,15,582,266,79,23,1,5,1,
2,16,117,190,102,23,1,5,1,
2,17,860,248,44,17,1,5,1,
2,18,730,240,100,31,1,5,1,
2,19,96,37,52,19,1,5,1,
2,20,36,465,61,21,1,5,1,
2,21,538,174,19,19,1,5,1,
2,22,125,403,71,16,1,5,1,
2,23,695,479,67,21,1,5,1,
2,24,456,411,60,41,1,5,1,
2,25,187,370,61,23,1,5,1,
2,26,902,357,34,11,1,5,1,
2,27,256,407,52,15,1,5,1,
2,28,526,232,57,21,1,5,1,
2,29,666,112,98,28,1,5,1,
2,30,219,422,108,40,1,5,1,
2,31,94,302,52,17,1,5,1,
2,32,873,115,83,23,1,5,1,
2,33,284,300,15,13,1,5,1,
2,34,725,167,52,11,1,5,1,
2,35,324,476,60,16,1,5,1,
2,36,632,46,73,19,1,5,1,
2,37,180,-10,88,76,1,5,1,
2,38,103,286,77,26,1,5,1,
2,39,619,490,52,16,1,5,1,
2,40,601,490,26,15,1,5,1,
2,41,129,219,46,19,1,5,1,
3,1,617,302,93,27,1,5,1,
3,2,631,63,71,21,1,5,1,
3,3,240,61,18,21,1,5,1,
3,4,663,87,67,34,1,5,1,
3,5,639,419,12,14,1,5,1,
3,6,185,321,56,12,1,5,1,
3,7,722,348,87,28,1,5,1,
3,8,499,390,46,13,1,5,1,
3,9,320,492,12,26,1,5,1,
3,10,200,53,21,32,1,5,1,
3,11,877,169,83,26,1,5,1,
3,12,476,192,88,23,1,5,1,
3,13,297,0,15,19,1,5,1,
3,14,758,304,53,17,1,5,1,
3,15,590,267,80,23,1,5,1,
3,16,128,191,99,23,1,5,1,
3,17,861,248,54,17,1,5,1,
3,18,749,240,82,31,1,5,1,
3,19,102,36,57,19,1,5,1,
3,20,27,465,70,22,1,5,1,
3,21,538,173,20,19,1,5,1,
3,22,114,402,74,18,1,5,1,
3,23,686,479,73,20,1,5,1,
3,24,457,409,69,39,1,5,1,
3,25,181,370,58,25,1,5,1,
3,26,910,357,27,11,1,5,1,
3,27,250,407,51,17,1,5,1,
3,28,526,231,47,23,1,5,1,
3,29,675,114,97,27,1,5,1,
3,30,227,423,110,41,1,5,1,
3,31,85,302,60,16,1,5,1,
3,32,881,112,79,23,1,5,1,
3,33,279,300,19,13,1,5,1,
3,34,718,168,52,11,1,5,1,
3,35,332,475,58,16,1,5,1,
3,36,624,44,75,22,1,5,1,
3,37,186,-20,69,81,1,5,1,
3,38,97,287,78,25,1,5,1,
3,39,615,487,49,19,1,5,1,
3,40,608,488,21,15,1,5,1,
3,41,132,219,50,20,1,5,1,
4,1,632,302,84,27,1,5,1,
4,2,638,60,75,22,1,5,1,
4,3,240,59,19,21,1,5,1,
4,4,661,89,60,33,1,5,1,
4,5,642,418,11,14,1,5,1,
4,6,194,320,53,12,1,5,1,
4,7,721,346,73,28,1,5,1,
4,8,504,391,46,13,1,5,1,
4,9,322,488,12,27,1,5,1,
4,10,200,54,19,34,1,5,1,
4,11,899,170,61,24,1,5,1,
4,12,483,192,90,23,1,5,1,
4,13,298,0,14,20,1,5,1,
4,14,767,304,44,17,1,5,1,
4,15,594,266,85,23,1,5,1,
4,16,139,192,95,22,1,5,1,
4,17,864,249,65,17,1,5,1,
4,18,765,241,66,31,1,5,1,
4,19,110,37,60,18,1,5,1,
4,20,17,465,79,22,1,5,1,
4,21,535,172,26,19,1,5,1,
4,22,103,402,76,20,1,5,1,
4,23,678,478,76,19,1,5,1,
4,24,459,408,77,36,1,5,1,
4,25,176,372,54,26,1,5,1,
4,26,917,357,21,10,1,5,1,
4,27,243,407,51,20,1,5,1,
4,28,527,230,37,26,1,5,1,
4,29,682,116,100,27,1,5,1,
4,30,234,425,112,41,1,5,1,
4,31,76,301,66,16,1,5,1,
4,32,890,110,70,22,1,5,1,
4,33,280,300,14,14,1,5,1,
4,34,711,168,51,11,1,5,1,
4,35,339,474,56,16,1,5,1,
4,36,617,42,75,27,1,5,1,
4,37,191,-30,53,86,1,5,1,
4,38,93,287,73,26,1,5,1,
4,39,612,484,46,21,1,5,1,
4,40,614,486,16,16,1,5,1,
4,41,135,220,55,20,1,5,1,
5,1,640,302,87,27,1,5,1,
5,2,645,59,79,20,1,5,1,
5,3,240,57,20,20,1,5,1,
5,4,659,91,55,33,1,5,1,
5,5,645,417,11,14,1,5,1,
5,6,202,320,51,12,1,5,1,
5,7,721,344,59,28,1,5,1,
5,8,508,393,48,12,1,5,1,
5,9,322,484,16,29,1,5,1,
5,10,201,55,18,36,1,5,1,
5,11,920,173,40,12,1,5,1,
5,12,490,193,92,23,1,5,1,
5,13,299,0,15,23,1,5,1,
5,14,776,304,35,17,1,5,1,
5,15,598,266,90,23,1,5,1,
5,16,150,194,91,21,1,5,1,
5,17,868,249,76,18,1,5,1,
5,18,772,241,64,31,1,5,1,
5,19,118,36,61,18,1,5,1,
5,20,7,463,86,25,1,5,1,
5,21,533,171,35,19,1,5,1,
5,22,92,403,78,21,1,5,1,
5,23,670,475,79,21,1,5,1,
5,24,462,407,84,33,1,5,1,
5,25,171,373,50,28,1,5,1,
5,26,922,357,15,10,1,5,1,
5,27,236,407,50,23,1,5,1,
5,28,526,230,30,27,1,5,1,
5,29,690,118,101,26,1,5,1,
5,30,242,427,114,41,1,5,1,
5,31,66,300,71,16,1,5,1,
5,32,900,108,60,21,1,5,1,
5,33,278,301,16,14,1,5,1,
5,34,704,169,51,11,1,5,1,
5,35,347,473,54,16,1,5,1,
5,36,610,41,75,31,1,5,1,
5,37,191,-39,49,89,1,5,1,
5,38,90,287,65,27,1,5,1,
5,39,609,481,43,23,1,5,1,
5,40,619,485,12,16,1,5,1,
5,41,139,221,59,21,1,5,1,
6,1,650,302,85,26,1,5,1,
6,2,654,57,82,20,1,5,1,
6,3,238,55,24,19,1,5,1,
6,4,656,93,51,32,1,5,1,
6,5,647,416,11,14,1,5,1,
6,6,211,320,48,12,1,5,1,
6,7,721,343,46,26,1,5,1,
6,8,513,394,48,12,1,5,1,
6,9,323,481,19,29,1,5,1,
6,10,203,57,17,38,1,5,1,
6,12,498,193,92,24,1,5,1,
6,13,299,0,16,26,1,5,1,
6,14,784,304,25,17,1,5,1,
6,15,603,266,95,23,1,5,1,
6,16,161,194,86,21,1,5,1,
6,17,874,250,85,18,1,5,1,
6,18,779,242,63,30,1,5,1,
6,19,130,33,54,19,1,5,1,
6,20,0,462,89,28,1,5,1,
6,21,532,170,43,19,1,5,1,
6,22,80,403,80,24,1,5,1,
6,23,662,472,81,23,1,5,1,
6,24,466,407,90,30,1,5,1,
6,25,168,375,45,29,1,5,1,
6,26,923,356,15,10,1,5,1,
6,27,230,408,49,25,1,5,1,
6,28,526,231,23,27,1,5,1,
6,29,699,121,100,25,1,5,1,
6,30,250,428,116,43,1,5,1,
6,31,56,300,76,16,1,5,1,
6,32,912,105,48,21,1,5,1,
6,33,278,301,16,14,1,5,1,
6,34,698,169,50,11,1,5,1,
6,35,354,472,52,17,1,5,1,
6,36,604,41,73,35,1,5,1,
6,37,192,-47,50,90,1,5,1,
6,38,89,288,56,27,1,5,1,
6,39,608,478,38,24,1,5,1,
6,40,621,483,11,16,1,5,1,
6,41,144,222,62,21,1,5,1,
7,1,660,302,83,26,1,5,1,
7,2,664,56,83,20,1,5,1,
7,3,239,53,28,20,1,5,1,
7,4,653,95,48,32,1,5,1,
7,5,648,415,11,13,1,5,1,
7,6,219,319,44,13,1,5,1,
7,7,719,342,37,25,1,5,1,
7,8,519,394,48,13,1,5,1,
7,9,325,477,21,29,1,5,1,
7,10,205,59,17,40,1,5,1,
7,12,506,193,91,24,1,5,1,
7,13,298,0,19,29,1,5,1,
7,14,788,304,21,16,1,5,1,
7,15,609,266,99,23,1,5,1,
7,16,171,194,81,21,1,5,1,
7,17,882,251,78,18,1,5,1,
7,18,786,242,60,30,1,5,1,
7,19,141,30,46,20,1,5,1,
7,20,-4,461,88,32,1,5,1,
7,21,533,168,51,20,1,5,1,
7,22,69,404,81,26,1,5,1,
7,23,656,469,80,26,1,5,1,
7,24,471,406,95,30,1,5,1,
7,25,165,378,40,28,1,5,1,
7,26,923,356,15,10,1,5,1,
7,27,224,410,48,27,1,5,1,
7,28,526,232,23,27,1,5,1,
7,29,708,121,99,25,1,5,1,
7,30,258,430,117,43,1,5,1,
7,31,45,300,81,16,1,5,1,
7,32,925,102,35,20,1,5,1,
7,33,279,302,16,14,1,5,1,
7,34,693,170,47,11,1,5,1,
7,35,361,472,51,16,1,5,1,
7,36,598,42,70,38,1,5,1,
7,37,205,-53,40,88,1,5,1,
7,38,90,288,44,28,1,5,1,
7,39,606,475,35,25,1,5,1,
7,40,622,481,10,17,1,5,1,
7,41,150,223,63,22,1,5,1,
8,1,670,302,81,26,1,5,1,
8,2,674,55,83,20,1,5,1,
8,3,242,52,29,19,1,5,1,
8,4,650,97,46,32,1,5,1,
8,5,650,413,10,14,1,5,1,
8,6,227,319,40,13,1,5,1,
8,7,718,341,29,25,1,5,1,
8,8,524,395,48,13,1,5,1,
8,9,326,474,24,29,1,5,1,
8,10,204,62,23,40,1,5,1,
8,12,515,194,90,24,1,5,1,
8,13,296,0,23,32,1,5,1,
8,14,788,304,22,16,1,5,1,
8,15,616,267,102,23,1,5,1,
8,16,181,194,75,21,1,5,1,
8,17,892,251,68,20,1,5,1,
8,18,791,242,60,30,1,5,1,
8,19,151,26,38,20,1,5,1,
8,20,-15,461,93,32,1,5,1,
8,21,535,167,58,20,1,5,1,
8,22,58,405,81,29,1,5,1,
8,23,650,465,79,30,1,5,1,
8,24,476,406,100,28,1,5,1,
8,25,164,380,33,29,1,5,1,
8,26,922,355,15,11,1,5,1,
8,27,219,412,45,28,1,5,1,
8,28,528,233,22,27,1,5,1,
8,29,718,121,97,25,1,5,1,
8,30,267,432,118,44,1,5,1,
8,31,34,299,85,16,1,5,1,
8,33,278,302,19,14,1,5,1,
8,34,689,170,44,11,1,5,1,
8,35,366,471,52,16,1,5,1,
8,36,593,43,66,41,1,5,1,
8,37,205,-57,43,83,1,5,1,
8,38,92,289,36,28,1,5,1,
8,39,606,472,30,25,1,5,1,
8,40,623,478,10,18,1,5,1,
8,41,156,224,65,22,1,5,1,
9,1,676,301,86,26,1,5,1,
9,2,685,55,81,20,1,5,1,
9,3,242,51,36,18,1,5,1,
9,4,648,99,42,31,1,5,1,
9,5,651,412,10,13,1,5,1,
9,6,234,320,36,12,1,5,1,
9,7,718,340,29,24,1,5,1,
9,8,529,396,49,13,1,5,1,
9,9,328,471,27,29,1,5,1,
9,10,204,65,28,41,1,5,1,
9,12,524,194,89,24,1,5,1,
9,13,296,3,26,32,1,5,1,
9,14,787,304,22,16,1,5,1,
9,15,624,267,103,24,1,5,1,
9,16,191,194,68,21,1,5,1,
9,17,904,253,56,16,1,5,1,
9,18,797,242,58,30,1,5,1,
9,19,160,22,30,21,1,5,1,
9,20,-26,461,98,34,1,5,1,
9,21,537,166,66,20,1,5,1,
9,22,48,407,80,30,1,5,1,
9,23,644,461,78,33,1,5,1,
9,24,482,407,104,27,1,5,1,
9,25,164,382,25,29,1,5,1,
9,26,921,355,18,10,1,5,1,
9,27,214,415,43,29,1,5,1,
9,28,530,234,21,27,1,5,1,
9,29,727,121,96,25,1,5,1,
9,30,275,433,120,45,1,5,1,
9,31,24,299,88,16,1,5,1,
9,33,276,302,25,15,1,5,1,
9,34,685,170,40,12,1,5,1,
9,35,372,469,51,16,1,5,1,
9,36,589,45,61,43,1,5,1,
9,38,90,290,37,28,1,5,1,
9,39,606,468,25,27,1,5,1,
9,40,623,475,11,19,1,5,1,
9,41,163,226,66,21,1,5,1,
10,1,685,301,86,26,1,5,1,
10,2,697,55,77,20,1,5,1,
10,3,242,50,43,17,1,5,1,
10,4,646,101,39,31,1,5,1,
10,5,652,411,10,13,1,5,1,
10,6,239,320,36,13,1,5,1,
10,7,720,340,28,23,1,5,1,
10,8,535,397,50,12,1,5,1,
10,9,330,468,30,28,1,5,1,
10,10,204,68,34,42,1,5,1,
10,12,532,194,89,24,1,5,1,
10,13,296,6,30,32,1,5,1,
10,14,786,303,23,17,1,5,1,
10,15,633,268,102,23,1,5,1,
10,16,200,194,64,21,1,5,1,
10,17,917,254,43,15,1,5,1,
10,18,795,243,72,28,1,5,1,
10,19,168,17,25,24,1,5,1,
10,20,-37,462,101,35,1,5,1,
10,21,541,165,71,20,1,5,1,
10,22,37,408,80,33,1,5,1,
10,23,640,457,74,36,1,5,1,
10,24,489,408,108,26,1,5,1,
10,25,164,385,20,28,1,5,1,
10,26,918,354,22,10,1,5,1,
10,27,210,418,39,30,1,5,1,
10,28,529,235,26,27,1,5,1,
10,29,736,121,95,25,1,5,1,
10,30,284,435,121,46,1,5,1,
10,31,13,299,90,17,1,5,1,
10,33,277,303,28,14,1,5,1,
10,34,682,171,36,11,1,5,1,
10,35,378,467,49,16,1,5,1,
10,36,585,47,56,45,1,5,1,
10,38,90,290,38,29,1,5,1,
10,39,607,466,20,26,1,5,1,
10,40,622,473,13,19,1,5,1,
10,41,171,227,66,22,1,5,1,
11,1,695,301,85,25,1,5,1,
11,2,708,54,73,22,1,5,1,
11,3,243,49,49,17,1,5,1,
11,4,644,103,36,30,1,5,1,
11,5,652,409,11,13,1,5,1,
11,6,243,320,38,13,1,5,1,
11,7,723,339,27,23,1,5,1,
11,8,540,397,51,12,1,5,1,
11,9,333,466,32,27,1,5,1,
11,10,205,71,38,42,1,5,1,
11,12,541,194,87,24,1,5,1,
11,13,297,10,33,31,1,5,1,
11,14,784,303,29,16,1,5,1,
11,15,643,268,99,24,1,5,1,
11,16,209,195,59,21,1,5,1,
11,18,801,243,71,28,1,5,1,
11,19,170,11,24,27,1,5,1,
11,20,-48,463,103,38,1,5,1,
11,21,545,164,77,20,1,5,1,
11,22,28,411,77,34,1,5,1,
11,23,636,453,70,38,1,5,1,
11,24,496,407,111,28,1,5,1,
11,25,164,388,20,27,1,5,1,
11,26,913,353,28,11,1,5,1,
11,27,207,421,35,30,1,5,1,
11,28,527,236,33,27,1,5,1,
11,29,746,122,92,25,1,5,1,
11,30,293,436,122,48,1,5,1,
11,31,2,299,92,17,1,5,1,
11,33,279,303,30,15,1,5,1,
11,34,679,171,33,12,1,5,1,
11,35,384,466,49,15,1,5,1,
11,36,582,51,50,45,1,5,1,
11,38,92,290,39,29,1,5,1,
11,39,607,463,16,26,1,5,1,
11,40,622,471,12,18,1,5,1,
11,41,179,229,65,21,1,5,1,
12,1,705,301,83,25,1,5,1,
12,2,720,55,66,22,1,5,1,
12,3,245,48,55,18,1,5,1,
12,4,643,105,33,30,1,5,1,
12,5,653,408,11,12,1,5,1,
12,6,248,321,39,13,1,5,1,
12,7,721,339,34,22,1,5,1,
12,8,547,397,50,12,1,5,1,
12,9,336,464,34,25,1,5,1,
12,10,207,75,42,41,1,5,1,
12,12,549,195,87,24,1,5,1,
12,13,298,14,37,30,1,5,1,
12,14,781,303,34,16,1,5,1,
12,15,654,269,94,24,1,5,1,
12,16,217,195,55,22,1,5,1,
12,18,808,243,69,28,1,5,1,
12,19,169,3,24,32,1,5,1,
12,20,-59,464,105,41,1,5,1,
12,21,551,163,80,20,1,5,1,
12,22,19,413,74,37,1,5,1,
12,23,633,449,65,39,1,5,1,
12,24,504,408,113,29,1,5,1,
12,25,164,390,20,26,1,5,1,
12,26,908,352,32,11,1,5,1,
12,27,204,424,31,30,1,5,1,
12,28,526,238,40,27,1,5,1,
12,29,755,122,90,25,1,5,1,
12,30,301,438,124,49,1,5,1,
12,31,0,299,85,17,1,5,1,
12,33,281,303,33,15,1,5,1,
12,34,678,172,28,12,1,5,1,
12,35,389,464,49,15,1,5,1,
12,36,580,54,43,45,1,5,1,
12,38,96,290,40,29,1,5,1,
12,39,607,461,13,25,1,5,1,
12,40,621,469,13,18,1,5,1,
12,41,187,231,64,20,1,5,1,
13,1,715,301,81,25,1,5,1,
13,2,731,54,59,24,1,5,1,
13,3,248,48,60,17,1,5,1,
13,4,642,107,29,29,1,5,1,
13,5,654,406,10,13,1,5,1,
13,6,253,321,40,13,1,5,1,
13,7,719,338,44,22,1,5,1,
13,8,553,397,50,12,1,5,1,
13,9,339,462,36,23,1,5,1,
13,10,210,79,45,41,1,5,1,
13,12,558,195,86,24,1,5,1,
13,13,301,18,39,28,1,5,1,
13,14,775,303,41,15,1,5,1,
13,15,666,270,88,24,1,5,1,
13,16,223,196,55,21,1,5,1,
13,18,816,243,65,28,1,5,1,
13,19,166,-3,25,34,1,5,1,
13,20,-69,467,105,43,1,5,1,
13,21,557,162,83,20,1,5,1,
13,22,11,416,70,38,1,5,1,
13,23,631,445,59,39,1,5,1,
13,24,513,408,113,29,1,5,1,
13,25,165,393,21,25,1,5,1,
13,26,902,352,37,10,1,5,1,
13,27,201,428,28,29,1,5,1,
13,28,525,239,47,27,1,5,1,
13,29,764,122,88,26,1,5,1,
13,30,310,441,126,49,1,5,1,
13,31,-11,299,85,18,1,5,1,
13,33,283,304,37,14,1,5,1,
13,34,677,172,23,13,1,5,1,
13,35,394,463,49,15,1,5,1,
13,36,579,59,36,44,1,5,1,
13,38,96,290,43,29,1,5,1,
13,39,608,459,11,23,1,5,1,
13,40,621,466,13,18,1,5,1,
13,41,195,233,62,19,1,5,1,
14,1,724,300,79,25,1,5,1,
14,2,742,54,51,26,1,5,1,
14,3,256,48,57,17,1,5,1,
14,4,641,109,26,29,1,5,1,
14,5,654,405,11,12,1,5,1,
14,6,258,321,42,13,1,5,1,
14,7,718,338,53,21,1,5,1,
14,8,559,397,50,12,1,5,1,
14,9,342,461,38,20,1,5,1,
14,10,214,83,47,40,1,5,1,
14,12,566,195,86,24,1,5,1,
14,13,303,22,43,25,1,5,1,
14,14,769,302,48,16,1,5,1,
14,15,678,270,80,25,1,5,1,
14,16,227,195,56,22,1,5,1,
14,18,823,243,62,28,1,5,1,
14,19,163,-10,26,36,1,5,1,
14,21,565,161,84,20,1,5,1,
14,22,3,419,66,40,1,5,1,
14,23,630,441,52,39,1,5,1,
14,24,523,408,112,29,1,5,1,
14,25,162,395,26,24,1,5,1,
14,26,896,351,40,10,1,5,1,
14,27,200,432,23,27,1,5,1,
14,28,526,241,53,25,1,5,1,
14,29,772,122,86,26,1,5,1,
14,30,318,443,130,50,1,5,1,
14,31,-21,300,85,17,1,5,1,
14,33,286,304,38,15,1,5,1,
14,34,677,173,18,13,1,5,1,
14,35,400,462,49,14,1,5,1,
14,36,579,63,29,43,1,5,1,
14,38,97,290,45,29,1,5,1,
14,39,609,457,11,22,1,5,1,
14,40,620,464,13,18,1,5,1,
14,41,203,234,61,18,1,5,1,
15,1,734,300,76,25,1,5,1,
15,2,753,54,41,28,1,5,1,
15,3,264,47,53,17,1,5,1,
15,4,640,111,23,28,1,5,1,
15,5,655,404,10,12,1,5,1,
15,6,262,322,45,13,1,5,1,
15,7,719,337,62,21,1,5,1,
15,8,566,396,48,13,1,5,1,
15,9,346,460,38,18,1,5,1,
15,10,218,87,49,38,1,5,1,
15,12,575,196,84,23,1,5,1,
15,13,307,25,44,24,1,5,1,
15,14,764,302,50,15,1,5,1,
15,15,690,271,71,24,1,5,1,
15,16,232,195,56,21,1,5,1,
15,18,831,243,54,27,1,5,1,
15,19,162,-17,25,37,1,5,1,
15,21,573,161,84,20,1,5,1,
15,22,0,423,57,42,1,5,1,
15,23,629,438,47,38,1,5,1,
15,24,532,408,112,29,1,5,1,
15,25,162,397,27,24,1,5,1,
15,26,891,350,41,10,1,5,1,
15,27,198,436,20,26,1,5,1,
15,28,527,243,58,24,1,5,1,
15,29,781,123,83,26,1,5,1,
15,30,327,445,133,51,1,5,1,
15,31,-31,300,84,18,1,5,1,
15,33,290,304,39,15,1,5,1,
15,34,676,174,15,14,1,5,1,
15,35,405,462,49,13,1,5,1,
15,36,578,68,23,41,1,5,1,
15,38,98,290,46,30,1,5,1,
15,39,611,456,11,20,1,5,1,
15,40,620,462,13,17,1,5,1,
15,41,210,236,59,16,1,5,1,
16,1,743,300,74,25,1,5,1,
16,2,762,54,32,31,1,5,1,
16,3,272,46,49,17,1,5,1,
16,4,638,113,22,28,1,5,1,
16,5,656,403,10,11,1,5,1,
16,6,268,322,46,13,1,5,1,
16,7,722,337,69,21,1,5,1,
16,8,573,396,46,12,1,5,1,
16,9,350,460,39,15,1,5,1,
16,10,222,91,51,37,1,5,1,
16,12,582,197,83,23,1,5,1,
16,13,311,29,45,21,1,5,1,
16,14,760,302,51,15,1,5,1,
16,15,703,272,59,23,1,5,1,
16,16,237,194,56,22,1,5,1,
16,18,837,244,51,26,1,5,1,
16,19,167,-25,13,39,1,5,1,
16,21,582,160,83,21,1,5,1,
16,22,-5,428,49,40,1,5,1,
16,23,629,437,40,34,1,5,1,
16,24,542,408,111,29,1,5,1,
16,25,162,399,29,24,1,5,1,
16,26,886,349,42,10,1,5,1,
16,27,197,440,16,24,1,5,1,
16,28,530,245,62,23,1,5,1,
16,29,789,123,81,27,1,5,1,
16,30,338,447,129,55,1,5,1,
16,31,-39,301,80,16,1,5,1,
16,33,291,305,46,15,1,5,1,
16,34,675,175,12,14,1,5,1,
16,35,411,461,48,13,1,5,1,
16,36,578,73,17,39,1,5,1,
16,38,101,291,45,30,1,5,1,
16,39,612,456,12,17,1,5,1,
16,40,619,460,13,17,1,5,1,
16,41,218,237,56,16,1,5,1,
17,1,753,300,71,24,1,5,1,
17,2,769,56,25,32,1,5,1,
17,3,278,46,48,17,1,5,1,
17,4,637,115,20,27,1,5,1,
17,5,656,401,11,12,1,5,1,
17,6,274,322,47,14,1,5,1,
17,7,732,336,61,21,1,5,1,
17,8,580,396,44,12,1,5,1,
17,9,354,458,40,14,1,5,1,
17,10,227,95,52,35,1,5,1,
17,12,590,199,80,23,1,5,1,
17,13,315,32,47,19,1,5,1,
17,14,757,301,50,15,1,5,1,
17,15,715,272,47,23,1,5,1,
17,16,241,194,58,21,1,5,1,
17,18,844,244,46,26,1,5,1,
17,21,591,161,80,20,1,5,1,
17,22,-9,432,42,38,1,5,1,
17,23,627,436,39,29,1,5,1,
17,24,552,408,110,29,1,5,1,
17,25,163,401,30,23,1,5,1,
17,26,882,348,41,10,1,5,1,
17,27,196,443,15,24,1,5,1,
17,28,533,247,66,22,1,5,1,
17,29,797,123,78,27,1,5,1,
17,30,349,449,124,61,1,5,1,
17,31,-47,301,76,14,1,5,1,
17,33,293,305,51,15,1,5,1,
17,34,675,176,12,13,1,5,1,
17,35,416,460,49,13,1,5,1,
17,36,578,77,15,37,1,5,1,
17,38,102,291,47,31,1,5,1,
17,39,612,455,16,16,1,5,1,
17,40,618,458,14,17,1,5,1,
17,41,226,238,53,15,1,5,1,
18,1,762,299,67,25,1,5,1,
18,2,773,59,23,32,1,5,1,
18,3,283,47,49,16,1,5,1,
18,4,636,117,18,26,1,5,1,
18,5,657,400,10,12,1,5,1,
18,6,280,322,48,14,1,5,1,
18,7,742,336,51,21,1,5,1,
18,8,587,397,42,11,1,5,1,
18,9,359,457,39,12,1,5,1,
18,10,232,99,53,32,1,5,1,
18,12,597,201,78,22,1,5,1,
18,13,320,34,47,18,1,5,1,
18,14,753,301,50,15,1,5,1,
18,15,726,272,35,23,1,5,1,
18,16,245,193,59,22,1,5,1,
18,18,850,244,41,26,1,5,1,
18,21,601,161,75,21,1,5,1,
18,22,-11,438,33,35,1,5,1,
18,23,623,435,41,25,1,5,1,
18,24,563,408,107,29,1,5,1,
18,25,164,402,33,24,1,5,1,
18,26,877,348,41,10,1,5,1,
18,27,194,445,16,24,1,5,1,
18,28,536,249,70,20,1,5,1,
18,29,805,124,75,27,1,5,1,
18,30,356,453,130,62,1,5,1,
18,33,297,305,55,16,1,5,1,
18,34,675,177,11,13,1,5,1,
18,35,421,459,49,13,1,5,1,
18,36,579,81,14,35,1,5,1,
18,38,102,291,50,31,1,5,1,
18,39,612,454,20,15,1,5,1,
18,40,618,456,13,16,1,5,1,
18,41,233,238,49,15,1,5,1,
19,1,771,299,63,24,1,5,1,
19,2,777,61,22,32,1,5,1,
19,3,289,46,49,17,1,5,1,
19,4,635,118,17,27,1,5,1,
19,5,657,399,11,12,1,5,1,
19,6,286,323,49,13,1,5,1,
19,7,752,335,40,21,1,5,1,
19,8,594,396,38,12,1,5,1,
19,9,363,457,39,11,1,5,1,
19,10,238,102,52,31,1,5,1,
19,12,605,202,73,22,1,5,1,
19,13,325,37,48,16,1,5,1,
19,14,749,301,50,14,1,5,1,
19,15,732,272,30,23,1,5,1,
19,16,250,192,60,23,1,5,1,
19,18,856,244,37,26,1,5,1,
19,21,610,161,72,21,1,5,1,
19,22,-11,443,25,33,1,5,1,
19,23,618,433,43,24,1,5,1,
19,24,574,407,103,29,1,5,1,
19,25,166,404,35,24,1,5,1,
19,26,873,347,40,10,1,5,1,
19,27,193,448,16,24,1,5,1,
19,28,540,250,71,20,1,5,1,
19,29,813,124,71,28,1,5,1,
19,30,363,456,136,63,1,5,1,
19,33,301,306,60,15,1,5,1,
19,34,675,178,11,13,1,5,1,
19,35,427,458,48,13,1,5,1,
19,36,578,85,17,33,1,5,1,
19,38,101,292,57,31,1,5,1,
19,39,615,453,19,15,1,5,1,
19,40,617,454,14,16,1,5,1,
19,41,240,238,45,14,1,5,1,
20,1,780,299,59,23,1,5,1,
20,2,780,64,21,31,1,5,1,
20,3,294,46,50,18,1,5,1,
20,4,634,120,17,26,1,5,1,
20,5,657,397,11,12,1,5,1,
20,6,293,323,50,14,1,5,1,
20,7,758,335,37,20,1,5,1,
20,8,601,396,35,12,1,5,1,
20,9,368,457,38,11,1,5,1,
20,10,244,106,51,28,1,5,1,
20,12,612,203,68,22,1,5,1,
20,13,331,39,47,14,1,5,1,
20,14,745,300,50,15,1,5,1,
20,15,737,272,27,22,1,5,1,
20,16,254,192,62,22,1,5,1,
20,18,860,245,36,25,1,5,1,
20,21,618,162,71,21,1,5,1,
20,23,614,431,44,23,1,5,1,
20,24,581,407,105,28,1,5,1,
20,25,167,406,38,23,1,5,1,
20,26,869,346,39,10,1,5,1,
20,27,193,450,16,25,1,5,1,
20,28,546,250,70,20,1,5,1,
20,29,820,125,69,28,1,5,1,
20,30,370,460,144,63,1,5,1,
20,33,306,306,63,15,1,5,1,
20,34,674,179,11,13,1,5,1,
20,35,432,458,49,12,1,5,1,
20,36,576,89,21,30,1,5,1,
20,38,102,292,62,31,1,5,1,
20,39,616,452,23,14,1,5,1,
20,40,615,452,15,16,1,5,1,
20,41,247,237,41,15,1,5,1,
21,1,787,298,57,24,1,5,1,
21,2,782,67,21,31,1,5,1,
21,3,298,45,53,19,1,5,1,
21,4,633,122,16,25,1,5,1,
21,5,656,396,12,12,1,5,1,
21,6,299,323,51,14,1,5,1,
21,7,762,334,35,21,1,5,1,
21,8,607,395,33,13,1,5,1,
21,9,372,457,38,11,1,5,1,
21,10,250,109,50,26,1,5,1,
21,12,619,204,64,22,1,5,1,
21,13,336,40,47,14,1,5,1,
21,14,741,300,50,14,1,5,1,
21,15,740,272,27,22,1,5,1,
21,16,258,191,65,23,1,5,1,
21,18,863,245,36,25,1,5,1,
21,21,626,162,69,21,1,5,1,
21,23,611,429,43,22,1,5,1,
21,24,590,406,104,29,1,5,1,
21,25,169,407,41,24,1,5,1,
21,26,864,346,39,9,1,5,1,
21,27,192,452,17,25,1,5,1,
21,28,551,251,69,19,1,5,1,
21,29,827,126,67,27,1,5,1,
21,30,379,464,150,63,1,5,1,
21,33,312,306,65,15,1,5,1,
21,34,674,181,10,13,1,5,1,
21,35,438,457,48,13,1,5,1,
21,36,575,93,26,27,1,5,1,
21,38,104,292,66,32,1,5,1,
21,39,617,451,26,14,1,5,1,
21,40,613,451,17,15,1,5,1,
21,41,254,237,35,15,1,5,1,
22,1,795,298,54,23,1,5,1,
22,2,784,70,20,30,1,5,1,
22,3,303,44,54,19,1,5,1,
22,4,632,124,16,25,1,5,1,
22,5,656,395,12,12,1,5,1,
22,6,306,323,52,14,1,5,1,
22,7,766,334,33,20,1,5,1,
22,8,612,395,32,12,1,5,1,
22,9,377,458,36,11,1,5,1,
22,10,256,112,48,23,1,5,1,
22,12,626,204,61,22,1,5,1,
22,13,342,40,46,13,1,5,1,
22,14,738,300,49,14,1,5,1,
22,15,744,272,25,22,1,5,1,
22,16,263,191,66,22,1,5,1,
22,18,866,245,35,25,1,5,1,
22,21,633,162,69,22,1,5,1,
22,22,0,464,18,24,1,5,1,
22,23,611,427,37,22,1,5,1,
22,24,599,406,103,28,1,5,1,
22,25,172,409,43,24,1,5,1,
22,26,860,345,39,9,1,5,1,
22,27,192,455,17,25,1,5,1,
22,28,556,251,69,20,1,5,1,
22,29,834,127,64,27,1,5,1,
22,30,388,467,156,64,1,5,1,
22,33,319,306,65,15,1,5,1,
22,34,674,182,10,13,1,5,1,
22,35,443,456,48,13,1,5,1,
22,36,575,96,31,25,1,5,1,
22,38,107,292,69,33,1,5,1,
22,39,618,451,30,12,1,5,1,
22,40,611,449,19,15,1,5,1,
22,41,260,237,30,15,1,5,1,
23,1,802,298,52,23,1,5,1,
23,2,786,72,20,30,1,5,1,
23,3,308,43,55,19,1,5,1,
23,4,631,125,16,25,1,5,1,
23,5,655,394,13,11,1,5,1,
23,6,313,324,52,13,1,5,1,
23,7,771,333,30,20,1,5,1,
23,8,616,394,33,13,1,5,1,
23,9,382,459,33,10,1,5,1,
23,10,262,115,46,20,1,5,1,
23,12,632,205,60,22,1,5,1,
23,13,348,40,45,13,1,5,1,
23,14,734,299,49,15,1,5,1,
23,15,742,271,31,22,1,5,1,
23,16,268,190,67,23,1,5,1,
23,18,868,246,36,24,1,5,1,
23,21,640,163,68,21,1,5,1,
23,22,0,464,22,26,1,5,1,
23,23,608,426,38,21,1,5,1,
23,24,609,406,101,28,1,5,1,
23,25,174,410,46,24,1,5,1,
23,26,856,344,38,10,1,5,1,
23,27,192,457,18,26,1,5,1,
23,28,562,251,68,19,1,5,1,
23,29,840,127,63,28,1,5,1,
23,30,397,471,163,64,1,5,1,
23,33,327,306,64,15,1,5,1,
23,34,674,183,10,13,1,5,1,
23,35,449,456,47,12,1,5,1,
23,36,575,99,37,23,1,5,1,
23,38,110,292,72,33,1,5,1,
23,39,620,451,33,12,1,5,1,
23,40,609,447,19,15,1,5,1,
23,41,266,237,24,15,1,5,1,
24,1,808,297,51,23,1,5,1,
24,2,787,75,21,29,1,5,1,
24,3,313,42,56,19,1,5,1,
24,4,631,127,15,24,1,5,1,
24,5,653,392,15,11,1,5,1,
24,6,320,324,53,14,1,5,1,
24,7,774,332,29,20,1,5,1,
24,8,619,394,34,13,1,5,1,
24,9,386,459,32,11,1,5,1,
24,10,268,117,43,19,1,5,1,
24,12,638,205,58,22,1,5,1,
24,13,354,39,43,14,1,5,1,
24,14,730,299,49,14,1,5,1,
24,15,739,271,41,21,1,5,1,
24,16,273,189,69,23,1,5,1,
24,18,871,246,35,24,1,5,1,
24,21,648,163,67,21,1,5,1,
24,22,0,466,26,27,1,5,1,
24,23,607,424,34,20,1,5,1,
24,24,617,405,101,28,1,5,1,
24,25,178,412,47,24,1,5,1,
24,26,851,344,39,9,1,5,1,
24,27,192,460,18,25,1,5,1,
24,28,567,251,68,19,1,5,1,
24,29,846,128,62,28,1,5,1,
24,30,407,475,170,64,1,5,1,
24,33,334,306,65,15,1,5,1,
24,34,675,184,9,12,1,5,1,
24,35,455,455,45,12,1,5,1,
24,36,577,102,41,22,1,5,1,
24,38,113,293,76,33,1,5,1,
24,39,622,451,36,12,1,5,1,
24,40,608,446,18,14,1,5,1,
24,41,268,236,24,16,1,5,1,
25,1,814,297,50,23,1,5,1,
25,2,789,78,20,28,1,5,1,
25,3,318,41,57,19,1,5,1,
25,4,630,128,15,24,1,5,1,
25,5,651,390,16,11,1,5,1,
25,6,327,324,54,14,1,5,1,
25,7,776,332,31,19,1,5,1,
25,8,624,393,33,13,1,5,1,
25,9,391,459,29,13,1,5,1,
25,10,274,119,40,17,1,5,1,
25,12,643,206,58,21,1,5,1,
25,13,360,39,41,13,1,5,1,
25,14,726,299,49,14,1,5,1,
25,15,738,271,49,21,1,5,1,
25,16,278,189,70,23,1,5,1,
25,18,874,246,35,24,1,5,1,
25,21,655,164,66,21,1,5,1,
25,22,0,469,29,27,1,5,1,
25,23,607,422,29,19,1,5,1,
25,24,626,405,100,28,1,5,1,
25,25,181,413,50,25,1,5,1,
25,26,847,343,38,9,1,5,1,
25,27,193,462,18,26,1,5,1,
25,28,573,251,67,19,1,5,1,
25,29,852,129,61,28,1,5,1,
25,30,418,479,176,64,1,5,1,
25,33,342,306,64,15,1,5,1,
25,34,675,185,9,12,1,5,1,
25,35,462,454,42,12,1,5,1,
25,36,579,105,45,20,1,5,1,
25,38,125,293,62,33,1,5,1,
25,39,626,451,36,12,1,5,1,
25,40,607,444,17,14,1,5,1,
25,41,270,236,25,15,1,5,1,
26,1,816,297,54,22,1,5,1,
26,2,791,80,20,28,1,5,1,
26,3,326,39,53,19,1,5,1,
26,4,629,130,15,23,1,5,1,
26,5,648,389,19,11,1,5,1,
26,6,335,324,54,14,1,5,1,
26,7,779,331,30,19,1,5,1,
26,8,628,393,34,13,1,5,1,
26,9,394,460,30,13,1,5,1,
26,10,280,121,36,16,1,5,1,
26,12,648,206,57,22,1,5,1,
26,13,366,37,39,13,1,5,1,
26,14,725,298,43,14,1,5,1,
26,15,745,271,42,20,1,5,1,
26,16,283,188,72,23,1,5,1,
26,18,875,246,34,25,1,5,1,
26,21,662,164,65,21,1,5,1,
26,22,0,470,32,29,1,5,1,
26,23,606,420,24,19,1,5,1,
26,24,635,405,99,27,1,5,1,
26,25,185,415,51,24,1,5,1,
26,26,843,342,37,9,1,5,1,
26,27,193,464,19,27,1,5,1,
26,28,578,251,67,19,1,5,1,
26,29,857,130,60,27,1,5,1,
26,30,430,483,182,60,1,5,1,
26,33,350,306,63,15,1,5,1,
26,34,675,186,9,12,1,5,1,
26,35,468,452,40,13,1,5,1,
26,36,582,107,49,18,1,5,1,
26,38,129,293,63,34,1,5,1,
26,39,633,450,32,12,1,5,1,
26,40,606,442,15,14,1,5,1,
26,41,272,236,26,15,1,5,1,
27,1,822,296,53,22,1,5,1,
27,2,792,83,20,27,1,5,1,
27,3,334,36,49,19,1,5,1,
27,4,628,132,15,22,1,5,1,
27,5,646,389,20,10,1,5,1,
27,6,342,324,55,14,1,5,1,
27,7,783,331,28,19,1,5,1,
27,8,633,392,33,13,1,5,1,
27,9,397,461,31,13,1,5,1,
27,10,285,122,32,15,1,5,1,
27,12,654,206,55,22,1,5,1,
27,13,372,36,35,13,1,5,1,
27,14,725,298,36,14,1,5,1,
27,15,749,271,41,20,1,5,1,
27,16,288,187,74,24,1,5,1,
27,18,877,247,35,24,1,5,1,
27,21,669,165,64,21,1,5,1,
27,22,0,471,35,31,1,5,1,
27,23,605,418,20,18,1,5,1,
27,24,644,404,97,27,1,5,1,
27,25,189,416,53,25,1,5,1,
27,26,839,342,37,9,1,5,1,
27,27,193,467,19,27,1,5,1,
27,28,583,251,66,19,1,5,1,
27,29,863,131,58,27,1,5,1,
27,30,442,487,188,56,1,5,1,
27,33,357,306,63,15,1,5,1,
27,34,675,187,9,12,1,5,1,
27,35,473,451,39,13,1,5,1,
27,36,586,109,51,17,1,5,1,
27,38,132,293,66,35,1,5,1,
27,39,639,448,29,13,1,5,1,
27,40,604,440,16,14,1,5,1,
27,41,274,235,28,16,1,5,1,
28,1,824,296,62,22,1,5,1,
28,2,794,85,19,27,1,5,1,
28,3,341,32,45,19,1,5,1,
28,4,627,133,15,23,1,5,1,
28,5,644,388,21,10,1,5,1,
28,6,350,325,55,14,1,5,1,
28,7,785,330,28,19,1,5,1,
28,8,638,392,31,12,1,5,1,
28,9,400,463,32,12,1,5,1,
28,10,290,122,28,14,1,5,1,
28,12,659,207,57,20,1,5,1,
28,13,377,34,33,13,1,5,1,
28,14,725,298,30,13,1,5,1,
28,15,753,271,40,20,1,5,1,
28,16,294,186,75,24,1,5,1,
28,18,880,247,34,24,1,5,1,
28,21,675,165,65,21,1,5,1,
28,22,0,471,38,35,1,5,1,
28,23,604,416,17,18,1,5,1,
28,24,653,404,96,27,1,5,1,
28,25,193,418,55,25,1,5,1,
28,26,835,341,37,9,1,5,1,
28,27,193,469,20,28,1,5,1,
28,28,589,251,65,19,1,5,1,
28,29,868,132,58,27,1,5,1,
28,30,454,491,194,52,1,5,1,
28,33,365,306,62,15,1,5,1,
28,34,675,188,9,12,1,5,1,
28,35,478,449,38,14,1,5,1,
28,36,590,111,54,15,1,5,1,
28,38,135,294,69,34,1,5,1,
28,39,645,447,25,13,1,5,1,
28,40,604,438,14,13,1,5,1,
28,41,276,235,29,16,1,5,1,
29,1,831,296,61,22,1,5,1,
29,2,795,88,20,26,1,5,1,
29,3,343,32,51,19,1,5,1,
29,4,626,135,15,22,1,5,1,
29,5,642,386,20,11,1,5,1,
29,6,357,325,56,14,1,5,1,
29,7,790,330,23,18,1,5,1,
29,8,642,391,31,13,1,5,1,
29,9,403,464,34,13,1,5,1,
29,10,295,122,23,14,1,5,1,
29,12,664,206,59,20,1,5,1,
29,13,383,32,28,14,1,5,1,
29,14,725,298,24,13,1,5,1,
29,15,762,271,30,20,1,5,1,
29,16,299,186,77,24,1,5,1,
29,18,883,247,33,24,1,5,1,
29,21,683,166,63,20,1,5,1,
29,22,1,473,41,36,1,5,1,
29,23,603,415,15,17,1,5,1,
29,24,662,403,94,27,1,5,1,
29,25,198,419,56,26,1,5,1,
29,26,831,341,36,8,1,5,1,
29,27,194,472,21,28,1,5,1,
29,28,594,251,64,19,1,5,1,
29,29,874,133,56,27,1,5,1,
29,30,467,494,197,49,1,5,1,
29,33,372,305,62,15,1,5,1,
29,34,675,189,9,11,1,5,1,
29,35,485,447,33,15,1,5,1,
29,36,595,112,54,14,1,5,1,
29,38,138,294,72,35,1,5,1,
29,39,650,446,21,13,1,5,1,
29,40,602,436,13,13,1,5,1,
29,41,278,235,31,15,1,5,1,
30,1,838,296,60,22,1,5,1,
30,2,797,90,19,26,1,5,1,
30,3,345,31,56,19,1,5,1,
30,4,625,136,15,22,1,5,1,
30,5,641,385,18,10,1,5,1,
30,6,365,325,56,14,1,5,1,
30,7,789,329,23,19,1,5,1,
30,8,647,390,29,13,1,5,1,
30,9,407,466,35,12,1,5,1,
30,10,299,121,19,14,1,5,1,
30,12,670,205,61,21,1,5,1,
30,13,388,29,24,16,1,5,1,
30,14,722,298,27,13,1,5,1,
30,15,766,271,28,20,1,5,1,
30,16,304,185,80,24,1,5,1,
30,18,885,247,34,24,1,5,1,
30,21,690,166,62,21,1,5,1,
30,22,4,476,41,36,1,5,1,
30,23,603,413,15,17,1,5,1,
30,24,671,403,91,26,1,5,1,
30,25,202,421,58,25,1,5,1,
30,26,827,340,36,9,1,5,1,
30,27,194,475,22,29,1,5,1,
30,28,599,251,63,19,1,5,1,
30,29,879,134,55,26,1,5,1,
30,30,481,498,196,45,1,5,1,
30,33,380,305,61,15,1,5,1,
30,34,675,190,9,11,1,5,1,
30,35,490,446,31,15,1,5,1,
30,36,600,112,53,14,1,5,1,
30,38,141,294,75,36,1,5,1,
30,39,654,444,18,14,1,5,1,
30,40,601,434,12,13,1,5,1,
30,41,280,234,33,16,1,5,1,
31,1,846,296,57,21,1,5,1,
31,2,798,92,19,26,1,5,1,
31,3,348,30,61,20,1,5,1,
31,4,624,137,15,22,1,5,1,
31,5,640,383,16,10,1,5,1,
31,6,373,325,56,14,1,5,1,
31,7,790,329,22,18,1,5,1,
31,8,652,389,27,13,1,5,1,
31,9,410,467,37,12,1,5,1,
31,10,303,119,15,14,1,5,1,
31,12,677,204,62,21,1,5,1,
31,13,393,26,20,17,1,5,1,
31,14,717,297,33,13,1,5,1,
31,15,769,271,28,19,1,5,1,
31,16,310,185,82,24,1,5,1,
31,18,887,248,34,23,1,5,1,
31,21,696,167,61,20,1,5,1,
31,22,6,479,43,37,1,5,1,
31,23,603,411,15,17,1,5,1,
31,24,680,402,89,27,1,5,1,
31,25,207,422,60,26,1,5,1,
31,26,823,339,36,9,1,5,1,
31,27,195,477,22,30,1,5,1,
31,28,605,251,61,19,1,5,1,
31,29,885,135,52,26,1,5,1,
31,30,496,502,197,42,1,5,1,
31,33,387,305,61,15,1,5,1,
31,34,675,190,8,12,1,5,1,
31,35,494,444,29,15,1,5,1,
31,36,605,112,52,15,1,5,1,
31,38,145,295,78,36,1,5,1,
31,39,657,443,16,13,1,5,1,
31,40,601,433,9,12,1,5,1,
31,41,283,234,34,16,1,5,1,
32,1,853,296,56,21,1,5,1,
32,2,799,94,19,26,1,5,1,
32,3,352,29,64,21,1,5,1,
32,4,623,139,16,21,1,5,1,
32,5,639,382,15,10,1,5,1,
32,6,381,325,57,14,1,5,1,
32,7,790,328,23,18,1,5,1,
32,8,656,389,26,12,1,5,1,
32,9,414,468,38,12,1,5,1,
32,10,304,118,15,14,1,5,1,
32,12,683,203,62,21,1,5,1,
32,13,397,23,16,19,1,5,1,
32,14,713,297,38,13,1,5,1,
32,15,772,271,29,20,1,5,1,
32,16,316,184,83,25,1,5,1,
32,18,890,248,33,23,1,5,1,
32,21,703,167,60,21,1,5,1,
32,22,9,482,44,38,1,5,1,
32,23,604,409,15,18,1,5,1,
32,24,689,402,87,26,1,5,1,
32,25,215,423,52,28,1,5,1,
32,26,819,339,35,8,1,5,1,
32,27,196,480,22,30,1,5,1,
32,28,610,251,61,19,1,5,1,
32,29,890,135,51,27,1,5,1,
32,30,511,505,199,39,1,5,1,
32,33,395,305,60,15,1,5,1,
32,34,674,191,9,11,1,5,1,
32,35,498,442,28,16,1,5,1,
32,36,610,112,51,15,1,5,1,
32,38,149,295,80,36,1,5,1,
32,39,658,443,19,12,1,5,1,
32,40,602,431,7,12,1,5,1,
32,41,285,233,37,17,1,5,1,
33,1,859,295,55,22,1,5,1,
33,2,800,97,19,24,1,5,1,
33,3,357,29,66,20,1,5,1,
33,4,621,140,17,21,1,5,1,
33,5,637,380,14,10,1,5,1,
33,6,389,325,57,14,1,5,1,
33,7,791,328,22,17,1,5,1,
33,8,659,388,26,12,1,5,1,
33,9,419,469,38,12,1,5,1,
33,10,303,115,15,15,1,5,1,
33,12,690,204,60,21,1,5,1,
33,13,401,20,13,20,1,5,1,
33,14,712,297,33,13,1,5,1,
33,15,777,272,28,19,1,5,1,
33,16,322,183,85,25,1,5,1,
33,18,892,248,33,23,1,5,1,
33,21,710,168,59,20,1,5,1,
33,22,12,485,45,39,1,5,1,
33,23,605,408,14,17,1,5,1,
33,24,697,401,86,27,1,5,1,
33,25,221,424,50,29,1,5,1,
33,26,815,338,35,9,1,5,1,
33,27,197,483,22,31,1,5,1,
33,28,615,251,60,19,1,5,1,
33,29,895,136,50,27,1,5,1,
33,30,527,509,204,35,1,5,1,
33,33,402,305,60,15,1,5,1,
33,34,674,192,8,11,1,5,1,
33,35,502,441,26,15,1,5,1,
33,36,615,112,50,15,1,5,1,
33,38,153,295,83,37,1,5,1,
33,39,662,441,15,13,1,5,1,
33,40,602,430,7,11,1,5,1,
33,41,288,233,38,16,1,5,1,
34,1,866,295,53,21,1,5,1,
34,2,803,99,18,23,1,5,1,
34,3,366,27,63,20,1,5,1,
34,4,621,142,13,21,1,5,1,
34,5,637,380,13,9,1,5,1,
34,6,397,325,57,14,1,5,1,
34,7,791,327,22,17,1,5,1,
34,8,663,387,24,12,1,5,1,
34,9,423,471,39,11,1,5,1,
34,10,303,113,15,16,1,5,1,
34,12,696,204,59,21,1,5,1,
34,13,402,17,12,21,1,5,1,
34,14,712,297,27,13,1,5,1,
34,15,780,272,27,19,1,5,1,
34,16,329,183,86,25,1,5,1,
34,18,894,248,33,23,1,5,1,
34,21,716,168,58,20,1,5,1,
34,22,16,488,45,40,1,5,1,
34,23,606,407,14,16,1,5,1,
34,24,705,401,84,26,1,5,1,
34,25,224,426,52,30,1,5,1,
34,26,811,338,35,8,1,5,1,
34,27,198,485,23,33,1,5,1,
34,28,620,252,58,18,1,5,1,
34,29,900,137,48,26,1,5,1,
34,30,543,512,209,32,1,5,1,
34,33,409,305,59,14,1,5,1,
34,34,673,193,9,11,1,5,1,
34,35,504,440,29,14,1,5,1,
34,36,619,112,50,16,1,5,1,
34,38,157,295,86,38,1,5,1,
34,39,666,440,12,13,1,5,1,
34,40,602,428,8,12,1,5,1,
34,41,291,233,40,16,1,5,1,
35,1,873,295,51,21,1,5,1,
35,2,802,102,23,22,1,5,1,
35,3,375,24,60,20,1,5,1,
35,4,620,144,11,20,1,5,1,
35,5,636,379,13,9,1,5,1,
35,6,405,325,58,14,1,5,1,
35,7,793,326,22,17,1,5,1,
35,8,667,386,23,12,1,5,1,
35,9,428,471,40,12,1,5,1,
35,10,302,112,16,15,1,5,1,
35,12,702,204,59,21,1,5,1,
35,13,402,14,12,22,1,5,1,
35,14,712,297,22,12,1,5,1,
35,15,783,272,26,19,1,5,1,
35,16,335,182,88,25,1,5,1,
35,18,896,249,33,22,1,5,1,
35,21,722,169,58,20,1,5,1,
35,22,19,491,46,41,1,5,1,
35,23,607,405,14,17,1,5,1,
35,24,713,400,83,26,1,5,1,
35,25,228,428,54,30,1,5,1,
35,26,807,337,34,8,1,5,1,
35,27,199,488,23,33,1,5,1,
35,28,624,252,58,18,1,5,1,
35,29,904,138,48,26,1,5,1,
35,30,560,515,213,29,1,5,1,
35,33,417,305,58,14,1,5,1,
35,34,673,194,8,10,1,5,1,
35,35,509,438,25,15,1,5,1,
35,36,624,112,49,16,1,5,1,
35,38,162,296,88,38,1,5,1,
35,39,668,438,10,14,1,5,1,
35,40,601,426,8,12,1,5,1,
35,41,294,232,42,17,1,5,1,
36,1,879,295,50,21,1,5,1,
36,2,802,105,29,20,1,5,1,
36,3,383,21,57,20,1,5,1,
36,4,619,146,12,20,1,5,1,
36,5,636,379,13,9,1,5,1,
36,6,414,325,57,15,1,5,1,
36,7,796,325,22,17,1,5,1,
36,8,671,386,21,12,1,5,1,
36,9,432,472,41,11,1,5,1,
36,10,302,110,15,16,1,5,1,
36,12,708,205,58,20,1,5,1,
36,13,402,11,12,23,1,5,1,
36,14,711,297,18,12,1,5,1,
36,15,786,272,26,19,1,5,1,
36,16,342,182,89,25,1,5,1,
36,18,898,249,32,22,1,5,1,
36,21,729,169,56,20,1,5,1,
36,22,22,494,49,41,1,5,1,
36,23,608,404,14,16,1,5,1,
36,24,721,399,81,26,1,5,1,
36,25,232,430,57,30,1,5,1,
36,26,803,337,34,8,1,5,1,
36,27,199,492,25,33,1,5,1,
36,28,629,252,57,18,1,5,1,
36,29,908,139,47,26,1,5,1,
36,30,578,519,217,25,1,5,1,
36,33,424,304,57,15,1,5,1,
36,34,673,194,8,11,1,5,1,
36,35,515,436,19,16,1,5,1,
36,36,628,113,49,15,1,5,1,
36,38,166,296,92,39,1,5,1,
36,39,668,437,10,13,1,5,1,
36,40,600,424,9,12,1,5,1,
36,41,298,232,43,17,1,5,1,
37,1,885,295,49,21,1,5,1,
37,2,805,107,30,19,1,5,1,
37,3,386,20,62,21,1,5,1,
37,4,619,148,12,19,1,5,1,
37,5,635,378,13,9,1,5,1,
37,6,422,325,58,15,1,5,1,
37,7,798,324,24,17,1,5,1,
37,8,675,385,19,12,1,5,1,
37,9,437,473,42,11,1,5,1,
37,10,302,108,15,16,1,5,1,
37,12,714,205,57,21,1,5,1,
37,13,403,8,12,23,1,5,1,
37,14,711,296,16,13,1,5,1,
37,15,789,272,25,19,1,5,1,
37,16,349,181,91,26,1,5,1,
37,18,900,249,32,22,1,5,1,
37,21,735,170,56,19,1,5,1,
37,22,26,497,50,42,1,5,1,
37,23,608,403,14,16,1,5,1,
37,24,729,399,80,26,1,5,1,
37,25,237,432,58,31,1,5,1,
37,26,799,336,34,8,1,5,1,
37,27,200,495,26,34,1,5,1,
37,28,634,252,56,18,1,5,1,
37,29,913,140,45,26,1,5,1,
37,30,596,522,220,22,1,5,1,
37,33,431,304,57,15,1,5,1,
37,34,672,195,8,11,1,5,1,
37,35,518,435,17,15,1,5,1,
37,36,633,113,48,16,1,5,1,
37,38,171,296,95,40,1,5,1,
37,39,668,435,10,13,1,5,1,
37,40,598,423,10,11,1,5,1,
37,41,301,232,45,17,1,5,1,
38,1,891,295,48,20,1,5,1,
38,2,806,109,36,18,1,5,1,
38,3,389,19,66,21,1,5,1,
38,4,618,151,13,18,1,5,1,
38,5,634,377,13,9,1,5,1,
38,6,430,325,58,15,1,5,1,
38,7,798,323,30,17,1,5,1,
38,8,678,384,18,12,1,5,1,
38,9,442,473,42,12,1,5,1,
38,10,302,106,16,16,1,5,1,
38,12,719,205,57,21,1,5,1,
38,13,403,6,12,23,1,5,1,
38,14,710,296,19,12,1,5,1,
38,15,792,272,25,19,1,5,1,
38,16,355,181,93,25,1,5,1,
38,18,902,249,32,22,1,5,1,
38,21,741,170,55,20,1,5,1,
38,22,30,501,51,42,1,5,1,
38,23,611,402,13,15,1,5,1,
38,24,736,398,79,26,1,5,1,
38,25,241,434,61,31,1,5,1,
38,26,795,336,34,8,1,5,1,
38,27,201,498,27,35,1,5,1,
38,28,638,252,56,18,1,5,1,
38,29,917,141,42,25,1,5,1,
38,33,438,304,56,14,1,5,1,
38,34,671,196,8,10,1,5,1,
38,35,522,433,14,16,1,5,1,
38,36,637,113,48,16,1,5,1,
38,38,176,297,98,40,1,5,1,
38,39,669,434,10,13,1,5,1,
38,40,598,421,10,11,1,5,1,
38,41,305,231,46,17,1,5,1,
39,1,897,295,47,20,1,5,1,
39,2,808,111,43,17,1,5,1,
39,3,393,19,70,22,1,5,1,
39,4,617,154,15,17,1,5,1,
39,5,632,376,14,9,1,5,1,
39,6,439,325,58,15,1,5,1,
39,7,800,323,34,17,1,5,1,
39,8,681,383,17,12,1,5,1,
39,9,447,474,43,11,1,5,1,
39,10,302,104,16,17,1,5,1,
39,12,725,206,56,20,1,5,1,
39,13,404,3,12,24,1,5,1,
39,14,707,296,24,12,1,5,1,
39,15,795,272,24,18,1,5,1,
39,16,362,180,95,26,1,5,1,
39,18,904,249,32,22,1,5,1,
39,21,747,171,52,20,1,5,1,
39,22,34,504,53,39,1,5,1,
39,23,613,401,13,15,1,5,1,
39,24,743,398,79,25,1,5,1,
39,25,246,436,63,31,1,5,1,
39,26,791,335,34,8,1,5,1,
39,27,202,501,28,36,1,5,1,
39,28,643,252,55,18,1,5,1,
39,29,921,142,38,25,1,5,1,
39,33,445,304,55,14,1,5,1,
39,34,671,197,7,10,1,5,1,
39,35,524,432,13,15,1,5,1,
39,36,642,114,47,16,1,5,1,
39,38,178,298,103,41,1,5,1,
39,39,669,433,10,12,1,5,1,
39,40,597,420,10,11,1,5,1,
39,41,309,231,48,17,1,5,1,
40,1,902,294,47,21,1,5,1,
40,2,811,113,47,16,1,5,1,
40,3,398,19,72,22,1,5,1,
40,4,618,156,14,16,1,5,1,
40,5,631,375,14,9,1,5,1,
40,6,447,325,58,15,1,5,1,
40,7,804,322,33,17,1,5,1,
40,8,685,382,14,12,1,5,1,
40,9,452,474,44,11,1,5,1,
40,10,302,103,16,16,1,5,1,
40,12,730,206,56,20,1,5,1,
40,13,405,0,12,24,1,5,1,
40,14,703,296,29,12,1,5,1,
40,15,797,272,24,18,1,5,1,
40,16,370,180,96,26,1,5,1,
40,18,906,250,32,21,1,5,1,
40,21,752,171,49,22,1,5,1,
40,22,38,508,54,35,1,5,1,
40,23,614,400,13,15,1,5,1,
40,24,751,397,77,26,1,5,1,
40,25,251,439,65,31,1,5,1,
40,26,787,335,34,8,1,5,1,
40,27,204,505,28,36,1,5,1,
40,28,648,252,53,18,1,5,1,
40,29,924,143,36,25,1,5,1,
40,33,452,304,54,14,1,5,1,
40,34,670,198,8,10,1,5,1,
40,35,527,430,11,16,1,5,1,
40,36,646,114,46,16,1,5,1,
40,38,178,299,112,43,1,5,1,
40,39,670,431,9,13,1,5,1,
40,40,596,419,11,10,1,5,1,
40,41,313,230,50,18,1,5,1,
41,1,908,294,45,20,1,5,1,
41,2,817,113,47,16,1,5,1,
41,3,405,18,72,22,1,5,1,
41,4,619,157,13,16,1,5,1,
41,5,630,374,14,9,1,5,1,
41,6,456,325,57,15,1,5,1,
41,7,808,322,32,17,1,5,1,
41,8,688,381,11,12,1,5,1,
41,9,458,474,43,12,1,5,1,
41,10,302,101,16,17,1,5,1,
41,12,736,206,54,21,1,5,1,
41,13,406,0,12,22,1,5,1,
41,14,699,296,33,12,1,5,1,
41,15,800,272,23,18,1,5,1,
41,16,377,179,97,26,1,5,1,
41,18,908,250,31,21,1,5,1,
41,21,757,172,47,22,1,5,1,
41,22,43,512,55,32,1,5,1,
41,23,615,399,13,14,1,5,1,
41,24,759,397,74,25,1,5,1,
41,25,256,441,68,31,1,5,1,
41,26,783,334,34,8,1,5,1,
41,27,205,508,29,35,1,5,1,
41,28,652,252,52,18,1,5,1,
41,29,928,144,32,25,1,5,1,
41,33,460,304,51,14,1,5,1,
41,34,669,198,8,10,1,5,1,
41,35,529,429,10,15,1,5,1,
41,36,651,114,44,17,1,5,1,
41,38,182,300,117,43,1,5,1,
41,39,670,430,10,12,1,5,1,
41,40,595,417,11,11,1,5,1,
41,41,317,230,52,18,1,5,1,
42,1,913,294,44,20,1,5,1,
42,2,825,113,41,17,1,5,1,
42,3,412,18,73,22,1,5,1,
42,4,620,157,12,16,1,5,1,
42,5,628,373,15,9,1,5,1,
42,6,464,325,58,15,1,5,1,
42,7,812,322,31,16,1,5,1,
42,8,688,380,11,11,1,5,1,
42,9,464,474,43,12,1,5,1,
42,10,302,99,17,17,1,5,1,
42,12,742,207,52,20,1,5,1,
42,13,406,-3,13,22,1,5,1,
42,14,695,296,37,11,1,5,1,
42,15,803,272,22,18,1,5,1,
42,16,384,179,99,26,1,5,1,
42,18,909,250,31,21,1,5,1,
42,21,762,173,45,21,1,5,1,
42,22,47,515,57,29,1,5,1,
42,23,616,397,13,15,1,5,1,
42,24,766,396,73,25,1,5,1,
42,25,261,443,70,31,1,5,1,
42,26,780,334,33,8,1,5,1,
42,27,207,511,30,32,1,5,1,
42,28,656,252,52,18,1,5,1,
42,29,933,145,27,24,1,5,1,
42,33,468,304,48,14,1,5,1,
42,34,668,199,8,10,1,5,1,
42,35,530,427,10,15,1,5,1,
42,36,656,114,42,17,1,5,1,
42,38,188,300,121,44,1,5,1,
42,39,670,428,10,13,1,5,1,
42,40,595,416,10,10,1,5,1,
42,41,321,230,54,17,1,5,1,
43,1,919,294,40,20,1,5,1,
43,2,833,112,35,18,1,5,1,
43,3,421,16,72,22,1,5,1,
43,4,620,158,12,16,1,5,1,
43,5,625,372,17,9,1,5,1,
43,6,473,325,57,15,1,5,1,
43,7,815,321,30,17,1,5,1,
43,8,688,379,11,11,1,5,1,
43,9,469,474,43,12,1,5,1,
43,10,302,97,17,17,1,5,1,
43,12,747,207,52,20,1,5,1,
43,13,407,-6,13,23,1,5,1,
43,14,694,296,33,11,1,5,1,
43,15,805,272,22,18,1,5,1,
43,16,392,178,100,27,1,5,1,
43,18,911,250,31,21,1,5,1,
43,21,767,174,44,21,1,5,1,
43,22,52,519,58,25,1,5,1,
43,23,617,396,12,15,1,5,1,
43,24,774,395,70,25,1,5,1,
43,25,267,445,73,32,1,5,1,
43,26,776,333,33,8,1,5,1,
43,27,208,515,32,29,1,5,1,
43,28,661,252,50,18,1,5,1,
43,29,937,146,23,24,1,5,1,
43,33,474,304,47,13,1,5,1,
43,34,667,200,8,9,1,5,1,
43,35,531,426,10,15,1,5,1,
43,36,660,114,41,17,1,5,1,
43,38,195,300,124,45,1,5,1,
43,39,670,427,10,12,1,5,1,
43,40,594,415,10,10,1,5,1,
43,41,326,229,55,18,1,5,1,
44,1,924,294,36,19,1,5,1,
44,2,840,113,31,18,1,5,1,
44,3,430,14,70,22,1,5,1,
44,4,619,158,12,16,1,5,1,
44,5,624,371,17,8,1,5,1,
44,6,481,325,57,14,1,5,1,
44,7,819,321,29,16,1,5,1,
44,8,689,378,11,10,1,5,1,
44,9,475,474,43,12,1,5,1,
44,10,303,95,17,17,1,5,1,
44,12,752,207,51,20,1,5,1,
44,13,408,-9,12,23,1,5,1,
44,14,694,295,28,12,1,5,1,
44,15,807,272,22,18,1,5,1,
44,16,400,178,101,26,1,5,1,
44,18,912,250,31,21,1,5,1,
44,21,772,174,45,20,1,5,1,
44,22,58,523,59,21,1,5,1,
44,23,617,395,13,14,1,5,1,
44,24,781,395,69,24,1,5,1,
44,25,273,447,75,32,1,5,1,
44,26,772,333,33,8,1,5,1,
44,27,210,519,33,25,1,5,1,
44,28,665,252,50,18,1,5,1,
44,29,940,146,20,23,1,5,1,
44,33,480,303,46,14,1,5,1,
44,34,665,200,11,10,1,5,1,
44,35,532,424,10,15,1,5,1,
44,36,664,115,39,17,1,5,1,
44,38,202,301,127,45,1,5,1,
44,39,670,426,10,12,1,5,1,
44,40,593,413,11,11,1,5,1,
44,41,331,229,57,18,1,5,1,
45,1,929,294,31,19,1,5,1,
45,2,844,114,30,18,1,5,1,
45,3,435,14,73,22,1,5,1,
45,4,617,159,15,16,1,5,1,
45,5,622,371,17,8,1,5,1,
45,6,490,325,57,14,1,5,1,
45,7,822,321,28,16,1,5,1,
45,8,689,377,11,10,1,5,1,
45,9,481,474,42,11,1,5,1,
45,10,303,93,17,18,1,5,1,
45,12,757,208,50,20,1,5,1,
45,13,408,-12,14,24,1,5,1,
45,14,694,295,22,12,1,5,1,
45,15,809,272,22,17,1,5,1,
45,16,408,178,102,26,1,5,1,
45,18,914,251,30,20,1,5,1,
45,21,778,175,40,21,1,5,1,
45,22,63,527,56,17,1,5,1,
45,23,618,394,13,14,1,5,1,
45,24,788,394,67,24,1,5,1,
45,25,279,450,78,32,1,5,1,
45,27,212,522,34,22,1,5,1,
45,28,670,252,48,18,1,5,1,
45,29,944,147,16,23,1,5,1,
45,33,486,303,45,14,1,5,1,
45,34,663,201,13,10,1,5,1,
45,35,533,423,9,15,1,5,1,
45,36,668,116,37,17,1,5,1,
45,38,209,301,131,46,1,5,1,
45,39,670,425,10,12,1,5,1,
45,40,592,412,11,10,1,5,1,
45,41,336,229,58,18,1,5,1,
46,1,934,293,26,20,1,5,1,
46,2,848,115,29,18,1,5,1,
46,3,440,14,75,22,1,5,1,
46,4,616,159,17,16,1,5,1,
46,5,620,370,17,8,1,5,1,
46,6,498,325,57,14,1,5,1,
46,7,826,320,27,16,1,5,1,
46,8,690,376,11,10,1,5,1,
46,9,487,473,42,12,1,5,1,
46,10,304,91,17,18,1,5,1,
46,12,762,208,49,20,1,5,1,
46,13,409,-15,15,24,1,5,1,
46,14,691,295,26,11,1,5,1,
46,15,811,272,21,17,1,5,1,
46,16,416,177,103,27,1,5,1,
46,18,915,251,30,20,1,5,1,
46,21,782,175,42,20,1,5,1,
46,23,619,393,12,14,1,5,1,
46,24,795,393,65,25,1,5,1,
46,25,290,450,71,36,1,5,1,
46,27,215,526,34,18,1,5,1,
46,28,674,252,47,18,1,5,1,
46,33,492,303,43,13,1,5,1,
46,34,660,202,15,9,1,5,1,
46,35,533,422,10,14,1,5,1,
46,36,672,116,35,18,1,5,1,
46,38,217,301,133,46,1,5,1,
46,39,670,423,10,12,1,5,1,
46,40,591,411,11,10,1,5,1,
46,41,341,228,60,19,1,5,1,
47,1,939,294,21,19,1,5,1,
47,2,852,116,29,17,1,5,1,
47,3,446,14,76,22,1,5,1,
47,4,613,160,21,16,1,5,1,
47,5,618,369,18,8,1,5,1,
47,6,507,325,56,14,1,5,1,
47,7,829,320,26,16,1,5,1,
47,8,690,375,11,10,1,5,1,
47,9,492,473,42,12,1,5,1,
47,10,304,89,18,18,1,5,1,
47,12,767,209,48,19,1,5,1,
47,14,687,295,30,11,1,5,1,
47,15,813,272,21,17,1,5,1,
47,16,424,177,103,27,1,5,1,
47,18,914,251,30,20,1,5,1,
47,21,786,176,45,19,1,5,1,
47,23,620,392,12,14,1,5,1,
47,24,801,393,64,24,1,5,1,
47,25,298,451,69,39,1,5,1,
47,27,218,529,28,15,1,5,1,
47,28,678,252,46,17,1,5,1,
47,33,498,303,42,13,1,5,1,
47,34,658,202,15,10,1,5,1,
47,35,535,421,9,15,1,5,1,
47,36,675,117,34,17,1,5,1,
47,38,225,302,136,46,1,5,1,
47,39,670,422,10,12,1,5,1,
47,40,590,410,11,10,1,5,1,
47,41,346,228,62,18,1,5,1,
48,1,943,296,17,16,1,5,1,
48,2,856,117,28,17,1,5,1,
48,3,453,14,76,22,1,5,1,
48,4,610,161,24,15,1,5,1,
48,5,616,368,19,8,1,5,1,
48,6,515,325,56,14,1,5,1,
48,7,832,320,25,15,1,5,1,
48,8,690,374,11,10,1,5,1,
48,9,498,473,41,11,1,5,1,
48,10,305,86,18,19,1,5,1,
48,12,772,209,47,19,1,5,1,
48,14,682,295,35,11,1,5,1,
48,15,815,272,21,17,1,5,1,
48,16,434,178,103,27,1,5,1,
48,18,916,251,30,20,1,5,1,
48,21,792,176,40,20,1,5,1,
48,23,620,391,13,14,1,5,1,
48,24,807,392,62,24,1,5,1,
48,25,304,453,71,40,1,5,1,
48,28,682,252,44,17,1,5,1,
48,33,503,302,41,14,1,5,1,
48,34,655,203,16,9,1,5,1,
48,35,536,419,10,16,1,5,1,
48,36,679,117,32,18,1,5,1,
48,38,233,301,143,46,1,5,1,
48,39,670,421,9,11,1,5,1,
48,40,589,409,11,9,1,5,1,
48,41,355,228,58,19,1,5,1,
49,2,860,118,27,17,1,5,1,
49,3,461,13,77,22,1,5,1,
49,4,607,162,26,15,1,5,1,
49,5,613,368,20,7,1,5,1,
49,6,523,325,56,14,1,5,1,
49,7,835,319,24,16,1,5,1,
49,8,690,373,11,10,1,5,1,
49,9,503,472,41,12,1,5,1,
49,10,306,84,18,20,1,5,1,
49,12,776,209,46,20,1,5,1,
49,14,682,295,31,11,1,5,1,
49,15,816,272,21,17,1,5,1,
49,16,444,179,103,27,1,5,1,
49,18,917,251,30,20,1,5,1,
49,21,797,177,35,20,1,5,1,
49,23,621,390,12,13,1,5,1,
49,24,814,391,60,24,1,5,1,
49,25,309,456,75,40,1,5,1,
49,28,688,252,38,17,1,5,1,
49,33,507,302,44,13,1,5,1,
49,34,653,204,16,9,1,5,1,
49,35,536,418,13,16,1,5,1,
49,36,682,118,31,18,1,5,1,
49,38,242,300,150,46,1,5,1,
49,39,669,420,10,11,1,5,1,
49,40,588,408,11,9,1,5,1,
49,41,363,228,55,19,1,5,1,
50,2,863,119,26,17,1,5,1,
50,3,470,11,76,22,1,5,1,
50,4,605,162,26,16,1,5,1,
50,5,612,367,19,7,1,5,1,
50,6,531,325,56,13,1,5,1,
50,7,838,319,23,16,1,5,1,
50,8,690,372,11,10,1,5,1,
50,9,508,472,42,11,1,5,1,
50,10,307,82,18,20,1,5,1,
50,12,781,210,45,19,1,5,1,
50,14,681,295,27,11,1,5,1,
50,15,818,272,21,17,1,5,1,
50,16,453,180,103,26,1,5,1,
50,18,918,251,30,20,1,5,1,
50,21,800,178,35,20,1,5,1,
50,23,622,389,12,13,1,5,1,
50,24,814,391,68,23,1,5,1,
50,25,315,458,79,42,1,5,1,
50,28,694,252,31,17,1,5,1,
50,33,510,302,48,13,1,5,1,
50,34,650,204,17,9,1,5,1,
50,35,536,417,16,15,1,5,1,
50,36,685,119,30,18,1,5,1,
50,38,252,301,155,44,1,5,1,
50,39,669,418,10,12,1,5,1,
50,40,587,407,11,9,1,5,1,
50,41,370,228,53,19,1,5,1,
51,2,867,120,25,17,1,5,1,
51,3,480,9,74,22,1,5,1,
51,5,610,366,19,8,1,5,1,
51,6,539,325,56,13,1,5,1,
51,7,840,319,23,15,1,5,1,
51,8,690,371,11,10,1,5,1,
51,9,514,472,41,11,1,5,1,
51,10,308,80,18,20,1,5,1,
51,12,786,210,43,19,1,5,1,
51,14,679,294,27,11,1,5,1,
51,15,819,272,21,16,1,5,1,
51,16,462,179,103,26,1,5,1,
51,18,917,252,30,19,1,5,1,
51,21,804,178,33,21,1,5,1,
51,23,622,388,12,13,1,5,1,
51,24,816,389,74,24,1,5,1,
51,25,322,461,81,42,1,5,1,
51,28,701,252,22,17,1,5,1,
51,33,514,302,50,13,1,5,1,
51,34,648,205,17,9,1,5,1,
51,35,536,416,20,15,1,5,1,
51,36,689,119,27,19,1,5,1,
51,38,263,302,160,46,1,5,1,
51,39,669,417,10,12,1,5,1,
51,40,585,406,12,9,1,5,1,
51,41,375,227,54,20,1,5,1,
52,2,870,121,24,17,1,5,1,
52,3,489,7,73,20,1,5,1,
52,5,607,365,20,8,1,5,1,
52,6,547,324,56,14,1,5,1,
52,7,843,318,22,16,1,5,1,
52,8,690,370,11,10,1,5,1,
52,9,519,471,41,12,1,5,1,
52,10,309,77,19,21,1,5,1,
52,12,790,211,42,19,1,5,1,
52,14,677,294,27,11,1,5,1,
52,15,821,272,21,16,1,5,1,
52,16,470,178,105,27,1,5,1,
52,18,919,252,29,19,1,5,1,
52,21,808,179,32,20,1,5,1,
52,23,623,387,12,13,1,5,1,
52,24,817,387,81,25,1,5,1,
52,25,329,464,85,42,1,5,1,
52,28,705,252,19,17,1,5,1,
52,33,519,302,52,13,1,5,1,
52,34,646,205,16,9,1,5,1,
52,35,537,415,23,15,1,5,1,
52,36,691,120,26,18,1,5,1,
52,38,272,301,164,46,1,5,1,
52,39,668,416,11,11,1,5,1,
52,40,584,404,12,10,1,5,1,
52,41,380,227,56,19,1,5,1,
53,2,873,122,24,17,1,5,1,
53,3,498,3,72,21,1,5,1,
53,5,605,365,20,7,1,5,1,
53,6,555,324,56,14,1,5,1,
53,7,845,318,22,15,1,5,1,
53,8,690,369,10,10,1,5,1,
53,9,524,471,41,11,1,5,1,
53,10,310,75,19,21,1,5,1,
53,12,795,211,40,19,1,5,1,
53,14,675,294,26,11,1,5,1,
53,15,822,272,21,16,1,5,1,
53,16,479,178,105,26,1,5,1,
53,18,920,252,29,19,1,5,1,
53,21,811,180,31,20,1,5,1,
53,23,623,386,12,13,1,5,1,
53,24,822,386,83,25,1,5,1,
53,25,336,467,88,42,1,5,1,
53,28,706,252,18,17,1,5,1,
53,33,524,302,54,13,1,5,1,
53,34,643,206,17,9,1,5,1,
53,35,538,415,26,13,1,5,1,
53,36,694,121,25,18,1,5,1,
53,37,741,0,76,22,1,5,1,
53,38,278,301,172,48,1,5,1,
53,39,668,415,11,11,1,5,1,
53,40,582,403,13,10,1,5,1,
53,41,385,226,57,20,1,5,1,
54,2,877,123,22,17,1,5,1,
54,3,503,2,75,21,1,5,1,
54,5,603,364,20,7,1,5,1,
54,6,564,324,55,14,1,5,1,
54,7,848,317,21,16,1,5,1,
54,8,690,368,9,10,1,5,1,
54,9,529,471,41,11,1,5,1,
54,10,310,73,21,21,1,5,1,
54,12,799,211,39,19,1,5,1,
54,14,674,294,24,11,1,5,1,
54,15,823,272,21,16,1,5,1,
54,16,487,177,107,27,1,5,1,
54,18,920,252,29,19,1,5,1,
54,21,815,181,29,19,1,5,1,
54,23,624,385,12,13,1,5,1,
54,24,829,386,82,24,1,5,1,
54,25,343,470,92,43,1,5,1,
54,28,706,252,19,17,1,5,1,
54,33,530,302,54,14,1,5,1,
54,34,641,206,17,9,1,5,1,
54,35,540,414,28,13,1,5,1,
54,36,698,122,20,18,1,5,1,
54,37,750,0,76,24,1,5,1,
54,38,282,301,184,48,1,5,1,
54,39,668,414,10,11,1,5,1,
54,40,581,402,13,9,1,5,1,
54,41,390,226,59,20,1,5,1,
55,2,880,124,22,17,1,5,1,
55,3,508,1,78,22,1,5,1,
55,5,602,363,18,7,1,5,1,
55,6,572,324,55,14,1,5,1,
55,7,850,317,20,15,1,5,1,
55,8,690,367,9,9,1,5,1,
55,9,534,470,41,12,1,5,1,
55,10,311,70,22,22,1,5,1,
55,12,803,212,37,18,1,5,1,
55,15,824,271,21,17,1,5,1,
55,16,495,177,108,27,1,5,1,
55,18,921,252,28,19,1,5,1,
55,21,818,181,29,20,1,5,1,
55,23,624,384,12,13,1,5,1,
55,24,836,386,81,24,1,5,1,
55,25,350,474,96,42,1,5,1,
55,28,707,253,18,16,1,5,1,
55,33,535,302,56,14,1,5,1,
55,34,638,207,18,8,1,5,1,
55,35,542,413,29,12,1,5,1,
55,36,702,123,15,18,1,5,1,
55,37,759,0,77,26,1,5,1,
55,38,291,301,190,49,1,5,1,
55,39,667,412,11,11,1,5,1,
55,40,579,401,14,9,1,5,1,
55,41,395,225,62,20,1,5,1,
56,2,883,125,21,17,1,5,1,
56,3,513,0,80,23,1,5,1,
56,6,580,324,55,14,1,5,1,
56,7,852,317,20,15,1,5,1,
56,8,690,366,9,9,1,5,1,
56,9,540,470,41,11,1,5,1,
56,10,312,68,22,22,1,5,1,
56,12,804,213,42,18,1,5,1,
56,15,825,271,21,17,1,5,1,
56,16,504,176,109,28,1,5,1,
56,18,920,253,28,18,1,5,1,
56,21,818,183,35,18,1,5,1,
56,23,624,383,12,12,1,5,1,
56,24,844,385,79,25,1,5,1,
56,25,358,477,100,42,1,5,1,
56,28,707,253,18,16,1,5,1,
56,33,541,302,56,14,1,5,1,
56,34,634,207,20,9,1,5,1,
56,35,544,412,31,11,1,5,1,
56,36,704,124,13,18,1,5,1,
56,37,766,0,79,29,1,5,1,
56,38,302,302,194,50,1,5,1,
56,39,667,411,10,11,1,5,1,
56,40,578,400,13,9,1,5,1,
56,41,400,225,64,20,1,5,1,
57,2,885,126,21,17,1,5,1,
57,3,519,0,81,24,1,5,1,
57,6,587,324,56,14,1,5,1,
57,7,854,316,20,15,1,5,1,
57,8,689,365,10,9,1,5,1,
57,9,545,470,41,11,1,5,1,
57,10,313,65,23,23,1,5,1,
57,12,804,214,48,18,1,5,1,
57,15,826,271,21,16,1,5,1,
57,16,512,176,110,27,1,5,1,
57,18,921,253,28,18,1,5,1,
57,21,819,183,42,18,1,5,1,
57,23,625,382,11,12,1,5,1,
57,24,851,385,78,24,1,5,1,
57,25,367,479,105,42,1,5,1,
57,28,707,253,19,16,1,5,1,
57,33,548,303,56,13,1,5,1,
57,34,631,208,22,8,1,5,1,
57,35,546,411,33,11,1,5,1,
57,36,703,125,13,18,1,5,1,
57,37,773,0,80,31,1,5,1,
57,38,312,304,199,51,1,5,1,
57,39,666,410,11,11,1,5,1,
57,41,405,224,66,21,1,5,1,
58,2,888,127,21,17,1,5,1,
58,3,526,1,81,24,1,5,1,
58,6,596,324,55,14,1,5,1,
58,7,855,316,20,15,1,5,1,
58,8,689,363,10,10,1,5,1,
58,9,550,469,41,11,1,5,1,
58,10,315,63,24,22,1,5,1,
58,12,807,215,50,18,1,5,1,
58,15,828,271,20,16,1,5,1,
58,16,521,176,111,27,1,5,1,
58,18,923,253,28,18,1,5,1,
58,21,821,184,48,17,1,5,1,
58,23,625,381,11,12,1,5,1,
58,24,859,385,76,24,1,5,1,
58,25,377,481,109,42,1,5,1,
58,28,708,252,19,16,1,5,1,
58,33,554,303,56,13,1,5,1,
58,34,627,208,23,8,1,5,1,
58,35,549,411,34,10,1,5,1,
58,36,701,126,13,18,1,5,1,
58,37,779,0,83,33,1,5,1,
58,38,323,305,203,51,1,5,1,
58,41,411,224,68,20,1,5,1,
59,2,890,128,22,16,1,5,1,
59,3,533,1,81,24,1,5,1,
59,6,604,324,55,13,1,5,1,
59,7,858,316,20,15,1,5,1,
59,8,688,362,10,10,1,5,1,
59,9,555,469,41,11,1,5,1,
59,10,316,60,25,23,1,5,1,
59,12,811,215,50,18,1,5,1,
59,15,829,272,20,15,1,5,1,
59,16,530,175,112,28,1,5,1,
59,18,924,253,27,18,1,5,1,
59,21,826,184,47,17,1,5,1,
59,23,625,380,11,12,1,5,1,
59,24,865,384,76,24,1,5,1,
59,25,387,482,113,42,1,5,1,
59,28,708,252,19,15,1,5,1,
59,33,560,303,57,14,1,5,1,
59,34,624,209,23,8,1,5,1,
59,35,552,410,35,10,1,5,1,
59,36,699,127,16,18,1,5,1,
59,37,786,0,84,35,1,5,1,
59,38,336,306,205,50,1,5,1,
59,41,417,223,70,21,1,5,1,
60,2,893,129,21,16,1,5,1,
60,3,541,0,83,24,1,5,1,
60,6,611,324,56,13,1,5,1,
60,7,861,316,19,14,1,5,1,
60,8,687,362,10,10,1,5,1,
60,9,560,469,41,11,1,5,1,
60,10,317,58,27,23,1,5,1,
60,12,815,215,50,18,1,5,1,
60,15,830,272,20,15,1,5,1,
60,16,538,175,114,28,1,5,1,
60,18,924,253,27,18,1,5,1,
60,21,831,184,47,17,1,5,1,
60,23,624,379,12,12,1,5,1,
60,24,872,384,74,24,1,5,1,
60,25,397,484,116,43,1,5,1,
60,28,708,253,19,14,1,5,1,
60,33,566,303,58,14,1,5,1,
60,34,621,209,23,8,1,5,1,
60,35,556,410,35,10,1,5,1,
60,36,697,128,19,18,1,5,1,
60,37,792,0,86,37,1,5,1,
60,38,350,306,206,50,1,5,1,
60,41,423,223,72,21,1,5,1,
61,2,895,130,22,16,1,5,1,
61,3,550,0,84,21,1,5,1,
61,6,619,324,56,13,1,5,1,
61,7,862,316,20,14,1,5,1,
61,8,686,361,11,10,1,5,1,
61,9,565,468,41,11,1,5,1,
61,10,319,55,28,24,1,5,1,
61,12,820,215,49,18,1,5,1,
61,15,831,272,20,15,1,5,1,
61,16,547,174,114,28,1,5,1,
61,18,926,253,26,18,1,5,1,
61,21,836,184,46,17,1,5,1,
61,23,624,378,12,12,1,5,1,
61,24,880,384,71,23,1,5,1,
61,25,408,487,119,43,1,5,1,
61,28,708,253,18,14,1,5,1,
61,33,572,303,58,14,1,5,1,
61,34,617,210,24,7,1,5,1,
61,35,560,409,34,10,1,5,1,
61,36,693,129,24,18,1,5,1,
61,37,799,0,87,39,1,5,1,
61,38,365,306,206,50,1,5,1,
61,41,430,221,72,21,1,5,1,
62,2,898,131,21,16,1,5,1,
62,3,559,0,85,19,1,5,1,
62,6,627,324,56,13,1,5,1,
62,7,864,316,19,13,1,5,1,
62,8,685,360,11,10,1,5,1,
62,9,570,468,41,11,1,5,1,
62,10,321,53,29,23,1,5,1,
62,12,825,216,47,17,1,5,1,
62,15,832,272,19,15,1,5,1,
62,16,557,174,114,28,1,5,1,
62,18,926,254,26,17,1,5,1,
62,21,841,185,45,17,1,5,1,
62,23,624,377,11,12,1,5,1,
62,24,884,385,75,23,1,5,1,
62,25,419,489,122,43,1,5,1,
62,28,707,253,19,14,1,5,1,
62,33,578,304,59,13,1,5,1,
62,35,564,409,33,10,1,5,1,
62,36,689,130,28,18,1,5,1,
62,37,804,0,90,41,1,5,1,
62,38,380,306,206,51,1,5,1,
62,41,437,220,72,21,1,5,1,
63,2,899,132,25,16,1,5,1,
63,3,566,0,85,19,1,5,1,
63,6,635,324,55,13,1,5,1,
63,7,863,315,20,14,1,5,1,
63,8,685,359,10,10,1,5,1,
63,9,576,468,39,10,1,5,1,
63,10,322,50,31,24,1,5,1,
63,12,830,216,46,17,1,5,1,
63,15,832,272,20,15,1,5,1,
63,16,566,173,114,28,1,5,1,
63,18,926,254,26,17,1,5,1,
63,21,846,185,43,17,1,5,1,
63,23,623,376,12,12,1,5,1,
63,24,890,387,70,22,1,5,1,
63,25,430,492,125,43,1,5,1,
63,28,706,253,20,14,1,5,1,
63,33,584,304,60,14,1,5,1,
63,35,569,408,32,10,1,5,1,
63,36,684,131,33,18,1,5,1,
63,37,809,0,92,43,1,5,1,
63,38,395,307,206,50,1,5,1,
63,41,443,219,73,22,1,5,1,
64,2,902,133,21,16,1,5,1,
64,3,573,0,85,19,1,5,1,
64,6,644,324,54,13,1,5,1,
64,7,863,314,20,14,1,5,1,
64,8,684,359,11,9,1,5,1,
64,9,581,467,39,11,1,5,1,
64,10,324,47,33,25,1,5,1,
64,12,834,216,45,17,1,5,1,
64,15,833,272,20,15,1,5,1,
64,16,575,173,115,28,1,5,1,
64,18,926,254,26,17,1,5,1,
64,21,851,186,42,16,1,5,1,
64,23,624,376,11,11,1,5,1,
64,24,897,387,63,23,1,5,1,
64,25,442,494,128,43,1,5,1,
64,28,705,253,21,14,1,5,1,
64,33,591,304,61,14,1,5,1,
64,35,573,408,31,9,1,5,1,
64,36,680,132,36,18,1,5,1,
64,37,814,0,94,46,1,5,1,
64,38,411,307,204,50,1,5,1,
64,41,448,219,77,21,1,5,1,
65,2,907,134,16,16,1,5,1,
65,3,580,0,84,20,1,5,1,
65,6,651,323,54,14,1,5,1,
65,7,863,314,20,14,1,5,1,
65,8,684,358,10,9,1,5,1,
65,9,586,467,39,10,1,5,1,
65,10,326,44,34,25,1,5,1,
65,12,839,216,43,18,1,5,1,
65,15,834,272,19,14,1,5,1,
65,16,585,173,115,28,1,5,1,
65,18,925,254,26,17,1,5,1,
65,21,856,186,40,17,1,5,1,
65,23,625,375,11,11,1,5,1,
65,24,905,387,55,22,1,5,1,
65,25,454,497,131,43,1,5,1,
65,28,704,253,21,14,1,5,1,
65,33,597,304,62,14,1,5,1,
65,35,577,407,29,9,1,5,1,
65,36,675,133,40,18,1,5,1,
65,37,818,0,97,48,1,5,1,
65,38,427,307,202,50,1,5,1,
65,41,455,218,79,22,1,5,1,
66,2,908,135,16,16,1,5,1,
66,3,588,0,86,19,1,5,1,
66,6,659,323,53,14,1,5,1,
66,7,863,314,20,13,1,5,1,
66,8,683,357,11,10,1,5,1,
66,9,591,466,38,11,1,5,1,
66,10,329,41,35,26,1,5,1,
66,12,843,216,42,18,1,5,1,
66,15,834,272,19,14,1,5,1,
66,16,594,172,115,29,1,5,1,
66,18,925,254,26,17,1,5,1,
66,21,860,186,39,17,1,5,1,
66,23,626,374,10,11,1,5,1,
66,24,913,386,47,19,1,5,1,
66,25,466,499,134,44,1,5,1,
66,28,703,254,22,13,1,5,1,
66,33,604,304,62,14,1,5,1,
66,35,581,406,27,9,1,5,1,
66,36,672,135,40,17,1,5,1,
66,37,821,0,100,50,1,5,1,
66,38,442,308,202,50,1,5,1,
66,41,461,218,82,22,1,5,1,
67,2,909,136,16,16,1,5,1,
67,3,597,0,88,17,1,5,1,
67,6,667,323,52,13,1,5,1,
67,7,863,313,20,14,1,5,1,
67,8,683,357,10,9,1,5,1,
67,9,596,466,38,10,1,5,1,
67,10,331,38,37,26,1,5,1,
67,12,847,217,40,17,1,5,1,
67,15,834,272,20,14,1,5,1,
67,16,604,172,115,29,1,5,1,
67,18,925,254,25,17,1,5,1,
67,21,865,187,37,16,1,5,1,
67,23,628,374,10,11,1,5,1,
67,24,921,386,39,19,1,5,1,
67,25,479,502,136,41,1,5,1,
67,28,702,254,22,13,1,5,1,
67,33,611,304,62,14,1,5,1,
67,35,585,404,24,11,1,5,1,
67,36,668,136,40,17,1,5,1,
67,37,827,0,101,52,1,5,1,
67,38,458,308,200,50,1,5,1,
67,41,468,217,84,22,1,5,1,
68,2,910,137,16,16,1,5,1,
68,3,605,0,86,17,1,5,1,
68,6,675,323,51,13,1,5,1,
68,7,863,313,19,13,1,5,1,
68,8,682,356,10,9,1,5,1,
68,9,602,465,36,10,1,5,1,
68,10,333,35,40,27,1,5,1,
68,12,851,217,39,17,1,5,1,
68,15,835,272,19,14,1,5,1,
68,16,613,172,115,28,1,5,1,
68,18,925,255,25,16,1,5,1,
68,21,869,187,36,16,1,5,1,
68,23,627,374,15,10,1,5,1,
68,24,928,392,32,12,1,5,1,
68,25,492,504,139,39,1,5,1,
68,28,701,254,22,13,1,5,1,
68,33,618,304,62,14,1,5,1,
68,35,589,403,21,11,1,5,1,
68,36,664,137,41,17,1,5,1,
68,37,832,0,102,54,1,5,1,
68,38,473,310,201,49,1,5,1,
68,41,476,216,86,23,1,5,1,
69,2,911,138,15,16,1,5,1,
69,3,613,0,84,18,1,5,1,
69,6,683,323,50,13,1,5,1,
69,7,865,313,18,13,1,5,1,
69,8,682,355,10,9,1,5,1,
69,9,607,464,34,10,1,5,1,
69,10,336,32,41,27,1,5,1,
69,12,856,217,37,17,1,5,1,
69,15,835,272,19,14,1,5,1,
69,16,623,172,115,28,1,5,1,
69,18,924,255,25,16,1,5,1,
69,21,874,188,34,16,1,5,1,
69,23,627,374,18,9,1,5,1,
69,24,935,393,25,11,1,5,1,
69,25,506,507,141,36,1,5,1,
69,28,700,254,22,13,1,5,1,
69,33,625,304,62,15,1,5,1,
69,35,593,402,17,11,1,5,1,
69,36,661,139,40,16,1,5,1,
69,37,840,0,100,56,1,5,1,
69,38,489,310,199,49,1,5,1,
69,41,484,216,88,22,1,5,1,
70,2,911,139,16,16,1,5,1,
70,3,621,0,87,17,1,5,1,
70,6,690,323,49,13,1,5,1,
70,7,864,312,18,14,1,5,1,
70,8,682,355,9,9,1,5,1,
70,9,612,463,33,10,1,5,1,
70,10,339,29,43,28,1,5,1,
70,12,860,217,35,17,1,5,1,
70,15,835,272,19,14,1,5,1,
70,16,633,172,115,28,1,5,1,
70,18,924,255,24,16,1,5,1,
70,21,879,188,28,17,1,5,1,
70,23,627,374,22,9,1,5,1,
70,25,519,510,144,33,1,5,1,
70,28,699,254,23,13,1,5,1,
70,33,632,304,62,15,1,5,1,
70,35,596,401,15,10,1,5,1,
70,36,657,140,41,16,1,5,1,
70,37,848,0,97,59,1,5,1,
70,38,505,310,196,49,1,5,1,
70,41,491,215,91,23,1,5,1,
71,2,911,140,16,16,1,5,1,
71,3,629,-2,89,17,1,5,1,
71,6,697,322,49,13,1,5,1,
71,7,863,312,19,13,1,5,1,
71,8,682,354,10,9,1,5,1,
71,9,616,462,33,10,1,5,1,
71,10,342,26,45,28,1,5,1,
71,12,863,218,34,16,1,5,1,
71,15,836,272,18,14,1,5,1,
71,16,642,171,115,29,1,5,1,
71,18,923,255,25,16,1,5,1,
71,21,884,188,22,18,1,5,1,
71,23,628,373,24,10,1,5,1,
71,25,533,515,145,28,1,5,1,
71,28,697,254,24,13,1,5,1,
71,33,638,305,63,14,1,5,1,
71,35,598,400,14,10,1,5,1,
71,36,653,141,41,16,1,5,1,
71,37,857,1,92,60,1,5,1,
71,38,521,310,193,48,1,5,1,
71,41,499,214,93,24,1,5,1,
72,2,911,141,16,16,1,5,1,
72,3,637,0,88,15,1,5,1,
72,6,704,322,49,13,1,5,1,
72,7,865,312,18,13,1,5,1,
72,8,683,354,9,8,1,5,1,
72,9,620,462,34,10,1,5,1,
72,10,345,23,47,28,1,5,1,
72,12,867,218,32,17,1,5,1,
72,15,835,272,18,14,1,5,1,
72,16,652,171,114,29,1,5,1,
72,18,922,255,25,16,1,5,1,
72,21,886,189,20,18,1,5,1,
72,23,632,372,21,10,1,5,1,
72,25,548,521,145,22,1,5,1,
72,28,694,255,27,12,1,5,1,
72,33,645,305,63,14,1,5,1,
72,35,600,399,13,10,1,5,1,
72,36,649,142,42,16,1,5,1,
72,37,866,4,86,59,1,5,1,
72,38,537,310,190,48,1,5,1,
72,41,507,214,96,23,1,5,1,
73,2,911,142,16,16,1,5,1,
73,3,656,0,74,16,1,5,1,
73,6,711,322,48,13,1,5,1,
73,7,863,311,18,13,1,5,1,
73,8,682,353,9,9,1,5,1,
73,9,623,461,36,10,1,5,1,
73,10,348,20,49,29,1,5,1,
73,12,870,218,30,17,1,5,1,
73,15,834,272,22,14,1,5,1,
73,16,661,171,114,29,1,5,1,
73,18,921,255,26,16,1,5,1,
73,21,885,189,20,19,1,5,1,
73,23,636,371,17,10,1,5,1,
73,25,564,524,144,19,1,5,1,
73,28,690,255,32,12,1,5,1,
73,33,652,305,63,14,1,5,1,
73,35,601,398,15,10,1,5,1,
73,36,645,143,42,15,1,5,1,
73,37,874,6,82,60,1,5,1,
73,38,553,310,187,48,1,5,1,
73,41,516,213,98,24,1,5,1,
74,2,911,143,15,16,1,5,1,
74,3,653,0,88,15,1,5,1,
74,6,719,322,47,13,1,5,1,
74,7,862,311,19,13,1,5,1,
74,8,682,352,9,9,1,5,1,
74,9,626,460,39,11,1,5,1,
74,10,351,17,52,29,1,5,1,
74,12,874,219,27,16,1,5,1,
74,15,831,272,28,14,1,5,1,
74,16,671,171,114,29,1,5,1,
74,18,920,256,27,15,1,5,1,
74,21,885,190,19,19,1,5,1,
74,23,638,370,16,10,1,5,1,
74,25,582,523,138,20,1,5,1,
74,28,685,255,38,12,1,5,1,
74,33,659,305,63,14,1,5,1,
74,35,603,398,15,10,1,5,1,
74,36,642,144,42,15,1,5,1,
74,37,881,9,78,59,1,5,1,
74,38,569,310,183,48,1,5,1,
74,41,525,213,101,23,1,5,1,
75,2,910,144,16,16,1,5,1,
75,6,725,322,47,12,1,5,1,
75,7,862,310,18,13,1,5,1,
75,8,681,352,10,8,1,5,1,
75,9,630,460,40,11,1,5,1,
75,10,355,14,54,29,1,5,1,
75,12,877,219,25,17,1,5,1,
75,15,829,272,31,14,1,5,1,
75,16,681,170,111,29,1,5,1,
75,18,919,256,27,15,1,5,1,
75,21,885,191,19,18,1,5,1,
75,23,641,369,12,10,1,5,1,
75,25,598,522,136,21,1,5,1,
75,28,680,255,42,12,1,5,1,
75,33,666,305,63,14,1,5,1,
75,35,606,398,13,9,1,5,1,
75,36,638,145,42,15,1,5,1,
75,37,887,12,72,58,1,5,1,
75,38,585,310,179,47,1,5,1,
75,41,534,212,103,24,1,5,1,
76,2,909,145,16,16,1,5,1,
76,3,690,-1,68,14,1,5,1,
76,6,732,321,46,13,1,5,1,
76,7,861,310,18,13,1,5,1,
76,8,681,351,9,9,1,5,1,
76,9,634,460,42,11,1,5,1,
76,10,359,10,56,30,1,5,1,
76,12,879,219,25,17,1,5,1,
76,15,826,273,34,14,1,5,1,
76,16,692,170,108,29,1,5,1,
76,18,918,256,27,15,1,5,1,
76,21,884,192,20,18,1,5,1,
76,23,643,368,10,11,1,5,1,
76,25,614,521,133,22,1,5,1,
76,28,675,255,46,12,1,5,1,
76,33,673,305,64,14,1,5,1,
76,35,609,398,11,9,1,5,1,
76,36,634,146,43,14,1,5,1,
76,37,895,14,64,58,1,5,1,
76,38,601,310,174,47,1,5,1,
76,41,543,211,106,25,1,5,1,
77,2,907,146,18,16,1,5,1,
77,3,708,0,54,14,1,5,1,
77,6,740,321,44,13,1,5,1,
77,7,860,310,18,12,1,5,1,
77,9,638,460,44,12,1,5,1,
77,10,363,7,58,30,1,5,1,
77,12,882,220,23,16,1,5,1,
77,15,823,273,37,14,1,5,1,
77,16,703,170,105,30,1,5,1,
77,18,917,256,27,15,1,5,1,
77,21,884,193,19,17,1,5,1,
77,23,643,367,10,11,1,5,1,
77,25,631,520,129,23,1,5,1,
77,28,670,255,49,13,1,5,1,
77,33,681,305,63,14,1,5,1,
77,35,612,397,8,9,1,5,1,
77,36,630,147,43,14,1,5,1,
77,37,903,17,57,57,1,5,1,
77,38,618,310,169,46,1,5,1,
77,41,553,211,108,24,1,5,1,
78,2,905,147,19,16,1,5,1,
78,3,715,0,51,16,1,5,1,
78,6,746,321,44,13,1,5,1,
78,7,860,309,18,13,1,5,1,
78,9,643,461,44,11,1,5,1,
78,10,367,4,60,30,1,5,1,
78,12,884,220,23,16,1,5,1,
78,15,820,273,38,13,1,5,1,
78,16,711,171,106,29,1,5,1,
78,18,915,256,29,15,1,5,1,
78,21,884,193,19,18,1,5,1,
78,25,645,519,128,24,1,5,1,
78,28,665,255,51,13,1,5,1,
78,33,688,305,63,14,1,5,1,
78,35,612,396,9,10,1,5,1,
78,36,626,148,44,14,1,5,1,
78,37,909,19,51,58,1,5,1,
78,38,632,310,166,46,1,5,1,
78,41,563,210,110,25,1,5,1,
79,2,904,148,18,16,1,5,1,
79,3,721,0,47,18,1,5,1,
79,6,752,321,44,12,1,5,1,
79,7,859,309,18,12,1,5,1,
79,9,647,461,46,12,1,5,1,
79,10,371,0,63,31,1,5,1,
79,12,886,221,22,16,1,5,1,
79,15,818,273,38,13,1,5,1,
79,16,719,171,106,29,1,5,1,
79,18,914,256,28,15,1,5,1,
79,21,883,194,19,17,1,5,1,
79,25,658,517,128,26,1,5,1,
79,28,661,255,53,13,1,5,1,
79,33,694,305,64,14,1,5,1,
79,35,612,395,9,10,1,5,1,
79,36,622,149,45,13,1,5,1,
79,37,915,22,45,57,1,5,1,
79,38,641,310,174,46,1,5,1,
79,41,572,210,113,25,1,5,1,
80,2,902,149,18,16,1,5,1,
80,3,717,0,61,20,1,5,1,
80,6,758,321,44,12,1,5,1,
80,7,858,309,18,12,1,5,1,
80,9,652,463,46,11,1,5,1,
80,10,375,-1,66,29,1,5,1,
80,12,888,221,21,16,1,5,1,
80,15,815,273,38,13,1,5,1,
80,16,728,171,106,29,1,5,1,
80,18,912,256,29,15,1,5,1,
80,21,883,195,19,17,1,5,1,
80,25,673,516,125,27,1,5,1,
80,28,656,255,55,13,1,5,1,
80,33,701,305,64,14,1,5,1,
80,35,612,394,9,10,1,5,1,
80,36,619,150,44,13,1,5,1,
80,37,920,25,40,57,1,5,1,
80,38,654,310,173,46,1,5,1,
80,41,583,209,115,26,1,5,1,
81,2,900,151,19,15,1,5,1,
81,3,714,0,75,21,1,5,1,
81,6,765,320,42,13,1,5,1,
81,7,857,308,18,13,1,5,1,
81,9,657,464,47,12,1,5,1,
81,10,380,-5,67,30,1,5,1,
81,12,890,221,20,16,1,5,1,
81,15,812,273,38,13,1,5,1,
81,16,738,171,104,29,1,5,1,
81,18,911,257,29,14,1,5,1,
81,21,882,195,19,17,1,5,1,
81,25,688,515,122,28,1,5,1,
81,28,652,255,55,14,1,5,1,
81,33,709,305,63,14,1,5,1,
81,35,611,394,11,9,1,5,1,
81,36,615,151,45,12,1,5,1,
81,37,924,28,36,56,1,5,1,
81,38,668,310,170,46,1,5,1,
81,41,594,209,116,26,1,5,1,
82,2,898,152,19,15,1,5,1,
82,3,713,0,85,22,1,5,1,
82,6,771,320,42,13,1,5,1,
82,7,856,308,18,12,1,5,1,
82,9,662,465,48,12,1,5,1,
82,10,385,-8,66,30,1,5,1,
82,12,892,222,19,15,1,5,1,
82,15,810,273,37,13,1,5,1,
82,16,747,171,103,29,1,5,1,
82,18,910,257,28,14,1,5,1,
82,21,882,196,18,17,1,5,1,
82,25,702,513,120,30,1,5,1,
82,28,648,256,55,13,1,5,1,
82,33,716,305,63,14,1,5,1,
82,35,610,393,13,10,1,5,1,
82,36,611,151,45,13,1,5,1,
82,37,928,32,32,54,1,5,1,
82,38,683,310,167,45,1,5,1,
82,41,605,209,117,26,1,5,1,
83,2,897,153,18,15,1,5,1,
83,3,721,0,81,22,1,5,1,
83,6,777,320,41,12,1,5,1,
83,7,855,308,18,12,1,5,1,
83,9,668,466,48,12,1,5,1,
83,10,390,-12,67,31,1,5,1,
83,12,893,222,19,16,1,5,1,
83,15,807,273,38,12,1,5,1,
83,16,756,172,102,28,1,5,1,
83,18,908,257,29,14,1,5,1,
83,21,881,197,18,16,1,5,1,
83,25,716,512,118,31,1,5,1,
83,28,644,256,55,13,1,5,1,
83,33,723,305,63,14,1,5,1,
83,36,607,152,46,12,1,5,1,
83,37,932,34,28,54,1,5,1,
83,38,697,311,165,44,1,5,1,
83,41,617,209,117,25,1,5,1,
84,2,895,154,18,15,1,5,1,
84,3,730,0,74,22,1,5,1,
84,6,783,320,40,12,1,5,1,
84,7,854,307,18,12,1,5,1,
84,9,673,467,49,12,1,5,1,
84,10,395,-15,70,31,1,5,1,
84,12,893,222,19,16,1,5,1,
84,15,805,273,37,12,1,5,1,
84,16,764,172,101,29,1,5,1,
84,18,907,257,29,14,1,5,1,
84,21,881,198,18,16,1,5,1,
84,25,730,511,115,32,1,5,1,
84,28,640,256,55,13,1,5,1,
84,33,730,305,62,14,1,5,1,
84,36,604,153,46,11,1,5,1,
84,37,937,37,23,53,1,5,1,
84,38,711,310,162,45,1,5,1,
84,41,628,208,118,26,1,5,1,
85,2,893,155,18,15,1,5,1,
85,3,736,0,79,24,1,5,1,
85,6,789,319,40,13,1,5,1,
85,7,853,307,19,12,1,5,1,
85,9,679,468,50,12,1,5,1,
85,10,400,-19,73,32,1,5,1,
85,12,894,223,19,15,1,5,1,
85,15,802,273,37,12,1,5,1,
85,16,773,172,100,29,1,5,1,
85,18,905,257,30,14,1,5,1,
85,21,880,198,18,16,1,5,1,
85,25,743,509,113,34,1,5,1,
85,28,636,256,55,13,1,5,1,
85,33,737,305,62,14,1,5,1,
85,36,601,154,45,10,1,5,1,
85,37,941,40,19,50,1,5,1,
85,38,725,311,157,44,1,5,1,
85,41,640,208,118,26,1,5,1,
86,2,891,156,19,15,1,5,1,
86,3,742,0,81,25,1,5,1,
86,6,794,319,40,12,1,5,1,
86,7,852,307,19,12,1,5,1,
86,9,684,469,51,12,1,5,1,
86,12,895,223,18,15,1,5,1,
86,15,800,273,36,12,1,5,1,
86,16,781,173,100,28,1,5,1,
86,18,904,257,29,14,1,5,1,
86,21,879,199,18,16,1,5,1,
86,25,755,508,112,33,1,5,1,
86,28,633,256,54,13,1,5,1,
86,33,743,305,63,14,1,5,1,
86,36,598,154,45,10,1,5,1,
86,38,739,311,154,43,1,5,1,
86,41,651,208,120,26,1,5,1,
87,2,889,157,19,15,1,5,1,
87,3,748,1,81,24,1,5,1,
87,6,800,319,39,12,1,5,1,
87,7,850,307,20,11,1,5,1,
87,9,690,470,51,12,1,5,1,
87,12,895,223,19,16,1,5,1,
87,15,797,273,37,12,1,5,1,
87,16,789,173,99,28,1,5,1,
87,18,902,257,30,14,1,5,1,
87,21,878,200,18,15,1,5,1,
87,25,767,506,111,33,1,5,1,
87,28,629,256,54,13,1,5,1,
87,29,949,188,10,12,1,5,1,
87,33,750,305,63,14,1,5,1,
87,36,596,154,44,10,1,5,1,
87,38,751,311,153,43,1,5,1,
87,41,662,208,121,26,1,5,1,
88,2,887,159,19,14,1,5,1,
88,3,756,2,76,24,1,5,1,
88,6,805,319,38,12,1,5,1,
88,7,849,306,20,12,1,5,1,
88,9,696,471,51,12,1,5,1,
88,12,895,224,19,15,1,5,1,
88,15,795,273,36,12,1,5,1,
88,16,798,173,98,28,1,5,1,
88,18,900,258,30,13,1,5,1,
88,21,877,200,18,16,1,5,1,
88,25,780,505,109,33,1,5,1,
88,28,625,256,54,13,1,5,1,
88,29,945,187,14,15,1,5,1,
88,33,757,305,62,14,1,5,1,
88,36,594,153,42,11,1,5,1,
88,38,765,311,149,42,1,5,1,
88,41,675,208,120,26,1,5,1,
89,2,885,160,19,14,1,5,1,
89,3,764,3,76,24,1,5,1,
89,6,811,318,37,13,1,5,1,
89,7,848,306,20,11,1,5,1,
89,9,702,471,52,13,1,5,1,
89,12,896,224,18,15,1,5,1,
89,15,792,273,36,12,1,5,1,
89,16,806,173,97,29,1,5,1,
89,18,899,258,29,13,1,5,1,
89,21,876,201,18,15,1,5,1,
89,25,793,503,106,33,1,5,1,
89,28,621,257,54,12,1,5,1,
89,29,941,188,18,15,1,5,1,
89,33,764,305,62,14,1,5,1,
89,36,592,153,40,11,1,5,1,
89,38,778,311,146,42,1,5,1,
89,41,687,208,120,26,1,5,1,
90,2,883,161,19,14,1,5,1,
90,3,770,4,76,24,1,5,1,
90,6,816,318,37,12,1,5,1,
90,7,847,306,19,11,1,5,1,
90,9,708,472,52,13,1,5,1,
90,12,896,224,18,15,1,5,1,
90,15,790,273,36,11,1,5,1,
90,16,814,174,96,28,1,5,1,
90,18,897,258,30,13,1,5,1,
90,21,875,201,18,16,1,5,1,
90,25,805,502,104,32,1,5,1,
90,28,617,257,54,13,1,5,1,
90,29,937,188,22,15,1,5,1,
90,33,771,305,61,14,1,5,1,
90,36,590,153,39,10,1,5,1,
90,38,790,311,144,42,1,5,1,
90,41,699,207,120,27,1,5,1,
91,2,881,162,19,14,1,5,1,
91,3,778,5,74,24,1,5,1,
91,6,823,318,34,12,1,5,1,
91,7,845,305,20,12,1,5,1,
91,9,715,473,51,12,1,5,1,
91,12,896,225,18,14,1,5,1,
91,15,787,273,36,11,1,5,1,
91,16,824,174,93,28,1,5,1,
91,18,895,258,30,13,1,5,1,
91,21,874,202,18,15,1,5,1,
91,25,819,500,100,32,1,5,1,
91,28,614,257,52,13,1,5,1,
91,29,932,189,27,15,1,5,1,
91,33,779,305,60,14,1,5,1,
91,36,590,152,34,11,1,5,1,
91,38,805,311,139,41,1,5,1,
91,41,713,207,118,27,1,5,1,
92,2,879,163,19,14,1,5,1,
92,3,785,6,72,24,1,5,1,
92,6,828,318,34,12,1,5,1,
92,7,844,305,20,11,1,5,1,
92,9,722,473,51,13,1,5,1,
92,12,896,225,18,15,1,5,1,
92,15,785,273,35,11,1,5,1,
92,16,833,174,91,28,1,5,1,
92,18,893,258,30,13,1,5,1,
92,21,873,203,18,15,1,5,1,
92,25,832,498,97,32,1,5,1,
92,28,610,257,52,13,1,5,1,
92,29,932,189,27,15,1,5,1,
92,33,787,305,58,14,1,5,1,
92,36,585,151,37,11,1,5,1,
92,38,818,311,136,41,1,5,1,
92,41,727,207,116,27,1,5,1,
93,2,877,164,18,13,1,5,1,
93,3,792,7,70,24,1,5,1,
93,6,833,317,33,12,1,5,1,
93,7,843,305,19,11,1,5,1,
93,9,728,474,51,13,1,5,1,
93,12,896,225,18,15,1,5,1,
93,15,782,272,35,12,1,5,1,
93,16,841,175,90,28,1,5,1,
93,18,892,258,29,13,1,5,1,
93,21,872,203,18,15,1,5,1,
93,25,844,497,94,31,1,5,1,
93,28,606,257,52,13,1,5,1,
93,29,931,190,28,14,1,5,1,
93,33,794,305,57,14,1,5,1,
93,36,580,151,40,10,1,5,1,
93,38,831,311,129,41,1,5,1,
93,41,739,207,116,27,1,5,1,
94,2,875,165,18,13,1,5,1,
94,3,799,9,68,23,1,5,1,
94,6,838,317,32,12,1,5,1,
94,7,842,304,19,11,1,5,1,
94,9,735,475,50,12,1,5,1,
94,12,896,226,18,14,1,5,1,
94,15,778,272,36,11,1,5,1,
94,16,849,175,89,28,1,5,1,
94,18,890,258,29,13,1,5,1,
94,21,871,204,18,15,1,5,1,
94,25,856,495,91,31,1,5,1,
94,29,931,189,28,15,1,5,1,
94,33,801,305,56,14,1,5,1,
94,36,574,150,43,10,1,5,1,
94,38,843,310,117,41,1,5,1,
94,41,752,207,114,27,1,5,1,
95,2,873,166,18,13,1,5,1,
95,3,804,9,70,23,1,5,1,
95,6,843,317,31,12,1,5,1,
95,7,840,304,20,11,1,5,1,
95,9,741,475,51,13,1,5,1,
95,12,894,226,18,15,1,5,1,
95,15,774,271,38,11,1,5,1,
95,16,857,175,88,28,1,5,1,
95,18,888,258,30,13,1,5,1,
95,21,870,205,17,14,1,5,1,
95,25,867,494,89,30,1,5,1,
95,29,930,189,27,16,1,5,1,
95,33,807,305,56,14,1,5,1,
95,36,569,149,45,11,1,5,1,
95,38,854,310,106,41,1,5,1,
95,41,764,207,114,27,1,5,1,
96,2,871,167,18,13,1,5,1,
96,3,810,10,72,23,1,5,1,
96,6,848,317,30,11,1,5,1,
96,7,839,304,20,11,1,5,1,
96,9,747,475,51,13,1,5,1,
96,12,894,226,17,15,1,5,1,
96,15,770,271,39,11,1,5,1,
96,16,864,176,88,27,1,5,1,
96,18,886,259,30,12,1,5,1,
96,21,869,205,17,14,1,5,1,
96,25,877,492,83,31,1,5,1,
96,29,928,190,27,15,1,5,1,
96,33,814,305,55,14,1,5,1,
96,36,564,149,46,10,1,5,1,
96,38,865,310,95,40,1,5,1,
96,41,775,207,115,27,1,5,1,
97,2,869,168,18,13,1,5,1,
97,3,816,11,71,22,1,5,1,
97,6,853,316,29,12,1,5,1,
97,7,837,304,21,10,1,5,1,
97,9,753,476,51,13,1,5,1,
97,12,893,227,17,14,1,5,1,
97,15,765,271,41,11,1,5,1,
97,16,872,176,86,28,1,5,1,
97,18,883,258,31,13,1,5,1,
97,21,867,206,20,14,1,5,1,
97,25,889,490,71,31,1,5,1,
97,29,925,190,28,16,1,5,1,
97,33,820,305,55,14,1,5,1,
97,36,560,148,46,10,1,5,1,
97,38,877,311,83,38,1,5,1,
97,41,788,207,113,27,1,5,1,
98,2,867,169,18,12,1,5,1,
98,3,823,12,69,22,1,5,1,
98,6,858,316,28,12,1,5,1,
98,7,836,303,20,11,1,5,1,
98,9,760,476,51,13,1,5,1,
98,12,892,227,17,15,1,5,1,
98,15,761,271,41,11,1,5,1,
98,16,880,176,79,28,1,5,1,
98,18,880,258,30,13,1,5,1,
98,21,864,206,24,15,1,5,1,
98,25,900,489,60,29,1,5,1,
98,29,922,191,29,15,1,5,1,
98,33,828,305,52,14,1,5,1,
98,36,555,147,46,10,1,5,1,
98,38,889,310,71,32,1,5,1,
98,41,801,207,111,27,1,5,1,
99,2,865,170,18,12,1,5,1,
99,3,830,13,67,22,1,5,1,
99,6,862,316,28,11,1,5,1,
99,7,834,303,21,11,1,5,1,
99,9,766,477,51,13,1,5,1,
99,12,891,228,16,14,1,5,1,
99,15,757,271,42,11,1,5,1,
99,16,887,177,73,27,1,5,1,
99,18,878,259,29,12,1,5,1,
99,21,859,207,29,15,1,5,1,
99,25,909,487,51,28,1,5,1,
99,29,920,192,29,15,1,5,1,
99,33,834,305,51,14,1,5,1,
99,36,551,147,45,10,1,5,1,
99,38,900,310,60,32,1,5,1,
99,41,813,207,110,27,1,5,1,
100,2,862,171,19,12,1,5,1,
100,3,836,13,66,23,1,5,1,
100,6,866,316,27,11,1,5,1,
100,7,833,303,20,10,1,5,1,
100,9,773,477,50,13,1,5,1,
100,12,890,228,17,14,1,5,1,
100,15,753,271,43,11,1,5,1,
100,16,895,177,65,27,1,5,1,
100,18,877,259,27,12,1,5,1,
100,21,854,207,33,15,1,5,1,
100,25,920,485,40,28,1,5,1,
100,29,917,192,30,16,1,5,1,
100,33,840,305,51,14,1,5,1,
100,36,547,147,44,9,1,5,1,
100,38,910,321,50,20,1,5,1,
100,41,825,207,109,27,1,5,1,
101,2,860,172,19,12,1,5,1,
101,3,842,14,65,23,1,5,1,
101,4,512,169,39,12,1,5,1,
101,6,870,315,27,12,1,5,1,
101,7,831,303,21,10,1,5,1,
101,9,779,477,50,13,1,5,1,
101,12,889,229,17,13,1,5,1,
101,15,751,271,41,11,1,5,1,
101,16,902,178,58,27,1,5,1,
101,18,874,259,28,12,1,5,1,
101,21,849,208,37,15,1,5,1,
101,25,930,484,30,27,1,5,1,
101,29,914,193,31,15,1,5,1,
101,33,847,305,49,14,1,5,1,
101,34,525,213,11,7,1,5,1,
101,36,544,146,41,10,1,5,1,
101,41,837,207,108,27,1,5,1,
102,2,858,173,19,12,1,5,1,
102,3,848,15,63,23,1,5,1,
102,4,513,169,41,12,1,5,1,
102,6,874,315,26,11,1,5,1,
102,7,830,303,22,10,1,5,1,
102,9,785,478,50,13,1,5,1,
102,12,888,229,17,13,1,5,1,
102,15,748,271,41,11,1,5,1,
102,16,912,178,48,28,1,5,1,
102,18,872,259,29,12,1,5,1,
102,21,845,209,38,15,1,5,1,
102,29,912,194,30,15,1,5,1,
102,33,853,305,47,14,1,5,1,
102,34,525,213,13,6,1,5,1,
102,36,541,146,39,10,1,5,1,
102,41,849,207,106,27,1,5,1,
103,2,855,173,20,12,1,5,1,
103,3,854,16,61,24,1,5,1,
103,4,515,169,43,12,1,5,1,
103,6,879,315,24,11,1,5,1,
103,7,828,302,23,10,1,5,1,
103,9,792,478,49,13,1,5,1,
103,12,887,229,19,13,1,5,1,
103,15,744,271,42,10,1,5,1,
103,16,922,179,38,28,1,5,1,
103,18,870,259,28,13,1,5,1,
103,21,842,210,37,14,1,5,1,
103,29,909,195,30,14,1,5,1,
103,33,860,305,44,14,1,5,1,
103,34,526,212,15,7,1,5,1,
103,36,538,146,36,10,1,5,1,
103,41,861,208,98,26,1,5,1,
104,2,853,174,20,12,1,5,1,
104,3,860,16,59,25,1,5,1,
104,4,517,169,44,12,1,5,1,
104,6,883,315,22,11,1,5,1,
104,7,826,302,23,10,1,5,1,
104,9,798,478,49,13,1,5,1,
104,12,886,229,20,13,1,5,1,
104,15,741,271,41,10,1,5,1,
104,16,929,180,31,28,1,5,1,
104,18,868,260,27,12,1,5,1,
104,21,839,211,36,13,1,5,1,
104,29,907,195,30,15,1,5,1,
104,33,866,305,42,14,1,5,1,
104,34,527,212,18,7,1,5,1,
104,36,537,146,31,10,1,5,1,
104,41,874,208,86,27,1,5,1,
105,2,851,175,19,12,1,5,1,
105,3,866,17,56,25,1,5,1,
105,4,520,169,44,12,1,5,1,
105,6,887,314,20,11,1,5,1,
105,7,824,302,23,10,1,5,1,
105,9,804,478,49,13,1,5,1,
105,12,883,229,24,12,1,5,1,
105,15,738,271,41,10,1,5,1,
105,16,933,181,27,28,1,5,1,
105,18,866,260,26,12,1,5,1,
105,21,836,211,35,14,1,5,1,
105,29,904,196,30,15,1,5,1,
105,33,872,305,40,13,1,5,1,
105,34,528,212,21,7,1,5,1,
105,36,536,146,27,11,1,5,1,
105,41,885,208,75,27,1,5,1,
106,2,849,176,19,11,1,5,1,
106,3,871,18,55,25,1,5,1,
106,4,522,170,45,11,1,5,1,
106,6,890,314,20,11,1,5,1,
106,7,822,302,24,9,1,5,1,
106,9,811,478,48,13,1,5,1,
106,12,880,229,28,12,1,5,1,
106,15,735,271,41,10,1,5,1,
106,16,937,182,23,23,1,5,1,
106,18,865,260,24,12,1,5,1,
106,21,833,212,35,13,1,5,1,
106,29,901,197,30,14,1,5,1,
106,33,878,305,38,13,1,5,1,
106,34,529,211,23,7,1,5,1,
106,36,535,147,23,10,1,5,1,
106,41,897,208,63,25,1,5,1,
107,2,847,177,19,11,1,5,1,
107,3,876,20,53,25,1,5,1,
107,4,525,170,44,11,1,5,1,
107,6,894,314,18,10,1,5,1,
107,7,820,301,24,10,1,5,1,
107,9,817,478,47,13,1,5,1,
107,12,878,230,29,12,1,5,1,
107,16,941,183,19,23,1,5,1,
107,18,863,260,24,12,1,5,1,
107,21,829,212,35,14,1,5,1,
107,29,899,197,30,15,1,5,1,
107,33,883,305,37,13,1,5,1,
107,34,531,211,25,7,1,5,1,
107,36,534,147,19,11,1,5,1,
107,41,908,210,52,24,1,5,1,
108,2,845,178,19,11,1,5,1,
108,3,881,21,51,25,1,5,1,
108,4,529,170,42,11,1,5,1,
108,6,896,313,18,11,1,5,1,
108,7,818,301,24,10,1,5,1,
108,9,823,478,47,13,1,5,1,
108,12,875,230,30,12,1,5,1,
108,18,861,260,24,12,1,5,1,
108,21,826,213,35,13,1,5,1,
108,29,897,198,30,14,1,5,1,
108,33,888,305,36,13,1,5,1,
108,34,533,211,27,7,1,5,1,
108,41,918,212,42,22,1,5,1,
109,2,842,178,20,12,1,5,1,
109,3,885,22,50,25,1,5,1,
109,4,531,170,45,12,1,5,1,
109,6,899,313,18,11,1,5,1,
109,7,816,301,25,9,1,5,1,
109,9,828,478,48,13,1,5,1,
109,12,873,230,30,12,1,5,1,
109,18,859,260,25,12,1,5,1,
109,21,823,213,35,13,1,5,1,
109,29,894,199,30,13,1,5,1,
109,33,892,305,36,13,1,5,1,
109,34,535,211,29,7,1,5,1,
109,41,927,213,33,17,1,5,1,
110,2,840,179,20,11,1,5,1,
110,3,890,23,48,26,1,5,1,
110,4,535,170,45,12,1,5,1,
110,5,496,364,10,8,1,5,1,
110,6,901,313,19,10,1,5,1,
110,7,814,301,25,9,1,5,1,
110,9,834,478,47,13,1,5,1,
110,12,870,231,31,11,1,5,1,
110,18,858,260,24,12,1,5,1,
110,20,6764,-14642,-5804,0,1,5,1,
110,21,820,214,35,13,1,5,1,
110,28,567,260,30,11,1,5,1,
110,29,892,199,30,14,1,5,1,
110,33,896,304,36,14,1,5,1,
110,34,538,211,29,7,1,5,1,
111,2,838,180,19,11,1,5,1,
111,3,894,25,47,25,1,5,1,
111,4,539,171,46,11,1,5,1,
111,5,496,365,11,8,1,5,1,
111,6,902,312,23,11,1,5,1,
111,7,812,300,25,10,1,5,1,
111,9,840,478,46,13,1,5,1,
111,12,868,231,30,12,1,5,1,
111,18,856,260,24,12,1,5,1,
111,20,4822,-10729,-3862,0,1,5,1,
111,21,817,215,34,12,1,5,1,
111,28,568,260,25,11,1,5,1,
111,29,889,200,30,13,1,5,1,
111,33,902,304,31,13,1,5,1,
111,34,541,211,30,7,1,5,1,
112,2,836,181,19,10,1,5,1,
112,3,899,26,45,26,1,5,1,
112,4,544,171,46,11,1,5,1,
112,5,496,365,13,9,1,5,1,
112,6,903,312,27,11,1,5,1,
112,9,847,478,45,13,1,5,1,
112,12,865,231,30,12,1,5,1,
112,18,854,260,24,12,1,5,1,
112,20,3698,-8472,-2738,0,1,5,1,
112,21,816,215,30,12,1,5,1,
112,28,569,259,20,11,1,5,1,
112,29,887,201,29,13,1,5,1,
112,33,907,303,28,13,1,5,1,
112,34,545,211,29,7,1,5,1,
113,2,834,181,19,11,1,5,1,
113,3,903,27,43,26,1,5,1,
113,4,547,171,47,12,1,5,1,
113,5,497,366,14,8,1,5,1,
113,6,905,312,30,11,1,5,1,
113,9,852,478,45,13,1,5,1,
113,12,863,232,30,11,1,5,1,
113,18,853,260,24,12,1,5,1,
113,20,2963,-7004,-2003,0,1,5,1,
113,21,816,216,26,11,1,5,1,
113,28,570,259,16,11,1,5,1,
113,29,885,201,29,13,1,5,1,
113,33,908,303,33,13,1,5,1,
113,34,547,211,30,7,1,5,1,
114,1,954,286,5,8,1,5,1,
114,2,832,182,19,11,1,5,1,
114,3,907,29,41,25,1,5,1,
114,4,551,171,46,12,1,5,1,
114,5,498,367,15,8,1,5,1,
114,6,907,312,34,11,1,5,1,
114,9,858,478,44,13,1,5,1,
114,12,860,232,30,11,1,5,1,
114,18,851,261,24,11,1,5,1,
114,21,816,216,22,11,1,5,1,
114,28,570,259,12,11,1,5,1,
114,29,882,202,29,13,1,5,1,
114,33,910,303,37,13,1,5,1,
114,34,551,211,28,7,1,5,1,
115,1,952,284,7,10,1,5,1,
115,2,830,183,19,10,1,5,1,
115,3,910,30,41,26,1,5,1,
115,4,554,171,45,12,1,5,1,
115,5,499,368,16,8,1,5,1,
115,6,909,312,37,11,1,5,1,
115,9,864,477,43,13,1,5,1,
115,12,858,233,29,11,1,5,1,
115,18,849,261,24,11,1,5,1,
115,21,814,216,21,11,1,5,1,
115,28,571,259,12,11,1,5,1,
115,29,880,203,29,12,1,5,1,
115,32,954,204,5,6,1,5,1,
115,33,913,303,38,13,1,5,1,
115,34,555,211,27,7,1,5,1,
116,1,950,284,9,9,1,5,1,
116,2,828,184,18,10,1,5,1,
116,3,914,32,39,25,1,5,1,
116,4,557,172,44,12,1,5,1,
116,5,500,368,18,9,1,5,1,
116,6,914,312,36,11,1,5,1,
116,9,870,477,42,13,1,5,1,
116,12,856,233,29,11,1,5,1,
116,21,812,216,21,11,1,5,1,
116,28,571,259,14,11,1,5,1,
116,29,878,203,28,13,1,5,1,
116,32,951,203,8,7,1,5,1,
116,33,918,303,37,13,1,5,1,
116,34,558,212,26,7,1,5,1,
117,1,948,283,12,10,1,5,1,
117,2,826,184,19,10,1,5,1,
117,3,917,33,38,26,1,5,1,
117,4,560,172,43,12,1,5,1,
117,5,501,369,19,8,1,5,1,
117,6,918,312,37,11,1,5,1,
117,9,875,477,42,13,1,5,1,
117,12,854,233,28,11,1,5,1,
117,21,810,216,22,12,1,5,1,
117,28,571,258,16,12,1,5,1,
117,29,875,204,29,12,1,5,1,
117,32,948,203,11,8,1,5,1,
117,33,922,303,36,13,1,5,1,
117,34,562,212,23,7,1,5,1,
118,1,946,283,13,10,1,5,1,
118,2,824,185,18,10,1,5,1,
118,3,921,35,35,25,1,5,1,
118,4,564,172,41,12,1,5,1,
118,5,503,370,20,8,1,5,1,
118,6,923,312,36,10,1,5,1,
118,9,881,477,41,12,1,5,1,
118,12,851,234,29,10,1,5,1,
118,21,808,217,22,11,1,5,1,
118,28,569,258,21,12,1,5,1,
118,29,873,204,28,13,1,5,1,
118,31,-9059,-2572,0,0,1,5,1,
118,32,945,203,14,8,1,5,1,
118,33,927,302,33,13,1,5,1,
118,34,565,212,21,7,1,5,1,
119,1,944,283,15,11,1,5,1,
119,2,822,186,18,10,1,5,1,
119,3,924,36,34,26,1,5,1,
119,5,504,370,22,9,1,5,1,
119,6,928,312,31,10,1,5,1,
119,9,886,476,41,13,1,5,1,
119,12,849,234,28,11,1,5,1,
119,21,806,217,22,11,1,5,1,
119,28,568,258,26,12,1,5,1,
119,29,871,205,28,12,1,5,1,
119,32,943,204,16,8,1,5,1,
119,33,931,302,29,13,1,5,1,
119,34,568,212,19,8,1,5,1,
120,1,942,283,17,10,1,5,1,
120,2,820,186,18,10,1,5,1,
120,3,927,38,32,25,1,5,1,
120,5,506,371,23,9,1,5,1,
120,6,934,312,26,10,1,5,1,
120,9,891,476,40,13,1,5,1,
120,12,847,234,28,11,1,5,1,
120,21,804,218,22,11,1,5,1,
120,28,567,258,31,12,1,5,1,
120,29,868,205,29,12,1,5,1,
120,32,940,204,19,8,1,5,1,
120,33,935,302,25,13,1,5,1,
120,34,571,213,16,7,1,5,1,
121,1,940,283,19,10,1,5,1,
121,3,929,39,30,26,1,5,1,
121,5,508,372,24,8,1,5,1,
121,6,939,312,21,10,1,5,1,
121,9,896,476,40,12,1,5,1,
121,12,844,235,29,10,1,5,1,
121,21,802,218,23,11,1,5,1,
121,28,566,257,36,13,1,5,1,
121,29,866,206,28,12,1,5,1,
121,32,937,204,22,9,1,5,1,
121,33,939,303,21,11,1,5,1,
121,34,574,213,13,7,1,5,1,
122,1,938,283,21,10,1,5,1,
122,3,932,41,27,25,1,5,1,
122,5,510,372,25,9,1,5,1,
122,6,945,312,15,10,1,5,1,
122,9,901,475,39,13,1,5,1,
122,12,842,235,28,10,1,5,1,
122,21,800,219,23,10,1,5,1,
122,28,566,257,41,13,1,5,1,
122,29,864,206,28,12,1,5,1,
122,32,934,205,24,8,1,5,1,
122,33,944,304,16,10,1,5,1,
123,1,936,283,23,10,1,5,1,
123,3,934,42,25,26,1,5,1,
123,5,512,373,26,9,1,5,1,
123,6,950,314,10,7,1,5,1,
123,9,905,475,39,12,1,5,1,
123,12,840,235,28,10,1,5,1,
123,21,798,219,23,11,1,5,1,
123,28,566,257,46,13,1,5,1,
123,29,861,207,29,12,1,5,1,
123,32,931,205,25,9,1,5,1,
123,33,947,305,13,9,1,5,1,
123,40,453,401,9,10,1,5,1,
124,1,934,283,24,10,1,5,1,
124,3,937,44,22,26,1,5,1,
124,5,515,374,27,9,1,5,1,
124,9,911,474,38,13,1,5,1,
124,12,838,235,28,11,1,5,1,
124,21,796,220,23,10,1,5,1,
124,28,567,257,49,13,1,5,1,
124,29,859,208,28,11,1,5,1,
124,32,929,206,23,8,1,5,1,
124,40,454,402,9,10,1,5,1,
125,1,931,283,25,10,1,5,1,
125,3,939,46,20,25,1,5,1,
125,5,517,374,29,9,1,5,1,
125,9,915,474,38,12,1,5,1,
125,12,835,236,29,10,1,5,1,
125,21,794,220,23,10,1,5,1,
125,28,568,257,52,13,1,5,1,
125,29,857,208,28,11,1,5,1,
125,32,926,206,24,9,1,5,1,
125,40,454,402,9,11,1,5,1,
126,1,929,283,25,9,1,5,1,
126,3,941,47,18,26,1,5,1,
126,5,520,375,29,9,1,5,1,
126,9,920,473,37,12,1,5,1,
126,12,833,236,28,10,1,5,1,
126,21,792,220,23,11,1,5,1,
126,28,570,256,55,14,1,5,1,
126,32,923,207,24,8,1,5,1,
126,40,456,403,8,11,1,5,1,
127,1,927,283,25,9,1,5,1,
127,3,943,49,16,25,1,5,1,
127,5,522,375,30,10,1,5,1,
127,9,924,473,36,12,1,5,1,
127,12,831,236,28,10,1,5,1,
127,28,572,256,57,14,1,5,1,
127,32,921,207,24,8,1,5,1,
127,40,456,404,8,11,1,5,1,
128,1,925,282,25,10,1,5,1,
128,3,944,50,16,26,1,5,1,
128,5,525,376,31,9,1,5,1,
128,9,928,472,32,12,1,5,1,
128,12,829,237,28,9,1,5,1,
128,28,574,256,59,14,1,5,1,
128,40,456,405,9,12,1,5,1,
129,1,923,282,26,10,1,5,1,
129,3,946,52,14,25,1,5,1,
129,5,527,377,33,9,1,5,1,
129,9,931,472,29,11,1,5,1,
129,11,954,245,5,6,1,5,1,
129,12,826,237,29,10,1,5,1,
129,28,577,256,59,15,1,5,1,
129,40,456,406,10,12,1,5,1,
130,1,921,282,25,10,1,5,1,
130,3,948,54,12,25,1,5,1,
130,5,530,377,34,10,1,5,1,
130,9,936,471,24,11,1,5,1,
130,11,951,245,8,6,1,5,1,
130,12,824,237,29,10,1,5,1,
130,28,580,256,60,15,1,5,1,
130,40,457,407,10,12,1,5,1,
131,1,919,282,25,10,1,5,1,
131,3,949,55,11,25,1,5,1,
131,5,533,378,35,9,1,5,1,
131,9,940,470,20,11,1,5,1,
131,11,949,245,10,6,1,5,1,
131,28,584,256,61,15,1,5,1,
131,40,457,408,12,12,1,5,1,
132,1,917,282,25,10,1,5,1,
132,3,950,57,10,25,1,5,1,
132,5,536,379,36,9,1,5,1,
132,9,944,474,16,6,1,5,1,
132,11,946,245,13,7,1,5,1,
132,28,588,256,62,14,1,5,1,
132,40,458,409,13,12,1,5,1,
133,1,915,282,25,9,1,5,1,
133,3,951,58,9,25,1,5,1,
133,5,539,379,37,10,1,5,1,
133,9,948,473,12,7,1,5,1,
133,11,944,245,15,7,1,5,1,
133,28,591,256,63,14,1,5,1,
133,40,458,410,16,12,1,5,1,
134,1,913,282,25,9,1,5,1,
134,3,952,60,8,25,1,5,1,
134,5,543,380,38,9,1,5,1,
134,11,941,245,18,7,1,5,1,
134,28,595,256,64,13,1,5,1,
134,40,458,411,20,12,1,5,1,
135,1,911,282,26,9,1,5,1,
135,3,952,62,8,25,1,5,1,
135,5,546,381,40,9,1,5,1,
135,11,939,245,20,7,1,5,1,
135,28,599,256,65,13,1,5,1,
135,40,459,413,23,11,1,5,1,
136,1,909,282,26,9,1,5,1,
136,5,550,381,41,9,1,5,1,
136,11,936,245,23,7,1,5,1,
136,28,603,256,65,13,1,5,1,
136,40,460,414,26,10,1,5,1,
137,1,907,282,26,9,1,5,1,
137,5,553,382,42,9,1,5,1,
137,11,934,246,24,6,1,5,1,
137,28,606,256,67,13,1,5,1,
137,40,461,415,29,10,1,5,1,
138,1,905,282,26,9,1,5,1,
138,5,557,382,43,9,1,5,1,
138,11,931,246,24,6,1,5,1,
138,28,610,256,67,13,1,5,1,
138,40,463,416,32,10,1,5,1,
139,1,903,282,26,9,1,5,1,
139,5,560,383,45,8,1,5,1,
139,11,929,246,24,7,1,5,1,
139,28,614,256,68,13,1,5,1,
139,40,465,417,35,9,1,5,1,
140,1,901,282,26,8,1,5,1,
140,5,565,383,45,9,1,5,1,
140,11,927,246,24,7,1,5,1,
140,28,618,255,68,14,1,5,1,
140,40,467,417,37,10,1,5,1,
141,1,898,281,27,9,1,5,1,
141,3,952,71,8,24,1,5,1,
141,5,569,384,46,8,1,5,1,
141,11,926,247,22,6,1,5,1,
141,28,622,255,69,14,1,5,1,
141,40,470,418,38,9,1,5,1,
142,3,951,73,8,24,1,5,1,
142,5,574,384,45,8,1,5,1,
142,11,925,247,20,6,1,5,1,
142,28,627,255,69,14,1,5,1,
142,40,474,419,38,9,1,5,1,
143,3,949,74,10,25,1,5,1,
143,5,578,384,46,8,1,5,1,
143,11,923,247,20,6,1,5,1,
143,28,631,255,69,14,1,5,1,
143,40,477,419,40,9,1,5,1,
144,3,947,76,12,25,1,5,1,
144,5,583,384,46,9,1,5,1,
144,28,636,255,69,14,1,5,1,
144,40,482,420,39,9,1,5,1,
145,3,945,82,14,21,1,5,1,
145,5,587,385,47,8,1,5,1,
145,28,640,255,69,14,1,5,1,
145,40,485,420,40,9,1,5,1,
146,3,943,83,16,21,1,5,1,
146,5,591,385,48,8,1,5,1,
146,28,644,255,70,14,1,5,1,
146,37,948,163,11,14,1,5,1,
146,40,489,421,40,8,1,5,1,
147,3,941,81,18,25,1,5,1,
147,5,596,385,47,8,1,5,1,
147,28,648,255,71,14,1,5,1,
147,33,950,299,9,7,1,5,1,
147,37,944,162,15,16,1,5,1,
147,40,492,421,42,9,1,5,1,
148,3,939,82,20,26,1,5,1,
148,5,601,385,47,9,1,5,1,
148,28,653,255,70,14,1,5,1,
148,33,946,298,13,8,1,5,1,
148,37,940,162,19,17,1,5,1,
148,40,497,422,41,8,1,5,1,
149,3,938,84,21,25,1,5,1,
149,5,606,385,47,9,1,5,1,
149,28,659,255,69,14,1,5,1,
149,33,943,298,16,10,1,5,1,
149,37,935,163,25,17,1,5,1,
149,40,502,422,40,9,1,5,1,
150,3,936,86,23,25,1,5,1,
150,5,612,386,46,8,1,5,1,
150,28,664,255,68,14,1,5,1,
150,33,939,297,20,10,1,5,1,
150,37,931,162,28,19,1,5,1,
150,40,506,423,41,8,1,5,1,
