1,1,741,172,107,22,1,5,1,
1,2,198,493,21,35,1,5,1,
1,3,96,27,155,61,1,5,1,
1,4,681,68,211,49,1,5,1,
1,5,873,79,80,17,1,5,1,
1,6,117,421,72,15,1,5,1,
1,7,705,113,188,46,1,5,1,
1,8,266,292,92,35,1,5,1,
1,9,775,193,92,22,1,5,1,
1,10,763,338,65,31,1,5,1,
1,11,561,232,22,17,1,5,1,
1,12,105,482,84,37,1,5,1,
1,13,165,89,52,40,1,5,1,
1,14,79,474,85,24,1,5,1,
1,15,208,155,67,15,1,5,1,
1,16,84,496,30,17,1,5,1,
1,17,819,158,27,21,1,5,1,
1,18,582,312,48,24,1,5,1,
1,19,894,413,52,16,1,5,1,
1,20,838,444,89,22,1,5,1,
1,21,0,70,32,36,1,5,1,
2,1,750,172,107,21,1,5,1,
2,2,202,487,20,40,1,5,1,
2,3,119,38,146,51,1,5,1,
2,4,699,65,212,48,1,5,1,
2,5,865,78,81,21,1,5,1,
2,6,129,420,67,14,1,5,1,
2,7,717,110,197,45,1,5,1,
2,8,266,290,69,35,1,5,1,
2,9,767,195,91,20,1,5,1,
2,10,762,336,49,30,1,5,1,
2,11,559,231,31,18,1,5,1,
2,12,98,484,81,39,1,5,1,
2,13,167,94,58,38,1,5,1,
2,14,67,475,85,27,1,5,1,
2,15,218,155,62,15,1,5,1,
2,16,80,495,32,15,1,5,1,
2,17,810,157,36,21,1,5,1,
2,18,581,310,38,25,1,5,1,
2,19,884,413,59,15,1,5,1,
2,20,850,446,82,21,1,5,1,
2,21,0,67,34,34,1,5,1,
3,1,757,171,108,21,1,5,1,
3,2,201,480,26,44,1,5,1,
3,3,138,44,140,47,1,5,1,
3,4,715,62,215,48,1,5,1,
3,5,857,77,83,25,1,5,1,
3,6,140,420,63,13,1,5,1,
3,7,729,108,206,44,1,5,1,
3,8,264,289,54,34,1,5,1,
3,9,760,197,91,19,1,5,1,
3,10,762,335,38,29,1,5,1,
3,11,558,231,40,18,1,5,1,
3,12,89,487,82,39,1,5,1,
3,13,171,98,64,36,1,5,1,
3,14,54,475,87,33,1,5,1,
3,15,226,155,58,15,1,5,1,
3,16,76,494,35,15,1,5,1,
3,17,800,157,48,20,1,5,1,
3,18,579,310,37,23,1,5,1,
3,19,874,413,65,14,1,5,1,
3,20,861,447,75,21,1,5,1,
3,21,0,65,38,32,1,5,1,
4,1,766,170,106,21,1,5,1,
4,2,200,474,33,47,1,5,1,
4,3,156,50,136,42,1,5,1,
4,4,731,61,217,47,1,5,1,
4,5,849,76,83,29,1,5,1,
4,6,148,419,62,13,1,5,1,
4,7,742,107,212,42,1,5,1,
4,8,265,287,40,34,1,5,1,
4,9,754,197,89,19,1,5,1,
4,10,763,334,32,28,1,5,1,
4,11,558,230,50,19,1,5,1,
4,12,80,489,85,39,1,5,1,
4,13,176,102,68,34,1,5,1,
4,14,42,476,88,38,1,5,1,
4,15,234,155,53,15,1,5,1,
4,16,71,493,40,15,1,5,1,
4,17,789,156,59,20,1,5,1,
4,18,573,309,44,22,1,5,1,
4,19,865,412,69,14,1,5,1,
4,20,872,449,67,20,1,5,1,
4,21,0,63,43,32,1,5,1,
5,1,775,170,103,21,1,5,1,
5,2,201,468,38,49,1,5,1,
5,3,173,56,132,37,1,5,1,
5,4,749,59,210,46,1,5,1,
5,5,842,77,82,31,1,5,1,
5,6,155,417,61,14,1,5,1,
5,7,756,106,203,42,1,5,1,
5,8,267,285,36,34,1,5,1,
5,9,749,198,86,19,1,5,1,
5,10,765,333,32,27,1,5,1,
5,11,559,230,59,18,1,5,1,
5,12,71,491,86,41,1,5,1,
5,13,182,106,72,32,1,5,1,
5,14,30,478,89,42,1,5,1,
5,15,242,155,48,15,1,5,1,
5,16,64,493,45,14,1,5,1,
5,17,778,156,69,21,1,5,1,
5,18,575,309,38,22,1,5,1,
5,19,855,410,72,15,1,5,1,
5,20,882,450,58,20,1,5,1,
5,21,0,62,57,30,1,5,1,
6,1,784,169,99,22,1,5,1,
6,2,205,464,38,47,1,5,1,
6,3,189,60,128,34,1,5,1,
6,4,767,58,193,46,1,5,1,
6,5,835,77,81,34,1,5,1,
6,6,163,415,58,15,1,5,1,
6,7,772,104,188,43,1,5,1,
6,8,271,283,35,33,1,5,1,
6,9,744,198,82,20,1,5,1,
6,10,769,333,30,25,1,5,1,
6,11,562,229,68,19,1,5,1,
6,12,63,493,85,44,1,5,1,
6,13,189,109,74,31,1,5,1,
6,14,19,480,88,46,1,5,1,
6,15,249,155,43,14,1,5,1,
6,16,57,493,50,14,1,5,1,
6,17,766,157,78,20,1,5,1,
6,18,574,307,32,23,1,5,1,
6,19,846,408,74,16,1,5,1,
6,20,892,452,49,19,1,5,1,
6,21,0,61,72,31,1,5,1,
7,1,794,169,93,22,1,5,1,
7,2,211,461,35,42,1,5,1,
7,3,203,61,127,34,1,5,1,
7,4,786,56,174,47,1,5,1,
7,5,829,79,78,34,1,5,1,
7,6,171,414,54,15,1,5,1,
7,7,790,103,170,44,1,5,1,
7,8,277,281,32,33,1,5,1,
7,9,740,198,78,20,1,5,1,
7,10,769,332,35,25,1,5,1,
7,11,566,229,75,19,1,5,1,
7,12,54,495,86,46,1,5,1,
7,13,196,113,76,28,1,5,1,
7,14,7,483,89,50,1,5,1,
7,15,254,154,41,15,1,5,1,
7,16,49,494,55,16,1,5,1,
7,17,754,157,86,21,1,5,1,
7,18,575,306,26,23,1,5,1,
7,19,837,406,75,16,1,5,1,
7,20,902,454,38,17,1,5,1,
7,21,0,60,88,31,1,5,1,
8,1,805,169,85,22,1,5,1,
8,2,219,458,29,38,1,5,1,
8,3,217,63,125,33,1,5,1,
8,4,806,56,154,47,1,5,1,
8,5,824,81,73,35,1,5,1,
8,6,180,412,49,16,1,5,1,
8,7,810,103,150,44,1,5,1,
8,8,274,280,42,31,1,5,1,
8,9,737,199,72,20,1,5,1,
8,10,765,332,48,24,1,5,1,
8,11,571,229,82,20,1,5,1,
8,12,46,498,84,45,1,5,1,
8,13,205,116,76,25,1,5,1,
8,14,0,487,83,54,1,5,1,
8,15,258,153,40,15,1,5,1,
8,16,39,493,60,20,1,5,1,
8,17,743,157,91,23,1,5,1,
8,18,576,305,22,23,1,5,1,
8,19,829,403,74,18,1,5,1,
8,20,911,454,28,17,1,5,1,
8,21,0,60,104,32,1,5,1,
9,1,816,169,75,22,1,5,1,
9,2,224,454,30,37,1,5,1,
9,3,231,64,123,33,1,5,1,
9,4,826,55,134,48,1,5,1,
9,5,820,83,68,36,1,5,1,
9,6,188,411,46,15,1,5,1,
9,7,832,102,128,45,1,5,1,
9,8,272,278,54,31,1,5,1,
9,9,734,199,66,21,1,5,1,
9,10,769,331,45,24,1,5,1,
9,11,578,229,87,20,1,5,1,
9,12,42,501,79,42,1,5,1,
9,13,214,119,76,23,1,5,1,
9,14,-7,492,77,51,1,5,1,
9,15,262,152,40,15,1,5,1,
9,16,30,492,64,25,1,5,1,
9,17,732,157,95,25,1,5,1,
9,18,577,304,22,23,1,5,1,
9,19,821,401,73,19,1,5,1,
9,20,917,454,22,17,1,5,1,
9,21,0,60,115,31,1,5,1,
10,1,826,169,65,23,1,5,1,
10,2,226,450,34,37,1,5,1,
10,3,244,65,122,33,1,5,1,
10,4,847,56,113,48,1,5,1,
10,5,817,86,61,35,1,5,1,
10,6,195,410,44,15,1,5,1,
10,7,854,101,106,47,1,5,1,
10,8,272,276,65,30,1,5,1,
10,9,731,199,60,23,1,5,1,
10,10,775,330,41,24,1,5,1,
10,11,586,228,91,21,1,5,1,
10,12,35,505,75,39,1,5,1,
10,13,223,121,76,22,1,5,1,
10,14,-16,497,74,47,1,5,1,
10,15,266,151,39,15,1,5,1,
10,16,20,493,68,28,1,5,1,
10,17,722,157,97,27,1,5,1,
10,18,580,303,20,22,1,5,1,
10,19,814,399,70,20,1,5,1,
10,20,917,453,22,17,1,5,1,
10,21,6,59,120,32,1,5,1,
11,1,837,169,53,23,1,5,1,
11,2,228,446,38,38,1,5,1,
11,3,257,66,120,33,1,5,1,
11,4,867,56,93,49,1,5,1,
11,5,814,89,55,35,1,5,1,
11,6,201,409,44,14,1,5,1,
11,7,877,101,83,48,1,5,1,
11,8,274,275,73,29,1,5,1,
11,9,728,200,55,23,1,5,1,
11,10,781,330,36,24,1,5,1,
11,11,594,228,94,20,1,5,1,
11,12,28,509,72,35,1,5,1,
11,13,232,124,75,19,1,5,1,
11,14,-24,502,70,42,1,5,1,
11,15,269,150,39,15,1,5,1,
11,16,10,494,71,31,1,5,1,
11,17,712,157,97,30,1,5,1,
11,18,581,302,22,22,1,5,1,
11,19,808,396,67,21,1,5,1,
11,20,916,452,22,17,1,5,1,
11,21,17,59,120,32,1,5,1,
12,1,847,169,41,24,1,5,1,
12,2,230,443,43,37,1,5,1,
12,3,270,68,119,32,1,5,1,
12,4,887,57,73,49,1,5,1,
12,5,813,92,47,34,1,5,1,
12,6,206,408,45,15,1,5,1,
12,7,900,101,60,41,1,5,1,
12,8,277,274,81,27,1,5,1,
12,9,727,201,47,24,1,5,1,
12,10,785,329,34,24,1,5,1,
12,11,604,228,95,20,1,5,1,
12,12,22,513,67,31,1,5,1,
12,13,241,126,74,17,1,5,1,
12,14,-31,509,64,35,1,5,1,
12,15,273,149,38,15,1,5,1,
12,16,0,496,74,33,1,5,1,
12,17,703,158,96,31,1,5,1,
12,18,578,301,31,21,1,5,1,
12,19,804,394,61,21,1,5,1,
12,20,914,451,27,17,1,5,1,
12,21,29,58,118,32,1,5,1,
13,1,857,168,31,25,1,5,1,
13,2,233,440,47,36,1,5,1,
13,3,283,69,118,32,1,5,1,
13,4,906,57,54,37,1,5,1,
13,5,812,95,40,32,1,5,1,
13,6,211,407,46,15,1,5,1,
13,7,919,100,41,44,1,5,1,
13,8,282,273,88,26,1,5,1,
13,9,726,203,40,23,1,5,1,
13,10,790,329,31,23,1,5,1,
13,11,615,228,94,20,1,5,1,
13,12,18,518,60,26,1,5,1,
13,13,250,126,72,17,1,5,1,
13,14,-36,516,57,28,1,5,1,
13,15,277,148,37,16,1,5,1,
13,16,-4,498,70,33,1,5,1,
13,17,695,159,93,33,1,5,1,
13,18,576,300,39,21,1,5,1,
13,19,800,392,56,20,1,5,1,
13,20,912,449,32,18,1,5,1,
13,21,41,58,116,31,1,5,1,
14,1,860,169,29,25,1,5,1,
14,2,236,438,51,33,1,5,1,
14,3,297,70,115,32,1,5,1,
14,5,812,98,32,31,1,5,1,
14,6,215,406,48,14,1,5,1,
14,8,289,272,92,25,1,5,1,
14,9,726,205,32,22,1,5,1,
14,10,793,328,31,23,1,5,1,
14,11,627,227,91,21,1,5,1,
14,12,15,523,52,21,1,5,1,
14,13,259,126,71,18,1,5,1,
14,15,280,147,37,16,1,5,1,
14,16,-15,501,72,31,1,5,1,
14,17,688,161,87,34,1,5,1,
14,18,575,299,47,21,1,5,1,
14,19,797,390,50,20,1,5,1,
14,20,906,447,41,20,1,5,1,
14,21,52,57,116,32,1,5,1,
15,1,862,169,28,26,1,5,1,
15,2,239,437,55,29,1,5,1,
15,3,307,72,117,31,1,5,1,
15,5,812,101,26,29,1,5,1,
15,6,220,406,49,13,1,5,1,
15,8,294,271,98,25,1,5,1,
15,9,726,207,26,21,1,5,1,
15,10,796,328,30,22,1,5,1,
15,11,637,227,88,21,1,5,1,
15,13,266,127,72,17,1,5,1,
15,15,282,146,39,16,1,5,1,
15,16,-26,504,75,33,1,5,1,
15,17,683,162,82,35,1,5,1,
15,18,575,299,54,19,1,5,1,
15,19,794,388,46,19,1,5,1,
15,20,899,444,49,23,1,5,1,
15,21,62,56,117,32,1,5,1,
16,1,864,170,28,26,1,5,1,
16,2,242,435,59,27,1,5,1,
16,3,318,73,117,31,1,5,1,
16,5,811,104,21,27,1,5,1,
16,6,224,405,51,13,1,5,1,
16,8,301,270,102,24,1,5,1,
16,9,726,208,20,21,1,5,1,
16,10,799,327,29,23,1,5,1,
16,11,646,227,90,21,1,5,1,
16,13,273,127,73,17,1,5,1,
16,15,285,145,40,16,1,5,1,
16,16,-36,507,77,35,1,5,1,
16,17,678,164,77,36,1,5,1,
16,18,575,299,61,19,1,5,1,
16,19,793,386,40,19,1,5,1,
16,20,893,442,55,25,1,5,1,
16,21,71,56,118,32,1,5,1,
17,1,865,172,28,24,1,5,1,
17,2,247,434,61,23,1,5,1,
17,3,330,74,116,30,1,5,1,
17,5,811,108,16,24,1,5,1,
17,6,229,404,52,12,1,5,1,
17,8,309,270,106,24,1,5,1,
17,9,725,210,17,19,1,5,1,
17,10,801,326,29,23,1,5,1,
17,11,657,228,88,20,1,5,1,
17,13,281,127,73,17,1,5,1,
17,15,288,144,41,16,1,5,1,
17,16,-46,510,77,34,1,5,1,
17,17,675,166,68,36,1,5,1,
17,18,577,299,66,18,1,5,1,
17,19,793,384,33,19,1,5,1,
17,20,891,440,54,26,1,5,1,
17,21,81,55,121,32,1,5,1,
18,1,868,173,27,24,1,5,1,
18,2,252,433,63,20,1,5,1,
18,3,343,75,114,30,1,5,1,
18,5,811,110,16,23,1,5,1,
18,6,234,403,53,12,1,5,1,
18,8,319,269,107,24,1,5,1,
18,9,725,211,17,18,1,5,1,
18,10,803,326,29,22,1,5,1,
18,11,669,228,85,20,1,5,1,
18,13,289,127,72,17,1,5,1,
18,15,291,143,42,16,1,5,1,
18,17,672,169,60,36,1,5,1,
18,18,579,299,71,18,1,5,1,
18,19,793,383,26,17,1,5,1,
18,20,889,439,51,25,1,5,1,
18,21,91,54,122,33,1,5,1,
19,1,870,174,27,23,1,5,1,
19,2,258,431,64,19,1,5,1,
19,3,354,76,114,30,1,5,1,
19,5,811,112,15,22,1,5,1,
19,6,239,403,53,11,1,5,1,
19,8,328,269,108,24,1,5,1,
19,9,725,212,18,16,1,5,1,
19,10,805,325,30,22,1,5,1,
19,11,679,228,83,20,1,5,1,
19,13,296,127,73,17,1,5,1,
19,15,294,142,43,17,1,5,1,
19,17,671,172,51,35,1,5,1,
19,18,582,299,75,18,1,5,1,
19,19,792,382,21,16,1,5,1,
19,20,887,437,48,24,1,5,1,
19,21,102,54,122,32,1,5,1,
20,1,871,175,28,23,1,5,1,
20,2,263,430,66,17,1,5,1,
20,3,366,77,113,30,1,5,1,
20,5,811,114,15,21,1,5,1,
20,6,245,403,53,11,1,5,1,
20,8,338,269,109,24,1,5,1,
20,9,726,212,18,16,1,5,1,
20,10,807,325,30,21,1,5,1,
20,11,689,228,81,20,1,5,1,
20,13,304,128,72,17,1,5,1,
20,15,298,141,43,17,1,5,1,
20,17,671,175,41,34,1,5,1,
20,18,585,299,79,18,1,5,1,
20,19,792,381,16,15,1,5,1,
20,20,886,435,44,24,1,5,1,
20,21,112,53,123,33,1,5,1,
21,1,872,176,29,22,1,5,1,
21,2,270,429,65,15,1,5,1,
21,3,377,78,112,30,1,5,1,
21,5,811,115,15,21,1,5,1,
21,6,250,403,53,11,1,5,1,
21,8,349,269,108,24,1,5,1,
21,9,726,212,18,16,1,5,1,
21,10,809,324,30,22,1,5,1,
21,11,699,228,79,21,1,5,1,
21,13,313,128,70,16,1,5,1,
21,15,300,140,48,17,1,5,1,
21,17,671,178,32,33,1,5,1,
21,18,590,298,80,19,1,5,1,
21,19,793,380,14,14,1,5,1,
21,20,885,434,41,23,1,5,1,
21,21,124,52,123,33,1,5,1,
22,1,873,177,31,22,1,5,1,
22,2,276,429,66,13,1,5,1,
22,3,389,79,111,30,1,5,1,
22,5,810,116,16,21,1,5,1,
22,6,256,403,52,11,1,5,1,
22,8,359,269,108,24,1,5,1,
22,9,726,212,18,16,1,5,1,
22,10,812,324,29,21,1,5,1,
22,11,708,228,77,21,1,5,1,
22,13,321,128,70,16,1,5,1,
22,15,301,139,54,17,1,5,1,
22,17,670,181,26,30,1,5,1,
22,18,594,298,82,19,1,5,1,
22,19,794,379,14,13,1,5,1,
22,20,882,432,40,23,1,5,1,
22,21,134,52,124,33,1,5,1,
23,1,876,177,30,22,1,5,1,
23,2,283,428,65,13,1,5,1,
23,3,401,80,109,29,1,5,1,
23,5,810,118,16,20,1,5,1,
23,6,262,403,50,11,1,5,1,
23,8,370,269,107,24,1,5,1,
23,9,726,212,17,16,1,5,1,
23,10,814,323,29,21,1,5,1,
23,11,718,229,75,20,1,5,1,
23,13,328,127,71,17,1,5,1,
23,15,303,139,60,17,1,5,1,
23,17,670,185,19,26,1,5,1,
23,18,599,298,84,19,1,5,1,
23,19,795,378,13,12,1,5,1,
23,20,880,431,39,22,1,5,1,
23,21,145,51,125,33,1,5,1,
24,1,878,178,30,22,1,5,1,
24,2,290,427,65,14,1,5,1,
24,3,412,81,108,30,1,5,1,
24,5,810,119,15,21,1,5,1,
24,6,268,404,48,10,1,5,1,
24,8,380,269,107,24,1,5,1,
24,9,725,212,18,17,1,5,1,
24,10,817,323,28,21,1,5,1,
24,11,727,229,74,20,1,5,1,
24,13,335,127,71,17,1,5,1,
24,15,306,138,63,17,1,5,1,
24,17,671,188,19,24,1,5,1,
24,18,605,298,84,19,1,5,1,
24,19,795,377,13,12,1,5,1,
24,20,877,429,40,23,1,5,1,
24,21,156,50,126,34,1,5,1,
25,1,881,179,28,21,1,5,1,
25,2,297,427,64,14,1,5,1,
25,3,424,82,106,29,1,5,1,
25,5,810,120,15,21,1,5,1,
25,6,274,404,46,11,1,5,1,
25,8,391,269,106,24,1,5,1,
25,9,725,213,17,16,1,5,1,
25,10,819,322,28,21,1,5,1,
25,11,736,229,72,20,1,5,1,
25,13,343,127,71,17,1,5,1,
25,15,310,138,65,17,1,5,1,
25,17,672,190,19,22,1,5,1,
25,18,611,298,84,19,1,5,1,
25,19,795,376,13,12,1,5,1,
25,20,874,428,40,22,1,5,1,
25,21,167,50,127,33,1,5,1,
26,1,884,179,27,22,1,5,1,
26,2,304,426,64,14,1,5,1,
26,3,434,83,106,29,1,5,1,
26,5,809,121,15,21,1,5,1,
26,6,279,404,44,12,1,5,1,
26,8,402,269,105,23,1,5,1,
26,9,725,213,17,17,1,5,1,
26,10,822,322,27,20,1,5,1,
26,11,744,229,72,20,1,5,1,
26,13,350,127,72,17,1,5,1,
26,15,315,137,66,17,1,5,1,
26,17,675,192,18,20,1,5,1,
26,18,617,298,84,19,1,5,1,
26,19,795,375,13,12,1,5,1,
26,20,872,426,40,22,1,5,1,
26,21,178,49,128,34,1,5,1,
27,1,886,180,27,21,1,5,1,
27,2,311,426,63,14,1,5,1,
27,3,446,84,104,29,1,5,1,
27,5,809,123,15,20,1,5,1,
27,6,285,404,41,12,1,5,1,
27,8,413,269,103,23,1,5,1,
27,9,724,214,16,17,1,5,1,
27,10,825,322,26,20,1,5,1,
27,11,753,230,70,19,1,5,1,
27,13,358,127,71,17,1,5,1,
27,15,320,137,68,17,1,5,1,
27,17,677,194,19,18,1,5,1,
27,18,623,299,84,18,1,5,1,
27,19,795,374,13,12,1,5,1,
27,20,869,425,40,21,1,5,1,
27,21,189,49,129,33,1,5,1,
28,1,888,181,26,21,1,5,1,
28,2,318,426,63,14,1,5,1,
28,3,457,85,102,29,1,5,1,
28,5,809,124,14,20,1,5,1,
28,6,291,404,37,13,1,5,1,
28,8,424,269,101,23,1,5,1,
28,9,723,214,16,18,1,5,1,
28,10,827,321,26,20,1,5,1,
28,11,761,230,69,19,1,5,1,
28,13,365,127,72,17,1,5,1,
28,15,326,136,68,17,1,5,1,
28,17,677,195,22,18,1,5,1,
28,18,629,299,84,18,1,5,1,
28,19,795,373,13,12,1,5,1,
28,20,866,423,40,21,1,5,1,
28,21,200,48,131,34,1,5,1,
29,1,889,181,26,21,1,5,1,
29,2,325,426,62,14,1,5,1,
29,3,468,86,101,29,1,5,1,
29,5,808,125,15,20,1,5,1,
29,6,296,404,33,14,1,5,1,
29,8,434,269,101,23,1,5,1,
29,9,722,215,15,18,1,5,1,
29,10,828,321,26,19,1,5,1,
29,11,770,230,67,19,1,5,1,
29,13,373,127,71,17,1,5,1,
29,15,331,136,69,17,1,5,1,
29,17,677,196,27,18,1,5,1,
29,18,635,298,84,19,1,5,1,
29,19,795,372,13,12,1,5,1,
29,20,863,422,41,20,1,5,1,
29,21,212,48,131,33,1,5,1,
30,1,891,182,26,21,1,5,1,
30,2,331,426,62,14,1,5,1,
30,3,478,87,100,29,1,5,1,
30,5,808,126,14,20,1,5,1,
30,6,300,405,33,14,1,5,1,
30,8,444,269,100,23,1,5,1,
30,9,722,216,14,18,1,5,1,
30,10,830,320,26,20,1,5,1,
30,11,777,230,67,19,1,5,1,
30,13,381,127,71,17,1,5,1,
30,15,337,135,70,18,1,5,1,
30,17,677,197,33,18,1,5,1,
30,18,641,298,84,19,1,5,1,
30,19,795,371,12,12,1,5,1,
30,20,861,420,40,21,1,5,1,
30,21,223,47,132,34,1,5,1,
31,1,892,183,26,21,1,5,1,
31,2,338,426,62,14,1,5,1,
31,3,489,88,98,29,1,5,1,
31,5,807,128,15,19,1,5,1,
31,6,304,406,32,14,1,5,1,
31,8,455,269,98,23,1,5,1,
31,9,721,217,15,17,1,5,1,
31,10,832,320,25,19,1,5,1,
31,11,785,230,66,20,1,5,1,
31,13,389,128,71,16,1,5,1,
31,15,343,135,70,17,1,5,1,
31,17,677,198,39,18,1,5,1,
31,18,647,297,83,19,1,5,1,
31,19,794,370,13,11,1,5,1,
31,20,858,419,40,20,1,5,1,
31,21,236,47,131,33,1,5,1,
32,1,893,183,26,21,1,5,1,
32,2,344,426,62,14,1,5,1,
32,3,500,89,96,29,1,5,1,
32,5,807,129,14,19,1,5,1,
32,6,307,407,32,14,1,5,1,
32,8,465,269,97,22,1,5,1,
32,9,721,218,14,16,1,5,1,
32,10,833,319,25,20,1,5,1,
32,11,793,231,65,19,1,5,1,
32,13,396,128,71,17,1,5,1,
32,15,349,135,70,17,1,5,1,
32,17,678,199,45,18,1,5,1,
32,18,653,296,83,19,1,5,1,
32,19,793,369,13,11,1,5,1,
32,20,855,418,40,19,1,5,1,
32,21,247,46,133,34,1,5,1,
33,1,895,184,25,21,1,5,1,
33,2,351,427,60,14,1,5,1,
33,3,510,91,95,28,1,5,1,
33,5,807,130,13,19,1,5,1,
33,6,311,407,29,16,1,5,1,
33,8,475,269,95,22,1,5,1,
33,9,720,219,14,16,1,5,1,
33,10,834,319,25,19,1,5,1,
33,11,801,231,64,19,1,5,1,
33,13,404,128,71,17,1,5,1,
33,15,355,134,71,18,1,5,1,
33,17,679,201,51,17,1,5,1,
33,18,659,296,82,18,1,5,1,
33,19,793,368,13,11,1,5,1,
33,20,852,416,41,20,1,5,1,
33,21,259,46,133,34,1,5,1,
34,1,896,185,25,20,1,5,1,
34,2,358,427,58,14,1,5,1,
34,3,520,92,93,28,1,5,1,
34,5,806,131,14,19,1,5,1,
34,6,315,408,26,17,1,5,1,
34,8,485,269,94,22,1,5,1,
34,9,720,220,14,15,1,5,1,
34,10,835,318,25,19,1,5,1,
34,11,807,231,65,19,1,5,1,
34,13,411,128,71,17,1,5,1,
34,15,360,134,73,18,1,5,1,
34,17,682,202,55,17,1,5,1,
34,18,664,295,82,19,1,5,1,
34,19,792,367,14,11,1,5,1,
34,20,850,415,40,19,1,5,1,
34,21,271,45,134,34,1,5,1,
35,1,897,185,25,21,1,5,1,
35,2,365,428,56,14,1,5,1,
35,3,530,93,92,28,1,5,1,
35,5,806,133,13,18,1,5,1,
35,6,319,408,24,18,1,5,1,
35,8,495,269,93,22,1,5,1,
35,9,719,220,14,15,1,5,1,
35,10,836,318,25,19,1,5,1,
35,11,815,231,63,19,1,5,1,
35,13,419,128,71,17,1,5,1,
35,15,367,133,72,18,1,5,1,
35,17,685,203,59,16,1,5,1,
35,18,670,295,81,19,1,5,1,
35,19,791,366,14,11,1,5,1,
35,20,847,413,40,20,1,5,1,
35,21,283,45,134,34,1,5,1,
36,1,898,186,25,20,1,5,1,
36,2,371,428,56,15,1,5,1,
36,3,540,94,90,28,1,5,1,
36,5,805,134,13,18,1,5,1,
36,6,322,409,23,19,1,5,1,
36,8,504,269,92,22,1,5,1,
36,9,718,221,14,14,1,5,1,
36,10,837,317,25,19,1,5,1,
36,11,822,232,63,18,1,5,1,
36,13,427,128,70,17,1,5,1,
36,15,373,133,73,18,1,5,1,
36,17,689,204,60,16,1,5,1,
36,18,675,296,82,18,1,5,1,
36,19,790,365,15,11,1,5,1,
36,20,844,412,40,19,1,5,1,
36,21,295,44,135,35,1,5,1,
37,1,899,187,25,20,1,5,1,
37,2,376,428,57,15,1,5,1,
37,3,550,95,88,28,1,5,1,
37,5,804,135,14,18,1,5,1,
37,6,325,411,23,18,1,5,1,
37,8,514,269,90,22,1,5,1,
37,9,718,221,14,15,1,5,1,
37,10,838,317,24,18,1,5,1,
37,11,830,232,62,18,1,5,1,
37,13,435,128,70,17,1,5,1,
37,15,379,133,73,18,1,5,1,
37,17,695,204,60,16,1,5,1,
37,18,681,296,81,18,1,5,1,
37,19,789,364,15,11,1,5,1,
37,20,841,411,41,18,1,5,1,
37,21,307,44,136,34,1,5,1,
38,1,899,187,25,20,1,5,1,
38,2,382,429,58,15,1,5,1,
38,3,559,96,87,28,1,5,1,
38,5,804,136,13,18,1,5,1,
38,6,327,412,24,19,1,5,1,
38,8,524,269,88,22,1,5,1,
38,9,717,221,14,15,1,5,1,
38,10,838,316,25,19,1,5,1,
38,11,837,232,61,18,1,5,1,
38,13,442,128,70,17,1,5,1,
38,15,385,132,74,19,1,5,1,
38,17,700,204,60,16,1,5,1,
38,18,687,296,80,18,1,5,1,
38,19,788,363,15,11,1,5,1,
38,20,838,410,41,18,1,5,1,
38,21,320,43,135,35,1,5,1,
39,1,900,188,25,20,1,5,1,
39,2,388,430,58,15,1,5,1,
39,3,569,98,85,27,1,5,1,
39,5,803,137,13,18,1,5,1,
39,6,329,413,25,20,1,5,1,
39,8,533,269,87,22,1,5,1,
39,9,716,222,15,14,1,5,1,
39,10,839,316,24,18,1,5,1,
39,11,844,232,60,18,1,5,1,
39,13,450,129,70,17,1,5,1,
39,15,392,132,74,18,1,5,1,
39,17,706,204,60,16,1,5,1,
39,18,693,296,79,18,1,5,1,
39,19,786,362,16,11,1,5,1,
39,20,835,408,41,18,1,5,1,
39,21,332,43,136,35,1,5,1,
40,1,901,189,24,19,1,5,1,
40,2,393,430,60,15,1,5,1,
40,3,579,99,83,27,1,5,1,
40,5,802,138,13,17,1,5,1,
40,6,330,415,28,19,1,5,1,
40,8,543,269,85,22,1,5,1,
40,9,715,222,15,15,1,5,1,
40,10,839,316,25,18,1,5,1,
40,11,852,232,58,18,1,5,1,
40,13,458,129,69,17,1,5,1,
40,15,398,132,75,18,1,5,1,
40,17,713,205,58,15,1,5,1,
40,18,699,295,78,19,1,5,1,
40,19,785,361,17,11,1,5,1,
40,20,833,407,40,18,1,5,1,
40,21,345,42,136,35,1,5,1,
41,1,901,189,25,20,1,5,1,
41,2,399,430,61,15,1,5,1,
41,3,587,100,82,27,1,5,1,
41,5,802,139,13,17,1,5,1,
41,6,332,416,31,19,1,5,1,
41,8,552,269,83,21,1,5,1,
41,9,714,223,16,14,1,5,1,
41,10,840,315,24,18,1,5,1,
41,11,859,233,57,17,1,5,1,
41,13,465,129,69,17,1,5,1,
41,15,405,132,75,18,1,5,1,
41,17,718,205,59,15,1,5,1,
41,18,705,295,77,19,1,5,1,
41,19,783,360,18,11,1,5,1,
41,20,830,406,40,17,1,5,1,
41,21,357,42,137,35,1,5,1,
42,1,901,190,25,19,1,5,1,
42,2,405,430,62,14,1,5,1,
42,3,596,101,81,27,1,5,1,
42,5,801,140,13,17,1,5,1,
42,6,334,418,34,18,1,5,1,
42,8,560,269,83,21,1,5,1,
42,9,713,223,16,14,1,5,1,
42,10,840,315,24,18,1,5,1,
42,11,865,233,57,18,1,5,1,
42,13,473,129,69,17,1,5,1,
42,15,411,131,75,19,1,5,1,
42,17,724,205,58,16,1,5,1,
42,18,711,295,76,19,1,5,1,
42,19,781,359,19,11,1,5,1,
42,20,827,405,41,17,1,5,1,
42,21,369,42,138,35,1,5,1,
43,1,904,191,24,18,1,5,1,
43,2,411,429,63,15,1,5,1,
43,3,605,102,79,27,1,5,1,
43,5,800,141,13,17,1,5,1,
43,6,336,419,37,18,1,5,1,
43,8,570,269,80,21,1,5,1,
43,9,712,223,16,14,1,5,1,
43,10,840,314,23,18,1,5,1,
43,11,872,233,56,18,1,5,1,
43,13,481,130,68,17,1,5,1,
43,15,418,131,75,18,1,5,1,
43,17,730,205,57,16,1,5,1,
43,18,717,295,74,19,1,5,1,
43,19,779,359,19,10,1,5,1,
43,20,824,404,41,17,1,5,1,
43,21,382,41,138,35,1,5,1,
44,1,907,192,24,17,1,5,1,
44,2,418,429,61,14,1,5,1,
44,3,613,103,78,27,1,5,1,
44,5,800,142,13,17,1,5,1,
44,6,340,420,37,19,1,5,1,
44,8,578,269,79,21,1,5,1,
44,9,709,224,19,13,1,5,1,
44,10,840,314,23,17,1,5,1,
44,11,878,233,57,18,1,5,1,
44,13,488,130,68,17,1,5,1,
44,15,424,131,76,18,1,5,1,
44,17,735,205,57,16,1,5,1,
44,18,723,295,73,19,1,5,1,
44,19,777,358,20,10,1,5,1,
44,20,821,403,41,16,1,5,1,
44,21,394,41,139,35,1,5,1,
45,1,908,193,25,16,1,5,1,
45,2,425,428,60,14,1,5,1,
45,3,622,105,76,26,1,5,1,
45,5,799,143,13,17,1,5,1,
45,6,343,422,39,18,1,5,1,
45,8,587,269,78,21,1,5,1,
45,9,707,224,21,14,1,5,1,
45,10,840,314,23,17,1,5,1,
45,11,885,234,56,17,1,5,1,
45,13,495,130,68,17,1,5,1,
45,15,431,131,76,18,1,5,1,
45,17,741,205,56,16,1,5,1,
45,18,729,295,71,18,1,5,1,
45,19,774,357,21,10,1,5,1,
45,20,818,401,41,17,1,5,1,
45,21,407,41,139,35,1,5,1,
46,1,910,193,25,16,1,5,1,
46,2,432,427,59,14,1,5,1,
46,3,630,106,75,26,1,5,1,
46,5,798,144,13,16,1,5,1,
46,6,346,423,40,18,1,5,1,
46,8,595,269,76,21,1,5,1,
46,9,705,224,23,14,1,5,1,
46,10,839,313,23,17,1,5,1,
46,11,891,234,56,17,1,5,1,
46,13,503,131,67,16,1,5,1,
46,15,437,131,77,18,1,5,1,
46,17,747,206,55,15,1,5,1,
46,18,734,295,70,18,1,5,1,
46,19,772,356,21,10,1,5,1,
46,20,815,400,41,17,1,5,1,
46,21,419,40,140,36,1,5,1,
47,1,913,193,23,17,1,5,1,
47,2,439,426,57,14,1,5,1,
47,3,638,107,74,26,1,5,1,
47,5,798,145,13,16,1,5,1,
47,6,350,424,42,19,1,5,1,
47,8,603,269,75,21,1,5,1,
47,9,704,225,22,13,1,5,1,
47,10,840,313,23,17,1,5,1,
47,11,898,234,54,17,1,5,1,
47,13,510,131,67,17,1,5,1,
47,15,444,130,77,19,1,5,1,
47,17,752,206,55,15,1,5,1,
47,18,740,295,68,18,1,5,1,
47,19,770,355,21,10,1,5,1,
47,20,812,399,41,16,1,5,1,
47,21,433,40,139,36,1,5,1,
48,1,915,194,23,16,1,5,1,
48,2,446,425,56,14,1,5,1,
48,3,646,108,72,26,1,5,1,
48,5,797,146,13,16,1,5,1,
48,6,353,426,44,18,1,5,1,
48,8,611,269,74,21,1,5,1,
48,9,702,225,23,13,1,5,1,
48,10,842,312,22,17,1,5,1,
48,11,904,234,54,17,1,5,1,
48,13,517,131,67,17,1,5,1,
48,15,450,130,78,19,1,5,1,
48,17,757,206,56,15,1,5,1,
48,18,745,295,68,18,1,5,1,
48,19,768,355,21,9,1,5,1,
48,20,810,398,40,16,1,5,1,
48,21,445,40,140,36,1,5,1,
49,1,917,194,22,17,1,5,1,
49,2,454,424,53,14,1,5,1,
49,3,656,109,69,27,1,5,1,
49,5,796,147,13,16,1,5,1,
49,6,358,427,45,18,1,5,1,
49,8,622,269,69,20,1,5,1,
49,9,700,225,23,14,1,5,1,
49,10,844,312,21,16,1,5,1,
49,11,912,234,48,17,1,5,1,
49,13,527,132,64,17,1,5,1,
49,15,459,130,76,19,1,5,1,
49,17,764,206,54,16,1,5,1,
49,18,752,295,65,18,1,5,1,
49,19,768,354,18,9,1,5,1,
49,20,808,397,38,15,1,5,1,
49,21,462,40,136,35,1,5,1,
50,1,918,195,23,16,1,5,1,
50,2,460,423,52,14,1,5,1,
50,3,663,111,68,25,1,5,1,
50,5,795,148,14,16,1,5,1,
50,6,362,429,46,17,1,5,1,
50,8,629,269,69,20,1,5,1,
50,9,699,226,22,13,1,5,1,
50,10,844,312,26,16,1,5,1,
50,11,918,235,42,17,1,5,1,
50,13,534,132,64,17,1,5,1,
50,15,465,130,76,19,1,5,1,
50,17,769,206,54,16,1,5,1,
50,18,757,295,65,18,1,5,1,
50,19,768,353,15,9,1,5,1,
50,20,806,396,37,15,1,5,1,
50,21,473,40,138,35,1,5,1,
51,1,920,195,22,16,1,5,1,
51,2,466,422,51,14,1,5,1,
51,3,669,112,68,25,1,5,1,
51,5,795,149,13,15,1,5,1,
51,6,366,430,48,17,1,5,1,
51,8,636,269,68,20,1,5,1,
51,10,841,312,35,16,1,5,1,
51,11,923,235,37,17,1,5,1,
51,13,540,132,64,17,1,5,1,
51,15,472,130,76,19,1,5,1,
51,17,774,207,55,15,1,5,1,
51,18,761,295,65,18,1,5,1,
51,19,768,353,11,9,1,5,1,
51,20,805,395,34,15,1,5,1,
51,21,485,39,139,36,1,5,1,
52,1,921,196,23,16,1,5,1,
52,2,472,421,50,14,1,5,1,
52,3,676,113,67,25,1,5,1,
52,5,794,150,13,15,1,5,1,
52,6,370,431,50,17,1,5,1,
52,8,643,269,67,20,1,5,1,
52,10,839,311,44,16,1,5,1,
52,11,929,236,31,16,1,5,1,
52,13,547,133,64,17,1,5,1,
52,15,478,130,77,19,1,5,1,
52,17,779,207,55,15,1,5,1,
52,18,765,295,66,18,1,5,1,
52,19,767,352,11,9,1,5,1,
52,20,802,394,35,15,1,5,1,
52,21,497,39,140,36,1,5,1,
53,1,922,196,23,16,1,5,1,
53,2,477,420,50,14,1,5,1,
53,3,683,114,66,25,1,5,1,
53,5,793,151,13,15,1,5,1,
53,6,375,432,51,17,1,5,1,
53,8,650,269,66,20,1,5,1,
53,10,838,311,51,16,1,5,1,
53,11,935,236,25,16,1,5,1,
53,13,554,133,64,17,1,5,1,
53,15,485,130,77,19,1,5,1,
53,17,784,207,55,15,1,5,1,
53,18,770,295,65,18,1,5,1,
53,19,766,351,13,9,1,5,1,
53,20,799,393,36,15,1,5,1,
53,21,509,39,141,37,1,5,1,
54,1,924,197,23,15,1,5,1,
54,2,483,419,48,14,1,5,1,
54,3,691,115,64,25,1,5,1,
54,5,792,151,13,16,1,5,1,
54,6,380,433,53,17,1,5,1,
54,8,657,269,65,20,1,5,1,
54,10,839,311,55,16,1,5,1,
54,11,941,238,19,10,1,5,1,
54,13,561,134,63,16,1,5,1,
54,15,492,130,77,19,1,5,1,
54,17,789,207,55,15,1,5,1,
54,18,775,295,64,18,1,5,1,
54,19,764,351,15,8,1,5,1,
54,20,796,392,37,15,1,5,1,
54,21,523,39,140,37,1,5,1,
55,1,925,197,22,16,1,5,1,
55,2,489,418,47,14,1,5,1,
55,3,697,117,64,24,1,5,1,
55,5,792,152,13,15,1,5,1,
55,6,385,435,54,16,1,5,1,
55,8,664,269,64,20,1,5,1,
55,10,841,311,57,16,1,5,1,
55,13,568,134,62,17,1,5,1,
55,15,498,130,78,19,1,5,1,
55,17,794,207,54,15,1,5,1,
55,18,780,295,63,17,1,5,1,
55,19,762,350,17,9,1,5,1,
55,20,793,392,38,14,1,5,1,
55,21,535,40,140,36,1,5,1,
56,1,924,198,23,16,1,5,1,
56,2,494,417,46,14,1,5,1,
56,3,704,118,62,24,1,5,1,
56,6,390,436,56,16,1,5,1,
56,8,671,269,62,20,1,5,1,
56,10,845,311,57,16,1,5,1,
56,13,575,135,62,16,1,5,1,
56,15,505,130,78,19,1,5,1,
56,17,800,207,53,15,1,5,1,
56,18,785,295,61,17,1,5,1,
56,19,760,349,18,9,1,5,1,
56,20,791,391,37,14,1,5,1,
56,21,548,40,140,36,1,5,1,
57,1,924,198,22,17,1,5,1,
57,2,499,416,46,14,1,5,1,
57,3,710,119,61,24,1,5,1,
57,6,394,437,58,16,1,5,1,
57,8,676,269,63,20,1,5,1,
57,10,849,311,56,16,1,5,1,
57,13,580,135,63,17,1,5,1,
57,15,511,130,78,19,1,5,1,
57,17,804,208,54,15,1,5,1,
57,18,789,294,61,18,1,5,1,
57,19,758,349,19,8,1,5,1,
57,21,559,40,141,36,1,5,1,
58,1,923,198,22,18,1,5,1,
58,2,503,416,48,13,1,5,1,
58,3,716,120,61,24,1,5,1,
58,6,400,438,59,16,1,5,1,
58,8,683,269,61,19,1,5,1,
58,10,853,311,55,16,1,5,1,
58,13,587,136,62,16,1,5,1,
58,15,517,130,79,19,1,5,1,
58,17,809,208,53,15,1,5,1,
58,18,794,294,59,18,1,5,1,
58,19,756,348,19,9,1,5,1,
58,21,571,40,142,36,1,5,1,
59,1,921,199,22,18,1,5,1,
59,2,507,415,50,13,1,5,1,
59,3,721,121,61,24,1,5,1,
59,6,405,438,60,17,1,5,1,
59,8,689,269,60,19,1,5,1,
59,10,858,311,54,16,1,5,1,
59,13,593,136,62,17,1,5,1,
59,15,523,130,80,19,1,5,1,
59,17,813,208,54,15,1,5,1,
59,18,798,294,58,18,1,5,1,
59,19,754,347,20,9,1,5,1,
59,21,582,40,143,37,1,5,1,
60,1,920,199,20,19,1,5,1,
60,2,510,415,54,13,1,5,1,
60,3,728,122,59,24,1,5,1,
60,6,411,439,61,17,1,5,1,
60,8,695,269,59,19,1,5,1,
60,10,862,311,53,15,1,5,1,
60,13,600,137,61,16,1,5,1,
60,15,530,130,80,19,1,5,1,
60,17,819,208,52,15,1,5,1,
60,18,803,294,56,18,1,5,1,
60,19,752,347,20,8,1,5,1,
60,21,596,41,141,36,1,5,1,
61,1,919,200,22,19,1,5,1,
61,2,514,415,56,13,1,5,1,
61,3,734,123,57,24,1,5,1,
61,6,417,440,61,17,1,5,1,
61,8,701,269,58,19,1,5,1,
61,10,866,311,52,15,1,5,1,
61,13,606,137,61,17,1,5,1,
61,15,537,130,79,19,1,5,1,
61,17,824,208,51,15,1,5,1,
61,18,807,294,55,18,1,5,1,
61,19,750,346,21,8,1,5,1,
61,21,607,41,142,36,1,5,1,
62,1,918,201,22,18,1,5,1,
62,2,519,415,57,13,1,5,1,
62,3,740,125,56,23,1,5,1,
62,6,423,441,62,17,1,5,1,
62,8,707,269,56,19,1,5,1,
62,10,871,311,49,15,1,5,1,
62,13,612,138,60,16,1,5,1,
62,15,544,130,79,19,1,5,1,
62,17,829,208,50,15,1,5,1,
62,18,812,294,53,18,1,5,1,
62,19,748,345,21,9,1,5,1,
62,21,621,41,140,37,1,5,1,
63,1,917,202,22,17,1,5,1,
63,2,524,415,59,13,1,5,1,
63,3,746,126,54,23,1,5,1,
63,6,430,442,62,17,1,5,1,
63,8,714,269,54,19,1,5,1,
63,10,876,310,47,16,1,5,1,
63,13,619,138,59,17,1,5,1,
63,15,551,131,78,18,1,5,1,
63,17,834,209,50,14,1,5,1,
63,18,817,294,51,17,1,5,1,
63,19,746,345,21,8,1,5,1,
63,21,635,42,138,36,1,5,1,
64,1,915,202,24,17,1,5,1,
64,2,530,416,59,13,1,5,1,
64,3,753,127,52,23,1,5,1,
64,6,437,443,61,18,1,5,1,
64,8,720,269,53,19,1,5,1,
64,10,880,310,46,16,1,5,1,
64,13,626,139,57,16,1,5,1,
64,15,559,131,77,19,1,5,1,
64,17,839,209,49,15,1,5,1,
64,18,822,294,48,17,1,5,1,
64,19,744,344,21,8,1,5,1,
64,21,649,42,135,37,1,5,1,
65,1,913,203,26,16,1,5,1,
65,2,535,416,60,13,1,5,1,
65,3,758,128,51,23,1,5,1,
65,6,442,443,63,19,1,5,1,
65,8,725,269,52,19,1,5,1,
65,10,884,310,45,16,1,5,1,
65,13,632,140,57,16,1,5,1,
65,15,565,131,77,19,1,5,1,
65,17,843,209,49,15,1,5,1,
65,18,825,294,48,17,1,5,1,
65,19,742,344,21,8,1,5,1,
65,21,661,43,135,36,1,5,1,
66,1,912,203,27,17,1,5,1,
66,2,541,417,60,14,1,5,1,
66,3,763,129,54,23,1,5,1,
66,6,449,444,63,19,1,5,1,
66,8,731,269,51,19,1,5,1,
66,10,888,310,43,15,1,5,1,
66,13,638,140,56,16,1,5,1,
66,15,572,131,77,19,1,5,1,
66,17,848,209,48,15,1,5,1,
66,18,830,294,44,17,1,5,1,
66,19,740,343,21,8,1,5,1,
66,21,673,44,134,36,1,5,1,
67,1,910,203,28,17,1,5,1,
67,2,546,417,61,15,1,5,1,
67,3,766,131,58,22,1,5,1,
67,6,455,445,64,19,1,5,1,
67,8,736,270,50,17,1,5,1,
67,10,892,310,41,15,1,5,1,
67,13,644,141,56,16,1,5,1,
67,15,578,131,77,19,1,5,1,
67,17,852,210,47,14,1,5,1,
67,18,834,294,42,17,1,5,1,
67,19,738,342,21,8,1,5,1,
67,21,684,44,135,36,1,5,1,
68,1,908,204,28,17,1,5,1,
68,2,554,418,59,15,1,5,1,
68,3,772,132,57,22,1,5,1,
68,6,463,447,63,19,1,5,1,
68,8,743,270,47,17,1,5,1,
68,10,897,310,39,15,1,5,1,
68,13,652,141,53,16,1,5,1,
68,15,587,132,74,18,1,5,1,
68,17,859,210,44,14,1,5,1,
68,18,839,293,39,17,1,5,1,
68,19,735,342,22,7,1,5,1,
68,21,701,45,129,36,1,5,1,
69,1,906,205,28,16,1,5,1,
69,2,560,419,60,16,1,5,1,
69,3,777,133,57,21,1,5,1,
69,6,470,448,63,19,1,5,1,
69,8,749,270,45,17,1,5,1,
69,10,902,309,32,16,1,5,1,
69,13,658,142,52,16,1,5,1,
69,15,594,132,73,19,1,5,1,
69,17,863,210,44,14,1,5,1,
69,18,843,293,36,17,1,5,1,
69,19,732,341,23,8,1,5,1,
69,21,714,45,127,36,1,5,1,
70,1,903,205,30,17,1,5,1,
70,2,566,422,60,14,1,5,1,
70,3,784,134,55,21,1,5,1,
70,6,477,450,64,18,1,5,1,
70,8,755,270,43,17,1,5,1,
70,10,909,309,26,15,1,5,1,
70,13,665,143,50,15,1,5,1,
70,15,602,132,72,19,1,5,1,
70,17,868,210,43,15,1,5,1,
70,18,845,293,40,17,1,5,1,
70,19,729,341,24,7,1,5,1,
70,21,728,46,124,36,1,5,1,
71,1,901,206,30,16,1,5,1,
71,2,574,422,59,14,1,5,1,
71,3,792,135,52,21,1,5,1,
71,6,485,451,63,19,1,5,1,
71,8,762,270,40,17,1,5,1,
71,10,913,309,23,15,1,5,1,
71,13,673,143,47,16,1,5,1,
71,15,611,132,69,19,1,5,1,
71,17,874,210,40,15,1,5,1,
71,18,847,293,45,17,1,5,1,
71,19,727,341,24,7,1,5,1,
71,21,745,47,118,36,1,5,1,
72,1,899,206,30,16,1,5,1,
72,2,581,423,59,14,1,5,1,
72,3,799,136,50,20,1,5,1,
72,6,493,452,63,19,1,5,1,
72,8,768,270,38,17,1,5,1,
72,10,913,309,23,15,1,5,1,
72,13,679,144,46,16,1,5,1,
72,15,618,133,68,18,1,5,1,
72,17,879,210,39,15,1,5,1,
72,18,853,293,40,17,1,5,1,
72,19,724,341,24,7,1,5,1,
72,21,758,47,115,36,1,5,1,
73,1,896,206,32,16,1,5,1,
73,2,586,423,60,14,1,5,1,
73,3,802,136,51,21,1,5,1,
73,6,497,453,67,19,1,5,1,
73,8,771,270,38,17,1,5,1,
73,10,913,308,23,16,1,5,1,
73,13,683,144,46,16,1,5,1,
73,15,623,133,68,19,1,5,1,
73,17,882,211,39,14,1,5,1,
73,18,857,293,36,17,1,5,1,
73,21,766,48,117,36,1,5,1,
74,1,893,207,34,16,1,5,1,
74,2,591,424,62,14,1,5,1,
74,3,807,137,51,21,1,5,1,
74,6,503,454,68,19,1,5,1,
74,8,774,270,39,17,1,5,1,
74,10,913,308,22,15,1,5,1,
74,13,687,145,47,16,1,5,1,
74,15,628,133,69,19,1,5,1,
74,17,885,211,39,14,1,5,1,
74,18,863,294,30,16,1,5,1,
74,21,775,49,119,36,1,5,1,
75,1,890,208,35,15,1,5,1,
75,2,596,424,64,15,1,5,1,
75,3,812,138,50,20,1,5,1,
75,6,510,455,69,19,1,5,1,
75,8,778,270,38,17,1,5,1,
75,10,913,308,22,15,1,5,1,
75,13,692,146,46,15,1,5,1,
75,15,634,134,69,18,1,5,1,
75,17,889,211,38,14,1,5,1,
75,18,869,294,26,16,1,5,1,
75,21,786,50,118,35,1,5,1,
76,1,887,208,37,15,1,5,1,
76,2,602,425,65,14,1,5,1,
76,3,816,139,50,20,1,5,1,
76,6,516,456,71,20,1,5,1,
76,8,782,270,37,17,1,5,1,
76,10,912,308,22,14,1,5,1,
76,13,696,146,47,16,1,5,1,
76,15,639,134,70,19,1,5,1,
76,17,892,211,38,14,1,5,1,
76,18,874,294,22,16,1,5,1,
76,21,796,51,118,35,1,5,1,
77,1,884,209,38,15,1,5,1,
77,2,608,425,66,15,1,5,1,
77,3,821,140,49,20,1,5,1,
77,6,523,457,72,20,1,5,1,
77,8,786,270,36,17,1,5,1,
77,10,912,307,21,15,1,5,1,
77,13,701,147,46,16,1,5,1,
77,15,645,134,69,19,1,5,1,
77,17,896,212,36,14,1,5,1,
77,18,875,294,21,16,1,5,1,
77,21,806,52,117,35,1,5,1,
78,1,881,209,39,15,1,5,1,
78,2,614,426,67,14,1,5,1,
78,3,826,141,48,19,1,5,1,
78,6,530,458,73,20,1,5,1,
78,8,789,270,40,17,1,5,1,
78,10,911,307,21,15,1,5,1,
78,13,706,148,45,15,1,5,1,
78,15,651,135,69,19,1,5,1,
78,17,899,212,36,14,1,5,1,
78,18,876,294,21,16,1,5,1,
78,21,817,53,117,35,1,5,1,
79,1,878,210,40,14,1,5,1,
79,2,621,426,66,15,1,5,1,
79,3,831,141,48,20,1,5,1,
79,6,537,460,75,19,1,5,1,
79,8,791,270,42,17,1,5,1,
79,10,910,307,21,14,1,5,1,
79,13,711,148,45,16,1,5,1,
79,15,657,135,69,19,1,5,1,
79,17,903,212,35,14,1,5,1,
79,18,877,294,20,15,1,5,1,
79,21,828,53,115,35,1,5,1,
80,1,875,210,40,15,1,5,1,
80,2,628,427,66,14,1,5,1,
80,3,836,142,47,20,1,5,1,
80,6,544,461,76,19,1,5,1,
80,8,795,270,42,17,1,5,1,
80,10,909,307,22,14,1,5,1,
80,13,716,149,44,15,1,5,1,
80,15,663,136,69,18,1,5,1,
80,17,906,212,35,14,1,5,1,
80,18,877,293,21,16,1,5,1,
80,21,838,54,115,35,1,5,1,
81,1,872,211,40,14,1,5,1,
81,2,635,427,66,15,1,5,1,
81,3,841,143,46,20,1,5,1,
81,6,553,462,76,20,1,5,1,
81,8,800,270,41,17,1,5,1,
81,10,908,306,22,14,1,5,1,
81,13,721,150,43,15,1,5,1,
81,15,670,136,67,19,1,5,1,
81,17,910,213,33,13,1,5,1,
81,18,878,293,20,16,1,5,1,
81,21,851,55,108,35,1,5,1,
82,1,870,211,40,15,1,5,1,
82,2,641,428,67,14,1,5,1,
82,3,846,144,44,19,1,5,1,
82,6,560,463,77,20,1,5,1,
82,8,804,271,40,15,1,5,1,
82,10,908,306,22,14,1,5,1,
82,13,726,150,42,15,1,5,1,
82,15,675,137,68,18,1,5,1,
82,17,913,213,33,14,1,5,1,
82,18,878,293,21,16,1,5,1,
82,21,861,56,99,35,1,5,1,
83,1,867,212,40,14,1,5,1,
83,2,648,428,67,15,1,5,1,
83,3,851,145,43,19,1,5,1,
83,6,569,464,77,20,1,5,1,
83,8,809,271,39,15,1,5,1,
83,10,907,306,22,14,1,5,1,
83,13,731,151,41,15,1,5,1,
83,15,682,137,66,18,1,5,1,
83,17,917,213,31,14,1,5,1,
83,18,879,293,20,15,1,5,1,
83,21,872,57,88,34,1,5,1,
84,1,864,212,40,14,1,5,1,
84,2,655,428,67,15,1,5,1,
84,3,855,146,42,19,1,5,1,
84,6,576,465,79,20,1,5,1,
84,8,813,271,38,15,1,5,1,
84,10,906,305,22,14,1,5,1,
84,13,735,152,40,15,1,5,1,
84,15,688,137,65,19,1,5,1,
84,17,920,213,31,14,1,5,1,
84,18,879,293,20,15,1,5,1,
84,21,882,58,78,34,1,5,1,
85,1,861,213,40,14,1,5,1,
85,2,663,429,67,14,1,5,1,
85,3,860,146,41,19,1,5,1,
85,6,585,467,78,19,1,5,1,
85,8,818,271,36,15,1,5,1,
85,10,904,305,23,14,1,5,1,
85,13,740,152,39,15,1,5,1,
85,15,695,138,63,18,1,5,1,
85,17,924,214,29,13,1,5,1,
85,18,879,293,20,15,1,5,1,
85,21,894,59,66,34,1,5,1,
86,1,858,213,40,14,1,5,1,
86,2,669,429,68,15,1,5,1,
86,3,865,147,39,19,1,5,1,
86,6,593,468,79,20,1,5,1,
86,8,822,271,35,15,1,5,1,
86,10,903,305,24,13,1,5,1,
86,13,744,153,38,15,1,5,1,
86,15,700,138,63,19,1,5,1,
86,17,927,214,28,13,1,5,1,
86,18,879,292,20,15,1,5,1,
86,21,904,60,56,34,1,5,1,
87,1,855,214,40,14,1,5,1,
87,2,676,429,68,15,1,5,1,
87,3,869,148,38,19,1,5,1,
87,6,601,469,80,20,1,5,1,
87,8,826,271,34,15,1,5,1,
87,10,902,305,24,13,1,5,1,
87,13,748,154,41,14,1,5,1,
87,15,706,139,62,18,1,5,1,
87,17,929,214,28,14,1,5,1,
87,18,879,292,20,15,1,5,1,
87,21,914,61,46,23,1,5,1,
88,1,852,214,41,14,1,5,1,
88,2,682,430,69,15,1,5,1,
88,3,872,149,39,18,1,5,1,
88,6,608,470,83,20,1,5,1,
88,8,829,271,35,15,1,5,1,
88,10,901,304,24,14,1,5,1,
88,13,750,155,46,14,1,5,1,
88,15,711,139,63,18,1,5,1,
88,17,932,215,27,13,1,5,1,
88,18,879,292,20,15,1,5,1,
88,21,922,63,38,18,1,5,1,
89,1,849,215,41,13,1,5,1,
89,2,690,430,68,15,1,5,1,
89,3,877,150,37,18,1,5,1,
89,6,618,471,82,20,1,5,1,
89,8,833,271,34,15,1,5,1,
89,10,900,304,24,13,1,5,1,
89,13,753,155,51,14,1,5,1,
89,15,717,140,63,18,1,5,1,
89,17,935,215,24,13,1,5,1,
89,18,879,292,20,15,1,5,1,
90,1,846,215,41,14,1,5,1,
90,2,696,430,69,15,1,5,1,
90,3,880,150,38,19,1,5,1,
90,6,625,472,84,20,1,5,1,
90,8,836,271,34,15,1,5,1,
90,10,899,304,24,13,1,5,1,
90,13,756,155,55,14,1,5,1,
90,15,721,140,64,18,1,5,1,
90,17,937,215,23,13,1,5,1,
90,18,879,292,19,14,1,5,1,
91,1,843,216,41,13,1,5,1,
91,2,703,431,69,15,1,5,1,
91,3,883,151,38,18,1,5,1,
91,6,633,473,85,20,1,5,1,
91,8,840,271,33,15,1,5,1,
91,10,897,304,25,13,1,5,1,
91,13,760,156,56,13,1,5,1,
91,15,727,140,63,18,1,5,1,
91,17,940,215,20,13,1,5,1,
91,18,879,292,19,14,1,5,1,
92,2,709,431,70,15,1,5,1,
92,3,887,152,37,18,1,5,1,
92,6,641,474,87,20,1,5,1,
92,8,843,271,33,15,1,5,1,
92,10,896,303,24,13,1,5,1,
92,13,765,156,57,13,1,5,1,
92,15,732,141,63,18,1,5,1,
92,17,942,216,18,13,1,5,1,
92,18,879,291,19,15,1,5,1,
93,2,716,431,70,15,1,5,1,
93,3,890,153,37,18,1,5,1,
93,6,649,475,88,20,1,5,1,
93,8,846,271,33,15,1,5,1,
93,10,895,303,24,13,1,5,1,
93,13,770,156,57,13,1,5,1,
93,15,737,141,63,18,1,5,1,
93,17,944,216,16,13,1,5,1,
93,18,878,291,19,15,1,5,1,
94,2,723,431,70,15,1,5,1,
94,3,894,154,36,17,1,5,1,
94,6,658,476,89,20,1,5,1,
94,8,850,271,31,15,1,5,1,
94,10,893,303,25,13,1,5,1,
94,13,776,156,56,13,1,5,1,
94,15,743,142,61,17,1,5,1,
94,17,947,216,13,13,1,5,1,
94,18,877,291,20,14,1,5,1,
95,2,730,432,70,15,1,5,1,
95,3,898,154,34,18,1,5,1,
95,6,667,477,90,20,1,5,1,
95,8,854,271,30,14,1,5,1,
95,10,892,303,25,12,1,5,1,
95,13,782,156,56,13,1,5,1,
95,15,749,142,60,18,1,5,1,
95,17,949,217,11,12,1,5,1,
95,18,876,291,22,14,1,5,1,
96,2,737,432,70,15,1,5,1,
96,3,901,155,34,18,1,5,1,
96,6,676,478,90,20,1,5,1,
96,8,857,271,29,14,1,5,1,
96,10,890,302,26,13,1,5,1,
96,13,788,156,55,14,1,5,1,
96,15,754,142,60,18,1,5,1,
96,17,951,217,9,9,1,5,1,
96,18,875,291,23,14,1,5,1,
97,2,744,432,70,15,1,5,1,
97,3,905,156,32,17,1,5,1,
97,6,685,479,91,20,1,5,1,
97,8,860,271,29,14,1,5,1,
97,10,889,302,26,13,1,5,1,
97,13,794,157,54,13,1,5,1,
97,15,759,143,59,17,1,5,1,
97,18,874,291,24,13,1,5,1,
98,2,750,432,70,15,1,5,1,
98,3,908,156,31,18,1,5,1,
98,6,693,480,93,20,1,5,1,
98,8,863,271,28,14,1,5,1,
98,10,887,302,26,12,1,5,1,
98,13,799,157,54,13,1,5,1,
98,15,764,143,58,18,1,5,1,
98,18,873,290,24,14,1,5,1,
99,2,757,432,70,15,1,5,1,
99,3,911,157,31,17,1,5,1,
99,6,701,481,95,20,1,5,1,
99,8,866,271,27,14,1,5,1,
99,10,886,302,26,12,1,5,1,
99,13,804,157,54,13,1,5,1,
99,15,769,144,56,17,1,5,1,
99,18,872,290,24,14,1,5,1,
100,2,763,432,71,15,1,5,1,
100,3,914,158,30,17,1,5,1,
100,6,710,482,96,20,1,5,1,
100,8,869,271,26,14,1,5,1,
100,10,884,301,27,13,1,5,1,
100,13,809,157,53,13,1,5,1,
100,15,774,144,54,18,1,5,1,
100,18,871,290,25,13,1,5,1,
101,2,770,432,71,15,1,5,1,
101,3,917,159,29,17,1,5,1,
101,6,719,483,97,20,1,5,1,
101,8,873,271,21,14,1,5,1,
101,10,882,301,27,12,1,5,1,
101,13,815,158,52,13,1,5,1,
101,15,780,145,52,17,1,5,1,
101,18,870,290,25,13,1,5,1,
102,2,777,432,70,15,1,5,1,
102,3,920,159,28,17,1,5,1,
102,6,728,484,98,20,1,5,1,
102,8,876,271,19,14,1,5,1,
102,10,880,301,28,12,1,5,1,
102,13,820,158,49,13,1,5,1,
102,15,785,145,50,18,1,5,1,
102,18,869,290,25,13,1,5,1,
103,2,785,432,68,15,1,5,1,
103,3,923,160,27,17,1,5,1,
103,6,738,485,98,20,1,5,1,
103,8,879,271,16,14,1,5,1,
103,10,878,301,28,12,1,5,1,
103,13,827,158,42,14,1,5,1,
103,15,791,146,46,17,1,5,1,
103,18,868,290,25,13,1,5,1,
104,2,792,432,67,15,1,5,1,
104,3,926,161,25,17,1,5,1,
104,6,748,486,98,20,1,5,1,
104,8,879,271,17,13,1,5,1,
104,10,877,301,27,11,1,5,1,
104,13,833,159,36,14,1,5,1,
104,15,795,146,45,18,1,5,1,
104,18,867,289,25,13,1,5,1,
105,2,799,432,66,15,1,5,1,
105,3,929,162,24,17,1,5,1,
105,6,758,487,98,19,1,5,1,
105,8,880,271,16,13,1,5,1,
105,10,875,300,28,12,1,5,1,
105,13,840,159,29,15,1,5,1,
105,15,800,147,42,17,1,5,1,
105,18,866,289,25,13,1,5,1,
106,2,805,432,66,15,1,5,1,
106,3,932,162,22,17,1,5,1,
106,6,767,488,99,19,1,5,1,
106,8,880,271,16,13,1,5,1,
106,10,873,300,28,12,1,5,1,
106,13,846,159,24,16,1,5,1,
106,15,804,147,40,18,1,5,1,
106,18,864,289,26,13,1,5,1,
107,2,813,432,64,14,1,5,1,
107,3,934,163,21,17,1,5,1,
107,6,777,488,99,20,1,5,1,
107,8,880,271,16,13,1,5,1,
107,10,871,300,28,11,1,5,1,
107,13,852,160,17,16,1,5,1,
107,15,809,148,37,18,1,5,1,
107,18,863,289,26,13,1,5,1,
108,2,819,431,64,15,1,5,1,
108,3,935,164,21,17,1,5,1,
108,6,786,489,100,20,1,5,1,
108,8,880,271,16,13,1,5,1,
108,10,869,300,29,11,1,5,1,
108,13,852,160,17,17,1,5,1,
108,15,813,148,35,19,1,5,1,
108,18,862,289,26,12,1,5,1,
109,2,826,431,62,15,1,5,1,
109,3,936,165,21,17,1,5,1,
109,6,797,490,99,19,1,5,1,
109,8,880,271,16,13,1,5,1,
109,10,867,299,29,12,1,5,1,
109,13,852,161,16,17,1,5,1,
109,15,817,149,33,18,1,5,1,
109,18,860,289,27,12,1,5,1,
110,2,832,431,62,14,1,5,1,
110,3,937,165,21,17,1,5,1,
110,6,806,490,100,20,1,5,1,
110,8,880,271,16,13,1,5,1,
110,13,851,162,16,17,1,5,1,
110,15,821,150,31,18,1,5,1,
110,18,859,289,27,12,1,5,1,
111,2,839,430,60,15,1,5,1,
111,3,938,166,20,17,1,5,1,
111,6,816,491,100,20,1,5,1,
111,8,879,271,17,13,1,5,1,
111,13,850,163,16,17,1,5,1,
111,15,824,151,30,18,1,5,1,
111,18,857,288,28,13,1,5,1,
112,2,844,430,61,15,1,5,1,
112,3,938,167,21,17,1,5,1,
112,6,824,491,102,20,1,5,1,
112,8,879,271,17,13,1,5,1,
112,13,849,164,16,17,1,5,1,
112,15,827,151,30,19,1,5,1,
112,18,856,288,28,13,1,5,1,
113,2,851,430,59,14,1,5,1,
113,3,939,168,20,17,1,5,1,
113,6,834,492,102,20,1,5,1,
113,8,879,271,16,12,1,5,1,
113,13,848,165,16,17,1,5,1,
113,15,829,152,29,18,1,5,1,
113,18,854,288,28,12,1,5,1,
114,2,856,429,59,15,1,5,1,
114,3,940,169,19,16,1,5,1,
114,6,843,492,103,20,1,5,1,
114,8,880,271,14,13,1,5,1,
114,13,847,166,17,16,1,5,1,
114,15,831,153,30,18,1,5,1,
114,18,852,288,29,12,1,5,1,
115,2,862,429,58,14,1,5,1,
115,3,940,170,19,16,1,5,1,
115,6,853,493,103,20,1,5,1,
115,8,880,271,15,12,1,5,1,
115,13,846,167,17,16,1,5,1,
115,15,834,154,29,17,1,5,1,
115,18,850,288,30,12,1,5,1,
116,2,868,429,58,14,1,5,1,
116,3,941,170,18,17,1,5,1,
116,6,863,493,97,20,1,5,1,
116,8,880,271,15,12,1,5,1,
116,13,845,168,18,16,1,5,1,
116,15,836,155,29,17,1,5,1,
116,18,849,288,29,12,1,5,1,
117,2,874,428,57,14,1,5,1,
117,3,941,171,18,16,1,5,1,
117,6,873,494,87,19,1,5,1,
117,8,881,271,14,12,1,5,1,
117,13,844,169,18,16,1,5,1,
117,15,838,155,27,18,1,5,1,
117,16,4342,-26298,-3382,0,1,5,1,
117,18,847,288,30,11,1,5,1,
118,2,880,428,55,14,1,5,1,
118,3,941,172,18,16,1,5,1,
118,6,884,494,76,19,1,5,1,
118,8,881,271,14,12,1,5,1,
118,13,842,170,19,16,1,5,1,
118,15,842,156,25,18,1,5,1,
118,16,2754,-18603,-1794,0,1,5,1,
119,2,886,427,54,14,1,5,1,
119,3,941,173,18,16,1,5,1,
119,6,894,494,66,16,1,5,1,
119,8,880,271,15,12,1,5,1,
119,13,841,171,19,16,1,5,1,
119,15,845,157,23,18,1,5,1,
120,2,891,427,53,14,1,5,1,
120,3,941,174,18,15,1,5,1,
120,6,903,495,57,15,1,5,1,
120,8,880,271,15,12,1,5,1,
120,13,840,172,19,15,1,5,1,
120,15,847,157,22,18,1,5,1,
121,2,896,426,53,14,1,5,1,
121,3,941,174,18,16,1,5,1,
121,6,913,497,47,13,1,5,1,
121,8,880,271,15,12,1,5,1,
121,13,840,173,17,15,1,5,1,
121,15,849,158,21,18,1,5,1,
122,2,901,426,52,14,1,5,1,
122,3,941,175,18,16,1,5,1,
122,6,921,498,39,11,1,5,1,
122,8,880,271,15,12,1,5,1,
122,13,841,174,14,15,1,5,1,
122,15,851,159,21,18,1,5,1,
123,2,906,425,51,14,1,5,1,
123,3,940,176,19,16,1,5,1,
123,6,930,498,30,8,1,5,1,
123,8,880,271,14,12,1,5,1,
123,13,843,175,14,14,1,5,1,
123,15,852,160,21,17,1,5,1,
124,2,911,425,49,13,1,5,1,
124,3,940,177,19,15,1,5,1,
124,8,880,271,14,11,1,5,1,
124,13,845,176,15,13,1,5,1,
124,15,854,161,21,17,1,5,1,
125,2,915,424,45,14,1,5,1,
125,3,941,177,18,16,1,5,1,
125,8,881,271,13,11,1,5,1,
125,13,846,177,18,13,1,5,1,
125,15,854,161,23,17,1,5,1,
126,2,920,424,40,13,1,5,1,
126,3,942,178,17,15,1,5,1,
126,8,881,271,14,11,1,5,1,
126,13,845,178,22,12,1,5,1,
126,15,855,162,23,17,1,5,1,
127,2,924,423,36,13,1,5,1,
127,3,943,179,16,15,1,5,1,
127,8,882,271,13,11,1,5,1,
127,13,844,179,25,12,1,5,1,
127,15,856,163,24,16,1,5,1,
128,2,928,423,32,12,1,5,1,
128,3,944,180,15,14,1,5,1,
128,8,882,271,13,11,1,5,1,
128,13,844,179,28,12,1,5,1,
128,15,857,164,25,16,1,5,1,
129,2,933,426,27,8,1,5,1,
129,3,945,181,14,14,1,5,1,
129,8,882,271,13,11,1,5,1,
129,13,846,180,28,11,1,5,1,
129,15,859,165,24,16,1,5,1,
130,2,938,426,22,8,1,5,1,
130,3,946,181,13,14,1,5,1,
130,8,882,271,13,11,1,5,1,
130,13,848,181,28,11,1,5,1,
130,15,860,165,25,16,1,5,1,
131,2,942,425,18,8,1,5,1,
131,3,946,182,13,14,1,5,1,
131,8,882,271,13,11,1,5,1,
131,13,850,181,28,11,1,5,1,
131,15,862,166,24,16,1,5,1,
132,3,947,183,12,13,1,5,1,
132,8,882,271,13,11,1,5,1,
132,13,852,182,26,11,1,5,1,
132,15,864,167,23,15,1,5,1,
133,3,947,183,12,14,1,5,1,
133,8,882,271,13,11,1,5,1,
133,13,855,182,23,12,1,5,1,
133,15,866,167,22,16,1,5,1,
134,3,947,184,12,13,1,5,1,
134,8,882,271,13,11,1,5,1,
134,13,858,182,20,13,1,5,1,
134,15,868,168,21,16,1,5,1,
135,3,947,184,12,14,1,5,1,
135,8,881,271,14,11,1,5,1,
135,13,860,183,19,12,1,5,1,
135,15,870,168,20,16,1,5,1,
136,3,947,185,12,13,1,5,1,
136,8,881,271,14,11,1,5,1,
136,13,863,183,17,13,1,5,1,
136,15,872,169,19,16,1,5,1,
137,3,947,185,12,14,1,5,1,
137,8,880,271,14,11,1,5,1,
137,13,865,184,16,12,1,5,1,
137,15,873,170,18,16,1,5,1,
138,3,947,186,12,14,1,5,1,
138,8,880,271,14,10,1,5,1,
138,13,866,184,16,13,1,5,1,
138,15,874,170,18,16,1,5,1,
139,3,947,187,13,13,1,5,1,
139,8,879,271,15,10,1,5,1,
139,13,867,185,15,12,1,5,1,
139,15,876,171,17,16,1,5,1,
140,3,946,187,14,14,1,5,1,
140,8,878,271,15,10,1,5,1,
140,13,868,186,15,12,1,5,1,
140,15,877,172,17,15,1,5,1,
140,17,949,232,10,7,1,5,1,
141,3,946,188,14,13,1,5,1,
141,8,878,271,15,10,1,5,1,
141,13,869,186,15,12,1,5,1,
141,15,878,172,17,16,1,5,1,
141,17,947,232,12,7,1,5,1,
142,3,945,189,14,13,1,5,1,
142,8,877,271,15,10,1,5,1,
142,13,870,187,15,12,1,5,1,
142,15,878,173,17,15,1,5,1,
142,17,944,231,15,9,1,5,1,
143,3,945,189,14,13,1,5,1,
143,8,875,271,17,10,1,5,1,
143,13,871,188,14,11,1,5,1,
143,15,879,174,17,15,1,5,1,
143,17,941,231,18,9,1,5,1,
144,3,944,190,15,13,1,5,1,
144,8,873,271,19,10,1,5,1,
144,13,873,188,13,12,1,5,1,
144,15,879,175,17,14,1,5,1,
144,17,937,231,22,9,1,5,1,
145,3,943,190,16,13,1,5,1,
145,8,872,271,20,10,1,5,1,
145,13,874,189,12,11,1,5,1,
145,15,880,175,17,15,1,5,1,
145,17,934,232,25,8,1,5,1,
146,3,942,191,17,13,1,5,1,
146,8,870,271,21,10,1,5,1,
146,13,875,189,12,11,1,5,1,
146,15,880,176,17,15,1,5,1,
146,17,931,232,28,9,1,5,1,
147,3,942,192,16,12,1,5,1,
147,8,868,271,23,10,1,5,1,
147,13,876,190,12,10,1,5,1,
147,15,879,177,17,14,1,5,1,
148,3,941,192,16,13,1,5,1,
148,8,866,271,24,10,1,5,1,
148,13,876,190,14,10,1,5,1,
148,15,878,177,16,15,1,5,1,
149,3,940,193,16,12,1,5,1,
149,8,862,271,27,9,1,5,1,
149,13,876,191,16,9,1,5,1,
149,15,876,178,17,15,1,5,1,
150,3,939,193,17,13,1,5,1,
150,8,859,271,29,9,1,5,1,
150,13,877,191,16,10,1,5,1,
150,15,875,178,17,16,1,5,1,
