1,1,208,472,21,40,1,5,1,
1,2,446,456,119,59,1,5,1,
1,3,192,175,27,21,1,5,1,
1,4,92,230,38,13,1,5,1,
1,5,264,169,63,17,1,5,1,
1,6,697,223,57,20,1,5,1,
1,7,133,265,26,21,1,5,1,
1,8,866,5,91,22,1,5,1,
1,9,917,469,42,17,1,5,1,
1,10,48,0,22,18,1,5,1,
1,11,0,111,88,30,1,5,1,
1,12,332,484,22,24,1,5,1,
1,13,447,403,72,27,1,5,1,
1,14,868,412,92,22,1,5,1,
1,15,1,276,75,13,1,5,1,
1,17,309,288,79,20,1,5,1,
1,18,474,262,100,23,1,5,1,
1,19,604,114,36,57,1,5,1,
1,20,182,181,29,17,1,5,1,
2,1,208,477,19,38,1,5,1,
2,2,432,464,131,50,1,5,1,
2,3,195,178,29,19,1,5,1,
2,4,91,231,29,13,1,5,1,
2,5,258,167,59,17,1,5,1,
2,6,695,225,44,19,1,5,1,
2,7,138,265,25,20,1,5,1,
2,8,855,4,96,26,1,5,1,
2,9,910,469,49,16,1,5,1,
2,10,48,0,29,24,1,5,1,
2,11,0,115,102,28,1,5,1,
2,12,336,486,19,24,1,5,1,
2,13,456,403,66,25,1,5,1,
2,14,876,413,84,20,1,5,1,
2,15,11,276,74,13,1,5,1,
2,16,284,0,31,6,1,5,1,
2,17,300,289,82,21,1,5,1,
2,18,466,263,91,23,1,5,1,
2,19,602,119,35,53,1,5,1,
2,20,186,180,28,17,1,5,1,
3,1,208,481,20,37,1,5,1,
3,2,420,469,138,46,1,5,1,
3,3,195,179,35,20,1,5,1,
3,4,90,231,22,13,1,5,1,
3,5,252,164,56,19,1,5,1,
3,6,693,226,34,19,1,5,1,
3,7,140,265,27,19,1,5,1,
3,8,844,1,99,33,1,5,1,
3,9,902,468,57,15,1,5,1,
3,10,54,0,30,30,1,5,1,
3,11,0,113,115,32,1,5,1,
3,12,337,489,20,24,1,5,1,
3,13,469,402,55,24,1,5,1,
3,14,885,413,75,19,1,5,1,
3,15,22,276,72,13,1,5,1,
3,16,291,0,31,8,1,5,1,
3,17,292,290,79,21,1,5,1,
3,18,460,264,81,23,1,5,1,
3,19,600,122,34,53,1,5,1,
3,20,185,179,36,17,1,5,1,
4,1,209,484,20,36,1,5,1,
4,2,408,473,144,41,1,5,1,
4,3,196,181,41,19,1,5,1,
4,4,90,231,18,14,1,5,1,
4,5,247,161,54,21,1,5,1,
4,6,691,227,28,19,1,5,1,
4,7,142,265,32,19,1,5,1,
4,8,835,1,100,38,1,5,1,
4,9,894,466,65,17,1,5,1,
4,10,58,0,34,36,1,5,1,
4,11,15,117,113,28,1,5,1,
4,12,337,492,23,23,1,5,1,
4,13,480,401,45,23,1,5,1,
4,14,893,413,67,19,1,5,1,
4,15,31,276,72,13,1,5,1,
4,16,293,0,36,10,1,5,1,
4,17,284,291,77,21,1,5,1,
4,18,455,264,73,25,1,5,1,
4,19,597,125,36,52,1,5,1,
4,20,185,178,43,17,1,5,1,
5,1,209,488,22,35,1,5,1,
5,2,397,473,147,40,1,5,1,
5,3,199,183,45,18,1,5,1,
5,4,92,232,17,14,1,5,1,
5,5,242,157,51,23,1,5,1,
5,6,689,228,23,20,1,5,1,
5,7,142,265,40,19,1,5,1,
5,8,825,1,101,42,1,5,1,
5,9,887,464,72,18,1,5,1,
5,10,59,0,42,42,1,5,1,
5,11,30,120,109,26,1,5,1,
5,12,337,495,27,22,1,5,1,
5,13,490,400,35,23,1,5,1,
5,14,901,412,59,20,1,5,1,
5,15,40,276,71,13,1,5,1,
5,16,297,0,39,12,1,5,1,
5,17,277,291,74,23,1,5,1,
5,18,452,264,64,26,1,5,1,
5,19,596,128,34,51,1,5,1,
5,20,185,177,50,17,1,5,1,
6,1,207,492,29,33,1,5,1,
6,2,388,471,147,39,1,5,1,
6,3,203,184,49,18,1,5,1,
6,4,94,232,17,15,1,5,1,
6,5,239,154,46,24,1,5,1,
6,6,688,230,18,19,1,5,1,
6,7,143,265,48,19,1,5,1,
6,8,817,1,98,47,1,5,1,
6,9,880,462,76,20,1,5,1,
6,10,59,0,50,47,1,5,1,
6,11,45,123,106,23,1,5,1,
6,12,338,498,31,21,1,5,1,
6,13,500,399,24,23,1,5,1,
6,14,911,411,49,20,1,5,1,
6,15,50,276,69,12,1,5,1,
6,16,298,0,45,13,1,5,1,
6,17,270,293,71,23,1,5,1,
6,18,450,266,54,25,1,5,1,
6,19,596,132,32,49,1,5,1,
6,20,186,176,57,17,1,5,1,
7,1,205,496,38,30,1,5,1,
7,2,380,469,144,38,1,5,1,
7,3,208,185,51,18,1,5,1,
7,4,96,233,17,15,1,5,1,
7,5,236,150,42,25,1,5,1,
7,6,689,232,18,16,1,5,1,
7,7,145,265,55,18,1,5,1,
7,8,809,3,95,50,1,5,1,
7,9,873,459,78,23,1,5,1,
7,10,59,0,58,53,1,5,1,
7,11,59,125,102,21,1,5,1,
7,12,339,502,36,19,1,5,1,
7,13,506,398,19,22,1,5,1,
7,14,921,411,39,20,1,5,1,
7,15,60,276,67,12,1,5,1,
7,16,298,0,51,15,1,5,1,
7,17,266,294,64,23,1,5,1,
7,18,450,268,43,23,1,5,1,
7,19,597,135,31,47,1,5,1,
7,20,188,176,63,16,1,5,1,
8,1,205,499,45,28,1,5,1,
8,2,374,465,138,41,1,5,1,
8,3,213,187,54,17,1,5,1,
8,4,95,233,24,15,1,5,1,
8,5,234,147,37,25,1,5,1,
8,6,691,232,18,16,1,5,1,
8,7,148,266,62,17,1,5,1,
8,8,802,6,91,52,1,5,1,
8,9,867,457,79,24,1,5,1,
8,10,58,0,68,58,1,5,1,
8,11,73,126,98,21,1,5,1,
8,12,341,505,40,17,1,5,1,
8,13,506,397,19,22,1,5,1,
8,14,930,410,30,20,1,5,1,
8,15,69,276,64,12,1,5,1,
8,16,305,2,51,14,1,5,1,
8,17,263,294,58,23,1,5,1,
8,18,450,270,34,21,1,5,1,
8,19,598,138,30,45,1,5,1,
8,20,191,175,68,17,1,5,1,
9,1,207,502,49,27,1,5,1,
9,2,370,460,130,44,1,5,1,
9,3,219,188,55,17,1,5,1,
9,4,94,234,31,15,1,5,1,
9,5,234,143,30,26,1,5,1,
9,6,693,232,18,16,1,5,1,
9,7,153,266,67,17,1,5,1,
9,8,797,9,84,54,1,5,1,
9,9,861,454,78,27,1,5,1,
9,10,58,0,76,62,1,5,1,
9,11,87,127,95,21,1,5,1,
9,12,343,509,45,14,1,5,1,
9,13,505,395,21,23,1,5,1,
9,14,939,409,21,20,1,5,1,
9,15,79,276,61,12,1,5,1,
9,16,312,3,50,14,1,5,1,
9,17,261,294,51,23,1,5,1,
9,18,449,271,28,19,1,5,1,
9,19,599,141,30,44,1,5,1,
9,20,195,175,72,17,1,5,1,
10,1,210,505,52,25,1,5,1,
10,2,368,455,117,51,1,5,1,
10,3,226,190,56,16,1,5,1,
10,4,95,235,36,15,1,5,1,
10,5,234,140,23,25,1,5,1,
10,6,696,232,18,15,1,5,1,
10,7,159,266,70,18,1,5,1,
10,8,792,13,76,54,1,5,1,
10,9,856,451,76,28,1,5,1,
10,10,63,3,80,64,1,5,1,
10,11,102,128,90,21,1,5,1,
10,12,347,510,48,14,1,5,1,
10,13,504,394,26,23,1,5,1,
10,14,947,407,13,19,1,5,1,
10,15,88,276,58,12,1,5,1,
10,16,320,3,48,15,1,5,1,
10,17,260,293,43,25,1,5,1,
10,18,449,271,21,19,1,5,1,
10,19,600,144,30,42,1,5,1,
10,20,203,175,69,17,1,5,1,
11,1,214,508,55,24,1,5,1,
11,2,367,450,106,57,1,5,1,
11,3,232,191,57,16,1,5,1,
11,4,97,236,41,15,1,5,1,
11,5,233,137,20,25,1,5,1,
11,6,697,233,20,14,1,5,1,
11,7,165,266,74,18,1,5,1,
11,8,789,17,69,54,1,5,1,
11,9,851,448,74,29,1,5,1,
11,10,70,9,80,62,1,5,1,
11,11,115,129,85,20,1,5,1,
11,12,352,511,49,14,1,5,1,
11,13,503,392,28,25,1,5,1,
11,15,95,276,58,12,1,5,1,
11,16,326,3,48,15,1,5,1,
11,17,261,293,34,25,1,5,1,
11,18,450,271,21,19,1,5,1,
11,19,602,146,30,41,1,5,1,
11,20,211,174,66,18,1,5,1,
12,1,218,510,58,24,1,5,1,
12,2,367,444,94,63,1,5,1,
12,3,239,192,57,15,1,5,1,
12,4,99,237,46,14,1,5,1,
12,5,233,134,20,24,1,5,1,
12,6,699,233,21,14,1,5,1,
12,7,172,267,76,17,1,5,1,
12,8,786,22,61,53,1,5,1,
12,9,848,445,70,30,1,5,1,
12,10,77,16,81,58,1,5,1,
12,11,127,129,81,20,1,5,1,
12,12,357,511,51,14,1,5,1,
12,13,503,391,25,25,1,5,1,
12,14,946,404,14,16,1,5,1,
12,15,102,276,58,12,1,5,1,
12,16,332,2,49,15,1,5,1,
12,17,263,293,27,25,1,5,1,
12,18,452,271,20,19,1,5,1,
12,19,604,148,29,40,1,5,1,
12,20,218,174,65,17,1,5,1,
13,1,223,512,60,23,1,5,1,
13,2,369,439,80,67,1,5,1,
13,3,247,194,56,14,1,5,1,
13,4,103,237,49,15,1,5,1,
13,5,234,131,21,23,1,5,1,
13,6,702,234,20,14,1,5,1,
13,7,180,267,78,17,1,5,1,
13,8,785,27,51,51,1,5,1,
13,9,845,443,65,30,1,5,1,
13,10,85,22,80,55,1,5,1,
13,11,138,129,80,20,1,5,1,
13,12,363,511,51,14,1,5,1,
13,13,504,389,21,25,1,5,1,
13,14,945,402,14,17,1,5,1,
13,15,108,277,60,11,1,5,1,
13,16,338,2,49,15,1,5,1,
13,17,262,293,29,25,1,5,1,
13,18,455,271,19,18,1,5,1,
13,19,606,151,28,38,1,5,1,
13,20,224,174,64,17,1,5,1,
14,1,227,514,65,23,1,5,1,
14,2,372,433,64,70,1,5,1,
14,3,254,195,56,13,1,5,1,
14,4,107,238,52,15,1,5,1,
14,5,237,128,20,23,1,5,1,
14,6,705,234,20,14,1,5,1,
14,7,188,267,79,17,1,5,1,
14,8,784,33,42,48,1,5,1,
14,9,841,441,62,29,1,5,1,
14,10,94,29,78,51,1,5,1,
14,11,147,129,82,21,1,5,1,
14,12,369,511,51,14,1,5,1,
14,13,505,388,18,24,1,5,1,
14,14,944,401,15,16,1,5,1,
14,15,115,277,59,11,1,5,1,
14,16,344,2,49,15,1,5,1,
14,17,262,292,30,26,1,5,1,
14,18,457,271,20,18,1,5,1,
14,19,608,153,28,37,1,5,1,
14,20,229,174,65,17,1,5,1,
15,1,232,517,70,21,1,5,1,
15,2,372,427,52,73,1,5,1,
15,3,263,196,53,12,1,5,1,
15,4,113,239,53,15,1,5,1,
15,5,235,126,26,21,1,5,1,
15,6,708,234,20,14,1,5,1,
15,7,198,268,78,16,1,5,1,
15,8,785,38,32,45,1,5,1,
15,9,839,439,56,27,1,5,1,
15,10,103,35,75,47,1,5,1,
15,11,157,129,82,21,1,5,1,
15,12,376,511,51,14,1,5,1,
15,13,506,387,17,23,1,5,1,
15,14,942,400,17,17,1,5,1,
15,15,123,276,58,12,1,5,1,
15,16,350,1,50,15,1,5,1,
15,17,264,292,31,26,1,5,1,
15,18,456,271,27,18,1,5,1,
15,19,610,155,27,36,1,5,1,
15,20,236,173,64,18,1,5,1,
16,1,237,520,74,19,1,5,1,
16,2,372,421,42,74,1,5,1,
16,3,270,196,52,12,1,5,1,
16,4,118,240,55,15,1,5,1,
16,5,235,124,33,19,1,5,1,
16,6,710,235,20,13,1,5,1,
16,7,207,268,78,16,1,5,1,
16,8,784,44,26,41,1,5,1,
16,9,837,437,50,25,1,5,1,
16,10,112,41,72,42,1,5,1,
16,11,166,129,83,21,1,5,1,
16,12,383,510,50,15,1,5,1,
16,13,508,386,17,22,1,5,1,
16,14,940,398,19,18,1,5,1,
16,15,130,276,58,12,1,5,1,
16,16,356,1,50,15,1,5,1,
16,17,261,291,38,28,1,5,1,
16,18,456,271,34,17,1,5,1,
16,19,612,157,26,35,1,5,1,
16,20,241,173,65,18,1,5,1,
17,1,243,520,78,20,1,5,1,
17,2,374,416,30,74,1,5,1,
17,3,276,196,52,12,1,5,1,
17,4,124,241,56,15,1,5,1,
17,5,235,122,42,18,1,5,1,
17,6,712,235,22,14,1,5,1,
17,7,216,268,77,16,1,5,1,
17,8,783,49,20,38,1,5,1,
17,9,836,435,44,24,1,5,1,
17,10,120,46,69,39,1,5,1,
17,11,175,129,85,21,1,5,1,
17,12,390,510,48,14,1,5,1,
17,13,510,385,17,22,1,5,1,
17,14,939,397,20,21,1,5,1,
17,15,137,276,57,12,1,5,1,
17,16,362,1,51,15,1,5,1,
17,17,258,291,51,28,1,5,1,
17,18,457,271,40,17,1,5,1,
17,19,609,159,34,35,1,5,1,
17,20,247,173,65,17,1,5,1,
18,1,251,520,79,19,1,5,1,
18,2,376,411,29,73,1,5,1,
18,3,282,196,53,12,1,5,1,
18,4,131,242,56,14,1,5,1,
18,5,236,120,50,19,1,5,1,
18,6,714,236,23,13,1,5,1,
18,7,226,268,75,16,1,5,1,
18,8,782,54,19,34,1,5,1,
18,9,836,434,37,21,1,5,1,
18,10,129,51,65,34,1,5,1,
18,11,185,129,85,21,1,5,1,
18,12,397,509,46,14,1,5,1,
18,13,509,384,21,21,1,5,1,
18,14,937,396,22,20,1,5,1,
18,15,145,276,56,12,1,5,1,
18,16,368,1,51,15,1,5,1,
18,17,256,291,66,28,1,5,1,
18,18,459,271,45,17,1,5,1,
18,19,606,162,42,33,1,5,1,
18,20,252,173,66,17,1,5,1,
19,1,259,519,80,19,1,5,1,
19,2,379,408,28,69,1,5,1,
19,3,288,196,53,12,1,5,1,
19,4,137,243,56,14,1,5,1,
19,5,238,119,57,19,1,5,1,
19,6,716,236,25,14,1,5,1,
19,7,235,269,74,15,1,5,1,
19,8,782,57,18,33,1,5,1,
19,9,835,433,31,19,1,5,1,
19,10,138,56,60,29,1,5,1,
19,11,195,129,85,21,1,5,1,
19,12,405,507,42,15,1,5,1,
19,13,508,383,26,20,1,5,1,
19,14,936,395,23,20,1,5,1,
19,15,152,276,55,12,1,5,1,
19,16,374,1,52,15,1,5,1,
19,17,256,290,79,29,1,5,1,
19,18,461,271,51,17,1,5,1,
19,19,606,164,46,32,1,5,1,
19,20,258,172,66,18,1,5,1,
20,1,269,518,78,19,1,5,1,
20,2,379,405,33,64,1,5,1,
20,3,295,196,52,12,1,5,1,
20,4,145,244,54,13,1,5,1,
20,5,241,117,64,19,1,5,1,
20,6,718,236,27,14,1,5,1,
20,7,245,269,71,16,1,5,1,
20,8,781,60,18,32,1,5,1,
20,9,834,431,28,19,1,5,1,
20,10,146,61,55,24,1,5,1,
20,11,205,130,85,20,1,5,1,
20,12,413,506,38,16,1,5,1,
20,13,508,382,31,19,1,5,1,
20,14,935,394,24,20,1,5,1,
20,15,159,276,54,12,1,5,1,
20,16,381,1,51,15,1,5,1,
20,17,257,290,92,29,1,5,1,
20,18,466,271,52,16,1,5,1,
20,19,608,166,47,31,1,5,1,
20,20,264,172,66,17,1,5,1,
21,1,278,516,76,20,1,5,1,
21,2,375,402,45,60,1,5,1,
21,3,301,196,52,12,1,5,1,
21,4,152,245,53,13,1,5,1,
21,5,246,116,69,19,1,5,1,
21,6,722,237,26,13,1,5,1,
21,7,254,269,69,16,1,5,1,
21,8,781,63,17,31,1,5,1,
21,9,832,430,27,18,1,5,1,
21,10,154,65,49,21,1,5,1,
21,11,215,130,85,21,1,5,1,
21,12,420,504,34,18,1,5,1,
21,13,508,381,37,18,1,5,1,
21,14,934,393,25,19,1,5,1,
21,15,166,276,54,12,1,5,1,
21,16,387,1,52,15,1,5,1,
21,17,260,290,103,29,1,5,1,
21,18,472,271,51,16,1,5,1,
21,19,612,167,46,31,1,5,1,
21,20,269,172,67,17,1,5,1,
22,1,288,514,74,22,1,5,1,
22,2,372,399,56,55,1,5,1,
22,3,308,196,51,12,1,5,1,
22,4,159,246,51,13,1,5,1,
22,5,253,115,71,20,1,5,1,
22,6,725,237,26,13,1,5,1,
22,7,262,269,68,16,1,5,1,
22,8,780,65,17,31,1,5,1,
22,9,830,428,27,19,1,5,1,
22,10,162,68,43,18,1,5,1,
22,11,226,130,85,21,1,5,1,
22,12,427,502,29,19,1,5,1,
22,13,507,380,44,17,1,5,1,
22,14,933,392,26,19,1,5,1,
22,15,173,276,53,12,1,5,1,
22,16,394,1,51,15,1,5,1,
22,17,265,290,112,30,1,5,1,
22,18,478,271,51,16,1,5,1,
22,19,616,169,45,29,1,5,1,
22,20,275,171,68,18,1,5,1,
23,1,296,512,74,22,1,5,1,
23,2,371,398,66,49,1,5,1,
23,3,314,196,52,12,1,5,1,
23,4,166,247,49,12,1,5,1,
23,5,261,115,72,19,1,5,1,
23,6,730,237,21,13,1,5,1,
23,7,269,269,69,16,1,5,1,
23,8,779,67,18,31,1,5,1,
23,9,828,427,27,18,1,5,1,
23,10,169,69,36,17,1,5,1,
23,11,236,130,85,21,1,5,1,
23,12,433,500,24,20,1,5,1,
23,13,508,379,48,16,1,5,1,
23,14,932,391,27,19,1,5,1,
23,15,179,276,53,12,1,5,1,
23,16,400,1,51,15,1,5,1,
23,17,273,290,116,30,1,5,1,
23,18,484,271,50,16,1,5,1,
23,19,621,170,42,29,1,5,1,
23,20,281,171,68,18,1,5,1,
24,1,304,510,73,21,1,5,1,
24,2,371,396,74,44,1,5,1,
24,3,320,196,52,13,1,5,1,
24,4,173,248,46,12,1,5,1,
24,5,269,114,74,19,1,5,1,
24,6,736,238,17,12,1,5,1,
24,7,277,269,69,16,1,5,1,
24,8,779,70,17,30,1,5,1,
24,9,826,425,27,18,1,5,1,
24,10,175,68,30,17,1,5,1,
24,11,247,131,84,20,1,5,1,
24,12,439,497,20,21,1,5,1,
24,13,512,378,48,16,1,5,1,
24,14,930,390,29,18,1,5,1,
24,15,186,276,53,12,1,5,1,
24,16,407,1,51,15,1,5,1,
24,17,283,291,118,29,1,5,1,
24,18,490,271,49,16,1,5,1,
24,19,625,171,40,29,1,5,1,
24,20,287,171,68,18,1,5,1,
25,1,312,509,73,19,1,5,1,
25,2,372,394,82,40,1,5,1,
25,3,326,196,52,13,1,5,1,
25,4,180,248,43,12,1,5,1,
25,5,277,113,75,20,1,5,1,
25,6,739,238,15,13,1,5,1,
25,7,285,269,69,16,1,5,1,
25,8,778,72,17,29,1,5,1,
25,9,823,424,28,18,1,5,1,
25,10,181,66,25,17,1,5,1,
25,11,256,131,84,21,1,5,1,
25,12,444,494,16,22,1,5,1,
25,13,516,377,48,16,1,5,1,
25,14,929,389,28,18,1,5,1,
25,15,192,276,53,12,1,5,1,
25,16,413,1,51,16,1,5,1,
25,17,292,291,122,30,1,5,1,
25,18,496,271,48,16,1,5,1,
25,19,630,172,36,28,1,5,1,
25,20,293,171,69,17,1,5,1,
26,1,319,508,74,18,1,5,1,
26,2,375,393,89,36,1,5,1,
26,3,332,196,52,13,1,5,1,
26,4,187,249,39,11,1,5,1,
26,5,286,113,76,20,1,5,1,
26,6,740,239,15,12,1,5,1,
26,7,292,269,70,16,1,5,1,
26,8,777,74,17,29,1,5,1,
26,9,821,423,28,17,1,5,1,
26,10,186,62,19,18,1,5,1,
26,11,267,131,83,21,1,5,1,
26,12,448,492,13,22,1,5,1,
26,13,521,376,46,16,1,5,1,
26,14,928,388,28,18,1,5,1,
26,15,199,276,52,12,1,5,1,
26,16,419,2,52,15,1,5,1,
26,17,301,291,126,30,1,5,1,
26,18,503,271,44,15,1,5,1,
26,19,634,173,34,28,1,5,1,
26,20,299,171,69,17,1,5,1,
27,1,327,507,73,19,1,5,1,
27,2,378,393,95,30,1,5,1,
27,3,338,196,52,13,1,5,1,
27,4,193,249,35,11,1,5,1,
27,5,294,112,78,20,1,5,1,
27,6,741,239,15,12,1,5,1,
27,7,300,269,70,16,1,5,1,
27,8,776,76,16,29,1,5,1,
27,9,819,421,28,18,1,5,1,
27,10,186,59,20,21,1,5,1,
27,11,277,132,83,20,1,5,1,
27,12,450,489,11,23,1,5,1,
27,13,527,375,43,16,1,5,1,
27,14,926,387,29,18,1,5,1,
27,15,205,276,53,12,1,5,1,
27,16,425,2,52,15,1,5,1,
27,17,311,291,128,30,1,5,1,
27,18,509,271,43,15,1,5,1,
27,19,637,174,33,28,1,5,1,
27,20,304,170,71,18,1,5,1,
28,1,335,507,72,20,1,5,1,
28,2,383,393,99,25,1,5,1,
28,3,345,196,51,13,1,5,1,
28,4,199,249,30,11,1,5,1,
28,5,303,112,79,20,1,5,1,
28,6,742,239,15,12,1,5,1,
28,7,308,269,70,16,1,5,1,
28,8,775,78,16,29,1,5,1,
28,9,817,420,28,17,1,5,1,
28,10,187,56,20,22,1,5,1,
28,11,287,132,83,20,1,5,1,
28,12,451,487,10,22,1,5,1,
28,13,532,375,41,15,1,5,1,
28,14,925,386,29,18,1,5,1,
28,15,211,276,53,12,1,5,1,
28,16,432,3,51,15,1,5,1,
28,17,323,291,128,29,1,5,1,
28,18,514,271,42,15,1,5,1,
28,19,639,175,33,28,1,5,1,
28,20,311,170,70,18,1,5,1,
29,1,343,507,71,20,1,5,1,
29,2,390,393,101,24,1,5,1,
29,3,351,196,51,13,1,5,1,
29,4,205,249,25,11,1,5,1,
29,5,314,111,78,21,1,5,1,
29,6,744,240,14,12,1,5,1,
29,7,317,269,69,16,1,5,1,
29,8,774,81,16,27,1,5,1,
29,9,815,419,28,16,1,5,1,
29,10,188,54,20,22,1,5,1,
29,11,298,132,82,21,1,5,1,
29,12,450,485,11,21,1,5,1,
29,13,537,374,40,15,1,5,1,
29,14,924,385,28,17,1,5,1,
29,15,218,276,52,12,1,5,1,
29,16,439,3,51,15,1,5,1,
29,17,337,291,126,29,1,5,1,
29,18,520,271,41,15,1,5,1,
29,19,643,176,30,27,1,5,1,
29,20,317,170,71,18,1,5,1,
30,1,350,508,71,20,1,5,1,
30,2,397,392,102,25,1,5,1,
30,3,357,197,51,12,1,5,1,
30,4,209,249,22,11,1,5,1,
30,5,323,111,80,20,1,5,1,
30,6,745,240,15,12,1,5,1,
30,7,324,269,70,16,1,5,1,
30,8,773,83,17,27,1,5,1,
30,9,813,417,28,17,1,5,1,
30,10,189,52,20,22,1,5,1,
30,11,308,133,81,20,1,5,1,
30,12,447,483,15,20,1,5,1,
30,13,541,373,39,15,1,5,1,
30,14,922,384,29,17,1,5,1,
30,15,224,276,53,12,1,5,1,
30,16,445,4,51,15,1,5,1,
30,17,349,291,125,29,1,5,1,
30,18,525,271,40,15,1,5,1,
30,19,645,177,31,27,1,5,1,
30,20,323,170,71,18,1,5,1,
31,1,357,509,70,21,1,5,1,
31,2,405,391,101,25,1,5,1,
31,3,363,197,51,12,1,5,1,
31,4,212,249,22,11,1,5,1,
31,5,332,111,81,20,1,5,1,
31,6,746,240,15,12,1,5,1,
31,7,332,269,70,16,1,5,1,
31,8,772,85,17,27,1,5,1,
31,9,811,416,28,17,1,5,1,
31,10,191,50,20,22,1,5,1,
31,11,318,133,81,20,1,5,1,
31,12,444,481,19,19,1,5,1,
31,13,545,372,38,15,1,5,1,
31,14,921,383,29,17,1,5,1,
31,15,230,276,53,12,1,5,1,
31,16,451,4,51,15,1,5,1,
31,17,362,291,124,29,1,5,1,
31,18,530,271,39,15,1,5,1,
31,19,648,178,29,27,1,5,1,
31,20,329,170,72,18,1,5,1,
32,1,365,510,70,20,1,5,1,
32,2,414,391,99,24,1,5,1,
32,3,370,197,50,12,1,5,1,
32,4,214,248,23,12,1,5,1,
32,5,342,111,81,20,1,5,1,
32,6,747,241,14,11,1,5,1,
32,7,340,269,70,16,1,5,1,
32,8,771,87,17,26,1,5,1,
32,9,809,415,28,16,1,5,1,
32,10,192,47,20,23,1,5,1,
32,11,328,134,81,20,1,5,1,
32,12,440,479,23,18,1,5,1,
32,13,549,371,37,15,1,5,1,
32,14,919,382,29,17,1,5,1,
32,15,237,276,53,12,1,5,1,
32,16,457,5,51,15,1,5,1,
32,17,374,291,123,29,1,5,1,
32,18,535,271,37,15,1,5,1,
32,19,651,179,27,26,1,5,1,
32,20,336,170,72,18,1,5,1,
33,1,372,511,70,20,1,5,1,
33,2,422,390,98,24,1,5,1,
33,3,375,197,51,12,1,5,1,
33,4,216,248,24,12,1,5,1,
33,5,351,110,82,21,1,5,1,
33,6,748,241,14,11,1,5,1,
33,7,348,269,70,16,1,5,1,
33,8,770,89,17,26,1,5,1,
33,9,806,414,29,16,1,5,1,
33,10,193,45,21,23,1,5,1,
33,11,338,134,80,20,1,5,1,
33,12,435,478,27,16,1,5,1,
33,13,553,370,36,15,1,5,1,
33,14,918,381,29,17,1,5,1,
33,15,243,276,53,12,1,5,1,
33,16,464,5,50,15,1,5,1,
33,17,386,291,122,28,1,5,1,
33,18,540,271,36,14,1,5,1,
33,19,654,180,26,26,1,5,1,
33,20,342,170,72,18,1,5,1,
34,1,379,511,71,21,1,5,1,
34,2,431,389,96,24,1,5,1,
34,3,382,197,50,13,1,5,1,
34,4,219,248,21,11,1,5,1,
34,5,361,110,83,21,1,5,1,
34,6,749,241,14,11,1,5,1,
34,7,356,269,70,16,1,5,1,
34,8,769,91,17,26,1,5,1,
34,9,804,413,29,15,1,5,1,
34,10,194,42,22,24,1,5,1,
34,11,348,134,80,20,1,5,1,
34,12,431,476,29,15,1,5,1,
34,13,557,370,34,14,1,5,1,
34,14,916,380,29,17,1,5,1,
34,15,249,276,54,12,1,5,1,
34,16,470,6,50,15,1,5,1,
34,17,399,290,120,29,1,5,1,
34,18,545,271,34,14,1,5,1,
34,19,656,181,25,26,1,5,1,
34,20,348,169,73,18,1,5,1,
35,1,387,512,71,20,1,5,1,
35,2,440,388,94,24,1,5,1,
35,3,388,197,50,13,1,5,1,
35,4,221,247,21,12,1,5,1,
35,5,372,110,82,21,1,5,1,
35,6,749,242,15,11,1,5,1,
35,7,364,269,70,16,1,5,1,
35,8,767,93,18,25,1,5,1,
35,9,802,411,29,16,1,5,1,
35,10,195,40,23,24,1,5,1,
35,11,358,135,79,20,1,5,1,
35,12,425,475,33,14,1,5,1,
35,13,561,369,33,14,1,5,1,
35,14,915,379,29,17,1,5,1,
35,15,256,276,53,12,1,5,1,
35,16,476,7,50,15,1,5,1,
35,17,412,290,117,29,1,5,1,
35,18,550,271,33,14,1,5,1,
35,19,658,182,25,25,1,5,1,
35,20,355,169,73,18,1,5,1,
36,1,394,512,72,21,1,5,1,
36,2,448,388,92,23,1,5,1,
36,3,394,197,50,13,1,5,1,
36,4,223,247,22,12,1,5,1,
36,5,382,110,82,21,1,5,1,
36,6,750,242,14,11,1,5,1,
36,7,372,269,70,16,1,5,1,
36,8,766,94,18,26,1,5,1,
36,9,800,410,29,16,1,5,1,
36,10,196,37,24,24,1,5,1,
36,11,368,135,78,20,1,5,1,
36,12,420,473,35,13,1,5,1,
36,13,565,368,31,14,1,5,1,
36,14,913,378,29,17,1,5,1,
36,15,262,276,54,12,1,5,1,
36,16,483,8,49,14,1,5,1,
36,17,424,290,116,28,1,5,1,
36,18,552,271,37,14,1,5,1,
36,19,660,183,24,25,1,5,1,
36,20,361,169,73,18,1,5,1,
37,1,402,512,72,21,1,5,1,
37,2,455,387,93,24,1,5,1,
37,3,400,198,50,12,1,5,1,
37,4,224,247,24,11,1,5,1,
37,5,392,110,82,21,1,5,1,
37,6,751,242,14,11,1,5,1,
37,7,381,269,69,16,1,5,1,
37,8,765,96,17,25,1,5,1,
37,9,798,409,28,15,1,5,1,
37,10,197,35,25,24,1,5,1,
37,11,378,136,78,19,1,5,1,
37,12,415,472,37,12,1,5,1,
37,13,567,367,34,15,1,5,1,
37,14,912,377,29,17,1,5,1,
37,15,269,276,54,12,1,5,1,
37,16,489,9,49,14,1,5,1,
37,17,437,290,113,28,1,5,1,
37,18,555,272,41,13,1,5,1,
37,19,661,184,26,25,1,5,1,
37,20,368,169,73,18,1,5,1,
38,1,412,513,69,20,1,5,1,
38,2,461,387,96,23,1,5,1,
38,3,408,198,47,12,1,5,1,
38,4,226,247,24,11,1,5,1,
38,5,405,110,80,21,1,5,1,
38,6,753,243,13,11,1,5,1,
38,7,391,269,67,16,1,5,1,
38,8,763,98,18,25,1,5,1,
38,9,795,408,29,14,1,5,1,
38,10,199,32,25,24,1,5,1,
38,11,390,136,75,20,1,5,1,
38,12,409,472,37,10,1,5,1,
38,13,570,367,35,14,1,5,1,
38,14,910,376,29,17,1,5,1,
38,15,277,276,52,12,1,5,1,
38,16,497,9,47,15,1,5,1,
38,17,452,290,109,28,1,5,1,
38,18,561,272,40,13,1,5,1,
38,19,662,185,27,25,1,5,1,
38,20,376,169,72,18,1,5,1,
39,1,418,514,71,20,1,5,1,
39,2,466,387,99,23,1,5,1,
39,3,413,198,48,12,1,5,1,
39,4,228,247,26,11,1,5,1,
39,5,413,110,82,21,1,5,1,
39,6,754,243,14,10,1,5,1,
39,7,397,269,69,16,1,5,1,
39,8,762,100,18,24,1,5,1,
39,9,793,407,29,14,1,5,1,
39,10,200,30,27,24,1,5,1,
39,11,398,136,76,20,1,5,1,
39,12,404,471,39,10,1,5,1,
39,13,572,366,37,14,1,5,1,
39,14,908,375,30,17,1,5,1,
39,15,282,276,54,12,1,5,1,
39,16,502,10,47,15,1,5,1,
39,17,461,290,110,27,1,5,1,
39,18,564,272,41,13,1,5,1,
39,19,664,186,26,24,1,5,1,
39,20,382,169,72,18,1,5,1,
40,1,426,514,70,21,1,5,1,
40,2,472,387,101,23,1,5,1,
40,3,419,198,47,12,1,5,1,
40,4,231,246,26,12,1,5,1,
40,5,424,110,81,21,1,5,1,
40,6,755,243,13,11,1,5,1,
40,7,406,269,68,16,1,5,1,
40,8,760,102,18,24,1,5,1,
40,9,791,406,29,14,1,5,1,
40,10,202,27,27,25,1,5,1,
40,11,408,137,75,20,1,5,1,
40,12,398,470,40,11,1,5,1,
40,13,576,365,36,15,1,5,1,
40,14,907,375,29,16,1,5,1,
40,15,289,276,53,12,1,5,1,
40,16,508,11,47,15,1,5,1,
40,17,473,289,108,28,1,5,1,
40,18,570,272,40,13,1,5,1,
40,19,668,187,23,23,1,5,1,
40,20,389,169,72,18,1,5,1,
41,1,434,516,69,20,1,5,1,
41,2,481,386,100,24,1,5,1,
41,3,426,198,46,13,1,5,1,
41,4,233,246,27,12,1,5,1,
41,5,436,110,80,21,1,5,1,
41,6,755,243,14,11,1,5,1,
41,7,415,269,67,16,1,5,1,
41,8,758,103,19,24,1,5,1,
41,9,789,405,28,14,1,5,1,
41,10,203,25,29,24,1,5,1,
41,11,419,137,73,20,1,5,1,
41,12,392,470,40,10,1,5,1,
41,13,580,365,35,14,1,5,1,
41,14,905,374,29,15,1,5,1,
41,15,297,276,52,12,1,5,1,
41,16,515,12,45,15,1,5,1,
41,17,486,289,105,28,1,5,1,
41,18,576,272,38,13,1,5,1,
41,19,671,187,22,24,1,5,1,
41,20,396,169,72,18,1,5,1,
42,1,440,517,71,20,1,5,1,
42,2,487,386,102,24,1,5,1,
42,3,430,199,48,12,1,5,1,
42,4,235,246,29,12,1,5,1,
42,5,444,110,82,21,1,5,1,
42,6,756,244,13,10,1,5,1,
42,7,421,269,69,16,1,5,1,
42,8,756,105,20,23,1,5,1,
42,9,786,404,30,14,1,5,1,
42,10,205,22,30,25,1,5,1,
42,11,426,138,75,19,1,5,1,
42,12,387,470,41,10,1,5,1,
42,13,583,364,35,14,1,5,1,
42,14,903,373,30,16,1,5,1,
42,15,302,276,53,12,1,5,1,
42,16,519,13,47,15,1,5,1,
42,17,494,289,107,27,1,5,1,
42,18,579,272,39,13,1,5,1,
42,19,672,188,22,24,1,5,1,
42,20,401,169,73,18,1,5,1,
43,1,447,518,72,20,1,5,1,
43,2,495,386,102,24,1,5,1,
43,3,436,199,47,12,1,5,1,
43,4,238,246,29,12,1,5,1,
43,5,455,111,81,21,1,5,1,
43,6,756,244,14,10,1,5,1,
43,7,430,269,68,16,1,5,1,
43,8,755,107,19,23,1,5,1,
43,9,784,403,29,13,1,5,1,
43,10,207,19,31,26,1,5,1,
43,11,436,138,74,20,1,5,1,
43,12,381,470,41,10,1,5,1,
43,13,587,363,33,14,1,5,1,
43,14,902,372,29,16,1,5,1,
43,15,309,276,53,12,1,5,1,
43,16,525,14,46,15,1,5,1,
43,17,506,289,104,27,1,5,1,
43,18,584,272,38,13,1,5,1,
43,19,674,189,21,23,1,5,1,
43,20,408,169,73,18,1,5,1,
44,1,455,519,72,20,1,5,1,
44,2,502,386,103,24,1,5,1,
44,3,442,199,46,12,1,5,1,
44,4,240,246,31,12,1,5,1,
44,5,465,111,81,21,1,5,1,
44,6,757,244,13,10,1,5,1,
44,7,438,269,68,16,1,5,1,
44,8,753,108,20,23,1,5,1,
44,9,782,402,29,13,1,5,1,
44,10,208,17,33,26,1,5,1,
44,11,445,139,74,19,1,5,1,
44,12,376,470,40,10,1,5,1,
44,13,590,363,33,14,1,5,1,
44,14,900,371,29,16,1,5,1,
44,15,315,276,53,12,1,5,1,
44,16,531,15,45,15,1,5,1,
44,17,517,289,103,27,1,5,1,
44,18,589,272,37,13,1,5,1,
44,19,676,190,20,23,1,5,1,
44,20,415,169,73,18,1,5,1,
45,1,462,520,74,20,1,5,1,
45,2,511,386,101,24,1,5,1,
45,3,448,199,46,12,1,5,1,
45,4,243,245,32,13,1,5,1,
45,5,475,111,81,21,1,5,1,
45,6,757,245,13,10,1,5,1,
45,7,446,269,68,16,1,5,1,
45,8,751,110,20,22,1,5,1,
45,9,779,401,30,13,1,5,1,
45,10,210,14,35,26,1,5,1,
45,11,454,139,74,19,1,5,1,
45,12,371,470,40,10,1,5,1,
45,13,594,362,31,14,1,5,1,
45,14,898,370,30,16,1,5,1,
45,15,322,276,53,12,1,5,1,
45,16,536,16,45,15,1,5,1,
45,17,527,289,102,26,1,5,1,
45,18,594,272,36,13,1,5,1,
45,19,677,191,20,22,1,5,1,
45,20,421,169,73,19,1,5,1,
46,1,469,521,75,20,1,5,1,
46,2,518,386,102,24,1,5,1,
46,3,453,200,46,12,1,5,1,
46,4,246,245,33,12,1,5,1,
46,5,485,111,81,21,1,5,1,
46,6,758,245,12,10,1,5,1,
46,7,453,269,69,16,1,5,1,
46,8,749,112,20,22,1,5,1,
46,10,213,11,35,27,1,5,1,
46,11,463,140,73,19,1,5,1,
46,12,367,471,38,10,1,5,1,
46,13,598,361,30,14,1,5,1,
46,14,896,370,30,15,1,5,1,
46,15,328,276,53,12,1,5,1,
46,16,542,17,44,15,1,5,1,
46,17,538,289,100,26,1,5,1,
46,18,598,272,36,13,1,5,1,
46,19,678,192,20,22,1,5,1,
46,20,428,169,73,19,1,5,1,
47,1,477,522,75,20,1,5,1,
47,2,526,386,102,24,1,5,1,
47,3,459,200,45,12,1,5,1,
47,4,249,245,34,12,1,5,1,
47,5,495,112,81,21,1,5,1,
47,6,758,245,13,10,1,5,1,
47,7,461,269,69,16,1,5,1,
47,8,747,113,21,22,1,5,1,
47,10,215,8,37,28,1,5,1,
47,11,472,140,73,19,1,5,1,
47,12,362,472,37,10,1,5,1,
47,13,601,361,29,13,1,5,1,
47,14,894,369,30,15,1,5,1,
47,15,335,276,53,12,1,5,1,
47,16,547,18,44,15,1,5,1,
47,17,548,289,99,26,1,5,1,
47,18,603,272,35,12,1,5,1,
47,19,679,193,20,22,1,5,1,
47,20,434,169,74,19,1,5,1,
48,1,487,523,73,20,1,5,1,
48,2,536,386,100,24,1,5,1,
48,3,466,200,43,12,1,5,1,
48,4,252,245,36,12,1,5,1,
48,5,508,112,77,21,1,5,1,
48,6,758,245,13,10,1,5,1,
48,7,471,269,67,16,1,5,1,
48,8,745,115,21,21,1,5,1,
48,10,218,5,38,27,1,5,1,
48,11,483,140,70,20,1,5,1,
48,12,358,471,34,12,1,5,1,
48,13,605,360,27,13,1,5,1,
48,14,892,368,30,15,1,5,1,
48,15,343,276,51,12,1,5,1,
48,16,554,19,42,15,1,5,1,
48,17,561,288,95,26,1,5,1,
48,18,609,272,32,12,1,5,1,
48,19,680,193,20,22,1,5,1,
48,20,443,169,71,19,1,5,1,
49,1,495,523,74,20,1,5,1,
49,2,545,386,98,24,1,5,1,
49,3,471,200,43,12,1,5,1,
49,4,256,245,36,12,1,5,1,
49,5,518,112,77,21,1,5,1,
49,6,758,246,13,9,1,5,1,
49,7,480,269,66,16,1,5,1,
49,8,742,116,22,21,1,5,1,
49,10,220,2,40,27,1,5,1,
49,11,493,141,69,19,1,5,1,
49,12,355,471,31,13,1,5,1,
49,13,609,359,25,14,1,5,1,
49,14,887,367,36,15,1,5,1,
49,15,350,276,50,12,1,5,1,
49,16,559,20,41,16,1,5,1,
49,17,572,288,93,26,1,5,1,
49,18,613,272,32,12,1,5,1,
49,19,681,194,20,22,1,5,1,
49,20,450,170,71,18,1,5,1,
50,1,503,524,74,19,1,5,1,
50,2,553,386,98,24,1,5,1,
50,3,477,201,42,12,1,5,1,
50,4,259,244,38,13,1,5,1,
50,5,529,113,76,21,1,5,1,
50,6,759,246,12,9,1,5,1,
50,7,488,269,65,16,1,5,1,
50,8,740,118,22,21,1,5,1,
50,10,223,0,41,26,1,5,1,
50,11,502,141,68,20,1,5,1,
50,12,352,472,28,13,1,5,1,
50,13,612,359,24,13,1,5,1,
50,14,882,367,42,14,1,5,1,
50,15,357,276,49,12,1,5,1,
50,16,565,21,40,16,1,5,1,
50,17,583,288,90,26,1,5,1,
50,18,618,272,30,12,1,5,1,
50,19,682,195,19,21,1,5,1,
50,20,457,170,70,18,1,5,1,
51,1,511,525,75,18,1,5,1,
51,2,561,386,98,24,1,5,1,
51,3,483,201,41,12,1,5,1,
51,4,263,244,38,13,1,5,1,
51,5,539,113,75,21,1,5,1,
51,6,759,246,12,10,1,5,1,
51,7,496,269,65,16,1,5,1,
51,8,738,119,22,21,1,5,1,
51,10,226,-1,42,25,1,5,1,
51,11,511,142,67,19,1,5,1,
51,12,350,472,25,15,1,5,1,
51,13,615,358,23,13,1,5,1,
51,14,877,366,48,14,1,5,1,
51,15,363,276,50,12,1,5,1,
51,16,570,22,39,16,1,5,1,
51,17,592,288,90,25,1,5,1,
51,18,622,272,29,12,1,5,1,
51,19,682,195,20,22,1,5,1,
51,20,463,170,71,18,1,5,1,
52,1,519,526,76,17,1,5,1,
52,2,569,385,97,25,1,5,1,
52,3,488,201,41,12,1,5,1,
52,4,267,244,39,13,1,5,1,
52,5,549,113,75,22,1,5,1,
52,6,759,246,12,10,1,5,1,
52,7,504,269,64,16,1,5,1,
52,8,736,121,22,20,1,5,1,
52,10,229,-4,43,25,1,5,1,
52,11,519,143,68,18,1,5,1,
52,12,348,473,22,16,1,5,1,
52,13,618,357,22,13,1,5,1,
52,14,871,365,53,14,1,5,1,
52,15,370,276,49,12,1,5,1,
52,16,575,23,38,17,1,5,1,
52,17,602,288,88,25,1,5,1,
52,18,626,272,28,12,1,5,1,
52,19,683,196,19,21,1,5,1,
52,20,470,170,70,18,1,5,1,
53,1,528,527,75,16,1,5,1,
53,2,577,385,96,24,1,5,1,
53,3,493,202,41,11,1,5,1,
53,4,270,244,41,13,1,5,1,
53,5,559,114,74,21,1,5,1,
53,6,758,247,13,9,1,5,1,
53,7,512,269,64,16,1,5,1,
53,8,734,122,22,20,1,5,1,
53,10,232,-7,43,26,1,5,1,
53,11,528,143,67,19,1,5,1,
53,12,347,474,19,17,1,5,1,
53,13,620,357,22,13,1,5,1,
53,14,867,364,54,14,1,5,1,
53,15,376,276,49,12,1,5,1,
53,16,579,25,38,16,1,5,1,
53,17,611,288,87,25,1,5,1,
53,18,629,272,28,12,1,5,1,
53,19,684,197,19,21,1,5,1,
53,20,477,170,69,18,1,5,1,
54,1,534,527,78,16,1,5,1,
54,2,583,385,98,24,1,5,1,
54,3,497,202,41,12,1,5,1,
54,4,274,244,42,13,1,5,1,
54,5,566,115,76,20,1,5,1,
54,6,759,247,12,9,1,5,1,
54,7,518,269,65,16,1,5,1,
54,8,731,124,24,19,1,5,1,
54,10,234,-10,45,27,1,5,1,
54,11,535,144,68,18,1,5,1,
54,12,346,474,17,20,1,5,1,
54,13,622,356,21,13,1,5,1,
54,14,864,363,54,15,1,5,1,
54,15,381,276,50,12,1,5,1,
54,16,583,26,38,16,1,5,1,
54,17,618,288,88,25,1,5,1,
54,18,632,272,28,12,1,5,1,
54,19,684,198,19,20,1,5,1,
54,20,482,170,71,19,1,5,1,
55,1,542,528,79,15,1,5,1,
55,2,591,385,97,24,1,5,1,
55,3,502,202,40,12,1,5,1,
55,4,277,244,44,13,1,5,1,
55,5,575,115,76,21,1,5,1,
55,6,758,247,12,9,1,5,1,
55,7,526,269,65,16,1,5,1,
55,8,729,125,24,19,1,5,1,
55,10,237,-13,47,28,1,5,1,
55,11,542,144,68,19,1,5,1,
55,12,346,475,13,22,1,5,1,
55,13,625,355,20,13,1,5,1,
55,14,860,363,54,14,1,5,1,
55,15,387,276,49,12,1,5,1,
55,16,587,27,38,17,1,5,1,
55,17,627,288,87,24,1,5,1,
55,18,636,272,27,12,1,5,1,
55,19,684,199,19,20,1,5,1,
55,20,488,171,71,18,1,5,1,
56,1,550,529,79,14,1,5,1,
56,2,599,385,96,24,1,5,1,
56,3,507,203,40,11,1,5,1,
56,4,282,244,45,13,1,5,1,
56,5,585,116,75,20,1,5,1,
56,6,758,247,12,9,1,5,1,
56,7,534,270,64,15,1,5,1,
56,8,727,126,24,20,1,5,1,
56,10,240,-16,49,28,1,5,1,
56,11,551,145,67,18,1,5,1,
56,12,346,477,11,22,1,5,1,
56,13,627,355,19,12,1,5,1,
56,14,856,362,54,14,1,5,1,
56,15,394,276,48,11,1,5,1,
56,16,592,29,36,16,1,5,1,
56,17,636,288,86,24,1,5,1,
56,18,639,272,26,12,1,5,1,
56,19,685,199,19,20,1,5,1,
56,20,495,171,70,18,1,5,1,
57,1,559,529,79,14,1,5,1,
57,2,607,384,95,24,1,5,1,
57,3,512,203,39,12,1,5,1,
57,4,286,243,46,13,1,5,1,
57,5,595,116,74,21,1,5,1,
57,6,758,248,11,9,1,5,1,
57,7,542,270,63,15,1,5,1,
57,8,724,128,25,19,1,5,1,
57,10,244,-19,50,28,1,5,1,
57,11,559,145,67,19,1,5,1,
57,12,346,478,11,24,1,5,1,
57,13,630,354,18,13,1,5,1,
57,14,853,361,53,14,1,5,1,
57,15,400,276,48,11,1,5,1,
57,16,596,30,36,17,1,5,1,
57,17,645,287,84,25,1,5,1,
57,18,643,272,24,12,1,5,1,
57,19,685,200,19,20,1,5,1,
57,20,501,171,70,18,1,5,1,
58,1,568,530,79,13,1,5,1,
58,2,615,384,94,24,1,5,1,
58,3,517,203,38,12,1,5,1,
58,4,291,243,47,13,1,5,1,
58,5,605,117,72,20,1,5,1,
58,6,757,248,12,9,1,5,1,
58,7,550,270,62,15,1,5,1,
58,8,722,129,24,19,1,5,1,
58,11,568,146,65,18,1,5,1,
58,12,346,480,11,25,1,5,1,
58,13,633,353,16,13,1,5,1,
58,14,849,361,53,13,1,5,1,
58,15,406,276,47,11,1,5,1,
58,16,601,32,34,16,1,5,1,
58,17,655,287,81,24,1,5,1,
58,18,647,272,22,11,1,5,1,
58,19,685,201,18,19,1,5,1,
58,20,508,171,69,18,1,5,1,
59,1,576,530,79,13,1,5,1,
59,2,624,384,90,24,1,5,1,
59,3,522,204,37,11,1,5,1,
59,4,295,243,49,13,1,5,1,
59,5,614,117,72,21,1,5,1,
59,6,757,248,11,9,1,5,1,
59,7,557,270,62,15,1,5,1,
59,8,719,130,25,19,1,5,1,
59,11,576,146,65,19,1,5,1,
59,12,346,482,11,26,1,5,1,
59,13,635,353,15,12,1,5,1,
59,14,845,360,54,13,1,5,1,
59,15,411,276,48,11,1,5,1,
59,16,605,33,33,17,1,5,1,
59,17,663,287,80,24,1,5,1,
59,18,650,272,21,11,1,5,1,
59,19,685,201,18,20,1,5,1,
59,20,514,172,70,17,1,5,1,
60,1,584,530,80,13,1,5,1,
60,2,634,384,83,23,1,5,1,
60,3,526,204,38,11,1,5,1,
60,4,300,243,49,13,1,5,1,
60,5,622,118,73,20,1,5,1,
60,6,756,248,11,9,1,5,1,
60,7,563,270,63,15,1,5,1,
60,8,717,131,25,19,1,5,1,
60,11,583,147,65,18,1,5,1,
60,12,346,484,11,27,1,5,1,
60,13,636,352,15,12,1,5,1,
60,14,842,359,53,14,1,5,1,
60,15,416,276,50,11,1,5,1,
60,16,609,34,33,17,1,5,1,
60,17,671,287,79,24,1,5,1,
60,18,653,272,20,11,1,5,1,
60,19,685,202,18,19,1,5,1,
60,20,520,172,71,18,1,5,1,
61,1,594,531,78,12,1,5,1,
61,2,647,384,72,23,1,5,1,
61,3,531,204,35,12,1,5,1,
61,4,306,243,48,13,1,5,1,
61,5,632,119,71,20,1,5,1,
61,6,755,248,12,9,1,5,1,
61,7,571,270,61,15,1,5,1,
61,8,714,133,26,18,1,5,1,
61,11,592,148,64,18,1,5,1,
61,12,347,487,11,26,1,5,1,
61,13,638,351,14,12,1,5,1,
61,15,422,276,50,11,1,5,1,
61,16,613,36,31,17,1,5,1,
61,17,680,287,77,24,1,5,1,
61,18,657,272,16,11,1,5,1,
61,19,685,203,18,19,1,5,1,
61,20,527,172,70,18,1,5,1,
62,1,602,530,79,13,1,5,1,
62,2,656,383,66,23,1,5,1,
62,3,536,205,33,11,1,5,1,
62,4,311,243,48,13,1,5,1,
62,5,640,119,71,20,1,5,1,
62,6,755,249,11,8,1,5,1,
62,7,578,270,61,15,1,5,1,
62,8,712,134,26,18,1,5,1,
62,11,599,148,64,18,1,5,1,
62,12,347,489,11,27,1,5,1,
62,13,640,351,12,11,1,5,1,
62,15,428,276,50,11,1,5,1,
62,16,616,37,31,17,1,5,1,
62,17,688,287,75,23,1,5,1,
62,18,660,272,14,11,1,5,1,
62,19,684,203,18,19,1,5,1,
62,20,533,172,70,18,1,5,1,
63,1,612,530,77,13,1,5,1,
63,2,665,383,62,22,1,5,1,
63,3,540,205,33,12,1,5,1,
63,4,316,242,47,14,1,5,1,
63,5,649,120,71,20,1,5,1,
63,6,754,249,11,8,1,5,1,
63,7,585,270,61,15,1,5,1,
63,8,709,135,27,18,1,5,1,
63,11,607,149,63,18,1,5,1,
63,12,347,491,12,28,1,5,1,
63,13,640,350,13,12,1,5,1,
63,15,434,276,49,11,1,5,1,
63,16,620,39,30,17,1,5,1,
63,17,696,287,74,23,1,5,1,
63,18,662,272,14,11,1,5,1,
63,19,684,204,18,19,1,5,1,
63,20,539,172,70,18,1,5,1,
64,1,621,530,76,13,1,5,1,
64,2,672,382,59,22,1,5,1,
64,3,544,206,32,11,1,5,1,
64,4,322,242,46,14,1,5,1,
64,5,658,121,70,20,1,5,1,
64,6,753,249,12,8,1,5,1,
64,7,593,270,60,15,1,5,1,
64,8,707,136,26,18,1,5,1,
64,11,615,149,62,18,1,5,1,
64,12,347,494,13,28,1,5,1,
64,13,641,349,12,12,1,5,1,
64,15,440,276,49,12,1,5,1,
64,16,624,41,29,16,1,5,1,
64,17,704,287,73,23,1,5,1,
64,18,664,272,13,11,1,5,1,
64,19,684,205,17,18,1,5,1,
64,20,546,172,69,18,1,5,1,
65,1,629,529,76,14,1,5,1,
65,2,677,381,58,22,1,5,1,
65,3,548,206,32,11,1,5,1,
65,4,327,242,45,14,1,5,1,
65,5,667,121,69,20,1,5,1,
65,6,753,249,11,9,1,5,1,
65,7,599,270,60,15,1,5,1,
65,8,704,138,27,16,1,5,1,
65,11,622,150,62,18,1,5,1,
65,12,347,496,14,29,1,5,1,
65,13,642,348,12,12,1,5,1,
65,15,446,276,49,12,1,5,1,
65,16,627,42,28,17,1,5,1,
65,17,711,287,74,23,1,5,1,
65,18,665,272,13,11,1,5,1,
65,19,683,205,18,18,1,5,1,
65,20,552,173,69,17,1,5,1,
66,1,637,529,75,14,1,5,1,
66,2,682,380,57,22,1,5,1,
66,3,552,207,31,11,1,5,1,
66,4,332,242,45,14,1,5,1,
66,5,675,122,69,20,1,5,1,
66,6,752,249,11,9,1,5,1,
66,7,606,270,60,15,1,5,1,
66,8,702,139,27,16,1,5,1,
66,11,630,150,61,18,1,5,1,
66,12,348,499,14,29,1,5,1,
66,13,642,348,12,11,1,5,1,
66,15,451,276,50,12,1,5,1,
66,16,630,44,27,17,1,5,1,
66,17,717,287,74,22,1,5,1,
66,18,667,272,13,10,1,5,1,
66,19,683,206,17,18,1,5,1,
66,20,558,173,69,17,1,5,1,
67,1,646,529,74,14,1,5,1,
67,2,687,379,56,22,1,5,1,
67,3,555,207,31,11,1,5,1,
67,4,336,242,47,13,1,5,1,
67,5,684,123,68,19,1,5,1,
67,6,751,250,11,8,1,5,1,
67,7,614,270,57,15,1,5,1,
67,8,699,140,27,16,1,5,1,
67,11,637,151,61,18,1,5,1,
67,12,348,501,15,30,1,5,1,
67,13,643,347,12,12,1,5,1,
67,15,457,276,50,12,1,5,1,
67,16,633,45,26,17,1,5,1,
67,17,725,286,72,23,1,5,1,
67,18,669,272,12,10,1,5,1,
67,19,682,207,17,17,1,5,1,
67,20,564,173,69,17,1,5,1,
68,1,655,528,73,15,1,5,1,
68,2,693,378,53,21,1,5,1,
68,3,559,208,30,11,1,5,1,
68,4,341,241,48,14,1,5,1,
68,5,693,123,66,20,1,5,1,
68,6,750,250,12,8,1,5,1,
68,7,622,270,55,15,1,5,1,
68,8,697,141,27,16,1,5,1,
68,11,645,152,59,17,1,5,1,
68,12,349,504,15,30,1,5,1,
68,13,643,347,12,11,1,5,1,
68,15,463,276,50,12,1,5,1,
68,16,637,47,24,17,1,5,1,
68,17,733,286,70,23,1,5,1,
68,18,670,272,12,10,1,5,1,
68,19,682,207,17,18,1,5,1,
68,20,571,173,68,18,1,5,1,
69,1,662,527,73,16,1,5,1,
69,2,699,377,51,21,1,5,1,
69,3,563,208,29,11,1,5,1,
69,4,345,241,49,14,1,5,1,
69,5,701,124,65,20,1,5,1,
69,6,749,250,12,8,1,5,1,
69,7,628,270,54,15,1,5,1,
69,8,694,142,28,16,1,5,1,
69,11,652,152,59,18,1,5,1,
69,12,349,507,17,30,1,5,1,
69,13,643,346,12,11,1,5,1,
69,15,468,276,51,12,1,5,1,
69,16,639,49,24,17,1,5,1,
69,17,740,286,69,22,1,5,1,
69,18,671,272,12,10,1,5,1,
69,19,681,208,17,17,1,5,1,
69,20,577,173,68,18,1,5,1,
70,1,671,527,72,16,1,5,1,
70,2,704,377,49,20,1,5,1,
70,3,567,208,28,11,1,5,1,
70,4,350,241,50,14,1,5,1,
70,5,709,125,65,19,1,5,1,
70,6,748,250,12,8,1,5,1,
70,7,635,270,53,14,1,5,1,
70,8,691,143,28,16,1,5,1,
70,11,659,153,58,17,1,5,1,
70,12,350,510,17,31,1,5,1,
70,13,644,345,11,11,1,5,1,
70,15,474,276,51,12,1,5,1,
70,16,642,50,23,17,1,5,1,
70,17,748,286,67,22,1,5,1,
70,18,672,272,12,10,1,5,1,
70,19,681,208,16,18,1,5,1,
70,20,584,174,66,17,1,5,1,
71,1,679,526,71,17,1,5,1,
71,2,708,376,48,20,1,5,1,
71,3,570,209,27,11,1,5,1,
71,4,354,241,52,14,1,5,1,
71,5,717,125,64,20,1,5,1,
71,6,748,250,11,8,1,5,1,
71,7,641,270,53,14,1,5,1,
71,8,689,144,28,16,1,5,1,
71,11,666,153,58,18,1,5,1,
71,12,351,512,18,31,1,5,1,
71,13,644,345,12,11,1,5,1,
71,15,480,277,51,11,1,5,1,
71,16,645,52,22,17,1,5,1,
71,17,755,286,66,22,1,5,1,
71,18,673,272,12,10,1,5,1,
71,19,680,209,16,17,1,5,1,
71,20,590,174,66,17,1,5,1,
72,1,688,525,69,18,1,5,1,
72,2,713,375,46,20,1,5,1,
72,3,574,209,26,11,1,5,1,
72,4,360,240,51,15,1,5,1,
72,5,726,126,62,19,1,5,1,
72,6,747,251,11,7,1,5,1,
72,7,648,270,52,14,1,5,1,
72,11,674,154,56,17,1,5,1,
72,12,352,515,19,28,1,5,1,
72,13,644,344,12,11,1,5,1,
72,15,486,277,51,12,1,5,1,
72,16,647,54,21,16,1,5,1,
72,17,762,286,65,22,1,5,1,
72,18,674,272,12,10,1,5,1,
72,19,679,210,17,16,1,5,1,
72,20,596,174,66,17,1,5,1,
73,1,696,525,68,18,1,5,1,
73,2,718,374,45,20,1,5,1,
73,3,577,210,27,11,1,5,1,
73,4,366,240,50,15,1,5,1,
73,5,734,127,61,19,1,5,1,
73,6,746,251,12,7,1,5,1,
73,7,654,270,51,14,1,5,1,
73,11,680,155,56,17,1,5,1,
73,12,353,518,20,26,1,5,1,
73,13,644,343,12,11,1,5,1,
73,15,492,277,51,12,1,5,1,
73,16,650,55,20,17,1,5,1,
73,17,769,286,63,21,1,5,1,
73,18,675,272,11,10,1,5,1,
73,19,678,210,17,17,1,5,1,
73,20,602,174,66,18,1,5,1,
74,1,706,524,65,19,1,5,1,
74,2,724,373,42,20,1,5,1,
74,3,580,210,28,11,1,5,1,
74,4,372,240,50,14,1,5,1,
74,5,744,128,58,19,1,5,1,
74,6,746,251,10,8,1,5,1,
74,7,663,270,48,14,1,5,1,
74,11,690,155,52,17,1,5,1,
74,12,354,522,21,22,1,5,1,
74,13,644,343,12,11,1,5,1,
74,15,500,277,49,12,1,5,1,
74,16,653,57,18,17,1,5,1,
74,17,778,286,60,21,1,5,1,
74,18,676,271,11,11,1,5,1,
74,19,678,211,16,16,1,5,1,
74,20,610,174,63,18,1,5,1,
75,1,713,523,65,20,1,5,1,
75,2,728,372,40,20,1,5,1,
75,3,582,211,29,11,1,5,1,
75,4,377,240,51,14,1,5,1,
75,5,751,128,58,19,1,5,1,
75,6,745,251,10,8,1,5,1,
75,7,668,270,48,14,1,5,1,
75,11,696,156,53,17,1,5,1,
75,12,355,525,22,19,1,5,1,
75,13,644,342,12,11,1,5,1,
75,15,505,277,51,12,1,5,1,
75,16,655,59,17,16,1,5,1,
75,17,784,286,59,21,1,5,1,
75,18,676,271,12,11,1,5,1,
75,19,677,211,17,17,1,5,1,
75,20,615,175,64,17,1,5,1,
76,1,719,522,66,21,1,5,1,
76,2,731,372,40,19,1,5,1,
76,3,584,212,30,10,1,5,1,
76,4,381,239,53,15,1,5,1,
76,5,757,129,58,19,1,5,1,
76,6,744,251,11,8,1,5,1,
76,7,673,270,48,14,1,5,1,
76,11,701,156,54,17,1,5,1,
76,12,357,527,22,17,1,5,1,
76,13,644,342,12,10,1,5,1,
76,15,509,277,53,12,1,5,1,
76,16,656,60,17,17,1,5,1,
76,17,789,285,59,22,1,5,1,
76,18,677,271,11,10,1,5,1,
76,19,676,212,17,16,1,5,1,
76,20,620,175,64,17,1,5,1,
77,1,727,521,64,21,1,5,1,
77,2,735,371,39,19,1,5,1,
77,3,587,212,30,11,1,5,1,
77,4,386,239,55,15,1,5,1,
77,5,764,130,58,19,1,5,1,
77,6,743,251,11,8,1,5,1,
77,7,678,270,49,14,1,5,1,
77,11,707,157,53,17,1,5,1,
77,12,358,530,22,14,1,5,1,
77,13,643,341,13,11,1,5,1,
77,15,515,277,53,12,1,5,1,
77,16,658,62,16,17,1,5,1,
77,17,795,285,58,21,1,5,1,
77,18,678,271,11,10,1,5,1,
77,19,676,212,17,16,1,5,1,
77,20,626,175,63,18,1,5,1,
78,1,734,520,64,21,1,5,1,
78,2,739,370,38,19,1,5,1,
78,3,591,213,29,10,1,5,1,
78,4,391,239,56,15,1,5,1,
78,5,771,131,57,18,1,5,1,
78,6,743,252,10,7,1,5,1,
78,7,684,270,48,14,1,5,1,
78,11,713,158,53,16,1,5,1,
78,12,360,533,23,11,1,5,1,
78,13,643,340,12,11,1,5,1,
78,15,521,277,54,12,1,5,1,
78,16,660,64,15,16,1,5,1,
78,17,801,285,57,21,1,5,1,
78,18,678,272,11,9,1,5,1,
78,19,676,213,15,15,1,5,1,
78,20,631,176,64,17,1,5,1,
79,1,742,519,62,21,1,5,1,
79,2,743,369,36,19,1,5,1,
79,3,594,213,31,10,1,5,1,
79,4,396,239,58,15,1,5,1,
79,5,778,132,56,18,1,5,1,
79,6,742,252,11,7,1,5,1,
79,7,690,270,47,14,1,5,1,
79,11,720,158,52,17,1,5,1,
79,13,643,340,12,10,1,5,1,
79,15,527,277,55,12,1,5,1,
79,16,661,65,14,17,1,5,1,
79,17,807,285,56,21,1,5,1,
79,18,679,272,11,9,1,5,1,
79,19,676,214,16,14,1,5,1,
79,20,638,176,62,17,1,5,1,
80,1,750,518,60,21,1,5,1,
80,2,747,368,35,19,1,5,1,
80,3,597,213,33,10,1,5,1,
80,4,402,238,58,16,1,5,1,
80,5,786,132,55,19,1,5,1,
80,6,741,252,11,7,1,5,1,
80,7,696,270,46,14,1,5,1,
80,11,727,159,50,16,1,5,1,
80,13,642,339,13,11,1,5,1,
80,15,534,277,54,12,1,5,1,
80,16,663,67,13,17,1,5,1,
80,17,813,285,55,21,1,5,1,
80,18,680,272,11,9,1,5,1,
80,19,676,214,15,14,1,5,1,
80,20,644,176,61,17,1,5,1,
81,1,756,517,60,21,1,5,1,
81,2,750,368,34,18,1,5,1,
81,3,599,213,36,10,1,5,1,
81,4,408,238,59,16,1,5,1,
81,5,792,133,55,18,1,5,1,
81,6,741,252,10,8,1,5,1,
81,7,701,270,46,14,1,5,1,
81,11,733,159,48,17,1,5,1,
81,13,642,339,13,10,1,5,1,
81,15,540,277,55,12,1,5,1,
81,16,664,69,12,16,1,5,1,
81,17,819,285,53,20,1,5,1,
81,18,680,271,11,10,1,5,1,
81,19,675,214,16,14,1,5,1,
81,20,649,176,61,17,1,5,1,
82,1,763,516,59,20,1,5,1,
82,2,754,367,32,18,1,5,1,
82,3,603,213,38,10,1,5,1,
82,4,413,238,61,15,1,5,1,
82,5,799,134,53,18,1,5,1,
82,6,740,252,10,8,1,5,1,
82,7,707,270,44,14,1,5,1,
82,11,740,160,45,17,1,5,1,
82,13,642,338,12,10,1,5,1,
82,15,546,277,56,12,1,5,1,
82,16,666,70,11,17,1,5,1,
82,17,825,285,51,20,1,5,1,
82,18,681,271,11,10,1,5,1,
82,19,675,215,15,14,1,5,1,
82,20,655,177,61,16,1,5,1,
83,1,770,515,58,20,1,5,1,
83,2,757,366,31,19,1,5,1,
83,3,607,213,39,10,1,5,1,
83,4,419,237,62,16,1,5,1,
83,5,806,135,52,18,1,5,1,
83,6,739,252,11,8,1,5,1,
83,7,712,270,44,14,1,5,1,
83,11,745,161,45,16,1,5,1,
83,13,642,338,12,10,1,5,1,
83,15,552,277,56,12,1,5,1,
83,16,667,72,10,17,1,5,1,
83,17,830,285,50,20,1,5,1,
83,18,682,272,11,9,1,5,1,
83,19,674,215,16,14,1,5,1,
83,20,660,177,61,17,1,5,1,
84,1,776,514,58,20,1,5,1,
84,2,760,365,30,19,1,5,1,
84,3,611,213,39,10,1,5,1,
84,4,425,237,63,16,1,5,1,
84,5,812,136,51,18,1,5,1,
84,6,739,253,10,7,1,5,1,
84,7,717,270,44,14,1,5,1,
84,11,751,162,43,16,1,5,1,
84,13,641,337,13,10,1,5,1,
84,15,558,277,57,12,1,5,1,
84,16,668,74,9,16,1,5,1,
84,17,835,285,49,20,1,5,1,
84,18,683,272,10,9,1,5,1,
84,19,674,216,15,13,1,5,1,
84,20,665,177,61,17,1,5,1,
85,1,784,513,55,19,1,5,1,
85,2,764,364,28,19,1,5,1,
85,3,616,213,38,10,1,5,1,
85,4,431,237,64,16,1,5,1,
85,5,819,136,50,18,1,5,1,
85,6,738,253,10,7,1,5,1,
85,7,723,270,42,14,1,5,1,
85,11,757,162,42,17,1,5,1,
85,13,641,337,13,10,1,5,1,
85,15,565,277,57,13,1,5,1,
85,16,668,75,10,17,1,5,1,
85,17,841,284,48,20,1,5,1,
85,18,683,272,11,9,1,5,1,
85,19,673,216,15,14,1,5,1,
85,20,672,178,59,16,1,5,1,
86,1,790,512,55,19,1,5,1,
86,2,766,364,28,18,1,5,1,
86,3,620,213,37,10,1,5,1,
86,4,437,237,66,16,1,5,1,
86,5,825,137,49,18,1,5,1,
86,6,737,253,11,7,1,5,1,
86,7,728,270,42,14,1,5,1,
86,11,761,163,42,16,1,5,1,
86,13,640,336,14,10,1,5,1,
86,15,571,277,58,13,1,5,1,
86,16,668,77,10,16,1,5,1,
86,17,845,284,48,20,1,5,1,
86,18,683,272,11,9,1,5,1,
86,19,673,217,15,13,1,5,1,
86,20,677,178,59,16,1,5,1,
87,1,797,510,53,20,1,5,1,
87,2,769,363,27,18,1,5,1,
87,3,624,213,37,10,1,5,1,
87,4,444,236,67,17,1,5,1,
87,5,831,138,48,18,1,5,1,
87,6,736,253,11,7,1,5,1,
87,7,733,270,41,14,1,5,1,
87,11,767,164,40,16,1,5,1,
87,15,578,277,58,13,1,5,1,
87,16,669,79,8,16,1,5,1,
87,17,850,284,47,20,1,5,1,
87,18,683,272,11,9,1,5,1,
87,19,672,217,16,13,1,5,1,
87,20,682,178,58,17,1,5,1,
88,1,802,509,53,19,1,5,1,
88,2,772,362,26,18,1,5,1,
88,3,628,213,37,10,1,5,1,
88,4,449,236,69,17,1,5,1,
88,5,837,139,48,17,1,5,1,
88,6,735,253,11,7,1,5,1,
88,7,737,270,41,13,1,5,1,
88,11,771,165,40,16,1,5,1,
88,15,584,277,59,13,1,5,1,
88,16,668,80,9,17,1,5,1,
88,17,854,284,46,19,1,5,1,
88,18,683,272,11,9,1,5,1,
88,19,671,217,17,14,1,5,1,
88,20,687,179,58,16,1,5,1,
89,1,808,508,52,19,1,5,1,
89,2,774,361,26,18,1,5,1,
89,3,632,214,37,9,1,5,1,
89,4,456,236,70,16,1,5,1,
89,5,843,140,47,17,1,5,1,
89,6,734,253,12,7,1,5,1,
89,7,742,270,40,13,1,5,1,
89,11,775,165,41,16,1,5,1,
89,15,590,277,60,13,1,5,1,
89,16,668,82,9,16,1,5,1,
89,17,859,284,45,19,1,5,1,
89,18,683,272,10,9,1,5,1,
89,19,670,218,18,13,1,5,1,
89,20,692,179,58,16,1,5,1,
90,1,814,507,51,19,1,5,1,
90,2,777,361,24,17,1,5,1,
90,3,637,214,35,9,1,5,1,
90,4,463,236,71,16,1,5,1,
90,5,849,140,44,18,1,5,1,
90,6,733,254,12,6,1,5,1,
90,7,747,270,39,13,1,5,1,
90,11,780,166,40,16,1,5,1,
90,15,597,277,60,13,1,5,1,
90,16,668,83,8,17,1,5,1,
90,17,864,284,44,19,1,5,1,
90,18,683,272,10,9,1,5,1,
90,19,669,218,18,13,1,5,1,
90,20,698,179,57,17,1,5,1,
91,1,821,506,49,19,1,5,1,
91,2,780,360,23,17,1,5,1,
91,3,641,214,35,10,1,5,1,
91,4,470,235,72,17,1,5,1,
91,5,855,141,42,18,1,5,1,
91,6,732,254,12,7,1,5,1,
91,7,752,270,38,13,1,5,1,
91,11,785,167,39,15,1,5,1,
91,15,604,277,60,13,1,5,1,
91,16,667,85,9,16,1,5,1,
91,17,868,284,43,19,1,5,1,
91,18,683,272,10,9,1,5,1,
91,19,667,219,20,13,1,5,1,
91,20,703,180,56,16,1,5,1,
92,1,826,504,48,19,1,5,1,
92,2,782,359,23,17,1,5,1,
92,3,645,214,34,10,1,5,1,
92,4,476,235,75,17,1,5,1,
92,5,860,142,42,18,1,5,1,
92,7,756,270,38,13,1,5,1,
92,11,790,168,37,15,1,5,1,
92,15,611,277,60,13,1,5,1,
92,16,667,87,9,16,1,5,1,
92,17,873,284,42,19,1,5,1,
92,18,682,272,10,8,1,5,1,
92,20,708,180,56,16,1,5,1,
93,1,831,503,48,19,1,5,1,
93,2,784,358,22,17,1,5,1,
93,3,649,214,33,10,1,5,1,
93,4,483,235,76,17,1,5,1,
93,5,865,143,41,17,1,5,1,
93,7,760,270,38,13,1,5,1,
93,11,794,168,37,15,1,5,1,
93,15,617,277,61,13,1,5,1,
93,16,666,88,9,16,1,5,1,
93,17,877,284,41,18,1,5,1,
93,18,681,272,11,8,1,5,1,
93,20,713,180,55,16,1,5,1,
94,1,837,502,46,19,1,5,1,
94,2,786,358,21,16,1,5,1,
94,3,652,214,33,10,1,5,1,
94,4,490,234,78,18,1,5,1,
94,5,869,144,41,17,1,5,1,
94,7,765,270,37,13,1,5,1,
94,11,798,169,36,15,1,5,1,
94,15,623,277,62,13,1,5,1,
94,16,665,90,9,16,1,5,1,
94,17,881,284,40,18,1,5,1,
94,18,681,272,11,8,1,5,1,
94,20,717,181,55,16,1,5,1,
95,1,842,500,45,19,1,5,1,
95,2,788,357,20,17,1,5,1,
95,3,656,215,32,9,1,5,1,
95,4,497,234,80,18,1,5,1,
95,5,874,145,40,17,1,5,1,
95,7,769,270,36,13,1,5,1,
95,11,802,170,35,15,1,5,1,
95,15,630,277,62,13,1,5,1,
95,16,664,91,10,16,1,5,1,
95,17,885,284,39,18,1,5,1,
95,18,680,272,12,8,1,5,1,
95,20,722,181,55,16,1,5,1,
96,1,847,499,44,19,1,5,1,
96,2,790,356,20,17,1,5,1,
96,3,660,215,31,9,1,5,1,
96,4,503,234,82,17,1,5,1,
96,5,878,145,40,18,1,5,1,
96,7,773,270,36,13,1,5,1,
96,11,806,170,34,15,1,5,1,
96,15,636,277,63,13,1,5,1,
96,16,663,93,10,15,1,5,1,
96,17,889,283,38,19,1,5,1,
96,18,679,272,12,8,1,5,1,
96,20,726,181,56,16,1,5,1,
97,1,852,498,43,19,1,5,1,
97,2,791,356,20,16,1,5,1,
97,3,663,215,31,9,1,5,1,
97,4,512,234,83,17,1,5,1,
97,5,883,146,38,17,1,5,1,
97,7,778,270,33,12,1,5,1,
97,11,810,171,33,15,1,5,1,
97,15,644,277,62,13,1,5,1,
97,16,662,94,11,16,1,5,1,
97,17,893,283,36,18,1,5,1,
97,18,678,272,13,8,1,5,1,
97,20,731,181,55,16,1,5,1,
98,1,858,496,41,19,1,5,1,
98,2,792,355,19,16,1,5,1,
98,3,667,215,30,10,1,5,1,
98,4,520,233,84,18,1,5,1,
98,5,888,147,37,17,1,5,1,
98,7,782,269,32,13,1,5,1,
98,11,815,172,30,15,1,5,1,
98,15,651,277,62,13,1,5,1,
98,16,661,96,11,15,1,5,1,
98,17,897,283,35,18,1,5,1,
98,18,677,272,13,8,1,5,1,
98,20,737,182,53,15,1,5,1,
99,1,862,495,41,19,1,5,1,
99,2,793,354,19,16,1,5,1,
99,3,671,215,28,10,1,5,1,
99,4,527,233,86,18,1,5,1,
99,5,893,148,35,17,1,5,1,
99,7,786,269,31,13,1,5,1,
99,11,819,172,29,15,1,5,1,
99,15,658,277,61,13,1,5,1,
99,16,659,97,12,15,1,5,1,
99,17,900,283,36,18,1,5,1,
99,18,676,272,13,8,1,5,1,
99,20,742,182,52,15,1,5,1,
100,1,868,493,38,19,1,5,1,
100,2,794,353,19,16,1,5,1,
100,3,675,216,26,9,1,5,1,
100,4,537,233,86,19,1,5,1,
100,5,898,149,33,17,1,5,1,
100,7,790,269,30,13,1,5,1,
100,11,823,173,27,15,1,5,1,
100,15,666,277,60,13,1,5,1,
100,16,658,99,12,15,1,5,1,
100,17,904,283,35,18,1,5,1,
100,18,675,272,14,8,1,5,1,
100,20,748,182,49,16,1,5,1,
101,1,873,492,36,19,1,5,1,
101,2,795,352,19,16,1,5,1,
101,3,678,216,26,9,1,5,1,
101,4,545,234,88,19,1,5,1,
101,5,902,150,33,17,1,5,1,
101,7,793,269,30,13,1,5,1,
101,11,826,174,27,15,1,5,1,
101,15,673,277,59,13,1,5,1,
101,16,656,100,13,15,1,5,1,
101,17,907,283,34,17,1,5,1,
101,18,674,272,14,8,1,5,1,
101,20,753,183,48,15,1,5,1,
102,1,876,490,37,20,1,5,1,
102,2,796,352,18,15,1,5,1,
102,3,681,216,25,9,1,5,1,
102,4,552,234,90,19,1,5,1,
102,5,905,151,33,16,1,5,1,
102,7,795,269,31,13,1,5,1,
102,11,829,175,26,14,1,5,1,
102,15,679,277,60,13,1,5,1,
102,16,655,102,13,14,1,5,1,
102,17,910,283,34,17,1,5,1,
102,18,673,272,14,8,1,5,1,
102,20,757,183,48,15,1,5,1,
103,1,881,489,35,19,1,5,1,
103,2,797,351,18,16,1,5,1,
103,3,684,217,25,9,1,5,1,
103,4,562,234,90,19,1,5,1,
103,5,910,152,31,16,1,5,1,
103,7,799,269,30,13,1,5,1,
103,11,832,175,25,15,1,5,1,
103,15,686,277,59,13,1,5,1,
103,16,653,103,14,15,1,5,1,
103,17,914,283,32,17,1,5,1,
103,18,673,272,11,8,1,5,1,
103,20,762,184,47,14,1,5,1,
104,1,885,488,34,19,1,5,1,
104,2,797,350,19,16,1,5,1,
104,3,687,217,24,9,1,5,1,
104,4,571,234,91,19,1,5,1,
104,5,913,153,31,16,1,5,1,
104,7,803,269,28,12,1,5,1,
104,11,836,176,23,15,1,5,1,
104,15,693,277,59,13,1,5,1,
104,16,651,105,15,14,1,5,1,
104,17,917,283,32,17,1,5,1,
104,18,673,272,9,8,1,5,1,
104,20,766,184,46,15,1,5,1,
105,1,890,486,32,19,1,5,1,
105,2,798,350,18,15,1,5,1,
105,3,689,217,25,9,1,5,1,
105,4,580,234,92,19,1,5,1,
105,5,917,154,29,16,1,5,1,
105,7,806,269,29,12,1,5,1,
105,11,838,177,23,14,1,5,1,
105,15,700,277,58,13,1,5,1,
105,16,649,106,16,14,1,5,1,
105,17,921,283,30,17,1,5,1,
105,18,674,272,9,7,1,5,1,
105,20,770,184,46,15,1,5,1,
106,1,893,485,32,19,1,5,1,
106,2,799,349,18,15,1,5,1,
106,3,692,217,25,9,1,5,1,
106,4,588,233,95,20,1,5,1,
106,5,921,154,28,17,1,5,1,
106,7,809,269,29,12,1,5,1,
106,11,841,178,23,14,1,5,1,
106,15,706,277,59,13,1,5,1,
106,16,647,107,16,14,1,5,1,
106,17,924,283,31,16,1,5,1,
106,18,676,272,8,7,1,5,1,
106,20,774,185,46,14,1,5,1,
107,1,898,483,30,19,1,5,1,
107,2,799,348,18,15,1,5,1,
107,3,695,218,24,8,1,5,1,
107,4,599,233,94,20,1,5,1,
107,5,925,155,27,16,1,5,1,
107,7,812,269,29,12,1,5,1,
107,11,844,178,22,14,1,5,1,
107,15,714,277,57,13,1,5,1,
107,16,645,109,16,13,1,5,1,
107,17,927,282,30,17,1,5,1,
107,18,676,272,10,7,1,5,1,
107,20,779,185,44,15,1,5,1,
108,1,901,482,30,18,1,5,1,
108,2,800,348,18,15,1,5,1,
108,3,697,218,25,9,1,5,1,
108,4,607,233,97,19,1,5,1,
108,5,928,156,27,16,1,5,1,
108,7,815,269,29,12,1,5,1,
108,11,846,179,22,14,1,5,1,
108,15,720,277,57,13,1,5,1,
108,16,643,110,17,13,1,5,1,
108,17,929,282,30,17,1,5,1,
108,18,676,272,11,7,1,5,1,
108,20,783,186,44,14,1,5,1,
109,1,905,480,28,19,1,5,1,
109,2,801,347,18,15,1,5,1,
109,3,700,218,24,9,1,5,1,
109,4,617,232,97,20,1,5,1,
109,5,931,157,26,16,1,5,1,
109,7,819,269,28,12,1,5,1,
109,11,849,180,22,14,1,5,1,
109,15,728,277,55,13,1,5,1,
109,16,640,112,18,12,1,5,1,
109,17,932,282,28,17,1,5,1,
109,20,788,186,42,14,1,5,1,
110,1,909,478,25,20,1,5,1,
110,2,801,346,18,15,1,5,1,
110,3,702,218,25,9,1,5,1,
110,4,625,232,100,20,1,5,1,
110,5,934,158,25,15,1,5,1,
110,7,821,270,28,11,1,5,1,
110,11,850,181,25,13,1,5,1,
110,15,733,277,57,13,1,5,1,
110,16,638,113,19,12,1,5,1,
110,17,935,282,25,17,1,5,1,
110,20,791,186,43,15,1,5,1,
111,1,913,475,21,22,1,5,1,
111,2,801,345,17,15,1,5,1,
111,3,705,219,24,8,1,5,1,
111,4,634,232,102,20,1,5,1,
111,5,937,159,23,15,1,5,1,
111,7,825,270,27,11,1,5,1,
111,11,852,181,27,13,1,5,1,
111,15,739,277,57,13,1,5,1,
111,16,635,114,20,13,1,5,1,
111,17,937,282,23,16,1,5,1,
111,20,795,187,42,14,1,5,1,
112,1,916,473,19,22,1,5,1,
112,2,801,345,18,15,1,5,1,
112,3,707,219,24,8,1,5,1,
112,4,643,232,104,20,1,5,1,
112,5,939,160,21,15,1,5,1,
112,7,827,270,28,11,1,5,1,
112,11,854,182,29,12,1,5,1,
112,15,745,277,57,13,1,5,1,
112,17,940,282,20,16,1,5,1,
112,20,798,187,43,14,1,5,1,
113,1,917,471,20,22,1,5,1,
113,2,802,344,17,15,1,5,1,
113,3,710,219,23,9,1,5,1,
113,4,652,231,106,21,1,5,1,
113,5,942,160,18,15,1,5,1,
113,7,830,270,28,11,1,5,1,
113,11,856,183,30,12,1,5,1,
113,15,751,278,57,12,1,5,1,
113,17,943,283,17,15,1,5,1,
113,20,802,187,42,15,1,5,1,
114,1,919,470,19,21,1,5,1,
114,2,802,344,17,14,1,5,1,
114,3,712,219,23,9,1,5,1,
114,4,661,231,108,21,1,5,1,
114,5,945,161,15,15,1,5,1,
114,7,833,270,27,11,1,5,1,
114,11,860,183,29,12,1,5,1,
114,15,757,278,57,12,1,5,1,
114,17,945,285,15,13,1,5,1,
114,20,805,188,40,14,1,5,1,
115,1,921,468,19,21,1,5,1,
115,2,802,343,18,14,1,5,1,
115,3,715,220,22,8,1,5,1,
115,4,672,231,108,20,1,5,1,
115,5,948,162,12,15,1,5,1,
115,7,836,270,26,11,1,5,1,
115,11,864,184,26,12,1,5,1,
115,15,764,277,55,13,1,5,1,
115,17,949,286,11,9,1,5,1,
115,20,811,188,35,15,1,5,1,
116,1,922,467,19,20,1,5,1,
116,2,802,343,18,14,1,5,1,
116,3,718,220,21,8,1,5,1,
116,4,681,230,111,21,1,5,1,
116,5,950,163,10,11,1,5,1,
116,7,839,270,25,11,1,5,1,
116,11,868,184,22,12,1,5,1,
116,15,770,277,55,13,1,5,1,
116,20,815,189,32,15,1,5,1,
117,1,923,465,19,20,1,5,1,
117,2,802,342,18,14,1,5,1,
117,3,720,220,20,9,1,5,1,
117,4,690,230,113,21,1,5,1,
117,7,842,270,25,11,1,5,1,
117,11,872,185,19,12,1,5,1,
117,15,775,277,56,12,1,5,1,
117,20,818,189,31,16,1,5,1,
118,1,925,463,19,21,1,5,1,
118,2,802,341,17,14,1,5,1,
118,3,722,220,18,9,1,5,1,
118,4,699,230,116,21,1,5,1,
118,7,845,269,24,12,1,5,1,
118,11,874,185,20,12,1,5,1,
118,15,781,277,56,12,1,5,1,
118,20,821,190,30,15,1,5,1,
119,1,926,462,19,20,1,5,1,
119,2,802,340,17,15,1,5,1,
119,3,724,221,17,8,1,5,1,
119,4,709,230,117,21,1,5,1,
119,7,847,270,24,10,1,5,1,
119,11,875,186,24,12,1,5,1,
119,15,786,277,57,12,1,5,1,
119,20,822,190,32,16,1,5,1,
120,1,927,460,19,21,1,5,1,
120,2,800,338,18,16,1,5,1,
120,3,726,221,16,8,1,5,1,
120,4,718,230,120,21,1,5,1,
120,7,849,270,25,11,1,5,1,
120,11,876,186,25,12,1,5,1,
120,15,791,277,58,12,1,5,1,
120,20,824,191,32,15,1,5,1,
121,1,928,459,19,20,1,5,1,
121,2,799,337,18,16,1,5,1,
121,3,729,221,14,9,1,5,1,
121,4,729,229,120,22,1,5,1,
121,7,850,270,26,12,1,5,1,
121,11,878,187,25,12,1,5,1,
121,15,796,276,59,13,1,5,1,
121,20,826,192,31,15,1,5,1,
122,1,929,457,18,20,1,5,1,
122,2,798,336,19,17,1,5,1,
122,3,730,221,14,9,1,5,1,
122,4,739,229,122,21,1,5,1,
122,7,852,270,26,12,1,5,1,
122,11,880,188,26,11,1,5,1,
122,15,801,276,59,13,1,5,1,
122,20,828,192,31,15,1,5,1,
123,1,930,455,18,21,1,5,1,
123,2,796,335,20,17,1,5,1,
123,3,732,222,13,8,1,5,1,
123,4,750,229,123,21,1,5,1,
123,7,853,271,28,11,1,5,1,
123,11,883,188,25,12,1,5,1,
123,15,807,276,59,12,1,5,1,
123,20,831,193,30,15,1,5,1,
124,1,930,454,19,20,1,5,1,
124,2,795,335,20,16,1,5,1,
124,3,734,222,12,8,1,5,1,
124,4,761,229,124,21,1,5,1,
124,7,855,271,28,11,1,5,1,
124,11,886,189,24,11,1,5,1,
124,15,813,276,59,12,1,5,1,
124,20,833,193,30,15,1,5,1,
125,1,931,452,18,20,1,5,1,
125,2,794,334,20,15,1,5,1,
125,3,735,222,12,9,1,5,1,
125,4,773,228,123,22,1,5,1,
125,7,857,271,28,11,1,5,1,
125,11,889,189,22,11,1,5,1,
125,15,819,276,58,12,1,5,1,
125,20,836,194,28,14,1,5,1,
126,1,932,451,18,20,1,5,1,
126,2,793,334,20,15,1,5,1,
126,3,736,223,12,8,1,5,1,
126,4,782,228,126,22,1,5,1,
126,7,859,271,28,11,1,5,1,
126,11,891,190,22,11,1,5,1,
126,15,825,276,57,12,1,5,1,
126,20,838,194,28,15,1,5,1,
127,1,932,449,18,20,1,5,1,
127,2,792,334,19,14,1,5,1,
127,3,738,223,11,8,1,5,1,
127,4,795,228,125,22,1,5,1,
127,7,862,271,28,11,1,5,1,
127,11,894,190,21,11,1,5,1,
127,15,831,276,57,12,1,5,1,
127,20,841,195,27,14,1,5,1,
128,1,933,448,17,19,1,5,1,
128,2,791,334,20,13,1,5,1,
128,3,739,223,10,8,1,5,1,
128,4,805,228,127,22,1,5,1,
128,7,864,271,28,11,1,5,1,
128,11,896,191,21,11,1,5,1,
128,15,837,276,56,12,1,5,1,
128,20,843,195,26,14,1,5,1,
129,1,933,446,18,20,1,5,1,
129,2,791,334,19,13,1,5,1,
129,3,740,224,9,8,1,5,1,
129,4,816,228,128,22,1,5,1,
129,7,866,271,28,10,1,5,1,
129,11,898,191,21,11,1,5,1,
129,15,842,276,56,12,1,5,1,
129,20,845,195,26,15,1,5,1,
130,1,933,445,18,19,1,5,1,
130,2,790,333,18,14,1,5,1,
130,3,740,224,9,8,1,5,1,
130,4,826,228,129,22,1,5,1,
130,7,869,271,26,10,1,5,1,
130,11,900,192,21,11,1,5,1,
130,15,848,276,55,12,1,5,1,
130,20,847,196,25,14,1,5,1,
131,1,933,443,18,20,1,5,1,
131,2,790,333,17,13,1,5,1,
131,3,740,224,9,8,1,5,1,
131,4,840,227,119,23,1,5,1,
131,7,872,271,25,10,1,5,1,
131,11,903,192,19,11,1,5,1,
131,15,854,276,54,12,1,5,1,
131,20,849,196,24,15,1,5,1,
132,1,934,442,17,17,1,5,1,
132,2,789,332,16,13,1,5,1,
132,3,740,225,9,8,1,5,1,
132,4,866,227,94,22,1,5,1,
132,7,877,271,22,10,1,5,1,
132,11,908,193,16,11,1,5,1,
132,15,868,276,44,12,1,5,1,
132,20,855,197,20,14,1,5,1,
133,1,934,441,17,16,1,5,1,
133,2,788,332,16,13,1,5,1,
133,3,739,225,9,8,1,5,1,
133,4,881,227,79,22,1,5,1,
133,7,881,271,20,10,1,5,1,
133,11,911,193,15,11,1,5,1,
133,15,875,276,42,12,1,5,1,
133,20,857,197,19,14,1,5,1,
134,1,934,439,17,17,1,5,1,
134,2,788,331,15,13,1,5,1,
134,4,887,227,73,22,1,5,1,
134,7,882,271,20,10,1,5,1,
134,11,912,194,15,11,1,5,1,
134,15,877,276,45,12,1,5,1,
134,20,858,198,19,14,1,5,1,
135,1,934,438,17,17,1,5,1,
135,2,787,331,16,13,1,5,1,
135,4,899,227,61,20,1,5,1,
135,7,884,271,20,10,1,5,1,
135,11,913,194,15,11,1,5,1,
135,15,883,276,43,12,1,5,1,
135,20,860,198,19,14,1,5,1,
136,1,933,436,17,17,1,5,1,
136,2,786,331,16,12,1,5,1,
136,4,912,227,48,17,1,5,1,
136,7,887,271,17,10,1,5,1,
136,11,915,195,15,10,1,5,1,
136,15,889,276,41,12,1,5,1,
136,20,862,199,18,14,1,5,1,
137,1,933,435,17,16,1,5,1,
137,2,785,330,17,13,1,5,1,
137,4,923,230,37,10,1,5,1,
137,7,889,271,15,11,1,5,1,
137,11,916,195,15,11,1,5,1,
137,15,893,276,41,12,1,5,1,
137,20,863,199,17,14,1,5,1,
138,1,933,434,17,17,1,5,1,
138,2,782,330,21,12,1,5,1,
138,7,890,272,15,10,1,5,1,
138,11,917,196,15,10,1,5,1,
138,15,896,276,42,12,1,5,1,
138,20,864,199,17,14,1,5,1,
139,1,933,432,16,18,1,5,1,
139,2,778,330,25,12,1,5,1,
139,7,891,272,14,10,1,5,1,
139,11,918,196,15,11,1,5,1,
139,15,899,276,43,12,1,5,1,
139,20,865,200,17,14,1,5,1,
140,1,932,431,17,18,1,5,1,
140,2,774,329,30,12,1,5,1,
140,7,892,272,14,10,1,5,1,
140,11,919,196,15,11,1,5,1,
140,15,902,276,44,12,1,5,1,
140,20,866,200,17,14,1,5,1,
141,1,932,430,16,18,1,5,1,
141,2,770,329,35,12,1,5,1,
141,7,893,272,13,10,1,5,1,
141,11,920,197,14,11,1,5,1,
141,15,906,276,43,12,1,5,1,
141,20,867,201,17,14,1,5,1,
142,1,931,428,17,19,1,5,1,
142,2,765,328,40,12,1,5,1,
142,7,893,272,14,10,1,5,1,
142,11,921,197,14,11,1,5,1,
142,15,909,276,44,12,1,5,1,
142,20,867,201,17,14,1,5,1,
143,1,931,427,16,18,1,5,1,
143,2,760,328,46,12,1,5,1,
143,7,894,272,13,10,1,5,1,
143,11,922,198,14,11,1,5,1,
143,15,913,276,44,12,1,5,1,
143,20,868,202,17,13,1,5,1,
144,1,930,426,16,18,1,5,1,
144,2,756,328,50,11,1,5,1,
144,7,894,272,14,10,1,5,1,
144,11,923,198,14,11,1,5,1,
144,15,916,276,43,12,1,5,1,
144,20,869,202,17,14,1,5,1,
145,1,930,424,15,19,1,5,1,
145,2,751,327,54,12,1,5,1,
145,7,895,272,13,10,1,5,1,
145,11,923,199,14,10,1,5,1,
145,15,920,276,40,12,1,5,1,
145,20,870,203,16,13,1,5,1,
146,1,929,423,16,19,1,5,1,
146,2,747,327,58,11,1,5,1,
146,7,896,272,12,10,1,5,1,
146,11,924,199,14,11,1,5,1,
146,15,924,276,36,11,1,5,1,
146,20,871,203,16,13,1,5,1,
147,1,928,422,16,18,1,5,1,
147,2,742,326,62,12,1,5,1,
147,7,896,272,13,9,1,5,1,
147,11,925,200,14,10,1,5,1,
147,15,928,276,32,11,1,5,1,
147,20,871,204,16,13,1,5,1,
148,1,928,421,16,18,1,5,1,
148,2,738,326,64,12,1,5,1,
148,7,897,272,12,9,1,5,1,
148,11,925,200,14,11,1,5,1,
148,15,933,276,27,11,1,5,1,
148,20,872,204,16,13,1,5,1,
149,1,927,419,16,18,1,5,1,
149,2,734,326,65,11,1,5,1,
149,7,897,272,12,9,1,5,1,
149,11,926,201,14,10,1,5,1,
149,15,936,277,24,10,1,5,1,
149,20,872,205,16,12,1,5,1,
150,1,926,418,17,18,1,5,1,
150,7,897,272,12,9,1,5,1,
150,11,925,201,14,10,1,5,1,
150,15,940,277,20,9,1,5,1,
150,20,873,205,15,13,1,5,1,
