1,1,717,199,52,16,1,5,1,
1,2,807,90,57,38,1,5,1,
1,3,285,221,156,42,1,5,1,
1,4,0,132,77,19,1,5,1,
1,5,328,427,50,23,1,5,1,
1,6,392,403,106,25,1,5,1,
1,7,840,150,73,24,1,5,1,
1,8,636,243,30,12,1,5,1,
1,9,506,264,101,24,1,5,1,
1,10,169,414,146,37,1,5,1,
1,11,889,0,25,16,1,5,1,
1,12,838,46,100,24,1,5,1,
1,13,204,396,43,65,1,5,1,
1,14,806,410,47,44,1,5,1,
1,15,538,430,79,29,1,5,1,
1,16,740,405,111,54,1,5,1,
1,17,652,0,80,15,1,5,1,
1,18,215,353,117,30,1,5,1,
1,19,102,181,46,24,1,5,1,
1,20,778,352,75,74,1,5,1,
2,1,708,199,59,15,1,5,1,
2,2,807,93,45,37,1,5,1,
2,3,302,224,150,42,1,5,1,
2,4,3,133,85,19,1,5,1,
2,5,334,426,51,21,1,5,1,
2,6,387,401,101,26,1,5,1,
2,7,837,153,60,23,1,5,1,
2,8,643,244,23,11,1,5,1,
2,9,520,264,91,24,1,5,1,
2,10,165,412,131,36,1,5,1,
2,11,884,0,33,21,1,5,1,
2,12,847,44,100,23,1,5,1,
2,13,204,401,44,63,1,5,1,
2,14,805,412,58,47,1,5,1,
2,15,537,427,67,31,1,5,1,
2,16,742,402,81,51,1,5,1,
2,17,642,0,72,22,1,5,1,
2,18,228,352,116,28,1,5,1,
2,19,102,181,34,25,1,5,1,
2,20,771,354,104,81,1,5,1,
3,1,700,199,63,15,1,5,1,
3,2,807,96,34,36,1,5,1,
3,3,317,226,148,42,1,5,1,
3,4,13,133,86,19,1,5,1,
3,5,341,424,52,20,1,5,1,
3,6,382,399,95,27,1,5,1,
3,7,834,156,50,21,1,5,1,
3,8,650,244,16,12,1,5,1,
3,9,533,263,81,24,1,5,1,
3,10,164,411,112,35,1,5,1,
3,11,880,0,34,26,1,5,1,
3,12,857,43,98,21,1,5,1,
3,13,206,406,45,60,1,5,1,
3,14,804,413,70,51,1,5,1,
3,15,537,424,55,32,1,5,1,
3,16,740,399,60,47,1,5,1,
3,17,633,0,78,29,1,5,1,
3,18,241,350,115,28,1,5,1,
3,19,102,181,29,26,1,5,1,
3,20,765,355,136,88,1,5,1,
4,1,691,199,69,15,1,5,1,
4,2,805,99,28,34,1,5,1,
4,3,328,228,151,41,1,5,1,
4,4,20,134,91,19,1,5,1,
4,5,346,423,55,18,1,5,1,
4,6,379,396,90,29,1,5,1,
4,7,832,158,44,21,1,5,1,
4,8,653,244,13,12,1,5,1,
4,9,543,263,73,24,1,5,1,
4,10,164,409,97,36,1,5,1,
4,11,871,0,43,32,1,5,1,
4,12,865,42,94,20,1,5,1,
4,13,210,410,45,58,1,5,1,
4,14,804,414,81,56,1,5,1,
4,15,537,421,46,33,1,5,1,
4,16,739,397,47,44,1,5,1,
4,17,626,0,77,36,1,5,1,
4,18,251,349,117,27,1,5,1,
4,19,104,182,28,27,1,5,1,
4,20,761,358,169,92,1,5,1,
5,1,683,199,71,15,1,5,1,
5,2,805,102,22,32,1,5,1,
5,3,340,231,154,39,1,5,1,
5,4,28,134,93,20,1,5,1,
5,5,351,422,58,17,1,5,1,
5,6,377,394,82,29,1,5,1,
5,7,830,159,38,21,1,5,1,
5,8,653,245,13,12,1,5,1,
5,9,554,263,63,23,1,5,1,
5,10,166,407,80,36,1,5,1,
5,11,866,0,44,36,1,5,1,
5,12,875,41,85,20,1,5,1,
5,13,206,413,57,56,1,5,1,
5,14,806,417,91,58,1,5,1,
5,15,538,419,37,33,1,5,1,
5,16,740,395,40,40,1,5,1,
5,17,620,0,72,43,1,5,1,
5,18,263,349,117,26,1,5,1,
5,19,108,182,26,28,1,5,1,
5,20,760,361,199,96,1,5,1,
6,1,675,199,73,16,1,5,1,
6,2,804,105,21,30,1,5,1,
6,3,353,232,156,39,1,5,1,
6,4,37,134,95,21,1,5,1,
6,5,357,421,60,15,1,5,1,
6,6,375,392,74,29,1,5,1,
6,7,829,161,31,21,1,5,1,
6,8,652,245,14,12,1,5,1,
6,9,564,263,52,23,1,5,1,
6,10,166,404,65,37,1,5,1,
6,11,864,0,41,40,1,5,1,
6,12,885,41,75,20,1,5,1,
6,13,201,417,77,53,1,5,1,
6,14,809,419,100,61,1,5,1,
6,15,537,416,30,33,1,5,1,
6,16,743,393,39,37,1,5,1,
6,17,616,0,69,50,1,5,1,
6,18,275,348,116,26,1,5,1,
6,19,108,183,30,29,1,5,1,
6,20,761,365,199,94,1,5,1,
7,1,667,200,74,15,1,5,1,
7,2,803,107,21,30,1,5,1,
7,3,368,233,155,38,1,5,1,
7,4,48,134,93,22,1,5,1,
7,5,364,420,61,15,1,5,1,
7,6,375,390,64,30,1,5,1,
7,7,826,163,27,20,1,5,1,
7,8,651,246,14,12,1,5,1,
7,9,572,264,46,23,1,5,1,
7,10,165,402,52,37,1,5,1,
7,11,861,0,39,44,1,5,1,
7,12,895,41,65,20,1,5,1,
7,13,197,421,97,50,1,5,1,
7,14,813,423,108,62,1,5,1,
7,15,537,414,24,32,1,5,1,
7,16,747,391,37,35,1,5,1,
7,17,613,0,64,57,1,5,1,
7,18,288,348,114,26,1,5,1,
7,19,104,183,42,30,1,5,1,
7,20,764,369,196,88,1,5,1,
8,1,660,200,72,16,1,5,1,
8,2,802,109,21,29,1,5,1,
8,3,384,233,151,38,1,5,1,
8,4,60,135,91,22,1,5,1,
8,5,372,420,60,14,1,5,1,
8,6,375,388,52,29,1,5,1,
8,7,824,165,21,19,1,5,1,
8,8,649,247,18,11,1,5,1,
8,9,576,264,47,23,1,5,1,
8,10,166,399,40,37,1,5,1,
8,11,858,0,40,48,1,5,1,
8,12,907,40,53,21,1,5,1,
8,13,195,424,116,47,1,5,1,
8,14,819,427,114,62,1,5,1,
8,15,538,412,21,30,1,5,1,
8,16,745,390,46,34,1,5,1,
8,17,611,0,59,63,1,5,1,
8,18,302,348,110,25,1,5,1,
8,19,102,185,51,30,1,5,1,
8,20,771,374,189,80,1,5,1,
9,1,654,200,69,18,1,5,1,
9,2,801,111,20,29,1,5,1,
9,3,397,233,150,38,1,5,1,
9,4,71,136,90,22,1,5,1,
9,5,379,419,61,15,1,5,1,
9,6,377,385,41,31,1,5,1,
9,7,823,167,18,18,1,5,1,
9,8,645,247,23,11,1,5,1,
9,9,578,264,51,23,1,5,1,
9,10,168,396,39,38,1,5,1,
9,11,856,0,39,51,1,5,1,
9,12,918,40,42,21,1,5,1,
9,13,195,428,132,44,1,5,1,
9,14,826,432,119,61,1,5,1,
9,15,540,410,20,29,1,5,1,
9,16,742,389,59,32,1,5,1,
9,17,611,0,54,69,1,5,1,
9,18,313,348,110,25,1,5,1,
9,19,102,186,59,30,1,5,1,
9,20,780,379,180,81,1,5,1,
10,1,648,200,67,19,1,5,1,
10,2,800,113,20,28,1,5,1,
10,3,409,233,150,38,1,5,1,
10,4,81,137,89,22,1,5,1,
10,5,385,419,63,15,1,5,1,
10,6,376,383,35,32,1,5,1,
10,7,822,168,17,18,1,5,1,
10,8,642,247,25,11,1,5,1,
10,9,581,264,53,22,1,5,1,
10,10,172,393,38,40,1,5,1,
10,11,854,0,34,54,1,5,1,
10,12,927,40,33,22,1,5,1,
10,13,197,430,147,43,1,5,1,
10,14,832,437,124,59,1,5,1,
10,15,543,408,19,28,1,5,1,
10,16,740,389,73,31,1,5,1,
10,17,611,0,47,75,1,5,1,
10,18,322,347,111,26,1,5,1,
10,19,102,187,67,30,1,5,1,
10,20,790,384,170,69,1,5,1,
11,1,643,200,63,20,1,5,1,
11,2,799,114,21,28,1,5,1,
11,3,423,233,151,37,1,5,1,
11,4,93,139,87,21,1,5,1,
11,5,394,419,61,15,1,5,1,
11,6,376,381,27,32,1,5,1,
11,7,821,170,17,17,1,5,1,
11,8,641,248,23,10,1,5,1,
11,9,586,264,52,22,1,5,1,
11,10,175,390,38,41,1,5,1,
11,11,854,6,28,51,1,5,1,
11,12,937,39,23,25,1,5,1,
11,13,201,430,159,43,1,5,1,
11,14,841,442,118,55,1,5,1,
11,15,542,407,25,25,1,5,1,
11,16,744,388,77,30,1,5,1,
11,17,610,2,37,78,1,5,1,
11,18,333,347,110,25,1,5,1,
11,19,104,189,73,29,1,5,1,
11,20,806,389,154,65,1,5,1,
12,1,639,201,58,21,1,5,1,
12,2,798,116,22,28,1,5,1,
12,3,437,233,152,37,1,5,1,
12,4,103,140,85,21,1,5,1,
12,5,401,419,61,15,1,5,1,
12,6,377,379,24,32,1,5,1,
12,7,820,171,17,17,1,5,1,
12,8,639,248,22,10,1,5,1,
12,9,593,264,47,22,1,5,1,
12,10,170,387,52,43,1,5,1,
12,11,854,12,28,47,1,5,1,
12,12,945,38,15,27,1,5,1,
12,13,208,430,167,42,1,5,1,
12,14,851,448,109,49,1,5,1,
12,15,540,406,33,23,1,5,1,
12,16,751,387,75,30,1,5,1,
12,17,609,10,28,74,1,5,1,
12,18,345,347,109,25,1,5,1,
12,19,107,190,78,29,1,5,1,
12,20,824,395,136,60,1,5,1,
13,1,636,202,52,21,1,5,1,
13,2,797,117,23,28,1,5,1,
13,3,451,232,153,37,1,5,1,
13,4,114,141,83,21,1,5,1,
13,5,410,419,59,16,1,5,1,
13,6,379,377,23,31,1,5,1,
13,7,819,173,16,16,1,5,1,
13,8,638,248,19,10,1,5,1,
13,9,596,264,51,22,1,5,1,
13,10,167,384,64,43,1,5,1,
13,11,855,17,28,45,1,5,1,
13,13,217,430,172,41,1,5,1,
13,14,862,453,98,42,1,5,1,
13,15,539,405,40,22,1,5,1,
13,16,757,386,76,29,1,5,1,
13,17,609,18,24,70,1,5,1,
13,18,356,347,108,25,1,5,1,
13,19,111,192,82,28,1,5,1,
13,20,846,400,114,54,1,5,1,
14,1,634,203,46,22,1,5,1,
14,2,795,118,24,28,1,5,1,
14,3,464,231,156,36,1,5,1,
14,4,123,142,83,21,1,5,1,
14,5,417,420,59,16,1,5,1,
14,6,382,375,22,30,1,5,1,
14,7,818,174,16,16,1,5,1,
14,8,637,248,18,10,1,5,1,
14,9,597,265,58,21,1,5,1,
14,10,166,381,75,43,1,5,1,
14,11,856,21,27,44,1,5,1,
14,13,229,430,173,41,1,5,1,
14,14,873,459,87,38,1,5,1,
14,15,541,404,43,20,1,5,1,
14,16,764,385,74,29,1,5,1,
14,17,610,26,24,65,1,5,1,
14,18,366,347,108,25,1,5,1,
14,19,115,194,85,27,1,5,1,
15,1,633,204,39,22,1,5,1,
15,2,793,120,26,27,1,5,1,
15,3,477,231,158,35,1,5,1,
15,4,133,144,82,20,1,5,1,
15,5,424,420,59,17,1,5,1,
15,6,382,374,26,29,1,5,1,
15,7,818,175,16,16,1,5,1,
15,8,636,249,16,10,1,5,1,
15,9,599,265,65,21,1,5,1,
15,10,166,379,86,43,1,5,1,
15,11,856,25,27,42,1,5,1,
15,13,243,430,172,41,1,5,1,
15,14,885,464,75,34,1,5,1,
15,15,544,402,44,20,1,5,1,
15,16,768,384,81,29,1,5,1,
15,17,613,34,22,60,1,5,1,
15,18,376,347,109,25,1,5,1,
15,19,120,196,88,26,1,5,1,
16,1,632,206,32,21,1,5,1,
16,2,792,122,25,26,1,5,1,
16,3,490,230,160,36,1,5,1,
16,4,143,145,81,19,1,5,1,
16,5,430,421,60,17,1,5,1,
16,6,379,372,36,28,1,5,1,
16,7,817,177,16,15,1,5,1,
16,8,635,249,15,10,1,5,1,
16,9,602,265,69,21,1,5,1,
16,10,168,376,94,42,1,5,1,
16,11,857,28,27,41,1,5,1,
16,13,257,429,172,41,1,5,1,
16,14,897,469,63,23,1,5,1,
16,15,548,401,44,20,1,5,1,
16,16,774,383,80,29,1,5,1,
16,17,609,42,30,55,1,5,1,
16,18,387,347,108,25,1,5,1,
16,19,127,198,88,24,1,5,1,
17,1,632,207,25,21,1,5,1,
17,2,790,123,25,27,1,5,1,
17,3,502,230,161,37,1,5,1,
17,4,153,146,79,19,1,5,1,
17,5,437,422,60,17,1,5,1,
17,6,377,371,44,26,1,5,1,
17,7,817,178,15,15,1,5,1,
17,8,634,249,13,10,1,5,1,
17,9,607,265,70,21,1,5,1,
17,10,171,374,101,41,1,5,1,
17,11,859,32,26,39,1,5,1,
17,13,271,429,171,40,1,5,1,
17,14,910,473,50,19,1,5,1,
17,15,551,400,45,20,1,5,1,
17,16,781,382,78,29,1,5,1,
17,17,606,49,40,49,1,5,1,
17,18,397,347,108,25,1,5,1,
17,19,133,199,89,24,1,5,1,
18,1,631,209,21,21,1,5,1,
18,2,789,125,25,26,1,5,1,
18,3,513,230,162,38,1,5,1,
18,4,162,148,78,18,1,5,1,
18,5,443,423,62,17,1,5,1,
18,6,377,370,51,25,1,5,1,
18,7,817,179,15,15,1,5,1,
18,8,632,249,15,10,1,5,1,
18,9,613,265,69,21,1,5,1,
18,10,176,372,107,39,1,5,1,
18,11,859,34,27,40,1,5,1,
18,13,285,428,170,41,1,5,1,
18,14,923,474,37,19,1,5,1,
18,15,555,399,45,19,1,5,1,
18,16,789,381,74,29,1,5,1,
18,17,605,56,49,43,1,5,1,
18,18,407,346,108,26,1,5,1,
18,19,140,201,88,22,1,5,1,
19,1,631,211,15,20,1,5,1,
19,2,787,126,25,26,1,5,1,
19,3,526,231,162,37,1,5,1,
19,4,172,149,77,17,1,5,1,
19,5,450,424,63,17,1,5,1,
19,6,378,369,57,23,1,5,1,
19,7,817,180,15,15,1,5,1,
19,8,631,250,15,10,1,5,1,
19,9,619,265,69,21,1,5,1,
19,10,181,371,112,36,1,5,1,
19,11,859,36,27,40,1,5,1,
19,13,300,427,168,41,1,5,1,
19,15,560,398,44,19,1,5,1,
19,16,797,380,70,29,1,5,1,
19,17,606,62,56,38,1,5,1,
19,18,418,346,107,25,1,5,1,
19,19,148,203,86,20,1,5,1,
20,1,631,212,15,19,1,5,1,
20,2,785,128,25,25,1,5,1,
20,3,538,231,164,38,1,5,1,
20,4,180,149,77,18,1,5,1,
20,5,457,425,63,17,1,5,1,
20,6,379,369,63,21,1,5,1,
20,7,817,181,15,15,1,5,1,
20,8,630,250,14,10,1,5,1,
20,9,625,265,69,21,1,5,1,
20,10,188,369,115,35,1,5,1,
20,11,859,39,26,40,1,5,1,
20,13,315,427,167,41,1,5,1,
20,15,564,397,43,19,1,5,1,
20,16,804,380,67,28,1,5,1,
20,17,607,67,64,33,1,5,1,
20,18,427,346,108,25,1,5,1,
20,19,155,204,85,20,1,5,1,
21,1,632,214,14,19,1,5,1,
21,2,784,129,24,25,1,5,1,
21,3,551,231,164,38,1,5,1,
21,4,189,150,76,17,1,5,1,
21,5,464,426,64,16,1,5,1,
21,6,381,368,69,20,1,5,1,
21,7,817,182,15,14,1,5,1,
21,8,630,250,11,10,1,5,1,
21,9,631,265,68,21,1,5,1,
21,10,195,368,117,32,1,5,1,
21,11,859,41,26,40,1,5,1,
21,13,329,427,166,41,1,5,1,
21,15,568,396,43,18,1,5,1,
21,16,811,379,65,28,1,5,1,
21,17,610,71,71,30,1,5,1,
21,18,438,346,107,25,1,5,1,
21,19,164,206,81,18,1,5,1,
22,1,634,216,14,17,1,5,1,
22,2,782,130,25,25,1,5,1,
22,3,564,231,164,38,1,5,1,
22,4,198,151,74,16,1,5,1,
22,5,470,427,66,16,1,5,1,
22,6,384,368,73,19,1,5,1,
22,7,817,183,15,14,1,5,1,
22,8,629,250,12,10,1,5,1,
22,9,636,265,69,21,1,5,1,
22,10,203,367,118,30,1,5,1,
22,11,859,44,26,39,1,5,1,
22,13,342,427,166,42,1,5,1,
22,15,571,395,44,18,1,5,1,
22,16,817,378,63,27,1,5,1,
22,17,614,75,76,27,1,5,1,
22,18,447,346,108,25,1,5,1,
22,19,171,206,78,18,1,5,1,
23,1,632,218,20,16,1,5,1,
23,2,781,132,24,24,1,5,1,
23,3,578,231,163,37,1,5,1,
23,4,207,151,73,17,1,5,1,
23,5,478,428,66,16,1,5,1,
23,6,388,367,76,19,1,5,1,
23,7,818,185,14,13,1,5,1,
23,8,630,251,10,9,1,5,1,
23,9,643,265,68,21,1,5,1,
23,10,213,367,117,26,1,5,1,
23,11,859,48,26,37,1,5,1,
23,13,356,428,165,41,1,5,1,
23,15,575,394,44,18,1,5,1,
23,16,823,377,60,27,1,5,1,
23,17,619,78,79,24,1,5,1,
23,18,458,346,107,25,1,5,1,
23,19,180,206,73,18,1,5,1,
24,1,631,219,26,16,1,5,1,
24,2,779,133,24,24,1,5,1,
24,3,592,230,162,38,1,5,1,
24,4,216,151,72,17,1,5,1,
24,5,485,428,67,16,1,5,1,
24,6,393,367,78,19,1,5,1,
24,7,819,186,14,13,1,5,1,
24,8,630,251,11,10,1,5,1,
24,9,649,265,67,20,1,5,1,
24,10,222,367,117,24,1,5,1,
24,11,860,51,25,36,1,5,1,
24,13,370,428,165,41,1,5,1,
24,15,580,393,43,18,1,5,1,
24,16,830,376,57,27,1,5,1,
24,17,626,79,79,24,1,5,1,
24,18,469,346,106,25,1,5,1,
24,19,188,206,68,18,1,5,1,
25,1,631,221,31,14,1,5,1,
25,2,778,135,23,23,1,5,1,
25,3,608,230,158,38,1,5,1,
25,4,226,152,69,16,1,5,1,
25,5,494,428,66,16,1,5,1,
25,6,399,367,79,19,1,5,1,
25,7,819,187,14,13,1,5,1,
25,8,631,251,10,10,1,5,1,
25,9,656,265,65,20,1,5,1,
25,10,234,367,113,24,1,5,1,
25,11,860,53,24,36,1,5,1,
25,13,385,428,163,41,1,5,1,
25,15,584,392,42,17,1,5,1,
25,16,837,375,54,27,1,5,1,
25,17,634,80,78,23,1,5,1,
25,18,481,346,104,24,1,5,1,
25,19,197,206,61,18,1,5,1,
26,1,632,221,35,14,1,5,1,
26,2,776,136,23,23,1,5,1,
26,3,620,230,159,37,1,5,1,
26,4,233,152,69,16,1,5,1,
26,5,501,429,67,15,1,5,1,
26,6,404,367,81,19,1,5,1,
26,7,820,187,14,13,1,5,1,
26,8,632,251,10,10,1,5,1,
26,9,661,265,66,20,1,5,1,
26,10,242,367,113,24,1,5,1,
26,11,860,56,24,35,1,5,1,
26,13,396,428,165,41,1,5,1,
26,15,588,391,42,17,1,5,1,
26,16,841,374,54,27,1,5,1,
26,17,640,80,78,24,1,5,1,
26,18,490,345,105,25,1,5,1,
26,19,204,206,55,18,1,5,1,
27,1,634,221,39,13,1,5,1,
27,2,775,137,23,23,1,5,1,
27,3,634,230,158,37,1,5,1,
27,4,242,152,67,16,1,5,1,
27,5,509,429,67,16,1,5,1,
27,6,410,367,81,19,1,5,1,
27,7,821,188,13,13,1,5,1,
27,8,633,251,11,10,1,5,1,
27,9,667,265,65,20,1,5,1,
27,10,253,367,109,25,1,5,1,
27,11,860,58,24,35,1,5,1,
27,13,410,428,165,41,1,5,1,
27,15,592,390,42,17,1,5,1,
27,16,846,374,55,26,1,5,1,
27,17,647,81,77,23,1,5,1,
27,18,500,345,105,25,1,5,1,
27,19,212,206,47,17,1,5,1,
28,1,638,221,41,13,1,5,1,
28,2,773,138,23,23,1,5,1,
28,3,651,230,154,37,1,5,1,
28,4,252,152,64,16,1,5,1,
28,5,519,429,65,16,1,5,1,
28,6,418,366,80,20,1,5,1,
28,7,821,189,14,12,1,5,1,
28,8,633,251,12,10,1,5,1,
28,9,675,265,62,20,1,5,1,
28,10,265,368,103,24,1,5,1,
28,11,860,61,23,34,1,5,1,
28,13,427,428,161,42,1,5,1,
28,15,596,390,42,16,1,5,1,
28,16,854,374,53,25,1,5,1,
28,17,656,81,75,23,1,5,1,
28,18,513,345,101,25,1,5,1,
28,19,219,205,41,18,1,5,1,
29,1,641,221,44,13,1,5,1,
29,2,772,140,23,22,1,5,1,
29,3,663,230,155,37,1,5,1,
29,4,259,152,65,16,1,5,1,
29,5,526,428,66,16,1,5,1,
29,6,424,366,80,20,1,5,1,
29,7,822,190,14,12,1,5,1,
29,8,634,251,14,9,1,5,1,
29,9,680,265,63,20,1,5,1,
29,10,273,367,102,25,1,5,1,
29,11,861,64,23,33,1,5,1,
29,13,439,428,162,41,1,5,1,
29,15,600,389,42,16,1,5,1,
29,16,861,373,50,25,1,5,1,
29,17,662,82,76,23,1,5,1,
29,18,522,346,102,25,1,5,1,
29,19,222,205,41,17,1,5,1,
30,1,645,221,45,12,1,5,1,
30,2,770,141,23,22,1,5,1,
30,3,674,230,157,37,1,5,1,
30,4,265,152,66,16,1,5,1,
30,5,532,428,68,16,1,5,1,
30,6,430,366,80,20,1,5,1,
30,7,823,190,13,13,1,5,1,
30,8,635,251,15,9,1,5,1,
30,9,685,265,63,19,1,5,1,
30,10,281,366,101,26,1,5,1,
30,11,863,67,22,31,1,5,1,
30,13,450,428,165,41,1,5,1,
30,15,603,388,43,16,1,5,1,
30,16,867,372,45,25,1,5,1,
30,17,667,82,78,23,1,5,1,
30,18,531,346,102,25,1,5,1,
30,19,225,204,42,18,1,5,1,
31,1,650,221,45,12,1,5,1,
31,2,769,142,22,22,1,5,1,
31,3,687,230,156,37,1,5,1,
31,4,272,152,66,16,1,5,1,
31,5,540,428,68,16,1,5,1,
31,6,437,366,79,20,1,5,1,
31,7,823,191,14,12,1,5,1,
31,8,637,252,14,8,1,5,1,
31,9,690,265,62,19,1,5,1,
31,10,290,365,99,26,1,5,1,
31,11,865,71,22,28,1,5,1,
31,13,463,428,165,41,1,5,1,
31,15,607,387,42,17,1,5,1,
31,16,874,371,41,25,1,5,1,
31,17,674,83,77,23,1,5,1,
31,18,541,346,102,24,1,5,1,
31,19,227,204,43,18,1,5,1,
32,1,655,221,44,13,1,5,1,
32,2,767,143,23,22,1,5,1,
32,3,702,230,154,37,1,5,1,
32,4,280,152,65,16,1,5,1,
32,5,549,428,67,16,1,5,1,
32,6,444,366,78,20,1,5,1,
32,7,824,192,13,12,1,5,1,
32,8,639,252,13,8,1,5,1,
32,9,697,265,60,19,1,5,1,
32,10,301,365,95,26,1,5,1,
32,11,865,73,24,28,1,5,1,
32,13,478,427,163,41,1,5,1,
32,15,612,386,40,17,1,5,1,
32,16,880,370,37,24,1,5,1,
32,17,681,83,76,23,1,5,1,
32,18,552,345,100,25,1,5,1,
32,19,230,203,44,18,1,5,1,
33,1,660,221,43,13,1,5,1,
33,2,767,145,20,20,1,5,1,
33,3,715,230,153,37,1,5,1,
33,4,287,152,66,16,1,5,1,
33,5,557,428,67,17,1,5,1,
33,6,449,367,80,20,1,5,1,
33,7,824,193,14,12,1,5,1,
33,8,640,252,13,9,1,5,1,
33,9,702,265,60,19,1,5,1,
33,10,309,365,94,26,1,5,1,
33,11,867,75,23,27,1,5,1,
33,13,491,427,163,41,1,5,1,
33,15,616,385,39,17,1,5,1,
33,16,884,369,36,24,1,5,1,
33,17,688,84,75,23,1,5,1,
33,18,562,345,99,24,1,5,1,
33,19,233,203,44,18,1,5,1,
34,1,665,221,42,13,1,5,1,
34,2,765,145,20,21,1,5,1,
34,3,727,230,154,37,1,5,1,
34,4,294,152,66,16,1,5,1,
34,5,564,429,68,16,1,5,1,
34,6,455,367,80,20,1,5,1,
34,7,825,193,13,12,1,5,1,
34,8,642,252,12,9,1,5,1,
34,9,707,265,59,19,1,5,1,
34,10,317,366,94,26,1,5,1,
34,11,869,77,23,27,1,5,1,
34,13,503,427,163,41,1,5,1,
34,15,619,385,39,16,1,5,1,
34,16,888,368,35,24,1,5,1,
34,17,694,84,75,23,1,5,1,
34,18,571,345,99,24,1,5,1,
34,19,235,202,46,19,1,5,1,
35,1,669,222,42,12,1,5,1,
35,2,763,146,23,21,1,5,1,
35,3,740,230,153,37,1,5,1,
35,4,301,152,66,16,1,5,1,
35,5,572,429,68,16,1,5,1,
35,6,461,367,81,21,1,5,1,
35,7,825,194,13,12,1,5,1,
35,8,644,252,11,9,1,5,1,
35,9,713,265,58,19,1,5,1,
35,10,324,366,94,27,1,5,1,
35,11,871,78,22,27,1,5,1,
35,13,517,427,162,40,1,5,1,
35,14,947,439,12,15,1,5,1,
35,15,624,384,37,16,1,5,1,
35,16,892,367,34,24,1,5,1,
35,17,701,85,73,23,1,5,1,
35,18,581,345,98,24,1,5,1,
35,19,238,202,47,18,1,5,1,
36,1,674,222,40,12,1,5,1,
36,2,759,147,27,21,1,5,1,
36,3,757,231,140,37,1,5,1,
36,4,309,152,66,16,1,5,1,
36,5,581,429,67,16,1,5,1,
36,6,467,368,82,20,1,5,1,
36,7,825,195,13,11,1,5,1,
36,8,645,252,11,9,1,5,1,
36,9,719,265,56,19,1,5,1,
36,10,331,367,95,27,1,5,1,
36,11,872,80,22,27,1,5,1,
36,13,531,426,160,40,1,5,1,
36,14,945,437,14,17,1,5,1,
36,15,628,383,36,16,1,5,1,
36,16,894,366,35,24,1,5,1,
36,17,708,85,72,24,1,5,1,
36,18,591,344,96,24,1,5,1,
36,19,241,201,48,19,1,5,1,
37,1,679,222,39,12,1,5,1,
37,2,754,148,33,21,1,5,1,
37,3,775,232,125,37,1,5,1,
37,4,317,152,65,16,1,5,1,
37,5,590,429,66,16,1,5,1,
37,6,474,368,82,21,1,5,1,
37,7,825,196,13,11,1,5,1,
37,8,647,252,10,9,1,5,1,
37,9,725,265,54,19,1,5,1,
37,10,338,367,96,28,1,5,1,
37,11,874,82,21,26,1,5,1,
37,12,951,92,8,16,1,5,1,
37,13,547,426,155,40,1,5,1,
37,14,944,435,15,19,1,5,1,
37,15,632,382,34,16,1,5,1,
37,16,897,366,35,23,1,5,1,
37,17,715,86,70,23,1,5,1,
37,18,603,344,93,24,1,5,1,
37,19,244,201,49,19,1,5,1,
38,1,684,222,38,13,1,5,1,
38,2,750,149,37,20,1,5,1,
38,3,787,232,122,37,1,5,1,
38,4,324,152,66,16,1,5,1,
38,5,598,429,66,16,1,5,1,
38,6,480,368,83,21,1,5,1,
38,7,825,196,12,12,1,5,1,
38,8,648,253,10,8,1,5,1,
38,9,731,265,51,19,1,5,1,
38,10,345,368,97,27,1,5,1,
38,11,875,84,21,26,1,5,1,
38,12,949,91,10,18,1,5,1,
38,13,560,425,154,40,1,5,1,
38,14,942,432,17,23,1,5,1,
38,15,636,381,33,16,1,5,1,
38,16,901,365,34,23,1,5,1,
38,17,722,86,68,24,1,5,1,
38,18,612,343,92,24,1,5,1,
38,19,247,200,51,19,1,5,1,
39,1,688,222,37,13,1,5,1,
39,2,747,150,38,20,1,5,1,
39,3,798,232,120,37,1,5,1,
39,4,331,152,66,16,1,5,1,
39,5,606,429,68,16,1,5,1,
39,6,486,369,84,20,1,5,1,
39,7,824,197,13,11,1,5,1,
39,8,649,253,9,8,1,5,1,
39,9,736,265,49,19,1,5,1,
39,10,352,369,98,27,1,5,1,
39,11,876,85,21,26,1,5,1,
39,12,948,93,11,18,1,5,1,
39,13,573,424,154,40,1,5,1,
39,14,940,431,19,22,1,5,1,
39,15,640,380,31,16,1,5,1,
39,16,904,364,34,23,1,5,1,
39,17,728,87,68,24,1,5,1,
39,18,622,343,91,24,1,5,1,
39,19,250,200,52,19,1,5,1,
40,1,692,223,36,12,1,5,1,
40,2,744,151,39,20,1,5,1,
40,3,808,233,119,37,1,5,1,
40,4,339,152,65,17,1,5,1,
40,5,613,429,69,17,1,5,1,
40,6,493,369,83,21,1,5,1,
40,7,824,198,13,11,1,5,1,
40,8,649,253,10,8,1,5,1,
40,9,741,265,48,19,1,5,1,
40,10,359,369,99,28,1,5,1,
40,11,877,87,20,26,1,5,1,
40,12,946,93,13,19,1,5,1,
40,13,588,424,146,39,1,5,1,
40,14,939,429,20,22,1,5,1,
40,15,643,380,31,15,1,5,1,
40,16,907,363,34,23,1,5,1,
40,17,735,87,66,24,1,5,1,
40,18,631,343,90,23,1,5,1,
40,19,253,199,53,20,1,5,1,
41,1,697,223,35,12,1,5,1,
41,2,741,152,39,20,1,5,1,
41,3,819,233,117,36,1,5,1,
41,4,346,152,66,17,1,5,1,
41,5,621,430,69,16,1,5,1,
41,6,499,369,84,21,1,5,1,
41,7,824,198,12,11,1,5,1,
41,8,650,253,10,8,1,5,1,
41,9,746,265,46,19,1,5,1,
41,10,366,370,101,28,1,5,1,
41,11,877,89,21,25,1,5,1,
41,12,944,93,16,21,1,5,1,
41,13,603,423,139,39,1,5,1,
41,14,937,427,22,23,1,5,1,
41,15,646,379,30,15,1,5,1,
41,16,911,362,32,23,1,5,1,
41,17,741,88,65,24,1,5,1,
41,18,641,342,88,24,1,5,1,
41,19,256,199,55,19,1,5,1,
42,1,701,223,34,12,1,5,1,
42,2,738,153,39,20,1,5,1,
42,3,829,233,115,36,1,5,1,
42,4,353,152,66,17,1,5,1,
42,5,629,430,70,17,1,5,1,
42,6,505,370,85,21,1,5,1,
42,7,824,199,12,11,1,5,1,
42,8,651,253,9,8,1,5,1,
42,9,750,265,46,18,1,5,1,
42,10,373,371,103,28,1,5,1,
42,11,878,90,21,26,1,5,1,
42,12,942,95,17,20,1,5,1,
42,13,617,422,135,38,1,5,1,
42,14,935,426,24,22,1,5,1,
42,15,650,378,28,15,1,5,1,
42,16,914,362,32,22,1,5,1,
42,17,747,89,64,24,1,5,1,
42,18,650,342,87,23,1,5,1,
42,19,259,198,57,20,1,5,1,
43,1,705,223,33,12,1,5,1,
43,2,735,154,40,19,1,5,1,
43,3,840,234,112,36,1,5,1,
43,4,360,153,66,16,1,5,1,
43,5,638,430,69,17,1,5,1,
43,6,512,370,86,21,1,5,1,
43,7,823,200,12,11,1,5,1,
43,8,651,253,10,8,1,5,1,
43,9,755,265,44,18,1,5,1,
43,10,380,371,104,29,1,5,1,
43,11,879,92,20,25,1,5,1,
43,12,940,96,19,21,1,5,1,
43,13,630,421,132,38,1,5,1,
43,14,933,424,27,22,1,5,1,
43,15,653,377,27,15,1,5,1,
43,16,918,361,30,22,1,5,1,
43,17,753,90,62,23,1,5,1,
43,18,659,342,85,23,1,5,1,
43,19,263,198,57,20,1,5,1,
44,1,709,224,32,12,1,5,1,
44,2,732,155,39,19,1,5,1,
44,3,855,233,99,36,1,5,1,
44,4,369,153,65,16,1,5,1,
44,5,647,431,68,16,1,5,1,
44,6,519,370,86,21,1,5,1,
44,7,823,200,12,11,1,5,1,
44,8,651,253,10,8,1,5,1,
44,9,759,265,43,18,1,5,1,
44,10,388,372,105,28,1,5,1,
44,11,879,94,21,24,1,5,1,
44,12,938,97,21,21,1,5,1,
44,13,643,420,128,37,1,5,1,
44,14,932,422,27,22,1,5,1,
44,15,656,376,26,15,1,5,1,
44,16,920,360,31,22,1,5,1,
44,17,759,90,61,24,1,5,1,
44,18,669,341,83,24,1,5,1,
44,19,266,197,59,20,1,5,1,
45,1,712,224,32,12,1,5,1,
45,2,729,156,40,19,1,5,1,
45,3,866,234,93,35,1,5,1,
45,4,376,153,65,16,1,5,1,
45,5,655,431,69,16,1,5,1,
45,6,526,371,86,20,1,5,1,
45,7,822,201,12,11,1,5,1,
45,8,652,253,9,8,1,5,1,
45,9,763,266,42,17,1,5,1,
45,10,395,373,107,28,1,5,1,
45,11,880,95,20,25,1,5,1,
45,12,936,95,23,25,1,5,1,
45,13,655,419,125,37,1,5,1,
45,14,930,421,29,22,1,5,1,
45,15,659,375,25,15,1,5,1,
45,16,923,359,30,22,1,5,1,
45,17,765,91,60,24,1,5,1,
45,18,677,341,82,23,1,5,1,
45,19,272,197,55,19,1,5,1,
46,1,716,224,31,12,1,5,1,
46,2,729,157,35,18,1,5,1,
46,3,876,234,83,35,1,5,1,
46,4,383,153,65,16,1,5,1,
46,5,663,431,69,17,1,5,1,
46,6,532,371,87,21,1,5,1,
46,7,821,202,12,10,1,5,1,
46,8,651,254,10,8,1,5,1,
46,9,768,266,40,17,1,5,1,
46,10,402,373,109,29,1,5,1,
46,11,880,97,20,24,1,5,1,
46,12,934,96,25,25,1,5,1,
46,13,667,418,122,37,1,5,1,
46,14,928,419,31,22,1,5,1,
46,15,662,375,24,15,1,5,1,
46,16,925,359,30,21,1,5,1,
46,17,770,92,59,24,1,5,1,
46,18,686,341,81,23,1,5,1,
46,19,276,196,55,20,1,5,1,
47,1,720,224,29,12,1,5,1,
47,3,885,234,75,35,1,5,1,
47,4,390,153,65,17,1,5,1,
47,5,672,431,68,17,1,5,1,
47,6,539,371,87,21,1,5,1,
47,7,821,202,11,11,1,5,1,
47,8,650,254,10,8,1,5,1,
47,9,772,266,39,17,1,5,1,
47,10,410,374,110,29,1,5,1,
47,11,881,98,19,24,1,5,1,
47,12,933,98,25,24,1,5,1,
47,13,678,417,119,36,1,5,1,
47,14,926,418,33,24,1,5,1,
47,15,665,374,22,15,1,5,1,
47,16,927,358,30,21,1,5,1,
47,17,776,92,58,24,1,5,1,
47,18,694,340,80,23,1,5,1,
47,19,279,195,57,20,1,5,1,
48,1,724,225,26,12,1,5,1,
48,3,894,235,66,34,1,5,1,
48,4,398,153,64,17,1,5,1,
48,5,681,431,65,17,1,5,1,
48,6,546,371,87,21,1,5,1,
48,7,820,203,11,10,1,5,1,
48,9,776,266,38,17,1,5,1,
48,10,418,374,111,30,1,5,1,
48,11,881,100,19,24,1,5,1,
48,12,931,99,25,25,1,5,1,
48,13,689,415,116,37,1,5,1,
48,14,924,416,35,24,1,5,1,
48,15,665,373,27,15,1,5,1,
48,16,929,357,30,21,1,5,1,
48,17,781,93,56,24,1,5,1,
48,18,703,340,78,23,1,5,1,
48,19,282,195,59,20,1,5,1,
49,1,728,225,22,12,1,5,1,
49,3,903,235,57,34,1,5,1,
49,4,406,154,64,16,1,5,1,
49,5,691,431,60,16,1,5,1,
49,6,553,371,87,21,1,5,1,
49,7,819,204,11,10,1,5,1,
49,9,780,266,36,17,1,5,1,
49,10,426,375,113,30,1,5,1,
49,11,881,101,19,24,1,5,1,
49,12,929,101,25,24,1,5,1,
49,13,701,414,112,36,1,5,1,
49,14,922,415,37,23,1,5,1,
49,15,666,373,32,14,1,5,1,
49,16,931,356,28,21,1,5,1,
49,17,787,94,54,24,1,5,1,
49,18,712,340,75,22,1,5,1,
49,19,286,194,60,21,1,5,1,
50,1,731,226,18,12,1,5,1,
50,3,912,235,48,34,1,5,1,
50,4,412,154,65,16,1,5,1,
50,5,700,430,55,16,1,5,1,
50,6,560,372,86,20,1,5,1,
50,7,818,204,12,10,1,5,1,
50,9,783,266,35,17,1,5,1,
50,10,433,376,115,29,1,5,1,
50,11,881,103,19,24,1,5,1,
50,12,926,102,26,24,1,5,1,
50,13,712,413,107,36,1,5,1,
50,14,919,413,40,23,1,5,1,
50,15,666,373,37,14,1,5,1,
50,16,932,355,27,21,1,5,1,
50,17,792,95,52,24,1,5,1,
50,18,720,339,74,22,1,5,1,
50,19,289,194,62,20,1,5,1,
51,1,733,226,16,13,1,5,1,
51,3,920,236,40,33,1,5,1,
51,4,419,154,64,16,1,5,1,
51,5,707,430,54,16,1,5,1,
51,6,567,372,84,20,1,5,1,
51,7,817,205,12,10,1,5,1,
51,9,786,266,35,17,1,5,1,
51,10,440,376,118,30,1,5,1,
51,11,881,104,19,24,1,5,1,
51,12,924,104,27,24,1,5,1,
51,13,721,411,105,37,1,5,1,
51,14,916,412,41,23,1,5,1,
51,15,667,374,42,13,1,5,1,
51,16,933,355,26,20,1,5,1,
51,17,796,96,52,24,1,5,1,
51,18,727,339,73,22,1,5,1,
51,19,292,193,64,21,1,5,1,
52,1,735,227,16,12,1,5,1,
52,3,928,236,32,33,1,5,1,
52,4,426,155,64,16,1,5,1,
52,5,715,429,51,16,1,5,1,
52,6,575,372,82,20,1,5,1,
52,7,816,205,12,10,1,5,1,
52,9,790,266,33,17,1,5,1,
52,10,449,377,119,30,1,5,1,
52,11,881,106,18,23,1,5,1,
52,12,922,105,26,24,1,5,1,
52,13,732,410,101,36,1,5,1,
52,14,913,410,42,23,1,5,1,
52,15,670,374,44,13,1,5,1,
52,16,934,354,25,20,1,5,1,
52,17,801,97,50,24,1,5,1,
52,18,735,338,71,22,1,5,1,
52,19,296,192,66,21,1,5,1,
53,1,736,227,16,12,1,5,1,
53,3,935,239,25,21,1,5,1,
53,4,433,155,64,16,1,5,1,
53,5,722,428,50,16,1,5,1,
53,6,582,371,82,21,1,5,1,
53,7,814,206,13,10,1,5,1,
53,9,793,266,33,16,1,5,1,
53,10,457,377,120,30,1,5,1,
53,11,880,107,19,23,1,5,1,
53,12,920,107,26,23,1,5,1,
53,13,741,409,99,35,1,5,1,
53,14,911,409,42,22,1,5,1,
53,15,674,373,43,13,1,5,1,
53,16,935,353,24,20,1,5,1,
53,17,805,98,50,24,1,5,1,
53,18,743,338,69,22,1,5,1,
53,19,300,192,67,21,1,5,1,
54,1,738,228,15,11,1,5,1,
54,4,441,155,63,16,1,5,1,
54,5,728,427,49,16,1,5,1,
54,6,589,371,81,21,1,5,1,
54,7,813,207,13,9,1,5,1,
54,9,796,266,32,16,1,5,1,
54,10,466,378,121,30,1,5,1,
54,11,880,109,19,23,1,5,1,
54,12,918,109,26,22,1,5,1,
54,13,751,407,95,36,1,5,1,
54,14,908,407,42,23,1,5,1,
54,15,678,373,43,13,1,5,1,
54,16,936,352,23,20,1,5,1,
54,17,810,99,48,24,1,5,1,
54,18,750,338,68,21,1,5,1,
54,19,304,191,69,21,1,5,1,
55,1,739,228,15,12,1,5,1,
55,4,447,156,64,16,1,5,1,
55,5,734,426,49,16,1,5,1,
55,6,595,371,81,20,1,5,1,
55,7,812,207,13,10,1,5,1,
55,9,799,266,31,16,1,5,1,
55,10,474,378,123,31,1,5,1,
55,11,880,110,18,23,1,5,1,
55,12,916,110,26,22,1,5,1,
55,13,759,406,94,35,1,5,1,
55,14,906,406,42,22,1,5,1,
55,15,682,372,42,13,1,5,1,
55,16,937,351,22,20,1,5,1,
55,17,814,100,47,24,1,5,1,
55,18,757,337,67,22,1,5,1,
55,19,308,191,71,21,1,5,1,
56,1,741,228,14,12,1,5,1,
56,4,455,156,62,16,1,5,1,
56,5,740,425,48,16,1,5,1,
56,6,602,371,80,20,1,5,1,
56,7,811,208,12,9,1,5,1,
56,9,802,266,30,16,1,5,1,
56,10,483,379,124,30,1,5,1,
56,11,880,112,18,22,1,5,1,
56,12,914,111,26,23,1,5,1,
56,13,768,405,91,35,1,5,1,
56,14,903,405,42,21,1,5,1,
56,15,687,372,40,13,1,5,1,
56,16,938,351,21,19,1,5,1,
56,17,819,101,46,23,1,5,1,
56,18,764,337,66,21,1,5,1,
56,19,312,190,72,22,1,5,1,
57,1,742,229,14,11,1,5,1,
57,4,461,156,63,17,1,5,1,
57,5,746,424,47,16,1,5,1,
57,6,608,371,80,20,1,5,1,
57,7,810,208,12,10,1,5,1,
57,9,804,266,32,16,1,5,1,
57,10,492,380,125,30,1,5,1,
57,11,879,113,18,22,1,5,1,
57,12,911,113,27,22,1,5,1,
57,13,776,403,89,35,1,5,1,
57,14,901,403,42,22,1,5,1,
57,15,690,372,41,12,1,5,1,
57,16,939,350,20,19,1,5,1,
57,17,822,102,46,23,1,5,1,
57,18,770,336,66,21,1,5,1,
57,19,316,190,74,21,1,5,1,
58,1,743,229,14,11,1,5,1,
58,4,469,157,61,16,1,5,1,
58,5,752,423,46,16,1,5,1,
58,6,615,370,79,20,1,5,1,
58,7,808,209,13,9,1,5,1,
58,9,807,266,31,16,1,5,1,
58,10,501,380,126,31,1,5,1,
58,11,879,115,18,22,1,5,1,
58,12,909,114,26,22,1,5,1,
58,13,785,402,86,34,1,5,1,
58,14,898,402,42,21,1,5,1,
58,15,695,371,39,13,1,5,1,
58,16,939,349,20,20,1,5,1,
58,17,827,103,44,23,1,5,1,
58,18,777,336,65,21,1,5,1,
58,19,321,189,76,22,1,5,1,
59,1,745,229,13,12,1,5,1,
59,4,475,157,61,16,1,5,1,
59,5,758,422,45,16,1,5,1,
59,6,622,370,77,20,1,5,1,
59,7,807,210,13,9,1,5,1,
59,9,809,266,31,16,1,5,1,
59,10,510,381,128,30,1,5,1,
59,11,879,116,17,22,1,5,1,
59,12,907,116,26,21,1,5,1,
59,13,792,401,85,34,1,5,1,
59,14,896,401,42,21,1,5,1,
59,15,698,371,39,12,1,5,1,
59,16,940,348,19,20,1,5,1,
59,17,831,104,43,23,1,5,1,
59,18,784,336,63,20,1,5,1,
59,19,325,189,78,21,1,5,1,
60,1,746,230,13,11,1,5,1,
60,4,482,158,61,16,1,5,1,
60,5,764,421,44,16,1,5,1,
60,6,629,370,76,20,1,5,1,
60,7,806,210,12,9,1,5,1,
60,9,812,266,30,16,1,5,1,
60,10,520,381,128,31,1,5,1,
60,11,878,118,18,21,1,5,1,
60,12,905,117,26,21,1,5,1,
60,13,801,400,82,33,1,5,1,
60,14,894,400,41,20,1,5,1,
60,15,702,370,38,13,1,5,1,
60,16,942,348,18,19,1,5,1,
60,17,835,105,41,23,1,5,1,
60,18,790,335,63,21,1,5,1,
60,19,330,188,79,22,1,5,1,
61,1,747,230,12,11,1,5,1,
61,4,490,158,59,16,1,5,1,
61,5,770,420,43,16,1,5,1,
61,6,636,370,75,19,1,5,1,
61,7,804,211,13,9,1,5,1,
61,9,815,266,29,16,1,5,1,
61,10,530,381,128,31,1,5,1,
61,11,878,119,17,21,1,5,1,
61,12,903,119,26,20,1,5,1,
61,13,809,399,79,33,1,5,1,
61,14,892,399,40,19,1,5,1,
61,15,707,370,36,13,1,5,1,
61,16,942,348,18,18,1,5,1,
61,17,839,106,40,23,1,5,1,
61,18,797,335,62,20,1,5,1,
61,19,336,187,80,23,1,5,1,
62,1,748,230,12,11,1,5,1,
62,4,498,159,56,16,1,5,1,
62,5,776,419,41,16,1,5,1,
62,6,643,369,73,20,1,5,1,
62,7,803,211,13,9,1,5,1,
62,9,819,266,27,16,1,5,1,
62,10,540,382,129,31,1,5,1,
62,11,878,121,17,20,1,5,1,
62,12,901,120,25,20,1,5,1,
62,13,817,397,77,33,1,5,1,
62,14,889,397,41,20,1,5,1,
62,15,711,370,35,12,1,5,1,
62,16,943,348,17,17,1,5,1,
62,17,843,106,39,24,1,5,1,
62,18,806,334,55,21,1,5,1,
62,19,341,187,81,22,1,5,1,
63,1,749,231,12,11,1,5,1,
63,4,505,159,55,16,1,5,1,
63,5,782,418,39,16,1,5,1,
63,6,650,370,73,20,1,5,1,
63,7,801,212,13,9,1,5,1,
63,9,822,266,26,16,1,5,1,
63,10,551,382,129,31,1,5,1,
63,11,877,122,17,20,1,5,1,
63,12,899,121,25,21,1,5,1,
63,13,826,396,73,32,1,5,1,
63,14,887,396,40,19,1,5,1,
63,15,716,369,32,13,1,5,1,
63,16,944,347,16,17,1,5,1,
63,17,847,107,37,24,1,5,1,
63,18,814,333,50,21,1,5,1,
63,19,346,186,83,23,1,5,1,
64,1,749,231,12,11,1,5,1,
64,4,512,160,54,16,1,5,1,
64,5,787,418,39,15,1,5,1,
64,6,657,370,71,19,1,5,1,
64,7,801,212,11,9,1,5,1,
64,9,824,266,26,16,1,5,1,
64,10,561,383,130,31,1,5,1,
64,11,877,123,17,20,1,5,1,
64,12,897,123,24,20,1,5,1,
64,13,833,395,70,32,1,5,1,
64,14,884,395,41,19,1,5,1,
64,15,719,369,32,12,1,5,1,
64,16,944,347,16,16,1,5,1,
64,17,851,108,36,24,1,5,1,
64,18,819,333,50,20,1,5,1,
64,19,352,186,84,22,1,5,1,
65,1,750,231,12,11,1,5,1,
65,4,518,160,53,16,1,5,1,
65,5,792,417,38,15,1,5,1,
65,6,663,369,71,20,1,5,1,
65,7,801,213,9,8,1,5,1,
65,9,827,266,24,16,1,5,1,
65,10,570,383,131,32,1,5,1,
65,11,877,124,16,20,1,5,1,
65,12,896,124,23,20,1,5,1,
65,13,840,394,68,32,1,5,1,
65,14,885,394,36,19,1,5,1,
65,15,723,368,31,12,1,5,1,
65,16,945,346,15,16,1,5,1,
65,17,854,109,35,23,1,5,1,
65,18,824,332,49,21,1,5,1,
65,19,357,185,86,23,1,5,1,
66,1,751,232,11,10,1,5,1,
66,4,524,161,53,16,1,5,1,
66,5,797,416,37,15,1,5,1,
66,6,670,369,69,20,1,5,1,
66,7,800,213,10,9,1,5,1,
66,9,829,266,24,16,1,5,1,
66,10,580,384,132,31,1,5,1,
66,11,876,126,17,19,1,5,1,
66,12,894,125,23,20,1,5,1,
66,13,846,392,67,32,1,5,1,
66,14,883,392,32,19,1,5,1,
66,15,726,368,29,12,1,5,1,
66,16,945,346,15,16,1,5,1,
66,17,857,110,35,23,1,5,1,
66,18,829,332,48,20,1,5,1,
66,19,362,185,88,23,1,5,1,
67,1,751,232,12,11,1,5,1,
67,4,530,161,52,16,1,5,1,
67,5,802,415,36,15,1,5,1,
67,6,676,369,68,19,1,5,1,
67,7,800,214,9,8,1,5,1,
67,9,831,266,24,15,1,5,1,
67,10,590,384,132,32,1,5,1,
67,11,876,127,16,19,1,5,1,
67,12,892,126,23,20,1,5,1,
67,13,853,391,64,32,1,5,1,
67,14,882,391,29,18,1,5,1,
67,15,730,367,27,12,1,5,1,
67,17,860,111,34,23,1,5,1,
67,18,834,331,47,20,1,5,1,
67,19,368,184,89,23,1,5,1,
68,1,752,232,11,11,1,5,1,
68,4,536,162,52,16,1,5,1,
68,5,806,414,35,15,1,5,1,
68,6,682,368,67,20,1,5,1,
68,7,799,214,9,9,1,5,1,
68,9,833,266,23,15,1,5,1,
68,10,599,385,134,31,1,5,1,
68,11,876,128,16,19,1,5,1,
68,12,890,128,23,19,1,5,1,
68,13,858,390,63,31,1,5,1,
68,14,881,390,27,18,1,5,1,
68,15,734,367,24,12,1,5,1,
68,17,864,112,29,24,1,5,1,
68,18,839,331,46,20,1,5,1,
68,19,373,184,91,23,1,5,1,
69,1,752,232,11,11,1,5,1,
69,4,542,163,51,15,1,5,1,
69,5,811,413,34,15,1,5,1,
69,6,688,368,66,19,1,5,1,
69,7,798,215,9,8,1,5,1,
69,9,836,266,22,15,1,5,1,
69,10,610,385,133,32,1,5,1,
69,11,875,129,16,19,1,5,1,
69,12,888,129,23,19,1,5,1,
69,13,865,389,60,31,1,5,1,
69,14,880,389,26,17,1,5,1,
69,15,738,366,22,12,1,5,1,
69,17,867,113,27,25,1,5,1,
69,18,844,330,45,20,1,5,1,
69,19,380,184,91,23,1,5,1,
70,1,752,233,11,10,1,5,1,
70,4,548,163,50,16,1,5,1,
70,5,816,412,32,15,1,5,1,
70,6,694,368,64,19,1,5,1,
70,7,797,215,10,8,1,5,1,
70,9,838,267,21,14,1,5,1,
70,10,620,385,134,32,1,5,1,
70,11,874,130,16,19,1,5,1,
70,12,886,130,24,18,1,5,1,
70,13,870,388,59,30,1,5,1,
70,14,878,388,27,17,1,5,1,
70,15,740,365,21,12,1,5,1,
70,16,946,343,14,16,1,5,1,
70,17,869,115,26,24,1,5,1,
70,18,848,330,44,20,1,5,1,
70,19,385,183,94,23,1,5,1,
71,1,752,233,11,10,1,5,1,
71,4,554,164,49,15,1,5,1,
71,5,821,411,30,14,1,5,1,
71,6,701,367,62,19,1,5,1,
71,7,797,216,9,8,1,5,1,
71,9,840,267,21,14,1,5,1,
71,10,632,386,132,32,1,5,1,
71,11,874,132,16,18,1,5,1,
71,12,884,131,23,18,1,5,1,
71,13,877,387,56,30,1,5,1,
71,14,877,387,27,17,1,5,1,
71,15,743,365,20,12,1,5,1,
71,16,946,342,14,16,1,5,1,
71,17,871,117,26,23,1,5,1,
71,18,854,329,42,20,1,5,1,
71,19,392,183,94,23,1,5,1,
72,1,752,233,11,11,1,5,1,
72,4,560,164,48,16,1,5,1,
72,5,825,410,29,14,1,5,1,
72,6,706,367,62,19,1,5,1,
72,7,796,216,10,8,1,5,1,
72,9,842,267,20,14,1,5,1,
72,10,642,386,132,32,1,5,1,
72,11,873,133,16,18,1,5,1,
72,12,882,132,24,18,1,5,1,
72,13,883,386,53,29,1,5,1,
72,14,876,386,27,17,1,5,1,
72,15,746,364,18,12,1,5,1,
72,16,946,342,14,15,1,5,1,
72,17,873,118,25,23,1,5,1,
72,18,859,329,41,19,1,5,1,
72,19,399,182,95,24,1,5,1,
73,1,752,234,11,10,1,5,1,
73,4,565,165,48,15,1,5,1,
73,5,829,408,28,15,1,5,1,
73,6,712,366,60,19,1,5,1,
73,7,795,216,10,8,1,5,1,
73,9,844,267,19,14,1,5,1,
73,10,652,386,132,32,1,5,1,
73,11,873,134,15,18,1,5,1,
73,12,880,133,24,18,1,5,1,
73,13,888,384,52,30,1,5,1,
73,14,874,385,27,16,1,5,1,
73,15,748,364,18,11,1,5,1,
73,16,946,341,14,15,1,5,1,
73,17,875,119,25,23,1,5,1,
73,18,863,329,40,19,1,5,1,
73,19,405,182,96,24,1,5,1,
74,1,751,234,11,10,1,5,1,
74,4,571,166,47,15,1,5,1,
74,5,833,407,26,15,1,5,1,
74,6,718,366,58,19,1,5,1,
74,7,794,217,10,8,1,5,1,
74,9,845,267,19,14,1,5,1,
74,10,663,386,131,32,1,5,1,
74,11,872,135,15,18,1,5,1,
74,12,878,134,24,18,1,5,1,
74,13,893,383,50,30,1,5,1,
74,14,873,384,27,16,1,5,1,
74,15,750,363,17,11,1,5,1,
74,16,946,340,14,15,1,5,1,
74,17,877,120,24,23,1,5,1,
74,18,868,328,38,19,1,5,1,
74,19,411,181,98,24,1,5,1,
75,1,750,234,12,10,1,5,1,
75,4,577,166,46,15,1,5,1,
75,5,837,406,25,15,1,5,1,
75,6,723,365,57,19,1,5,1,
75,7,793,217,10,8,1,5,1,
75,9,846,267,19,14,1,5,1,
75,10,674,387,130,31,1,5,1,
75,11,871,136,15,18,1,5,1,
75,12,876,136,24,17,1,5,1,
75,13,898,382,48,29,1,5,1,
75,14,871,383,28,16,1,5,1,
75,15,753,362,14,12,1,5,1,
75,16,946,340,14,15,1,5,1,
75,17,879,121,23,23,1,5,1,
75,18,872,328,37,19,1,5,1,
75,19,418,181,99,24,1,5,1,
76,1,748,234,14,10,1,5,1,
76,4,581,167,49,15,1,5,1,
76,5,840,405,24,15,1,5,1,
76,6,729,365,56,19,1,5,1,
76,7,791,218,11,8,1,5,1,
76,9,846,267,20,14,1,5,1,
76,10,686,387,127,31,1,5,1,
76,11,870,137,15,18,1,5,1,
76,12,874,137,24,17,1,5,1,
76,13,904,381,45,29,1,5,1,
76,14,870,382,27,16,1,5,1,
76,15,755,362,13,11,1,5,1,
76,16,946,339,13,15,1,5,1,
76,17,881,123,22,22,1,5,1,
76,18,877,327,35,19,1,5,1,
76,19,425,180,99,25,1,5,1,
77,1,748,235,12,10,1,5,1,
77,4,585,168,52,14,1,5,1,
77,5,843,404,24,15,1,5,1,
77,6,734,365,54,18,1,5,1,
77,7,790,218,11,8,1,5,1,
77,9,847,267,19,14,1,5,1,
77,10,696,387,127,31,1,5,1,
77,11,869,138,15,18,1,5,1,
77,12,872,138,24,17,1,5,1,
77,13,908,380,45,28,1,5,1,
77,14,868,381,28,16,1,5,1,
77,15,757,361,12,11,1,5,1,
77,16,945,338,14,15,1,5,1,
77,17,882,124,22,22,1,5,1,
77,18,880,327,34,18,1,5,1,
77,19,432,180,100,24,1,5,1,
78,1,747,235,11,10,1,5,1,
78,4,590,168,55,14,1,5,1,
78,5,847,403,22,14,1,5,1,
78,6,739,364,53,18,1,5,1,
78,7,789,219,11,7,1,5,1,
78,9,848,267,19,14,1,5,1,
78,10,707,386,125,32,1,5,1,
78,11,868,140,15,17,1,5,1,
78,12,870,139,24,17,1,5,1,
78,13,913,379,43,28,1,5,1,
78,14,867,381,27,15,1,5,1,
78,15,758,360,13,12,1,5,1,
78,16,945,338,14,15,1,5,1,
78,17,884,125,21,21,1,5,1,
78,18,884,326,33,19,1,5,1,
78,19,440,179,99,25,1,5,1,
79,1,746,235,11,10,1,5,1,
79,4,595,168,57,13,1,5,1,
79,5,850,402,22,14,1,5,1,
79,6,744,364,52,18,1,5,1,
79,7,788,219,11,8,1,5,1,
79,9,849,267,18,14,1,5,1,
79,10,717,386,123,31,1,5,1,
79,11,868,141,15,17,1,5,1,
79,12,868,140,24,17,1,5,1,
79,13,917,378,42,28,1,5,1,
79,14,865,380,28,15,1,5,1,
79,15,759,360,12,11,1,5,1,
79,16,945,336,14,16,1,5,1,
79,17,885,126,21,21,1,5,1,
79,18,888,326,32,18,1,5,1,
79,19,447,179,100,24,1,5,1,
80,1,745,236,13,9,1,5,1,
80,4,601,167,59,14,1,5,1,
80,5,853,401,21,14,1,5,1,
80,6,750,363,50,18,1,5,1,
80,7,787,219,11,8,1,5,1,
80,9,849,267,19,14,1,5,1,
80,10,729,386,120,31,1,5,1,
80,11,867,142,15,17,1,5,1,
80,12,866,141,24,16,1,5,1,
80,13,921,377,38,27,1,5,1,
80,14,863,379,28,15,1,5,1,
80,15,760,359,12,11,1,5,1,
80,16,944,336,15,15,1,5,1,
80,17,887,127,20,21,1,5,1,
80,18,892,326,31,18,1,5,1,
80,19,455,178,99,25,1,5,1,
81,1,744,236,13,10,1,5,1,
81,4,607,167,60,13,1,5,1,
81,5,856,400,20,14,1,5,1,
81,6,754,363,49,18,1,5,1,
81,7,786,220,11,7,1,5,1,
81,9,850,267,18,14,1,5,1,
81,10,738,386,120,31,1,5,1,
81,11,866,143,15,17,1,5,1,
81,13,925,376,34,27,1,5,1,
81,14,861,378,29,15,1,5,1,
81,15,761,358,12,12,1,5,1,
81,16,944,335,15,15,1,5,1,
81,17,888,128,20,21,1,5,1,
81,18,895,325,30,18,1,5,1,
81,19,462,177,100,25,1,5,1,
82,1,744,236,10,10,1,5,1,
82,4,614,167,61,13,1,5,1,
82,5,859,399,19,14,1,5,1,
82,6,759,362,48,18,1,5,1,
82,9,851,267,18,14,1,5,1,
82,10,749,386,117,30,1,5,1,
82,11,865,144,15,17,1,5,1,
82,13,929,375,31,27,1,5,1,
82,14,860,377,28,15,1,5,1,
82,15,762,358,12,11,1,5,1,
82,16,943,334,16,16,1,5,1,
82,17,889,129,19,21,1,5,1,
82,18,898,325,30,18,1,5,1,
82,19,469,176,101,26,1,5,1,
83,1,743,237,11,9,1,5,1,
83,4,619,166,63,14,1,5,1,
83,5,861,398,19,14,1,5,1,
83,6,763,362,47,17,1,5,1,
83,9,851,267,18,14,1,5,1,
83,10,758,385,116,31,1,5,1,
83,11,864,145,15,16,1,5,1,
83,13,932,374,28,27,1,5,1,
83,14,858,376,29,15,1,5,1,
83,15,763,357,12,11,1,5,1,
83,16,943,334,16,15,1,5,1,
83,17,890,130,19,21,1,5,1,
83,18,901,324,29,18,1,5,1,
83,19,475,176,103,25,1,5,1,
84,1,741,237,14,9,1,5,1,
84,4,627,166,62,13,1,5,1,
84,5,864,397,18,14,1,5,1,
84,6,768,361,45,18,1,5,1,
84,9,851,267,18,14,1,5,1,
84,10,766,386,123,31,1,5,1,
84,11,863,146,15,16,1,5,1,
84,13,935,373,25,26,1,5,1,
84,14,856,375,29,15,1,5,1,
84,15,763,356,12,11,1,5,1,
84,16,942,333,17,15,1,5,1,
84,17,890,131,20,21,1,5,1,
84,18,904,324,31,17,1,5,1,
84,19,482,175,104,26,1,5,1,
85,1,740,237,13,9,1,5,1,
85,4,633,165,63,14,1,5,1,
85,5,866,396,18,14,1,5,1,
85,6,772,361,45,17,1,5,1,
85,9,852,267,18,13,1,5,1,
85,10,774,386,126,31,1,5,1,
85,11,862,147,15,16,1,5,1,
85,13,938,372,22,26,1,5,1,
85,14,854,375,29,14,1,5,1,
85,15,764,356,12,11,1,5,1,
85,16,942,333,17,15,1,5,1,
85,17,891,132,19,21,1,5,1,
85,18,907,324,30,17,1,5,1,
85,19,489,174,106,26,1,5,1,
86,1,739,237,12,10,1,5,1,
86,4,640,165,63,14,1,5,1,
86,5,868,395,18,14,1,5,1,
86,6,776,359,44,18,1,5,1,
86,9,852,267,18,13,1,5,1,
86,10,784,386,125,31,1,5,1,
86,11,861,148,15,16,1,5,1,
86,13,941,371,19,26,1,5,1,
86,14,852,374,30,14,1,5,1,
86,15,765,355,11,11,1,5,1,
86,16,941,332,18,15,1,5,1,
86,17,892,133,19,21,1,5,1,
86,18,911,324,29,17,1,5,1,
86,19,496,173,108,26,1,5,1,
87,1,738,238,12,9,1,5,1,
87,4,646,165,64,13,1,5,1,
87,5,871,394,16,14,1,5,1,
87,6,780,359,43,17,1,5,1,
87,9,852,267,18,13,1,5,1,
87,10,794,386,124,31,1,5,1,
87,11,860,149,15,16,1,5,1,
87,13,943,372,17,24,1,5,1,
87,14,851,373,29,14,1,5,1,
87,15,765,355,12,10,1,5,1,
87,16,940,332,19,14,1,5,1,
87,17,892,134,19,21,1,5,1,
87,18,915,323,27,17,1,5,1,
87,19,503,172,110,27,1,5,1,
88,1,736,238,15,9,1,5,1,
88,4,653,164,64,14,1,5,1,
88,5,873,393,16,13,1,5,1,
88,6,783,358,43,18,1,5,1,
88,9,853,267,17,13,1,5,1,
88,10,805,386,121,31,1,5,1,
88,11,858,150,16,16,1,5,1,
88,13,946,374,14,16,1,5,1,
88,14,849,372,29,14,1,5,1,
88,15,765,354,12,11,1,5,1,
88,16,939,331,20,15,1,5,1,
88,17,893,136,18,20,1,5,1,
88,18,918,323,27,16,1,5,1,
88,19,510,171,112,27,1,5,1,
89,1,736,238,13,9,1,5,1,
89,4,660,164,64,14,1,5,1,
89,5,874,392,17,13,1,5,1,
89,6,786,358,43,17,1,5,1,
89,9,853,267,17,13,1,5,1,
89,10,815,386,120,30,1,5,1,
89,11,857,151,16,15,1,5,1,
89,14,847,371,29,14,1,5,1,
89,15,766,353,12,11,1,5,1,
89,16,939,331,20,14,1,5,1,
89,17,893,137,18,20,1,5,1,
89,18,921,322,26,17,1,5,1,
89,19,517,171,114,27,1,5,1,
90,4,667,164,64,14,1,5,1,
90,5,876,391,16,13,1,5,1,
90,6,790,357,42,17,1,5,1,
90,9,853,267,17,13,1,5,1,
90,10,826,385,117,31,1,5,1,
90,11,856,152,16,15,1,5,1,
90,14,845,371,30,13,1,5,1,
90,15,766,353,12,10,1,5,1,
90,16,938,330,21,15,1,5,1,
90,17,893,138,19,19,1,5,1,
90,18,924,322,25,16,1,5,1,
90,19,524,170,116,27,1,5,1,
91,4,674,163,64,14,1,5,1,
91,5,877,390,16,13,1,5,1,
91,6,794,357,40,17,1,5,1,
91,9,853,267,17,13,1,5,1,
91,10,836,385,115,30,1,5,1,
91,11,855,153,16,15,1,5,1,
91,14,843,370,30,13,1,5,1,
91,15,767,352,11,11,1,5,1,
91,16,937,330,22,14,1,5,1,
91,17,894,139,18,19,1,5,1,
91,18,927,322,24,16,1,5,1,
91,19,532,169,118,27,1,5,1,
92,4,680,163,66,14,1,5,1,
92,5,879,389,16,13,1,5,1,
92,6,798,356,39,17,1,5,1,
92,9,853,267,17,13,1,5,1,
92,10,845,385,114,30,1,5,1,
92,11,854,153,16,16,1,5,1,
92,14,841,369,30,14,1,5,1,
92,15,767,352,11,10,1,5,1,
92,16,936,329,23,14,1,5,1,
92,17,894,140,18,19,1,5,1,
92,18,930,321,23,16,1,5,1,
92,19,539,168,120,28,1,5,1,
93,4,686,163,67,14,1,5,1,
93,5,880,388,16,13,1,5,1,
93,6,801,356,38,17,1,5,1,
93,9,853,267,17,13,1,5,1,
93,10,854,384,106,30,1,5,1,
93,11,853,154,16,15,1,5,1,
93,14,839,368,30,14,1,5,1,
93,15,767,351,12,11,1,5,1,
93,16,935,329,24,14,1,5,1,
93,17,894,141,18,19,1,5,1,
93,18,932,321,23,16,1,5,1,
93,19,546,167,123,28,1,5,1,
94,4,694,163,66,14,1,5,1,
94,5,881,387,16,13,1,5,1,
94,6,805,355,37,17,1,5,1,
94,9,853,267,17,13,1,5,1,
94,10,864,384,96,30,1,5,1,
94,11,852,155,16,15,1,5,1,
94,14,837,368,30,13,1,5,1,
94,15,767,350,12,11,1,5,1,
94,16,934,328,24,14,1,5,1,
94,17,894,142,18,19,1,5,1,
94,18,934,320,23,16,1,5,1,
94,19,554,166,125,29,1,5,1,
95,4,700,162,67,15,1,5,1,
95,5,882,387,16,12,1,5,1,
95,6,808,355,36,16,1,5,1,
95,9,853,267,17,13,1,5,1,
95,10,873,383,87,30,1,5,1,
95,11,850,156,17,15,1,5,1,
95,15,767,350,12,10,1,5,1,
95,16,933,328,25,14,1,5,1,
95,17,894,143,18,19,1,5,1,
95,18,936,320,23,16,1,5,1,
95,19,562,166,128,28,1,5,1,
96,4,707,162,67,14,1,5,1,
96,5,883,386,16,12,1,5,1,
96,6,811,354,36,17,1,5,1,
96,9,853,268,17,12,1,5,1,
96,10,882,383,78,28,1,5,1,
96,11,849,157,17,15,1,5,1,
96,15,767,349,12,11,1,5,1,
96,16,932,327,25,14,1,5,1,
96,17,894,144,18,18,1,5,1,
96,18,937,320,22,15,1,5,1,
96,19,570,165,130,28,1,5,1,
97,4,714,162,68,14,1,5,1,
97,5,884,385,16,12,1,5,1,
97,6,815,354,34,16,1,5,1,
97,9,853,268,17,12,1,5,1,
97,10,891,383,69,27,1,5,1,
97,11,848,158,16,14,1,5,1,
97,15,767,349,12,10,1,5,1,
97,16,932,327,23,13,1,5,1,
97,17,894,145,18,18,1,5,1,
97,18,939,319,20,16,1,5,1,
97,19,578,164,132,29,1,5,1,
98,4,725,162,64,14,1,5,1,
98,5,885,384,15,12,1,5,1,
98,6,820,353,31,16,1,5,1,
98,9,853,268,16,12,1,5,1,
98,10,906,384,54,25,1,5,1,
98,11,847,159,16,14,1,5,1,
98,15,767,348,11,10,1,5,1,
98,16,931,326,22,14,1,5,1,
98,17,894,146,18,18,1,5,1,
98,18,941,319,18,15,1,5,1,
98,19,591,163,130,29,1,5,1,
99,4,730,162,66,14,1,5,1,
99,5,886,383,15,12,1,5,1,
99,6,822,353,31,16,1,5,1,
99,9,853,268,16,12,1,5,1,
99,10,912,386,48,23,1,5,1,
99,11,846,160,15,14,1,5,1,
99,15,767,348,11,10,1,5,1,
99,16,930,326,22,13,1,5,1,
99,17,895,146,17,19,1,5,1,
99,18,942,319,18,15,1,5,1,
99,19,597,162,135,29,1,5,1,
100,4,735,161,68,15,1,5,1,
100,5,886,382,16,12,1,5,1,
100,6,824,352,31,17,1,5,1,
100,9,853,268,16,11,1,5,1,
100,10,918,388,42,19,1,5,1,
100,11,846,161,13,13,1,5,1,
100,15,767,347,11,10,1,5,1,
100,16,929,326,23,13,1,5,1,
100,17,895,147,17,19,1,5,1,
100,18,943,318,17,16,1,5,1,
100,19,604,161,139,30,1,5,1,
101,4,742,161,68,15,1,5,1,
101,5,887,381,15,12,1,5,1,
101,6,827,352,30,16,1,5,1,
101,9,853,268,16,11,1,5,1,
101,10,926,390,34,14,1,5,1,
101,11,846,162,12,13,1,5,1,
101,15,767,347,11,10,1,5,1,
101,16,929,325,21,13,1,5,1,
101,17,895,148,17,18,1,5,1,
101,18,945,318,15,15,1,5,1,
101,19,613,161,141,29,1,5,1,
102,4,749,161,68,14,1,5,1,
102,5,888,380,15,12,1,5,1,
102,6,830,351,29,16,1,5,1,
102,9,853,268,16,11,1,5,1,
102,11,845,162,12,14,1,5,1,
102,15,767,346,11,10,1,5,1,
102,16,928,325,22,13,1,5,1,
102,17,895,149,17,18,1,5,1,
102,18,946,318,14,15,1,5,1,
102,19,621,160,144,30,1,5,1,
103,4,755,161,69,14,1,5,1,
103,5,888,379,15,12,1,5,1,
103,6,832,351,28,16,1,5,1,
103,9,854,267,16,12,1,5,1,
103,16,925,324,24,13,1,5,1,
103,17,895,150,17,18,1,5,1,
103,18,947,317,13,15,1,5,1,
103,19,630,159,146,30,1,5,1,
104,4,761,161,70,14,1,5,1,
104,5,888,378,15,12,1,5,1,
104,6,834,350,28,16,1,5,1,
104,9,854,267,16,12,1,5,1,
104,16,923,323,26,14,1,5,1,
104,17,895,151,17,17,1,5,1,
104,18,948,318,12,14,1,5,1,
104,19,638,159,150,30,1,5,1,
105,4,770,161,67,14,1,5,1,
105,5,889,377,15,12,1,5,1,
105,6,837,350,26,16,1,5,1,
105,9,854,267,16,11,1,5,1,
105,16,921,323,26,13,1,5,1,
105,17,895,152,17,17,1,5,1,
105,18,949,319,11,12,1,5,1,
105,19,649,158,150,30,1,5,1,
106,4,775,161,69,14,1,5,1,
106,5,889,377,15,11,1,5,1,
106,6,839,349,26,16,1,5,1,
106,9,854,267,16,11,1,5,1,
106,16,920,322,25,14,1,5,1,
106,17,895,153,17,17,1,5,1,
106,19,657,157,153,31,1,5,1,
107,4,783,161,68,14,1,5,1,
107,5,889,376,15,11,1,5,1,
107,6,842,348,25,16,1,5,1,
107,9,854,267,16,11,1,5,1,
107,16,919,322,23,13,1,5,1,
107,17,895,153,17,18,1,5,1,
107,19,668,157,152,30,1,5,1,
108,4,788,161,69,14,1,5,1,
108,5,889,375,15,12,1,5,1,
108,6,844,348,24,16,1,5,1,
108,9,854,267,15,11,1,5,1,
108,16,918,322,22,13,1,5,1,
108,17,895,154,16,17,1,5,1,
108,19,675,156,156,31,1,5,1,
109,4,795,161,68,14,1,5,1,
109,5,889,374,15,12,1,5,1,
109,6,846,347,24,16,1,5,1,
109,9,853,267,16,11,1,5,1,
109,16,917,321,21,13,1,5,1,
109,17,895,155,16,17,1,5,1,
109,19,685,156,156,31,1,5,1,
110,4,801,161,67,14,1,5,1,
110,5,890,373,14,12,1,5,1,
110,6,848,347,23,16,1,5,1,
110,9,853,268,15,10,1,5,1,
110,16,917,321,19,13,1,5,1,
110,17,895,156,16,17,1,5,1,
110,19,694,155,156,32,1,5,1,
111,4,809,161,64,15,1,5,1,
111,5,890,372,14,12,1,5,1,
111,6,850,346,23,16,1,5,1,
111,9,853,268,15,10,1,5,1,
111,16,916,321,18,12,1,5,1,
111,17,894,157,16,16,1,5,1,
111,19,707,155,153,32,1,5,1,
112,4,816,161,62,15,1,5,1,
112,5,889,372,15,11,1,5,1,
112,6,852,346,22,15,1,5,1,
112,9,852,268,16,10,1,5,1,
112,16,916,320,18,13,1,5,1,
112,17,894,157,16,17,1,5,1,
112,19,717,155,152,31,1,5,1,
113,4,823,161,61,15,1,5,1,
113,5,889,371,14,11,1,5,1,
113,6,854,345,21,16,1,5,1,
113,9,852,268,15,10,1,5,1,
113,16,916,320,18,12,1,5,1,
113,17,894,158,15,17,1,5,1,
113,19,728,155,150,31,1,5,1,
114,4,829,162,60,14,1,5,1,
114,5,889,370,14,11,1,5,1,
114,6,856,345,20,15,1,5,1,
114,9,852,268,15,10,1,5,1,
114,16,916,320,18,12,1,5,1,
114,17,893,159,16,16,1,5,1,
114,19,738,155,150,31,1,5,1,
115,4,836,162,58,14,1,5,1,
115,5,889,369,14,11,1,5,1,
115,6,857,344,20,16,1,5,1,
115,9,852,268,14,10,1,5,1,
115,16,915,319,18,13,1,5,1,
115,17,893,160,15,16,1,5,1,
115,19,749,154,148,32,1,5,1,
116,4,841,162,58,15,1,5,1,
116,5,889,368,13,12,1,5,1,
116,6,859,344,19,15,1,5,1,
116,9,851,268,15,10,1,5,1,
116,16,915,319,17,12,1,5,1,
116,17,892,161,16,16,1,5,1,
116,19,759,154,147,32,1,5,1,
117,4,847,163,57,14,1,5,1,
117,5,888,368,14,11,1,5,1,
117,6,860,343,19,15,1,5,1,
117,9,851,268,14,10,1,5,1,
117,16,914,319,18,12,1,5,1,
117,17,892,161,15,16,1,5,1,
117,19,770,154,145,32,1,5,1,
118,4,853,163,55,14,1,5,1,
118,5,888,367,13,11,1,5,1,
118,6,861,343,19,15,1,5,1,
118,9,850,268,15,10,1,5,1,
118,16,913,318,19,12,1,5,1,
118,17,891,162,16,16,1,5,1,
118,19,779,155,145,31,1,5,1,
119,4,859,163,54,15,1,5,1,
119,5,888,366,13,11,1,5,1,
119,6,861,342,20,15,1,5,1,
119,9,850,268,14,10,1,5,1,
119,16,912,318,20,12,1,5,1,
119,17,891,163,15,16,1,5,1,
119,19,791,155,142,31,1,5,1,
120,4,864,164,54,14,1,5,1,
120,5,887,365,13,11,1,5,1,
120,6,862,342,20,15,1,5,1,
120,9,849,268,15,10,1,5,1,
120,16,911,318,20,11,1,5,1,
120,17,890,164,15,15,1,5,1,
120,19,800,155,142,32,1,5,1,
121,4,870,164,52,14,1,5,1,
121,5,887,365,13,10,1,5,1,
121,6,863,341,19,15,1,5,1,
121,9,849,268,14,10,1,5,1,
121,16,909,317,21,12,1,5,1,
121,17,890,165,15,15,1,5,1,
121,19,812,155,139,32,1,5,1,
122,4,875,164,51,15,1,5,1,
122,5,886,364,13,11,1,5,1,
122,6,864,341,19,15,1,5,1,
122,9,848,268,14,10,1,5,1,
122,16,908,317,22,12,1,5,1,
122,17,889,165,15,16,1,5,1,
122,19,821,155,138,32,1,5,1,
123,4,881,165,50,14,1,5,1,
123,5,885,363,13,11,1,5,1,
123,6,864,340,20,15,1,5,1,
123,9,848,268,14,10,1,5,1,
123,16,907,317,22,11,1,5,1,
123,17,888,166,15,15,1,5,1,
123,19,831,155,128,32,1,5,1,
124,4,886,165,49,14,1,5,1,
124,5,885,362,12,11,1,5,1,
124,6,865,340,19,14,1,5,1,
124,16,906,316,22,12,1,5,1,
124,17,887,167,16,15,1,5,1,
124,19,841,155,119,32,1,5,1,
125,4,891,166,48,14,1,5,1,
125,5,884,362,13,10,1,5,1,
125,6,866,339,19,15,1,5,1,
125,16,905,316,22,11,1,5,1,
125,17,886,167,16,16,1,5,1,
125,19,850,156,110,31,1,5,1,
126,4,895,166,48,14,1,5,1,
126,5,884,361,12,10,1,5,1,
126,6,866,339,19,14,1,5,1,
126,16,904,316,22,11,1,5,1,
126,17,885,168,17,15,1,5,1,
126,19,859,156,101,32,1,5,1,
127,4,900,166,46,14,1,5,1,
127,5,884,360,12,10,1,5,1,
127,6,867,338,19,15,1,5,1,
127,16,904,316,20,11,1,5,1,
127,17,884,169,17,15,1,5,1,
127,19,870,157,90,31,1,5,1,
128,4,905,167,45,14,1,5,1,
128,5,883,360,12,10,1,5,1,
128,6,868,338,18,14,1,5,1,
128,16,904,316,19,10,1,5,1,
128,17,882,170,18,15,1,5,1,
128,19,879,157,81,32,1,5,1,
129,4,909,167,44,15,1,5,1,
129,5,883,359,11,10,1,5,1,
129,6,868,338,19,14,1,5,1,
129,16,903,315,18,11,1,5,1,
129,17,881,170,18,15,1,5,1,
129,19,888,157,72,32,1,5,1,
130,4,914,168,42,15,1,5,1,
130,5,882,358,12,10,1,5,1,
130,6,869,337,18,14,1,5,1,
130,16,902,315,19,11,1,5,1,
130,17,880,171,18,15,1,5,1,
130,19,897,158,63,29,1,5,1,
131,4,919,169,39,15,1,5,1,
131,5,881,358,12,10,1,5,1,
131,6,869,337,18,14,1,5,1,
131,16,901,315,19,10,1,5,1,
131,17,879,172,18,15,1,5,1,
131,19,906,159,54,24,1,5,1,
132,4,923,169,36,16,1,5,1,
132,5,880,357,13,10,1,5,1,
132,6,869,336,18,14,1,5,1,
132,17,877,173,19,14,1,5,1,
132,19,913,162,47,18,1,5,1,
133,4,926,170,34,15,1,5,1,
133,5,880,356,12,10,1,5,1,
133,6,869,336,19,14,1,5,1,
133,17,876,173,19,15,1,5,1,
133,19,921,162,39,15,1,5,1,
134,4,929,171,31,15,1,5,1,
134,5,879,356,13,10,1,5,1,
134,6,870,335,18,14,1,5,1,
134,17,875,174,19,15,1,5,1,
135,4,931,171,29,15,1,5,1,
135,5,878,355,13,10,1,5,1,
135,6,870,335,18,14,1,5,1,
135,17,874,175,19,14,1,5,1,
136,4,934,172,26,15,1,5,1,
136,5,877,354,14,10,1,5,1,
136,6,870,335,18,13,1,5,1,
137,4,937,173,23,14,1,5,1,
137,5,876,354,14,10,1,5,1,
137,6,871,334,16,14,1,5,1,
138,4,940,173,20,13,1,5,1,
138,5,875,353,15,10,1,5,1,
138,6,870,334,16,13,1,5,1,
139,4,942,174,18,12,1,5,1,
139,5,874,353,15,10,1,5,1,
139,6,869,334,17,13,1,5,1,
140,4,945,174,15,9,1,5,1,
140,5,873,352,15,10,1,5,1,
140,6,868,333,18,13,1,5,1,
141,4,947,175,13,8,1,5,1,
141,5,872,351,16,11,1,5,1,
141,6,867,333,18,13,1,5,1,
142,5,870,351,17,10,1,5,1,
142,6,866,332,19,13,1,5,1,
143,5,869,350,17,10,1,5,1,
143,6,865,332,20,13,1,5,1,
144,5,868,350,16,9,1,5,1,
144,6,864,331,21,13,1,5,1,
145,5,867,349,16,10,1,5,1,
145,6,863,331,22,12,1,5,1,
146,5,865,348,17,10,1,5,1,
146,6,862,330,22,13,1,5,1,
147,5,864,348,17,9,1,5,1,
147,6,861,330,23,12,1,5,1,
148,5,861,347,19,10,1,5,1,
148,6,859,329,24,13,1,5,1,
149,5,859,347,20,9,1,5,1,
149,6,858,329,24,12,1,5,1,
149,13,950,328,9,12,1,5,1,
150,5,858,346,20,10,1,5,1,
150,6,857,329,24,12,1,5,1,
150,13,949,327,10,12,1,5,1,
