1,1,652,349,140,43,1,5,1,
1,2,0,62,42,16,1,5,1,
1,3,383,129,67,25,1,5,1,
1,4,496,185,38,13,1,5,1,
1,5,206,414,35,48,1,5,1,
1,6,438,33,43,15,1,5,1,
1,7,493,221,88,22,1,5,1,
1,8,572,263,19,16,1,5,1,
1,9,149,280,74,16,1,5,1,
1,10,323,396,12,15,1,5,1,
1,11,213,368,108,42,1,5,1,
1,12,0,289,86,23,1,5,1,
1,13,753,375,89,21,1,5,1,
1,14,439,264,75,29,1,5,1,
1,15,0,145,101,21,1,5,1,
1,16,386,431,82,21,1,5,1,
1,17,201,330,115,29,1,5,1,
1,18,773,463,46,72,1,5,1,
1,19,171,291,54,13,1,5,1,
1,20,608,0,39,88,1,5,1,
1,21,387,208,15,17,1,5,1,
1,22,824,75,135,54,1,5,1,
1,23,460,396,19,17,1,5,1,
1,24,429,113,55,44,1,5,1,
1,25,522,377,10,11,1,5,1,
1,26,934,160,25,17,1,5,1,
1,27,0,478,127,48,1,5,1,
1,28,448,463,19,31,1,5,1,
1,29,763,392,122,32,1,5,1,
2,1,660,351,150,43,1,5,1,
2,2,0,62,49,17,1,5,1,
2,3,388,129,68,27,1,5,1,
2,4,498,184,43,13,1,5,1,
2,5,202,418,43,48,1,5,1,
2,6,433,30,42,18,1,5,1,
2,7,502,221,87,22,1,5,1,
2,8,573,262,20,17,1,5,1,
2,9,144,280,73,16,1,5,1,
2,10,325,395,12,15,1,5,1,
2,11,201,370,108,44,1,5,1,
2,12,0,289,96,22,1,5,1,
2,13,765,375,87,21,1,5,1,
2,14,440,265,63,28,1,5,1,
2,15,-9,143,103,23,1,5,1,
2,16,393,431,81,21,1,5,1,
2,17,210,329,118,28,1,5,1,
2,18,769,465,59,77,1,5,1,
2,19,166,291,53,13,1,5,1,
2,20,608,6,37,88,1,5,1,
2,21,389,208,14,19,1,5,1,
2,22,818,73,141,60,1,5,1,
2,23,460,395,15,17,1,5,1,
2,24,432,108,44,47,1,5,1,
2,25,522,376,11,11,1,5,1,
2,26,929,161,30,17,1,5,1,
2,27,0,474,141,51,1,5,1,
2,28,450,460,18,31,1,5,1,
2,29,758,389,115,36,1,5,1,
3,1,670,354,158,42,1,5,1,
3,2,0,62,56,18,1,5,1,
3,3,394,130,68,28,1,5,1,
3,4,502,183,46,13,1,5,1,
3,5,200,422,58,47,1,5,1,
3,6,428,26,40,21,1,5,1,
3,7,511,222,85,22,1,5,1,
3,8,572,262,24,17,1,5,1,
3,9,140,280,69,16,1,5,1,
3,10,325,393,16,15,1,5,1,
3,11,190,372,106,47,1,5,1,
3,12,0,289,107,21,1,5,1,
3,13,778,375,81,21,1,5,1,
3,14,441,265,50,28,1,5,1,
3,15,-24,141,109,24,1,5,1,
3,16,400,431,82,21,1,5,1,
3,17,220,328,120,27,1,5,1,
3,18,766,468,75,75,1,5,1,
3,19,162,291,52,14,1,5,1,
3,20,611,15,35,84,1,5,1,
3,21,389,209,17,19,1,5,1,
3,22,814,64,145,73,1,5,1,
3,23,460,393,14,18,1,5,1,
3,24,434,103,42,49,1,5,1,
3,25,524,375,10,11,1,5,1,
3,26,922,162,34,18,1,5,1,
3,27,1,470,155,52,1,5,1,
3,28,452,456,18,31,1,5,1,
3,29,755,385,105,39,1,5,1,
4,1,682,356,163,40,1,5,1,
4,2,8,64,54,17,1,5,1,
4,3,399,132,69,27,1,5,1,
4,4,506,182,49,13,1,5,1,
4,5,199,427,74,44,1,5,1,
4,6,424,22,37,23,1,5,1,
4,7,522,223,81,22,1,5,1,
4,8,572,261,31,17,1,5,1,
4,9,132,281,73,15,1,5,1,
4,10,326,391,20,16,1,5,1,
4,11,181,374,101,49,1,5,1,
4,12,0,288,117,22,1,5,1,
4,13,792,375,73,20,1,5,1,
4,14,439,266,41,27,1,5,1,
4,15,-38,139,114,24,1,5,1,
4,16,406,429,82,21,1,5,1,
4,17,232,327,120,27,1,5,1,
4,18,764,471,86,72,1,5,1,
4,19,158,291,49,15,1,5,1,
4,20,614,24,34,79,1,5,1,
4,21,388,210,22,20,1,5,1,
4,22,812,65,138,75,1,5,1,
4,23,462,392,13,17,1,5,1,
4,24,433,98,44,51,1,5,1,
4,25,525,374,10,11,1,5,1,
4,26,915,163,38,18,1,5,1,
4,27,16,468,154,47,1,5,1,
4,28,456,453,16,30,1,5,1,
4,29,753,382,94,39,1,5,1,
5,1,696,359,165,38,1,5,1,
5,2,16,66,52,16,1,5,1,
5,3,404,135,69,25,1,5,1,
5,4,511,181,52,13,1,5,1,
5,5,200,433,89,39,1,5,1,
5,6,421,16,34,27,1,5,1,
5,7,532,224,78,22,1,5,1,
5,8,572,260,39,18,1,5,1,
5,9,124,281,77,15,1,5,1,
5,10,327,389,24,16,1,5,1,
5,11,173,376,95,52,1,5,1,
5,12,8,288,118,21,1,5,1,
5,13,806,375,64,19,1,5,1,
5,14,439,266,31,27,1,5,1,
5,15,-54,138,119,23,1,5,1,
5,16,413,428,82,22,1,5,1,
5,17,244,326,119,26,1,5,1,
5,18,763,475,97,69,1,5,1,
5,19,155,292,46,14,1,5,1,
5,20,613,32,39,75,1,5,1,
5,21,387,211,27,20,1,5,1,
5,22,812,70,116,73,1,5,1,
5,23,464,391,12,17,1,5,1,
5,24,434,93,45,53,1,5,1,
5,25,526,373,11,10,1,5,1,
5,26,909,165,39,18,1,5,1,
5,27,32,465,151,44,1,5,1,
5,28,459,451,16,28,1,5,1,
5,29,752,379,82,39,1,5,1,
6,1,711,361,163,37,1,5,1,
6,2,25,68,48,15,1,5,1,
6,3,409,138,69,23,1,5,1,
6,4,516,180,54,13,1,5,1,
6,5,207,436,94,39,1,5,1,
6,6,419,9,30,31,1,5,1,
6,7,538,223,81,23,1,5,1,
6,8,574,259,46,18,1,5,1,
6,9,116,281,80,15,1,5,1,
6,10,329,388,27,15,1,5,1,
6,11,166,378,88,57,1,5,1,
6,12,20,288,115,21,1,5,1,
6,13,816,374,62,20,1,5,1,
6,14,440,267,30,26,1,5,1,
6,15,-69,133,122,27,1,5,1,
6,16,420,428,82,21,1,5,1,
6,17,257,325,117,27,1,5,1,
6,18,764,479,113,65,1,5,1,
6,19,153,292,41,14,1,5,1,
6,20,610,41,51,69,1,5,1,
6,21,388,212,31,20,1,5,1,
6,22,813,75,95,70,1,5,1,
6,23,466,390,12,16,1,5,1,
6,24,437,88,46,54,1,5,1,
6,25,526,372,15,10,1,5,1,
6,26,904,167,39,17,1,5,1,
6,27,48,464,147,38,1,5,1,
6,28,463,449,14,27,1,5,1,
6,29,752,377,70,38,1,5,1,
7,1,729,362,157,37,1,5,1,
7,2,33,69,44,14,1,5,1,
7,3,414,142,69,21,1,5,1,
7,4,522,180,55,13,1,5,1,
7,5,217,439,95,40,1,5,1,
7,6,417,3,26,34,1,5,1,
7,7,545,223,82,22,1,5,1,
7,8,576,258,54,18,1,5,1,
7,9,109,281,81,15,1,5,1,
7,10,331,387,31,14,1,5,1,
7,11,161,381,79,61,1,5,1,
7,12,31,288,112,21,1,5,1,
7,13,825,373,60,20,1,5,1,
7,14,442,267,29,26,1,5,1,
7,15,-84,128,124,30,1,5,1,
7,16,427,428,82,21,1,5,1,
7,17,270,325,114,26,1,5,1,
7,18,766,485,129,59,1,5,1,
7,19,152,292,35,14,1,5,1,
7,20,608,50,63,62,1,5,1,
7,21,389,213,35,20,1,5,1,
7,22,815,80,74,68,1,5,1,
7,23,465,389,17,16,1,5,1,
7,24,435,82,54,57,1,5,1,
7,25,527,371,18,10,1,5,1,
7,26,899,168,38,17,1,5,1,
7,27,64,463,143,34,1,5,1,
7,28,463,446,19,26,1,5,1,
7,29,754,374,56,37,1,5,1,
8,1,747,362,148,37,1,5,1,
8,2,40,71,41,13,1,5,1,
8,3,419,145,69,18,1,5,1,
8,4,529,180,55,13,1,5,1,
8,5,231,439,89,45,1,5,1,
8,6,417,-2,21,35,1,5,1,
8,7,552,223,84,22,1,5,1,
8,8,579,257,61,18,1,5,1,
8,9,101,281,83,15,1,5,1,
8,10,334,386,34,13,1,5,1,
8,11,159,384,67,65,1,5,1,
8,12,43,288,108,20,1,5,1,
8,13,834,373,58,19,1,5,1,
8,14,446,268,27,25,1,5,1,
8,16,434,427,82,21,1,5,1,
8,17,283,325,111,26,1,5,1,
8,18,770,491,144,53,1,5,1,
8,19,151,292,30,15,1,5,1,
8,20,608,58,73,56,1,5,1,
8,21,391,215,38,19,1,5,1,
8,22,812,86,60,64,1,5,1,
8,23,465,388,22,15,1,5,1,
8,24,430,78,76,56,1,5,1,
8,25,529,371,19,9,1,5,1,
8,26,894,169,38,17,1,5,1,
8,27,79,462,139,30,1,5,1,
8,28,463,444,24,25,1,5,1,
8,29,755,372,45,35,1,5,1,
9,1,767,362,134,36,1,5,1,
9,2,47,72,36,12,1,5,1,
9,3,423,146,70,18,1,5,1,
9,4,536,179,54,14,1,5,1,
9,5,240,442,93,45,1,5,1,
9,6,418,-8,15,36,1,5,1,
9,7,560,223,83,22,1,5,1,
9,8,583,256,68,18,1,5,1,
9,9,94,280,83,17,1,5,1,
9,10,337,385,36,12,1,5,1,
9,11,160,387,52,69,1,5,1,
9,12,54,288,104,20,1,5,1,
9,13,842,372,57,19,1,5,1,
9,14,443,268,34,25,1,5,1,
9,16,440,427,83,21,1,5,1,
9,17,296,325,108,27,1,5,1,
9,18,776,498,157,46,1,5,1,
9,19,152,292,23,15,1,5,1,
9,20,610,66,82,48,1,5,1,
9,21,393,217,42,18,1,5,1,
9,22,812,91,45,61,1,5,1,
9,23,465,388,26,14,1,5,1,
9,24,426,73,98,57,1,5,1,
9,25,531,370,20,9,1,5,1,
9,26,889,171,38,16,1,5,1,
9,27,95,462,134,29,1,5,1,
9,28,463,442,31,23,1,5,1,
9,29,754,370,36,33,1,5,1,
10,1,784,361,124,36,1,5,1,
10,2,54,73,31,12,1,5,1,
10,3,428,146,70,18,1,5,1,
10,4,544,180,51,13,1,5,1,
10,5,251,444,93,48,1,5,1,
10,6,417,-15,14,38,1,5,1,
10,7,568,223,83,22,1,5,1,
10,8,588,255,74,19,1,5,1,
10,9,87,280,83,17,1,5,1,
10,10,341,384,38,11,1,5,1,
10,11,161,392,47,71,1,5,1,
10,12,66,288,98,20,1,5,1,
10,13,850,371,56,20,1,5,1,
10,14,441,269,44,25,1,5,1,
10,16,447,427,83,21,1,5,1,
10,17,308,325,105,27,1,5,1,
10,18,784,505,168,39,1,5,1,
10,19,152,293,19,14,1,5,1,
10,20,613,73,92,42,1,5,1,
10,21,396,219,44,17,1,5,1,
10,22,813,97,41,56,1,5,1,
10,23,466,387,30,14,1,5,1,
10,24,424,69,119,55,1,5,1,
10,25,534,369,20,10,1,5,1,
10,26,884,172,38,16,1,5,1,
10,27,110,462,128,29,1,5,1,
10,28,464,441,36,20,1,5,1,
10,29,755,369,28,30,1,5,1,
11,1,802,361,113,36,1,5,1,
11,2,60,73,27,11,1,5,1,
11,3,434,146,69,18,1,5,1,
11,4,551,180,49,14,1,5,1,
11,5,260,448,98,48,1,5,1,
11,6,421,-22,5,39,1,5,1,
11,7,575,223,84,22,1,5,1,
11,8,594,253,79,20,1,5,1,
11,9,80,280,82,17,1,5,1,
11,10,345,384,40,10,1,5,1,
11,11,158,396,50,73,1,5,1,
11,12,77,288,92,20,1,5,1,
11,13,858,371,56,19,1,5,1,
11,14,439,269,53,25,1,5,1,
11,16,454,426,82,22,1,5,1,
11,17,320,326,101,27,1,5,1,
11,18,794,513,166,31,1,5,1,
11,19,151,293,19,15,1,5,1,
11,20,619,78,99,38,1,5,1,
11,21,399,221,46,16,1,5,1,
11,22,815,103,40,51,1,5,1,
11,23,467,387,34,13,1,5,1,
11,24,424,66,139,54,1,5,1,
11,25,536,369,22,9,1,5,1,
11,26,879,174,38,15,1,5,1,
11,27,125,463,121,28,1,5,1,
11,28,466,439,41,19,1,5,1,
11,29,757,367,25,28,1,5,1,
12,1,824,362,97,35,1,5,1,
12,2,66,73,21,11,1,5,1,
12,3,439,146,68,18,1,5,1,
12,4,559,180,45,14,1,5,1,
12,5,269,451,104,49,1,5,1,
12,7,584,223,83,21,1,5,1,
12,8,602,252,82,20,1,5,1,
12,9,74,280,79,17,1,5,1,
12,10,350,383,41,10,1,5,1,
12,11,159,402,51,73,1,5,1,
12,12,89,288,85,20,1,5,1,
12,13,867,370,54,19,1,5,1,
12,14,439,270,61,25,1,5,1,
12,16,461,426,83,22,1,5,1,
12,17,331,327,98,28,1,5,1,
12,19,151,293,20,15,1,5,1,
12,20,626,82,105,33,1,5,1,
12,21,404,222,47,15,1,5,1,
12,22,819,108,39,46,1,5,1,
12,23,470,387,36,12,1,5,1,
12,24,426,64,157,51,1,5,1,
12,25,540,368,21,9,1,5,1,
12,26,875,175,36,15,1,5,1,
12,27,139,463,116,29,1,5,1,
12,28,471,437,41,18,1,5,1,
12,29,759,367,25,24,1,5,1,
13,1,837,361,93,35,1,5,1,
13,2,71,73,17,10,1,5,1,
13,3,445,146,67,19,1,5,1,
13,4,566,180,43,15,1,5,1,
13,5,278,455,110,49,1,5,1,
13,7,593,223,82,21,1,5,1,
13,8,610,252,85,19,1,5,1,
13,9,69,280,76,17,1,5,1,
13,10,355,383,42,10,1,5,1,
13,11,162,407,52,74,1,5,1,
13,12,100,288,77,20,1,5,1,
13,13,875,369,53,19,1,5,1,
13,14,440,271,69,24,1,5,1,
13,16,468,427,82,21,1,5,1,
13,17,339,327,99,29,1,5,1,
13,19,152,294,20,14,1,5,1,
13,20,636,83,104,33,1,5,1,
13,21,408,223,49,14,1,5,1,
13,22,817,113,46,42,1,5,1,
13,23,472,386,39,12,1,5,1,
13,24,430,62,173,51,1,5,1,
13,25,543,367,21,9,1,5,1,
13,26,870,176,36,15,1,5,1,
13,27,150,464,116,28,1,5,1,
13,28,477,435,40,18,1,5,1,
13,29,763,366,24,22,1,5,1,
14,1,847,360,91,35,1,5,1,
14,2,74,72,15,10,1,5,1,
14,3,449,146,67,19,1,5,1,
14,4,571,181,43,14,1,5,1,
14,5,288,459,116,48,1,5,1,
14,7,600,223,83,21,1,5,1,
14,8,618,251,87,19,1,5,1,
14,9,64,280,73,17,1,5,1,
14,10,359,383,43,10,1,5,1,
14,11,158,413,63,73,1,5,1,
14,12,109,288,70,20,1,5,1,
14,13,882,369,52,19,1,5,1,
14,14,443,271,74,24,1,5,1,
14,16,475,427,83,21,1,5,1,
14,17,346,328,103,28,1,5,1,
14,19,152,294,22,15,1,5,1,
14,20,646,84,103,33,1,5,1,
14,21,413,224,50,13,1,5,1,
14,22,817,116,51,40,1,5,1,
14,23,474,386,42,12,1,5,1,
14,24,435,61,187,51,1,5,1,
14,25,545,367,22,9,1,5,1,
14,26,865,177,36,15,1,5,1,
14,27,159,464,117,28,1,5,1,
14,28,482,434,40,17,1,5,1,
14,29,760,366,35,21,1,5,1,
15,1,858,360,87,34,1,5,1,
15,2,74,70,15,11,1,5,1,
15,3,455,145,64,20,1,5,1,
15,4,577,181,42,15,1,5,1,
15,5,299,462,122,49,1,5,1,
15,7,608,223,83,21,1,5,1,
15,8,627,250,87,20,1,5,1,
15,9,61,281,67,17,1,5,1,
15,10,364,383,44,9,1,5,1,
15,11,152,420,88,70,1,5,1,
15,12,119,288,61,20,1,5,1,
15,13,889,368,52,19,1,5,1,
15,14,446,272,80,24,1,5,1,
15,16,481,427,84,21,1,5,1,
15,17,354,328,105,29,1,5,1,
15,19,152,294,24,15,1,5,1,
15,20,656,84,101,33,1,5,1,
15,21,418,224,50,13,1,5,1,
15,22,822,117,49,40,1,5,1,
15,23,477,386,43,12,1,5,1,
15,24,443,60,196,52,1,5,1,
15,25,548,366,23,9,1,5,1,
15,26,860,179,36,14,1,5,1,
15,27,170,464,117,28,1,5,1,
15,28,487,432,39,17,1,5,1,
15,29,761,366,39,20,1,5,1,
16,1,869,359,83,33,1,5,1,
16,2,73,68,14,12,1,5,1,
16,3,460,146,64,19,1,5,1,
16,4,583,182,41,14,1,5,1,
16,5,311,466,128,49,1,5,1,
16,7,616,224,82,20,1,5,1,
16,8,637,249,85,20,1,5,1,
16,9,58,281,62,17,1,5,1,
16,10,370,383,43,9,1,5,1,
16,11,149,427,113,65,1,5,1,
16,12,128,288,51,21,1,5,1,
16,13,897,368,49,18,1,5,1,
16,14,450,272,85,24,1,5,1,
16,16,488,428,84,21,1,5,1,
16,17,363,329,107,28,1,5,1,
16,19,153,294,25,15,1,5,1,
16,20,666,85,99,33,1,5,1,
16,21,423,224,50,13,1,5,1,
16,22,826,119,48,39,1,5,1,
16,23,481,385,44,12,1,5,1,
16,24,453,59,202,53,1,5,1,
16,25,552,366,22,8,1,5,1,
16,26,856,180,35,14,1,5,1,
16,27,180,464,117,29,1,5,1,
16,28,492,430,39,17,1,5,1,
16,29,765,365,38,20,1,5,1,
17,1,879,358,79,33,1,5,1,
17,2,71,66,14,12,1,5,1,
17,3,465,146,64,20,1,5,1,
17,4,588,183,40,14,1,5,1,
17,5,323,470,134,49,1,5,1,
17,7,625,224,80,21,1,5,1,
17,8,648,249,82,20,1,5,1,
17,9,57,281,54,17,1,5,1,
17,10,375,383,43,10,1,5,1,
17,11,149,434,136,60,1,5,1,
17,12,137,288,41,21,1,5,1,
17,13,905,367,47,18,1,5,1,
17,14,456,272,88,23,1,5,1,
17,16,495,428,84,22,1,5,1,
17,17,372,329,109,29,1,5,1,
17,19,155,294,25,16,1,5,1,
17,20,675,85,98,34,1,5,1,
17,21,429,224,49,13,1,5,1,
17,22,831,120,45,39,1,5,1,
17,23,485,385,44,12,1,5,1,
17,24,465,59,205,53,1,5,1,
17,25,555,365,22,9,1,5,1,
17,26,851,181,35,14,1,5,1,
17,27,191,464,117,29,1,5,1,
17,28,497,429,39,16,1,5,1,
17,29,770,364,36,20,1,5,1,
18,1,890,357,70,33,1,5,1,
18,2,66,64,20,14,1,5,1,
18,3,470,147,64,19,1,5,1,
18,4,593,183,40,14,1,5,1,
18,5,335,476,142,47,1,5,1,
18,7,633,224,80,21,1,5,1,
18,8,659,248,76,21,1,5,1,
18,9,57,281,46,18,1,5,1,
18,10,381,383,41,10,1,5,1,
18,11,152,441,158,56,1,5,1,
18,12,144,288,34,22,1,5,1,
18,13,912,366,45,19,1,5,1,
18,14,462,272,91,23,1,5,1,
18,16,502,429,84,22,1,5,1,
18,17,381,329,111,30,1,5,1,
18,19,156,295,26,15,1,5,1,
18,20,685,86,96,33,1,5,1,
18,21,434,224,49,13,1,5,1,
18,22,836,122,42,38,1,5,1,
18,23,489,385,45,12,1,5,1,
18,24,479,58,203,55,1,5,1,
18,25,558,364,22,9,1,5,1,
18,26,849,182,31,14,1,5,1,
18,27,201,465,117,28,1,5,1,
18,28,501,427,40,16,1,5,1,
18,29,774,363,34,20,1,5,1,
19,1,900,356,60,32,1,5,1,
19,2,60,61,27,16,1,5,1,
19,3,475,147,63,20,1,5,1,
19,4,599,184,39,14,1,5,1,
19,5,349,480,148,46,1,5,1,
19,7,641,224,79,21,1,5,1,
19,8,670,248,70,21,1,5,1,
19,9,58,281,37,18,1,5,1,
19,10,386,383,42,10,1,5,1,
19,11,159,448,175,50,1,5,1,
19,12,150,288,29,22,1,5,1,
19,13,919,365,40,19,1,5,1,
19,14,469,272,92,23,1,5,1,
19,16,508,429,85,23,1,5,1,
19,17,390,330,113,29,1,5,1,
19,19,158,295,26,16,1,5,1,
19,20,695,86,93,34,1,5,1,
19,21,439,224,49,13,1,5,1,
19,22,840,123,41,38,1,5,1,
19,23,494,384,44,12,1,5,1,
19,24,494,58,204,55,1,5,1,
19,25,561,364,22,8,1,5,1,
19,26,848,183,26,13,1,5,1,
19,27,212,465,117,28,1,5,1,
19,28,506,426,41,15,1,5,1,
19,29,779,362,32,20,1,5,1,
20,1,909,355,51,31,1,5,1,
20,2,54,58,32,17,1,5,1,
20,3,480,148,62,19,1,5,1,
20,4,604,184,38,14,1,5,1,
20,5,364,483,153,46,1,5,1,
20,7,649,224,78,21,1,5,1,
20,8,681,248,62,20,1,5,1,
20,9,60,281,27,18,1,5,1,
20,10,391,384,42,10,1,5,1,
20,11,170,449,188,50,1,5,1,
20,12,150,288,31,23,1,5,1,
20,13,926,365,34,18,1,5,1,
20,14,477,272,92,22,1,5,1,
20,16,515,430,86,23,1,5,1,
20,17,400,330,115,30,1,5,1,
20,19,159,295,28,16,1,5,1,
20,20,705,87,90,34,1,5,1,
20,21,443,224,50,13,1,5,1,
20,22,845,125,39,37,1,5,1,
20,23,499,384,43,12,1,5,1,
20,24,511,58,202,55,1,5,1,
20,25,565,363,21,9,1,5,1,
20,26,848,184,21,13,1,5,1,
20,27,222,465,118,28,1,5,1,
20,28,510,425,42,14,1,5,1,
20,29,783,361,29,20,1,5,1,
21,1,918,354,42,31,1,5,1,
21,2,50,56,32,17,1,5,1,
21,3,485,148,61,20,1,5,1,
21,4,609,185,37,14,1,5,1,
21,5,381,486,156,46,1,5,1,
21,7,657,224,78,21,1,5,1,
21,8,691,248,54,20,1,5,1,
21,9,59,281,27,19,1,5,1,
21,10,396,384,42,10,1,5,1,
21,11,185,449,196,49,1,5,1,
21,12,149,289,34,22,1,5,1,
21,13,933,364,27,18,1,5,1,
21,14,485,272,92,22,1,5,1,
21,16,522,431,86,24,1,5,1,
21,17,410,331,116,30,1,5,1,
21,19,160,295,30,16,1,5,1,
21,20,714,88,88,34,1,5,1,
21,21,448,224,50,13,1,5,1,
21,22,849,126,37,37,1,5,1,
21,23,503,383,43,12,1,5,1,
21,24,527,58,200,55,1,5,1,
21,25,568,363,20,8,1,5,1,
21,26,846,185,19,13,1,5,1,
21,27,232,465,119,28,1,5,1,
21,28,515,423,42,15,1,5,1,
21,29,787,361,27,19,1,5,1,
22,1,927,355,33,29,1,5,1,
22,2,46,53,33,18,1,5,1,
22,3,490,149,60,19,1,5,1,
22,4,615,185,35,14,1,5,1,
22,5,398,489,160,45,1,5,1,
22,7,665,224,77,21,1,5,1,
22,8,701,248,45,20,1,5,1,
22,9,57,281,27,19,1,5,1,
22,10,401,384,43,10,1,5,1,
22,11,205,449,196,49,1,5,1,
22,12,149,289,37,23,1,5,1,
22,13,939,363,21,18,1,5,1,
22,14,493,272,91,23,1,5,1,
22,16,528,433,88,22,1,5,1,
22,17,420,331,118,30,1,5,1,
22,19,162,296,32,16,1,5,1,
22,20,723,89,86,34,1,5,1,
22,21,453,224,50,13,1,5,1,
22,22,852,127,36,37,1,5,1,
22,23,508,383,42,12,1,5,1,
22,24,543,58,199,56,1,5,1,
22,25,570,362,23,8,1,5,1,
22,26,844,186,19,13,1,5,1,
22,27,243,465,119,28,1,5,1,
22,28,520,422,43,14,1,5,1,
22,29,791,360,25,19,1,5,1,
23,1,934,359,26,24,1,5,1,
23,2,42,50,33,18,1,5,1,
23,3,495,149,59,19,1,5,1,
23,4,620,186,34,14,1,5,1,
23,5,417,491,162,46,1,5,1,
23,7,673,224,76,21,1,5,1,
23,8,711,248,34,20,1,5,1,
23,9,55,281,28,19,1,5,1,
23,10,407,385,42,10,1,5,1,
23,11,226,449,196,49,1,5,1,
23,12,150,289,39,23,1,5,1,
23,13,945,366,15,14,1,5,1,
23,14,501,272,90,23,1,5,1,
23,16,535,434,88,22,1,5,1,
23,17,430,331,119,31,1,5,1,
23,19,164,296,34,16,1,5,1,
23,20,732,89,84,35,1,5,1,
23,21,458,224,50,13,1,5,1,
23,22,854,129,36,37,1,5,1,
23,23,513,383,41,12,1,5,1,
23,24,560,58,197,56,1,5,1,
23,25,573,362,24,8,1,5,1,
23,26,842,187,19,12,1,5,1,
23,27,254,465,118,28,1,5,1,
23,28,526,421,42,14,1,5,1,
23,29,795,359,23,19,1,5,1,
24,2,38,48,33,18,1,5,1,
24,3,499,149,59,20,1,5,1,
24,4,624,186,34,14,1,5,1,
24,5,435,494,166,46,1,5,1,
24,7,680,225,76,20,1,5,1,
24,8,719,248,26,20,1,5,1,
24,9,54,281,28,20,1,5,1,
24,10,412,385,43,10,1,5,1,
24,11,247,449,196,49,1,5,1,
24,12,151,289,42,24,1,5,1,
24,14,509,272,89,22,1,5,1,
24,16,543,435,88,21,1,5,1,
24,17,441,332,120,30,1,5,1,
24,19,167,296,34,16,1,5,1,
24,20,740,90,83,35,1,5,1,
24,21,462,224,51,13,1,5,1,
24,22,856,130,36,37,1,5,1,
24,23,518,382,39,12,1,5,1,
24,24,575,59,205,54,1,5,1,
24,25,575,362,27,8,1,5,1,
24,26,840,188,18,12,1,5,1,
24,27,265,465,118,28,1,5,1,
24,28,531,420,42,14,1,5,1,
24,29,798,358,22,19,1,5,1,
25,2,34,45,33,18,1,5,1,
25,3,504,150,58,19,1,5,1,
25,4,629,187,33,14,1,5,1,
25,5,454,496,169,46,1,5,1,
25,7,688,225,75,20,1,5,1,
25,8,724,248,24,19,1,5,1,
25,9,52,282,29,19,1,5,1,
25,10,417,385,43,10,1,5,1,
25,11,269,449,194,49,1,5,1,
25,12,153,289,44,24,1,5,1,
25,14,517,272,88,22,1,5,1,
25,16,551,435,87,22,1,5,1,
25,17,451,332,122,31,1,5,1,
25,19,169,296,36,17,1,5,1,
25,20,749,92,80,33,1,5,1,
25,21,467,224,51,13,1,5,1,
25,22,859,132,35,36,1,5,1,
25,23,522,382,39,11,1,5,1,
25,24,591,58,206,54,1,5,1,
25,25,579,362,26,8,1,5,1,
25,26,837,189,19,12,1,5,1,
25,27,276,465,118,28,1,5,1,
25,28,537,419,41,14,1,5,1,
25,29,800,357,21,19,1,5,1,
26,2,30,42,33,19,1,5,1,
26,3,509,150,56,20,1,5,1,
26,4,634,187,31,14,1,5,1,
26,5,473,498,173,45,1,5,1,
26,7,695,225,76,20,1,5,1,
26,8,728,248,22,18,1,5,1,
26,9,51,282,29,20,1,5,1,
26,10,422,385,44,11,1,5,1,
26,11,290,449,194,49,1,5,1,
26,12,155,290,46,23,1,5,1,
26,14,524,272,87,22,1,5,1,
26,16,560,435,84,21,1,5,1,
26,17,462,333,123,30,1,5,1,
26,19,172,296,37,17,1,5,1,
26,20,757,93,79,33,1,5,1,
26,21,472,224,50,13,1,5,1,
26,22,860,133,36,36,1,5,1,
26,23,526,381,39,12,1,5,1,
26,24,606,57,207,55,1,5,1,
26,25,583,362,26,8,1,5,1,
26,26,835,190,19,11,1,5,1,
26,27,287,464,118,28,1,5,1,
26,28,542,418,40,14,1,5,1,
26,29,802,357,21,18,1,5,1,
27,2,26,39,34,20,1,5,1,
27,3,513,151,56,19,1,5,1,
27,4,638,188,31,13,1,5,1,
27,5,492,500,177,43,1,5,1,
27,7,702,225,76,21,1,5,1,
27,8,730,248,22,18,1,5,1,
27,9,49,282,30,20,1,5,1,
27,10,428,386,44,10,1,5,1,
27,11,311,449,193,48,1,5,1,
27,12,158,290,47,24,1,5,1,
27,14,532,272,86,22,1,5,1,
27,16,569,435,80,21,1,5,1,
27,17,473,333,124,31,1,5,1,
27,19,175,297,38,17,1,5,1,
27,20,765,94,77,33,1,5,1,
27,21,477,224,50,13,1,5,1,
27,22,862,135,36,35,1,5,1,
27,23,531,381,37,11,1,5,1,
27,24,623,58,205,55,1,5,1,
27,25,587,362,25,7,1,5,1,
27,26,832,191,20,11,1,5,1,
27,27,298,465,116,28,1,5,1,
27,28,548,417,39,13,1,5,1,
27,29,803,356,22,18,1,5,1,
28,2,22,36,34,20,1,5,1,
28,3,518,151,54,20,1,5,1,
28,4,642,189,30,13,1,5,1,
28,5,513,502,179,41,1,5,1,
28,7,709,225,77,21,1,5,1,
28,8,731,248,21,18,1,5,1,
28,9,48,282,30,20,1,5,1,
28,10,433,386,44,10,1,5,1,
28,11,332,449,193,48,1,5,1,
28,12,161,290,47,24,1,5,1,
28,14,539,272,85,22,1,5,1,
28,16,578,435,77,20,1,5,1,
28,17,484,333,125,31,1,5,1,
28,19,178,297,39,17,1,5,1,
28,20,772,95,76,33,1,5,1,
28,21,482,224,50,13,1,5,1,
28,22,864,136,35,35,1,5,1,
28,23,535,380,36,12,1,5,1,
28,24,639,57,205,55,1,5,1,
28,25,591,361,24,8,1,5,1,
28,26,830,191,19,12,1,5,1,
28,27,310,466,113,28,1,5,1,
28,28,553,416,38,13,1,5,1,
28,29,805,355,21,18,1,5,1,
29,2,18,32,34,21,1,5,1,
29,3,522,152,53,20,1,5,1,
29,4,646,189,29,13,1,5,1,
29,5,534,504,182,39,1,5,1,
29,7,717,225,77,21,1,5,1,
29,8,731,248,22,18,1,5,1,
29,9,47,282,30,21,1,5,1,
29,10,439,386,44,10,1,5,1,
29,11,354,449,192,48,1,5,1,
29,12,164,290,48,25,1,5,1,
29,14,547,272,83,22,1,5,1,
29,16,586,434,75,21,1,5,1,
29,17,496,334,125,30,1,5,1,
29,19,181,297,40,17,1,5,1,
29,20,780,96,74,33,1,5,1,
29,21,487,224,50,13,1,5,1,
29,22,866,138,35,34,1,5,1,
29,23,540,380,35,11,1,5,1,
29,24,657,56,201,56,1,5,1,
29,25,595,361,23,7,1,5,1,
29,26,828,192,19,12,1,5,1,
29,27,322,467,109,29,1,5,1,
29,28,559,415,36,13,1,5,1,
29,29,807,354,21,18,1,5,1,
30,2,14,29,34,21,1,5,1,
30,3,526,152,52,20,1,5,1,
30,4,650,190,28,13,1,5,1,
30,5,555,507,185,36,1,5,1,
30,7,724,225,78,21,1,5,1,
30,8,732,249,21,17,1,5,1,
30,9,45,282,31,21,1,5,1,
30,10,444,386,45,11,1,5,1,
30,11,375,449,192,48,1,5,1,
30,12,167,290,48,25,1,5,1,
30,14,554,272,83,22,1,5,1,
30,16,593,434,74,20,1,5,1,
30,17,507,334,126,30,1,5,1,
30,19,184,297,41,18,1,5,1,
30,20,788,97,72,33,1,5,1,
30,21,492,224,50,13,1,5,1,
30,22,867,139,35,34,1,5,1,
30,23,544,379,34,12,1,5,1,
30,24,674,56,199,56,1,5,1,
30,25,599,360,22,8,1,5,1,
30,26,825,193,19,11,1,5,1,
30,27,331,468,113,28,1,5,1,
30,28,564,413,35,14,1,5,1,
30,29,808,354,21,17,1,5,1,
31,2,10,26,34,22,1,5,1,
31,3,531,153,50,20,1,5,1,
31,4,654,190,27,13,1,5,1,
31,5,576,509,188,34,1,5,1,
31,7,731,226,79,20,1,5,1,
31,8,733,249,21,17,1,5,1,
31,9,44,282,32,22,1,5,1,
31,10,450,386,45,11,1,5,1,
31,11,397,449,190,48,1,5,1,
31,12,169,291,51,25,1,5,1,
31,14,562,272,81,22,1,5,1,
31,16,600,433,72,20,1,5,1,
31,17,519,334,126,31,1,5,1,
31,19,188,297,42,18,1,5,1,
31,20,795,98,71,33,1,5,1,
31,21,496,224,49,13,1,5,1,
31,22,869,140,34,34,1,5,1,
31,23,548,379,33,11,1,5,1,
31,24,690,56,197,56,1,5,1,
31,25,602,360,22,7,1,5,1,
31,26,823,194,19,11,1,5,1,
31,27,339,468,117,29,1,5,1,
31,28,569,412,34,14,1,5,1,
31,29,810,353,21,17,1,5,1,
32,2,5,23,35,22,1,5,1,
32,3,535,153,49,20,1,5,1,
32,4,658,191,26,13,1,5,1,
32,5,598,512,188,31,1,5,1,
32,7,738,226,81,20,1,5,1,
32,8,734,249,21,17,1,5,1,
32,9,43,283,32,21,1,5,1,
32,10,456,386,44,11,1,5,1,
32,11,418,449,189,47,1,5,1,
32,12,171,291,55,25,1,5,1,
32,14,569,272,80,22,1,5,1,
32,16,607,432,71,20,1,5,1,
32,17,531,334,126,31,1,5,1,
32,19,191,298,44,17,1,5,1,
32,20,802,99,69,33,1,5,1,
32,21,501,224,48,13,1,5,1,
32,22,870,142,34,33,1,5,1,
32,23,552,378,31,11,1,5,1,
32,24,707,56,195,56,1,5,1,
32,25,606,359,21,8,1,5,1,
32,26,821,195,19,11,1,5,1,
32,27,349,467,118,29,1,5,1,
32,28,573,411,34,13,1,5,1,
32,29,811,352,21,18,1,5,1,
33,2,1,19,35,23,1,5,1,
33,3,539,154,47,20,1,5,1,
33,4,662,191,25,13,1,5,1,
33,5,621,515,187,28,1,5,1,
33,7,746,226,81,20,1,5,1,
33,8,735,249,20,17,1,5,1,
33,9,42,283,32,21,1,5,1,
33,10,462,386,44,11,1,5,1,
33,11,440,449,187,47,1,5,1,
33,12,174,291,58,26,1,5,1,
33,14,576,272,78,22,1,5,1,
33,16,614,432,69,20,1,5,1,
33,17,544,334,125,31,1,5,1,
33,19,194,298,45,18,1,5,1,
33,20,809,100,68,33,1,5,1,
33,21,507,225,44,13,1,5,1,
33,22,872,143,34,32,1,5,1,
33,23,557,377,29,11,1,5,1,
33,24,724,57,192,56,1,5,1,
33,25,609,359,20,7,1,5,1,
33,26,818,195,19,11,1,5,1,
33,27,361,466,117,28,1,5,1,
33,28,578,410,32,13,1,5,1,
33,29,812,351,21,18,1,5,1,
34,2,0,15,31,23,1,5,1,
34,3,544,154,44,21,1,5,1,
34,4,666,192,24,13,1,5,1,
34,5,646,517,184,27,1,5,1,
34,7,754,226,81,20,1,5,1,
34,8,737,250,19,16,1,5,1,
34,9,41,283,33,22,1,5,1,
34,10,468,386,44,11,1,5,1,
34,11,463,448,183,47,1,5,1,
34,12,176,291,62,26,1,5,1,
34,14,584,272,76,22,1,5,1,
34,16,621,431,68,20,1,5,1,
34,17,557,334,123,31,1,5,1,
34,19,198,298,47,18,1,5,1,
34,20,817,101,65,33,1,5,1,
34,21,512,225,42,13,1,5,1,
34,22,873,144,34,32,1,5,1,
34,23,561,377,27,11,1,5,1,
34,24,741,57,189,56,1,5,1,
34,25,613,358,19,8,1,5,1,
34,26,816,196,19,11,1,5,1,
34,27,373,465,115,28,1,5,1,
34,28,583,409,31,13,1,5,1,
34,29,814,351,20,17,1,5,1,
35,2,-2,12,30,24,1,5,1,
35,3,547,155,43,20,1,5,1,
35,4,669,193,23,12,1,5,1,
35,5,668,519,186,25,1,5,1,
35,7,762,226,81,20,1,5,1,
35,8,738,250,20,16,1,5,1,
35,9,40,283,34,22,1,5,1,
35,10,473,386,45,11,1,5,1,
35,11,483,447,182,47,1,5,1,
35,12,179,291,64,27,1,5,1,
35,14,591,272,74,22,1,5,1,
35,16,627,430,67,20,1,5,1,
35,17,568,334,123,31,1,5,1,
35,19,202,298,48,19,1,5,1,
35,20,823,103,64,32,1,5,1,
35,21,516,225,41,13,1,5,1,
35,22,874,146,34,31,1,5,1,
35,23,564,376,26,11,1,5,1,
35,24,757,57,187,56,1,5,1,
35,25,616,358,18,7,1,5,1,
35,26,811,197,23,10,1,5,1,
35,27,384,465,114,27,1,5,1,
35,28,587,408,30,13,1,5,1,
35,29,815,350,20,17,1,5,1,
36,2,-6,8,29,24,1,5,1,
36,3,551,156,41,20,1,5,1,
36,4,672,193,23,13,1,5,1,
36,5,691,522,190,22,1,5,1,
36,7,770,226,80,20,1,5,1,
36,8,739,250,20,16,1,5,1,
36,9,40,283,34,23,1,5,1,
36,10,479,386,44,11,1,5,1,
36,11,505,446,179,47,1,5,1,
36,12,183,292,66,26,1,5,1,
36,14,597,272,74,21,1,5,1,
36,16,634,429,65,20,1,5,1,
36,17,580,334,123,31,1,5,1,
36,19,205,299,50,18,1,5,1,
36,20,830,104,62,32,1,5,1,
36,21,521,226,39,12,1,5,1,
36,22,876,147,32,31,1,5,1,
36,23,567,375,26,11,1,5,1,
36,24,773,58,184,56,1,5,1,
36,25,619,357,16,7,1,5,1,
36,26,807,198,25,10,1,5,1,
36,27,396,464,112,27,1,5,1,
36,28,591,407,29,13,1,5,1,
36,29,816,349,20,17,1,5,1,
37,2,-10,4,29,25,1,5,1,
37,3,554,156,40,21,1,5,1,
37,4,675,194,22,13,1,5,1,
37,5,716,524,192,20,1,5,1,
37,7,778,226,79,20,1,5,1,
37,8,741,251,19,15,1,5,1,
37,9,39,283,34,23,1,5,1,
37,10,485,386,44,11,1,5,1,
37,11,527,446,175,46,1,5,1,
37,12,187,292,69,27,1,5,1,
37,14,604,272,72,21,1,5,1,
37,16,641,428,63,20,1,5,1,
37,17,593,334,121,31,1,5,1,
37,19,210,299,51,18,1,5,1,
37,20,836,105,61,32,1,5,1,
37,21,525,226,39,13,1,5,1,
37,22,877,148,32,31,1,5,1,
37,23,571,375,24,10,1,5,1,
37,24,789,58,170,56,1,5,1,
37,25,623,356,13,7,1,5,1,
37,26,802,199,28,10,1,5,1,
37,27,407,463,111,27,1,5,1,
37,28,596,406,28,13,1,5,1,
37,29,817,348,20,17,1,5,1,
38,2,-15,1,30,25,1,5,1,
38,3,558,157,38,20,1,5,1,
38,4,678,194,22,13,1,5,1,
38,5,740,526,195,18,1,5,1,
38,7,786,226,78,20,1,5,1,
38,8,743,251,18,15,1,5,1,
38,9,38,283,35,24,1,5,1,
38,10,491,386,44,11,1,5,1,
38,11,547,444,173,46,1,5,1,
38,12,191,292,71,27,1,5,1,
38,14,611,272,70,21,1,5,1,
38,16,649,426,57,20,1,5,1,
38,17,605,334,120,30,1,5,1,
38,19,212,299,57,18,1,5,1,
38,20,842,106,59,31,1,5,1,
38,21,529,226,38,13,1,5,1,
38,22,878,150,32,30,1,5,1,
38,23,574,374,22,11,1,5,1,
38,24,805,59,155,56,1,5,1,
38,25,626,355,10,8,1,5,1,
38,26,797,199,30,10,1,5,1,
38,27,419,462,109,27,1,5,1,
38,28,600,405,27,12,1,5,1,
38,29,817,348,20,16,1,5,1,
39,2,-19,-3,30,25,1,5,1,
39,3,561,158,37,20,1,5,1,
39,4,681,195,21,12,1,5,1,
39,7,795,226,76,20,1,5,1,
39,8,744,251,19,15,1,5,1,
39,9,39,284,35,23,1,5,1,
39,10,497,386,43,10,1,5,1,
39,11,568,443,169,46,1,5,1,
39,12,194,292,76,27,1,5,1,
39,14,617,272,69,21,1,5,1,
39,16,656,424,52,20,1,5,1,
39,17,617,334,119,30,1,5,1,
39,19,217,299,60,18,1,5,1,
39,20,849,107,57,32,1,5,1,
39,21,533,226,37,13,1,5,1,
39,22,879,151,32,30,1,5,1,
39,23,577,373,21,11,1,5,1,
39,24,820,60,140,55,1,5,1,
39,25,627,355,12,7,1,5,1,
39,26,792,200,31,10,1,5,1,
39,27,430,461,107,26,1,5,1,
39,28,605,404,24,12,1,5,1,
39,29,818,347,20,16,1,5,1,
40,3,564,159,36,20,1,5,1,
40,4,684,196,20,12,1,5,1,
40,7,803,226,75,20,1,5,1,
40,8,746,251,18,15,1,5,1,
40,9,39,284,36,23,1,5,1,
40,10,503,386,43,10,1,5,1,
40,11,589,442,165,45,1,5,1,
40,12,198,292,80,28,1,5,1,
40,14,623,272,68,21,1,5,1,
40,16,661,423,51,20,1,5,1,
40,17,629,334,117,30,1,5,1,
40,19,222,299,62,19,1,5,1,
40,20,854,108,56,32,1,5,1,
40,21,537,226,36,13,1,5,1,
40,22,879,152,32,30,1,5,1,
40,23,580,373,20,10,1,5,1,
40,24,836,60,124,56,1,5,1,
40,25,628,355,14,7,1,5,1,
40,26,788,201,31,10,1,5,1,
40,27,441,460,106,26,1,5,1,
40,28,608,403,24,12,1,5,1,
40,29,819,346,20,16,1,5,1,
41,3,567,159,35,20,1,5,1,
41,4,687,196,19,12,1,5,1,
41,7,811,226,73,20,1,5,1,
41,8,747,252,19,14,1,5,1,
41,9,39,284,36,24,1,5,1,
41,10,508,386,43,10,1,5,1,
41,11,608,440,162,45,1,5,1,
41,12,203,293,82,27,1,5,1,
41,14,630,272,66,21,1,5,1,
41,15,0,19,28,34,1,5,1,
41,16,666,422,50,20,1,5,1,
41,17,641,334,116,30,1,5,1,
41,19,228,299,62,19,1,5,1,
41,20,860,110,54,31,1,5,1,
41,21,540,227,35,12,1,5,1,
41,22,880,153,32,30,1,5,1,
41,23,582,372,20,11,1,5,1,
41,24,845,62,115,54,1,5,1,
41,25,631,354,11,7,1,5,1,
41,26,784,201,31,10,1,5,1,
41,27,451,458,105,27,1,5,1,
41,28,612,401,23,13,1,5,1,
41,29,819,345,20,17,1,5,1,
42,3,570,160,34,20,1,5,1,
42,4,689,197,19,12,1,5,1,
42,7,819,226,71,20,1,5,1,
42,8,749,252,18,14,1,5,1,
42,9,39,284,37,24,1,5,1,
42,10,514,386,43,10,1,5,1,
42,11,628,439,158,44,1,5,1,
42,12,209,293,83,28,1,5,1,
42,14,636,272,65,21,1,5,1,
42,15,0,15,41,42,1,5,1,
42,16,671,421,48,19,1,5,1,
42,17,652,333,115,30,1,5,1,
42,19,233,300,64,18,1,5,1,
42,20,866,111,52,30,1,5,1,
42,21,544,227,34,13,1,5,1,
42,22,881,154,31,30,1,5,1,
42,23,586,372,17,11,1,5,1,
42,24,859,62,101,44,1,5,1,
42,25,634,353,8,7,1,5,1,
42,26,780,202,31,10,1,5,1,
42,27,462,457,103,26,1,5,1,
42,28,616,400,21,13,1,5,1,
42,29,820,345,19,16,1,5,1,
43,3,573,161,32,20,1,5,1,
43,4,692,197,18,12,1,5,1,
43,7,827,226,69,20,1,5,1,
43,8,751,252,19,14,1,5,1,
43,9,40,284,37,25,1,5,1,
43,10,520,385,42,11,1,5,1,
43,11,648,438,154,43,1,5,1,
43,12,214,293,86,28,1,5,1,
43,14,642,272,64,21,1,5,1,
43,15,0,12,55,43,1,5,1,
43,16,676,420,47,19,1,5,1,
43,17,664,333,113,30,1,5,1,
43,19,239,300,65,18,1,5,1,
43,20,871,112,52,30,1,5,1,
43,21,548,227,33,13,1,5,1,
43,22,882,156,31,28,1,5,1,
43,23,590,371,13,11,1,5,1,
43,24,875,62,85,37,1,5,1,
43,25,635,352,8,7,1,5,1,
43,26,776,203,30,9,1,5,1,
43,27,473,456,100,26,1,5,1,
43,28,619,399,20,13,1,5,1,
43,29,821,344,19,16,1,5,1,
44,3,575,162,32,19,1,5,1,
44,4,695,198,17,12,1,5,1,
44,7,835,226,66,20,1,5,1,
44,8,751,252,24,14,1,5,1,
44,9,40,284,38,25,1,5,1,
44,10,526,385,42,10,1,5,1,
44,11,667,436,150,43,1,5,1,
44,12,219,293,89,29,1,5,1,
44,14,648,272,62,20,1,5,1,
44,15,0,10,68,43,1,5,1,
44,16,681,419,46,19,1,5,1,
44,17,676,333,111,30,1,5,1,
44,19,245,300,66,19,1,5,1,
44,20,876,113,51,30,1,5,1,
44,21,551,228,32,12,1,5,1,
44,22,883,157,31,28,1,5,1,
44,23,593,370,11,11,1,5,1,
44,24,890,64,70,31,1,5,1,
44,25,635,351,8,7,1,5,1,
44,26,772,203,30,10,1,5,1,
44,27,484,454,98,26,1,5,1,
44,28,622,398,19,12,1,5,1,
44,29,821,343,19,16,1,5,1,
45,3,578,162,30,20,1,5,1,
45,4,697,199,17,11,1,5,1,
45,7,845,226,57,20,1,5,1,
45,8,751,252,31,14,1,5,1,
45,9,41,284,38,26,1,5,1,
45,10,532,385,41,10,1,5,1,
45,11,686,434,146,43,1,5,1,
45,12,225,293,91,29,1,5,1,
45,14,654,272,61,20,1,5,1,
45,15,0,8,82,43,1,5,1,
45,16,685,417,45,20,1,5,1,
45,17,687,333,110,29,1,5,1,
45,19,251,300,67,19,1,5,1,
45,20,882,114,48,30,1,5,1,
45,21,555,228,30,12,1,5,1,
45,22,883,158,31,28,1,5,1,
45,23,593,369,10,11,1,5,1,
45,25,635,350,8,8,1,5,1,
45,26,770,204,27,9,1,5,1,
45,27,494,453,96,26,1,5,1,
45,28,625,397,17,12,1,5,1,
45,29,822,343,19,15,1,5,1,
46,3,580,163,30,19,1,5,1,
46,4,699,199,17,12,1,5,1,
46,7,855,227,47,19,1,5,1,
46,8,753,252,36,14,1,5,1,
46,9,42,285,38,25,1,5,1,
46,10,538,384,40,11,1,5,1,
46,11,708,430,129,43,1,5,1,
46,12,231,294,93,28,1,5,1,
46,14,660,272,57,20,1,5,1,
46,15,0,6,97,44,1,5,1,
46,16,690,416,44,20,1,5,1,
46,17,699,332,107,30,1,5,1,
46,19,257,300,68,19,1,5,1,
46,20,887,116,47,29,1,5,1,
46,21,558,228,29,12,1,5,1,
46,22,884,159,30,28,1,5,1,
46,23,593,367,10,12,1,5,1,
46,25,635,349,8,8,1,5,1,
46,26,768,205,24,8,1,5,1,
46,27,504,451,94,26,1,5,1,
46,28,628,395,16,13,1,5,1,
46,29,822,342,19,15,1,5,1,
47,3,583,164,28,19,1,5,1,
47,4,702,200,15,11,1,5,1,
47,7,864,227,37,19,1,5,1,
47,8,755,252,41,14,1,5,1,
47,9,42,285,39,26,1,5,1,
47,10,543,384,40,10,1,5,1,
47,11,729,426,114,42,1,5,1,
47,12,237,294,96,29,1,5,1,
47,14,666,272,52,20,1,5,1,
47,15,0,4,111,44,1,5,1,
47,16,694,415,43,19,1,5,1,
47,17,710,332,105,29,1,5,1,
47,19,263,301,69,19,1,5,1,
47,20,892,117,45,29,1,5,1,
47,21,561,228,27,13,1,5,1,
47,22,884,160,31,27,1,5,1,
47,23,592,366,11,11,1,5,1,
47,25,635,349,8,7,1,5,1,
47,26,767,205,21,9,1,5,1,
47,27,514,450,92,25,1,5,1,
47,28,631,394,14,13,1,5,1,
47,29,822,341,19,16,1,5,1,
48,3,586,164,25,20,1,5,1,
48,4,704,200,14,12,1,5,1,
48,7,869,227,35,19,1,5,1,
48,8,759,252,45,14,1,5,1,
48,9,43,285,40,26,1,5,1,
48,10,549,384,39,9,1,5,1,
48,11,744,424,109,41,1,5,1,
48,12,243,294,99,29,1,5,1,
48,14,671,272,48,20,1,5,1,
48,15,0,2,127,45,1,5,1,
48,16,699,414,41,19,1,5,1,
48,17,721,332,104,29,1,5,1,
48,19,269,301,71,19,1,5,1,
48,20,897,118,43,29,1,5,1,
48,21,564,229,26,12,1,5,1,
48,22,885,161,30,27,1,5,1,
48,23,592,365,11,11,1,5,1,
48,25,635,348,8,8,1,5,1,
48,26,766,206,17,8,1,5,1,
48,27,524,448,90,26,1,5,1,
48,28,633,393,14,12,1,5,1,
48,29,823,341,18,15,1,5,1,
49,3,588,165,24,19,1,5,1,
49,4,706,201,14,11,1,5,1,
49,7,869,228,44,19,1,5,1,
49,8,766,252,41,14,1,5,1,
49,9,45,285,40,27,1,5,1,
49,10,554,383,38,10,1,5,1,
49,11,752,423,122,41,1,5,1,
49,12,250,294,101,30,1,5,1,
49,14,675,272,47,19,1,5,1,
49,15,0,0,142,45,1,5,1,
49,16,703,413,40,19,1,5,1,
49,17,732,331,101,29,1,5,1,
49,19,276,301,71,19,1,5,1,
49,20,901,119,42,29,1,5,1,
49,21,567,229,25,12,1,5,1,
49,22,885,162,30,27,1,5,1,
49,23,592,364,10,11,1,5,1,
49,25,635,347,8,8,1,5,1,
49,26,766,206,14,9,1,5,1,
49,27,534,447,87,25,1,5,1,
49,28,636,392,12,12,1,5,1,
49,29,823,340,18,15,1,5,1,
50,3,590,166,23,19,1,5,1,
50,4,708,201,13,12,1,5,1,
50,7,870,228,52,19,1,5,1,
50,8,774,252,35,14,1,5,1,
50,9,46,285,40,27,1,5,1,
50,10,559,383,38,9,1,5,1,
50,11,763,421,126,41,1,5,1,
50,12,257,294,103,30,1,5,1,
50,14,679,272,46,19,1,5,1,
50,15,12,0,145,44,1,5,1,
50,16,707,412,39,19,1,5,1,
50,17,743,331,99,29,1,5,1,
50,19,283,301,72,19,1,5,1,
50,20,906,120,41,29,1,5,1,
50,21,570,229,23,12,1,5,1,
50,22,886,163,29,27,1,5,1,
50,23,592,364,11,10,1,5,1,
50,25,635,347,8,7,1,5,1,
50,26,764,206,14,9,1,5,1,
50,27,544,446,85,25,1,5,1,
50,28,638,391,11,12,1,5,1,
50,29,823,340,18,14,1,5,1,
51,3,592,167,22,19,1,5,1,
51,4,710,202,13,11,1,5,1,
51,7,878,228,44,19,1,5,1,
51,8,779,252,34,14,1,5,1,
51,9,48,286,40,27,1,5,1,
51,10,565,382,37,10,1,5,1,
51,11,776,420,126,40,1,5,1,
51,12,263,294,106,31,1,5,1,
51,14,683,272,45,19,1,5,1,
51,15,24,0,149,42,1,5,1,
51,16,711,411,38,19,1,5,1,
51,17,752,330,99,29,1,5,1,
51,19,289,301,74,20,1,5,1,
51,20,910,121,39,29,1,5,1,
51,21,572,230,23,12,1,5,1,
51,22,886,164,29,26,1,5,1,
51,23,592,364,11,9,1,5,1,
51,25,635,346,8,8,1,5,1,
51,26,762,207,14,9,1,5,1,
51,27,552,444,84,25,1,5,1,
51,28,640,390,10,12,1,5,1,
51,29,823,339,18,15,1,5,1,
52,3,594,168,21,18,1,5,1,
52,4,712,203,12,11,1,5,1,
52,7,887,228,33,19,1,5,1,
52,8,784,252,32,14,1,5,1,
52,9,49,286,41,28,1,5,1,
52,10,569,382,39,10,1,5,1,
52,11,792,418,121,40,1,5,1,
52,12,270,295,109,30,1,5,1,
52,14,688,272,43,19,1,5,1,
52,15,37,0,152,41,1,5,1,
52,16,715,410,36,19,1,5,1,
52,17,763,330,96,29,1,5,1,
52,19,296,301,75,20,1,5,1,
52,20,917,122,32,30,1,5,1,
52,21,574,230,23,12,1,5,1,
52,22,886,165,29,26,1,5,1,
52,23,592,363,12,10,1,5,1,
52,25,635,346,8,7,1,5,1,
52,26,761,208,13,8,1,5,1,
52,27,562,442,80,25,1,5,1,
52,28,640,389,14,11,1,5,1,
52,29,823,338,18,15,1,5,1,
53,3,595,168,21,19,1,5,1,
53,4,713,203,12,11,1,5,1,
53,7,893,229,28,18,1,5,1,
53,8,788,252,32,14,1,5,1,
53,9,51,286,42,28,1,5,1,
53,10,573,382,40,10,1,5,1,
53,11,808,417,115,39,1,5,1,
53,12,278,295,111,30,1,5,1,
53,14,692,272,42,19,1,5,1,
53,15,51,0,155,39,1,5,1,
53,16,719,409,35,18,1,5,1,
53,17,773,330,93,28,1,5,1,
53,19,303,302,76,19,1,5,1,
53,20,917,123,31,31,1,5,1,
53,21,576,230,23,13,1,5,1,
53,22,886,166,29,26,1,5,1,
53,23,591,362,12,10,1,5,1,
53,25,636,345,7,7,1,5,1,
53,26,759,208,14,8,1,5,1,
53,27,571,441,77,24,1,5,1,
53,28,640,388,18,11,1,5,1,
53,29,823,338,18,14,1,5,1,
54,3,597,169,20,19,1,5,1,
54,4,715,204,11,11,1,5,1,
54,7,893,229,35,18,1,5,1,
54,8,792,253,31,13,1,5,1,
54,9,53,286,42,29,1,5,1,
54,10,578,382,41,10,1,5,1,
54,11,823,415,111,39,1,5,1,
54,12,285,295,114,31,1,5,1,
54,14,696,272,40,19,1,5,1,
54,15,65,0,158,38,1,5,1,
54,16,722,408,35,18,1,5,1,
54,17,784,329,90,29,1,5,1,
54,19,310,302,77,19,1,5,1,
54,20,918,124,31,31,1,5,1,
54,21,578,231,22,12,1,5,1,
54,22,886,167,29,26,1,5,1,
54,23,591,362,11,9,1,5,1,
54,25,636,345,7,7,1,5,1,
54,26,757,209,14,8,1,5,1,
54,27,580,439,74,24,1,5,1,
54,28,640,388,22,10,1,5,1,
54,29,823,337,18,14,1,5,1,
55,3,599,170,18,18,1,5,1,
55,4,716,204,11,11,1,5,1,
55,7,892,229,45,19,1,5,1,
55,8,796,253,31,13,1,5,1,
55,9,54,286,44,29,1,5,1,
55,10,583,381,41,10,1,5,1,
55,11,837,413,107,38,1,5,1,
55,12,293,295,116,31,1,5,1,
55,14,699,272,40,19,1,5,1,
55,15,79,0,161,36,1,5,1,
55,16,725,407,35,18,1,5,1,
55,17,793,329,89,28,1,5,1,
55,19,317,302,78,20,1,5,1,
55,20,920,126,30,30,1,5,1,
55,21,580,232,20,11,1,5,1,
55,22,887,168,28,25,1,5,1,
55,23,591,361,10,10,1,5,1,
55,25,636,344,7,7,1,5,1,
55,26,755,209,14,8,1,5,1,
55,27,589,437,71,25,1,5,1,
55,28,640,387,27,10,1,5,1,
55,29,823,337,18,14,1,5,1,
56,3,600,171,18,18,1,5,1,
56,4,718,205,11,11,1,5,1,
56,7,900,229,36,19,1,5,1,
56,8,801,253,29,13,1,5,1,
56,9,55,287,46,29,1,5,1,
56,10,588,380,41,11,1,5,1,
56,11,851,412,103,37,1,5,1,
56,12,301,295,118,31,1,5,1,
56,14,702,272,40,19,1,5,1,
56,15,93,0,165,36,1,5,1,
56,16,729,406,34,18,1,5,1,
56,17,803,329,87,27,1,5,1,
56,19,324,302,80,20,1,5,1,
56,20,921,128,30,30,1,5,1,
56,21,582,232,19,11,1,5,1,
56,22,887,169,27,25,1,5,1,
56,23,592,361,9,9,1,5,1,
56,25,636,344,8,7,1,5,1,
56,26,753,210,15,8,1,5,1,
56,27,594,436,76,24,1,5,1,
56,28,642,386,29,11,1,5,1,
56,29,823,336,18,14,1,5,1,
57,3,602,172,17,18,1,5,1,
57,4,719,205,11,11,1,5,1,
57,7,908,230,27,18,1,5,1,
57,8,805,253,28,13,1,5,1,
57,9,56,287,48,30,1,5,1,
57,10,593,380,42,10,1,5,1,
57,11,864,410,95,37,1,5,1,
57,12,309,295,120,32,1,5,1,
57,14,706,272,38,19,1,5,1,
57,15,108,0,168,35,1,5,1,
57,16,732,405,34,18,1,5,1,
57,17,812,328,85,28,1,5,1,
57,19,332,302,80,20,1,5,1,
57,20,922,129,30,30,1,5,1,
57,21,585,232,17,12,1,5,1,
57,22,886,170,28,25,1,5,1,
57,26,751,210,15,8,1,5,1,
57,27,598,435,82,24,1,5,1,
57,28,645,386,30,10,1,5,1,
57,29,823,335,18,14,1,5,1,
58,3,603,172,16,18,1,5,1,
58,4,719,206,11,11,1,5,1,
58,7,910,230,26,18,1,5,1,
58,8,809,253,27,13,1,5,1,
58,9,58,287,49,30,1,5,1,
58,10,598,380,42,10,1,5,1,
58,11,875,409,85,36,1,5,1,
58,12,318,295,122,32,1,5,1,
58,14,709,272,37,19,1,5,1,
58,15,123,0,171,34,1,5,1,
58,16,735,404,33,18,1,5,1,
58,17,820,328,85,27,1,5,1,
58,19,339,302,81,20,1,5,1,
58,20,923,131,29,29,1,5,1,
58,21,587,233,15,11,1,5,1,
58,22,886,171,28,25,1,5,1,
58,26,749,211,15,8,1,5,1,
58,27,602,434,88,25,1,5,1,
58,28,649,386,30,10,1,5,1,
58,29,823,335,17,14,1,5,1,
59,3,604,173,16,18,1,5,1,
59,4,720,206,11,11,1,5,1,
59,7,912,230,29,18,1,5,1,
59,8,812,253,27,13,1,5,1,
59,9,60,287,50,31,1,5,1,
59,10,603,380,42,10,1,5,1,
59,11,886,407,74,36,1,5,1,
59,12,327,296,123,31,1,5,1,
59,14,712,272,37,18,1,5,1,
59,15,138,0,173,33,1,5,1,
59,16,738,403,33,18,1,5,1,
59,17,829,328,83,27,1,5,1,
59,19,347,302,82,21,1,5,1,
59,20,924,132,29,29,1,5,1,
59,21,587,233,19,11,1,5,1,
59,22,886,172,27,24,1,5,1,
59,26,747,211,15,8,1,5,1,
59,27,607,434,94,24,1,5,1,
59,28,652,386,31,10,1,5,1,
59,29,823,334,17,14,1,5,1,
60,3,605,174,16,18,1,5,1,
60,4,721,207,11,10,1,5,1,
60,7,910,231,39,18,1,5,1,
60,8,816,253,26,13,1,5,1,
60,9,63,287,51,31,1,5,1,
60,10,608,380,43,10,1,5,1,
60,11,897,406,63,36,1,5,1,
60,12,336,296,124,31,1,5,1,
60,14,716,272,35,18,1,5,1,
60,15,155,-1,175,33,1,5,1,
60,16,741,402,32,18,1,5,1,
60,17,838,327,81,27,1,5,1,
60,19,354,303,83,20,1,5,1,
60,20,925,134,29,28,1,5,1,
60,21,587,233,23,11,1,5,1,
60,22,886,173,27,24,1,5,1,
60,26,745,212,16,7,1,5,1,
60,27,615,433,94,25,1,5,1,
60,28,657,386,30,10,1,5,1,
60,29,823,334,17,13,1,5,1,
61,3,606,175,15,17,1,5,1,
61,4,722,208,11,10,1,5,1,
61,7,917,231,30,17,1,5,1,
61,8,819,253,26,13,1,5,1,
61,9,65,288,52,31,1,5,1,
61,10,614,380,42,10,1,5,1,
61,11,909,407,51,33,1,5,1,
61,12,345,296,126,32,1,5,1,
61,14,719,272,34,18,1,5,1,
61,15,171,-2,177,33,1,5,1,
61,16,745,401,30,18,1,5,1,
61,17,846,327,80,27,1,5,1,
61,19,362,303,84,20,1,5,1,
61,20,925,135,29,28,1,5,1,
61,21,588,233,26,11,1,5,1,
61,22,886,174,27,24,1,5,1,
61,26,743,212,16,8,1,5,1,
61,27,624,433,94,25,1,5,1,
61,28,661,386,29,10,1,5,1,
61,29,823,333,17,14,1,5,1,
62,3,606,175,16,18,1,5,1,
62,4,723,208,11,10,1,5,1,
62,7,922,231,26,17,1,5,1,
62,8,823,254,24,12,1,5,1,
62,9,67,288,54,32,1,5,1,
62,10,619,380,43,10,1,5,1,
62,11,921,413,39,24,1,5,1,
62,12,355,296,127,32,1,5,1,
62,14,723,272,31,18,1,5,1,
62,15,188,-3,178,33,1,5,1,
62,16,748,400,29,17,1,5,1,
62,17,855,326,77,27,1,5,1,
62,19,370,303,85,20,1,5,1,
62,20,926,137,28,27,1,5,1,
62,21,589,233,28,11,1,5,1,
62,22,886,175,26,23,1,5,1,
62,26,742,213,15,7,1,5,1,
62,27,633,433,93,24,1,5,1,
62,28,667,385,25,10,1,5,1,
62,29,823,333,17,13,1,5,1,
63,3,607,176,16,17,1,5,1,
63,4,724,209,11,10,1,5,1,
63,7,921,232,27,17,1,5,1,
63,8,827,254,22,12,1,5,1,
63,9,69,288,57,32,1,5,1,
63,10,625,380,42,10,1,5,1,
63,12,364,296,129,32,1,5,1,
63,14,726,272,30,18,1,5,1,
63,15,207,-4,178,33,1,5,1,
63,16,752,399,27,17,1,5,1,
63,17,864,326,74,26,1,5,1,
63,19,378,303,86,21,1,5,1,
63,20,926,138,28,28,1,5,1,
63,21,592,233,27,11,1,5,1,
63,22,885,176,26,23,1,5,1,
63,27,642,433,93,24,1,5,1,
63,28,673,384,20,10,1,5,1,
63,29,822,332,18,13,1,5,1,
64,3,608,177,15,17,1,5,1,
64,4,724,209,11,10,1,5,1,
64,7,922,232,26,17,1,5,1,
64,8,829,254,23,12,1,5,1,
64,9,72,288,58,33,1,5,1,
64,10,631,379,40,11,1,5,1,
64,12,373,296,132,32,1,5,1,
64,14,729,272,28,18,1,5,1,
64,15,223,-4,181,32,1,5,1,
64,16,755,398,26,17,1,5,1,
64,17,872,326,71,26,1,5,1,
64,19,386,303,87,21,1,5,1,
64,20,926,139,28,28,1,5,1,
64,21,595,233,26,11,1,5,1,
64,22,885,177,26,22,1,5,1,
64,27,651,432,92,25,1,5,1,
64,28,678,383,15,10,1,5,1,
64,29,822,332,18,13,1,5,1,
65,3,609,178,15,16,1,5,1,
65,4,725,210,11,9,1,5,1,
65,7,922,232,26,17,1,5,1,
65,8,832,254,22,12,1,5,1,
65,9,74,288,62,34,1,5,1,
65,10,636,379,40,10,1,5,1,
65,12,382,296,134,33,1,5,1,
65,14,732,272,26,18,1,5,1,
65,15,241,-5,182,33,1,5,1,
65,16,758,397,24,17,1,5,1,
65,17,879,325,70,26,1,5,1,
65,19,394,303,88,21,1,5,1,
65,20,926,141,28,27,1,5,1,
65,21,598,233,25,11,1,5,1,
65,22,884,178,26,22,1,5,1,
65,27,659,432,92,24,1,5,1,
65,28,681,382,14,11,1,5,1,
65,29,821,331,18,13,1,5,1,
66,3,611,178,13,17,1,5,1,
66,4,725,210,11,10,1,5,1,
66,7,923,233,26,17,1,5,1,
66,8,837,254,17,12,1,5,1,
66,9,77,289,65,33,1,5,1,
66,10,641,379,40,10,1,5,1,
66,12,391,296,136,33,1,5,1,
66,14,735,272,24,18,1,5,1,
66,16,761,396,23,17,1,5,1,
66,17,882,325,77,26,1,5,1,
66,19,402,303,89,21,1,5,1,
66,20,926,142,28,27,1,5,1,
66,21,600,234,25,10,1,5,1,
66,22,884,179,25,22,1,5,1,
66,27,668,432,91,24,1,5,1,
66,28,683,381,13,11,1,5,1,
66,29,821,331,18,13,1,5,1,
67,3,612,179,12,17,1,5,1,
67,4,726,211,10,9,1,5,1,
67,7,923,233,26,17,1,5,1,
67,8,838,254,17,12,1,5,1,
67,9,80,289,68,34,1,5,1,
67,10,646,379,39,10,1,5,1,
67,12,401,296,137,33,1,5,1,
67,14,737,272,24,17,1,5,1,
67,16,763,395,22,17,1,5,1,
67,17,888,325,72,26,1,5,1,
67,19,410,304,91,20,1,5,1,
67,20,926,144,27,26,1,5,1,
67,21,603,234,23,10,1,5,1,
67,22,883,179,25,22,1,5,1,
67,27,676,431,91,24,1,5,1,
67,28,685,381,12,10,1,5,1,
67,29,820,330,19,13,1,5,1,
68,3,613,180,12,16,1,5,1,
68,4,726,211,11,10,1,5,1,
68,7,923,233,26,17,1,5,1,
68,8,837,254,17,12,1,5,1,
68,9,84,289,70,35,1,5,1,
68,10,651,378,39,10,1,5,1,
68,12,411,297,139,32,1,5,1,
68,14,740,272,22,17,1,5,1,
68,16,766,394,20,17,1,5,1,
68,17,897,325,63,25,1,5,1,
68,19,418,304,92,21,1,5,1,
68,20,926,145,27,26,1,5,1,
68,21,605,234,22,11,1,5,1,
68,22,883,180,24,22,1,5,1,
68,27,685,431,90,24,1,5,1,
68,28,687,380,11,10,1,5,1,
68,29,819,330,20,12,1,5,1,
69,3,613,180,12,17,1,5,1,
69,4,727,212,10,9,1,5,1,
69,7,923,234,25,16,1,5,1,
69,8,836,255,17,12,1,5,1,
69,9,87,289,74,36,1,5,1,
69,10,657,378,37,10,1,5,1,
69,12,422,297,139,32,1,5,1,
69,14,742,272,21,17,1,5,1,
69,16,769,393,19,17,1,5,1,
69,17,908,324,52,25,1,5,1,
69,19,427,304,93,21,1,5,1,
69,20,926,146,26,26,1,5,1,
69,21,608,234,21,11,1,5,1,
69,22,882,181,24,22,1,5,1,
69,27,694,430,89,24,1,5,1,
69,28,689,379,10,10,1,5,1,
69,29,818,329,20,13,1,5,1,
70,4,727,212,10,10,1,5,1,
70,7,923,234,25,16,1,5,1,
70,8,837,255,16,12,1,5,1,
70,9,91,290,77,35,1,5,1,
70,10,662,378,36,10,1,5,1,
70,12,432,297,140,32,1,5,1,
70,14,743,272,20,17,1,5,1,
70,16,771,392,18,17,1,5,1,
70,17,921,323,39,26,1,5,1,
70,19,436,304,93,21,1,5,1,
70,20,925,148,27,25,1,5,1,
70,21,610,234,20,11,1,5,1,
70,22,881,182,24,21,1,5,1,
70,27,703,430,87,24,1,5,1,
70,28,690,378,10,10,1,5,1,
70,29,817,329,21,12,1,5,1,
71,4,727,212,10,10,1,5,1,
71,7,923,235,25,16,1,5,1,
71,8,837,255,16,12,1,5,1,
71,9,95,290,80,36,1,5,1,
71,10,667,377,35,10,1,5,1,
71,12,443,297,140,32,1,5,1,
71,14,744,272,22,17,1,5,1,
71,16,772,391,19,17,1,5,1,
71,17,931,322,29,26,1,5,1,
71,19,444,304,95,21,1,5,1,
71,20,925,149,26,25,1,5,1,
71,21,612,235,19,10,1,5,1,
71,22,880,183,25,21,1,5,1,
71,27,711,429,86,24,1,5,1,
71,28,691,377,10,10,1,5,1,
71,29,817,328,20,13,1,5,1,
72,4,727,213,10,9,1,5,1,
72,7,923,235,24,16,1,5,1,
72,8,837,255,16,12,1,5,1,
72,9,99,290,84,37,1,5,1,
72,10,671,377,35,10,1,5,1,
72,12,454,297,140,32,1,5,1,
72,14,743,272,27,17,1,5,1,
72,16,774,390,18,17,1,5,1,
72,17,934,321,26,26,1,5,1,
72,19,453,304,95,21,1,5,1,
72,20,925,150,25,25,1,5,1,
72,21,614,235,18,10,1,5,1,
72,22,880,184,24,20,1,5,1,
72,27,719,429,85,23,1,5,1,
72,28,692,376,10,10,1,5,1,
72,29,816,328,20,12,1,5,1,
73,4,727,213,10,10,1,5,1,
73,7,921,235,24,16,1,5,1,
73,8,837,255,16,12,1,5,1,
73,9,104,290,87,38,1,5,1,
73,10,676,377,34,9,1,5,1,
73,12,465,297,140,32,1,5,1,
73,14,744,272,27,17,1,5,1,
73,16,775,389,18,17,1,5,1,
73,17,934,321,25,25,1,5,1,
73,19,462,304,96,22,1,5,1,
73,20,924,152,26,24,1,5,1,
73,21,616,235,17,10,1,5,1,
73,22,879,184,23,21,1,5,1,
73,27,730,428,77,23,1,5,1,
73,28,693,375,9,10,1,5,1,
73,29,815,327,20,12,1,5,1,
74,4,727,214,10,9,1,5,1,
74,7,920,236,24,16,1,5,1,
74,8,836,255,16,12,1,5,1,
74,9,108,291,91,37,1,5,1,
74,10,681,376,33,10,1,5,1,
74,12,476,297,140,32,1,5,1,
74,14,746,272,26,16,1,5,1,
74,16,776,388,19,17,1,5,1,
74,17,935,320,24,25,1,5,1,
74,19,471,304,96,22,1,5,1,
74,20,924,153,25,24,1,5,1,
74,21,618,235,16,10,1,5,1,
74,22,878,185,23,21,1,5,1,
74,27,741,427,68,23,1,5,1,
74,28,693,375,10,9,1,5,1,
74,29,814,327,20,12,1,5,1,
75,4,727,214,10,9,1,5,1,
75,7,919,236,24,16,1,5,1,
75,8,836,256,16,11,1,5,1,
75,9,113,291,95,38,1,5,1,
75,10,685,376,32,9,1,5,1,
75,12,488,297,138,32,1,5,1,
75,14,749,272,25,16,1,5,1,
75,16,777,387,19,17,1,5,1,
75,17,935,320,25,24,1,5,1,
75,19,480,304,97,22,1,5,1,
75,20,923,154,25,24,1,5,1,
75,21,620,236,15,10,1,5,1,
75,22,877,186,23,20,1,5,1,
75,27,754,425,56,24,1,5,1,
75,28,694,374,9,9,1,5,1,
75,29,813,326,20,12,1,5,1,
76,4,727,215,10,9,1,5,1,
76,7,918,237,24,15,1,5,1,
76,8,836,256,15,11,1,5,1,
76,9,118,291,99,39,1,5,1,
76,10,690,375,30,10,1,5,1,
76,12,499,297,137,32,1,5,1,
76,14,751,272,24,16,1,5,1,
76,16,779,386,18,17,1,5,1,
76,17,935,319,24,24,1,5,1,
76,19,489,304,98,22,1,5,1,
76,20,923,155,24,24,1,5,1,
76,21,621,236,14,10,1,5,1,
76,22,876,187,24,20,1,5,1,
76,27,765,424,44,24,1,5,1,
76,28,695,373,9,9,1,5,1,
76,29,812,326,20,12,1,5,1,
77,4,727,215,10,9,1,5,1,
77,7,918,237,23,15,1,5,1,
77,8,835,256,16,11,1,5,1,
77,9,124,292,102,39,1,5,1,
77,10,694,375,29,9,1,5,1,
77,12,511,297,135,32,1,5,1,
77,14,754,272,23,16,1,5,1,
77,16,780,385,18,17,1,5,1,
77,17,935,318,24,24,1,5,1,
77,19,499,304,97,22,1,5,1,
77,20,922,157,24,23,1,5,1,
77,21,623,236,13,10,1,5,1,
77,22,876,188,23,19,1,5,1,
77,27,771,422,46,24,1,5,1,
77,28,695,372,9,10,1,5,1,
77,29,811,325,21,12,1,5,1,
78,4,727,216,10,9,1,5,1,
78,7,917,237,22,15,1,5,1,
78,8,835,256,15,11,1,5,1,
78,9,129,292,107,40,1,5,1,
78,10,698,374,29,10,1,5,1,
78,12,522,296,134,33,1,5,1,
78,14,756,272,22,16,1,5,1,
78,16,781,384,18,16,1,5,1,
78,17,935,318,24,23,1,5,1,
78,19,508,304,98,22,1,5,1,
78,20,921,158,24,23,1,5,1,
78,22,875,188,23,20,1,5,1,
78,27,772,422,54,22,1,5,1,
78,28,695,371,10,10,1,5,1,
78,29,810,325,21,12,1,5,1,
79,4,727,216,10,9,1,5,1,
79,7,916,238,22,15,1,5,1,
79,8,835,256,15,11,1,5,1,
79,9,135,292,111,41,1,5,1,
79,10,702,374,28,9,1,5,1,
79,12,533,296,134,32,1,5,1,
79,14,758,272,21,16,1,5,1,
79,16,782,383,17,17,1,5,1,
79,17,935,317,25,23,1,5,1,
79,19,517,305,98,21,1,5,1,
79,20,921,159,24,23,1,5,1,
79,22,874,189,23,19,1,5,1,
79,27,772,421,63,22,1,5,1,
79,28,695,370,10,10,1,5,1,
79,29,809,325,21,11,1,5,1,
80,4,727,217,10,8,1,5,1,
80,7,915,238,22,15,1,5,1,
80,8,834,256,15,11,1,5,1,
80,9,142,292,114,41,1,5,1,
80,10,706,373,27,10,1,5,1,
80,12,543,296,134,32,1,5,1,
80,14,760,272,21,16,1,5,1,
80,16,782,383,18,16,1,5,1,
80,17,935,317,24,22,1,5,1,
80,19,527,305,98,21,1,5,1,
80,20,920,160,24,22,1,5,1,
80,22,873,190,23,19,1,5,1,
80,27,777,420,59,22,1,5,1,
80,28,696,370,9,9,1,5,1,
80,29,808,324,21,12,1,5,1,
81,4,727,217,9,9,1,5,1,
81,7,913,238,23,15,1,5,1,
81,8,834,256,14,11,1,5,1,
81,9,149,293,117,41,1,5,1,
81,10,709,373,27,9,1,5,1,
81,12,555,296,131,32,1,5,1,
81,14,762,272,20,15,1,5,1,
81,16,783,382,18,15,1,5,1,
81,17,935,316,24,22,1,5,1,
81,19,536,305,99,21,1,5,1,
81,20,919,161,24,22,1,5,1,
81,22,872,191,23,18,1,5,1,
81,27,786,418,50,23,1,5,1,
81,28,696,369,9,9,1,5,1,
81,29,807,324,21,11,1,5,1,
82,4,727,217,9,9,1,5,1,
82,7,912,239,23,14,1,5,1,
82,8,833,257,15,10,1,5,1,
82,9,156,293,121,42,1,5,1,
82,10,713,372,25,10,1,5,1,
82,12,566,296,129,32,1,5,1,
82,14,764,272,19,15,1,5,1,
82,16,784,381,18,15,1,5,1,
82,17,935,315,24,22,1,5,1,
82,19,546,305,98,21,1,5,1,
82,20,918,162,23,22,1,5,1,
82,22,871,191,23,19,1,5,1,
82,27,797,417,38,23,1,5,1,
82,28,696,368,9,9,1,5,1,
82,29,806,323,21,12,1,5,1,
83,4,726,218,10,8,1,5,1,
83,7,911,239,23,14,1,5,1,
83,8,834,257,14,10,1,5,1,
83,9,163,293,126,43,1,5,1,
83,10,717,371,24,10,1,5,1,
83,12,578,296,126,31,1,5,1,
83,14,765,272,19,15,1,5,1,
83,16,785,380,17,15,1,5,1,
83,17,934,315,25,21,1,5,1,
83,19,556,305,97,21,1,5,1,
83,20,918,163,23,22,1,5,1,
83,22,870,192,23,18,1,5,1,
83,27,807,415,29,24,1,5,1,
83,28,696,367,9,9,1,5,1,
83,29,805,323,21,11,1,5,1,
84,4,726,218,10,9,1,5,1,
84,7,910,239,23,14,1,5,1,
84,8,834,257,15,10,1,5,1,
84,9,170,294,130,43,1,5,1,
84,10,720,371,23,9,1,5,1,
84,12,588,296,126,31,1,5,1,
84,14,766,272,19,15,1,5,1,
84,16,785,379,18,16,1,5,1,
84,17,934,314,25,22,1,5,1,
84,19,565,305,97,21,1,5,1,
84,20,917,165,22,21,1,5,1,
84,22,869,193,24,18,1,5,1,
84,27,811,414,28,23,1,5,1,
84,28,695,367,10,8,1,5,1,
84,29,804,323,21,11,1,5,1,
85,4,726,219,9,8,1,5,1,
85,7,909,240,22,14,1,5,1,
85,8,834,257,14,10,1,5,1,
85,9,178,294,134,44,1,5,1,
85,10,724,370,22,10,1,5,1,
85,12,599,296,125,31,1,5,1,
85,14,767,272,19,15,1,5,1,
85,16,786,378,17,16,1,5,1,
85,17,933,314,26,21,1,5,1,
85,19,575,305,97,21,1,5,1,
85,20,916,166,22,21,1,5,1,
85,22,868,193,24,18,1,5,1,
85,27,811,413,36,21,1,5,1,
85,28,695,366,10,8,1,5,1,
85,29,803,322,21,11,1,5,1,
86,4,726,219,9,8,1,5,1,
86,7,908,240,22,14,1,5,1,
86,8,834,257,14,10,1,5,1,
86,9,186,294,139,45,1,5,1,
86,10,727,370,21,9,1,5,1,
86,12,609,296,124,31,1,5,1,
86,14,767,272,19,15,1,5,1,
86,16,786,377,18,16,1,5,1,
86,17,932,313,27,21,1,5,1,
86,19,584,305,97,21,1,5,1,
86,20,915,167,22,20,1,5,1,
86,22,867,194,24,18,1,5,1,
86,27,809,412,46,21,1,5,1,
86,28,695,365,10,9,1,5,1,
86,29,802,322,21,11,1,5,1,
87,4,725,220,9,8,1,5,1,
87,7,907,240,22,14,1,5,1,
87,8,834,257,14,10,1,5,1,
87,9,196,294,139,46,1,5,1,
87,10,730,369,20,9,1,5,1,
87,12,619,296,124,30,1,5,1,
87,14,767,272,18,15,1,5,1,
87,16,787,376,17,16,1,5,1,
87,17,932,313,27,20,1,5,1,
87,19,594,304,96,22,1,5,1,
87,20,914,168,22,20,1,5,1,
87,22,866,195,24,17,1,5,1,
87,27,812,411,42,21,1,5,1,
87,28,694,364,10,9,1,5,1,
87,29,801,321,21,11,1,5,1,
88,4,725,220,9,8,1,5,1,
88,7,905,240,23,14,1,5,1,
88,8,833,257,14,10,1,5,1,
88,9,206,295,141,46,1,5,1,
88,10,733,368,19,10,1,5,1,
88,12,631,295,121,31,1,5,1,
88,14,767,272,18,15,1,5,1,
88,16,787,376,17,15,1,5,1,
88,17,931,312,28,20,1,5,1,
88,19,604,304,95,22,1,5,1,
88,20,913,169,22,20,1,5,1,
88,22,865,195,24,18,1,5,1,
88,27,821,409,33,22,1,5,1,
88,28,693,363,11,9,1,5,1,
88,29,799,321,22,11,1,5,1,
89,4,725,220,9,8,1,5,1,
89,7,904,241,23,13,1,5,1,
89,8,833,257,13,10,1,5,1,
89,9,217,296,138,48,1,5,1,
89,10,736,368,18,9,1,5,1,
89,12,641,295,119,31,1,5,1,
89,14,767,272,18,15,1,5,1,
89,16,787,375,17,15,1,5,1,
89,17,930,312,29,20,1,5,1,
89,19,614,304,94,22,1,5,1,
89,20,911,170,23,20,1,5,1,
89,22,864,196,24,17,1,5,1,
89,27,829,408,26,22,1,5,1,
89,28,693,363,11,8,1,5,1,
89,29,798,321,21,10,1,5,1,
90,4,724,221,9,7,1,5,1,
90,7,903,241,23,13,1,5,1,
90,8,832,258,14,9,1,5,1,
90,9,227,297,137,50,1,5,1,
90,10,739,367,16,9,1,5,1,
90,12,651,295,117,31,1,5,1,
90,14,767,272,18,14,1,5,1,
90,16,787,374,17,15,1,5,1,
90,17,929,311,30,20,1,5,1,
90,19,623,304,93,22,1,5,1,
90,20,910,171,23,19,1,5,1,
90,22,863,196,24,18,1,5,1,
90,27,830,406,25,22,1,5,1,
90,28,692,362,12,8,1,5,1,
90,29,797,320,21,11,1,5,1,
91,4,724,221,9,8,1,5,1,
91,7,901,241,23,14,1,5,1,
91,8,832,258,13,9,1,5,1,
91,9,234,298,144,51,1,5,1,
91,10,741,366,16,10,1,5,1,
91,12,663,295,111,31,1,5,1,
91,14,767,272,18,14,1,5,1,
91,16,788,373,16,15,1,5,1,
91,17,928,311,29,19,1,5,1,
91,19,633,304,91,22,1,5,1,
91,20,909,172,23,19,1,5,1,
91,22,861,197,25,17,1,5,1,
91,27,831,404,24,24,1,5,1,
91,28,691,361,12,8,1,5,1,
91,29,795,320,22,10,1,5,1,
92,4,723,221,9,8,1,5,1,
92,7,900,242,23,13,1,5,1,
92,8,831,258,13,9,1,5,1,
92,9,241,299,151,51,1,5,1,
92,10,744,366,14,9,1,5,1,
92,12,676,295,105,30,1,5,1,
92,14,767,272,18,14,1,5,1,
92,16,788,372,16,15,1,5,1,
92,17,927,310,28,19,1,5,1,
92,19,645,304,87,22,1,5,1,
92,20,908,173,22,19,1,5,1,
92,22,860,198,25,17,1,5,1,
92,27,831,402,24,24,1,5,1,
92,28,690,360,12,8,1,5,1,
92,29,794,319,21,11,1,5,1,
93,7,898,242,24,13,1,5,1,
93,8,830,258,13,9,1,5,1,
93,9,248,299,159,53,1,5,1,
93,10,746,365,14,9,1,5,1,
93,12,686,295,101,30,1,5,1,
93,14,767,272,18,14,1,5,1,
93,16,788,372,16,14,1,5,1,
93,17,925,310,29,19,1,5,1,
93,19,653,304,87,22,1,5,1,
93,20,906,173,23,20,1,5,1,
93,22,859,198,24,17,1,5,1,
93,27,830,401,24,23,1,5,1,
93,28,689,360,13,8,1,5,1,
93,29,792,319,22,10,1,5,1,
94,7,897,242,23,13,1,5,1,
94,8,830,258,13,9,1,5,1,
94,9,256,300,166,54,1,5,1,
94,10,748,364,13,10,1,5,1,
94,12,694,295,100,30,1,5,1,
94,14,767,272,17,14,1,5,1,
94,16,788,371,16,14,1,5,1,
94,17,924,309,28,19,1,5,1,
94,19,661,304,86,22,1,5,1,
94,20,905,174,23,19,1,5,1,
94,22,858,199,24,16,1,5,1,
94,27,830,399,24,24,1,5,1,
94,28,688,359,13,8,1,5,1,
95,7,896,242,23,13,1,5,1,
95,8,829,258,13,9,1,5,1,
95,9,265,300,173,55,1,5,1,
95,10,750,364,12,9,1,5,1,
95,12,703,295,97,29,1,5,1,
95,14,766,272,18,14,1,5,1,
95,15,877,-3,83,28,1,5,1,
95,16,788,370,16,14,1,5,1,
95,17,923,309,28,18,1,5,1,
95,19,669,304,86,21,1,5,1,
95,20,904,175,23,19,1,5,1,
95,22,856,200,25,16,1,5,1,
95,27,830,398,23,23,1,5,1,
95,28,687,358,13,8,1,5,1,
96,7,894,243,23,12,1,5,1,
96,8,828,258,13,9,1,5,1,
96,9,275,301,180,56,1,5,1,
96,10,752,363,11,9,1,5,1,
96,12,713,294,92,30,1,5,1,
96,14,766,272,18,14,1,5,1,
96,15,895,-2,65,28,1,5,1,
96,16,788,369,16,14,1,5,1,
96,17,922,308,27,19,1,5,1,
96,19,678,304,84,21,1,5,1,
96,20,902,176,23,19,1,5,1,
96,22,855,200,25,16,1,5,1,
96,27,829,396,23,23,1,5,1,
96,28,686,357,13,8,1,5,1,
97,7,893,243,23,13,1,5,1,
97,8,827,258,14,9,1,5,1,
97,9,286,301,186,58,1,5,1,
97,10,754,363,11,9,1,5,1,
97,12,722,294,89,29,1,5,1,
97,14,766,272,17,14,1,5,1,
97,15,912,-1,48,27,1,5,1,
97,16,787,368,16,14,1,5,1,
97,17,920,308,28,18,1,5,1,
97,19,687,304,82,21,1,5,1,
97,20,901,177,23,19,1,5,1,
97,22,854,201,24,16,1,5,1,
97,27,829,395,22,22,1,5,1,
97,28,684,357,14,8,1,5,1,
98,1,952,308,7,9,1,5,1,
98,7,891,243,23,13,1,5,1,
98,8,826,259,14,8,1,5,1,
98,9,296,302,194,58,1,5,1,
98,10,755,362,11,9,1,5,1,
98,12,731,294,85,29,1,5,1,
98,14,766,272,17,13,1,5,1,
98,15,928,0,32,22,1,5,1,
98,16,787,368,16,14,1,5,1,
98,17,919,307,27,18,1,5,1,
98,19,696,303,80,22,1,5,1,
98,20,900,178,23,18,1,5,1,
98,22,853,201,24,16,1,5,1,
98,27,828,393,23,22,1,5,1,
98,28,683,356,15,8,1,5,1,
99,1,950,306,10,11,1,5,1,
99,7,890,243,22,13,1,5,1,
99,8,825,259,14,8,1,5,1,
99,9,309,302,200,60,1,5,1,
99,10,757,361,10,9,1,5,1,
99,12,740,294,81,29,1,5,1,
99,14,765,272,17,13,1,5,1,
99,15,945,0,15,4,1,5,1,
99,16,787,367,16,14,1,5,1,
99,17,918,307,27,18,1,5,1,
99,19,705,303,79,21,1,5,1,
99,20,898,179,23,18,1,5,1,
99,22,851,202,25,16,1,5,1,
99,27,827,392,24,21,1,5,1,
100,1,949,306,10,10,1,5,1,
100,7,888,244,23,12,1,5,1,
100,8,824,259,14,8,1,5,1,
100,9,320,303,209,61,1,5,1,
100,10,758,361,10,9,1,5,1,
100,12,748,294,78,28,1,5,1,
100,14,765,272,17,13,1,5,1,
100,15,959,0,1,1,1,5,1,
100,16,787,366,15,14,1,5,1,
100,17,916,307,28,17,1,5,1,
100,19,712,303,78,21,1,5,1,
100,20,897,180,23,18,1,5,1,
100,22,850,202,24,16,1,5,1,
100,27,826,390,25,22,1,5,1,
101,1,947,305,12,11,1,5,1,
101,7,887,244,22,12,1,5,1,
101,8,823,259,14,8,1,5,1,
101,9,333,304,216,62,1,5,1,
101,10,759,360,10,9,1,5,1,
101,12,756,293,74,29,1,5,1,
101,14,765,272,17,13,1,5,1,
101,16,786,365,16,14,1,5,1,
101,17,915,306,27,17,1,5,1,
101,19,721,303,76,21,1,5,1,
101,20,896,181,22,17,1,5,1,
101,22,849,203,24,15,1,5,1,
101,27,825,389,25,21,1,5,1,
102,1,945,304,14,12,1,5,1,
102,7,886,244,22,12,1,5,1,
102,8,822,259,14,9,1,5,1,
102,9,345,304,226,64,1,5,1,
102,10,760,359,9,9,1,5,1,
102,12,763,293,71,28,1,5,1,
102,14,764,272,17,13,1,5,1,
102,16,786,365,15,13,1,5,1,
102,17,913,306,28,17,1,5,1,
102,19,728,303,75,21,1,5,1,
102,20,894,182,23,17,1,5,1,
102,22,847,204,25,15,1,5,1,
102,27,824,387,25,21,1,5,1,
103,1,943,304,16,13,1,5,1,
103,7,884,244,22,12,1,5,1,
103,8,821,259,15,9,1,5,1,
103,9,358,305,235,65,1,5,1,
103,10,760,359,10,8,1,5,1,
103,12,770,293,68,28,1,5,1,
103,14,764,272,16,13,1,5,1,
103,16,786,364,15,13,1,5,1,
103,17,912,305,27,17,1,5,1,
103,19,736,303,73,20,1,5,1,
103,20,893,182,22,18,1,5,1,
103,22,846,204,24,15,1,5,1,
103,27,823,386,26,21,1,5,1,
104,1,941,304,18,13,1,5,1,
104,7,883,245,22,11,1,5,1,
104,8,820,259,15,9,1,5,1,
104,9,371,306,246,67,1,5,1,
104,10,761,358,10,9,1,5,1,
104,12,777,293,65,27,1,5,1,
104,14,764,272,16,13,1,5,1,
104,16,785,363,15,14,1,5,1,
104,17,910,305,28,17,1,5,1,
104,19,744,302,70,21,1,5,1,
104,20,891,183,23,17,1,5,1,
104,22,845,205,24,14,1,5,1,
104,27,822,385,26,20,1,5,1,
105,1,939,304,20,12,1,5,1,
105,7,881,245,22,12,1,5,1,
105,8,819,259,14,9,1,5,1,
105,9,386,307,256,68,1,5,1,
105,10,762,357,9,9,1,5,1,
105,12,784,293,62,27,1,5,1,
105,13,952,315,7,6,1,5,1,
105,14,763,272,16,13,1,5,1,
105,16,785,363,15,13,1,5,1,
105,17,909,305,27,16,1,5,1,
105,19,752,302,68,21,1,5,1,
105,20,890,184,22,17,1,5,1,
105,22,843,205,24,15,1,5,1,
105,27,821,383,26,20,1,5,1,
106,1,938,303,21,13,1,5,1,
106,7,880,245,22,12,1,5,1,
106,8,818,259,14,9,1,5,1,
106,9,402,308,266,70,1,5,1,
106,10,762,357,10,8,1,5,1,
106,12,791,292,58,27,1,5,1,
106,13,949,314,10,7,1,5,1,
106,14,763,272,16,13,1,5,1,
106,16,784,362,16,13,1,5,1,
106,17,907,304,27,16,1,5,1,
106,19,759,302,66,20,1,5,1,
106,20,888,185,23,16,1,5,1,
106,22,842,206,24,14,1,5,1,
106,27,820,382,26,20,1,5,1,
107,1,936,303,23,12,1,5,1,
107,7,878,245,22,12,1,5,1,
107,8,817,259,14,9,1,5,1,
107,9,418,308,278,72,1,5,1,
107,10,763,356,9,9,1,5,1,
107,12,797,292,55,27,1,5,1,
107,13,946,314,13,7,1,5,1,
107,14,762,272,16,12,1,5,1,
107,16,784,361,16,13,1,5,1,
107,17,906,304,27,16,1,5,1,
107,19,767,302,63,20,1,5,1,
107,20,887,186,22,16,1,5,1,
107,22,841,206,24,15,1,5,1,
107,27,818,381,27,19,1,5,1,
108,1,934,303,26,12,1,5,1,
108,7,877,246,21,11,1,5,1,
108,8,815,260,15,8,1,5,1,
108,9,434,309,291,74,1,5,1,
108,10,763,355,10,9,1,5,1,
108,12,803,292,52,27,1,5,1,
108,13,944,313,15,9,1,5,1,
108,14,762,272,15,12,1,5,1,
108,16,783,360,16,13,1,5,1,
108,17,904,303,27,16,1,5,1,
108,19,774,302,60,20,1,5,1,
108,20,886,186,22,17,1,5,1,
108,22,839,207,24,14,1,5,1,
108,27,817,379,27,19,1,5,1,
109,1,932,302,27,13,1,5,1,
109,7,875,246,22,11,1,5,1,
109,8,814,260,15,8,1,5,1,
109,9,449,310,306,75,1,5,1,
109,10,763,355,10,8,1,5,1,
109,12,809,292,49,26,1,5,1,
109,13,941,313,18,8,1,5,1,
109,14,761,272,16,12,1,5,1,
109,16,782,360,17,13,1,5,1,
109,17,903,303,27,16,1,5,1,
109,19,781,301,58,20,1,5,1,
109,20,884,187,22,16,1,5,1,
109,22,838,207,24,14,1,5,1,
109,27,815,378,27,19,1,5,1,
110,1,930,302,27,12,1,5,1,
110,7,874,246,21,11,1,5,1,
110,8,813,260,15,8,1,5,1,
110,9,464,310,317,76,1,5,1,
110,10,764,354,9,9,1,5,1,
110,12,814,292,46,26,1,5,1,
110,13,938,313,21,8,1,5,1,
110,14,760,272,16,12,1,5,1,
110,16,782,359,16,13,1,5,1,
110,17,901,303,27,15,1,5,1,
110,19,788,301,55,20,1,5,1,
110,20,883,188,22,16,1,5,1,
110,27,814,377,27,18,1,5,1,
111,1,928,302,27,12,1,5,1,
111,7,872,246,22,11,1,5,1,
111,8,811,260,16,8,1,5,1,
111,9,480,310,324,76,1,5,1,
111,10,764,354,9,8,1,5,1,
111,12,820,291,42,26,1,5,1,
111,13,936,312,23,8,1,5,1,
111,14,760,272,15,12,1,5,1,
111,16,781,358,17,13,1,5,1,
111,17,899,302,28,16,1,5,1,
111,19,794,301,52,20,1,5,1,
111,20,881,189,22,15,1,5,1,
111,27,812,376,28,18,1,5,1,
112,1,926,302,27,11,1,5,1,
112,7,871,246,21,11,1,5,1,
112,8,810,260,15,8,1,5,1,
112,9,501,310,321,75,1,5,1,
112,10,764,353,10,8,1,5,1,
112,12,824,291,41,26,1,5,1,
112,13,933,312,25,8,1,5,1,
112,14,759,272,15,12,1,5,1,
112,16,780,358,17,12,1,5,1,
112,17,898,302,27,15,1,5,1,
112,19,800,301,50,19,1,5,1,
112,20,880,189,22,16,1,5,1,
112,27,811,375,27,18,1,5,1,
113,1,925,301,26,12,1,5,1,
113,7,869,247,22,11,1,5,1,
113,8,809,260,15,8,1,5,1,
113,9,526,309,318,75,1,5,1,
113,10,764,352,10,9,1,5,1,
113,12,829,291,39,25,1,5,1,
113,13,931,312,24,7,1,5,1,
113,14,758,272,16,12,1,5,1,
113,16,780,357,17,13,1,5,1,
113,17,896,302,27,15,1,5,1,
113,19,806,301,47,19,1,5,1,
113,20,878,190,22,15,1,5,1,
113,27,809,373,28,18,1,5,1,
114,1,923,301,26,12,1,5,1,
114,7,868,247,21,11,1,5,1,
114,8,807,260,16,8,1,5,1,
114,9,550,309,318,74,1,5,1,
114,10,764,352,10,8,1,5,1,
114,12,834,291,36,25,1,5,1,
114,13,928,311,25,8,1,5,1,
114,14,758,272,15,12,1,5,1,
114,16,779,357,17,12,1,5,1,
114,17,894,301,27,15,1,5,1,
114,19,811,300,45,19,1,5,1,
114,20,877,191,22,15,1,5,1,
114,27,807,372,28,18,1,5,1,
115,1,921,301,26,11,1,5,1,
115,7,866,247,22,11,1,5,1,
115,8,806,260,15,8,1,5,1,
115,9,575,309,318,74,1,5,1,
115,10,764,351,9,8,1,5,1,
115,12,838,291,34,24,1,5,1,
115,13,925,311,25,8,1,5,1,
115,14,757,272,16,12,1,5,1,
115,16,778,356,17,12,1,5,1,
115,17,892,301,27,15,1,5,1,
115,19,816,300,42,19,1,5,1,
115,20,875,192,22,14,1,5,1,
115,27,805,371,29,17,1,5,1,
116,1,919,301,26,11,1,5,1,
116,7,865,247,21,11,1,5,1,
116,8,804,260,16,8,1,5,1,
116,9,599,309,319,74,1,5,1,
116,10,764,351,9,8,1,5,1,
116,12,841,290,33,25,1,5,1,
116,13,923,311,24,7,1,5,1,
116,14,755,272,18,12,1,5,1,
116,16,777,355,18,12,1,5,1,
116,17,891,301,27,14,1,5,1,
116,19,822,300,39,19,1,5,1,
116,20,873,192,23,15,1,5,1,
116,27,803,370,29,17,1,5,1,
117,1,917,300,26,12,1,5,1,
117,7,863,247,22,11,1,5,1,
117,8,802,260,16,8,1,5,1,
117,9,625,309,318,74,1,5,1,
117,10,764,350,9,8,1,5,1,
117,12,843,290,33,24,1,5,1,
117,13,920,310,25,8,1,5,1,
117,14,754,272,20,12,1,5,1,
117,16,776,355,18,12,1,5,1,
117,17,889,300,27,15,1,5,1,
117,19,827,300,33,18,1,5,1,
117,20,872,193,22,15,1,5,1,
117,27,801,369,29,17,1,5,1,
118,1,915,300,26,11,1,5,1,
118,7,861,248,22,10,1,5,1,
118,8,801,261,16,7,1,5,1,
118,9,649,309,310,74,1,5,1,
118,10,763,349,10,8,1,5,1,
118,12,844,290,33,24,1,5,1,
118,13,918,310,24,7,1,5,1,
118,14,752,272,22,12,1,5,1,
118,16,775,354,18,12,1,5,1,
118,17,887,300,27,14,1,5,1,
118,19,833,299,29,19,1,5,1,
118,20,870,194,22,14,1,5,1,
118,27,799,368,29,16,1,5,1,
119,1,913,300,26,11,1,5,1,
119,7,860,248,21,10,1,5,1,
119,8,799,261,17,7,1,5,1,
119,9,675,309,285,74,1,5,1,
119,10,763,349,9,8,1,5,1,
119,12,845,290,32,23,1,5,1,
119,13,915,310,24,7,1,5,1,
119,14,750,272,22,12,1,5,1,
119,17,885,300,27,14,1,5,1,
119,19,837,299,27,18,1,5,1,
119,20,868,194,23,15,1,5,1,
119,27,796,367,30,16,1,5,1,
120,1,911,300,26,11,1,5,1,
120,7,858,248,22,10,1,5,1,
120,8,797,261,17,7,1,5,1,
120,9,697,309,263,74,1,5,1,
120,10,763,348,9,8,1,5,1,
120,12,846,290,32,23,1,5,1,
120,13,913,309,24,8,1,5,1,
120,14,749,272,22,12,1,5,1,
120,17,884,300,26,13,1,5,1,
120,19,840,299,25,18,1,5,1,
120,20,867,195,22,14,1,5,1,
120,27,794,366,31,16,1,5,1,
121,1,909,299,26,11,1,5,1,
121,7,857,248,21,10,1,5,1,
121,8,795,261,17,7,1,5,1,
121,9,721,309,239,74,1,5,1,
121,10,762,348,9,8,1,5,1,
121,12,846,289,31,23,1,5,1,
121,13,910,309,24,7,1,5,1,
121,17,882,299,26,14,1,5,1,
121,19,842,299,24,18,1,5,1,
121,20,865,196,23,14,1,5,1,
121,27,791,365,32,16,1,5,1,
122,1,907,299,26,11,1,5,1,
122,7,855,248,22,10,1,5,1,
122,8,794,261,17,7,1,5,1,
122,9,741,309,219,70,1,5,1,
122,10,762,347,9,8,1,5,1,
122,12,845,289,32,23,1,5,1,
122,13,907,309,25,7,1,5,1,
122,17,880,299,26,14,1,5,1,
122,18,948,375,11,9,1,5,1,
122,19,843,299,23,18,1,5,1,
122,20,864,196,22,14,1,5,1,
122,27,789,364,32,16,1,5,1,
123,1,905,299,26,11,1,5,1,
123,7,853,249,22,10,1,5,1,
123,8,792,261,17,7,1,5,1,
123,9,767,309,193,70,1,5,1,
123,10,761,347,9,7,1,5,1,
123,12,847,289,31,22,1,5,1,
123,13,905,309,24,7,1,5,1,
123,17,879,299,25,13,1,5,1,
123,18,945,373,14,12,1,5,1,
123,19,844,299,23,17,1,5,1,
123,20,862,197,22,14,1,5,1,
123,27,786,363,32,15,1,5,1,
124,1,903,299,26,10,1,5,1,
124,7,851,249,22,10,1,5,1,
124,8,790,261,17,7,1,5,1,
124,9,794,313,166,66,1,5,1,
124,10,761,346,9,8,1,5,1,
124,12,847,289,30,22,1,5,1,
124,13,903,308,23,7,1,5,1,
124,17,877,298,25,14,1,5,1,
124,18,943,373,16,13,1,5,1,
124,19,844,299,23,17,1,5,1,
124,20,860,197,22,14,1,5,1,
124,27,784,362,32,15,1,5,1,
125,1,901,298,26,11,1,5,1,
125,7,850,249,21,10,1,5,1,
125,9,819,315,141,57,1,5,1,
125,10,761,346,8,7,1,5,1,
125,12,846,288,30,22,1,5,1,
125,13,900,308,24,7,1,5,1,
125,17,875,298,26,13,1,5,1,
125,18,940,372,20,13,1,5,1,
125,19,845,299,22,17,1,5,1,
125,20,859,198,22,13,1,5,1,
125,27,781,361,33,15,1,5,1,
126,1,899,298,26,11,1,5,1,
126,7,848,249,22,10,1,5,1,
126,9,841,323,119,45,1,5,1,
126,10,761,345,8,8,1,5,1,
126,12,846,288,30,22,1,5,1,
126,13,898,308,23,7,1,5,1,
126,17,873,298,26,13,1,5,1,
126,18,938,371,21,14,1,5,1,
126,19,846,299,21,17,1,5,1,
126,20,857,199,22,13,1,5,1,
126,27,779,360,33,15,1,5,1,
127,1,897,298,26,10,1,5,1,
127,7,846,249,22,10,1,5,1,
127,10,761,345,8,7,1,5,1,
127,12,846,288,29,21,1,5,1,
127,13,895,307,24,7,1,5,1,
127,17,872,298,25,13,1,5,1,
127,18,935,370,24,14,1,5,1,
127,19,847,299,21,17,1,5,1,
127,20,855,199,22,13,1,5,1,
127,27,777,359,32,15,1,5,1,
127,30,954,141,5,9,1,5,1,
128,1,895,298,26,10,1,5,1,
128,7,844,249,22,10,1,5,1,
128,12,846,288,29,21,1,5,1,
128,13,893,307,23,7,1,5,1,
128,17,870,297,25,13,1,5,1,
128,18,933,369,26,15,1,5,1,
128,19,848,299,21,16,1,5,1,
128,20,853,200,23,13,1,5,1,
128,27,775,358,32,15,1,5,1,
128,30,951,141,8,10,1,5,1,
129,1,893,298,26,10,1,5,1,
129,7,843,250,22,9,1,5,1,
129,12,846,288,29,20,1,5,1,
129,17,868,297,25,13,1,5,1,
129,18,930,369,29,14,1,5,1,
129,19,850,298,21,17,1,5,1,
129,20,852,200,22,13,1,5,1,
129,27,772,357,32,15,1,5,1,
129,30,949,141,11,11,1,5,1,
130,1,891,297,26,11,1,5,1,
130,7,841,250,22,9,1,5,1,
130,12,848,287,28,21,1,5,1,
130,17,866,297,26,13,1,5,1,
130,18,928,368,31,14,1,5,1,
130,19,850,298,22,16,1,5,1,
130,20,850,201,23,13,1,5,1,
130,27,771,357,31,14,1,5,1,
130,30,946,141,13,12,1,5,1,
131,1,889,297,26,10,1,5,1,
131,7,840,250,22,9,1,5,1,
131,12,851,287,28,21,1,5,1,
131,17,865,297,25,12,1,5,1,
131,18,926,367,33,14,1,5,1,
131,19,850,298,24,16,1,5,1,
131,20,848,201,23,13,1,5,1,
131,27,769,356,31,14,1,5,1,
131,30,944,141,15,13,1,5,1,
132,1,887,297,26,10,1,5,1,
132,12,853,287,27,20,1,5,1,
132,17,863,296,25,13,1,5,1,
132,18,923,366,36,14,1,5,1,
132,19,851,297,24,16,1,5,1,
132,20,846,202,23,13,1,5,1,
132,27,767,355,30,14,1,5,1,
132,30,941,141,18,14,1,5,1,
133,1,885,297,26,10,1,5,1,
133,12,855,287,27,20,1,5,1,
133,17,861,296,25,12,1,5,1,
133,18,921,366,38,14,1,5,1,
133,19,853,296,24,16,1,5,1,
133,20,844,203,23,12,1,5,1,
133,27,764,354,31,14,1,5,1,
133,30,938,142,21,14,1,5,1,
134,1,883,297,26,10,1,5,1,
134,12,856,287,27,20,1,5,1,
134,17,859,296,25,12,1,5,1,
134,18,919,365,40,14,1,5,1,
134,19,855,296,25,15,1,5,1,
134,20,843,203,23,12,1,5,1,
134,27,762,354,31,13,1,5,1,
134,30,936,143,23,14,1,5,1,
135,1,881,297,27,9,1,5,1,
135,12,858,287,26,19,1,5,1,
135,17,858,296,25,12,1,5,1,
135,18,917,364,41,14,1,5,1,
135,19,857,295,25,16,1,5,1,
135,27,759,353,32,13,1,5,1,
135,30,933,144,26,14,1,5,1,
136,1,879,296,27,10,1,5,1,
136,12,859,287,26,19,1,5,1,
136,17,856,296,25,12,1,5,1,
136,18,915,363,40,15,1,5,1,
136,19,859,295,24,15,1,5,1,
136,27,756,352,34,13,1,5,1,
136,30,931,143,28,16,1,5,1,
137,1,878,296,26,10,1,5,1,
137,12,861,287,25,19,1,5,1,
137,17,854,295,25,12,1,5,1,
137,18,912,363,40,14,1,5,1,
137,19,862,294,22,16,1,5,1,
137,27,757,352,31,13,1,5,1,
137,30,928,143,31,16,1,5,1,
138,1,876,296,26,10,1,5,1,
138,12,862,287,25,19,1,5,1,
138,17,852,295,26,12,1,5,1,
138,18,910,362,40,14,1,5,1,
138,19,862,294,22,16,1,5,1,
138,27,758,351,27,13,1,5,1,
138,30,926,144,31,16,1,5,1,
139,12,862,287,25,19,1,5,1,
139,17,851,295,25,12,1,5,1,
139,18,907,361,41,14,1,5,1,
139,19,862,294,21,15,1,5,1,
139,27,758,350,23,13,1,5,1,
139,30,923,145,31,16,1,5,1,
140,12,863,287,24,18,1,5,1,
140,17,849,295,25,11,1,5,1,
140,19,862,294,21,15,1,5,1,
140,23,449,358,21,11,1,5,1,
140,27,758,350,20,12,1,5,1,
140,30,921,146,31,16,1,5,1,
141,12,863,287,24,18,1,5,1,
141,17,847,295,25,11,1,5,1,
141,19,862,293,20,15,1,5,1,
141,23,450,358,22,12,1,5,1,
141,27,758,349,16,13,1,5,1,
141,30,918,147,32,16,1,5,1,
142,12,863,287,24,18,1,5,1,
142,17,846,294,24,12,1,5,1,
142,19,861,293,21,15,1,5,1,
142,23,451,359,23,12,1,5,1,
142,27,759,349,12,12,1,5,1,
143,12,863,287,24,18,1,5,1,
143,17,844,294,25,12,1,5,1,
143,19,861,293,20,15,1,5,1,
143,23,451,359,26,12,1,5,1,
143,27,759,348,13,12,1,5,1,
144,12,863,287,24,17,1,5,1,
144,17,843,294,25,11,1,5,1,
144,19,860,293,20,14,1,5,1,
144,23,452,360,27,12,1,5,1,
144,27,760,347,13,13,1,5,1,
145,12,863,287,23,17,1,5,1,
145,17,841,294,25,11,1,5,1,
145,19,860,293,20,14,1,5,1,
145,23,453,360,29,13,1,5,1,
145,27,761,347,13,12,1,5,1,
146,12,863,287,22,17,1,5,1,
146,17,839,294,26,11,1,5,1,
146,19,859,292,19,15,1,5,1,
146,23,454,361,31,12,1,5,1,
146,27,762,346,13,13,1,5,1,
147,12,861,287,23,16,1,5,1,
147,17,837,294,26,11,1,5,1,
147,19,858,292,20,14,1,5,1,
147,23,455,361,33,13,1,5,1,
147,27,763,346,13,12,1,5,1,
148,12,860,286,24,17,1,5,1,
148,17,835,293,26,11,1,5,1,
148,19,857,292,19,14,1,5,1,
148,23,457,362,34,13,1,5,1,
148,27,763,345,13,12,1,5,1,
149,12,860,286,24,17,1,5,1,
149,17,833,293,26,11,1,5,1,
149,19,855,292,21,14,1,5,1,
149,23,459,363,35,12,1,5,1,
149,27,764,345,13,11,1,5,1,
150,12,858,286,25,17,1,5,1,
150,17,831,293,27,11,1,5,1,
150,19,853,292,22,13,1,5,1,
150,23,461,363,36,13,1,5,1,
150,27,765,344,13,12,1,5,1,
