1,1,721,473,100,68,1,5,1,
1,2,0,370,47,36,1,5,1,
1,3,186,357,73,27,1,5,1,
1,4,887,389,68,26,1,5,1,
1,5,426,154,50,16,1,5,1,
1,6,600,432,52,32,1,5,1,
1,7,276,0,177,44,1,5,1,
1,8,152,230,97,27,1,5,1,
1,9,181,29,81,38,1,5,1,
1,10,370,10,66,44,1,5,1,
1,11,630,494,43,14,1,5,1,
1,12,798,20,43,16,1,5,1,
1,13,355,299,40,14,1,5,1,
1,14,596,435,20,27,1,5,1,
2,1,726,477,109,66,1,5,1,
2,2,0,368,62,35,1,5,1,
2,3,187,359,81,27,1,5,1,
2,4,870,390,84,26,1,5,1,
2,5,420,154,55,15,1,5,1,
2,6,590,429,60,32,1,5,1,
2,7,262,0,180,46,1,5,1,
2,8,154,230,107,27,1,5,1,
2,9,189,33,84,37,1,5,1,
2,10,374,13,68,44,1,5,1,
2,11,635,496,44,12,1,5,1,
2,12,803,21,40,16,1,5,1,
2,13,356,299,45,14,1,5,1,
2,14,598,432,20,29,1,5,1,
3,1,732,481,113,63,1,5,1,
3,2,0,365,78,34,1,5,1,
3,3,187,360,90,27,1,5,1,
3,4,853,391,97,25,1,5,1,
3,5,414,154,59,15,1,5,1,
3,6,590,425,52,34,1,5,1,
3,7,252,0,177,49,1,5,1,
3,8,157,230,115,28,1,5,1,
3,9,198,37,85,36,1,5,1,
3,10,378,16,70,44,1,5,1,
3,11,639,497,45,12,1,5,1,
3,12,808,22,36,16,1,5,1,
3,13,358,299,49,13,1,5,1,
3,14,596,430,28,29,1,5,1,
4,1,738,486,125,58,1,5,1,
4,2,0,362,93,34,1,5,1,
4,3,189,361,97,26,1,5,1,
4,4,835,392,109,24,1,5,1,
4,5,408,153,63,15,1,5,1,
4,6,590,421,43,36,1,5,1,
4,7,244,0,169,57,1,5,1,
4,8,163,230,118,28,1,5,1,
4,9,208,41,86,35,1,5,1,
4,10,382,19,71,43,1,5,1,
4,11,644,498,45,12,1,5,1,
4,12,813,22,32,17,1,5,1,
4,13,361,299,53,13,1,5,1,
4,14,596,428,33,29,1,5,1,
5,1,746,492,135,52,1,5,1,
5,2,0,360,109,33,1,5,1,
5,3,192,362,101,26,1,5,1,
5,4,818,392,117,24,1,5,1,
5,5,402,153,65,15,1,5,1,
5,6,589,418,36,36,1,5,1,
5,7,238,0,156,66,1,5,1,
5,8,170,230,120,28,1,5,1,
5,9,218,46,86,32,1,5,1,
5,10,386,23,73,41,1,5,1,
5,11,650,499,43,11,1,5,1,
5,12,818,22,26,18,1,5,1,
5,13,364,299,56,13,1,5,1,
5,14,598,427,35,27,1,5,1,
6,1,755,499,144,45,1,5,1,
6,2,0,358,124,32,1,5,1,
6,3,197,362,102,26,1,5,1,
6,4,801,392,124,23,1,5,1,
6,5,397,153,67,15,1,5,1,
6,6,589,415,28,36,1,5,1,
6,7,235,0,141,75,1,5,1,
6,8,179,230,120,28,1,5,1,
6,9,228,50,87,31,1,5,1,
6,10,391,27,73,40,1,5,1,
6,11,655,499,41,11,1,5,1,
6,12,822,23,21,19,1,5,1,
6,13,368,298,58,14,1,5,1,
6,14,601,426,36,25,1,5,1,
7,1,767,506,149,38,1,5,1,
7,2,0,356,139,32,1,5,1,
7,3,204,362,102,27,1,5,1,
7,4,785,391,127,24,1,5,1,
7,5,392,153,66,15,1,5,1,
7,6,590,411,22,36,1,5,1,
7,7,235,0,121,85,1,5,1,
7,8,188,230,119,28,1,5,1,
7,9,239,55,86,29,1,5,1,
7,10,396,31,72,38,1,5,1,
7,11,662,500,37,10,1,5,1,
7,12,827,24,17,19,1,5,1,
7,13,373,298,59,13,1,5,1,
7,14,606,426,33,22,1,5,1,
8,1,780,514,152,30,1,5,1,
8,2,9,355,144,30,1,5,1,
8,3,210,363,103,26,1,5,1,
8,4,770,391,127,23,1,5,1,
8,5,388,153,65,16,1,5,1,
8,6,593,408,21,35,1,5,1,
8,7,237,0,100,94,1,5,1,
8,8,197,230,119,28,1,5,1,
8,9,250,59,85,28,1,5,1,
8,10,401,35,70,37,1,5,1,
8,11,668,500,34,10,1,5,1,
8,12,827,24,16,21,1,5,1,
8,13,378,298,60,13,1,5,1,
8,14,612,425,29,21,1,5,1,
9,1,795,522,151,22,1,5,1,
9,2,23,354,145,28,1,5,1,
9,3,217,363,102,27,1,5,1,
9,4,756,390,125,22,1,5,1,
9,5,385,154,62,15,1,5,1,
9,6,596,406,20,33,1,5,1,
9,7,235,0,83,103,1,5,1,
9,8,206,230,118,28,1,5,1,
9,9,261,63,84,25,1,5,1,
9,10,407,38,66,36,1,5,1,
9,11,674,499,29,10,1,5,1,
9,12,826,25,15,22,1,5,1,
9,13,384,298,60,13,1,5,1,
9,14,619,422,22,23,1,5,1,
10,2,38,353,143,26,1,5,1,
10,3,224,363,102,27,1,5,1,
10,4,744,389,121,22,1,5,1,
10,5,382,154,59,17,1,5,1,
10,6,596,403,26,32,1,5,1,
10,7,233,0,68,113,1,5,1,
10,8,215,230,117,28,1,5,1,
10,9,272,67,82,23,1,5,1,
10,10,412,41,63,35,1,5,1,
10,11,680,498,24,11,1,5,1,
10,12,825,26,15,24,1,5,1,
10,13,390,298,61,13,1,5,1,
10,14,625,419,16,24,1,5,1,
11,2,52,352,142,26,1,5,1,
11,3,231,364,101,27,1,5,1,
11,4,734,387,114,23,1,5,1,
11,5,380,154,55,18,1,5,1,
11,6,595,401,34,30,1,5,1,
11,7,234,0,51,121,1,5,1,
11,8,223,230,118,28,1,5,1,
11,9,282,69,81,22,1,5,1,
11,10,417,44,61,34,1,5,1,
11,11,685,497,19,11,1,5,1,
11,12,822,27,18,26,1,5,1,
11,13,396,299,60,13,1,5,1,
11,14,627,418,14,23,1,5,1,
12,2,67,351,140,25,1,5,1,
12,3,237,365,102,27,1,5,1,
12,4,725,385,107,23,1,5,1,
12,5,379,153,49,20,1,5,1,
12,6,595,400,42,26,1,5,1,
12,7,237,7,42,123,1,5,1,
12,8,231,230,119,28,1,5,1,
12,9,292,71,81,21,1,5,1,
12,10,422,46,60,33,1,5,1,
12,11,690,496,15,11,1,5,1,
12,12,818,29,23,27,1,5,1,
12,13,402,299,60,13,1,5,1,
12,14,628,416,16,23,1,5,1,
13,2,83,350,136,25,1,5,1,
13,3,244,365,102,27,1,5,1,
13,4,718,383,96,23,1,5,1,
13,5,378,154,44,21,1,5,1,
13,6,596,398,50,24,1,5,1,
13,7,241,16,41,121,1,5,1,
13,8,240,230,118,28,1,5,1,
13,9,302,73,80,20,1,5,1,
13,10,427,48,58,33,1,5,1,
13,11,694,494,11,13,1,5,1,
13,12,813,30,28,29,1,5,1,
13,13,409,299,58,13,1,5,1,
13,14,628,414,18,23,1,5,1,
14,2,100,350,130,24,1,5,1,
14,3,249,366,108,26,1,5,1,
14,4,713,381,84,22,1,5,1,
14,5,378,154,37,23,1,5,1,
14,6,598,397,57,21,1,5,1,
14,7,247,27,39,117,1,5,1,
14,8,249,230,118,28,1,5,1,
14,9,313,75,79,18,1,5,1,
14,10,433,50,57,32,1,5,1,
14,11,695,491,10,16,1,5,1,
14,12,807,32,34,30,1,5,1,
14,13,416,299,56,12,1,5,1,
14,14,628,412,20,22,1,5,1,
15,2,115,349,125,24,1,5,1,
15,3,254,366,111,26,1,5,1,
15,4,710,378,72,23,1,5,1,
15,5,379,154,30,25,1,5,1,
15,6,602,396,60,19,1,5,1,
15,7,240,37,56,113,1,5,1,
15,8,257,230,119,28,1,5,1,
15,9,324,77,78,17,1,5,1,
15,10,437,52,57,32,1,5,1,
15,11,695,489,11,17,1,5,1,
15,12,803,34,36,30,1,5,1,
15,13,422,298,55,13,1,5,1,
15,14,630,411,20,21,1,5,1,
16,2,129,349,121,23,1,5,1,
16,3,260,365,113,27,1,5,1,
16,4,707,376,62,23,1,5,1,
16,5,378,154,25,28,1,5,1,
16,6,607,395,62,19,1,5,1,
16,7,236,47,70,109,1,5,1,
16,8,265,230,120,28,1,5,1,
16,9,333,78,78,16,1,5,1,
16,10,442,53,56,32,1,5,1,
16,11,694,486,12,19,1,5,1,
16,12,799,37,37,30,1,5,1,
16,13,428,298,54,12,1,5,1,
16,14,631,409,21,21,1,5,1,
17,2,145,349,114,24,1,5,1,
17,3,268,365,112,27,1,5,1,
17,4,707,374,49,23,1,5,1,
17,5,377,154,21,31,1,5,1,
17,6,613,394,63,19,1,5,1,
17,7,235,58,83,103,1,5,1,
17,8,274,229,120,29,1,5,1,
17,9,343,78,77,17,1,5,1,
17,10,446,55,56,31,1,5,1,
17,11,693,484,12,19,1,5,1,
17,12,795,40,37,29,1,5,1,
17,13,434,298,52,12,1,5,1,
17,14,633,408,21,20,1,5,1,
18,2,158,349,108,24,1,5,1,
18,3,275,365,113,28,1,5,1,
18,4,706,372,39,23,1,5,1,
18,5,378,155,15,32,1,5,1,
18,6,619,393,63,19,1,5,1,
18,7,235,69,94,96,1,5,1,
18,8,282,229,121,29,1,5,1,
18,9,352,79,77,17,1,5,1,
18,10,450,57,56,31,1,5,1,
18,11,693,482,12,19,1,5,1,
18,12,791,43,37,28,1,5,1,
18,13,439,297,52,13,1,5,1,
18,14,635,407,21,19,1,5,1,
19,2,172,349,101,25,1,5,1,
19,3,283,365,113,28,1,5,1,
19,4,704,370,31,23,1,5,1,
19,5,379,156,15,34,1,5,1,
19,6,626,392,63,19,1,5,1,
19,7,238,79,103,90,1,5,1,
19,8,291,229,121,29,1,5,1,
19,9,362,80,76,16,1,5,1,
19,10,455,59,55,30,1,5,1,
19,11,692,480,13,19,1,5,1,
19,12,788,46,36,27,1,5,1,
19,13,445,297,51,12,1,5,1,
19,14,637,405,21,19,1,5,1,
20,2,185,350,97,24,1,5,1,
20,3,291,366,112,27,1,5,1,
20,4,705,369,22,21,1,5,1,
20,5,380,158,15,34,1,5,1,
20,6,633,391,62,18,1,5,1,
20,7,243,90,110,82,1,5,1,
20,8,299,229,122,29,1,5,1,
20,9,371,81,76,16,1,5,1,
20,10,459,61,55,30,1,5,1,
20,11,691,478,13,19,1,5,1,
20,12,784,48,36,28,1,5,1,
20,13,450,297,50,12,1,5,1,
20,14,639,404,21,18,1,5,1,
21,2,196,350,95,25,1,5,1,
21,3,298,366,113,28,1,5,1,
21,4,706,367,20,21,1,5,1,
21,5,382,160,15,35,1,5,1,
21,6,640,390,62,18,1,5,1,
21,7,249,100,116,75,1,5,1,
21,8,308,230,122,29,1,5,1,
21,9,381,81,75,17,1,5,1,
21,10,463,63,56,29,1,5,1,
21,11,690,476,13,19,1,5,1,
21,12,780,51,36,27,1,5,1,
21,13,456,297,48,12,1,5,1,
21,14,641,403,21,18,1,5,1,
22,2,205,351,95,25,1,5,1,
22,3,306,366,113,28,1,5,1,
22,4,709,366,19,19,1,5,1,
22,5,380,162,21,35,1,5,1,
22,6,646,389,62,18,1,5,1,
22,7,256,109,121,69,1,5,1,
22,8,315,230,125,30,1,5,1,
22,9,390,82,74,16,1,5,1,
22,10,467,65,56,28,1,5,1,
22,11,690,474,12,18,1,5,1,
22,12,776,54,36,26,1,5,1,
22,13,461,296,47,13,1,5,1,
22,14,643,401,21,18,1,5,1,
23,2,214,351,95,25,1,5,1,
23,3,313,366,114,28,1,5,1,
23,4,713,364,19,19,1,5,1,
23,5,379,165,27,35,1,5,1,
23,6,653,389,62,17,1,5,1,
23,7,265,117,124,61,1,5,1,
23,8,324,232,125,30,1,5,1,
23,9,399,83,74,16,1,5,1,
23,10,472,67,55,27,1,5,1,
23,11,689,472,13,18,1,5,1,
23,12,773,56,35,26,1,5,1,
23,13,466,296,46,12,1,5,1,
23,14,645,400,21,18,1,5,1,
24,2,223,352,96,25,1,5,1,
24,3,320,366,115,28,1,5,1,
24,4,712,363,23,18,1,5,1,
24,5,378,167,33,35,1,5,1,
24,6,660,388,61,18,1,5,1,
24,7,274,126,127,53,1,5,1,
24,8,333,233,126,30,1,5,1,
24,9,408,84,74,16,1,5,1,
24,10,476,69,55,27,1,5,1,
24,11,688,471,13,17,1,5,1,
24,12,769,59,35,25,1,5,1,
24,13,471,296,45,12,1,5,1,
24,14,647,399,21,17,1,5,1,
25,2,232,352,96,25,1,5,1,
25,3,328,366,115,29,1,5,1,
25,4,714,363,24,17,1,5,1,
25,5,378,170,38,33,1,5,1,
25,6,667,387,60,18,1,5,1,
25,7,285,133,128,46,1,5,1,
25,8,343,235,125,29,1,5,1,
25,9,417,84,73,16,1,5,1,
25,10,480,71,55,26,1,5,1,
25,11,687,469,13,17,1,5,1,
25,12,765,61,35,24,1,5,1,
25,13,476,296,45,12,1,5,1,
25,14,650,398,20,17,1,5,1,
26,2,240,353,98,25,1,5,1,
26,3,336,367,115,28,1,5,1,
26,4,717,361,23,17,1,5,1,
26,5,379,173,42,32,1,5,1,
26,6,674,386,59,18,1,5,1,
26,7,296,139,128,42,1,5,1,
26,8,353,235,124,29,1,5,1,
26,9,426,85,73,16,1,5,1,
26,10,484,72,55,26,1,5,1,
26,11,687,467,12,17,1,5,1,
26,12,762,63,34,24,1,5,1,
26,13,480,296,45,11,1,5,1,
26,14,652,397,19,16,1,5,1,
27,2,250,353,97,26,1,5,1,
27,3,344,367,115,29,1,5,1,
27,4,721,360,22,17,1,5,1,
27,5,381,176,45,30,1,5,1,
27,6,681,385,58,18,1,5,1,
27,7,308,145,127,36,1,5,1,
27,8,363,235,123,29,1,5,1,
27,9,435,86,73,15,1,5,1,
27,10,488,74,56,25,1,5,1,
27,11,686,465,13,17,1,5,1,
27,12,758,66,34,23,1,5,1,
27,13,485,295,44,12,1,5,1,
27,14,654,396,19,16,1,5,1,
28,2,258,354,99,26,1,5,1,
28,3,351,367,117,29,1,5,1,
28,4,724,359,21,16,1,5,1,
28,5,383,179,48,29,1,5,1,
28,6,687,385,57,17,1,5,1,
28,7,319,149,127,32,1,5,1,
28,8,372,235,124,29,1,5,1,
28,9,444,86,73,15,1,5,1,
28,10,492,76,56,24,1,5,1,
28,11,685,463,13,17,1,5,1,
28,12,754,68,35,23,1,5,1,
28,13,489,295,45,12,1,5,1,
28,14,656,394,19,17,1,5,1,
29,2,270,355,96,26,1,5,1,
29,3,360,368,116,29,1,5,1,
29,4,729,358,18,16,1,5,1,
29,5,386,182,51,27,1,5,1,
29,6,696,384,54,17,1,5,1,
29,7,334,152,122,28,1,5,1,
29,8,383,235,122,29,1,5,1,
29,9,455,86,71,16,1,5,1,
29,10,497,78,53,23,1,5,1,
29,11,684,462,13,15,1,5,1,
29,12,751,70,33,23,1,5,1,
29,13,494,295,44,12,1,5,1,
29,14,659,393,17,16,1,5,1,
30,2,278,355,98,27,1,5,1,
30,3,367,368,116,29,1,5,1,
30,4,731,357,18,15,1,5,1,
30,5,390,185,52,24,1,5,1,
30,6,701,383,55,17,1,5,1,
30,7,345,152,121,28,1,5,1,
30,8,392,235,122,29,1,5,1,
30,9,463,87,71,15,1,5,1,
30,10,502,79,53,23,1,5,1,
30,11,683,460,13,16,1,5,1,
30,12,747,72,34,22,1,5,1,
30,13,498,295,44,11,1,5,1,
30,14,661,392,16,16,1,5,1,
31,2,286,356,100,27,1,5,1,
31,3,376,368,114,30,1,5,1,
31,4,733,356,17,15,1,5,1,
31,5,393,187,54,23,1,5,1,
31,6,707,382,55,17,1,5,1,
31,7,355,152,121,28,1,5,1,
31,8,400,235,124,29,1,5,1,
31,9,471,87,72,15,1,5,1,
31,10,506,80,53,23,1,5,1,
31,11,682,458,13,16,1,5,1,
31,12,744,74,33,22,1,5,1,
31,13,503,295,42,11,1,5,1,
31,14,663,391,15,16,1,5,1,
32,2,295,357,101,27,1,5,1,
32,3,386,368,110,30,1,5,1,
32,4,735,354,17,16,1,5,1,
32,5,397,190,55,20,1,5,1,
32,6,713,381,55,17,1,5,1,
32,7,364,152,122,28,1,5,1,
32,8,409,235,124,29,1,5,1,
32,9,480,87,72,15,1,5,1,
32,10,509,81,55,24,1,5,1,
32,11,680,457,14,15,1,5,1,
32,12,740,76,34,22,1,5,1,
32,13,508,295,40,11,1,5,1,
32,14,665,390,15,16,1,5,1,
33,2,304,358,103,27,1,5,1,
33,3,395,369,108,31,1,5,1,
33,4,738,353,16,15,1,5,1,
33,5,402,192,55,19,1,5,1,
33,6,719,381,54,16,1,5,1,
33,7,374,152,122,28,1,5,1,
33,8,418,235,125,30,1,5,1,
33,9,489,88,71,15,1,5,1,
33,10,513,83,55,23,1,5,1,
33,11,679,455,14,15,1,5,1,
33,12,737,78,33,21,1,5,1,
33,13,512,294,40,12,1,5,1,
33,14,667,389,14,15,1,5,1,
34,2,313,358,104,28,1,5,1,
34,3,403,369,108,32,1,5,1,
34,4,739,352,16,15,1,5,1,
34,5,406,194,55,17,1,5,1,
34,6,725,380,54,17,1,5,1,
34,7,384,152,122,28,1,5,1,
34,8,426,235,126,30,1,5,1,
34,9,497,88,71,15,1,5,1,
34,10,517,85,56,22,1,5,1,
34,11,678,454,14,15,1,5,1,
34,12,733,80,33,21,1,5,1,
34,13,516,294,40,11,1,5,1,
34,14,668,388,14,15,1,5,1,
35,2,323,359,105,28,1,5,1,
35,3,411,370,109,32,1,5,1,
35,4,741,351,16,15,1,5,1,
35,5,411,197,55,14,1,5,1,
35,6,731,379,53,17,1,5,1,
35,7,394,152,122,28,1,5,1,
35,8,435,235,127,30,1,5,1,
35,9,506,88,71,15,1,5,1,
35,10,521,86,56,22,1,5,1,
35,11,677,452,14,15,1,5,1,
35,12,730,82,33,20,1,5,1,
35,13,520,294,40,11,1,5,1,
35,14,670,387,13,15,1,5,1,
36,2,331,360,109,28,1,5,1,
36,3,416,371,113,32,1,5,1,
36,4,742,350,16,15,1,5,1,
36,5,416,199,54,12,1,5,1,
36,6,737,379,53,16,1,5,1,
36,7,402,152,124,28,1,5,1,
36,8,443,236,128,29,1,5,1,
36,9,514,89,71,15,1,5,1,
36,10,525,88,56,21,1,5,1,
36,11,675,450,15,15,1,5,1,
36,12,726,84,33,20,1,5,1,
36,13,524,294,40,11,1,5,1,
36,14,671,386,13,15,1,5,1,
37,2,341,361,110,28,1,5,1,
37,3,423,372,115,33,1,5,1,
37,4,744,349,15,14,1,5,1,
37,5,422,199,52,12,1,5,1,
37,6,743,378,52,16,1,5,1,
37,7,412,152,124,28,1,5,1,
37,8,452,236,128,29,1,5,1,
37,9,523,89,70,15,1,5,1,
37,10,529,89,56,21,1,5,1,
37,11,674,449,15,14,1,5,1,
37,12,723,86,32,19,1,5,1,
37,13,528,294,39,11,1,5,1,
37,14,673,385,12,14,1,5,1,
38,2,350,361,112,29,1,5,1,
38,3,429,373,118,33,1,5,1,
38,4,745,348,16,14,1,5,1,
38,5,426,198,52,13,1,5,1,
38,6,749,377,51,16,1,5,1,
38,7,422,152,123,28,1,5,1,
38,8,461,236,128,29,1,5,1,
38,9,531,89,70,15,1,5,1,
38,10,533,91,56,20,1,5,1,
38,11,673,447,15,15,1,5,1,
38,12,719,88,33,19,1,5,1,
38,13,532,294,39,11,1,5,1,
38,14,674,384,12,14,1,5,1,
39,2,361,362,113,29,1,5,1,
39,3,436,374,120,33,1,5,1,
39,4,746,347,16,14,1,5,1,
39,5,430,198,52,13,1,5,1,
39,6,755,377,50,16,1,5,1,
39,7,432,152,123,29,1,5,1,
39,8,470,236,129,29,1,5,1,
39,9,540,90,68,15,1,5,1,
39,10,537,92,55,19,1,5,1,
39,11,671,446,16,14,1,5,1,
39,12,716,90,32,18,1,5,1,
39,13,537,294,37,10,1,5,1,
39,14,675,383,12,14,1,5,1,
40,2,370,363,116,29,1,5,1,
40,3,442,376,124,32,1,5,1,
40,4,747,346,16,14,1,5,1,
40,5,434,198,53,12,1,5,1,
40,6,761,376,49,16,1,5,1,
40,7,441,152,123,29,1,5,1,
40,8,479,236,128,29,1,5,1,
40,9,548,90,68,16,1,5,1,
40,10,542,93,54,19,1,5,1,
40,11,670,445,15,13,1,5,1,
40,12,712,91,33,18,1,5,1,
40,13,541,293,36,11,1,5,1,
40,14,676,382,12,14,1,5,1,
41,2,380,364,118,29,1,5,1,
41,3,449,377,127,32,1,5,1,
41,4,748,345,16,14,1,5,1,
41,5,438,198,53,12,1,5,1,
41,6,767,375,47,16,1,5,1,
41,7,451,152,123,29,1,5,1,
41,8,488,236,128,30,1,5,1,
41,9,556,91,67,16,1,5,1,
41,10,546,93,53,20,1,5,1,
41,11,668,443,16,14,1,5,1,
41,12,709,93,32,18,1,5,1,
41,13,545,293,35,11,1,5,1,
41,14,677,381,12,14,1,5,1,
42,2,390,365,121,30,1,5,1,
42,3,456,377,129,33,1,5,1,
42,4,749,344,16,14,1,5,1,
42,5,442,198,54,12,1,5,1,
42,6,772,375,47,15,1,5,1,
42,7,460,152,123,29,1,5,1,
42,8,496,237,129,29,1,5,1,
42,9,564,92,67,15,1,5,1,
42,10,550,94,52,20,1,5,1,
42,11,667,442,16,13,1,5,1,
42,12,705,94,33,18,1,5,1,
42,13,549,293,34,11,1,5,1,
42,14,678,380,11,14,1,5,1,
43,2,401,366,122,30,1,5,1,
43,3,464,378,131,33,1,5,1,
43,4,750,343,16,14,1,5,1,
43,5,446,197,54,13,1,5,1,
43,6,778,374,45,16,1,5,1,
43,7,471,153,121,29,1,5,1,
43,8,506,237,127,29,1,5,1,
43,9,573,92,65,16,1,5,1,
43,10,555,95,50,20,1,5,1,
43,11,665,440,16,13,1,5,1,
43,12,702,96,32,17,1,5,1,
43,13,553,293,32,11,1,5,1,
43,14,679,379,11,14,1,5,1,
44,2,411,366,125,31,1,5,1,
44,3,472,379,133,33,1,5,1,
44,4,751,342,15,14,1,5,1,
44,5,449,197,56,13,1,5,1,
44,6,784,373,43,16,1,5,1,
44,7,480,153,120,29,1,5,1,
44,8,515,237,126,29,1,5,1,
44,9,580,93,65,16,1,5,1,
44,10,559,96,49,19,1,5,1,
44,11,663,439,17,13,1,5,1,
44,12,700,98,30,16,1,5,1,
44,13,557,293,31,10,1,5,1,
44,14,679,378,12,13,1,5,1,
45,2,422,367,128,31,1,5,1,
45,3,480,380,135,33,1,5,1,
45,4,753,342,15,12,1,5,1,
45,5,453,197,56,13,1,5,1,
45,6,790,373,40,15,1,5,1,
45,7,490,153,119,29,1,5,1,
45,8,524,237,126,29,1,5,1,
45,9,588,94,64,16,1,5,1,
45,10,563,97,48,19,1,5,1,
45,11,662,438,17,12,1,5,1,
45,12,698,100,27,15,1,5,1,
45,13,561,293,29,10,1,5,1,
45,14,680,377,11,13,1,5,1,
46,2,433,368,130,31,1,5,1,
46,3,488,380,137,33,1,5,1,
46,4,755,341,16,13,1,5,1,
46,5,457,197,57,13,1,5,1,
46,6,796,372,35,15,1,5,1,
46,7,500,154,117,29,1,5,1,
46,8,533,237,125,29,1,5,1,
46,9,596,94,62,16,1,5,1,
46,10,567,97,44,21,1,5,1,
46,11,660,436,17,13,1,5,1,
46,12,697,101,24,16,1,5,1,
46,13,564,293,29,10,1,5,1,
46,14,680,376,11,13,1,5,1,
47,2,445,369,132,31,1,5,1,
47,3,497,381,138,33,1,5,1,
47,4,754,341,23,12,1,5,1,
47,5,461,197,57,13,1,5,1,
47,6,803,371,29,15,1,5,1,
47,7,510,154,115,29,1,5,1,
47,8,543,237,124,29,1,5,1,
47,9,604,95,61,16,1,5,1,
47,10,572,97,38,22,1,5,1,
47,11,658,435,18,12,1,5,1,
47,12,697,102,19,16,1,5,1,
47,13,568,293,27,10,1,5,1,
47,14,681,375,11,13,1,5,1,
48,2,456,370,134,31,1,5,1,
48,3,505,381,141,34,1,5,1,
48,4,754,340,29,12,1,5,1,
48,5,465,197,58,13,1,5,1,
48,6,809,370,26,16,1,5,1,
48,7,520,154,113,29,1,5,1,
48,8,552,238,123,28,1,5,1,
48,9,611,96,60,16,1,5,1,
48,10,577,98,33,22,1,5,1,
48,11,656,434,18,12,1,5,1,
48,12,696,104,17,15,1,5,1,
48,13,571,292,26,11,1,5,1,
48,14,681,375,11,12,1,5,1,
49,2,468,370,136,32,1,5,1,
49,3,515,382,141,34,1,5,1,
49,4,756,340,31,11,1,5,1,
49,5,470,197,57,13,1,5,1,
49,6,814,369,23,15,1,5,1,
49,7,529,155,112,29,1,5,1,
49,8,561,238,122,28,1,5,1,
49,9,618,97,60,16,1,5,1,
49,10,581,98,30,23,1,5,1,
49,12,696,105,13,15,1,5,1,
49,13,575,292,23,10,1,5,1,
49,14,681,374,11,12,1,5,1,
50,2,479,371,139,32,1,5,1,
50,3,522,383,145,34,1,5,1,
50,4,758,339,32,12,1,5,1,
50,5,473,197,58,13,1,5,1,
50,6,817,368,22,15,1,5,1,
50,7,538,155,111,29,1,5,1,
50,8,569,238,121,28,1,5,1,
50,9,625,97,59,17,1,5,1,
50,10,584,99,29,23,1,5,1,
50,12,694,105,14,16,1,5,1,
50,13,577,292,23,10,1,5,1,
50,14,682,373,10,12,1,5,1,
51,2,491,372,142,31,1,5,1,
51,3,532,384,145,34,1,5,1,
51,4,762,339,31,11,1,5,1,
51,5,477,197,58,13,1,5,1,
51,6,821,368,20,14,1,5,1,
51,7,547,156,109,29,1,5,1,
51,8,578,238,119,28,1,5,1,
51,9,632,98,55,18,1,5,1,
51,10,587,101,27,23,1,5,1,
51,12,693,107,13,16,1,5,1,
51,13,580,292,22,10,1,5,1,
51,14,682,372,11,12,1,5,1,
52,2,503,372,144,32,1,5,1,
52,3,541,386,146,34,1,5,1,
52,4,766,338,31,12,1,5,1,
52,5,482,197,58,13,1,5,1,
52,6,823,367,20,14,1,5,1,
52,7,556,156,107,29,1,5,1,
52,8,586,238,118,28,1,5,1,
52,9,639,98,50,19,1,5,1,
52,10,589,102,25,23,1,5,1,
52,12,691,108,14,16,1,5,1,
52,13,583,292,20,10,1,5,1,
52,14,682,371,11,13,1,5,1,
53,2,517,373,144,32,1,5,1,
53,3,551,388,145,33,1,5,1,
53,4,770,338,30,11,1,5,1,
53,5,486,197,58,13,1,5,1,
53,6,826,366,19,14,1,5,1,
53,7,566,157,103,29,1,5,1,
53,8,596,238,114,28,1,5,1,
53,9,646,99,47,20,1,5,1,
53,10,591,103,24,23,1,5,1,
53,12,689,109,15,16,1,5,1,
53,13,586,292,19,10,1,5,1,
53,14,682,370,11,13,1,5,1,
54,2,529,373,146,32,1,5,1,
54,3,561,390,143,32,1,5,1,
54,4,774,337,28,12,1,5,1,
54,5,490,197,58,13,1,5,1,
54,6,828,365,18,14,1,5,1,
54,7,575,157,99,29,1,5,1,
54,8,604,238,111,28,1,5,1,
54,9,652,101,45,19,1,5,1,
54,10,593,104,23,23,1,5,1,
54,12,688,110,15,16,1,5,1,
54,13,588,292,18,9,1,5,1,
54,14,682,369,11,13,1,5,1,
55,2,545,374,143,32,1,5,1,
55,3,574,390,139,31,1,5,1,
55,4,779,337,26,11,1,5,1,
55,5,495,197,57,13,1,5,1,
55,6,830,364,18,14,1,5,1,
55,7,586,158,94,29,1,5,1,
55,8,614,239,107,27,1,5,1,
55,9,659,103,42,19,1,5,1,
55,10,596,106,20,23,1,5,1,
55,12,686,112,15,15,1,5,1,
55,13,591,291,16,10,1,5,1,
55,14,681,368,12,12,1,5,1,
56,2,557,374,145,32,1,5,1,
56,3,584,390,137,31,1,5,1,
56,4,782,336,25,12,1,5,1,
56,5,499,198,56,13,1,5,1,
56,6,832,363,17,14,1,5,1,
56,7,593,158,93,29,1,5,1,
56,8,621,239,106,28,1,5,1,
56,9,663,104,42,19,1,5,1,
56,10,598,107,19,23,1,5,1,
56,12,684,113,16,15,1,5,1,
56,13,593,291,15,10,1,5,1,
56,14,681,368,12,12,1,5,1,
57,2,571,374,144,32,1,5,1,
57,3,596,389,134,31,1,5,1,
57,4,785,336,25,11,1,5,1,
57,5,504,198,55,13,1,5,1,
57,6,833,362,17,14,1,5,1,
57,7,602,159,90,29,1,5,1,
57,8,630,239,103,28,1,5,1,
57,9,668,105,40,19,1,5,1,
57,10,599,108,18,23,1,5,1,
57,12,682,114,16,16,1,5,1,
57,13,595,291,14,10,1,5,1,
57,14,680,367,13,12,1,5,1,
58,2,584,374,144,32,1,5,1,
58,3,606,389,132,31,1,5,1,
58,4,788,335,24,11,1,5,1,
58,5,508,198,54,13,1,5,1,
58,6,835,361,16,14,1,5,1,
58,7,610,159,87,30,1,5,1,
58,8,637,239,101,28,1,5,1,
58,9,673,107,38,19,1,5,1,
58,10,601,109,17,23,1,5,1,
58,12,680,115,17,16,1,5,1,
58,13,597,291,12,9,1,5,1,
58,14,679,366,14,12,1,5,1,
59,2,599,374,142,31,1,5,1,
59,3,617,388,129,31,1,5,1,
59,4,791,335,24,11,1,5,1,
59,5,513,198,53,13,1,5,1,
59,6,836,360,16,14,1,5,1,
59,7,618,160,84,29,1,5,1,
59,8,645,240,98,27,1,5,1,
59,9,678,108,37,19,1,5,1,
59,10,603,111,15,22,1,5,1,
59,13,599,291,11,9,1,5,1,
59,14,679,365,14,12,1,5,1,
60,2,611,374,143,31,1,5,1,
60,3,625,388,129,31,1,5,1,
60,4,794,334,23,11,1,5,1,
60,5,516,198,53,13,1,5,1,
60,6,837,359,16,14,1,5,1,
60,7,625,161,82,29,1,5,1,
60,8,652,240,97,27,1,5,1,
60,9,682,110,36,19,1,5,1,
60,10,604,112,15,23,1,5,1,
60,13,601,291,10,9,1,5,1,
60,14,678,364,14,12,1,5,1,
61,2,625,374,141,31,1,5,1,
61,3,635,387,126,31,1,5,1,
61,4,797,334,22,11,1,5,1,
61,5,521,198,51,14,1,5,1,
61,6,838,358,16,14,1,5,1,
61,7,632,162,80,29,1,5,1,
61,8,659,240,94,27,1,5,1,
61,9,686,111,34,19,1,5,1,
61,10,605,113,14,23,1,5,1,
61,13,602,291,10,9,1,5,1,
61,14,677,364,15,11,1,5,1,
62,2,638,373,140,31,1,5,1,
62,3,645,386,124,31,1,5,1,
62,4,800,333,21,11,1,5,1,
62,5,525,199,50,13,1,5,1,
62,6,839,358,16,13,1,5,1,
62,7,639,163,77,29,1,5,1,
62,8,666,241,92,26,1,5,1,
62,9,690,113,33,18,1,5,1,
62,10,606,114,13,23,1,5,1,
62,13,603,290,9,10,1,5,1,
62,14,676,363,15,11,1,5,1,
63,2,652,373,138,31,1,5,1,
63,3,655,386,121,30,1,5,1,
63,4,803,333,20,11,1,5,1,
63,5,529,199,49,13,1,5,1,
63,6,839,357,17,13,1,5,1,
63,7,646,164,74,28,1,5,1,
63,8,673,241,90,26,1,5,1,
63,9,694,114,31,19,1,5,1,
63,10,607,116,12,22,1,5,1,
63,13,604,290,9,9,1,5,1,
63,14,675,362,15,11,1,5,1,
64,2,666,373,136,30,1,5,1,
64,3,664,385,119,31,1,5,1,
64,4,806,332,19,11,1,5,1,
64,5,533,199,47,13,1,5,1,
64,6,840,356,16,13,1,5,1,
64,7,652,165,72,28,1,5,1,
64,8,680,241,87,26,1,5,1,
64,9,697,116,31,18,1,5,1,
64,10,607,117,12,22,1,5,1,
64,13,604,290,9,9,1,5,1,
64,14,674,361,16,12,1,5,1,
65,2,680,372,133,31,1,5,1,
65,3,675,384,109,30,1,5,1,
65,4,808,332,19,11,1,5,1,
65,5,537,199,46,14,1,5,1,
65,6,841,355,16,13,1,5,1,
65,7,659,166,69,28,1,5,1,
65,8,687,241,83,26,1,5,1,
65,9,701,117,29,19,1,5,1,
65,10,607,118,12,22,1,5,1,
65,13,604,290,10,9,1,5,1,
65,14,673,361,16,11,1,5,1,
66,1,949,410,10,12,1,5,1,
66,2,692,372,131,30,1,5,1,
66,3,686,383,102,30,1,5,1,
66,4,811,331,18,11,1,5,1,
66,5,541,200,44,13,1,5,1,
66,6,841,354,16,13,1,5,1,
66,7,665,166,66,28,1,5,1,
66,8,694,242,80,25,1,5,1,
66,9,704,119,27,18,1,5,1,
66,10,607,120,11,21,1,5,1,
66,13,605,290,9,9,1,5,1,
66,14,672,360,16,11,1,5,1,
67,1,948,409,11,13,1,5,1,
67,2,708,371,125,30,1,5,1,
67,3,698,382,95,30,1,5,1,
67,4,813,331,17,10,1,5,1,
67,5,545,200,42,13,1,5,1,
67,6,842,354,16,12,1,5,1,
67,7,672,167,62,28,1,5,1,
67,8,701,242,76,25,1,5,1,
67,9,708,120,25,18,1,5,1,
67,10,606,121,12,21,1,5,1,
67,13,605,290,9,9,1,5,1,
67,14,671,359,16,11,1,5,1,
68,1,946,406,13,15,1,5,1,
68,2,721,371,123,29,1,5,1,
68,3,708,381,90,29,1,5,1,
68,4,816,330,16,11,1,5,1,
68,5,549,200,40,13,1,5,1,
68,6,842,353,16,12,1,5,1,
68,7,679,168,59,28,1,5,1,
68,8,707,242,74,25,1,5,1,
68,9,711,122,24,18,1,5,1,
68,10,606,122,11,21,1,5,1,
68,13,605,290,9,8,1,5,1,
68,14,669,358,17,11,1,5,1,
69,1,945,404,14,18,1,5,1,
69,2,735,370,119,30,1,5,1,
69,3,717,380,86,29,1,5,1,
69,4,818,330,15,10,1,5,1,
69,5,553,200,38,14,1,5,1,
69,6,842,352,16,12,1,5,1,
69,7,684,169,57,28,1,5,1,
69,8,713,242,71,25,1,5,1,
69,9,714,124,22,17,1,5,1,
69,10,605,124,12,21,1,5,1,
69,13,605,289,9,9,1,5,1,
69,14,668,358,17,10,1,5,1,
70,1,943,403,16,17,1,5,1,
70,2,747,369,116,30,1,5,1,
70,3,725,379,82,29,1,5,1,
70,4,820,329,15,11,1,5,1,
70,5,556,201,37,13,1,5,1,
70,6,843,351,15,13,1,5,1,
70,7,690,170,54,28,1,5,1,
70,8,719,243,68,24,1,5,1,
70,9,716,125,22,18,1,5,1,
70,10,605,125,11,21,1,5,1,
70,13,605,289,8,9,1,5,1,
70,14,667,357,17,10,1,5,1,
71,1,942,402,17,17,1,5,1,
71,2,760,369,113,29,1,5,1,
71,3,733,378,79,29,1,5,1,
71,4,822,329,14,10,1,5,1,
71,5,560,201,35,13,1,5,1,
71,6,843,350,15,13,1,5,1,
71,7,695,171,51,27,1,5,1,
71,8,725,243,65,25,1,5,1,
71,9,719,127,20,17,1,5,1,
71,10,604,126,11,21,1,5,1,
71,13,604,289,9,9,1,5,1,
71,14,665,356,18,11,1,5,1,
72,1,940,400,19,17,1,5,1,
72,2,772,368,110,29,1,5,1,
72,3,740,377,76,28,1,5,1,
72,4,824,329,13,10,1,5,1,
72,5,563,201,34,14,1,5,1,
72,6,843,350,15,12,1,5,1,
72,7,699,172,50,27,1,5,1,
72,8,729,243,65,25,1,5,1,
72,9,721,128,19,17,1,5,1,
72,10,603,127,12,21,1,5,1,
72,13,604,289,9,8,1,5,1,
72,14,664,356,18,10,1,5,1,
73,1,938,399,21,17,1,5,1,
73,2,783,367,108,29,1,5,1,
73,3,747,376,73,28,1,5,1,
73,4,825,328,13,10,1,5,1,
73,5,566,202,32,13,1,5,1,
73,6,843,349,15,12,1,5,1,
73,7,704,173,48,27,1,5,1,
73,8,734,244,63,24,1,5,1,
73,9,723,130,18,17,1,5,1,
73,10,602,129,12,20,1,5,1,
73,13,604,289,9,8,1,5,1,
73,14,663,355,18,10,1,5,1,
74,1,937,398,23,16,1,5,1,
74,2,794,367,106,29,1,5,1,
74,3,753,375,71,28,1,5,1,
74,4,827,328,12,9,1,5,1,
74,5,569,202,30,13,1,5,1,
74,6,843,348,14,12,1,5,1,
74,7,708,174,46,27,1,5,1,
74,8,738,244,62,24,1,5,1,
74,9,725,131,18,17,1,5,1,
74,10,601,130,13,20,1,5,1,
74,13,603,289,10,8,1,5,1,
74,14,661,354,19,10,1,5,1,
75,1,935,396,24,18,1,5,1,
75,2,806,366,103,29,1,5,1,
75,3,760,374,68,28,1,5,1,
75,4,827,327,13,10,1,5,1,
75,5,572,202,29,14,1,5,1,
75,6,843,347,14,12,1,5,1,
75,7,712,175,45,26,1,5,1,
75,8,743,244,60,24,1,5,1,
75,9,727,133,17,16,1,5,1,
75,10,600,131,14,19,1,5,1,
75,13,603,289,10,8,1,5,1,
76,1,933,395,26,18,1,5,1,
76,2,816,365,101,29,1,5,1,
76,3,765,373,67,27,1,5,1,
76,4,827,327,13,9,1,5,1,
76,5,575,203,27,13,1,5,1,
76,6,842,347,14,11,1,5,1,
76,7,716,176,43,26,1,5,1,
76,8,747,245,58,23,1,5,1,
76,9,728,134,17,16,1,5,1,
76,10,599,132,14,19,1,5,1,
76,13,602,289,11,8,1,5,1,
77,1,931,394,28,17,1,5,1,
77,2,826,365,99,28,1,5,1,
77,3,771,372,64,27,1,5,1,
77,4,826,327,13,9,1,5,1,
77,5,577,203,26,13,1,5,1,
77,6,841,346,14,12,1,5,1,
77,7,720,177,41,26,1,5,1,
77,8,751,245,57,23,1,5,1,
77,9,730,135,15,17,1,5,1,
77,10,598,133,15,19,1,5,1,
78,1,929,392,29,18,1,5,1,
78,2,834,364,99,29,1,5,1,
78,3,776,371,63,27,1,5,1,
78,4,825,326,13,10,1,5,1,
78,5,579,203,25,14,1,5,1,
78,6,841,345,14,12,1,5,1,
78,7,723,178,40,25,1,5,1,
78,8,755,245,55,23,1,5,1,
78,9,731,137,15,16,1,5,1,
78,10,597,134,15,19,1,5,1,
79,1,926,391,31,18,1,5,1,
79,2,844,363,97,29,1,5,1,
79,3,781,370,61,27,1,5,1,
79,4,822,326,16,9,1,5,1,
79,5,581,204,24,13,1,5,1,
79,6,839,345,16,11,1,5,1,
79,7,726,179,39,25,1,5,1,
79,8,759,245,48,23,1,5,1,
79,9,732,138,15,16,1,5,1,
80,1,923,390,32,18,1,5,1,
80,2,852,363,96,28,1,5,1,
80,3,785,369,59,27,1,5,1,
80,4,819,325,20,9,1,5,1,
80,5,583,204,23,13,1,5,1,
80,6,838,344,17,11,1,5,1,
80,7,729,180,37,25,1,5,1,
80,8,764,245,45,23,1,5,1,
80,9,734,139,13,16,1,5,1,
81,1,920,389,34,17,1,5,1,
81,2,861,362,93,28,1,5,1,
81,3,791,368,56,26,1,5,1,
81,4,816,324,23,10,1,5,1,
81,5,585,205,21,13,1,5,1,
81,6,837,343,18,11,1,5,1,
81,7,732,181,35,25,1,5,1,
81,8,769,246,41,22,1,5,1,
81,9,735,140,12,17,1,5,1,
82,1,917,387,35,18,1,5,1,
82,2,870,361,89,28,1,5,1,
82,3,795,367,54,26,1,5,1,
82,4,813,324,25,9,1,5,1,
82,5,587,205,20,13,1,5,1,
82,6,835,342,19,12,1,5,1,
82,7,735,182,34,24,1,5,1,
82,8,773,246,38,22,1,5,1,
82,9,736,142,11,16,1,5,1,
83,1,915,386,35,17,1,5,1,
83,2,880,360,80,28,1,5,1,
83,3,801,366,51,26,1,5,1,
83,4,810,323,26,9,1,5,1,
83,5,589,205,18,14,1,5,1,
83,6,833,342,20,11,1,5,1,
83,7,739,183,32,24,1,5,1,
83,8,777,246,35,22,1,5,1,
83,9,736,143,11,16,1,5,1,
84,1,912,385,35,17,1,5,1,
84,2,888,360,72,27,1,5,1,
84,3,805,365,49,26,1,5,1,
84,4,808,323,26,9,1,5,1,
84,5,591,206,17,13,1,5,1,
84,6,832,341,20,11,1,5,1,
84,7,741,184,31,24,1,5,1,
84,8,779,247,34,21,1,5,1,
84,9,736,144,11,16,1,5,1,
85,1,909,384,36,17,1,5,1,
85,2,898,359,62,27,1,5,1,
85,3,810,364,46,26,1,5,1,
85,4,805,322,27,9,1,5,1,
85,5,593,206,16,13,1,5,1,
85,6,830,340,20,11,1,5,1,
85,7,744,185,30,23,1,5,1,
85,8,782,247,32,21,1,5,1,
85,9,736,146,11,15,1,5,1,
86,1,907,382,35,17,1,5,1,
86,2,906,358,54,27,1,5,1,
86,3,815,363,43,26,1,5,1,
86,4,802,322,27,9,1,5,1,
86,5,594,207,15,13,1,5,1,
86,6,829,339,20,11,1,5,1,
86,7,747,186,28,23,1,5,1,
86,8,784,247,30,21,1,5,1,
86,9,736,147,10,15,1,5,1,
87,1,904,381,35,17,1,5,1,
87,2,914,358,46,26,1,5,1,
87,3,819,362,41,25,1,5,1,
87,4,800,321,26,9,1,5,1,
87,5,596,207,14,13,1,5,1,
87,6,827,339,20,10,1,5,1,
87,7,749,186,27,24,1,5,1,
87,8,786,247,29,21,1,5,1,
87,9,735,148,11,16,1,5,1,
88,1,902,380,35,17,1,5,1,
88,2,921,361,39,21,1,5,1,
88,3,822,361,40,25,1,5,1,
88,4,797,321,27,8,1,5,1,
88,5,597,207,13,13,1,5,1,
88,6,825,338,21,11,1,5,1,
88,7,751,187,26,23,1,5,1,
88,8,788,248,27,20,1,5,1,
88,9,735,150,11,15,1,5,1,
89,1,899,379,35,16,1,5,1,
89,2,929,363,31,16,1,5,1,
89,3,826,360,38,25,1,5,1,
89,4,794,320,27,9,1,5,1,
89,5,598,208,13,13,1,5,1,
89,6,824,337,20,11,1,5,1,
89,7,753,188,25,23,1,5,1,
89,8,790,248,26,20,1,5,1,
89,9,735,151,10,15,1,5,1,
90,1,896,378,35,16,1,5,1,
90,3,829,359,38,25,1,5,1,
90,4,792,320,26,8,1,5,1,
90,5,599,208,12,13,1,5,1,
90,6,822,337,20,10,1,5,1,
90,7,755,189,24,23,1,5,1,
90,8,791,248,25,21,1,5,1,
90,9,734,152,10,15,1,5,1,
91,1,894,377,34,16,1,5,1,
91,3,833,358,36,25,1,5,1,
91,4,789,319,27,9,1,5,1,
91,5,600,209,11,12,1,5,1,
91,6,820,336,21,10,1,5,1,
91,7,757,190,22,22,1,5,1,
91,8,793,249,23,20,1,5,1,
91,9,733,153,11,15,1,5,1,
92,1,891,376,35,16,1,5,1,
92,3,835,357,35,25,1,5,1,
92,4,786,319,27,8,1,5,1,
92,6,818,336,21,10,1,5,1,
92,7,758,191,22,22,1,5,1,
92,8,793,249,23,20,1,5,1,
92,9,733,154,10,15,1,5,1,
93,1,889,375,34,16,1,5,1,
93,3,838,356,34,25,1,5,1,
93,4,784,318,27,9,1,5,1,
93,6,816,335,22,10,1,5,1,
93,7,760,192,21,21,1,5,1,
93,8,793,249,22,20,1,5,1,
93,9,732,156,10,14,1,5,1,
94,1,886,374,35,16,1,5,1,
94,3,841,355,33,25,1,5,1,
94,4,781,318,28,8,1,5,1,
94,6,814,334,22,11,1,5,1,
94,7,761,192,20,22,1,5,1,
94,8,793,250,22,19,1,5,1,
94,9,731,157,11,14,1,5,1,
95,1,884,373,35,16,1,5,1,
95,3,843,355,32,24,1,5,1,
95,4,779,317,27,9,1,5,1,
95,6,812,334,23,10,1,5,1,
95,7,761,193,20,22,1,5,1,
95,8,793,250,22,19,1,5,1,
95,9,730,158,11,14,1,5,1,
96,1,881,372,35,15,1,5,1,
96,3,846,354,31,24,1,5,1,
96,4,776,317,27,8,1,5,1,
96,6,811,333,22,10,1,5,1,
96,7,762,194,20,21,1,5,1,
96,8,793,250,21,19,1,5,1,
96,9,729,159,11,14,1,5,1,
97,1,879,371,34,15,1,5,1,
97,3,848,353,30,24,1,5,1,
97,4,773,316,28,9,1,5,1,
97,6,809,333,22,10,1,5,1,
97,7,761,195,20,21,1,5,1,
97,8,792,250,22,19,1,5,1,
97,9,727,160,13,14,1,5,1,
98,1,876,370,35,15,1,5,1,
98,3,850,352,29,24,1,5,1,
98,4,771,316,27,8,1,5,1,
98,6,807,332,22,10,1,5,1,
98,7,760,196,20,21,1,5,1,
98,8,792,251,21,18,1,5,1,
98,9,726,161,13,14,1,5,1,
99,1,874,369,34,15,1,5,1,
99,3,851,351,29,24,1,5,1,
99,4,768,315,28,9,1,5,1,
99,6,805,331,22,10,1,5,1,
99,7,760,196,19,21,1,5,1,
99,8,791,251,21,18,1,5,1,
99,9,725,162,14,14,1,5,1,
100,1,871,368,34,15,1,5,1,
100,3,852,350,28,24,1,5,1,
100,4,766,315,27,8,1,5,1,
100,6,803,331,22,10,1,5,1,
100,7,759,197,20,21,1,5,1,
100,8,790,251,21,18,1,5,1,
100,9,723,163,15,14,1,5,1,
101,1,869,367,34,15,1,5,1,
101,3,852,349,29,24,1,5,1,
101,4,763,315,27,8,1,5,1,
101,6,802,330,21,10,1,5,1,
101,7,759,198,19,20,1,5,1,
101,8,789,252,21,17,1,5,1,
101,9,722,164,15,14,1,5,1,
102,1,867,366,33,15,1,5,1,
102,3,853,349,29,23,1,5,1,
102,4,760,314,28,8,1,5,1,
102,6,800,330,21,9,1,5,1,
102,7,758,199,19,20,1,5,1,
102,8,788,252,21,17,1,5,1,
102,9,720,166,16,13,1,5,1,
103,1,864,365,33,15,1,5,1,
103,3,854,348,28,23,1,5,1,
103,4,758,314,27,8,1,5,1,
103,6,798,329,21,10,1,5,1,
103,7,758,200,18,20,1,5,1,
103,8,787,252,21,17,1,5,1,
103,9,718,167,17,13,1,5,1,
104,1,862,365,33,14,1,5,1,
104,3,854,347,29,23,1,5,1,
104,4,755,314,27,7,1,5,1,
104,6,796,329,21,9,1,5,1,
104,7,757,200,18,20,1,5,1,
104,8,785,252,22,17,1,5,1,
104,9,717,168,16,13,1,5,1,
105,1,859,364,33,13,1,5,1,
105,3,855,346,28,23,1,5,1,
105,4,753,313,26,8,1,5,1,
105,6,794,328,21,9,1,5,1,
105,7,756,201,18,20,1,5,1,
105,8,784,253,22,17,1,5,1,
105,9,715,169,17,12,1,5,1,
106,1,857,363,33,14,1,5,1,
106,3,856,345,27,23,1,5,1,
106,4,750,313,27,7,1,5,1,
106,6,792,328,21,9,1,5,1,
106,7,755,202,18,19,1,5,1,
106,8,783,253,23,16,1,5,1,
106,9,713,170,18,12,1,5,1,
107,1,855,362,32,14,1,5,1,
107,3,856,345,28,22,1,5,1,
107,4,748,312,26,8,1,5,1,
107,6,791,327,20,9,1,5,1,
107,7,754,203,19,19,1,5,1,
107,8,780,253,25,16,1,5,1,
107,9,711,171,18,12,1,5,1,
108,1,852,361,32,14,1,5,1,
108,3,856,344,28,22,1,5,1,
108,4,745,312,27,7,1,5,1,
108,6,788,327,21,9,1,5,1,
108,7,753,204,19,18,1,5,1,
108,8,778,253,27,16,1,5,1,
108,9,709,172,18,12,1,5,1,
109,1,850,360,32,14,1,5,1,
109,3,856,343,27,22,1,5,1,
109,4,742,312,27,7,1,5,1,
109,6,786,326,22,9,1,5,1,
109,7,752,204,19,19,1,5,1,
109,8,776,253,29,16,1,5,1,
109,9,707,173,19,12,1,5,1,
110,1,847,360,33,13,1,5,1,
110,3,856,342,27,22,1,5,1,
110,4,740,311,27,8,1,5,1,
110,6,784,326,22,9,1,5,1,
110,7,751,205,20,18,1,5,1,
110,8,773,253,32,16,1,5,1,
110,9,705,174,20,11,1,5,1,
111,1,845,359,32,13,1,5,1,
111,3,856,342,27,21,1,5,1,
111,4,737,311,27,7,1,5,1,
111,6,782,325,22,9,1,5,1,
111,7,750,206,20,18,1,5,1,
111,8,771,254,34,16,1,5,1,
111,9,703,175,20,11,1,5,1,
112,1,843,358,31,13,1,5,1,
112,3,856,341,26,21,1,5,1,
112,4,735,311,26,7,1,5,1,
112,6,780,325,22,9,1,5,1,
112,7,749,207,20,17,1,5,1,
112,8,769,254,35,15,1,5,1,
112,9,701,176,20,11,1,5,1,
113,1,840,357,32,13,1,5,1,
113,3,857,340,26,21,1,5,1,
113,4,732,310,27,7,1,5,1,
113,6,778,324,23,9,1,5,1,
113,7,749,207,19,16,1,5,1,
113,8,767,254,35,15,1,5,1,
113,9,700,176,19,12,1,5,1,
114,1,838,357,31,12,1,5,1,
114,3,857,340,26,20,1,5,1,
114,4,730,310,26,7,1,5,1,
114,6,777,324,22,9,1,5,1,
114,7,750,208,18,15,1,5,1,
114,8,765,254,34,15,1,5,1,
114,9,698,177,19,11,1,5,1,
115,1,836,356,31,12,1,5,1,
115,3,858,339,26,20,1,5,1,
115,4,727,310,27,7,1,5,1,
115,6,776,324,21,8,1,5,1,
115,7,751,208,18,15,1,5,1,
115,8,764,254,33,15,1,5,1,
115,9,697,178,17,11,1,5,1,
116,1,834,355,31,12,1,5,1,
116,3,859,339,25,20,1,5,1,
116,4,723,309,28,7,1,5,1,
116,6,774,323,21,9,1,5,1,
116,7,753,209,17,13,1,5,1,
116,8,762,254,32,15,1,5,1,
116,9,696,179,16,11,1,5,1,
117,1,831,355,31,11,1,5,1,
117,3,859,338,25,20,1,5,1,
117,4,722,309,26,7,1,5,1,
117,6,772,323,20,8,1,5,1,
117,7,755,209,17,14,1,5,1,
117,8,762,254,29,15,1,5,1,
117,9,695,180,15,10,1,5,1,
118,1,829,354,31,12,1,5,1,
118,3,860,338,25,19,1,5,1,
118,4,721,309,25,7,1,5,1,
118,6,771,322,20,9,1,5,1,
118,7,756,209,17,14,1,5,1,
118,8,763,254,25,14,1,5,1,
118,9,694,181,14,10,1,5,1,
119,1,827,353,30,12,1,5,1,
119,3,861,337,24,19,1,5,1,
119,6,770,322,19,8,1,5,1,
119,7,756,210,18,14,1,5,1,
119,8,763,253,21,15,1,5,1,
119,9,694,181,12,11,1,5,1,
120,1,825,353,30,11,1,5,1,
120,3,862,337,23,19,1,5,1,
120,6,769,322,18,8,1,5,1,
120,7,757,210,17,14,1,5,1,
120,8,764,253,17,14,1,5,1,
120,9,693,182,11,10,1,5,1,
121,1,823,352,30,11,1,5,1,
121,3,862,336,24,19,1,5,1,
121,7,758,211,17,13,1,5,1,
121,8,765,252,17,15,1,5,1,
121,9,692,183,11,10,1,5,1,
122,1,821,352,30,11,1,5,1,
122,3,863,336,23,18,1,5,1,
122,7,759,211,17,14,1,5,1,
122,8,767,252,17,14,1,5,1,
122,9,692,183,10,10,1,5,1,
123,1,819,351,30,11,1,5,1,
123,3,864,335,23,19,1,5,1,
123,7,760,211,17,14,1,5,1,
123,8,767,251,21,15,1,5,1,
123,9,693,184,8,10,1,5,1,
124,1,818,350,29,12,1,5,1,
124,3,865,335,22,18,1,5,1,
124,7,761,212,16,14,1,5,1,
124,8,765,251,24,15,1,5,1,
124,9,694,185,7,9,1,5,1,
125,3,865,334,23,18,1,5,1,
125,7,762,212,16,14,1,5,1,
125,8,764,251,27,14,1,5,1,
125,9,694,185,9,10,1,5,1,
126,3,866,334,22,18,1,5,1,
126,7,763,212,16,14,1,5,1,
126,8,764,251,28,14,1,5,1,
126,9,695,186,9,9,1,5,1,
127,3,867,333,22,18,1,5,1,
127,7,763,213,17,14,1,5,1,
127,8,764,251,29,14,1,5,1,
127,9,695,186,10,9,1,5,1,
128,3,867,333,22,18,1,5,1,
128,7,764,213,17,14,1,5,1,
128,8,765,251,29,14,1,5,1,
128,9,694,187,11,9,1,5,1,
129,3,868,333,21,17,1,5,1,
129,7,765,214,17,13,1,5,1,
129,8,766,251,29,14,1,5,1,
129,9,694,187,12,9,1,5,1,
130,3,868,332,22,17,1,5,1,
130,7,766,214,16,14,1,5,1,
130,8,768,251,29,14,1,5,1,
130,9,695,188,12,9,1,5,1,
131,3,868,332,22,17,1,5,1,
131,7,767,215,16,13,1,5,1,
131,8,770,251,29,13,1,5,1,
131,9,695,188,13,9,1,5,1,
132,3,869,331,21,17,1,5,1,
132,7,768,215,15,13,1,5,1,
132,8,771,251,30,13,1,5,1,
132,9,696,189,12,9,1,5,1,
133,3,869,331,21,17,1,5,1,
133,7,769,215,15,14,1,5,1,
133,8,773,251,28,13,1,5,1,
133,9,697,189,12,9,1,5,1,
134,3,869,330,21,17,1,5,1,
134,7,770,216,14,13,1,5,1,
134,8,775,251,27,13,1,5,1,
135,3,869,330,21,17,1,5,1,
135,7,771,216,14,13,1,5,1,
135,8,777,251,25,13,1,5,1,
136,3,869,329,21,17,1,5,1,
136,7,771,217,14,13,1,5,1,
136,8,779,251,24,13,1,5,1,
137,3,869,329,21,17,1,5,1,
137,7,771,217,14,13,1,5,1,
137,8,781,251,22,13,1,5,1,
138,3,869,329,20,16,1,5,1,
138,7,771,217,14,13,1,5,1,
138,8,784,251,19,13,1,5,1,
139,3,869,328,20,16,1,5,1,
139,7,772,218,14,13,1,5,1,
139,8,786,251,17,13,1,5,1,
140,3,869,328,20,16,1,5,1,
140,7,772,218,14,13,1,5,1,
140,8,786,251,17,13,1,5,1,
141,3,869,327,19,16,1,5,1,
141,7,772,218,14,13,1,5,1,
141,8,786,252,17,12,1,5,1,
142,3,868,327,20,16,1,5,1,
142,7,772,219,14,13,1,5,1,
142,8,786,252,17,12,1,5,1,
143,3,868,326,20,16,1,5,1,
143,7,772,219,14,13,1,5,1,
143,8,786,252,17,12,1,5,1,
144,3,868,326,19,16,1,5,1,
144,7,772,220,14,12,1,5,1,
144,8,786,252,17,12,1,5,1,
145,3,867,325,20,16,1,5,1,
145,7,772,220,14,12,1,5,1,
145,8,786,252,17,12,1,5,1,
146,3,867,325,19,16,1,5,1,
146,7,772,220,13,13,1,5,1,
146,8,786,252,17,12,1,5,1,
147,3,867,325,19,15,1,5,1,
147,7,772,221,13,12,1,5,1,
147,8,786,252,16,12,1,5,1,
148,3,866,324,20,16,1,5,1,
148,7,772,221,13,12,1,5,1,
148,8,786,253,16,12,1,5,1,
149,3,866,324,19,15,1,5,1,
149,7,772,221,13,12,1,5,1,
149,8,786,253,16,12,1,5,1,
150,3,865,323,20,15,1,5,1,
150,7,772,222,13,12,1,5,1,
150,8,785,253,16,12,1,5,1,
