1,1,1018.0,824.0,68.0,50.0,1,2,1.0
1,2,1048.42,921.0,160.48000000000002,122.6099999999999,1,4,1.0
1,3,1152.83,911.53,126.07000000000016,119.07999999999993,1,4,1.0
1,4,1083.9,987.99,142.94999999999982,90.25,1,4,1.0
2,1,1018.0,824.0,68.0,50.0,1,2,1.0
2,2,1048.0,920.0,160.0,122.0,1,4,1.0
2,3,1152.0,911.0,126.0,119.0,1,4,1.0
2,4,1083.0,987.0,142.0,90.0,1,4,1.0
3,1,1018.0,824.0,68.0,50.0,1,2,1.0
3,2,1049.0,920.0,160.0,122.0,1,4,1.0
3,3,1152.0,911.0,126.0,119.0,1,4,1.0
3,4,1083.0,987.0,142.0,90.0,1,4,1.0
4,1,1018.0,824.0,68.0,50.0,1,2,1.0
4,2,1048.0,920.0,160.0,122.0,1,4,1.0
4,3,1152.0,911.0,126.0,119.0,1,4,1.0
4,4,1083.0,988.0,142.0,90.0,1,4,1.0
5,1,1016.0,824.0,68.0,50.0,1,2,1.0
5,2,1048.0,920.0,160.0,122.0,1,4,1.0
5,3,1152.0,911.0,126.0,119.0,1,4,1.0
5,4,1083.0,987.0,142.0,90.0,1,4,1.0
6,1,1016.0,824.0,68.0,50.0,1,2,1.0
6,2,1048.0,920.0,160.0,122.0,1,4,1.0
6,3,1152.0,911.0,126.0,119.0,1,4,1.0
6,4,1083.0,987.0,142.0,90.0,1,4,1.0
7,1,1016.0,824.0,68.0,50.0,1,2,1.0
7,2,1048.0,920.0,160.0,122.0,1,4,1.0
7,3,1152.0,911.0,126.0,119.0,1,4,1.0
7,4,1083.0,987.0,142.0,90.0,1,4,1.0
8,1,1016.0,824.0,68.0,50.0,1,2,1.0
8,2,1048.0,920.0,160.0,122.0,1,4,1.0
8,3,1152.0,911.0,126.0,119.0,1,4,1.0
8,4,1083.0,988.0,142.0,90.0,1,4,1.0
9,1,1016.0,822.0,68.0,50.0,1,2,1.0
9,2,1048.0,920.0,160.0,122.0,1,4,1.0
9,3,1152.0,911.0,126.0,119.0,1,4,1.0
9,4,1083.0,988.0,142.0,90.0,1,4,1.0
10,1,1016.0,822.0,68.0,50.0,1,2,1.0
10,2,1048.0,920.0,160.0,122.0,1,4,1.0
10,3,1152.0,911.0,126.0,119.0,1,4,1.0
10,4,1084.0,988.0,142.0,90.0,1,4,1.0
11,1,1016.0,822.0,68.0,50.0,1,2,1.0
11,2,1048.0,920.0,160.0,122.0,1,4,1.0
11,3,1152.0,911.0,126.0,119.0,1,4,1.0
11,4,1084.0,988.0,142.0,90.0,1,4,1.0
12,1,1014.0,822.0,68.0,50.0,1,2,1.0
12,2,1048.0,920.0,160.0,122.0,1,4,1.0
12,3,1152.0,911.0,126.0,119.0,1,4,1.0
12,4,1084.0,988.0,142.0,90.0,1,4,1.0
13,1,1014.0,822.0,68.0,50.0,1,2,1.0
13,2,1048.0,920.0,160.0,122.0,1,4,1.0
13,3,1152.0,911.0,126.0,119.0,1,4,1.0
13,4,1084.0,988.0,142.0,90.0,1,4,1.0
14,1,1014.0,822.0,68.0,50.0,1,2,1.0
14,2,1048.0,920.0,160.0,122.0,1,4,1.0
14,3,1152.0,912.0,126.0,119.0,1,4,1.0
14,4,1084.0,988.0,142.0,90.0,1,4,1.0
15,1,1014.0,822.0,68.0,50.0,1,2,1.0
15,2,1048.0,920.0,160.0,122.0,1,4,1.0
15,3,1152.0,912.0,126.0,119.0,1,4,1.0
15,4,1084.0,988.0,142.0,90.0,1,4,1.0
16,1,1012.0,822.0,68.0,50.0,1,2,1.0
16,2,1048.0,920.0,160.0,122.0,1,4,1.0
16,3,1152.0,912.0,126.0,119.0,1,4,1.0
16,4,1084.0,988.0,142.0,90.0,1,4,1.0
17,1,1012.0,822.0,68.0,50.0,1,2,1.0
17,2,1048.0,920.0,160.0,122.0,1,4,1.0
17,3,1152.0,912.0,126.0,119.0,1,4,1.0
17,4,1084.0,988.0,142.0,90.0,1,4,1.0
18,1,1010.0,822.0,68.0,50.0,1,2,1.0
18,2,1048.0,920.0,160.0,122.0,1,4,1.0
18,3,1153.0,912.0,126.0,119.0,1,4,1.0
18,4,1085.0,988.0,142.0,90.0,1,4,1.0
19,1,1010.0,822.0,68.0,50.0,1,2,1.0
19,2,1048.0,920.0,160.0,122.0,1,4,1.0
19,3,1152.0,912.0,126.0,119.0,1,4,1.0
19,4,1085.0,988.0,142.0,90.0,1,4,1.0
20,1,1010.0,822.0,68.0,50.0,1,2,1.0
20,2,1048.0,920.0,160.0,122.0,1,4,1.0
20,3,1152.0,912.0,126.0,119.0,1,4,1.0
20,4,1086.0,988.0,142.0,90.0,1,4,1.0
21,1,1012.0,822.0,68.0,50.0,1,2,1.0
21,2,1048.0,920.0,160.0,122.0,1,4,1.0
21,3,1152.0,912.0,126.0,119.0,1,4,1.0
21,4,1085.0,988.0,142.0,90.0,1,4,1.0
22,1,1012.0,822.0,68.0,50.0,1,2,1.0
22,2,1048.0,920.0,160.0,122.0,1,4,1.0
22,3,1152.0,912.0,126.0,119.0,1,4,1.0
22,4,1085.0,988.0,142.0,90.0,1,4,1.0
23,1,1012.0,822.0,68.0,50.0,1,2,1.0
23,2,1048.0,920.0,160.0,122.0,1,4,1.0
23,3,1153.0,912.0,126.0,119.0,1,4,1.0
23,4,1086.0,988.0,142.0,90.0,1,4,1.0
24,1,1014.0,822.0,68.0,50.0,1,2,1.0
24,2,1048.0,920.0,160.0,122.0,1,4,1.0
24,3,1153.0,912.0,126.0,119.0,1,4,1.0
24,4,1085.0,987.0,142.0,90.0,1,4,1.0
25,1,1014.0,822.0,68.0,50.0,1,2,1.0
25,2,1048.0,920.0,160.0,122.0,1,4,1.0
25,3,1152.0,912.0,126.0,119.0,1,4,1.0
25,4,1085.0,988.0,142.0,90.0,1,4,1.0
26,1,1014.0,822.0,68.0,50.0,1,2,1.0
26,2,1048.0,920.0,160.0,122.0,1,4,1.0
26,3,1153.0,911.0,126.0,119.0,1,4,1.0
26,4,1086.0,988.0,142.0,90.0,1,4,1.0
27,1,1016.0,822.0,68.0,50.0,1,2,1.0
27,2,1048.0,920.0,160.0,122.0,1,4,1.0
27,3,1153.0,911.0,126.0,119.0,1,4,1.0
27,4,1085.0,988.0,142.0,90.0,1,4,1.0
28,1,1016.0,822.0,68.0,50.0,1,2,1.0
28,2,1048.0,920.0,160.0,122.0,1,4,1.0
28,3,1153.0,911.0,126.0,119.0,1,4,1.0
28,4,1086.0,988.0,142.0,90.0,1,4,1.0
29,1,1016.0,822.0,68.0,50.0,1,2,1.0
29,2,1048.0,920.0,160.0,122.0,1,4,1.0
29,3,1153.0,911.0,126.0,119.0,1,4,1.0
29,4,1086.0,988.0,142.0,90.0,1,4,1.0
30,1,1016.0,822.0,68.0,50.0,1,2,1.0
30,2,1048.0,920.0,160.0,122.0,1,4,1.0
30,3,1153.0,911.0,126.0,119.0,1,4,1.0
30,4,1085.0,987.0,142.0,90.0,1,4,1.0
31,1,1016.0,822.0,68.0,50.0,1,2,1.0
31,2,1048.0,920.0,160.0,122.0,1,4,1.0
31,3,1153.0,911.0,126.0,119.0,1,4,1.0
31,4,1086.0,988.0,142.0,90.0,1,4,1.0
32,1,1018.0,822.0,68.0,50.0,1,2,1.0
32,2,1048.0,920.0,160.0,122.0,1,4,1.0
32,3,1153.0,911.0,126.0,119.0,1,4,1.0
32,4,1086.0,988.0,142.0,90.0,1,4,1.0
33,1,1018.0,822.0,68.0,50.0,1,2,1.0
33,2,1048.0,920.0,160.0,122.0,1,4,1.0
33,3,1153.0,911.0,126.0,119.0,1,4,1.0
33,4,1086.0,988.0,142.0,90.0,1,4,1.0
34,1,1018.0,822.0,68.0,50.0,1,2,1.0
34,2,1048.0,920.0,160.0,122.0,1,4,1.0
34,3,1153.0,911.0,126.0,119.0,1,4,1.0
34,4,1086.0,988.0,142.0,90.0,1,4,1.0
35,1,1018.0,822.0,68.0,50.0,1,2,1.0
35,2,1048.0,920.0,160.0,122.0,1,4,1.0
35,3,1153.0,911.0,126.0,119.0,1,4,1.0
35,4,1086.0,988.0,142.0,90.0,1,4,1.0
36,1,1018.0,822.0,68.0,50.0,1,2,1.0
36,2,1048.0,920.0,160.0,122.0,1,4,1.0
36,3,1153.0,911.0,126.0,119.0,1,4,1.0
36,4,1086.0,987.0,142.0,90.0,1,4,1.0
37,1,1018.0,822.0,68.0,50.0,1,2,1.0
37,2,1048.0,921.0,160.0,122.0,1,4,1.0
37,3,1153.0,911.0,126.0,119.0,1,4,1.0
37,4,1086.0,988.0,142.0,90.0,1,4,1.0
38,1,1018.0,822.0,68.0,50.0,1,2,1.0
38,2,1050.0,921.0,160.0,122.0,1,4,1.0
38,3,1152.0,912.0,126.0,119.0,1,4,1.0
38,4,1086.0,987.0,142.0,90.0,1,4,1.0
39,1,1018.0,822.0,68.0,50.0,1,2,1.0
39,2,1049.0,920.0,160.0,122.0,1,4,1.0
39,3,1153.0,912.0,126.0,119.0,1,4,1.0
39,4,1086.0,987.0,142.0,90.0,1,4,1.0
40,1,1018.0,822.0,68.0,50.0,1,2,1.0
40,2,1049.0,920.0,160.0,122.0,1,4,1.0
40,3,1153.0,912.0,126.0,119.0,1,4,1.0
40,4,1086.0,987.0,142.0,90.0,1,4,1.0
41,1,1018.0,822.0,68.0,50.0,1,2,1.0
41,2,1049.0,920.0,160.0,122.0,1,4,1.0
41,3,1152.0,912.0,126.0,119.0,1,4,1.0
41,4,1086.0,987.0,142.0,90.0,1,4,1.0
42,1,1018.0,822.0,68.0,50.0,1,2,1.0
42,2,1048.0,920.0,160.0,122.0,1,4,1.0
42,3,1153.0,912.0,126.0,119.0,1,4,1.0
42,4,1086.0,987.0,142.0,90.0,1,4,1.0
43,1,1018.0,822.0,68.0,50.0,1,2,1.0
43,2,1049.0,920.0,160.0,122.0,1,4,1.0
43,3,1153.0,912.0,126.0,119.0,1,4,1.0
43,4,1086.0,987.0,142.0,90.0,1,4,1.0
44,1,1018.0,822.0,68.0,50.0,1,2,1.0
44,2,1049.0,920.0,160.0,122.0,1,4,1.0
44,3,1153.0,912.0,126.0,119.0,1,4,1.0
44,4,1086.0,987.0,142.0,90.0,1,4,1.0
45,1,1018.0,822.0,68.0,50.0,1,2,1.0
45,5,88.0,162.0,190.0,124.0,1,1,1.0
45,2,1049.0,920.0,160.0,122.0,1,4,1.0
45,3,1152.0,912.0,126.0,119.0,1,4,1.0
45,4,1086.0,987.0,142.0,90.0,1,4,1.0
46,1,1016.0,822.0,68.0,50.0,1,2,1.0
46,5,84.0,164.0,190.0,130.0,1,1,1.0
46,2,1049.0,920.0,160.0,122.0,1,4,1.0
46,3,1153.0,912.0,126.0,119.0,1,4,1.0
46,4,1086.0,988.0,142.0,90.0,1,4,1.0
47,1,1016.0,820.0,68.0,50.0,1,2,1.0
47,5,80.0,168.0,190.0,134.0,1,1,1.0
47,2,1049.0,920.0,160.0,122.0,1,4,1.0
47,3,1153.0,912.0,126.0,119.0,1,4,1.0
47,4,1086.0,987.0,142.0,90.0,1,4,1.0
48,1,1016.0,820.0,68.0,50.0,1,2,1.0
48,5,82.0,170.0,188.0,138.0,1,1,1.0
48,2,1049.0,920.0,160.0,122.0,1,4,1.0
48,3,1153.0,912.0,126.0,119.0,1,4,1.0
48,4,1087.0,987.0,142.0,90.0,1,4,1.0
49,1,1016.0,820.0,68.0,50.0,1,2,1.0
49,5,80.0,166.0,192.0,146.0,1,1,1.0
49,2,1049.0,920.0,160.0,122.0,1,4,1.0
49,3,1153.0,912.0,126.0,119.0,1,4,1.0
49,4,1087.0,988.0,142.0,90.0,1,4,1.0
50,1,1016.0,820.0,68.0,50.0,1,2,1.0
50,5,68.0,176.0,192.0,152.0,1,1,1.0
50,2,1048.0,920.0,160.0,122.0,1,4,1.0
50,3,1153.0,912.0,126.0,119.0,1,4,1.0
50,4,1087.0,988.0,142.0,90.0,1,4,1.0
51,1,1016.0,820.0,68.0,50.0,1,2,1.0
51,5,60.0,184.0,206.0,156.0,1,1,1.0
51,2,1048.0,920.0,160.0,122.0,1,4,1.0
51,3,1153.0,912.0,126.0,119.0,1,4,1.0
51,4,1086.0,988.0,142.0,90.0,1,4,1.0
52,1,1016.0,820.0,68.0,50.0,1,2,1.0
52,5,50.0,192.0,224.0,158.0,1,1,1.0
52,2,1049.0,920.0,160.0,122.0,1,4,1.0
52,3,1153.0,912.0,126.0,119.0,1,4,1.0
52,4,1086.0,988.0,142.0,90.0,1,4,1.0
53,1,1016.0,820.0,68.0,50.0,1,2,1.0
53,5,42.0,200.0,238.0,162.0,1,1,1.0
53,2,1049.0,920.0,160.0,122.0,1,4,1.0
53,3,1153.0,912.0,126.0,119.0,1,4,1.0
53,4,1086.0,988.0,142.0,90.0,1,4,1.0
54,1,1016.0,822.0,68.0,50.0,1,2,1.0
54,5,32.0,208.0,256.0,164.0,1,1,1.0
54,2,1049.0,920.0,160.0,122.0,1,4,1.0
54,3,1153.0,912.0,126.0,119.0,1,4,1.0
54,4,1086.0,988.0,142.0,90.0,1,4,1.0
55,1,1016.0,822.0,68.0,50.0,1,2,1.0
55,5,24.0,216.0,270.0,168.0,1,1,1.0
55,2,1049.0,920.0,160.0,122.0,1,4,1.0
55,3,1153.0,912.0,126.0,119.0,1,4,1.0
55,4,1086.0,988.0,142.0,90.0,1,4,1.0
56,1,1018.0,822.0,68.0,50.0,1,2,1.0
56,5,8.0,224.0,262.0,174.0,1,1,1.0
56,2,1049.0,920.0,160.0,122.0,1,4,1.0
56,3,1153.0,912.0,126.0,119.0,1,4,1.0
56,4,1086.0,988.0,142.0,90.0,1,4,1.0
57,1,1018.0,822.0,68.0,50.0,1,2,1.0
57,5,2.0,232.0,240.0,180.0,1,1,1.0
57,2,1049.0,920.0,160.0,122.0,1,4,1.0
57,3,1153.0,912.0,126.0,119.0,1,4,1.0
57,4,1086.0,988.0,142.0,90.0,1,4,1.0
58,1,1018.0,822.0,68.0,50.0,1,2,1.0
58,5,4.0,240.0,232.0,188.0,1,1,1.0
58,2,1049.0,920.0,160.0,122.0,1,4,1.0
58,3,1153.0,912.0,126.0,119.0,1,4,1.0
58,4,1086.0,988.0,142.0,90.0,1,4,1.0
59,1,1018.0,822.0,68.0,50.0,1,2,1.0
59,5,4.0,248.0,240.0,194.0,1,1,1.0
59,2,1049.0,920.0,160.0,122.0,1,4,1.0
59,3,1153.0,912.0,126.0,119.0,1,4,1.0
59,4,1086.0,988.0,142.0,90.0,1,4,1.0
60,1,1020.0,822.0,68.0,50.0,1,2,1.0
60,5,0.0,256.0,232.0,200.0,1,1,1.0
60,2,1049.0,920.0,160.0,122.0,1,4,1.0
60,3,1153.0,912.0,126.0,119.0,1,4,1.0
60,4,1086.0,988.0,142.0,90.0,1,4,1.0
61,1,1020.0,822.0,68.0,50.0,1,2,1.0
61,5,0.0,256.0,232.0,200.0,1,1,1.0
61,2,1048.0,919.0,160.0,122.0,1,4,1.0
61,3,1153.0,911.0,126.0,119.0,1,4,1.0
61,4,1086.0,987.0,142.0,90.0,1,4,1.0
62,1,1020.0,822.0,68.0,50.0,1,2,1.0
62,5,0.0,280.0,188.0,186.0,1,1,1.0
62,2,1048.0,919.0,160.0,122.0,1,4,1.0
62,3,1153.0,911.0,126.0,119.0,1,4,1.0
62,4,1087.0,988.0,142.0,90.0,1,4,1.0
63,1,1022.0,822.0,68.0,50.0,1,2,1.0
63,5,0.0,300.0,158.0,180.0,1,1,1.0
63,2,1048.0,919.0,160.0,122.0,1,4,1.0
63,3,1153.0,911.0,126.0,119.0,1,4,1.0
63,4,1086.0,988.0,142.0,90.0,1,4,1.0
64,1,1022.0,822.0,68.0,50.0,1,2,1.0
64,5,0.0,308.0,158.0,168.0,1,1,1.0
64,2,1048.0,919.0,160.0,122.0,1,4,1.0
64,3,1153.0,911.0,126.0,119.0,1,4,1.0
64,4,1087.0,988.0,142.0,90.0,1,4,1.0
65,1,1022.0,822.0,68.0,50.0,1,2,1.0
65,5,0.0,330.0,138.0,154.0,1,1,1.0
65,2,1048.0,919.0,160.0,122.0,1,4,1.0
65,3,1153.0,911.0,126.0,119.0,1,4,1.0
65,4,1086.0,988.0,142.0,90.0,1,4,1.0
66,1,1022.0,822.0,68.0,50.0,1,2,1.0
66,5,0.0,360.0,98.0,134.0,1,1,1.0
66,2,1049.0,919.0,160.0,122.0,1,4,1.0
66,3,1153.0,911.0,126.0,119.0,1,4,1.0
66,4,1086.0,988.0,142.0,90.0,1,4,1.0
67,1,1022.0,822.0,68.0,50.0,1,2,1.0
67,5,0.0,360.0,98.0,132.0,1,1,1.0
67,2,1049.0,920.0,160.0,122.0,1,4,1.0
67,3,1153.0,911.0,126.0,119.0,1,4,1.0
67,4,1086.0,988.0,142.0,90.0,1,4,1.0
68,1,1022.0,822.0,68.0,50.0,1,2,1.0
68,5,0.0,374.0,98.0,120.0,1,1,1.0
68,2,1048.0,920.0,160.0,122.0,1,4,1.0
68,3,1154.0,911.0,126.0,119.0,1,4,1.0
68,4,1086.0,987.0,142.0,90.0,1,4,1.0
69,1,1022.0,822.0,68.0,50.0,1,2,1.0
69,5,0.0,370.0,102.0,126.0,1,1,1.0
69,2,1048.0,920.0,160.0,122.0,1,4,1.0
69,3,1153.0,911.0,126.0,119.0,1,4,1.0
69,4,1086.0,988.0,142.0,90.0,1,4,1.0
70,1,1022.0,822.0,68.0,50.0,1,2,1.0
70,5,0.0,366.0,106.0,134.0,1,1,1.0
70,2,1049.0,920.0,160.0,122.0,1,4,1.0
70,3,1153.0,911.0,126.0,119.0,1,4,1.0
70,4,1086.0,987.0,142.0,90.0,1,4,1.0
71,1,1022.0,822.0,68.0,50.0,1,2,1.0
71,5,0.0,362.0,110.0,140.0,1,1,1.0
71,2,1049.0,920.0,160.0,122.0,1,4,1.0
71,3,1153.0,911.0,126.0,119.0,1,4,1.0
71,4,1086.0,988.0,142.0,90.0,1,4,1.0
72,1,1022.0,822.0,68.0,50.0,1,2,1.0
72,5,0.0,358.0,114.0,148.0,1,1,1.0
72,2,1049.0,920.0,160.0,122.0,1,4,1.0
72,3,1153.0,911.0,126.0,119.0,1,4,1.0
72,4,1086.0,988.0,142.0,90.0,1,4,1.0
73,1,1022.0,822.0,68.0,50.0,1,2,1.0
73,5,0.0,354.0,118.0,154.0,1,1,1.0
73,2,1048.0,919.0,160.0,122.0,1,4,1.0
73,3,1153.0,910.0,126.0,119.0,1,4,1.0
73,4,1086.0,987.0,142.0,90.0,1,4,1.0
74,1,1022.0,822.0,68.0,50.0,1,2,1.0
74,5,0.0,354.0,120.0,160.0,1,1,1.0
74,2,1048.0,919.0,160.0,122.0,1,4,1.0
74,3,1154.0,911.0,126.0,119.0,1,4,1.0
74,4,1086.0,987.0,142.0,90.0,1,4,1.0
75,1,1022.0,822.0,68.0,50.0,1,2,1.0
75,5,0.0,354.0,122.0,166.0,1,1,1.0
75,2,1048.0,919.0,160.0,122.0,1,4,1.0
75,3,1153.0,910.0,126.0,119.0,1,4,1.0
75,4,1086.0,987.0,142.0,90.0,1,4,1.0
76,1,1022.0,822.0,68.0,50.0,1,2,1.0
76,5,0.0,352.0,126.0,174.0,1,1,1.0
76,2,1048.0,919.0,160.0,122.0,1,4,1.0
76,3,1152.0,910.0,126.0,119.0,1,4,1.0
76,4,1086.0,987.0,142.0,90.0,1,4,1.0
77,1,1022.0,822.0,68.0,50.0,1,2,1.0
77,5,0.0,352.0,128.0,180.0,1,1,1.0
77,2,1048.0,919.0,160.0,122.0,1,4,1.0
77,3,1153.0,911.0,126.0,119.0,1,4,1.0
77,4,1086.0,987.0,142.0,90.0,1,4,1.0
78,1,1022.0,822.0,68.0,50.0,1,2,1.0
78,5,0.0,352.0,130.0,186.0,1,1,1.0
78,2,1048.0,919.0,160.0,122.0,1,4,1.0
78,3,1153.0,911.0,126.0,119.0,1,4,1.0
78,4,1086.0,987.0,142.0,90.0,1,4,1.0
79,1,1020.0,822.0,68.0,50.0,1,2,1.0
79,5,0.0,356.0,130.0,190.0,1,1,1.0
79,2,1047.0,919.0,160.0,122.0,1,4,1.0
79,3,1153.0,911.0,126.0,119.0,1,4,1.0
79,4,1086.0,987.0,142.0,90.0,1,4,1.0
80,1,1020.0,822.0,68.0,50.0,1,2,1.0
80,5,0.0,360.0,130.0,200.0,1,1,1.0
80,2,1047.0,919.0,160.0,122.0,1,4,1.0
80,3,1153.0,910.0,126.0,119.0,1,4,1.0
80,4,1086.0,988.0,142.0,90.0,1,4,1.0
81,1,1020.0,822.0,68.0,50.0,1,2,1.0
81,5,0.0,364.0,130.0,208.0,1,1,1.0
81,2,1047.0,919.0,160.0,122.0,1,4,1.0
81,3,1153.0,911.0,126.0,119.0,1,4,1.0
81,4,1086.0,988.0,142.0,90.0,1,4,1.0
82,1,1020.0,822.0,68.0,50.0,1,2,1.0
82,5,0.0,368.0,130.0,214.0,1,1,1.0
82,2,1048.0,919.0,160.0,122.0,1,4,1.0
82,3,1153.0,911.0,126.0,119.0,1,4,1.0
82,4,1086.0,988.0,142.0,90.0,1,4,1.0
83,1,1020.0,822.0,68.0,50.0,1,2,1.0
83,5,0.0,372.0,190.0,222.0,1,1,1.0
83,2,1047.0,919.0,160.0,122.0,1,4,1.0
83,3,1152.0,911.0,126.0,119.0,1,4,1.0
83,4,1086.0,988.0,142.0,90.0,1,4,1.0
84,1,1020.0,822.0,68.0,50.0,1,2,1.0
84,5,0.0,390.0,126.0,218.0,1,1,1.0
84,2,1047.0,919.0,160.0,122.0,1,4,1.0
84,3,1152.0,911.0,126.0,119.0,1,4,1.0
84,4,1086.0,987.0,142.0,90.0,1,4,1.0
85,1,1020.0,822.0,68.0,50.0,1,2,1.0
85,5,0.0,394.0,138.0,222.0,1,1,1.0
85,2,1047.0,920.0,160.0,122.0,1,4,1.0
85,3,1152.0,911.0,126.0,119.0,1,4,1.0
85,4,1086.0,987.0,142.0,90.0,1,4,1.0
86,1,1022.0,824.0,68.0,50.0,1,2,1.0
86,5,0.0,398.0,150.0,226.0,1,1,1.0
86,2,1047.0,920.0,160.0,122.0,1,4,1.0
86,3,1152.0,911.0,126.0,119.0,1,4,1.0
86,4,1086.0,987.0,142.0,90.0,1,4,1.0
87,1,1022.0,824.0,68.0,50.0,1,2,1.0
87,5,0.0,400.0,178.0,230.0,1,1,1.0
87,2,1048.0,920.0,160.0,122.0,1,4,1.0
87,3,1152.0,911.0,126.0,119.0,1,4,1.0
87,4,1086.0,988.0,142.0,90.0,1,4,1.0
88,1,1022.0,824.0,68.0,50.0,1,2,1.0
88,5,0.0,404.0,174.0,234.0,1,1,1.0
88,2,1048.0,920.0,160.0,122.0,1,4,1.0
88,3,1152.0,911.0,126.0,119.0,1,4,1.0
88,4,1086.0,987.0,142.0,90.0,1,4,1.0
89,1,1022.0,824.0,68.0,50.0,1,2,1.0
89,5,0.0,408.0,186.0,238.0,1,1,1.0
89,2,1048.0,920.0,160.0,122.0,1,4,1.0
89,3,1152.0,911.0,126.0,119.0,1,4,1.0
89,4,1086.0,987.0,142.0,90.0,1,4,1.0
90,1,1022.0,824.0,68.0,50.0,1,2,1.0
90,5,0.0,412.0,182.0,202.0,1,1,1.0
90,2,1048.0,920.0,160.0,122.0,1,4,1.0
90,3,1152.0,911.0,126.0,119.0,1,4,1.0
90,4,1086.0,987.0,142.0,90.0,1,4,1.0
91,1,1022.0,824.0,68.0,50.0,1,2,1.0
91,5,0.0,408.0,186.0,238.0,1,1,1.0
91,2,1048.0,920.0,160.0,122.0,1,4,1.0
91,3,1152.0,911.0,126.0,119.0,1,4,1.0
91,4,1086.0,987.0,142.0,90.0,1,4,1.0
92,1,1022.0,824.0,68.0,50.0,1,2,1.0
92,5,0.0,408.0,184.0,238.0,1,1,1.0
92,2,1048.0,920.0,160.0,122.0,1,4,1.0
92,3,1152.0,911.0,126.0,119.0,1,4,1.0
92,4,1086.0,987.0,142.0,90.0,1,4,1.0
93,1,1022.0,824.0,68.0,50.0,1,2,1.0
93,2,1048.0,921.0,160.0,122.0,1,4,1.0
93,3,1152.0,911.0,126.0,119.0,1,4,1.0
93,4,1086.0,988.0,142.0,90.0,1,4,1.0
94,1,1022.0,824.0,68.0,50.0,1,2,1.0
94,2,1048.0,920.0,160.0,122.0,1,4,1.0
94,3,1152.0,911.0,126.0,119.0,1,4,1.0
94,4,1086.0,987.0,142.0,90.0,1,4,1.0
95,1,1022.0,824.0,68.0,50.0,1,2,1.0
95,2,1048.0,920.0,160.0,122.0,1,4,1.0
95,3,1152.0,911.0,126.0,119.0,1,4,1.0
95,4,1086.0,987.0,142.0,90.0,1,4,1.0
96,1,1022.0,824.0,68.0,50.0,1,2,1.0
96,2,1048.0,920.0,160.0,122.0,1,4,1.0
96,3,1152.0,911.0,126.0,119.0,1,4,1.0
96,4,1086.0,987.0,142.0,90.0,1,4,1.0
97,1,1022.0,824.0,68.0,50.0,1,2,1.0
97,2,1048.0,920.0,160.0,122.0,1,4,1.0
97,3,1152.0,911.0,126.0,119.0,1,4,1.0
97,4,1086.0,987.0,142.0,90.0,1,4,1.0
98,1,1022.0,824.0,68.0,50.0,1,2,1.0
98,2,1048.0,919.0,160.0,122.0,1,4,1.0
98,3,1152.0,911.0,126.0,119.0,1,4,1.0
98,4,1086.0,988.0,142.0,90.0,1,4,1.0
99,1,1022.0,822.0,68.0,50.0,1,2,1.0
99,2,1048.0,920.0,160.0,122.0,1,4,1.0
99,3,1152.0,911.0,126.0,119.0,1,4,1.0
99,4,1086.0,988.0,142.0,90.0,1,4,1.0
100,1,1022.0,822.0,68.0,50.0,1,2,1.0
100,2,1047.0,920.0,160.0,122.0,1,4,1.0
100,3,1152.0,911.0,126.0,119.0,1,4,1.0
100,4,1086.0,988.0,142.0,90.0,1,4,1.0
101,1,1022.0,822.0,68.0,50.0,1,2,1.0
101,2,1047.0,920.0,160.0,122.0,1,4,1.0
101,3,1152.0,911.0,126.0,119.0,1,4,1.0
101,4,1087.0,988.0,142.0,90.0,1,4,1.0
102,1,1022.0,824.0,68.0,50.0,1,2,1.0
102,2,1048.0,920.0,160.0,122.0,1,4,1.0
102,3,1152.0,911.0,126.0,119.0,1,4,1.0
102,4,1086.0,988.0,142.0,90.0,1,4,1.0
103,1,1022.0,824.0,68.0,50.0,1,2,1.0
103,2,1048.0,920.0,160.0,122.0,1,4,1.0
103,3,1152.0,911.0,126.0,119.0,1,4,1.0
103,4,1086.0,988.0,142.0,90.0,1,4,1.0
104,1,1022.0,824.0,68.0,50.0,1,2,1.0
104,2,1048.0,920.0,160.0,122.0,1,4,1.0
104,3,1152.0,911.0,126.0,119.0,1,4,1.0
104,4,1086.0,988.0,142.0,90.0,1,4,1.0
105,1,1022.0,824.0,68.0,50.0,1,2,1.0
105,2,1048.0,920.0,160.0,122.0,1,4,1.0
105,3,1152.0,911.0,126.0,119.0,1,4,1.0
105,4,1085.0,988.0,142.0,90.0,1,4,1.0
106,1,1022.0,824.0,68.0,50.0,1,2,1.0
106,2,1048.0,920.0,160.0,122.0,1,4,1.0
106,3,1152.0,911.0,126.0,119.0,1,4,1.0
106,4,1086.0,988.0,142.0,90.0,1,4,1.0
107,1,1022.0,824.0,68.0,50.0,1,2,1.0
107,2,1048.0,920.0,160.0,122.0,1,4,1.0
107,3,1152.0,911.0,126.0,119.0,1,4,1.0
107,4,1086.0,988.0,142.0,90.0,1,4,1.0
108,1,1022.0,824.0,68.0,50.0,1,2,1.0
108,2,1049.0,921.0,160.0,122.0,1,4,1.0
108,3,1152.0,911.0,126.0,119.0,1,4,1.0
108,4,1086.0,988.0,142.0,90.0,1,4,1.0
109,1,1022.0,822.0,68.0,50.0,1,2,1.0
109,2,1049.0,921.0,160.0,122.0,1,4,1.0
109,3,1152.0,910.0,126.0,119.0,1,4,1.0
109,4,1086.0,988.0,142.0,90.0,1,4,1.0
110,1,1022.0,822.0,68.0,50.0,1,2,1.0
110,2,1049.0,920.0,160.0,122.0,1,4,1.0
110,3,1152.0,910.0,126.0,119.0,1,4,1.0
110,4,1086.0,988.0,142.0,90.0,1,4,1.0
111,1,1022.0,822.0,68.0,50.0,1,2,1.0
111,2,1049.0,920.0,160.0,122.0,1,4,1.0
111,3,1152.0,911.0,126.0,119.0,1,4,1.0
111,4,1086.0,988.0,142.0,90.0,1,4,1.0
112,1,1022.0,822.0,68.0,50.0,1,2,1.0
112,2,1049.0,921.0,160.0,122.0,1,4,1.0
112,3,1153.0,911.0,126.0,119.0,1,4,1.0
112,4,1086.0,988.0,142.0,90.0,1,4,1.0
113,1,1022.0,822.0,68.0,50.0,1,2,1.0
113,2,1048.0,920.0,160.0,122.0,1,4,1.0
113,3,1153.0,912.0,126.0,119.0,1,4,1.0
113,4,1086.0,988.0,142.0,90.0,1,4,1.0
114,1,1022.0,824.0,68.0,50.0,1,2,1.0
114,2,1049.0,921.0,160.0,122.0,1,4,1.0
114,3,1153.0,911.0,126.0,119.0,1,4,1.0
114,4,1086.0,988.0,142.0,90.0,1,4,1.0
115,1,1022.0,824.0,68.0,50.0,1,2,1.0
115,2,1049.0,921.0,160.0,122.0,1,4,1.0
115,3,1152.0,912.0,126.0,119.0,1,4,1.0
115,4,1086.0,988.0,142.0,90.0,1,4,1.0
116,1,1022.0,824.0,68.0,50.0,1,2,1.0
116,2,1049.0,921.0,160.0,122.0,1,4,1.0
116,3,1153.0,912.0,126.0,119.0,1,4,1.0
116,4,1086.0,988.0,142.0,90.0,1,4,1.0
117,1,1024.0,824.0,68.0,50.0,1,2,1.0
117,2,1049.0,920.0,160.0,122.0,1,4,1.0
117,3,1153.0,911.0,126.0,119.0,1,4,1.0
117,4,1086.0,988.0,142.0,90.0,1,4,1.0
118,1,1024.0,824.0,68.0,50.0,1,2,1.0
118,2,1049.0,920.0,160.0,122.0,1,4,1.0
118,3,1153.0,912.0,126.0,119.0,1,4,1.0
118,4,1086.0,988.0,142.0,90.0,1,4,1.0
119,1,1024.0,824.0,68.0,50.0,1,2,1.0
119,2,1049.0,920.0,160.0,122.0,1,4,1.0
119,3,1153.0,912.0,126.0,119.0,1,4,1.0
119,4,1086.0,987.0,142.0,90.0,1,4,1.0
120,1,1024.0,824.0,68.0,50.0,1,2,1.0
120,2,1049.0,921.0,160.0,122.0,1,4,1.0
120,3,1153.0,912.0,126.0,119.0,1,4,1.0
120,4,1086.0,988.0,142.0,90.0,1,4,1.0
121,1,1024.0,824.0,68.0,50.0,1,2,1.0
121,2,1049.0,921.0,160.0,122.0,1,4,1.0
121,3,1153.0,911.0,126.0,119.0,1,4,1.0
121,4,1087.0,988.0,142.0,90.0,1,4,1.0
122,1,1024.0,824.0,68.0,50.0,1,2,1.0
122,2,1048.0,920.0,160.0,122.0,1,4,1.0
122,3,1152.0,912.0,126.0,119.0,1,4,1.0
122,4,1086.0,987.0,142.0,90.0,1,4,1.0
123,1,1024.0,824.0,68.0,50.0,1,2,1.0
123,2,1048.0,920.0,160.0,122.0,1,4,1.0
123,3,1152.0,912.0,126.0,119.0,1,4,1.0
123,4,1086.0,987.0,142.0,90.0,1,4,1.0
124,1,1024.0,824.0,68.0,50.0,1,2,1.0
124,2,1050.0,919.0,160.0,122.0,1,4,1.0
124,3,1152.0,912.0,126.0,119.0,1,4,1.0
124,4,1088.0,987.0,142.0,90.0,1,4,1.0
125,1,1024.0,824.0,68.0,50.0,1,2,1.0
125,2,1049.0,919.0,160.0,122.0,1,4,1.0
125,3,1153.0,912.0,126.0,119.0,1,4,1.0
125,4,1087.0,987.0,142.0,90.0,1,4,1.0
126,1,1024.0,824.0,68.0,50.0,1,2,1.0
126,2,1050.0,920.0,160.0,122.0,1,4,1.0
126,3,1151.0,909.0,126.0,119.0,1,4,1.0
126,4,1088.0,986.0,142.0,90.0,1,4,1.0
127,1,1024.0,824.0,68.0,50.0,1,2,1.0
127,2,1050.0,921.0,160.0,122.0,1,4,1.0
127,3,1152.0,910.0,126.0,119.0,1,4,1.0
127,4,1087.0,987.0,142.0,90.0,1,4,1.0
128,1,1024.0,824.0,68.0,50.0,1,2,1.0
128,2,1050.0,920.0,160.0,122.0,1,4,1.0
128,3,1152.0,911.0,126.0,119.0,1,4,1.0
128,4,1087.0,987.0,142.0,90.0,1,4,1.0
129,1,1024.0,824.0,68.0,50.0,1,2,1.0
129,2,1050.0,920.0,160.0,122.0,1,4,1.0
129,3,1152.0,911.0,126.0,119.0,1,4,1.0
129,4,1086.0,987.0,142.0,90.0,1,4,1.0
130,1,1024.0,824.0,68.0,50.0,1,2,1.0
130,2,1051.0,921.0,160.0,122.0,1,4,1.0
130,3,1152.0,911.0,126.0,119.0,1,4,1.0
130,4,1086.0,987.0,142.0,90.0,1,4,1.0
131,1,1024.0,824.0,68.0,50.0,1,2,1.0
131,2,1050.0,920.0,160.0,122.0,1,4,1.0
131,3,1152.0,911.0,126.0,119.0,1,4,1.0
131,4,1086.0,988.0,142.0,90.0,1,4,1.0
132,1,1024.0,824.0,68.0,50.0,1,2,1.0
132,2,1050.0,921.0,160.0,122.0,1,4,1.0
132,3,1151.0,910.0,126.0,119.0,1,4,1.0
132,4,1086.0,988.0,142.0,90.0,1,4,1.0
133,1,1024.0,824.0,68.0,50.0,1,2,1.0
133,2,1050.0,921.0,160.0,122.0,1,4,1.0
133,3,1152.0,911.0,126.0,119.0,1,4,1.0
133,4,1086.0,988.0,142.0,90.0,1,4,1.0
134,1,1024.0,824.0,68.0,50.0,1,2,1.0
134,2,1050.0,922.0,160.0,122.0,1,4,1.0
134,3,1152.0,910.0,126.0,119.0,1,4,1.0
134,4,1087.0,988.0,142.0,90.0,1,4,1.0
135,1,1024.0,824.0,68.0,50.0,1,2,1.0
135,2,1050.0,921.0,160.0,122.0,1,4,1.0
135,3,1152.0,911.0,126.0,119.0,1,4,1.0
135,4,1087.0,988.0,142.0,90.0,1,4,1.0
136,1,1024.0,824.0,68.0,50.0,1,2,1.0
136,2,1049.0,921.0,160.0,122.0,1,4,1.0
136,3,1152.0,911.0,126.0,119.0,1,4,1.0
136,4,1086.0,988.0,142.0,90.0,1,4,1.0
137,1,1026.0,824.0,68.0,50.0,1,2,1.0
137,2,1049.0,921.0,160.0,122.0,1,4,1.0
137,3,1152.0,911.0,126.0,119.0,1,4,1.0
137,4,1087.0,988.0,142.0,90.0,1,4,1.0
138,1,1026.0,824.0,68.0,50.0,1,2,1.0
138,2,1050.0,921.0,160.0,122.0,1,4,1.0
138,3,1152.0,911.0,126.0,119.0,1,4,1.0
138,4,1087.0,988.0,142.0,90.0,1,4,1.0
139,1,1026.0,824.0,68.0,50.0,1,2,1.0
139,2,1050.0,921.0,160.0,122.0,1,4,1.0
139,3,1152.0,911.0,126.0,119.0,1,4,1.0
139,4,1086.0,988.0,142.0,90.0,1,4,1.0
140,1,1026.0,824.0,68.0,50.0,1,2,1.0
140,2,1049.0,921.0,160.0,122.0,1,4,1.0
140,3,1152.0,911.0,126.0,119.0,1,4,1.0
140,4,1087.0,988.0,142.0,90.0,1,4,1.0
141,1,1026.0,824.0,68.0,50.0,1,2,1.0
141,2,1050.0,921.0,160.0,122.0,1,4,1.0
141,3,1151.0,910.0,126.0,119.0,1,4,1.0
141,4,1087.0,988.0,142.0,90.0,1,4,1.0
142,1,1026.0,824.0,68.0,50.0,1,2,1.0
142,2,1049.0,921.0,160.0,122.0,1,4,1.0
142,3,1152.0,911.0,126.0,119.0,1,4,1.0
142,4,1087.0,988.0,142.0,90.0,1,4,1.0
143,1,1026.0,824.0,68.0,50.0,1,2,1.0
143,2,1049.0,921.0,160.0,122.0,1,4,1.0
143,3,1152.0,910.0,126.0,119.0,1,4,1.0
143,4,1087.0,988.0,142.0,90.0,1,4,1.0
144,1,1026.0,824.0,68.0,50.0,1,2,1.0
144,2,1049.0,920.0,160.0,122.0,1,4,1.0
144,3,1152.0,910.0,126.0,119.0,1,4,1.0
144,4,1087.0,988.0,142.0,90.0,1,4,1.0
145,1,1026.0,824.0,68.0,50.0,1,2,1.0
145,2,1049.0,920.0,160.0,122.0,1,4,1.0
145,3,1152.0,911.0,126.0,119.0,1,4,1.0
145,4,1087.0,988.0,142.0,90.0,1,4,1.0
146,1,1026.0,824.0,68.0,50.0,1,2,1.0
146,2,1049.0,921.0,160.0,122.0,1,4,1.0
146,3,1152.0,910.0,126.0,119.0,1,4,1.0
146,4,1087.0,988.0,142.0,90.0,1,4,1.0
147,1,1026.0,824.0,68.0,50.0,1,2,1.0
147,2,1048.0,920.0,160.0,122.0,1,4,1.0
147,3,1152.0,910.0,126.0,119.0,1,4,1.0
147,4,1086.0,988.0,142.0,90.0,1,4,1.0
148,1,1026.0,824.0,68.0,50.0,1,2,1.0
148,2,1049.0,921.0,160.0,122.0,1,4,1.0
148,3,1152.0,910.0,126.0,119.0,1,4,1.0
148,4,1086.0,988.0,142.0,90.0,1,4,1.0
149,1,1026.0,824.0,68.0,50.0,1,2,1.0
149,2,1049.0,920.0,160.0,122.0,1,4,1.0
149,3,1152.0,911.0,126.0,119.0,1,4,1.0
149,4,1086.0,988.0,142.0,90.0,1,4,1.0
150,1,1026.0,824.0,68.0,50.0,1,2,1.0
150,2,1049.0,921.0,160.0,122.0,1,4,1.0
150,3,1152.0,911.0,126.0,119.0,1,4,1.0
150,4,1087.0,988.0,142.0,90.0,1,4,1.0
151,1,1026.0,824.0,68.0,50.0,1,2,1.0
151,2,1049.0,920.0,160.0,122.0,1,4,1.0
151,3,1152.0,911.0,126.0,119.0,1,4,1.0
151,4,1086.0,988.0,142.0,90.0,1,4,1.0
152,1,1026.0,824.0,68.0,50.0,1,2,1.0
152,2,1049.0,921.0,160.0,122.0,1,4,1.0
152,3,1152.0,911.0,126.0,119.0,1,4,1.0
152,4,1087.0,988.0,142.0,90.0,1,4,1.0
153,1,1026.0,824.0,68.0,50.0,1,2,1.0
153,2,1049.0,921.0,160.0,122.0,1,4,1.0
153,3,1152.0,911.0,126.0,119.0,1,4,1.0
153,4,1087.0,988.0,142.0,90.0,1,4,1.0
154,1,1026.0,824.0,68.0,50.0,1,2,1.0
154,2,1049.0,920.0,160.0,122.0,1,4,1.0
154,3,1152.0,911.0,126.0,119.0,1,4,1.0
154,4,1087.0,988.0,142.0,90.0,1,4,1.0
155,1,1026.0,824.0,68.0,50.0,1,2,1.0
155,2,1049.0,920.0,160.0,122.0,1,4,1.0
155,3,1152.0,911.0,126.0,119.0,1,4,1.0
155,4,1087.0,988.0,142.0,90.0,1,4,1.0
156,1,1026.0,824.0,68.0,50.0,1,2,1.0
156,2,1049.0,920.0,160.0,122.0,1,4,1.0
156,3,1152.0,911.0,126.0,119.0,1,4,1.0
156,4,1087.0,987.0,142.0,90.0,1,4,1.0
157,1,1026.0,824.0,68.0,50.0,1,2,1.0
157,2,1049.0,920.0,160.0,122.0,1,4,1.0
157,3,1152.0,911.0,126.0,119.0,1,4,1.0
157,4,1087.0,988.0,142.0,90.0,1,4,1.0
158,1,1026.0,824.0,68.0,50.0,1,2,1.0
158,2,1050.0,921.0,160.0,122.0,1,4,1.0
158,3,1151.0,911.0,126.0,119.0,1,4,1.0
158,4,1087.0,987.0,142.0,90.0,1,4,1.0
159,1,1026.0,824.0,68.0,50.0,1,2,1.0
159,2,1049.0,920.0,160.0,122.0,1,4,1.0
159,3,1151.0,911.0,126.0,119.0,1,4,1.0
159,4,1087.0,988.0,142.0,90.0,1,4,1.0
160,1,1026.0,824.0,68.0,50.0,1,2,1.0
160,2,1049.0,920.0,160.0,122.0,1,4,1.0
160,3,1151.0,911.0,126.0,119.0,1,4,1.0
160,4,1087.0,988.0,142.0,90.0,1,4,1.0
161,1,1028.0,822.0,68.0,50.0,1,2,1.0
161,2,1049.0,921.0,160.0,122.0,1,4,1.0
161,3,1151.0,911.0,126.0,119.0,1,4,1.0
161,4,1087.0,987.0,142.0,90.0,1,4,1.0
162,1,1028.0,822.0,68.0,50.0,1,2,1.0
162,2,1047.0,919.0,160.0,122.0,1,4,1.0
162,3,1152.0,911.0,126.0,119.0,1,4,1.0
162,4,1086.0,987.0,142.0,90.0,1,4,1.0
