1,1,595,0,30,47,1,5,1,
1,2,45,463,173,57,1,5,1,
1,3,522,153,41,15,1,5,1,
1,4,67,472,30,42,1,5,1,
1,5,231,397,108,33,1,5,1,
1,6,925,419,34,35,1,5,1,
1,7,149,271,42,19,1,5,1,
1,8,832,0,85,22,1,5,1,
1,10,322,151,127,30,1,5,1,
1,11,154,168,87,19,1,5,1,
1,12,472,130,29,19,1,5,1,
1,13,412,469,66,47,1,5,1,
1,14,122,440,78,17,1,5,1,
1,15,107,393,52,25,1,5,1,
1,16,686,237,72,17,1,5,1,
1,17,479,452,132,36,1,5,1,
1,18,316,396,44,10,1,5,1,
1,19,843,328,80,19,1,5,1,
1,20,759,-30,156,67,1,5,1,
1,21,913,435,35,22,1,5,1,
1,22,301,36,136,31,1,5,1,
1,23,325,52,24,39,1,5,1,
1,24,236,0,76,43,1,5,1,
2,1,595,0,29,51,1,5,1,
2,2,29,463,173,64,1,5,1,
2,3,530,155,34,13,1,5,1,
2,4,70,477,29,38,1,5,1,
2,5,240,396,109,29,1,5,1,
2,6,927,416,32,32,1,5,1,
2,7,147,272,33,20,1,5,1,
2,8,823,0,82,26,1,5,1,
2,10,336,152,122,29,1,5,1,
2,11,148,166,83,20,1,5,1,
2,12,472,128,35,18,1,5,1,
2,13,415,473,71,47,1,5,1,
2,14,132,440,74,15,1,5,1,
2,15,105,391,61,27,1,5,1,
2,16,697,237,70,18,1,5,1,
2,17,499,457,129,36,1,5,1,
2,18,324,396,40,10,1,5,1,
2,19,856,330,71,18,1,5,1,
2,20,772,-37,168,67,1,5,1,
2,21,903,439,47,18,1,5,1,
2,22,288,32,133,33,1,5,1,
2,23,322,55,32,39,1,5,1,
2,24,237,0,86,45,1,5,1,
3,1,597,0,28,55,1,5,1,
3,2,12,463,174,72,1,5,1,
3,3,536,155,29,14,1,5,1,
3,4,68,481,34,34,1,5,1,
3,5,250,395,109,27,1,5,1,
3,6,930,414,29,32,1,5,1,
3,7,146,270,26,25,1,5,1,
3,8,815,0,80,30,1,5,1,
3,10,349,152,118,29,1,5,1,
3,11,142,165,80,20,1,5,1,
3,12,472,127,42,18,1,5,1,
3,13,417,477,78,45,1,5,1,
3,14,140,440,71,14,1,5,1,
3,15,107,389,66,29,1,5,1,
3,16,710,238,65,18,1,5,1,
3,17,516,462,129,34,1,5,1,
3,18,331,396,37,10,1,5,1,
3,19,870,331,61,18,1,5,1,
3,20,786,-43,174,64,1,5,1,
3,21,892,440,56,17,1,5,1,
3,22,274,29,132,35,1,5,1,
3,23,322,58,38,39,1,5,1,
3,24,230,0,103,46,1,5,1,
4,1,600,0,27,59,1,5,1,
4,2,0,464,170,79,1,5,1,
4,3,543,156,22,13,1,5,1,
4,4,64,484,45,32,1,5,1,
4,5,261,394,108,27,1,5,1,
4,6,935,413,25,29,1,5,1,
4,7,147,269,23,29,1,5,1,
4,8,807,0,77,34,1,5,1,
4,10,361,151,114,29,1,5,1,
4,11,137,163,76,21,1,5,1,
4,12,474,125,48,18,1,5,1,
4,13,419,483,85,41,1,5,1,
4,14,149,439,67,15,1,5,1,
4,15,109,386,71,31,1,5,1,
4,16,724,238,55,19,1,5,1,
4,17,534,468,129,31,1,5,1,
4,18,337,397,35,9,1,5,1,
4,19,883,332,51,18,1,5,1,
4,21,882,439,62,17,1,5,1,
4,22,261,24,130,38,1,5,1,
4,23,323,61,43,38,1,5,1,
4,24,230,0,114,47,1,5,1,
5,1,599,0,32,61,1,5,1,
5,2,-4,465,161,78,1,5,1,
5,3,547,156,17,14,1,5,1,
5,4,62,487,55,29,1,5,1,
5,5,269,393,110,26,1,5,1,
5,6,940,413,20,26,1,5,1,
5,7,148,268,23,33,1,5,1,
5,8,799,0,76,38,1,5,1,
5,10,369,151,115,30,1,5,1,
5,11,133,161,73,22,1,5,1,
5,12,476,124,53,18,1,5,1,
5,13,423,487,90,39,1,5,1,
5,14,156,439,65,15,1,5,1,
5,15,112,384,75,32,1,5,1,
5,16,735,239,47,18,1,5,1,
5,17,549,468,130,33,1,5,1,
5,18,341,397,34,10,1,5,1,
5,19,893,333,40,18,1,5,1,
5,21,871,438,69,16,1,5,1,
5,22,248,18,132,43,1,5,1,
5,23,325,64,46,37,1,5,1,
5,24,236,0,118,47,1,5,1,
6,1,595,2,43,62,1,5,1,
6,2,-19,468,161,76,1,5,1,
6,3,551,157,13,13,1,5,1,
6,4,61,491,64,27,1,5,1,
6,5,279,393,109,25,1,5,1,
6,7,150,269,23,34,1,5,1,
6,8,793,2,71,40,1,5,1,
6,10,377,150,116,29,1,5,1,
6,11,130,160,69,22,1,5,1,
6,12,479,123,59,18,1,5,1,
6,13,427,493,95,34,1,5,1,
6,14,163,439,61,16,1,5,1,
6,15,115,382,78,32,1,5,1,
6,16,745,240,40,18,1,5,1,
6,17,567,468,127,33,1,5,1,
6,18,346,397,32,10,1,5,1,
6,19,903,333,29,18,1,5,1,
6,21,860,436,74,17,1,5,1,
6,22,236,11,131,50,1,5,1,
6,23,327,67,50,37,1,5,1,
6,24,246,5,117,42,1,5,1,
7,1,593,9,52,56,1,5,1,
7,2,-34,471,160,73,1,5,1,
7,3,552,158,12,13,1,5,1,
7,4,60,494,74,25,1,5,1,
7,5,289,393,109,25,1,5,1,
7,7,152,271,24,34,1,5,1,
7,8,788,6,66,40,1,5,1,
7,10,384,149,118,29,1,5,1,
7,11,128,158,63,22,1,5,1,
7,12,483,122,63,18,1,5,1,
7,13,433,499,97,30,1,5,1,
7,14,170,440,57,15,1,5,1,
7,15,120,380,80,32,1,5,1,
7,16,752,240,37,18,1,5,1,
7,17,584,468,126,32,1,5,1,
7,18,351,398,29,10,1,5,1,
7,19,910,334,22,17,1,5,1,
7,21,849,433,79,19,1,5,1,
7,22,224,4,130,56,1,5,1,
7,23,330,70,53,35,1,5,1,
7,24,256,10,116,37,1,5,1,
8,1,592,16,62,49,1,5,1,
8,2,-48,474,157,70,1,5,1,
8,3,551,158,13,13,1,5,1,
8,4,62,497,79,23,1,5,1,
8,5,300,393,107,25,1,5,1,
8,7,150,273,32,34,1,5,1,
8,8,784,9,60,41,1,5,1,
8,10,392,149,119,29,1,5,1,
8,11,127,157,57,22,1,5,1,
8,12,488,121,65,18,1,5,1,
8,13,439,503,99,27,1,5,1,
8,14,177,440,52,16,1,5,1,
8,15,125,378,81,32,1,5,1,
8,16,758,241,35,17,1,5,1,
8,17,601,467,124,33,1,5,1,
8,18,355,399,27,10,1,5,1,
8,19,910,334,23,17,1,5,1,
8,21,839,430,81,21,1,5,1,
8,22,215,-4,126,62,1,5,1,
8,23,334,73,55,34,1,5,1,
8,24,267,15,114,33,1,5,1,
9,1,593,23,70,42,1,5,1,
9,2,-60,479,151,65,1,5,1,
9,3,551,159,12,13,1,5,1,
9,4,66,498,80,23,1,5,1,
9,5,311,393,104,26,1,5,1,
9,7,148,275,40,33,1,5,1,
9,8,780,13,54,41,1,5,1,
9,10,400,149,121,29,1,5,1,
9,11,127,155,49,23,1,5,1,
9,12,495,120,66,18,1,5,1,
9,13,447,503,100,27,1,5,1,
9,14,184,440,46,17,1,5,1,
9,15,130,376,83,31,1,5,1,
9,16,764,241,33,17,1,5,1,
9,17,618,467,123,32,1,5,1,
9,18,359,399,25,11,1,5,1,
9,19,909,334,22,16,1,5,1,
9,21,829,427,82,23,1,5,1,
9,22,217,-15,111,70,1,5,1,
9,23,338,76,57,33,1,5,1,
9,24,278,17,111,31,1,5,1,
10,1,595,28,77,37,1,5,1,
10,2,-71,485,143,59,1,5,1,
10,3,549,160,14,12,1,5,1,
10,4,75,498,74,24,1,5,1,
10,5,322,394,101,26,1,5,1,
10,7,148,277,47,33,1,5,1,
10,8,778,17,46,40,1,5,1,
10,10,409,148,121,29,1,5,1,
10,11,125,153,45,23,1,5,1,
10,12,501,118,67,19,1,5,1,
10,13,456,502,98,28,1,5,1,
10,14,191,440,40,18,1,5,1,
10,15,137,376,82,27,1,5,1,
10,16,769,241,32,17,1,5,1,
10,17,635,466,121,32,1,5,1,
10,18,362,400,23,11,1,5,1,
10,19,906,333,27,16,1,5,1,
10,21,820,423,81,25,1,5,1,
10,22,209,-28,105,80,1,5,1,
10,23,343,80,58,30,1,5,1,
10,24,290,17,107,30,1,5,1,
11,1,599,32,83,34,1,5,1,
11,2,-80,492,134,52,1,5,1,
11,3,548,160,16,13,1,5,1,
11,4,84,497,67,26,1,5,1,
11,5,333,394,97,27,1,5,1,
11,7,148,280,54,30,1,5,1,
11,8,777,22,38,38,1,5,1,
11,10,417,148,122,29,1,5,1,
11,11,124,151,39,23,1,5,1,
11,12,508,117,68,19,1,5,1,
11,13,466,501,95,27,1,5,1,
11,14,197,440,34,20,1,5,1,
11,15,143,374,83,24,1,5,1,
11,16,774,242,30,17,1,5,1,
11,17,651,465,120,33,1,5,1,
11,18,365,400,21,13,1,5,1,
11,19,903,332,33,16,1,5,1,
11,21,812,420,79,26,1,5,1,
11,22,202,-40,99,86,1,5,1,
11,23,348,82,58,29,1,5,1,
11,24,301,17,103,29,1,5,1,
12,1,603,36,89,30,1,5,1,
12,3,544,161,20,12,1,5,1,
12,4,91,497,64,28,1,5,1,
12,5,344,394,93,29,1,5,1,
12,7,150,283,59,27,1,5,1,
12,8,776,26,31,36,1,5,1,
12,10,426,148,123,29,1,5,1,
12,11,124,149,32,23,1,5,1,
12,12,515,116,69,18,1,5,1,
12,13,477,500,89,27,1,5,1,
12,14,202,440,28,23,1,5,1,
12,15,150,374,82,20,1,5,1,
12,16,779,242,29,17,1,5,1,
12,17,667,465,118,32,1,5,1,
12,18,367,401,21,14,1,5,1,
12,19,901,331,35,16,1,5,1,
12,21,804,416,77,28,1,5,1,
12,22,196,-52,91,92,1,5,1,
12,23,353,85,59,27,1,5,1,
12,24,311,17,101,29,1,5,1,
13,1,608,38,94,27,1,5,1,
13,3,540,162,24,11,1,5,1,
13,4,96,497,62,30,1,5,1,
13,5,354,394,88,32,1,5,1,
13,7,152,286,64,24,1,5,1,
13,8,774,30,28,35,1,5,1,
13,10,435,148,123,29,1,5,1,
13,11,123,147,27,24,1,5,1,
13,12,522,115,70,18,1,5,1,
13,13,487,498,84,28,1,5,1,
13,14,203,441,31,23,1,5,1,
13,15,156,374,82,16,1,5,1,
13,16,783,242,28,17,1,5,1,
13,17,682,464,118,32,1,5,1,
13,18,369,403,21,14,1,5,1,
13,19,897,331,40,16,1,5,1,
13,21,797,413,74,28,1,5,1,
13,22,192,-65,82,97,1,5,1,
13,23,359,88,58,24,1,5,1,
13,24,321,16,98,29,1,5,1,
14,1,614,38,98,26,1,5,1,
14,3,535,162,29,11,1,5,1,
14,4,100,499,64,29,1,5,1,
14,5,362,395,88,32,1,5,1,
14,7,155,288,68,22,1,5,1,
14,8,770,34,28,33,1,5,1,
14,10,444,148,123,29,1,5,1,
14,11,121,145,28,25,1,5,1,
14,12,529,113,71,19,1,5,1,
14,13,497,497,79,29,1,5,1,
14,14,203,443,37,22,1,5,1,
14,15,164,374,79,16,1,5,1,
14,16,788,243,27,16,1,5,1,
14,17,698,463,116,32,1,5,1,
14,18,371,404,22,14,1,5,1,
14,19,893,331,43,15,1,5,1,
14,21,792,410,69,28,1,5,1,
14,23,364,91,57,21,1,5,1,
14,24,331,16,95,29,1,5,1,
15,1,622,37,96,28,1,5,1,
15,3,531,162,32,12,1,5,1,
15,4,103,501,68,29,1,5,1,
15,5,368,396,91,32,1,5,1,
15,7,159,290,71,20,1,5,1,
15,8,767,37,28,33,1,5,1,
15,10,453,148,124,29,1,5,1,
15,11,119,144,28,24,1,5,1,
15,12,535,112,74,19,1,5,1,
15,13,505,495,77,30,1,5,1,
15,14,202,445,43,21,1,5,1,
15,15,171,373,77,17,1,5,1,
15,16,794,243,21,16,1,5,1,
15,17,713,463,116,31,1,5,1,
15,18,373,406,23,14,1,5,1,
15,19,890,330,44,15,1,5,1,
15,21,787,406,65,29,1,5,1,
15,23,370,93,56,20,1,5,1,
15,24,338,15,97,29,1,5,1,
16,1,630,38,95,27,1,5,1,
16,3,526,162,35,12,1,5,1,
16,4,107,503,70,29,1,5,1,
16,5,374,398,93,31,1,5,1,
16,7,164,292,72,18,1,5,1,
16,8,763,40,30,32,1,5,1,
16,10,462,148,124,29,1,5,1,
16,11,117,142,29,25,1,5,1,
16,12,543,111,74,19,1,5,1,
16,13,512,493,75,31,1,5,1,
16,14,202,448,49,20,1,5,1,
16,15,177,373,76,17,1,5,1,
16,16,798,244,17,16,1,5,1,
16,17,728,462,115,31,1,5,1,
16,18,375,407,24,14,1,5,1,
16,19,886,329,46,15,1,5,1,
16,21,784,403,58,28,1,5,1,
16,23,376,95,54,19,1,5,1,
16,24,345,13,99,29,1,5,1,
17,1,638,38,94,27,1,5,1,
17,3,522,163,37,11,1,5,1,
17,4,110,505,73,28,1,5,1,
17,5,380,399,96,32,1,5,1,
17,7,168,294,74,16,1,5,1,
17,8,759,43,31,32,1,5,1,
17,10,471,148,124,29,1,5,1,
17,11,115,140,29,25,1,5,1,
17,12,550,109,76,20,1,5,1,
17,13,520,492,73,30,1,5,1,
17,14,204,450,51,18,1,5,1,
17,15,183,373,76,17,1,5,1,
17,16,800,244,17,16,1,5,1,
17,17,743,461,114,31,1,5,1,
17,18,377,409,26,14,1,5,1,
17,19,883,329,45,14,1,5,1,
17,21,782,400,52,28,1,5,1,
17,23,382,97,51,17,1,5,1,
17,24,352,12,100,29,1,5,1,
18,1,645,38,94,28,1,5,1,
18,3,517,163,40,10,1,5,1,
18,4,114,507,75,27,1,5,1,
18,5,388,400,95,32,1,5,1,
18,7,173,294,75,15,1,5,1,
18,8,756,46,31,31,1,5,1,
18,10,480,148,124,29,1,5,1,
18,11,113,138,30,26,1,5,1,
18,12,557,108,78,20,1,5,1,
18,13,526,490,72,30,1,5,1,
18,14,207,451,52,18,1,5,1,
18,15,189,373,75,17,1,5,1,
18,16,802,244,16,16,1,5,1,
18,17,758,461,112,31,1,5,1,
18,18,379,410,27,15,1,5,1,
18,19,879,328,46,14,1,5,1,
18,21,780,397,46,27,1,5,1,
18,23,388,98,48,16,1,5,1,
18,24,359,10,102,29,1,5,1,
19,1,653,39,93,27,1,5,1,
19,3,513,162,41,11,1,5,1,
19,4,119,508,76,28,1,5,1,
19,5,395,402,96,33,1,5,1,
19,7,179,294,75,15,1,5,1,
19,8,752,49,32,30,1,5,1,
19,10,490,148,123,29,1,5,1,
19,11,112,136,30,26,1,5,1,
19,12,565,107,79,20,1,5,1,
19,13,531,489,76,28,1,5,1,
19,14,211,452,53,18,1,5,1,
19,15,195,373,74,17,1,5,1,
19,16,803,245,17,15,1,5,1,
19,17,773,460,111,31,1,5,1,
19,18,382,412,28,14,1,5,1,
19,19,876,327,45,15,1,5,1,
19,21,780,395,38,25,1,5,1,
19,23,394,98,44,16,1,5,1,
19,24,367,8,103,30,1,5,1,
20,1,660,39,93,27,1,5,1,
20,3,508,162,43,11,1,5,1,
20,4,124,509,78,28,1,5,1,
20,5,399,404,103,32,1,5,1,
20,7,184,294,75,15,1,5,1,
20,8,748,52,33,30,1,5,1,
20,10,499,148,124,29,1,5,1,
20,11,110,134,31,27,1,5,1,
20,12,573,105,80,20,1,5,1,
20,13,534,489,81,26,1,5,1,
20,14,215,453,53,18,1,5,1,
20,15,201,373,73,17,1,5,1,
20,16,805,245,17,15,1,5,1,
20,17,788,459,110,31,1,5,1,
20,18,385,413,28,15,1,5,1,
20,19,872,327,46,14,1,5,1,
20,21,780,393,31,24,1,5,1,
20,23,400,98,40,15,1,5,1,
20,24,374,7,105,29,1,5,1,
21,1,668,39,92,27,1,5,1,
21,3,504,162,43,10,1,5,1,
21,4,129,511,79,27,1,5,1,
21,5,404,407,109,31,1,5,1,
21,7,190,293,75,16,1,5,1,
21,8,744,55,34,29,1,5,1,
21,10,509,148,122,30,1,5,1,
21,11,108,132,32,27,1,5,1,
21,12,581,104,81,20,1,5,1,
21,13,538,489,85,27,1,5,1,
21,14,219,454,54,18,1,5,1,
21,15,207,373,72,17,1,5,1,
21,16,807,246,17,15,1,5,1,
21,17,803,458,108,31,1,5,1,
21,18,388,415,29,15,1,5,1,
21,19,868,326,46,14,1,5,1,
21,21,781,391,24,22,1,5,1,
21,23,406,96,34,16,1,5,1,
21,24,381,5,107,30,1,5,1,
22,1,676,39,90,28,1,5,1,
22,3,500,161,43,11,1,5,1,
22,4,135,512,79,28,1,5,1,
22,5,410,409,114,29,1,5,1,
22,7,197,293,72,16,1,5,1,
22,8,740,58,34,28,1,5,1,
22,10,519,148,121,30,1,5,1,
22,11,107,130,32,28,1,5,1,
22,12,590,103,82,20,1,5,1,
22,13,542,489,89,27,1,5,1,
22,14,223,455,55,18,1,5,1,
22,15,213,373,71,17,1,5,1,
22,16,809,246,17,15,1,5,1,
22,17,819,458,105,30,1,5,1,
22,18,390,417,34,14,1,5,1,
22,19,865,325,46,14,1,5,1,
22,21,780,390,20,19,1,5,1,
22,23,412,95,29,16,1,5,1,
22,24,389,4,108,30,1,5,1,
23,1,683,40,90,27,1,5,1,
23,3,496,161,44,10,1,5,1,
23,4,141,513,80,28,1,5,1,
23,5,417,410,117,29,1,5,1,
23,7,203,292,71,16,1,5,1,
23,8,736,60,35,28,1,5,1,
23,10,528,148,121,30,1,5,1,
23,11,105,128,33,28,1,5,1,
23,12,598,102,83,20,1,5,1,
23,13,547,490,92,27,1,5,1,
23,14,227,456,55,18,1,5,1,
23,15,218,373,71,17,1,5,1,
23,16,811,247,17,14,1,5,1,
23,17,833,457,104,30,1,5,1,
23,18,393,418,38,14,1,5,1,
23,19,861,325,46,13,1,5,1,
23,21,781,389,16,17,1,5,1,
23,23,416,93,24,16,1,5,1,
23,24,396,3,110,30,1,5,1,
24,1,691,40,89,27,1,5,1,
24,3,492,160,43,10,1,5,1,
24,4,146,514,81,28,1,5,1,
24,5,426,410,117,28,1,5,1,
24,7,209,292,69,16,1,5,1,
24,8,731,63,36,27,1,5,1,
24,10,537,148,121,30,1,5,1,
24,11,104,126,33,28,1,5,1,
24,12,606,100,85,21,1,5,1,
24,13,552,491,95,28,1,5,1,
24,14,231,457,56,18,1,5,1,
24,15,223,373,71,17,1,5,1,
24,16,813,247,17,14,1,5,1,
24,17,847,456,103,30,1,5,1,
24,18,396,420,42,13,1,5,1,
24,19,858,324,45,14,1,5,1,
24,21,783,388,14,15,1,5,1,
24,23,421,90,19,18,1,5,1,
24,24,404,2,112,30,1,5,1,
25,1,698,41,88,27,1,5,1,
25,3,488,159,43,11,1,5,1,
25,4,152,516,82,27,1,5,1,
25,5,437,409,114,28,1,5,1,
25,7,215,291,66,16,1,5,1,
25,8,727,65,37,27,1,5,1,
25,10,547,148,120,30,1,5,1,
25,11,102,124,34,29,1,5,1,
25,12,615,99,86,21,1,5,1,
25,13,559,492,96,27,1,5,1,
25,14,235,457,57,19,1,5,1,
25,15,229,373,70,17,1,5,1,
25,16,816,247,16,14,1,5,1,
25,17,861,455,98,30,1,5,1,
25,18,401,421,44,13,1,5,1,
25,19,854,324,46,13,1,5,1,
25,21,785,387,14,14,1,5,1,
25,23,424,87,17,21,1,5,1,
25,24,412,0,113,30,1,5,1,
26,1,705,41,88,27,1,5,1,
26,3,485,158,42,11,1,5,1,
26,4,157,517,84,26,1,5,1,
26,5,447,408,111,27,1,5,1,
26,7,221,291,63,15,1,5,1,
26,8,723,68,37,26,1,5,1,
26,10,555,148,120,30,1,5,1,
26,11,101,121,35,30,1,5,1,
26,12,623,98,88,21,1,5,1,
26,13,566,492,97,28,1,5,1,
26,14,239,458,58,19,1,5,1,
26,15,234,374,69,16,1,5,1,
26,16,818,248,16,14,1,5,1,
26,17,874,454,86,30,1,5,1,
26,18,405,422,47,13,1,5,1,
26,19,850,323,46,13,1,5,1,
26,21,786,386,14,14,1,5,1,
26,23,426,85,16,22,1,5,1,
26,24,420,0,115,29,1,5,1,
27,1,713,41,87,28,1,5,1,
27,3,482,157,40,11,1,5,1,
27,4,163,518,85,25,1,5,1,
27,5,458,407,108,27,1,5,1,
27,7,227,291,59,15,1,5,1,
27,8,718,70,38,26,1,5,1,
27,10,565,149,119,29,1,5,1,
27,11,100,119,35,30,1,5,1,
27,12,633,96,88,21,1,5,1,
27,13,574,492,97,28,1,5,1,
27,14,244,459,58,19,1,5,1,
27,15,239,374,69,17,1,5,1,
27,16,819,248,17,14,1,5,1,
27,17,888,454,72,29,1,5,1,
27,18,411,424,47,13,1,5,1,
27,19,847,323,45,12,1,5,1,
27,21,787,384,14,14,1,5,1,
27,23,425,84,19,21,1,5,1,
27,24,428,0,117,28,1,5,1,
28,1,720,42,86,27,1,5,1,
28,3,479,157,38,10,1,5,1,
28,4,169,519,85,24,1,5,1,
28,5,468,406,106,27,1,5,1,
28,7,233,291,55,15,1,5,1,
28,8,714,73,38,24,1,5,1,
28,10,575,149,118,30,1,5,1,
28,11,99,116,35,31,1,5,1,
28,12,642,95,89,21,1,5,1,
28,13,582,492,97,28,1,5,1,
28,14,248,460,59,19,1,5,1,
28,15,244,374,69,17,1,5,1,
28,16,821,248,16,14,1,5,1,
28,17,902,453,58,24,1,5,1,
28,18,417,425,48,13,1,5,1,
28,19,843,322,46,13,1,5,1,
28,21,788,383,14,14,1,5,1,
28,23,423,83,26,20,1,5,1,
28,24,438,0,117,26,1,5,1,
29,1,727,42,85,27,1,5,1,
29,3,477,156,36,10,1,5,1,
29,4,175,521,86,22,1,5,1,
29,5,478,405,104,27,1,5,1,
29,7,238,291,51,15,1,5,1,
29,8,709,75,40,24,1,5,1,
29,10,583,149,119,30,1,5,1,
29,11,98,114,36,31,1,5,1,
29,12,650,94,92,21,1,5,1,
29,13,590,493,96,27,1,5,1,
29,14,252,461,60,19,1,5,1,
29,15,249,375,69,16,1,5,1,
29,16,823,249,16,13,1,5,1,
29,17,915,462,45,14,1,5,1,
29,18,423,426,49,13,1,5,1,
29,19,839,321,46,13,1,5,1,
29,21,789,382,14,14,1,5,1,
29,23,422,82,33,19,1,5,1,
29,24,446,0,118,24,1,5,1,
30,1,734,43,85,27,1,5,1,
30,3,476,154,32,11,1,5,1,
30,4,181,522,88,21,1,5,1,
30,5,488,404,102,27,1,5,1,
30,7,243,291,46,16,1,5,1,
30,8,704,77,40,24,1,5,1,
30,10,593,149,117,30,1,5,1,
30,11,97,111,37,32,1,5,1,
30,12,660,92,93,22,1,5,1,
30,13,598,493,96,27,1,5,1,
30,14,257,462,60,19,1,5,1,
30,15,254,375,68,17,1,5,1,
30,16,824,249,16,13,1,5,1,
30,18,429,427,49,13,1,5,1,
30,19,835,321,46,12,1,5,1,
30,21,790,381,14,14,1,5,1,
30,23,422,81,39,18,1,5,1,
30,24,455,-2,120,25,1,5,1,
31,1,740,43,85,27,1,5,1,
31,3,475,153,30,12,1,5,1,
31,4,187,523,89,20,1,5,1,
31,5,496,403,101,26,1,5,1,
31,7,248,292,41,15,1,5,1,
31,8,700,79,41,23,1,5,1,
31,10,601,149,117,30,1,5,1,
31,11,96,109,37,32,1,5,1,
31,12,669,91,95,22,1,5,1,
31,13,606,493,95,27,1,5,1,
31,14,261,463,61,19,1,5,1,
31,15,259,376,68,16,1,5,1,
31,16,825,249,16,13,1,5,1,
31,18,434,428,51,13,1,5,1,
31,19,832,320,46,13,1,5,1,
31,21,790,380,14,13,1,5,1,
31,23,422,80,46,17,1,5,1,
31,24,463,-3,122,24,1,5,1,
32,1,748,44,83,27,1,5,1,
32,3,474,151,26,14,1,5,1,
32,4,193,524,90,19,1,5,1,
32,5,506,402,99,26,1,5,1,
32,7,253,293,35,15,1,5,1,
32,8,695,82,41,22,1,5,1,
32,10,610,150,118,30,1,5,1,
32,11,95,106,38,33,1,5,1,
32,12,679,90,96,22,1,5,1,
32,13,615,491,92,28,1,5,1,
32,14,266,464,61,19,1,5,1,
32,15,264,376,68,16,1,5,1,
32,16,826,250,16,12,1,5,1,
32,18,441,429,51,13,1,5,1,
32,19,828,320,46,12,1,5,1,
32,21,791,379,14,13,1,5,1,
32,23,423,80,51,16,1,5,1,
32,24,472,-5,123,25,1,5,1,
33,1,754,44,83,27,1,5,1,
33,3,474,150,23,14,1,5,1,
33,4,199,526,90,17,1,5,1,
33,5,514,401,98,26,1,5,1,
33,7,256,293,33,16,1,5,1,
33,8,690,84,42,21,1,5,1,
33,10,618,151,119,30,1,5,1,
33,11,94,103,39,34,1,5,1,
33,12,688,88,98,22,1,5,1,
33,13,626,490,86,27,1,5,1,
33,14,270,465,63,19,1,5,1,
33,15,268,377,68,16,1,5,1,
33,16,827,250,16,13,1,5,1,
33,18,447,430,52,13,1,5,1,
33,19,824,319,46,12,1,5,1,
33,21,791,378,14,13,1,5,1,
33,23,424,80,57,16,1,5,1,
33,24,480,-6,125,25,1,5,1,
34,1,761,45,82,27,1,5,1,
34,3,475,148,18,15,1,5,1,
34,4,206,527,88,16,1,5,1,
34,5,524,400,95,26,1,5,1,
34,7,258,293,33,16,1,5,1,
34,8,685,86,43,20,1,5,1,
34,10,626,151,120,30,1,5,1,
34,11,94,101,39,34,1,5,1,
34,12,698,87,99,22,1,5,1,
34,13,637,487,79,28,1,5,1,
34,14,275,466,63,19,1,5,1,
34,15,273,377,68,16,1,5,1,
34,16,828,250,16,13,1,5,1,
34,18,454,431,52,13,1,5,1,
34,19,820,319,46,12,1,5,1,
34,21,792,377,13,13,1,5,1,
34,23,426,79,60,16,1,5,1,
34,24,490,-8,125,25,1,5,1,
35,1,768,45,81,27,1,5,1,
35,3,475,146,15,16,1,5,1,
35,4,212,528,89,16,1,5,1,
35,5,532,399,94,26,1,5,1,
35,7,260,294,33,15,1,5,1,
35,8,681,87,43,21,1,5,1,
35,10,635,151,120,30,1,5,1,
35,11,93,98,40,35,1,5,1,
35,12,708,85,100,23,1,5,1,
35,13,648,485,70,31,1,5,1,
35,14,280,467,64,18,1,5,1,
35,15,278,377,66,17,1,5,1,
35,16,829,251,15,12,1,5,1,
35,18,460,431,54,14,1,5,1,
35,19,817,318,46,12,1,5,1,
35,21,792,376,13,12,1,5,1,
35,23,430,78,62,16,1,5,1,
36,1,775,46,80,27,1,5,1,
36,3,475,145,12,15,1,5,1,
36,4,219,529,88,15,1,5,1,
36,5,539,399,97,26,1,5,1,
36,7,262,293,33,16,1,5,1,
36,8,676,89,43,20,1,5,1,
36,10,644,151,120,30,1,5,1,
36,11,93,95,41,35,1,5,1,
36,12,718,84,102,23,1,5,1,
36,13,659,482,61,33,1,5,1,
36,14,285,468,64,18,1,5,1,
36,15,284,377,63,17,1,5,1,
36,16,829,251,16,12,1,5,1,
36,18,467,432,54,14,1,5,1,
36,19,813,317,45,12,1,5,1,
36,21,792,375,14,12,1,5,1,
36,23,434,77,64,16,1,5,1,
37,1,781,47,80,26,1,5,1,
37,3,475,143,11,15,1,5,1,
37,4,225,530,89,14,1,5,1,
37,5,546,399,100,26,1,5,1,
37,7,264,292,32,17,1,5,1,
37,8,671,91,44,19,1,5,1,
37,10,652,151,121,30,1,5,1,
37,11,92,92,42,36,1,5,1,
37,12,728,83,104,23,1,5,1,
37,13,668,480,52,34,1,5,1,
37,14,289,468,65,19,1,5,1,
37,15,289,378,64,17,1,5,1,
37,16,830,251,15,12,1,5,1,
37,18,473,433,56,13,1,5,1,
37,19,810,316,43,12,1,5,1,
37,21,791,373,15,13,1,5,1,
37,23,437,76,67,16,1,5,1,
38,1,789,47,77,27,1,5,1,
38,3,476,142,11,14,1,5,1,
38,4,233,532,87,12,1,5,1,
38,5,555,400,100,25,1,5,1,
38,7,268,291,30,17,1,5,1,
38,8,666,93,44,18,1,5,1,
38,10,663,151,119,30,1,5,1,
38,11,92,89,43,36,1,5,1,
38,12,740,81,104,23,1,5,1,
38,13,680,477,39,34,1,5,1,
38,14,295,469,65,19,1,5,1,
38,15,293,379,66,17,1,5,1,
38,16,830,251,15,12,1,5,1,
38,18,481,433,56,13,1,5,1,
38,19,806,315,41,12,1,5,1,
38,21,790,372,15,13,1,5,1,
38,23,443,75,67,17,1,5,1,
39,1,795,48,77,27,1,5,1,
39,3,477,140,11,14,1,5,1,
39,4,240,533,87,11,1,5,1,
39,5,564,399,98,25,1,5,1,
39,7,272,291,29,17,1,5,1,
39,8,661,95,45,17,1,5,1,
39,10,671,151,120,30,1,5,1,
39,11,92,86,43,37,1,5,1,
39,12,750,80,106,23,1,5,1,
39,13,689,474,30,35,1,5,1,
39,14,300,470,66,19,1,5,1,
39,15,296,380,69,17,1,5,1,
39,16,830,252,15,11,1,5,1,
39,18,488,433,57,13,1,5,1,
39,19,802,315,41,12,1,5,1,
39,21,788,371,17,12,1,5,1,
39,23,447,75,69,16,1,5,1,
40,1,801,48,76,27,1,5,1,
40,3,476,139,15,13,1,5,1,
40,4,246,534,89,10,1,5,1,
40,5,573,398,95,25,1,5,1,
40,7,274,290,30,17,1,5,1,
40,8,656,96,46,17,1,5,1,
40,10,679,151,120,30,1,5,1,
40,11,92,82,44,39,1,5,1,
40,12,760,79,108,23,1,5,1,
40,13,696,471,23,35,1,5,1,
40,14,304,471,68,19,1,5,1,
40,15,300,380,70,18,1,5,1,
40,16,829,252,16,12,1,5,1,
40,18,495,433,58,12,1,5,1,
40,19,799,314,40,12,1,5,1,
40,21,786,370,19,12,1,5,1,
40,23,452,74,70,16,1,5,1,
41,1,810,48,68,29,1,5,1,
41,3,475,137,20,14,1,5,1,
41,4,253,535,90,9,1,5,1,
41,5,583,397,91,25,1,5,1,
41,7,276,289,33,18,1,5,1,
41,8,652,98,45,16,1,5,1,
41,10,689,151,119,30,1,5,1,
41,11,92,79,45,39,1,5,1,
41,12,772,77,108,24,1,5,1,
41,13,697,470,26,33,1,5,1,
41,14,309,473,69,18,1,5,1,
41,15,304,381,70,18,1,5,1,
41,16,829,252,16,12,1,5,1,
41,18,504,432,56,13,1,5,1,
41,19,795,314,40,12,1,5,1,
41,21,784,369,20,12,1,5,1,
41,23,459,73,68,16,1,5,1,
42,1,819,48,58,31,1,5,1,
42,3,474,136,26,13,1,5,1,
42,5,592,396,89,25,1,5,1,
42,7,277,289,37,17,1,5,1,
42,8,647,99,45,15,1,5,1,
42,10,698,151,119,30,1,5,1,
42,11,93,75,45,40,1,5,1,
42,12,783,76,110,24,1,5,1,
42,13,696,469,33,30,1,5,1,
42,14,315,473,69,19,1,5,1,
42,15,309,381,71,19,1,5,1,
42,16,828,253,17,11,1,5,1,
42,18,512,432,55,12,1,5,1,
42,19,792,313,39,12,1,5,1,
42,21,782,368,21,11,1,5,1,
42,23,465,72,69,17,1,5,1,
43,1,828,48,47,33,1,5,1,
43,3,474,135,31,13,1,5,1,
43,5,600,395,87,25,1,5,1,
43,7,279,289,41,17,1,5,1,
43,8,642,101,46,14,1,5,1,
43,10,707,151,119,30,1,5,1,
43,11,93,72,46,41,1,5,1,
43,12,794,75,111,23,1,5,1,
43,13,694,467,41,29,1,5,1,
43,14,320,474,70,19,1,5,1,
43,15,313,381,73,19,1,5,1,
43,16,828,253,16,11,1,5,1,
43,18,519,432,55,12,1,5,1,
43,19,789,313,39,12,1,5,1,
43,21,780,367,22,11,1,5,1,
43,23,469,71,71,17,1,5,1,
44,1,835,48,38,36,1,5,1,
44,3,474,135,36,12,1,5,1,
44,5,607,394,87,25,1,5,1,
44,7,281,289,45,18,1,5,1,
44,8,638,102,46,14,1,5,1,
44,10,715,151,120,30,1,5,1,
44,11,94,68,47,43,1,5,1,
44,12,805,74,112,23,1,5,1,
44,13,693,466,50,28,1,5,1,
44,14,324,475,72,18,1,5,1,
44,15,317,381,75,19,1,5,1,
44,16,827,253,17,11,1,5,1,
44,18,526,431,55,13,1,5,1,
44,19,785,313,40,11,1,5,1,
44,21,778,366,22,11,1,5,1,
44,23,473,71,73,16,1,5,1,
45,1,841,49,33,37,1,5,1,
45,3,475,134,41,12,1,5,1,
45,5,615,394,85,24,1,5,1,
45,7,283,290,49,18,1,5,1,
45,8,634,104,45,12,1,5,1,
45,10,724,151,119,30,1,5,1,
45,11,95,64,48,44,1,5,1,
45,12,817,73,113,23,1,5,1,
45,13,693,466,58,25,1,5,1,
45,14,330,475,73,19,1,5,1,
45,15,323,381,75,19,1,5,1,
45,16,826,253,17,11,1,5,1,
45,18,534,431,55,12,1,5,1,
45,19,782,312,39,11,1,5,1,
45,21,776,364,22,12,1,5,1,
45,23,478,70,74,17,1,5,1,
46,1,844,51,32,36,1,5,1,
46,3,477,133,44,12,1,5,1,
46,5,623,393,83,24,1,5,1,
46,7,286,290,50,18,1,5,1,
46,8,630,105,45,11,1,5,1,
46,10,732,151,121,30,1,5,1,
46,11,96,61,48,44,1,5,1,
46,12,829,71,110,24,1,5,1,
46,13,694,465,65,24,1,5,1,
46,14,336,476,73,18,1,5,1,
46,15,328,381,76,19,1,5,1,
46,16,825,254,18,10,1,5,1,
46,18,541,431,55,12,1,5,1,
46,19,779,312,39,11,1,5,1,
46,21,774,363,22,12,1,5,1,
46,23,483,69,75,18,1,5,1,
47,1,846,53,31,36,1,5,1,
47,3,479,133,48,12,1,5,1,
47,5,631,392,82,24,1,5,1,
47,7,289,290,52,18,1,5,1,
47,8,626,106,44,10,1,5,1,
47,10,742,151,119,30,1,5,1,
47,11,97,57,50,45,1,5,1,
47,12,843,70,105,24,1,5,1,
47,13,696,466,71,24,1,5,1,
47,14,342,476,75,19,1,5,1,
47,15,334,381,76,19,1,5,1,
47,16,824,254,18,10,1,5,1,
47,18,549,430,53,13,1,5,1,
47,19,775,311,39,11,1,5,1,
47,21,772,363,22,11,1,5,1,
47,23,489,69,74,17,1,5,1,
48,1,849,55,30,36,1,5,1,
48,3,483,132,49,13,1,5,1,
48,5,638,391,81,24,1,5,1,
48,7,293,290,52,18,1,5,1,
48,8,623,106,42,10,1,5,1,
48,10,752,152,116,29,1,5,1,
48,11,99,53,50,46,1,5,1,
48,12,857,70,98,23,1,5,1,
48,13,699,466,74,24,1,5,1,
48,14,347,476,77,19,1,5,1,
48,15,340,381,76,19,1,5,1,
48,16,823,254,18,10,1,5,1,
48,18,556,430,53,12,1,5,1,
48,19,772,311,39,11,1,5,1,
48,21,769,362,23,10,1,5,1,
48,23,494,68,75,18,1,5,1,
49,1,852,57,29,35,1,5,1,
49,3,487,132,51,12,1,5,1,
49,5,646,390,79,24,1,5,1,
49,7,296,290,54,18,1,5,1,
49,8,620,106,41,10,1,5,1,
49,10,762,152,114,29,1,5,1,
49,11,100,49,52,47,1,5,1,
49,12,871,70,88,24,1,5,1,
49,13,706,465,73,24,1,5,1,
49,14,354,476,76,19,1,5,1,
49,15,346,381,76,19,1,5,1,
49,16,822,254,18,11,1,5,1,
49,18,564,429,52,13,1,5,1,
49,19,769,311,38,11,1,5,1,
49,21,767,361,23,10,1,5,1,
49,23,500,68,75,18,1,5,1,
50,1,854,59,28,35,1,5,1,
50,3,491,131,52,13,1,5,1,
50,5,653,390,77,23,1,5,1,
50,7,299,290,56,19,1,5,1,
50,8,618,105,38,10,1,5,1,
50,10,771,152,112,30,1,5,1,
50,11,103,44,51,49,1,5,1,
50,12,883,71,76,24,1,5,1,
50,13,713,463,69,24,1,5,1,
50,14,360,476,77,19,1,5,1,
50,15,351,381,77,19,1,5,1,
50,16,821,255,18,10,1,5,1,
50,18,571,429,52,12,1,5,1,
50,19,766,310,38,11,1,5,1,
50,21,765,360,23,10,1,5,1,
50,23,506,68,75,18,1,5,1,
51,1,857,60,27,35,1,5,1,
51,3,496,131,52,12,1,5,1,
51,5,661,389,75,23,1,5,1,
51,7,302,290,58,19,1,5,1,
51,8,616,105,36,9,1,5,1,
51,10,780,152,109,30,1,5,1,
51,11,105,40,52,49,1,5,1,
51,12,895,71,65,25,1,5,1,
51,13,724,461,59,25,1,5,1,
51,14,367,476,77,19,1,5,1,
51,15,357,381,77,19,1,5,1,
51,16,820,255,18,10,1,5,1,
51,18,578,428,51,12,1,5,1,
51,19,762,310,38,11,1,5,1,
51,21,763,359,23,10,1,5,1,
51,23,512,68,75,18,1,5,1,
52,1,858,62,27,35,1,5,1,
52,3,501,131,53,12,1,5,1,
52,5,667,388,75,23,1,5,1,
52,7,306,290,59,19,1,5,1,
52,8,614,104,33,9,1,5,1,
52,10,790,153,105,30,1,5,1,
52,11,107,35,54,51,1,5,1,
52,12,906,72,54,26,1,5,1,
52,13,733,459,51,28,1,5,1,
52,14,373,475,77,20,1,5,1,
52,15,363,381,76,18,1,5,1,
52,16,819,255,18,10,1,5,1,
52,18,585,428,51,12,1,5,1,
52,19,759,310,38,10,1,5,1,
52,21,760,358,24,10,1,5,1,
52,23,518,68,75,18,1,5,1,
53,1,860,64,27,35,1,5,1,
53,3,506,130,53,13,1,5,1,
53,5,675,387,72,23,1,5,1,
53,7,309,290,61,19,1,5,1,
53,8,613,102,30,10,1,5,1,
53,10,799,153,101,30,1,5,1,
53,11,110,31,54,52,1,5,1,
53,12,917,72,43,28,1,5,1,
53,13,743,457,41,29,1,5,1,
53,14,380,475,77,20,1,5,1,
53,15,369,380,76,19,1,5,1,
53,16,817,255,19,10,1,5,1,
53,18,592,427,50,12,1,5,1,
53,19,756,309,38,11,1,5,1,
53,21,758,357,24,10,1,5,1,
53,23,524,68,75,19,1,5,1,
54,1,861,66,27,34,1,5,1,
54,3,511,130,54,12,1,5,1,
54,5,681,386,71,23,1,5,1,
54,7,313,291,62,18,1,5,1,
54,8,613,101,26,10,1,5,1,
54,10,808,154,97,30,1,5,1,
54,11,111,26,57,53,1,5,1,
54,12,924,73,36,29,1,5,1,
54,13,751,455,32,30,1,5,1,
54,14,386,475,77,19,1,5,1,
54,15,375,380,76,19,1,5,1,
54,16,814,255,22,10,1,5,1,
54,18,599,427,49,12,1,5,1,
54,19,753,309,37,10,1,5,1,
54,21,755,356,25,10,1,5,1,
54,23,530,68,75,19,1,5,1,
55,1,862,68,27,34,1,5,1,
55,3,516,129,54,12,1,5,1,
55,5,688,386,69,22,1,5,1,
55,7,317,291,63,18,1,5,1,
55,8,608,100,28,10,1,5,1,
55,10,817,154,94,30,1,5,1,
55,11,113,21,60,55,1,5,1,
55,12,931,74,29,29,1,5,1,
55,13,759,452,24,31,1,5,1,
55,14,393,475,76,19,1,5,1,
55,15,382,380,74,19,1,5,1,
55,16,811,255,24,10,1,5,1,
55,18,606,426,49,12,1,5,1,
55,19,750,309,37,10,1,5,1,
55,21,753,355,25,10,1,5,1,
55,23,537,68,74,19,1,5,1,
56,1,863,69,27,34,1,5,1,
56,3,521,128,54,13,1,5,1,
56,5,694,385,68,22,1,5,1,
56,7,321,291,65,19,1,5,1,
56,8,603,98,32,11,1,5,1,
56,10,824,155,93,30,1,5,1,
56,11,115,16,62,56,1,5,1,
56,12,936,76,24,29,1,5,1,
56,13,762,449,20,31,1,5,1,
56,14,399,475,77,19,1,5,1,
56,15,387,380,75,18,1,5,1,
56,16,809,256,24,9,1,5,1,
56,18,613,425,48,12,1,5,1,
56,19,746,308,38,11,1,5,1,
56,21,750,354,25,10,1,5,1,
56,23,542,68,74,19,1,5,1,
57,1,864,71,27,34,1,5,1,
57,3,526,128,55,13,1,5,1,
57,5,701,384,66,23,1,5,1,
57,7,325,291,66,19,1,5,1,
57,8,597,97,36,11,1,5,1,
57,10,832,155,91,30,1,5,1,
57,11,117,11,65,57,1,5,1,
57,12,941,78,19,24,1,5,1,
57,13,764,448,21,29,1,5,1,
57,14,407,474,75,20,1,5,1,
57,15,394,379,73,19,1,5,1,
57,16,807,256,24,9,1,5,1,
57,18,620,425,47,12,1,5,1,
57,19,743,308,37,10,1,5,1,
57,21,748,354,25,9,1,5,1,
57,23,549,69,73,19,1,5,1,
58,1,865,73,26,33,1,5,1,
58,3,531,128,55,13,1,5,1,
58,5,708,383,64,23,1,5,1,
58,7,329,291,68,19,1,5,1,
58,8,591,96,40,11,1,5,1,
58,10,840,156,88,30,1,5,1,
58,11,119,6,68,58,1,5,1,
58,13,765,447,24,27,1,5,1,
58,14,413,474,76,19,1,5,1,
58,15,400,379,72,18,1,5,1,
58,16,804,256,25,9,1,5,1,
58,18,627,424,46,12,1,5,1,
58,19,740,308,37,10,1,5,1,
58,21,745,353,25,9,1,5,1,
58,23,555,69,72,21,1,5,1,
59,1,866,75,26,33,1,5,1,
59,3,537,127,54,14,1,5,1,
59,5,715,382,62,23,1,5,1,
59,7,334,291,68,19,1,5,1,
59,8,585,95,42,11,1,5,1,
59,10,848,157,86,29,1,5,1,
59,11,122,1,72,58,1,5,1,
59,13,763,446,31,25,1,5,1,
59,14,421,474,74,19,1,5,1,
59,15,407,379,70,18,1,5,1,
59,16,802,256,25,10,1,5,1,
59,18,634,423,44,12,1,5,1,
59,19,737,307,36,10,1,5,1,
59,21,743,352,25,9,1,5,1,
59,23,562,70,68,21,1,5,1,
60,1,867,77,26,32,1,5,1,
60,3,544,127,52,14,1,5,1,
60,5,722,382,59,22,1,5,1,
60,7,339,291,69,19,1,5,1,
60,8,579,94,44,11,1,5,1,
60,10,857,157,82,30,1,5,1,
60,11,125,0,77,54,1,5,1,
60,13,762,445,38,23,1,5,1,
60,14,429,473,72,19,1,5,1,
60,15,414,378,69,19,1,5,1,
60,16,800,256,25,10,1,5,1,
60,18,642,423,42,11,1,5,1,
60,19,734,307,35,10,1,5,1,
60,21,740,351,25,9,1,5,1,
60,23,569,71,64,21,1,5,1,
61,1,868,78,25,33,1,5,1,
61,3,549,128,52,14,1,5,1,
61,5,728,381,58,22,1,5,1,
61,7,343,291,71,19,1,5,1,
61,8,574,93,45,11,1,5,1,
61,10,863,158,81,29,1,5,1,
61,11,128,-5,82,55,1,5,1,
61,13,761,445,46,21,1,5,1,
61,14,435,473,72,19,1,5,1,
61,15,420,378,68,18,1,5,1,
61,16,797,257,26,9,1,5,1,
61,18,647,422,42,12,1,5,1,
61,19,731,307,36,10,1,5,1,
61,21,737,350,25,9,1,5,1,
61,23,574,71,62,22,1,5,1,
62,1,868,80,26,32,1,5,1,
62,3,554,128,50,14,1,5,1,
62,5,733,380,57,22,1,5,1,
62,7,349,291,69,19,1,5,1,
62,8,568,93,46,10,1,5,1,
62,10,869,158,80,30,1,5,1,
62,11,131,-11,88,58,1,5,1,
62,13,762,445,51,21,1,5,1,
62,14,440,472,74,19,1,5,1,
62,15,424,378,69,18,1,5,1,
62,16,794,257,26,9,1,5,1,
62,18,653,421,42,12,1,5,1,
62,19,728,306,36,10,1,5,1,
62,21,735,350,25,9,1,5,1,
62,23,579,71,59,23,1,5,1,
63,1,869,82,25,31,1,5,1,
63,3,559,129,48,14,1,5,1,
63,5,738,379,56,22,1,5,1,
63,7,355,291,66,20,1,5,1,
63,8,562,92,47,11,1,5,1,
63,10,876,159,78,29,1,5,1,
63,11,135,-17,90,59,1,5,1,
63,13,765,444,52,21,1,5,1,
63,14,447,472,73,19,1,5,1,
63,15,429,377,69,19,1,5,1,
63,16,792,257,26,9,1,5,1,
63,18,659,420,41,12,1,5,1,
63,19,724,306,36,10,1,5,1,
63,21,732,349,25,9,1,5,1,
63,23,585,71,56,24,1,5,1,
64,1,869,83,25,32,1,5,1,
64,3,564,129,46,15,1,5,1,
64,5,743,378,55,22,1,5,1,
64,6,952,342,8,8,1,5,1,
64,7,362,291,61,20,1,5,1,
64,8,557,92,47,10,1,5,1,
64,10,882,160,76,29,1,5,1,
64,11,139,-23,92,61,1,5,1,
64,13,770,443,51,21,1,5,1,
64,14,453,472,73,18,1,5,1,
64,15,433,377,70,18,1,5,1,
64,16,789,257,27,9,1,5,1,
64,18,665,420,40,11,1,5,1,
64,19,721,306,36,9,1,5,1,
64,21,729,348,26,9,1,5,1,
64,23,591,71,52,24,1,5,1,
65,1,870,85,24,31,1,5,1,
65,3,571,129,41,16,1,5,1,
65,5,750,378,52,21,1,5,1,
65,6,950,341,9,11,1,5,1,
65,7,368,292,57,20,1,5,1,
65,8,553,91,43,11,1,5,1,
65,10,890,160,69,29,1,5,1,
65,11,144,-30,92,62,1,5,1,
65,13,777,442,47,21,1,5,1,
65,14,461,471,71,19,1,5,1,
65,15,438,378,70,17,1,5,1,
65,16,787,257,26,9,1,5,1,
65,18,672,419,38,11,1,5,1,
65,19,718,306,35,9,1,5,1,
65,21,727,348,25,8,1,5,1,
65,23,597,72,48,25,1,5,1,
66,1,870,87,24,31,1,5,1,
66,3,576,129,38,17,1,5,1,
66,5,755,377,51,21,1,5,1,
66,6,948,341,11,10,1,5,1,
66,7,373,292,53,21,1,5,1,
66,8,549,91,41,11,1,5,1,
66,10,896,161,64,29,1,5,1,
66,11,149,-36,96,63,1,5,1,
66,13,783,441,41,22,1,5,1,
66,14,467,471,71,19,1,5,1,
66,15,442,378,71,17,1,5,1,
66,16,784,257,27,10,1,5,1,
66,18,677,418,38,11,1,5,1,
66,19,715,305,35,10,1,5,1,
66,21,724,347,25,8,1,5,1,
66,23,602,72,45,26,1,5,1,
67,1,870,88,24,31,1,5,1,
67,3,580,130,37,16,1,5,1,
67,5,760,376,49,21,1,5,1,
67,6,946,340,13,11,1,5,1,
67,7,377,293,52,21,1,5,1,
67,8,545,91,39,10,1,5,1,
67,10,902,161,58,29,1,5,1,
67,11,154,-43,103,65,1,5,1,
67,13,791,439,33,24,1,5,1,
67,14,473,471,71,18,1,5,1,
67,15,447,378,70,18,1,5,1,
67,16,781,258,27,9,1,5,1,
67,18,683,417,37,12,1,5,1,
67,19,712,305,35,9,1,5,1,
67,21,721,346,26,8,1,5,1,
67,23,606,73,43,26,1,5,1,
68,1,870,90,24,30,1,5,1,
68,3,584,131,37,15,1,5,1,
68,5,765,375,48,21,1,5,1,
68,6,944,339,15,11,1,5,1,
68,7,380,293,54,22,1,5,1,
68,8,542,90,36,12,1,5,1,
68,10,908,162,52,29,1,5,1,
68,13,798,437,27,25,1,5,1,
68,14,479,470,72,19,1,5,1,
68,15,452,379,70,17,1,5,1,
68,16,778,258,28,9,1,5,1,
68,18,688,416,37,12,1,5,1,
68,19,709,305,35,9,1,5,1,
68,21,718,346,26,8,1,5,1,
68,23,611,74,41,26,1,5,1,
69,1,870,92,24,30,1,5,1,
69,3,587,132,38,15,1,5,1,
69,5,769,374,47,21,1,5,1,
69,6,942,338,18,11,1,5,1,
69,7,382,293,57,22,1,5,1,
69,8,540,91,33,11,1,5,1,
69,10,913,163,47,28,1,5,1,
69,13,804,435,20,26,1,5,1,
69,14,485,470,72,19,1,5,1,
69,15,456,379,69,17,1,5,1,
69,16,775,258,29,9,1,5,1,
69,18,693,415,36,12,1,5,1,
69,21,715,345,27,8,1,5,1,
69,23,614,75,41,26,1,5,1,
70,1,870,93,24,30,1,5,1,
70,3,592,132,36,15,1,5,1,
70,5,774,374,46,20,1,5,1,
70,6,940,338,19,10,1,5,1,
70,7,385,294,59,22,1,5,1,
70,8,538,91,29,12,1,5,1,
70,10,920,163,40,29,1,5,1,
70,13,806,433,21,25,1,5,1,
70,14,491,470,72,18,1,5,1,
70,15,461,380,68,17,1,5,1,
70,16,772,258,29,9,1,5,1,
70,18,698,415,36,11,1,5,1,
70,21,712,344,27,8,1,5,1,
70,23,618,77,40,25,1,5,1,
71,1,870,95,24,29,1,5,1,
71,3,596,132,35,15,1,5,1,
71,5,778,373,45,20,1,5,1,
71,6,938,337,21,10,1,5,1,
71,7,388,294,61,22,1,5,1,
71,8,537,91,25,13,1,5,1,
71,10,925,164,35,29,1,5,1,
71,13,804,433,27,22,1,5,1,
71,14,497,469,72,19,1,5,1,
71,15,466,380,68,17,1,5,1,
71,16,769,258,29,9,1,5,1,
71,18,703,414,35,11,1,5,1,
71,21,710,344,26,7,1,5,1,
71,23,621,78,43,25,1,5,1,
72,1,870,96,23,30,1,5,1,
72,3,601,132,33,16,1,5,1,
72,5,783,372,43,20,1,5,1,
72,6,936,336,23,11,1,5,1,
72,7,391,294,64,23,1,5,1,
72,8,536,91,20,14,1,5,1,
72,10,931,165,29,28,1,5,1,
72,13,803,433,34,19,1,5,1,
72,14,502,469,73,19,1,5,1,
72,15,471,381,70,17,1,5,1,
72,16,766,258,29,9,1,5,1,
72,18,709,413,34,11,1,5,1,
72,21,707,343,26,8,1,5,1,
72,23,623,80,46,23,1,5,1,
73,1,870,98,23,29,1,5,1,
73,3,605,133,31,16,1,5,1,
73,5,787,371,42,20,1,5,1,
73,6,933,336,26,10,1,5,1,
73,7,394,294,66,23,1,5,1,
73,8,535,92,17,14,1,5,1,
73,10,935,165,25,29,1,5,1,
73,13,803,432,37,19,1,5,1,
73,14,508,469,73,18,1,5,1,
73,15,475,381,73,18,1,5,1,
73,16,763,258,30,9,1,5,1,
73,18,713,412,34,11,1,5,1,
73,21,704,342,27,8,1,5,1,
73,23,627,81,46,23,1,5,1,
74,1,870,100,23,28,1,5,1,
74,3,608,134,31,16,1,5,1,
74,5,792,370,40,20,1,5,1,
74,6,931,335,27,10,1,5,1,
74,7,398,295,68,23,1,5,1,
74,8,535,93,13,14,1,5,1,
74,10,940,166,20,23,1,5,1,
74,13,806,431,37,19,1,5,1,
74,14,515,469,72,18,1,5,1,
74,15,480,382,75,17,1,5,1,
74,16,760,259,30,8,1,5,1,
74,18,718,411,33,11,1,5,1,
74,21,701,342,27,7,1,5,1,
74,23,631,82,44,23,1,5,1,
75,1,869,101,23,29,1,5,1,
75,3,612,135,30,16,1,5,1,
75,5,796,370,38,20,1,5,1,
75,6,929,335,26,9,1,5,1,
75,7,402,295,70,23,1,5,1,
75,8,535,94,9,14,1,5,1,
75,13,812,429,31,21,1,5,1,
75,14,522,469,71,18,1,5,1,
75,15,485,382,76,18,1,5,1,
75,16,756,259,31,8,1,5,1,
75,18,723,410,32,11,1,5,1,
75,21,698,341,27,8,1,5,1,
75,23,635,83,43,23,1,5,1,
76,1,869,103,23,28,1,5,1,
76,3,615,136,29,15,1,5,1,
76,5,800,369,37,20,1,5,1,
76,6,927,334,26,10,1,5,1,
76,7,406,295,73,24,1,5,1,
76,8,535,95,9,15,1,5,1,
76,13,819,427,24,23,1,5,1,
76,14,528,468,71,18,1,5,1,
76,15,491,382,75,18,1,5,1,
76,16,753,259,30,8,1,5,1,
76,18,728,409,30,11,1,5,1,
76,21,695,341,27,7,1,5,1,
76,23,639,84,42,23,1,5,1,
77,1,869,104,22,28,1,5,1,
77,3,617,136,32,17,1,5,1,
77,5,803,368,36,20,1,5,1,
77,6,925,333,26,10,1,5,1,
77,7,410,295,75,24,1,5,1,
77,8,536,96,9,15,1,5,1,
77,13,823,425,20,25,1,5,1,
77,14,534,468,71,18,1,5,1,
77,15,496,382,76,18,1,5,1,
77,16,750,259,31,8,1,5,1,
77,18,732,408,30,11,1,5,1,
77,21,692,340,27,7,1,5,1,
77,23,642,85,43,24,1,5,1,
78,1,868,106,22,27,1,5,1,
78,3,619,138,35,15,1,5,1,
78,4,601,533,59,10,1,5,1,
78,5,807,367,35,20,1,5,1,
78,6,922,333,27,9,1,5,1,
78,7,414,296,78,24,1,5,1,
78,8,535,98,12,14,1,5,1,
78,13,825,424,21,24,1,5,1,
78,14,541,468,70,17,1,5,1,
78,15,502,382,76,18,1,5,1,
78,16,746,259,31,8,1,5,1,
78,18,736,407,30,11,1,5,1,
78,21,689,340,27,7,1,5,1,
78,23,645,87,44,23,1,5,1,
79,1,868,107,21,27,1,5,1,
79,3,621,139,39,15,1,5,1,
79,4,606,533,62,10,1,5,1,
79,5,811,367,33,19,1,5,1,
79,6,920,332,26,10,1,5,1,
79,7,419,296,80,24,1,5,1,
79,8,534,100,16,13,1,5,1,
79,13,825,424,24,20,1,5,1,
79,14,547,467,69,18,1,5,1,
79,15,508,383,76,18,1,5,1,
79,16,743,259,31,9,1,5,1,
79,18,741,407,28,10,1,5,1,
79,21,688,339,25,7,1,5,1,
79,23,648,88,45,23,1,5,1,
80,1,867,109,22,27,1,5,1,
80,3,623,141,42,14,1,5,1,
80,4,612,532,64,11,1,5,1,
80,5,815,366,31,19,1,5,1,
80,6,918,332,26,9,1,5,1,
80,7,424,296,82,25,1,5,1,
80,8,534,101,20,12,1,5,1,
80,13,824,423,28,19,1,5,1,
80,14,554,467,68,17,1,5,1,
80,15,514,383,76,18,1,5,1,
80,16,740,259,31,9,1,5,1,
80,18,745,406,27,10,1,5,1,
80,21,687,339,22,7,1,5,1,
80,23,651,90,47,22,1,5,1,
81,1,866,110,22,27,1,5,1,
81,3,626,142,45,14,1,5,1,
81,4,616,531,68,12,1,5,1,
81,5,818,365,30,19,1,5,1,
81,6,916,331,26,9,1,5,1,
81,7,429,296,85,25,1,5,1,
81,8,534,103,24,11,1,5,1,
81,13,828,422,24,20,1,5,1,
81,14,560,466,68,18,1,5,1,
81,15,519,383,77,18,1,5,1,
81,16,736,260,32,8,1,5,1,
81,18,749,405,27,10,1,5,1,
81,21,687,338,19,7,1,5,1,
81,23,654,91,48,22,1,5,1,
82,1,866,111,21,27,1,5,1,
82,3,629,144,48,12,1,5,1,
82,4,620,531,71,12,1,5,1,
82,5,821,364,29,19,1,5,1,
82,6,913,330,27,10,1,5,1,
82,7,434,297,87,25,1,5,1,
82,8,535,104,27,10,1,5,1,
82,13,832,420,20,22,1,5,1,
82,14,567,466,66,17,1,5,1,
82,15,525,383,76,18,1,5,1,
82,16,733,260,31,8,1,5,1,
82,18,753,404,26,10,1,5,1,
82,21,687,338,16,7,1,5,1,
82,23,657,93,49,21,1,5,1,
83,1,865,113,21,26,1,5,1,
83,3,633,144,49,12,1,5,1,
83,4,608,530,90,13,1,5,1,
83,5,824,363,28,19,1,5,1,
83,6,911,330,26,9,1,5,1,
83,7,439,297,90,25,1,5,1,
83,8,537,105,29,10,1,5,1,
83,13,835,419,20,21,1,5,1,
83,14,573,465,65,18,1,5,1,
83,15,531,383,76,18,1,5,1,
83,16,729,260,32,8,1,5,1,
83,18,757,403,25,11,1,5,1,
83,21,684,338,17,6,1,5,1,
83,23,661,94,49,20,1,5,1,
84,1,864,114,21,26,1,5,1,
84,3,638,145,49,11,1,5,1,
84,4,614,529,91,14,1,5,1,
84,5,828,363,26,18,1,5,1,
84,6,909,329,26,9,1,5,1,
84,7,445,297,92,26,1,5,1,
84,8,539,106,32,9,1,5,1,
84,13,834,419,24,19,1,5,1,
84,14,579,465,65,17,1,5,1,
84,15,537,383,76,18,1,5,1,
84,16,726,260,31,8,1,5,1,
84,18,761,402,24,11,1,5,1,
84,21,682,337,17,7,1,5,1,
84,23,665,96,49,19,1,5,1,
85,1,863,116,21,25,1,5,1,
85,3,642,145,49,11,1,5,1,
85,4,622,528,90,15,1,5,1,
85,5,830,362,26,18,1,5,1,
85,6,907,329,26,9,1,5,1,
85,7,450,297,95,26,1,5,1,
85,8,541,106,35,9,1,5,1,
85,13,837,417,21,20,1,5,1,
85,14,585,464,64,17,1,5,1,
85,15,543,383,76,18,1,5,1,
85,16,722,260,32,8,1,5,1,
85,18,764,401,24,11,1,5,1,
85,23,668,96,49,20,1,5,1,
86,1,862,117,21,26,1,5,1,
86,3,647,145,49,11,1,5,1,
86,4,628,527,91,16,1,5,1,
86,5,833,361,25,19,1,5,1,
86,6,904,328,27,9,1,5,1,
86,7,456,298,98,26,1,5,1,
86,8,544,106,37,9,1,5,1,
86,13,838,417,22,19,1,5,1,
86,14,591,463,63,18,1,5,1,
86,15,548,383,77,19,1,5,1,
86,16,719,260,32,8,1,5,1,
86,18,768,400,22,11,1,5,1,
86,23,672,97,48,19,1,5,1,
87,1,862,118,20,26,1,5,1,
87,3,651,145,50,11,1,5,1,
87,4,636,526,90,17,1,5,1,
87,5,836,360,24,19,1,5,1,
87,6,902,328,26,9,1,5,1,
87,7,462,298,100,26,1,5,1,
87,8,548,105,38,9,1,5,1,
87,13,841,415,19,20,1,5,1,
87,14,597,463,62,17,1,5,1,
87,15,554,383,76,19,1,5,1,
87,16,715,260,32,8,1,5,1,
87,18,771,399,22,11,1,5,1,
87,23,676,98,48,19,1,5,1,
88,1,861,120,20,25,1,5,1,
88,3,656,145,49,12,1,5,1,
88,4,644,525,88,18,1,5,1,
88,5,838,360,24,18,1,5,1,
88,6,900,327,26,9,1,5,1,
88,7,468,298,103,27,1,5,1,
88,8,552,105,39,9,1,5,1,
88,13,840,413,20,22,1,5,1,
88,14,603,462,61,17,1,5,1,
88,15,560,383,76,19,1,5,1,
88,16,712,260,32,8,1,5,1,
88,18,774,398,21,11,1,5,1,
88,23,680,99,47,19,1,5,1,
89,1,860,121,21,25,1,5,1,
89,3,661,145,49,12,1,5,1,
89,4,651,524,88,19,1,5,1,
89,5,841,359,22,18,1,5,1,
89,6,897,327,27,8,1,5,1,
89,7,474,298,106,27,1,5,1,
89,8,556,105,40,8,1,5,1,
89,13,842,412,19,21,1,5,1,
89,14,608,461,61,17,1,5,1,
89,15,566,383,76,19,1,5,1,
89,16,708,260,33,8,1,5,1,
89,18,777,397,21,11,1,5,1,
89,23,684,99,46,20,1,5,1,
90,1,859,122,21,25,1,5,1,
90,3,666,145,48,12,1,5,1,
90,4,659,523,86,20,1,5,1,
90,5,842,358,23,18,1,5,1,
90,6,895,326,26,9,1,5,1,
90,7,481,299,108,26,1,5,1,
90,8,561,104,40,9,1,5,1,
90,13,845,412,19,18,1,5,1,
90,14,614,461,60,17,1,5,1,
90,15,572,383,75,19,1,5,1,
90,16,704,261,33,7,1,5,1,
90,18,781,396,19,11,1,5,1,
90,23,688,100,44,19,1,5,1,
91,1,858,124,21,24,1,5,1,
91,3,671,146,48,11,1,5,1,
91,4,667,522,85,21,1,5,1,
91,5,844,357,22,18,1,5,1,
91,6,893,326,26,8,1,5,1,
91,7,488,299,110,27,1,5,1,
91,8,565,103,40,9,1,5,1,
91,13,846,411,19,18,1,5,1,
91,14,620,460,58,17,1,5,1,
91,15,578,383,75,19,1,5,1,
91,16,701,261,32,7,1,5,1,
91,18,784,395,18,11,1,5,1,
91,23,692,101,43,19,1,5,1,
92,1,856,125,22,24,1,5,1,
92,3,675,146,48,11,1,5,1,
92,4,674,521,84,22,1,5,1,
92,5,845,357,23,17,1,5,1,
92,6,890,325,26,9,1,5,1,
92,7,495,299,113,27,1,5,1,
92,8,570,102,40,9,1,5,1,
92,13,847,410,19,18,1,5,1,
92,14,626,459,57,17,1,5,1,
92,15,584,383,74,19,1,5,1,
92,16,697,261,32,7,1,5,1,
92,18,787,395,18,10,1,5,1,
92,23,696,102,42,19,1,5,1,
93,1,855,126,22,24,1,5,1,
93,3,680,146,47,11,1,5,1,
93,4,681,520,83,23,1,5,1,
93,5,847,356,22,18,1,5,1,
93,6,888,325,26,8,1,5,1,
93,7,502,299,115,28,1,5,1,
93,8,575,101,39,9,1,5,1,
93,13,848,409,19,18,1,5,1,
93,14,631,458,56,17,1,5,1,
93,15,590,383,73,19,1,5,1,
93,16,693,261,33,7,1,5,1,
93,18,789,394,18,10,1,5,1,
93,23,699,102,42,20,1,5,1,
94,1,854,128,22,23,1,5,1,
94,3,685,146,47,12,1,5,1,
94,4,689,519,81,24,1,5,1,
94,5,848,355,22,18,1,5,1,
94,6,886,324,26,9,1,5,1,
94,7,510,299,117,28,1,5,1,
94,8,581,100,37,9,1,5,1,
94,13,849,408,19,18,1,5,1,
94,14,637,458,55,16,1,5,1,
94,15,596,383,73,18,1,5,1,
94,16,690,261,32,8,1,5,1,
94,18,792,393,17,10,1,5,1,
94,23,703,103,40,20,1,5,1,
95,1,853,129,22,23,1,5,1,
95,3,689,147,47,11,1,5,1,
95,4,696,518,80,24,1,5,1,
95,5,849,355,22,17,1,5,1,
95,6,883,324,26,8,1,5,1,
95,7,518,300,119,28,1,5,1,
95,8,586,98,36,10,1,5,1,
95,13,850,407,18,18,1,5,1,
95,14,642,457,54,16,1,5,1,
95,15,602,383,72,18,1,5,1,
95,16,686,261,33,8,1,5,1,
95,18,794,392,16,10,1,5,1,
95,23,706,104,39,20,1,5,1,
96,1,852,130,22,23,1,5,1,
96,3,693,147,47,11,1,5,1,
96,4,703,517,79,24,1,5,1,
96,5,850,354,22,17,1,5,1,
96,6,881,323,26,9,1,5,1,
96,7,526,300,121,28,1,5,1,
96,8,591,97,34,10,1,5,1,
96,13,851,406,18,18,1,5,1,
96,14,647,456,53,16,1,5,1,
96,15,608,383,71,18,1,5,1,
96,16,682,261,33,8,1,5,1,
96,18,797,391,15,10,1,5,1,
96,23,710,105,38,19,1,5,1,
97,1,850,131,23,23,1,5,1,
97,3,698,147,47,11,1,5,1,
97,4,710,516,78,23,1,5,1,
97,5,851,353,22,17,1,5,1,
97,6,879,323,26,8,1,5,1,
97,7,534,300,123,28,1,5,1,
97,8,595,96,35,10,1,5,1,
97,13,852,405,18,18,1,5,1,
97,14,652,455,53,16,1,5,1,
97,15,614,382,70,19,1,5,1,
97,16,679,261,32,8,1,5,1,
97,18,799,390,15,10,1,5,1,
97,23,713,106,37,19,1,5,1,
98,1,849,132,23,23,1,5,1,
98,3,702,148,47,11,1,5,1,
98,4,717,514,77,24,1,5,1,
98,5,852,352,22,17,1,5,1,
98,6,876,322,26,8,1,5,1,
98,7,542,300,125,29,1,5,1,
98,8,598,95,36,10,1,5,1,
98,13,852,404,18,18,1,5,1,
98,14,658,454,51,16,1,5,1,
98,15,620,382,70,19,1,5,1,
98,18,802,389,14,10,1,5,1,
98,23,716,107,36,19,1,5,1,
99,1,848,133,23,23,1,5,1,
99,3,706,148,47,11,1,5,1,
99,4,723,513,76,24,1,5,1,
99,5,853,352,22,17,1,5,1,
99,6,874,322,26,8,1,5,1,
99,7,550,300,128,29,1,5,1,
99,8,601,93,37,11,1,5,1,
99,13,853,403,18,18,1,5,1,
99,14,662,454,50,15,1,5,1,
99,15,625,382,70,19,1,5,1,
99,18,803,388,14,10,1,5,1,
99,23,719,108,35,19,1,5,1,
100,1,846,135,23,22,1,5,1,
100,3,711,148,46,11,1,5,1,
100,4,730,512,75,23,1,5,1,
100,5,854,351,22,17,1,5,1,
100,6,872,322,26,7,1,5,1,
100,7,559,301,129,29,1,5,1,
100,8,605,92,37,10,1,5,1,
100,13,854,402,17,18,1,5,1,
100,14,667,453,49,15,1,5,1,
100,15,631,382,68,18,1,5,1,
100,18,806,387,13,10,1,5,1,
100,23,722,109,34,19,1,5,1,
101,1,845,136,23,22,1,5,1,
101,3,715,149,46,11,1,5,1,
101,4,736,511,74,23,1,5,1,
101,5,855,350,21,17,1,5,1,
101,6,869,321,26,8,1,5,1,
101,7,568,301,131,29,1,5,1,
101,8,608,91,39,10,1,5,1,
101,13,854,401,18,18,1,5,1,
101,14,672,452,48,15,1,5,1,
101,15,636,382,68,18,1,5,1,
101,18,807,386,13,10,1,5,1,
101,23,725,109,33,20,1,5,1,
102,1,844,137,23,22,1,5,1,
102,3,719,149,46,11,1,5,1,
102,4,743,509,72,24,1,5,1,
102,5,856,350,21,16,1,5,1,
102,6,867,321,26,8,1,5,1,
102,7,577,301,133,29,1,5,1,
102,8,611,90,41,10,1,5,1,
102,13,854,400,18,18,1,5,1,
102,14,677,451,47,15,1,5,1,
102,15,642,381,67,19,1,5,1,
102,18,809,386,13,9,1,5,1,
102,23,727,110,33,20,1,5,1,
103,1,842,138,24,22,1,5,1,
103,3,723,150,47,10,1,5,1,
103,4,749,508,71,23,1,5,1,
103,5,856,349,21,16,1,5,1,
103,6,865,320,25,8,1,5,1,
103,7,586,301,134,30,1,5,1,
103,8,615,89,41,10,1,5,1,
103,13,855,399,18,18,1,5,1,
103,14,681,450,46,15,1,5,1,
103,15,648,381,66,19,1,5,1,
103,18,811,385,12,9,1,5,1,
103,23,729,112,36,18,1,5,1,
104,1,841,139,23,21,1,5,1,
104,3,728,150,46,11,1,5,1,
104,4,756,507,69,23,1,5,1,
104,5,857,348,21,17,1,5,1,
104,6,862,320,26,8,1,5,1,
104,7,596,301,135,30,1,5,1,
104,8,619,88,42,10,1,5,1,
104,13,855,398,18,18,1,5,1,
104,14,686,449,45,15,1,5,1,
104,15,654,381,64,18,1,5,1,
104,18,813,384,12,9,1,5,1,
104,23,731,113,36,18,1,5,1,
105,1,839,140,24,21,1,5,1,
105,3,732,150,46,11,1,5,1,
105,4,762,506,68,23,1,5,1,
105,5,857,348,21,16,1,5,1,
105,6,860,320,26,7,1,5,1,
105,7,605,301,137,30,1,5,1,
105,8,622,87,44,10,1,5,1,
105,13,855,398,18,17,1,5,1,
105,14,690,448,44,16,1,5,1,
105,15,659,381,64,18,1,5,1,
105,18,815,383,11,10,1,5,1,
105,23,734,114,35,18,1,5,1,
106,1,838,142,23,20,1,5,1,
106,3,736,150,47,11,1,5,1,
106,4,768,504,67,23,1,5,1,
106,5,857,347,21,16,1,5,1,
106,6,858,319,25,8,1,5,1,
106,7,615,302,138,29,1,5,1,
106,8,627,86,44,9,1,5,1,
106,13,855,397,18,16,1,5,1,
106,14,695,447,42,16,1,5,1,
106,15,664,380,63,19,1,5,1,
106,18,816,382,11,10,1,5,1,
106,23,737,115,34,17,1,5,1,
107,1,836,143,24,20,1,5,1,
107,3,740,151,47,10,1,5,1,
107,4,774,503,66,23,1,5,1,
107,5,858,347,20,15,1,5,1,
107,6,855,319,26,7,1,5,1,
107,7,625,302,139,30,1,5,1,
107,8,630,86,45,9,1,5,1,
107,13,856,396,17,16,1,5,1,
107,14,699,446,41,16,1,5,1,
107,15,670,380,62,18,1,5,1,
107,18,817,381,11,10,1,5,1,
107,23,740,115,33,18,1,5,1,
108,1,835,144,23,20,1,5,1,
108,3,745,151,45,11,1,5,1,
108,4,780,502,64,22,1,5,1,
108,5,858,346,20,15,1,5,1,
108,6,853,318,25,8,1,5,1,
108,7,635,302,139,30,1,5,1,
108,8,635,86,45,10,1,5,1,
108,13,856,395,17,16,1,5,1,
108,14,703,445,40,16,1,5,1,
108,15,675,380,61,18,1,5,1,
108,18,818,380,11,10,1,5,1,
108,23,743,116,31,17,1,5,1,
109,1,833,145,24,20,1,5,1,
109,3,749,151,45,11,1,5,1,
109,4,786,500,63,23,1,5,1,
109,5,858,345,20,16,1,5,1,
109,6,853,318,22,7,1,5,1,
109,7,645,302,140,30,1,5,1,
109,8,639,85,45,10,1,5,1,
109,13,855,394,18,16,1,5,1,
109,14,707,444,39,16,1,5,1,
109,15,681,379,59,19,1,5,1,
109,18,818,379,11,10,1,5,1,
109,23,746,116,30,18,1,5,1,
110,1,831,146,24,20,1,5,1,
110,3,754,151,43,11,1,5,1,
110,4,792,499,61,23,1,5,1,
110,5,858,344,20,16,1,5,1,
110,6,851,318,22,7,1,5,1,
110,7,656,302,140,30,1,5,1,
110,8,643,85,46,10,1,5,1,
110,13,855,393,18,16,1,5,1,
110,14,712,443,37,16,1,5,1,
110,15,686,379,58,18,1,5,1,
110,18,817,378,12,10,1,5,1,
110,23,750,116,27,19,1,5,1,
111,1,830,147,24,19,1,5,1,
111,3,758,151,42,11,1,5,1,
111,4,797,498,61,22,1,5,1,
111,5,857,344,20,15,1,5,1,
111,6,849,317,21,8,1,5,1,
111,7,665,302,142,30,1,5,1,
111,8,647,85,46,10,1,5,1,
111,13,855,392,18,16,1,5,1,
111,14,715,442,37,16,1,5,1,
111,15,691,379,57,18,1,5,1,
111,18,816,377,11,10,1,5,1,
111,23,754,116,24,20,1,5,1,
112,1,828,148,24,19,1,5,1,
112,3,763,151,40,11,1,5,1,
112,4,803,496,59,23,1,5,1,
112,5,856,343,20,15,1,5,1,
112,6,848,317,20,7,1,5,1,
112,7,677,302,141,31,1,5,1,
112,8,652,84,46,10,1,5,1,
112,13,855,391,18,16,1,5,1,
112,14,719,441,35,16,1,5,1,
112,15,697,378,55,18,1,5,1,
112,18,814,375,13,11,1,5,1,
112,23,759,116,21,20,1,5,1,
113,1,826,149,25,19,1,5,1,
113,3,767,151,38,11,1,5,1,
113,4,808,495,58,23,1,5,1,
113,5,854,342,22,16,1,5,1,
113,6,846,317,21,7,1,5,1,
113,7,687,302,142,31,1,5,1,
113,8,656,84,46,10,1,5,1,
113,13,855,390,18,16,1,5,1,
113,14,723,440,34,16,1,5,1,
113,15,702,378,51,18,1,5,1,
113,18,812,374,15,11,1,5,1,
113,23,763,117,18,20,1,5,1,
114,1,824,150,25,19,1,5,1,
114,3,771,151,37,11,1,5,1,
114,4,814,494,56,22,1,5,1,
114,5,853,341,23,16,1,5,1,
114,6,844,316,21,7,1,5,1,
114,7,698,302,141,31,1,5,1,
114,8,661,84,45,9,1,5,1,
114,13,854,389,18,16,1,5,1,
114,14,728,438,28,17,1,5,1,
114,15,709,377,46,18,1,5,1,
114,18,810,373,17,11,1,5,1,
114,23,766,117,16,21,1,5,1,
115,1,822,151,25,19,1,5,1,
115,3,775,151,35,11,1,5,1,
115,4,820,492,53,23,1,5,1,
115,5,851,341,25,15,1,5,1,
115,7,708,302,142,31,1,5,1,
115,8,666,84,44,9,1,5,1,
115,13,854,389,18,15,1,5,1,
115,14,733,436,24,18,1,5,1,
115,15,715,377,43,17,1,5,1,
115,18,807,372,18,11,1,5,1,
115,23,767,118,15,21,1,5,1,
116,1,820,152,26,18,1,5,1,
116,3,780,151,31,12,1,5,1,
116,4,825,490,51,24,1,5,1,
116,5,850,340,25,15,1,5,1,
116,7,719,302,142,31,1,5,1,
116,8,671,84,43,9,1,5,1,
116,13,854,388,18,15,1,5,1,
116,14,737,435,21,18,1,5,1,
116,15,720,376,40,18,1,5,1,
116,18,805,371,18,10,1,5,1,
116,23,767,119,15,21,1,5,1,
117,1,819,153,25,18,1,5,1,
117,3,784,150,27,13,1,5,1,
117,4,830,489,49,24,1,5,1,
117,5,849,340,25,14,1,5,1,
117,7,728,303,144,30,1,5,1,
117,8,675,84,43,9,1,5,1,
117,13,853,387,18,15,1,5,1,
117,14,739,434,21,18,1,5,1,
117,15,724,375,39,18,1,5,1,
117,18,803,370,18,11,1,5,1,
117,23,767,120,15,21,1,5,1,
118,1,817,154,25,18,1,5,1,
118,3,789,150,22,14,1,5,1,
118,4,835,487,47,24,1,5,1,
118,5,847,339,25,15,1,5,1,
118,7,740,303,142,30,1,5,1,
118,8,680,84,42,10,1,5,1,
118,13,853,386,18,15,1,5,1,
118,14,742,433,19,17,1,5,1,
118,15,728,375,37,17,1,5,1,
118,18,801,369,18,10,1,5,1,
118,23,767,121,15,21,1,5,1,
119,3,793,150,19,14,1,5,1,
119,4,839,486,46,24,1,5,1,
119,5,846,338,25,15,1,5,1,
119,7,750,303,143,31,1,5,1,
119,8,684,84,42,10,1,5,1,
119,13,852,385,19,15,1,5,1,
119,14,744,431,18,18,1,5,1,
119,15,731,374,37,17,1,5,1,
119,18,799,369,18,9,1,5,1,
119,23,766,122,16,21,1,5,1,
120,3,797,150,16,15,1,5,1,
120,4,843,484,45,24,1,5,1,
120,5,844,338,26,14,1,5,1,
120,7,761,303,142,31,1,5,1,
120,8,688,84,42,10,1,5,1,
120,13,852,384,18,15,1,5,1,
120,14,746,430,17,18,1,5,1,
120,15,735,374,35,17,1,5,1,
120,18,796,368,19,9,1,5,1,
120,23,766,123,15,21,1,5,1,
121,3,800,151,14,15,1,5,1,
121,4,846,485,50,22,1,5,1,
121,5,843,337,25,14,1,5,1,
121,7,770,303,144,31,1,5,1,
121,8,692,84,41,10,1,5,1,
121,13,851,384,19,14,1,5,1,
121,14,748,429,17,18,1,5,1,
121,15,738,373,34,17,1,5,1,
121,18,794,367,20,10,1,5,1,
121,23,766,124,14,22,1,5,1,
122,3,800,151,13,16,1,5,1,
122,4,847,485,57,20,1,5,1,
122,5,841,336,26,15,1,5,1,
122,7,783,303,141,31,1,5,1,
122,8,697,84,40,11,1,5,1,
122,13,850,383,19,14,1,5,1,
122,14,751,428,14,17,1,5,1,
122,15,742,372,32,17,1,5,1,
122,18,792,366,19,9,1,5,1,
122,23,765,126,15,21,1,5,1,
123,3,799,152,14,15,1,5,1,
123,4,848,484,65,21,1,5,1,
123,5,840,336,26,14,1,5,1,
123,7,792,303,142,31,1,5,1,
123,8,701,84,39,11,1,5,1,
123,13,850,382,19,15,1,5,1,
123,14,752,426,14,18,1,5,1,
123,15,745,372,31,17,1,5,1,
123,18,789,365,20,9,1,5,1,
123,23,765,127,15,21,1,5,1,
124,3,798,153,14,15,1,5,1,
124,4,850,484,72,22,1,5,1,
124,5,838,335,26,14,1,5,1,
124,7,803,303,141,31,1,5,1,
124,8,705,85,38,11,1,5,1,
124,13,849,381,20,15,1,5,1,
124,14,753,425,13,18,1,5,1,
124,15,749,371,29,17,1,5,1,
124,18,787,364,20,9,1,5,1,
124,23,764,128,16,21,1,5,1,
125,3,798,153,13,16,1,5,1,
125,4,854,484,74,22,1,5,1,
125,5,836,335,27,14,1,5,1,
125,7,813,303,141,31,1,5,1,
125,8,709,85,37,11,1,5,1,
125,13,848,380,20,15,1,5,1,
125,14,753,424,13,18,1,5,1,
125,15,752,371,28,16,1,5,1,
125,18,784,363,21,10,1,5,1,
125,23,763,129,17,21,1,5,1,
126,3,797,154,13,16,1,5,1,
126,4,860,483,73,22,1,5,1,
126,5,835,334,26,14,1,5,1,
126,7,825,303,134,31,1,5,1,
126,8,714,85,35,12,1,5,1,
126,13,847,380,20,14,1,5,1,
126,14,753,422,14,18,1,5,1,
126,15,754,370,29,16,1,5,1,
126,18,782,362,20,10,1,5,1,
126,23,762,130,17,21,1,5,1,
127,3,796,155,14,16,1,5,1,
127,4,867,483,71,22,1,5,1,
127,5,833,334,27,13,1,5,1,
127,7,836,303,124,31,1,5,1,
127,8,717,86,35,11,1,5,1,
127,13,847,379,20,14,1,5,1,
127,14,754,421,13,18,1,5,1,
127,15,755,369,32,17,1,5,1,
127,16,598,254,9,11,1,5,1,
127,18,780,362,20,9,1,5,1,
127,23,761,132,18,19,1,5,1,
128,3,795,156,13,16,1,5,1,
128,4,874,482,69,22,1,5,1,
128,5,831,333,27,13,1,5,1,
128,7,847,303,113,31,1,5,1,
128,8,722,86,33,12,1,5,1,
128,13,846,378,20,14,1,5,1,
128,14,754,420,13,18,1,5,1,
128,15,756,368,33,16,1,5,1,
128,16,598,252,11,12,1,5,1,
128,18,777,361,21,9,1,5,1,
128,23,760,133,18,19,1,5,1,
129,3,795,158,13,14,1,5,1,
129,4,881,482,67,21,1,5,1,
129,5,829,333,27,13,1,5,1,
129,7,859,303,101,31,1,5,1,
129,8,725,86,33,12,1,5,1,
129,13,845,377,20,14,1,5,1,
129,14,754,418,14,18,1,5,1,
129,15,758,368,33,15,1,5,1,
129,16,597,251,15,12,1,5,1,
129,18,775,360,20,9,1,5,1,
129,23,759,134,18,19,1,5,1,
130,3,795,159,13,14,1,5,1,
130,4,888,481,64,21,1,5,1,
130,5,827,332,27,13,1,5,1,
130,7,870,303,90,28,1,5,1,
130,8,729,87,31,12,1,5,1,
130,13,844,376,21,14,1,5,1,
130,14,754,417,14,18,1,5,1,
130,15,760,367,33,15,1,5,1,
130,16,597,249,18,12,1,5,1,
130,18,773,359,20,9,1,5,1,
130,23,758,135,19,19,1,5,1,
131,3,795,160,12,14,1,5,1,
131,4,893,480,64,22,1,5,1,
131,5,825,331,28,13,1,5,1,
131,7,880,303,80,28,1,5,1,
131,8,733,87,30,13,1,5,1,
131,13,843,376,21,13,1,5,1,
131,14,754,416,14,17,1,5,1,
131,15,763,367,32,15,1,5,1,
131,16,598,247,21,13,1,5,1,
131,18,771,359,19,8,1,5,1,
131,23,757,136,19,19,1,5,1,
132,3,794,161,13,14,1,5,1,
132,4,900,480,60,21,1,5,1,
132,5,824,331,26,13,1,5,1,
132,7,891,306,69,25,1,5,1,
132,8,736,88,30,12,1,5,1,
132,14,754,414,14,18,1,5,1,
132,15,767,366,30,15,1,5,1,
132,16,599,246,24,12,1,5,1,
132,18,769,358,18,8,1,5,1,
132,23,756,137,19,19,1,5,1,
133,3,794,161,12,14,1,5,1,
133,4,905,479,55,21,1,5,1,
133,5,822,330,26,13,1,5,1,
133,7,900,306,60,25,1,5,1,
133,8,739,89,29,12,1,5,1,
133,14,755,413,14,17,1,5,1,
133,15,769,366,30,14,1,5,1,
133,16,600,244,27,13,1,5,1,
133,18,767,357,18,8,1,5,1,
133,23,755,138,19,19,1,5,1,
134,3,793,162,12,14,1,5,1,
134,4,911,478,49,21,1,5,1,
134,5,820,330,26,13,1,5,1,
134,7,911,309,49,19,1,5,1,
134,8,742,89,29,13,1,5,1,
134,14,757,413,13,16,1,5,1,
134,15,772,365,29,14,1,5,1,
134,16,602,243,30,12,1,5,1,
134,18,765,356,17,8,1,5,1,
134,23,753,139,20,19,1,5,1,
135,3,793,163,12,14,1,5,1,
135,4,916,477,44,21,1,5,1,
135,5,820,330,23,12,1,5,1,
135,8,745,90,28,12,1,5,1,
135,14,758,412,15,15,1,5,1,
135,15,774,365,29,14,1,5,1,
135,16,604,241,33,13,1,5,1,
135,18,763,356,17,8,1,5,1,
135,23,752,140,20,19,1,5,1,
136,3,792,164,12,13,1,5,1,
136,4,921,477,39,19,1,5,1,
136,5,820,329,19,12,1,5,1,
136,8,748,91,27,12,1,5,1,
136,14,757,411,20,14,1,5,1,
136,15,776,364,29,14,1,5,1,
136,16,607,240,35,12,1,5,1,
136,18,761,355,17,8,1,5,1,
136,23,751,141,20,19,1,5,1,
137,3,791,165,12,13,1,5,1,
137,4,926,476,34,19,1,5,1,
137,5,819,329,18,12,1,5,1,
137,8,750,91,27,13,1,5,1,
137,14,755,410,26,14,1,5,1,
137,15,778,363,29,14,1,5,1,
137,16,609,239,37,11,1,5,1,
137,18,759,354,17,8,1,5,1,
137,23,749,142,21,18,1,5,1,
138,3,791,165,12,14,1,5,1,
138,4,931,475,29,19,1,5,1,
138,5,818,328,18,12,1,5,1,
138,8,754,92,24,13,1,5,1,
138,14,755,409,28,13,1,5,1,
138,15,781,363,27,13,1,5,1,
138,16,613,239,38,10,1,5,1,
138,18,757,354,17,7,1,5,1,
139,3,790,166,12,13,1,5,1,
139,4,935,481,25,12,1,5,1,
139,5,817,328,18,12,1,5,1,
139,8,756,92,24,14,1,5,1,
139,14,756,409,29,13,1,5,1,
139,15,783,362,27,14,1,5,1,
139,16,616,238,40,9,1,5,1,
139,18,755,353,17,8,1,5,1,
140,3,789,167,13,13,1,5,1,
140,4,940,480,20,12,1,5,1,
140,5,816,328,19,11,1,5,1,
140,8,759,93,23,13,1,5,1,
140,12,953,186,7,8,1,5,1,
140,14,757,408,30,13,1,5,1,
140,15,785,361,26,14,1,5,1,
140,16,621,238,39,8,1,5,1,
140,18,753,352,17,8,1,5,1,
141,3,788,168,13,13,1,5,1,
141,5,815,327,19,12,1,5,1,
141,8,761,94,22,13,1,5,1,
141,12,951,186,8,9,1,5,1,
141,14,760,407,29,13,1,5,1,
141,15,788,361,24,13,1,5,1,
141,16,625,238,39,7,1,5,1,
141,18,751,352,17,7,1,5,1,
142,3,787,169,13,12,1,5,1,
142,5,814,327,19,11,1,5,1,
142,8,764,95,20,13,1,5,1,
142,12,949,185,10,10,1,5,1,
142,14,763,407,28,13,1,5,1,
142,15,791,360,22,14,1,5,1,
142,16,630,238,38,7,1,5,1,
142,18,749,351,17,8,1,5,1,
143,3,787,169,13,13,1,5,1,
143,5,812,326,21,12,1,5,1,
143,8,766,95,20,14,1,5,1,
143,10,950,215,9,12,1,5,1,
143,12,947,185,12,11,1,5,1,
143,14,765,406,27,13,1,5,1,
143,15,793,360,21,13,1,5,1,
143,16,633,238,39,7,1,5,1,
143,18,747,351,18,7,1,5,1,
144,3,786,170,13,13,1,5,1,
144,5,811,326,21,11,1,5,1,
144,8,768,96,19,14,1,5,1,
144,10,947,216,12,11,1,5,1,
144,12,944,186,15,10,1,5,1,
144,14,768,405,25,13,1,5,1,
144,15,796,359,18,13,1,5,1,
144,16,638,238,38,7,1,5,1,
144,18,745,350,17,7,1,5,1,
145,3,785,171,13,12,1,5,1,
145,5,810,325,21,12,1,5,1,
145,8,770,97,18,14,1,5,1,
145,10,944,215,15,13,1,5,1,
145,12,942,187,17,10,1,5,1,
145,14,771,404,24,13,1,5,1,
145,15,799,358,16,14,1,5,1,
145,16,642,238,38,7,1,5,1,
146,3,784,172,14,12,1,5,1,
146,5,809,325,21,11,1,5,1,
146,8,772,98,17,14,1,5,1,
146,10,942,215,17,13,1,5,1,
146,12,940,187,19,11,1,5,1,
146,14,773,403,23,14,1,5,1,
146,15,801,358,15,13,1,5,1,
146,16,646,238,38,7,1,5,1,
147,5,806,324,23,12,1,5,1,
147,8,774,99,16,14,1,5,1,
147,10,939,214,20,14,1,5,1,
147,12,938,188,21,10,1,5,1,
147,14,776,403,21,13,1,5,1,
147,15,801,357,15,13,1,5,1,
147,16,650,238,38,7,1,5,1,
148,5,804,324,24,11,1,5,1,
148,8,776,99,15,15,1,5,1,
148,10,937,215,22,14,1,5,1,
148,12,936,188,23,11,1,5,1,
148,14,778,402,19,13,1,5,1,
148,15,802,356,14,14,1,5,1,
148,16,654,238,38,7,1,5,1,
149,5,802,324,25,11,1,5,1,
149,8,777,100,15,15,1,5,1,
149,10,934,215,25,14,1,5,1,
149,12,933,188,26,11,1,5,1,
149,14,780,401,18,14,1,5,1,
149,15,802,355,15,14,1,5,1,
149,16,658,238,38,7,1,5,1,
149,20,953,198,6,7,1,5,1,
150,8,779,101,14,15,1,5,1,
150,10,933,216,26,14,1,5,1,
150,12,931,188,26,12,1,5,1,
150,14,782,400,17,14,1,5,1,
150,15,802,355,15,13,1,5,1,
150,16,662,238,38,7,1,5,1,
150,20,950,198,9,8,1,5,1,
