1,1,864,118,37,29,1,5,1,
1,2,509,363,79,26,1,5,1,
1,3,715,122,73,22,1,5,1,
1,4,50,242,51,32,1,5,1,
1,5,853,91,107,39,1,5,1,
1,6,827,192,56,15,1,5,1,
1,7,173,30,81,50,1,5,1,
1,8,231,299,140,50,1,5,1,
1,10,871,337,55,27,1,5,1,
1,11,125,100,160,40,1,5,1,
1,12,92,155,26,21,1,5,1,
1,13,294,443,49,17,1,5,1,
1,14,336,485,41,16,1,5,1,
1,15,833,0,49,11,1,5,1,
1,16,897,235,42,29,1,5,1,
1,17,240,30,106,42,1,5,1,
1,18,670,0,80,41,1,5,1,
1,19,181,12,112,33,1,5,1,
1,20,342,289,55,16,1,5,1,
1,21,594,89,79,31,1,5,1,
1,22,839,195,48,33,1,5,1,
1,23,0,181,14,16,1,5,1,
1,24,869,350,39,29,1,5,1,
1,25,614,329,37,15,1,5,1,
1,26,335,320,46,23,1,5,1,
1,27,601,364,16,21,1,5,1,
1,28,897,319,22,16,1,5,1,
2,1,865,115,39,31,1,5,1,
2,2,500,362,83,25,1,5,1,
2,3,721,118,81,23,1,5,1,
2,4,52,242,53,32,1,5,1,
2,5,870,93,90,35,1,5,1,
2,6,836,193,51,15,1,5,1,
2,7,169,28,102,48,1,5,1,
2,8,220,299,136,55,1,5,1,
2,10,871,337,68,27,1,5,1,
2,11,141,101,154,39,1,5,1,
2,12,92,157,33,21,1,5,1,
2,13,297,445,52,17,1,5,1,
2,14,333,481,39,20,1,5,1,
2,15,840,0,44,12,1,5,1,
2,16,899,236,41,28,1,5,1,
2,17,253,36,106,36,1,5,1,
2,18,670,0,97,42,1,5,1,
2,19,193,12,107,32,1,5,1,
2,20,347,289,52,16,1,5,1,
2,21,602,90,76,32,1,5,1,
2,22,837,197,39,32,1,5,1,
2,23,0,180,16,16,1,5,1,
2,24,858,351,52,28,1,5,1,
2,25,615,328,43,16,1,5,1,
2,26,335,319,37,22,1,5,1,
2,27,602,365,16,22,1,5,1,
2,28,899,319,22,15,1,5,1,
3,1,863,113,44,31,1,5,1,
3,2,490,361,87,24,1,5,1,
3,3,728,115,90,24,1,5,1,
3,4,53,241,56,33,1,5,1,
3,5,889,92,71,30,1,5,1,
3,6,843,193,49,16,1,5,1,
3,7,168,28,121,46,1,5,1,
3,8,212,300,130,59,1,5,1,
3,10,872,337,82,27,1,5,1,
3,11,153,102,154,39,1,5,1,
3,12,92,158,39,22,1,5,1,
3,13,301,447,53,17,1,5,1,
3,14,331,477,35,23,1,5,1,
3,15,846,0,39,13,1,5,1,
3,16,902,237,40,27,1,5,1,
3,17,265,41,107,32,1,5,1,
3,18,676,0,97,45,1,5,1,
3,19,205,12,100,31,1,5,1,
3,20,352,289,49,17,1,5,1,
3,21,608,92,76,33,1,5,1,
3,22,836,199,35,32,1,5,1,
3,23,0,180,19,16,1,5,1,
3,24,846,351,68,28,1,5,1,
3,25,616,327,48,16,1,5,1,
3,26,333,317,31,23,1,5,1,
3,27,603,366,17,23,1,5,1,
3,28,899,319,22,15,1,5,1,
4,1,858,110,58,33,1,5,1,
4,2,483,361,86,23,1,5,1,
4,3,738,113,95,23,1,5,1,
4,4,55,241,58,33,1,5,1,
4,6,849,194,48,16,1,5,1,
4,7,174,25,127,47,1,5,1,
4,8,206,301,119,64,1,5,1,
4,10,875,337,85,27,1,5,1,
4,11,166,102,152,39,1,5,1,
4,12,95,160,43,21,1,5,1,
4,13,306,449,53,16,1,5,1,
4,14,330,474,31,24,1,5,1,
4,15,852,0,34,13,1,5,1,
4,16,907,238,39,27,1,5,1,
4,17,279,45,106,28,1,5,1,
4,18,682,0,100,47,1,5,1,
4,19,218,10,92,32,1,5,1,
4,20,355,290,50,17,1,5,1,
4,21,614,96,80,30,1,5,1,
4,22,836,201,34,31,1,5,1,
4,23,0,179,25,16,1,5,1,
4,24,834,351,83,28,1,5,1,
4,25,618,326,53,16,1,5,1,
4,26,333,316,24,23,1,5,1,
4,27,603,367,17,24,1,5,1,
4,28,898,319,22,15,1,5,1,
5,1,855,108,74,33,1,5,1,
5,2,476,360,86,24,1,5,1,
5,3,748,110,101,23,1,5,1,
5,4,56,240,61,34,1,5,1,
5,6,855,195,46,16,1,5,1,
5,7,184,22,127,48,1,5,1,
5,8,202,301,107,71,1,5,1,
5,10,887,338,73,27,1,5,1,
5,11,178,102,152,39,1,5,1,
5,12,97,161,49,21,1,5,1,
5,13,310,451,54,16,1,5,1,
5,14,330,469,26,27,1,5,1,
5,15,859,0,26,14,1,5,1,
5,16,907,239,47,27,1,5,1,
5,17,293,46,104,27,1,5,1,
5,18,686,0,106,49,1,5,1,
5,19,230,7,83,32,1,5,1,
5,20,357,291,52,17,1,5,1,
5,21,621,98,81,29,1,5,1,
5,22,838,203,33,30,1,5,1,
5,23,0,178,35,17,1,5,1,
5,24,822,351,96,28,1,5,1,
5,25,620,325,57,16,1,5,1,
5,26,335,314,23,23,1,5,1,
5,27,602,370,16,21,1,5,1,
5,28,896,318,24,16,1,5,1,
6,1,853,105,91,34,1,5,1,
6,2,469,360,86,23,1,5,1,
6,3,760,108,104,22,1,5,1,
6,4,59,240,64,34,1,5,1,
6,6,859,196,47,16,1,5,1,
6,7,194,19,127,49,1,5,1,
6,8,201,302,91,78,1,5,1,
6,10,902,339,58,26,1,5,1,
6,11,191,102,150,39,1,5,1,
6,12,101,163,52,20,1,5,1,
6,13,314,453,56,15,1,5,1,
6,14,330,464,21,30,1,5,1,
6,15,864,0,20,16,1,5,1,
6,16,905,240,55,26,1,5,1,
6,17,308,46,101,27,1,5,1,
6,18,679,0,122,51,1,5,1,
6,19,242,4,74,33,1,5,1,
6,20,359,292,54,17,1,5,1,
6,21,628,100,86,27,1,5,1,
6,22,841,205,31,30,1,5,1,
6,23,0,178,45,17,1,5,1,
6,24,809,351,108,27,1,5,1,
6,25,624,324,60,17,1,5,1,
6,26,338,312,22,23,1,5,1,
6,27,600,372,17,18,1,5,1,
6,28,893,318,30,15,1,5,1,
7,1,852,102,107,35,1,5,1,
7,2,462,360,85,22,1,5,1,
7,3,773,107,106,21,1,5,1,
7,4,61,239,68,35,1,5,1,
7,6,863,197,51,16,1,5,1,
7,7,204,16,128,49,1,5,1,
7,8,204,304,73,85,1,5,1,
7,10,912,343,48,19,1,5,1,
7,11,203,102,149,38,1,5,1,
7,12,106,165,54,20,1,5,1,
7,13,319,453,58,16,1,5,1,
7,14,327,462,23,26,1,5,1,
7,15,867,0,17,17,1,5,1,
7,16,906,240,54,27,1,5,1,
7,17,321,46,100,27,1,5,1,
7,18,682,0,133,55,1,5,1,
7,19,246,4,81,32,1,5,1,
7,20,361,294,57,16,1,5,1,
7,21,635,101,91,25,1,5,1,
7,22,836,207,40,29,1,5,1,
7,23,0,178,56,17,1,5,1,
7,24,797,350,118,27,1,5,1,
7,25,628,323,63,17,1,5,1,
7,26,342,311,21,22,1,5,1,
7,27,598,374,16,16,1,5,1,
7,28,888,318,37,15,1,5,1,
8,1,852,99,108,36,1,5,1,
8,2,459,359,80,23,1,5,1,
8,3,788,105,105,22,1,5,1,
8,4,63,239,75,35,1,5,1,
8,6,868,197,55,15,1,5,1,
8,7,211,13,134,50,1,5,1,
8,8,208,307,68,90,1,5,1,
8,10,917,342,43,20,1,5,1,
8,11,214,102,150,39,1,5,1,
8,12,111,167,56,19,1,5,1,
8,13,324,454,60,16,1,5,1,
8,14,324,459,25,23,1,5,1,
8,15,866,0,18,19,1,5,1,
8,16,908,241,52,27,1,5,1,
8,17,333,46,101,27,1,5,1,
8,18,687,0,138,56,1,5,1,
8,19,249,4,89,32,1,5,1,
8,20,364,295,58,17,1,5,1,
8,21,643,101,96,25,1,5,1,
8,22,832,209,52,28,1,5,1,
8,23,0,178,63,17,1,5,1,
8,24,786,349,125,28,1,5,1,
8,25,632,322,65,17,1,5,1,
8,26,340,309,28,22,1,5,1,
8,27,594,375,17,15,1,5,1,
8,28,887,317,32,15,1,5,1,
9,1,854,96,106,37,1,5,1,
9,2,456,358,75,22,1,5,1,
9,3,803,104,103,22,1,5,1,
9,4,64,239,84,35,1,5,1,
9,6,875,197,57,15,1,5,1,
9,7,217,11,142,50,1,5,1,
9,8,205,310,73,95,1,5,1,
9,10,922,346,38,15,1,5,1,
9,11,227,103,149,40,1,5,1,
9,12,117,168,57,18,1,5,1,
9,13,330,454,59,17,1,5,1,
9,14,320,456,27,21,1,5,1,
9,15,865,0,17,21,1,5,1,
9,16,912,242,48,23,1,5,1,
9,17,346,46,100,27,1,5,1,
9,18,694,1,148,57,1,5,1,
9,19,252,5,97,31,1,5,1,
9,20,366,296,61,17,1,5,1,
9,21,652,101,99,24,1,5,1,
9,22,831,211,62,26,1,5,1,
9,23,5,177,65,17,1,5,1,
9,24,775,349,131,27,1,5,1,
9,25,637,321,66,17,1,5,1,
9,26,340,307,36,22,1,5,1,
9,27,589,375,22,15,1,5,1,
9,28,886,317,26,15,1,5,1,
10,1,858,95,102,36,1,5,1,
10,2,455,356,67,23,1,5,1,
10,3,819,103,98,22,1,5,1,
10,4,67,238,90,36,1,5,1,
10,6,882,196,57,16,1,5,1,
10,7,224,9,150,51,1,5,1,
10,8,206,313,75,99,1,5,1,
10,10,927,345,33,14,1,5,1,
10,11,240,106,148,39,1,5,1,
10,12,123,170,58,17,1,5,1,
10,13,335,455,59,16,1,5,1,
10,14,320,454,25,21,1,5,1,
10,15,864,0,16,24,1,5,1,
10,16,921,243,39,17,1,5,1,
10,17,358,46,101,27,1,5,1,
10,18,705,3,146,56,1,5,1,
10,19,256,7,104,29,1,5,1,
10,20,369,296,64,18,1,5,1,
10,21,661,100,101,25,1,5,1,
10,22,833,211,70,25,1,5,1,
10,23,12,177,65,17,1,5,1,
10,24,766,347,133,28,1,5,1,
10,25,642,320,67,17,1,5,1,
10,26,342,306,41,21,1,5,1,
10,27,583,374,28,16,1,5,1,
10,28,886,316,22,15,1,5,1,
11,1,863,94,97,34,1,5,1,
11,2,455,355,58,24,1,5,1,
11,3,836,102,90,23,1,5,1,
11,4,71,238,96,36,1,5,1,
11,6,890,196,57,16,1,5,1,
11,7,228,9,164,51,1,5,1,
11,8,210,318,78,101,1,5,1,
11,11,253,108,147,39,1,5,1,
11,12,130,171,58,17,1,5,1,
11,13,341,456,58,16,1,5,1,
11,14,320,451,21,22,1,5,1,
11,15,862,0,20,27,1,5,1,
11,17,371,47,100,27,1,5,1,
11,18,719,3,140,57,1,5,1,
11,19,262,6,108,30,1,5,1,
11,20,373,297,67,18,1,5,1,
11,21,671,99,100,25,1,5,1,
11,22,839,211,70,25,1,5,1,
11,23,20,177,64,17,1,5,1,
11,24,757,345,134,29,1,5,1,
11,25,647,318,68,17,1,5,1,
11,26,345,305,46,20,1,5,1,
11,27,582,374,25,16,1,5,1,
11,28,885,316,25,14,1,5,1,
12,1,869,92,91,34,1,5,1,
12,2,456,353,49,25,1,5,1,
12,3,851,102,83,24,1,5,1,
12,4,75,238,103,36,1,5,1,
12,6,898,196,55,16,1,5,1,
12,7,233,10,176,50,1,5,1,
12,8,201,323,107,101,1,5,1,
12,11,264,110,147,38,1,5,1,
12,12,137,173,57,15,1,5,1,
12,13,347,457,57,16,1,5,1,
12,14,320,448,18,23,1,5,1,
12,15,858,0,25,30,1,5,1,
12,17,383,48,101,27,1,5,1,
12,18,731,4,136,57,1,5,1,
12,19,268,5,112,31,1,5,1,
12,20,376,297,71,19,1,5,1,
12,21,681,99,100,25,1,5,1,
12,22,849,211,59,25,1,5,1,
12,23,27,177,64,17,1,5,1,
12,24,750,343,133,30,1,5,1,
12,25,653,317,69,17,1,5,1,
12,26,349,304,50,19,1,5,1,
12,27,582,374,19,17,1,5,1,
12,28,883,316,29,14,1,5,1,
13,1,878,89,82,34,1,5,1,
13,2,457,351,40,25,1,5,1,
13,3,868,103,72,23,1,5,1,
13,4,80,237,108,37,1,5,1,
13,6,907,196,52,16,1,5,1,
13,7,240,11,185,51,1,5,1,
13,8,190,329,148,98,1,5,1,
13,11,276,110,146,38,1,5,1,
13,12,144,174,57,15,1,5,1,
13,13,353,458,56,16,1,5,1,
13,14,320,444,14,25,1,5,1,
13,15,852,2,31,31,1,5,1,
13,17,396,49,100,27,1,5,1,
13,18,745,4,129,59,1,5,1,
13,19,276,4,114,31,1,5,1,
13,20,382,298,68,18,1,5,1,
13,21,692,99,98,25,1,5,1,
13,22,861,211,45,25,1,5,1,
13,23,35,177,63,17,1,5,1,
13,24,743,341,129,30,1,5,1,
13,25,659,316,70,17,1,5,1,
13,26,353,304,54,18,1,5,1,
13,27,582,375,15,17,1,5,1,
13,28,878,316,36,13,1,5,1,
14,1,888,87,72,32,1,5,1,
14,2,458,350,32,24,1,5,1,
14,3,884,103,60,24,1,5,1,
14,4,85,237,114,37,1,5,1,
14,6,914,196,45,16,1,5,1,
14,7,249,12,191,52,1,5,1,
14,8,183,335,188,94,1,5,1,
14,11,287,110,146,39,1,5,1,
14,12,151,176,55,13,1,5,1,
14,13,358,459,55,16,1,5,1,
14,14,321,441,13,25,1,5,1,
14,15,846,4,36,32,1,5,1,
14,17,408,49,101,26,1,5,1,
14,18,758,5,122,59,1,5,1,
14,19,284,4,115,30,1,5,1,
14,20,387,298,66,18,1,5,1,
14,21,702,99,98,25,1,5,1,
14,22,868,211,39,25,1,5,1,
14,23,45,176,56,17,1,5,1,
14,24,737,339,124,31,1,5,1,
14,25,666,315,69,17,1,5,1,
14,26,358,303,57,18,1,5,1,
14,27,581,375,16,18,1,5,1,
14,28,873,316,42,13,1,5,1,
15,1,900,86,60,29,1,5,1,
15,2,458,349,25,23,1,5,1,
15,3,898,103,47,27,1,5,1,
15,4,91,236,119,38,1,5,1,
15,6,922,196,38,16,1,5,1,
15,7,261,12,193,53,1,5,1,
15,8,179,341,226,88,1,5,1,
15,11,298,111,146,38,1,5,1,
15,12,158,177,54,13,1,5,1,
15,13,363,459,57,17,1,5,1,
15,14,323,438,12,26,1,5,1,
15,15,840,6,41,33,1,5,1,
15,17,420,48,101,27,1,5,1,
15,18,771,6,115,60,1,5,1,
15,19,292,3,117,30,1,5,1,
15,20,393,298,62,18,1,5,1,
15,21,713,99,92,26,1,5,1,
15,22,873,211,36,25,1,5,1,
15,23,55,176,48,17,1,5,1,
15,24,732,337,116,31,1,5,1,
15,25,674,315,67,16,1,5,1,
15,26,363,303,61,17,1,5,1,
15,27,581,375,17,20,1,5,1,
15,28,867,315,48,14,1,5,1,
16,2,459,347,19,23,1,5,1,
16,3,912,104,33,28,1,5,1,
16,4,98,236,122,38,1,5,1,
16,6,930,196,30,16,1,5,1,
16,7,275,12,193,53,1,5,1,
16,8,179,348,261,84,1,5,1,
16,11,309,111,146,38,1,5,1,
16,12,166,178,50,12,1,5,1,
16,13,369,461,56,16,1,5,1,
16,14,325,435,12,26,1,5,1,
16,15,834,9,44,32,1,5,1,
16,17,432,48,102,27,1,5,1,
16,18,783,7,108,61,1,5,1,
16,19,300,2,118,30,1,5,1,
16,20,398,298,61,18,1,5,1,
16,21,724,100,85,26,1,5,1,
16,22,878,212,33,24,1,5,1,
16,23,64,175,39,17,1,5,1,
16,24,729,336,107,29,1,5,1,
16,25,682,314,64,16,1,5,1,
16,26,369,303,63,16,1,5,1,
16,27,580,376,19,21,1,5,1,
16,28,865,315,45,13,1,5,1,
17,2,461,346,18,21,1,5,1,
17,3,920,105,29,29,1,5,1,
17,4,106,236,125,38,1,5,1,
17,6,939,196,21,16,1,5,1,
17,7,289,13,193,53,1,5,1,
17,8,183,351,289,83,1,5,1,
17,11,321,111,145,38,1,5,1,
17,12,173,178,47,12,1,5,1,
17,13,374,462,55,17,1,5,1,
17,14,324,432,16,25,1,5,1,
17,15,830,11,44,33,1,5,1,
17,17,444,48,102,27,1,5,1,
17,18,794,9,102,61,1,5,1,
17,19,309,1,119,31,1,5,1,
17,20,402,298,63,18,1,5,1,
17,21,734,100,81,27,1,5,1,
17,22,882,212,31,25,1,5,1,
17,23,73,174,31,17,1,5,1,
17,24,726,334,97,29,1,5,1,
17,25,690,314,60,15,1,5,1,
17,26,375,302,65,17,1,5,1,
17,27,578,377,24,23,1,5,1,
17,28,865,314,37,13,1,5,1,
18,2,463,345,18,20,1,5,1,
18,3,921,108,36,27,1,5,1,
18,4,113,235,129,39,1,5,1,
18,6,948,197,12,15,1,5,1,
18,7,304,13,192,53,1,5,1,
18,8,193,352,309,82,1,5,1,
18,11,332,111,145,39,1,5,1,
18,12,180,178,44,12,1,5,1,
18,13,380,463,52,17,1,5,1,
18,14,324,430,21,24,1,5,1,
18,15,825,14,44,32,1,5,1,
18,17,456,48,103,27,1,5,1,
18,18,804,11,97,61,1,5,1,
18,19,317,1,121,30,1,5,1,
18,20,407,298,63,18,1,5,1,
18,21,743,100,78,28,1,5,1,
18,22,884,213,31,24,1,5,1,
18,23,80,173,25,18,1,5,1,
18,24,725,333,85,27,1,5,1,
18,25,699,313,54,15,1,5,1,
18,26,382,302,67,17,1,5,1,
18,27,576,378,33,25,1,5,1,
18,28,865,314,30,13,1,5,1,
19,2,462,344,24,19,1,5,1,
19,3,921,111,39,24,1,5,1,
19,4,121,235,132,39,1,5,1,
19,7,319,13,191,54,1,5,1,
19,8,207,352,323,81,1,5,1,
19,11,344,112,144,38,1,5,1,
19,12,186,178,41,12,1,5,1,
19,13,386,463,48,20,1,5,1,
19,14,325,427,25,23,1,5,1,
19,15,820,17,45,31,1,5,1,
19,17,469,48,102,27,1,5,1,
19,18,814,13,93,61,1,5,1,
19,19,327,0,120,30,1,5,1,
19,20,411,298,64,18,1,5,1,
19,21,752,101,76,27,1,5,1,
19,22,886,213,31,24,1,5,1,
19,23,82,172,26,18,1,5,1,
19,24,725,332,73,26,1,5,1,
19,25,707,313,49,15,1,5,1,
19,26,389,302,68,17,1,5,1,
19,27,575,379,42,26,1,5,1,
19,28,863,313,26,13,1,5,1,
20,2,460,344,31,17,1,5,1,
20,3,922,114,38,22,1,5,1,
20,4,130,235,135,40,1,5,1,
20,7,333,14,191,55,1,5,1,
20,8,228,351,328,80,1,5,1,
20,11,355,112,144,39,1,5,1,
20,12,193,178,36,12,1,5,1,
20,13,390,465,52,19,1,5,1,
20,14,327,426,28,21,1,5,1,
20,15,816,20,44,31,1,5,1,
20,17,481,48,102,27,1,5,1,
20,18,822,16,91,60,1,5,1,
20,19,335,0,122,30,1,5,1,
20,20,415,298,68,18,1,5,1,
20,21,760,102,75,27,1,5,1,
20,22,887,214,31,23,1,5,1,
20,23,83,171,26,18,1,5,1,
20,24,726,331,60,25,1,5,1,
20,25,715,312,42,15,1,5,1,
20,26,396,302,69,17,1,5,1,
20,27,575,381,51,26,1,5,1,
20,28,861,313,23,13,1,5,1,
21,2,459,343,38,17,1,5,1,
21,3,929,115,31,22,1,5,1,
21,4,138,234,138,41,1,5,1,
21,7,349,16,188,54,1,5,1,
21,8,256,351,326,80,1,5,1,
21,11,367,113,143,38,1,5,1,
21,12,199,178,31,12,1,5,1,
21,13,393,468,57,18,1,5,1,
21,14,329,424,32,20,1,5,1,
21,15,811,23,44,30,1,5,1,
21,17,493,48,103,27,1,5,1,
21,18,831,18,86,60,1,5,1,
21,19,345,0,122,29,1,5,1,
21,20,419,298,73,18,1,5,1,
21,21,768,103,73,27,1,5,1,
21,22,889,214,30,24,1,5,1,
21,23,84,169,26,19,1,5,1,
21,24,728,330,47,25,1,5,1,
21,25,723,312,34,15,1,5,1,
21,26,404,302,69,18,1,5,1,
21,27,577,383,59,26,1,5,1,
21,28,862,313,20,12,1,5,1,
22,2,460,342,44,18,1,5,1,
22,3,938,116,22,14,1,5,1,
22,4,148,234,140,41,1,5,1,
22,7,363,17,187,54,1,5,1,
22,8,284,351,325,80,1,5,1,
22,11,379,114,141,37,1,5,1,
22,12,204,178,26,11,1,5,1,
22,13,397,470,61,18,1,5,1,
22,14,331,423,36,17,1,5,1,
22,15,807,26,44,29,1,5,1,
22,17,506,48,102,27,1,5,1,
22,18,841,20,80,60,1,5,1,
22,19,354,0,123,28,1,5,1,
22,20,423,298,77,18,1,5,1,
22,21,773,104,80,25,1,5,1,
22,22,890,215,31,23,1,5,1,
22,23,85,168,27,18,1,5,1,
22,24,726,329,39,24,1,5,1,
22,25,731,311,26,15,1,5,1,
22,26,412,302,69,18,1,5,1,
22,27,579,385,67,26,1,5,1,
22,28,860,312,22,13,1,5,1,
23,2,461,342,50,17,1,5,1,
23,4,157,234,143,41,1,5,1,
23,7,378,18,185,54,1,5,1,
23,8,312,351,323,79,1,5,1,
23,11,390,114,141,38,1,5,1,
23,12,210,177,20,12,1,5,1,
23,13,402,470,64,19,1,5,1,
23,14,335,421,38,16,1,5,1,
23,15,802,28,44,29,1,5,1,
23,17,518,47,103,28,1,5,1,
23,18,849,23,78,59,1,5,1,
23,19,363,0,124,28,1,5,1,
23,20,429,298,78,17,1,5,1,
23,21,779,104,86,25,1,5,1,
23,22,892,215,30,23,1,5,1,
23,23,86,166,27,19,1,5,1,
23,24,727,328,29,24,1,5,1,
23,25,738,311,18,15,1,5,1,
23,26,419,302,70,18,1,5,1,
23,27,583,388,74,25,1,5,1,
23,28,858,312,25,12,1,5,1,
24,2,462,341,56,18,1,5,1,
24,4,166,233,147,42,1,5,1,
24,7,393,18,182,55,1,5,1,
24,8,340,350,321,80,1,5,1,
24,11,402,115,139,37,1,5,1,
24,12,214,176,17,12,1,5,1,
24,13,408,470,66,19,1,5,1,
24,14,338,419,40,15,1,5,1,
24,15,798,31,43,28,1,5,1,
24,17,531,47,102,28,1,5,1,
24,18,856,26,77,58,1,5,1,
24,19,374,0,123,28,1,5,1,
24,20,435,298,79,18,1,5,1,
24,21,788,104,86,25,1,5,1,
24,22,893,216,30,22,1,5,1,
24,23,87,165,27,19,1,5,1,
24,24,728,328,26,22,1,5,1,
24,25,741,311,16,14,1,5,1,
24,26,426,301,70,17,1,5,1,
24,27,588,390,80,24,1,5,1,
24,28,856,311,26,13,1,5,1,
25,2,465,341,60,17,1,5,1,
25,4,176,233,149,42,1,5,1,
25,7,407,19,180,56,1,5,1,
25,8,367,350,320,80,1,5,1,
25,11,413,115,139,38,1,5,1,
25,12,217,175,15,13,1,5,1,
25,13,415,470,66,19,1,5,1,
25,14,342,418,42,14,1,5,1,
25,15,793,34,44,27,1,5,1,
25,17,543,48,103,27,1,5,1,
25,18,863,28,75,57,1,5,1,
25,19,386,0,122,29,1,5,1,
25,20,441,297,79,19,1,5,1,
25,21,797,104,85,25,1,5,1,
25,22,895,216,30,23,1,5,1,
25,23,88,163,28,20,1,5,1,
25,24,730,327,26,22,1,5,1,
25,25,741,311,16,14,1,5,1,
25,26,434,301,70,17,1,5,1,
25,27,594,393,86,23,1,5,1,
25,28,853,311,29,12,1,5,1,
26,2,468,341,64,17,1,5,1,
26,4,186,232,152,43,1,5,1,
26,7,422,20,178,56,1,5,1,
26,8,395,350,318,79,1,5,1,
26,11,424,116,138,37,1,5,1,
26,12,216,174,15,13,1,5,1,
26,13,422,471,66,18,1,5,1,
26,14,347,417,43,13,1,5,1,
26,15,789,36,43,27,1,5,1,
26,17,555,48,106,26,1,5,1,
26,18,871,31,72,56,1,5,1,
26,19,397,0,121,27,1,5,1,
26,20,447,297,80,19,1,5,1,
26,21,806,105,84,25,1,5,1,
26,22,896,217,30,22,1,5,1,
26,23,90,161,28,20,1,5,1,
26,24,732,327,25,21,1,5,1,
26,25,740,310,17,14,1,5,1,
26,26,442,301,70,16,1,5,1,
26,27,602,395,89,22,1,5,1,
26,28,850,311,30,12,1,5,1,
27,2,473,340,66,18,1,5,1,
27,4,197,232,154,43,1,5,1,
27,7,437,22,175,55,1,5,1,
27,8,424,350,316,79,1,5,1,
27,11,436,117,136,37,1,5,1,
27,12,215,173,15,13,1,5,1,
27,13,429,471,66,18,1,5,1,
27,14,352,417,44,11,1,5,1,
27,15,784,39,43,26,1,5,1,
27,17,568,47,107,26,1,5,1,
27,18,878,33,69,56,1,5,1,
27,19,407,0,121,26,1,5,1,
27,20,454,297,79,19,1,5,1,
27,21,815,105,82,25,1,5,1,
27,22,897,217,30,22,1,5,1,
27,23,91,160,28,20,1,5,1,
27,24,732,326,26,21,1,5,1,
27,25,740,310,17,14,1,5,1,
27,26,450,301,70,15,1,5,1,
27,27,611,397,90,21,1,5,1,
27,28,848,310,30,12,1,5,1,
28,2,477,340,69,18,1,5,1,
28,4,208,232,156,43,1,5,1,
28,7,451,23,172,55,1,5,1,
28,8,450,350,316,79,1,5,1,
28,11,447,117,135,37,1,5,1,
28,12,213,172,16,13,1,5,1,
28,13,435,471,67,18,1,5,1,
28,14,357,417,45,11,1,5,1,
28,15,780,41,43,26,1,5,1,
28,17,580,46,108,26,1,5,1,
28,18,884,36,67,55,1,5,1,
28,19,415,-2,124,26,1,5,1,
28,20,460,297,80,19,1,5,1,
28,21,823,106,82,24,1,5,1,
28,22,898,218,30,21,1,5,1,
28,23,92,158,29,21,1,5,1,
28,24,733,326,25,21,1,5,1,
28,25,738,309,20,14,1,5,1,
28,26,457,299,70,16,1,5,1,
28,27,620,398,91,20,1,5,1,
28,28,845,310,31,12,1,5,1,
29,2,482,340,71,17,1,5,1,
29,4,218,231,160,44,1,5,1,
29,7,465,24,170,56,1,5,1,
29,8,477,350,315,79,1,5,1,
29,11,458,118,134,37,1,5,1,
29,12,212,171,16,13,1,5,1,
29,13,442,471,67,19,1,5,1,
29,14,363,417,45,11,1,5,1,
29,15,776,43,42,25,1,5,1,
29,17,593,45,106,27,1,5,1,
29,18,891,38,64,55,1,5,1,
29,19,423,-3,126,26,1,5,1,
29,20,466,297,81,19,1,5,1,
29,21,832,106,80,25,1,5,1,
29,22,899,218,30,22,1,5,1,
29,23,94,156,29,21,1,5,1,
29,24,733,325,25,21,1,5,1,
29,25,735,308,23,14,1,5,1,
29,26,465,298,70,17,1,5,1,
29,27,630,398,91,20,1,5,1,
29,28,841,309,32,12,1,5,1,
30,2,488,339,72,18,1,5,1,
30,4,229,231,163,44,1,5,1,
30,7,480,25,165,55,1,5,1,
30,8,505,350,312,78,1,5,1,
30,11,469,118,133,37,1,5,1,
30,12,211,169,16,14,1,5,1,
30,13,449,472,67,18,1,5,1,
30,14,368,417,45,11,1,5,1,
30,15,771,45,43,25,1,5,1,
30,17,606,45,106,27,1,5,1,
30,18,897,41,62,54,1,5,1,
30,19,432,-4,127,26,1,5,1,
30,20,472,297,81,19,1,5,1,
30,21,840,106,79,25,1,5,1,
30,22,900,219,29,21,1,5,1,
30,23,96,155,29,21,1,5,1,
30,24,732,324,25,21,1,5,1,
30,25,733,307,24,14,1,5,1,
30,26,473,298,70,16,1,5,1,
30,27,641,397,88,21,1,5,1,
30,28,838,309,33,12,1,5,1,
31,2,494,339,73,18,1,5,1,
31,4,242,230,160,46,1,5,1,
31,7,494,25,162,57,1,5,1,
31,8,532,350,311,78,1,5,1,
31,11,479,119,133,36,1,5,1,
31,12,210,168,16,14,1,5,1,
31,13,455,472,68,18,1,5,1,
31,14,374,417,44,11,1,5,1,
31,15,767,48,42,24,1,5,1,
31,17,619,44,106,28,1,5,1,
31,18,903,43,56,54,1,5,1,
31,19,441,-6,129,26,1,5,1,
31,20,478,296,82,19,1,5,1,
31,21,849,107,77,25,1,5,1,
31,22,901,219,29,21,1,5,1,
31,23,96,152,30,22,1,5,1,
31,24,732,323,25,21,1,5,1,
31,25,730,306,26,14,1,5,1,
31,26,481,297,70,16,1,5,1,
31,27,652,396,84,21,1,5,1,
31,28,835,308,33,12,1,5,1,
32,2,500,339,74,18,1,5,1,
32,4,254,230,160,47,1,5,1,
32,7,508,26,158,57,1,5,1,
32,8,560,350,308,78,1,5,1,
32,11,490,119,131,37,1,5,1,
32,12,209,167,16,14,1,5,1,
32,13,462,472,68,18,1,5,1,
32,14,380,418,43,11,1,5,1,
32,15,763,50,41,24,1,5,1,
32,17,632,44,106,28,1,5,1,
32,18,908,46,52,53,1,5,1,
32,20,485,295,81,19,1,5,1,
32,21,858,108,74,24,1,5,1,
32,22,902,220,28,21,1,5,1,
32,23,97,150,30,23,1,5,1,
32,24,731,323,25,20,1,5,1,
32,25,728,306,25,14,1,5,1,
32,26,489,297,69,16,1,5,1,
32,27,664,396,78,20,1,5,1,
32,28,832,308,33,12,1,5,1,
33,2,507,339,74,17,1,5,1,
33,4,262,229,167,48,1,5,1,
33,7,521,27,155,58,1,5,1,
33,8,584,350,317,80,1,5,1,
33,11,501,120,130,36,1,5,1,
33,12,208,165,16,15,1,5,1,
33,13,469,472,68,18,1,5,1,
33,14,385,418,43,11,1,5,1,
33,15,758,52,42,23,1,5,1,
33,17,644,44,106,28,1,5,1,
33,18,913,49,47,51,1,5,1,
33,20,491,294,82,20,1,5,1,
33,21,865,108,73,25,1,5,1,
33,22,903,220,28,21,1,5,1,
33,23,98,148,31,23,1,5,1,
33,24,731,322,24,20,1,5,1,
33,25,726,306,25,13,1,5,1,
33,26,497,297,69,16,1,5,1,
33,27,675,395,71,20,1,5,1,
33,28,829,308,33,11,1,5,1,
34,2,514,339,74,17,1,5,1,
34,4,272,229,173,48,1,5,1,
34,7,534,28,150,58,1,5,1,
34,8,610,351,316,78,1,5,1,
34,11,511,121,129,36,1,5,1,
34,12,207,164,16,15,1,5,1,
34,13,476,472,68,18,1,5,1,
34,14,391,419,41,11,1,5,1,
34,15,754,54,42,23,1,5,1,
34,17,657,44,105,28,1,5,1,
34,18,919,51,41,51,1,5,1,
34,20,498,294,82,20,1,5,1,
34,21,873,109,72,24,1,5,1,
34,22,903,221,28,20,1,5,1,
34,23,100,146,31,23,1,5,1,
34,24,730,321,25,20,1,5,1,
34,25,724,305,25,14,1,5,1,
34,26,505,297,68,16,1,5,1,
34,27,687,394,62,19,1,5,1,
34,28,826,307,33,12,1,5,1,
35,2,521,339,74,17,1,5,1,
35,4,282,228,179,50,1,5,1,
35,7,548,29,145,59,1,5,1,
35,8,638,351,312,78,1,5,1,
35,11,522,121,127,36,1,5,1,
35,12,206,163,17,15,1,5,1,
35,13,483,473,68,18,1,5,1,
35,14,397,420,39,11,1,5,1,
35,15,750,56,41,22,1,5,1,
35,17,669,44,105,28,1,5,1,
35,18,924,53,36,50,1,5,1,
35,20,504,294,83,20,1,5,1,
35,21,880,109,72,25,1,5,1,
35,22,904,221,28,20,1,5,1,
35,23,102,143,31,25,1,5,1,
35,24,729,321,24,20,1,5,1,
35,25,722,305,25,13,1,5,1,
35,26,513,296,68,17,1,5,1,
35,27,697,392,56,20,1,5,1,
35,28,823,307,33,11,1,5,1,
36,2,528,339,73,17,1,5,1,
36,4,293,228,184,50,1,5,1,
36,7,560,32,145,59,1,5,1,
36,8,667,350,292,79,1,5,1,
36,11,532,122,126,36,1,5,1,
36,12,205,161,17,15,1,5,1,
36,13,490,473,68,18,1,5,1,
36,14,402,420,39,12,1,5,1,
36,15,746,58,41,22,1,5,1,
36,17,683,44,103,28,1,5,1,
36,18,930,56,30,49,1,5,1,
36,20,511,295,82,19,1,5,1,
36,21,888,110,70,24,1,5,1,
36,22,904,222,28,20,1,5,1,
36,23,104,141,32,25,1,5,1,
36,24,729,320,25,20,1,5,1,
36,25,720,305,25,13,1,5,1,
36,26,522,296,66,17,1,5,1,
36,27,705,391,53,20,1,5,1,
36,28,821,307,32,11,1,5,1,
37,2,535,339,73,17,1,5,1,
37,4,305,227,189,51,1,5,1,
37,7,570,38,148,56,1,5,1,
37,8,694,350,266,78,1,5,1,
37,11,543,123,123,36,1,5,1,
37,12,204,160,17,15,1,5,1,
37,13,497,473,68,18,1,5,1,
37,14,407,421,39,12,1,5,1,
37,15,742,60,41,21,1,5,1,
37,17,695,44,102,29,1,5,1,
37,18,934,58,26,48,1,5,1,
37,20,517,295,83,19,1,5,1,
37,21,896,111,63,25,1,5,1,
37,22,905,222,27,20,1,5,1,
37,23,106,139,33,25,1,5,1,
37,24,728,320,25,19,1,5,1,
37,25,718,304,26,13,1,5,1,
37,26,529,296,66,16,1,5,1,
37,27,712,390,51,20,1,5,1,
37,28,818,306,32,11,1,5,1,
38,2,542,339,73,17,1,5,1,
38,4,318,227,193,51,1,5,1,
38,7,580,44,147,54,1,5,1,
38,8,722,349,238,78,1,5,1,
38,11,553,123,122,36,1,5,1,
38,12,203,159,18,15,1,5,1,
38,13,504,473,68,18,1,5,1,
38,14,411,422,40,12,1,5,1,
38,15,738,62,40,21,1,5,1,
38,17,708,45,101,28,1,5,1,
38,18,939,60,21,48,1,5,1,
38,20,523,295,84,19,1,5,1,
38,21,902,112,58,25,1,5,1,
38,22,905,223,27,19,1,5,1,
38,23,108,137,33,25,1,5,1,
38,24,727,319,26,19,1,5,1,
38,25,716,304,26,13,1,5,1,
38,26,537,296,65,16,1,5,1,
38,27,718,389,50,20,1,5,1,
38,28,815,306,32,11,1,5,1,
39,2,549,339,73,17,1,5,1,
39,4,330,226,198,52,1,5,1,
39,7,590,49,145,51,1,5,1,
39,8,749,349,211,75,1,5,1,
39,11,562,124,123,35,1,5,1,
39,12,203,157,17,16,1,5,1,
39,13,511,473,68,18,1,5,1,
39,14,416,423,41,12,1,5,1,
39,15,733,63,41,21,1,5,1,
39,17,720,45,101,28,1,5,1,
39,18,942,63,18,47,1,5,1,
39,20,530,295,84,19,1,5,1,
39,21,908,113,52,24,1,5,1,
39,22,904,223,27,19,1,5,1,
39,23,110,134,34,26,1,5,1,
39,24,726,319,27,18,1,5,1,
39,25,712,304,29,12,1,5,1,
39,26,545,296,64,16,1,5,1,
39,27,725,388,47,19,1,5,1,
39,28,812,306,33,11,1,5,1,
40,2,556,339,72,17,1,5,1,
40,4,344,225,202,53,1,5,1,
40,7,601,53,144,48,1,5,1,
40,8,777,348,183,69,1,5,1,
40,11,573,124,121,35,1,5,1,
40,12,202,156,18,16,1,5,1,
40,13,518,473,68,18,1,5,1,
40,14,421,424,42,12,1,5,1,
40,15,729,65,41,20,1,5,1,
40,17,733,46,99,28,1,5,1,
40,20,537,295,84,19,1,5,1,
40,21,915,114,45,24,1,5,1,
40,22,904,223,27,20,1,5,1,
40,23,112,132,35,26,1,5,1,
40,24,726,318,23,19,1,5,1,
40,25,710,303,30,13,1,5,1,
40,26,553,296,63,16,1,5,1,
40,27,731,387,46,19,1,5,1,
40,28,809,305,33,11,1,5,1,
41,2,563,339,72,17,1,5,1,
41,4,356,225,209,54,1,5,1,
41,7,611,55,143,47,1,5,1,
41,8,802,351,158,66,1,5,1,
41,11,583,125,119,35,1,5,1,
41,12,201,154,19,16,1,5,1,
41,13,525,473,68,18,1,5,1,
41,14,426,425,42,12,1,5,1,
41,15,725,67,40,20,1,5,1,
41,17,745,46,98,28,1,5,1,
41,20,543,295,85,20,1,5,1,
41,21,922,114,38,25,1,5,1,
41,22,905,224,27,18,1,5,1,
41,23,114,129,36,28,1,5,1,
41,24,728,318,21,18,1,5,1,
41,25,708,303,29,13,1,5,1,
41,26,560,296,63,16,1,5,1,
41,27,735,387,49,18,1,5,1,
41,28,807,305,32,11,1,5,1,
42,2,569,339,72,17,1,5,1,
42,4,369,224,216,55,1,5,1,
42,7,622,57,140,46,1,5,1,
42,8,827,356,133,60,1,5,1,
42,11,592,125,119,35,1,5,1,
42,12,201,152,18,17,1,5,1,
42,13,532,473,68,18,1,5,1,
42,14,431,426,43,12,1,5,1,
42,15,721,69,40,19,1,5,1,
42,17,755,47,103,27,1,5,1,
42,20,550,295,85,20,1,5,1,
42,21,928,115,32,20,1,5,1,
42,22,906,224,26,18,1,5,1,
42,23,116,126,38,28,1,5,1,
42,24,730,318,21,17,1,5,1,
42,25,707,303,27,12,1,5,1,
42,26,567,296,63,16,1,5,1,
42,27,739,386,49,18,1,5,1,
42,28,805,305,31,10,1,5,1,
43,2,577,339,71,17,1,5,1,
43,4,383,224,222,55,1,5,1,
43,7,634,58,137,47,1,5,1,
43,8,854,364,106,45,1,5,1,
43,11,602,126,117,35,1,5,1,
43,12,200,151,19,17,1,5,1,
43,13,539,473,68,18,1,5,1,
43,14,436,427,44,12,1,5,1,
43,15,717,70,40,19,1,5,1,
43,17,768,47,101,28,1,5,1,
43,20,557,295,85,20,1,5,1,
43,21,935,116,25,19,1,5,1,
43,22,905,225,26,17,1,5,1,
43,23,118,124,39,28,1,5,1,
43,24,731,317,20,18,1,5,1,
43,25,705,302,27,13,1,5,1,
43,26,575,296,62,16,1,5,1,
43,27,746,385,47,18,1,5,1,
43,28,802,304,31,11,1,5,1,
44,2,583,339,71,17,1,5,1,
44,4,396,223,230,57,1,5,1,
44,7,645,59,134,47,1,5,1,
44,11,612,127,115,34,1,5,1,
44,12,200,149,19,17,1,5,1,
44,13,546,473,68,18,1,5,1,
44,14,442,428,44,12,1,5,1,
44,15,713,72,40,19,1,5,1,
44,17,780,48,100,27,1,5,1,
44,20,563,295,86,20,1,5,1,
44,22,904,225,26,17,1,5,1,
44,23,118,122,47,28,1,5,1,
44,24,731,317,21,17,1,5,1,
44,25,703,302,27,12,1,5,1,
44,26,583,296,60,15,1,5,1,
44,27,752,384,46,18,1,5,1,
44,28,799,304,31,11,1,5,1,
45,2,589,339,72,17,1,5,1,
45,4,408,223,239,57,1,5,1,
45,7,654,61,133,46,1,5,1,
45,11,620,127,116,35,1,5,1,
45,12,200,148,19,17,1,5,1,
45,13,552,473,69,18,1,5,1,
45,14,446,429,46,12,1,5,1,
45,15,709,73,40,19,1,5,1,
45,17,790,48,102,28,1,5,1,
45,20,569,295,87,20,1,5,1,
45,22,903,226,26,16,1,5,1,
45,23,116,120,62,28,1,5,1,
45,24,733,317,20,17,1,5,1,
45,25,701,302,27,12,1,5,1,
45,26,589,296,60,15,1,5,1,
45,27,756,383,46,18,1,5,1,
45,28,797,304,31,10,1,5,1,
46,2,596,339,71,17,1,5,1,
46,4,423,222,246,59,1,5,1,
46,7,665,62,129,47,1,5,1,
46,11,629,128,114,35,1,5,1,
46,12,199,146,20,18,1,5,1,
46,13,559,473,68,18,1,5,1,
46,14,452,430,46,12,1,5,1,
46,15,705,75,40,18,1,5,1,
46,17,802,49,100,27,1,5,1,
46,20,576,295,87,20,1,5,1,
46,22,903,226,25,17,1,5,1,
46,23,115,119,78,27,1,5,1,
46,24,735,316,20,17,1,5,1,
46,25,700,302,25,11,1,5,1,
46,26,596,296,60,15,1,5,1,
46,27,762,382,44,18,1,5,1,
46,28,795,304,30,10,1,5,1,
47,2,602,338,71,18,1,5,1,
47,4,438,222,253,59,1,5,1,
47,7,675,63,126,47,1,5,1,
47,11,638,129,112,34,1,5,1,
47,12,199,144,20,18,1,5,1,
47,13,566,473,68,18,1,5,1,
47,14,457,430,48,13,1,5,1,
47,15,701,76,40,18,1,5,1,
47,17,813,49,99,28,1,5,1,
47,19,658,0,68,17,1,5,1,
47,20,582,296,88,19,1,5,1,
47,22,902,226,25,17,1,5,1,
47,23,117,117,90,28,1,5,1,
47,24,733,316,27,17,1,5,1,
47,25,700,301,22,12,1,5,1,
47,26,603,296,59,15,1,5,1,
47,27,767,382,43,17,1,5,1,
47,28,793,303,29,11,1,5,1,
48,2,610,338,69,17,1,5,1,
48,4,455,221,257,60,1,5,1,
48,7,686,65,121,46,1,5,1,
48,11,648,130,110,34,1,5,1,
48,12,200,143,21,17,1,5,1,
48,13,574,473,67,18,1,5,1,
48,14,463,431,48,13,1,5,1,
48,15,697,78,40,17,1,5,1,
48,17,827,50,95,28,1,5,1,
48,19,666,0,69,18,1,5,1,
48,20,590,296,87,19,1,5,1,
48,22,901,227,25,16,1,5,1,
48,23,122,116,97,28,1,5,1,
48,24,735,316,24,16,1,5,1,
48,25,700,301,19,12,1,5,1,
48,26,610,296,58,15,1,5,1,
48,27,773,381,41,17,1,5,1,
48,28,791,303,28,10,1,5,1,
49,2,617,338,68,17,1,5,1,
49,4,473,221,260,60,1,5,1,
49,7,696,66,118,47,1,5,1,
49,11,657,130,108,34,1,5,1,
49,12,202,141,21,18,1,5,1,
49,13,581,472,66,19,1,5,1,
49,14,469,432,48,12,1,5,1,
49,15,693,79,40,17,1,5,1,
49,17,839,51,92,28,1,5,1,
49,19,674,0,69,19,1,5,1,
49,20,597,296,86,20,1,5,1,
49,22,899,227,25,17,1,5,1,
49,23,130,114,102,29,1,5,1,
49,24,739,315,21,17,1,5,1,
49,25,700,302,18,11,1,5,1,
49,26,617,295,57,16,1,5,1,
49,27,778,380,40,17,1,5,1,
49,28,790,303,27,10,1,5,1,
50,2,623,338,68,17,1,5,1,
50,4,492,221,262,60,1,5,1,
50,7,707,67,113,47,1,5,1,
50,11,667,131,105,34,1,5,1,
50,12,200,140,27,18,1,5,1,
50,13,588,472,66,18,1,5,1,
50,14,475,433,49,12,1,5,1,
50,15,689,81,40,16,1,5,1,
50,17,851,52,89,28,1,5,1,
50,19,680,0,72,20,1,5,1,
50,20,604,296,86,20,1,5,1,
50,22,898,228,24,17,1,5,1,
50,23,139,113,106,29,1,5,1,
50,24,742,315,20,17,1,5,1,
50,25,700,302,17,11,1,5,1,
50,26,624,295,56,15,1,5,1,
50,27,783,379,38,17,1,5,1,
50,28,788,303,26,10,1,5,1,
51,2,630,338,67,17,1,5,1,
51,4,511,220,263,61,1,5,1,
51,7,716,69,109,47,1,5,1,
51,11,675,132,104,34,1,5,1,
51,12,200,139,31,17,1,5,1,
51,13,595,472,65,18,1,5,1,
51,14,481,434,50,12,1,5,1,
51,15,685,82,40,16,1,5,1,
51,17,862,53,86,28,1,5,1,
51,19,687,0,73,21,1,5,1,
51,20,611,296,86,20,1,5,1,
51,22,898,228,24,17,1,5,1,
51,23,148,112,111,30,1,5,1,
51,24,744,315,19,16,1,5,1,
51,25,699,302,18,11,1,5,1,
51,26,631,295,54,15,1,5,1,
51,27,788,378,36,17,1,5,1,
51,28,785,303,28,9,1,5,1,
52,2,638,338,65,17,1,5,1,
52,4,536,220,257,61,1,5,1,
52,7,727,70,103,47,1,5,1,
52,11,686,132,100,34,1,5,1,
52,12,202,137,33,18,1,5,1,
52,13,604,472,63,18,1,5,1,
52,14,488,435,49,12,1,5,1,
52,15,681,83,39,16,1,5,1,
52,17,875,53,81,29,1,5,1,
52,19,696,0,71,22,1,5,1,
52,20,619,296,85,20,1,5,1,
52,22,897,229,24,16,1,5,1,
52,23,161,111,111,30,1,5,1,
52,24,746,315,18,16,1,5,1,
52,25,697,302,20,10,1,5,1,
52,26,639,295,52,15,1,5,1,
52,27,794,376,33,17,1,5,1,
52,28,783,302,27,10,1,5,1,
53,2,644,338,65,16,1,5,1,
53,4,555,220,257,60,1,5,1,
53,7,736,71,99,48,1,5,1,
53,11,694,133,99,34,1,5,1,
53,12,204,136,36,18,1,5,1,
53,13,610,471,63,18,1,5,1,
53,14,494,436,50,12,1,5,1,
53,15,677,85,39,15,1,5,1,
53,17,885,54,74,29,1,5,1,
53,19,702,0,73,24,1,5,1,
53,20,625,296,86,20,1,5,1,
53,22,897,229,23,17,1,5,1,
53,23,171,111,114,30,1,5,1,
53,24,747,315,18,15,1,5,1,
53,25,695,301,22,11,1,5,1,
53,26,645,295,51,15,1,5,1,
53,27,798,376,32,16,1,5,1,
53,28,781,302,27,10,1,5,1,
54,2,650,337,65,17,1,5,1,
54,4,576,220,251,61,1,5,1,
54,7,744,73,96,47,1,5,1,
54,11,701,134,98,34,1,5,1,
54,12,207,135,37,18,1,5,1,
54,13,616,471,63,18,1,5,1,
54,14,500,437,51,12,1,5,1,
54,15,674,86,38,15,1,5,1,
54,17,894,55,66,29,1,5,1,
54,19,708,0,74,25,1,5,1,
54,20,632,297,86,19,1,5,1,
54,22,896,229,23,17,1,5,1,
54,23,182,110,117,30,1,5,1,
54,24,748,314,18,16,1,5,1,
54,25,694,301,21,11,1,5,1,
54,26,651,295,51,15,1,5,1,
54,27,802,375,31,16,1,5,1,
54,28,779,302,27,9,1,5,1,
55,2,657,337,63,17,1,5,1,
55,4,598,220,247,60,1,5,1,
55,7,752,75,92,47,1,5,1,
55,11,710,135,95,33,1,5,1,
55,12,210,133,39,18,1,5,1,
55,13,623,470,63,18,1,5,1,
55,14,506,438,52,12,1,5,1,
55,15,670,87,38,15,1,5,1,
55,17,904,56,56,30,1,5,1,
55,19,714,0,76,26,1,5,1,
55,20,639,297,86,20,1,5,1,
55,22,895,230,24,16,1,5,1,
55,23,194,109,119,30,1,5,1,
55,24,749,313,18,16,1,5,1,
55,25,693,301,20,10,1,5,1,
55,26,657,295,50,15,1,5,1,
55,27,806,374,29,16,1,5,1,
55,28,776,302,28,9,1,5,1,
56,2,663,337,63,17,1,5,1,
56,4,619,220,243,60,1,5,1,
56,7,760,76,89,47,1,5,1,
56,11,717,136,94,33,1,5,1,
56,12,213,132,40,18,1,5,1,
56,13,630,470,62,18,1,5,1,
56,14,512,438,52,13,1,5,1,
56,15,666,88,39,15,1,5,1,
56,17,914,58,46,29,1,5,1,
56,19,720,0,77,28,1,5,1,
56,20,646,297,87,20,1,5,1,
56,22,895,230,23,16,1,5,1,
56,23,206,108,121,31,1,5,1,
56,24,750,313,19,16,1,5,1,
56,25,692,300,20,11,1,5,1,
56,26,663,295,50,14,1,5,1,
56,27,809,373,29,16,1,5,1,
56,28,774,301,27,10,1,5,1,
57,2,669,337,62,17,1,5,1,
57,4,640,220,240,60,1,5,1,
57,7,768,78,85,47,1,5,1,
57,11,726,136,91,34,1,5,1,
57,12,217,130,41,19,1,5,1,
57,13,637,469,61,18,1,5,1,
57,14,519,439,52,12,1,5,1,
57,15,662,89,38,14,1,5,1,
57,17,923,59,37,26,1,5,1,
57,19,725,0,79,29,1,5,1,
57,20,653,298,87,19,1,5,1,
57,22,894,231,23,16,1,5,1,
57,23,219,108,122,30,1,5,1,
57,24,751,313,19,15,1,5,1,
57,25,690,300,21,10,1,5,1,
57,26,669,295,49,14,1,5,1,
57,27,813,372,28,16,1,5,1,
57,28,772,301,27,9,1,5,1,
58,2,676,337,60,16,1,5,1,
58,4,660,220,237,59,1,5,1,
58,7,775,80,82,47,1,5,1,
58,11,734,137,87,34,1,5,1,
58,12,220,129,43,19,1,5,1,
58,13,644,469,60,18,1,5,1,
58,14,526,440,53,12,1,5,1,
58,15,658,91,39,13,1,5,1,
58,17,932,60,28,27,1,5,1,
58,19,731,0,79,31,1,5,1,
58,20,660,298,87,20,1,5,1,
58,22,893,231,23,16,1,5,1,
58,23,232,107,123,31,1,5,1,
58,24,752,312,19,16,1,5,1,
58,25,688,300,21,10,1,5,1,
58,26,675,295,48,14,1,5,1,
58,27,817,371,26,16,1,5,1,
58,28,770,301,27,9,1,5,1,
59,2,682,337,60,16,1,5,1,
59,4,681,220,233,59,1,5,1,
59,7,783,82,78,46,1,5,1,
59,11,742,138,85,33,1,5,1,
59,12,224,128,44,18,1,5,1,
59,13,650,469,61,18,1,5,1,
59,14,533,441,53,12,1,5,1,
59,15,654,92,39,13,1,5,1,
59,19,736,0,81,32,1,5,1,
59,20,667,299,87,19,1,5,1,
59,22,893,231,22,16,1,5,1,
59,23,246,106,123,31,1,5,1,
59,24,753,312,18,15,1,5,1,
59,25,686,299,22,11,1,5,1,
59,26,681,294,47,15,1,5,1,
59,27,818,371,32,16,1,5,1,
60,2,688,336,57,16,1,5,1,
60,4,699,220,232,59,1,5,1,
60,7,789,84,76,46,1,5,1,
60,11,749,139,83,33,1,5,1,
60,12,228,126,45,19,1,5,1,
60,13,655,468,62,18,1,5,1,
60,14,539,441,54,13,1,5,1,
60,15,650,93,39,13,1,5,1,
60,19,740,0,83,34,1,5,1,
60,20,673,299,89,20,1,5,1,
60,22,892,232,22,15,1,5,1,
60,23,258,106,126,31,1,5,1,
60,24,754,312,18,15,1,5,1,
60,25,685,299,22,10,1,5,1,
60,26,686,294,47,15,1,5,1,
60,27,818,370,40,16,1,5,1,
61,2,695,335,53,16,1,5,1,
61,4,717,220,231,59,1,5,1,
61,7,795,86,74,45,1,5,1,
61,11,755,140,82,33,1,5,1,
61,12,232,125,47,19,1,5,1,
61,13,661,468,62,18,1,5,1,
61,14,545,442,55,13,1,5,1,
61,15,647,94,38,12,1,5,1,
61,19,738,0,91,35,1,5,1,
61,20,680,300,90,19,1,5,1,
61,22,891,232,22,15,1,5,1,
61,23,270,105,128,32,1,5,1,
61,24,754,311,19,15,1,5,1,
61,25,683,299,23,10,1,5,1,
61,26,691,294,47,14,1,5,1,
61,27,820,370,42,15,1,5,1,
62,2,700,334,50,17,1,5,1,
62,4,735,220,224,58,1,5,1,
62,7,800,88,74,44,1,5,1,
62,11,760,141,88,33,1,5,1,
62,12,236,123,48,20,1,5,1,
62,13,667,467,62,18,1,5,1,
62,14,552,443,56,12,1,5,1,
62,15,643,95,39,12,1,5,1,
62,19,744,0,92,37,1,5,1,
62,20,686,300,91,19,1,5,1,
62,22,890,232,22,16,1,5,1,
62,23,283,105,130,31,1,5,1,
62,24,755,311,18,15,1,5,1,
62,25,681,299,23,10,1,5,1,
62,26,697,294,44,14,1,5,1,
62,27,824,369,41,16,1,5,1,
63,2,706,334,46,16,1,5,1,
63,4,755,220,205,58,1,5,1,
63,7,805,90,73,43,1,5,1,
63,11,767,142,81,32,1,5,1,
63,12,240,122,50,19,1,5,1,
63,13,674,467,61,17,1,5,1,
63,14,559,443,56,13,1,5,1,
63,19,752,0,89,38,1,5,1,
63,20,693,300,92,20,1,5,1,
63,22,889,233,22,15,1,5,1,
63,23,297,104,130,32,1,5,1,
63,24,756,311,18,15,1,5,1,
63,25,679,298,24,10,1,5,1,
63,26,704,293,39,14,1,5,1,
63,27,829,368,39,16,1,5,1,
64,2,710,333,44,17,1,5,1,
64,4,772,221,188,57,1,5,1,
64,7,811,92,70,43,1,5,1,
64,11,774,143,78,32,1,5,1,
64,12,244,120,52,20,1,5,1,
64,13,680,466,60,17,1,5,1,
64,14,565,444,57,12,1,5,1,
64,19,755,0,92,40,1,5,1,
64,20,701,300,90,20,1,5,1,
64,22,888,233,22,15,1,5,1,
64,23,310,104,132,32,1,5,1,
64,24,756,310,18,15,1,5,1,
64,25,677,298,24,10,1,5,1,
64,26,710,293,34,14,1,5,1,
64,27,834,367,36,16,1,5,1,
65,2,715,333,42,16,1,5,1,
65,4,790,221,170,57,1,5,1,
65,7,817,93,67,43,1,5,1,
65,11,780,144,82,32,1,5,1,
65,12,249,119,53,20,1,5,1,
65,13,687,466,58,17,1,5,1,
65,14,572,444,58,13,1,5,1,
65,19,763,0,90,41,1,5,1,
65,20,711,300,84,20,1,5,1,
65,22,887,233,22,15,1,5,1,
65,23,324,103,133,32,1,5,1,
65,24,756,310,19,15,1,5,1,
65,25,675,298,25,10,1,5,1,
65,26,716,292,27,14,1,5,1,
65,27,839,367,33,15,1,5,1,
66,2,718,333,42,16,1,5,1,
66,4,808,221,152,56,1,5,1,
66,7,824,94,62,43,1,5,1,
66,11,786,145,76,32,1,5,1,
66,12,253,117,55,20,1,5,1,
66,13,694,465,56,17,1,5,1,
66,14,579,444,58,13,1,5,1,
66,19,771,0,86,43,1,5,1,
66,20,721,300,77,19,1,5,1,
66,22,886,234,22,14,1,5,1,
66,23,337,103,135,32,1,5,1,
66,24,757,310,18,14,1,5,1,
66,25,673,298,25,9,1,5,1,
66,26,722,292,21,14,1,5,1,
66,27,844,366,29,15,1,5,1,
67,2,723,332,39,16,1,5,1,
67,4,827,222,133,55,1,5,1,
67,7,830,96,58,43,1,5,1,
67,11,794,146,70,31,1,5,1,
67,12,258,116,56,20,1,5,1,
67,13,701,464,53,17,1,5,1,
67,14,587,445,58,12,1,5,1,
67,19,779,1,83,44,1,5,1,
67,20,732,300,68,18,1,5,1,
67,22,885,234,22,15,1,5,1,
67,23,352,103,135,32,1,5,1,
67,24,757,309,18,15,1,5,1,
67,25,671,297,25,10,1,5,1,
67,26,727,292,17,13,1,5,1,
67,27,849,365,25,15,1,5,1,
68,2,727,332,37,16,1,5,1,
68,4,845,226,115,51,1,5,1,
68,7,835,97,55,43,1,5,1,
68,11,800,147,74,31,1,5,1,
68,12,263,114,58,21,1,5,1,
68,13,708,463,50,16,1,5,1,
68,14,594,445,58,13,1,5,1,
68,19,786,2,81,44,1,5,1,
68,20,742,299,58,18,1,5,1,
68,22,884,234,22,15,1,5,1,
68,23,366,102,136,33,1,5,1,
68,24,757,309,18,15,1,5,1,
68,25,669,297,26,10,1,5,1,
68,26,727,292,17,13,1,5,1,
68,27,853,364,23,15,1,5,1,
69,2,731,331,35,16,1,5,1,
69,4,869,229,91,42,1,5,1,
69,7,841,99,52,42,1,5,1,
69,11,805,148,68,31,1,5,1,
69,12,268,112,60,21,1,5,1,
69,13,714,462,48,16,1,5,1,
69,14,602,445,57,13,1,5,1,
69,19,793,4,78,44,1,5,1,
69,20,752,297,48,19,1,5,1,
69,22,883,235,22,14,1,5,1,
69,23,380,102,137,33,1,5,1,
69,24,757,309,18,14,1,5,1,
69,26,727,291,16,14,1,5,1,
69,27,857,363,21,15,1,5,1,
70,2,735,331,32,16,1,5,1,
70,7,846,100,50,43,1,5,1,
70,11,812,148,63,31,1,5,1,
70,12,273,111,62,21,1,5,1,
70,13,720,461,45,16,1,5,1,
70,14,610,445,55,13,1,5,1,
70,19,800,5,75,45,1,5,1,
70,20,761,296,38,19,1,5,1,
70,22,882,235,22,14,1,5,1,
70,23,394,102,138,33,1,5,1,
70,24,757,308,18,15,1,5,1,
70,26,727,291,16,13,1,5,1,
70,27,859,362,20,16,1,5,1,
71,2,738,331,31,15,1,5,1,
71,7,850,102,48,42,1,5,1,
71,11,817,149,68,32,1,5,1,
71,12,278,109,65,21,1,5,1,
71,13,725,459,43,17,1,5,1,
71,14,617,444,55,13,1,5,1,
71,19,806,7,74,44,1,5,1,
71,20,769,295,28,19,1,5,1,
71,22,881,235,22,14,1,5,1,
71,23,407,102,140,34,1,5,1,
71,24,757,308,18,14,1,5,1,
71,26,727,291,16,13,1,5,1,
71,27,860,361,20,16,1,5,1,
72,2,742,330,29,15,1,5,1,
72,7,855,104,45,41,1,5,1,
72,11,823,150,61,31,1,5,1,
72,12,284,108,67,21,1,5,1,
72,13,733,458,36,18,1,5,1,
72,14,626,444,52,13,1,5,1,
72,19,814,9,69,44,1,5,1,
72,20,776,294,21,19,1,5,1,
72,22,880,236,22,14,1,5,1,
72,23,424,103,137,33,1,5,1,
72,24,757,308,17,14,1,5,1,
72,26,727,291,16,12,1,5,1,
72,27,861,360,20,16,1,5,1,
73,2,745,330,26,15,1,5,1,
73,7,859,105,43,42,1,5,1,
73,11,829,151,56,30,1,5,1,
73,12,289,107,70,21,1,5,1,
73,13,739,456,31,19,1,5,1,
73,14,632,443,51,13,1,5,1,
73,19,820,11,66,44,1,5,1,
73,20,775,293,22,19,1,5,1,
73,22,879,236,22,14,1,5,1,
73,23,437,103,138,34,1,5,1,
73,24,757,308,17,14,1,5,1,
73,26,726,290,16,13,1,5,1,
73,27,862,359,19,16,1,5,1,
74,2,748,329,24,15,1,5,1,
74,7,862,107,41,41,1,5,1,
74,11,835,151,51,31,1,5,1,
74,12,295,105,72,22,1,5,1,
74,13,744,455,27,19,1,5,1,
74,14,639,442,50,13,1,5,1,
74,19,825,12,64,45,1,5,1,
74,20,774,293,22,18,1,5,1,
74,22,878,236,22,14,1,5,1,
74,23,451,104,137,34,1,5,1,
74,24,756,307,18,14,1,5,1,
74,26,726,290,15,13,1,5,1,
74,27,862,358,20,16,1,5,1,
75,2,751,329,22,15,1,5,1,
75,7,866,109,39,40,1,5,1,
75,11,841,152,47,31,1,5,1,
75,12,301,104,75,21,1,5,1,
75,13,749,453,24,20,1,5,1,
75,14,646,442,48,12,1,5,1,
75,19,831,14,62,45,1,5,1,
75,20,774,292,22,18,1,5,1,
75,22,877,236,22,14,1,5,1,
75,23,466,105,135,33,1,5,1,
75,24,756,307,17,14,1,5,1,
75,26,725,290,16,12,1,5,1,
75,27,862,357,20,16,1,5,1,
76,2,754,328,21,15,1,5,1,
76,7,869,111,37,40,1,5,1,
76,11,847,153,43,31,1,5,1,
76,12,308,102,76,22,1,5,1,
76,13,753,452,22,19,1,5,1,
76,14,654,441,46,12,1,5,1,
76,19,838,17,58,44,1,5,1,
76,20,774,292,22,18,1,5,1,
76,22,876,237,22,13,1,5,1,
76,23,484,106,130,33,1,5,1,
76,24,756,307,17,13,1,5,1,
76,26,725,290,15,12,1,5,1,
76,27,863,356,19,16,1,5,1,
77,2,756,328,20,14,1,5,1,
77,7,872,112,36,40,1,5,1,
77,11,851,154,42,31,1,5,1,
77,12,314,101,79,22,1,5,1,
77,13,756,450,20,19,1,5,1,
77,14,660,440,45,12,1,5,1,
77,19,843,18,56,45,1,5,1,
77,20,774,292,22,18,1,5,1,
77,22,875,237,22,13,1,5,1,
77,23,497,107,129,33,1,5,1,
77,24,755,306,17,14,1,5,1,
77,26,724,289,15,13,1,5,1,
77,27,863,356,19,15,1,5,1,
78,2,758,327,20,15,1,5,1,
78,7,874,114,35,39,1,5,1,
78,11,854,155,41,31,1,5,1,
78,12,321,99,81,23,1,5,1,
78,13,758,448,20,20,1,5,1,
78,14,666,439,44,12,1,5,1,
78,19,847,21,55,44,1,5,1,
78,20,774,292,21,17,1,5,1,
78,22,873,237,23,14,1,5,1,
78,23,511,108,127,33,1,5,1,
78,24,755,306,16,14,1,5,1,
78,26,724,289,15,12,1,5,1,
78,27,863,355,19,15,1,5,1,
79,2,760,327,18,14,1,5,1,
79,7,875,116,36,39,1,5,1,
79,11,857,156,40,30,1,5,1,
79,12,328,98,84,22,1,5,1,
79,13,761,447,19,19,1,5,1,
79,14,672,438,42,12,1,5,1,
79,19,852,23,53,44,1,5,1,
79,20,774,292,21,17,1,5,1,
79,22,872,238,22,13,1,5,1,
79,23,526,109,123,33,1,5,1,
79,24,754,306,17,13,1,5,1,
79,26,723,289,15,12,1,5,1,
79,27,863,354,19,15,1,5,1,
80,2,761,326,18,15,1,5,1,
80,7,876,118,36,38,1,5,1,
80,11,861,157,38,30,1,5,1,
80,12,335,96,86,23,1,5,1,
80,13,763,445,18,19,1,5,1,
80,14,678,437,41,12,1,5,1,
80,19,856,25,52,43,1,5,1,
80,20,774,291,21,17,1,5,1,
80,22,871,238,22,13,1,5,1,
80,23,540,110,120,33,1,5,1,
80,24,754,306,17,13,1,5,1,
80,26,723,289,14,12,1,5,1,
80,27,863,353,19,15,1,5,1,
81,2,762,326,17,14,1,5,1,
81,7,878,120,36,37,1,5,1,
81,11,864,158,38,30,1,5,1,
81,12,343,95,88,23,1,5,1,
81,13,766,444,16,18,1,5,1,
81,14,684,436,39,12,1,5,1,
81,19,861,27,49,43,1,5,1,
81,20,773,291,21,17,1,5,1,
81,22,870,238,22,13,1,5,1,
81,23,555,111,115,34,1,5,1,
81,24,753,305,17,13,1,5,1,
81,26,722,289,15,11,1,5,1,
81,27,863,352,18,15,1,5,1,
82,2,763,325,16,14,1,5,1,
82,7,880,122,35,37,1,5,1,
82,11,867,159,36,30,1,5,1,
82,12,351,94,90,23,1,5,1,
82,13,768,442,16,19,1,5,1,
82,14,689,435,38,12,1,5,1,
82,18,946,154,13,17,1,5,1,
82,19,865,29,48,43,1,5,1,
82,20,773,291,21,16,1,5,1,
82,22,869,238,22,13,1,5,1,
82,23,569,113,110,33,1,5,1,
82,24,753,305,17,13,1,5,1,
82,26,722,288,14,12,1,5,1,
82,27,863,352,18,14,1,5,1,
83,2,763,325,17,14,1,5,1,
83,6,955,231,4,6,1,5,1,
83,7,883,124,34,36,1,5,1,
83,11,870,161,35,28,1,5,1,
83,12,360,92,91,24,1,5,1,
83,13,770,440,15,19,1,5,1,
83,14,695,434,37,12,1,5,1,
83,18,942,154,17,18,1,5,1,
83,19,870,32,45,42,1,5,1,
83,20,773,291,20,16,1,5,1,
83,22,867,239,23,12,1,5,1,
83,23,584,114,105,33,1,5,1,
83,24,752,305,18,13,1,5,1,
83,26,721,288,14,12,1,5,1,
83,27,862,351,19,14,1,5,1,
84,2,764,324,16,14,1,5,1,
84,6,953,231,6,6,1,5,1,
84,7,884,126,34,35,1,5,1,
84,11,874,162,33,28,1,5,1,
84,12,371,91,90,24,1,5,1,
84,13,772,439,14,17,1,5,1,
84,14,702,433,33,12,1,5,1,
84,18,939,153,20,20,1,5,1,
84,19,876,34,41,42,1,5,1,
84,20,772,290,20,17,1,5,1,
84,22,866,239,23,12,1,5,1,
84,23,601,115,96,34,1,5,1,
84,24,751,304,19,13,1,5,1,
84,26,720,288,14,11,1,5,1,
84,27,862,350,18,14,1,5,1,
85,2,764,324,17,13,1,5,1,
85,6,951,230,8,7,1,5,1,
85,7,886,127,33,35,1,5,1,
85,11,877,162,32,29,1,5,1,
85,12,379,90,92,23,1,5,1,
85,13,773,437,14,18,1,5,1,
85,14,707,432,32,12,1,5,1,
85,15,578,99,21,9,1,5,1,
85,18,935,152,24,22,1,5,1,
85,19,880,36,40,42,1,5,1,
85,20,772,290,20,16,1,5,1,
85,22,865,239,22,13,1,5,1,
85,23,613,116,93,34,1,5,1,
85,24,750,304,19,13,1,5,1,
85,26,720,288,13,11,1,5,1,
85,27,862,349,18,14,1,5,1,
86,2,765,323,16,14,1,5,1,
86,6,950,230,10,8,1,5,1,
86,7,887,128,33,35,1,5,1,
86,11,880,163,31,29,1,5,1,
86,12,390,88,92,24,1,5,1,
86,13,774,436,14,17,1,5,1,
86,14,713,431,30,11,1,5,1,
86,15,579,98,17,9,1,5,1,
86,18,932,153,27,23,1,5,1,
86,19,885,38,37,42,1,5,1,
86,20,771,290,21,16,1,5,1,
86,22,863,239,22,13,1,5,1,
86,23,629,118,85,33,1,5,1,
86,24,749,304,20,12,1,5,1,
86,26,719,288,13,11,1,5,1,
86,27,861,348,18,14,1,5,1,
87,2,766,323,17,13,1,5,1,
87,6,949,230,10,8,1,5,1,
87,7,888,130,33,34,1,5,1,
87,11,882,164,30,28,1,5,1,
87,12,398,87,95,24,1,5,1,
87,13,775,434,13,17,1,5,1,
87,14,717,430,29,11,1,5,1,
87,15,579,97,14,10,1,5,1,
87,18,929,153,30,24,1,5,1,
87,19,888,40,37,41,1,5,1,
87,20,771,290,21,16,1,5,1,
87,22,862,240,22,12,1,5,1,
87,23,639,119,83,34,1,5,1,
87,24,748,304,20,12,1,5,1,
87,26,718,288,14,10,1,5,1,
87,27,861,348,18,13,1,5,1,
88,2,768,322,16,13,1,5,1,
88,6,947,231,12,7,1,5,1,
88,7,889,131,32,34,1,5,1,
88,11,883,165,30,28,1,5,1,
88,12,407,86,97,24,1,5,1,
88,13,776,433,13,17,1,5,1,
88,14,722,429,28,11,1,5,1,
88,15,580,95,11,11,1,5,1,
88,18,925,154,34,24,1,5,1,
88,19,891,42,36,41,1,5,1,
88,20,770,290,21,15,1,5,1,
88,22,860,240,24,12,1,5,1,
88,23,650,121,79,33,1,5,1,
88,24,747,304,21,12,1,5,1,
88,26,718,287,13,11,1,5,1,
88,27,861,347,17,13,1,5,1,
89,2,770,321,16,14,1,5,1,
89,6,946,231,13,8,1,5,1,
89,7,890,133,32,33,1,5,1,
89,11,885,166,30,28,1,5,1,
89,12,417,85,98,25,1,5,1,
89,13,777,432,13,16,1,5,1,
89,14,726,428,27,11,1,5,1,
89,15,581,94,8,12,1,5,1,
89,18,922,155,37,24,1,5,1,
89,19,894,44,35,41,1,5,1,
89,20,770,290,21,15,1,5,1,
89,22,857,240,27,12,1,5,1,
89,23,660,123,76,33,1,5,1,
89,24,744,303,25,13,1,5,1,
89,26,717,287,13,11,1,5,1,
89,27,861,346,17,13,1,5,1,
90,2,772,321,16,13,1,5,1,
90,6,945,231,14,8,1,5,1,
90,7,892,135,31,33,1,5,1,
90,11,886,167,30,28,1,5,1,
90,12,427,85,99,25,1,5,1,
90,13,778,430,13,16,1,5,1,
90,14,730,427,26,11,1,5,1,
90,15,581,92,9,13,1,5,1,
90,18,919,156,40,24,1,5,1,
90,19,897,46,34,41,1,5,1,
90,20,770,289,20,16,1,5,1,
90,22,855,240,28,12,1,5,1,
90,23,670,125,72,33,1,5,1,
90,24,740,303,31,12,1,5,1,
90,26,718,287,12,11,1,5,1,
90,27,861,346,16,13,1,5,1,
91,2,772,321,17,13,1,5,1,
91,6,943,231,15,8,1,5,1,
91,7,893,137,31,32,1,5,1,
91,11,888,169,29,27,1,5,1,
91,12,437,84,100,24,1,5,1,
91,13,779,429,13,16,1,5,1,
91,14,734,426,26,11,1,5,1,
91,15,581,91,11,13,1,5,1,
91,18,915,158,44,23,1,5,1,
91,19,899,49,33,39,1,5,1,
91,20,769,289,21,15,1,5,1,
91,22,852,241,30,11,1,5,1,
91,23,679,127,69,32,1,5,1,
91,24,736,303,36,12,1,5,1,
91,26,719,287,12,10,1,5,1,
91,27,861,345,16,13,1,5,1,
92,2,774,320,16,13,1,5,1,
92,6,942,232,14,7,1,5,1,
92,7,895,139,31,31,1,5,1,
92,11,890,170,29,26,1,5,1,
92,12,448,82,101,25,1,5,1,
92,13,780,428,13,15,1,5,1,
92,14,738,425,25,11,1,5,1,
92,15,581,90,12,13,1,5,1,
92,18,912,155,47,27,1,5,1,
92,19,901,51,33,39,1,5,1,
92,20,769,289,20,15,1,5,1,
92,22,850,241,30,11,1,5,1,
92,23,689,129,65,32,1,5,1,
92,26,720,287,12,10,1,5,1,
92,27,861,345,16,12,1,5,1,
93,2,775,320,15,13,1,5,1,
93,6,940,232,15,8,1,5,1,
93,7,896,140,31,31,1,5,1,
93,11,891,171,30,26,1,5,1,
93,12,457,81,103,25,1,5,1,
93,13,781,426,13,16,1,5,1,
93,14,741,424,26,11,1,5,1,
93,15,580,88,15,14,1,5,1,
93,18,909,156,50,27,1,5,1,
93,19,904,53,32,39,1,5,1,
93,20,769,289,20,15,1,5,1,
93,22,846,241,33,11,1,5,1,
93,23,697,130,62,32,1,5,1,
93,26,722,287,11,10,1,5,1,
93,27,861,344,16,12,1,5,1,
94,2,776,320,15,12,1,5,1,
94,6,939,232,15,8,1,5,1,
94,7,898,141,30,31,1,5,1,
94,11,892,172,30,26,1,5,1,
94,12,466,80,106,25,1,5,1,
94,13,782,425,13,15,1,5,1,
94,14,744,423,26,11,1,5,1,
94,15,581,87,17,14,1,5,1,
94,18,906,157,50,27,1,5,1,
94,19,906,55,32,38,1,5,1,
94,20,769,289,20,15,1,5,1,
94,22,842,241,37,11,1,5,1,
94,23,705,132,59,32,1,5,1,
94,26,724,288,10,10,1,5,1,
94,27,861,344,16,12,1,5,1,
95,2,777,319,15,13,1,5,1,
95,6,937,233,16,7,1,5,1,
95,7,899,143,30,30,1,5,1,
95,11,895,173,29,25,1,5,1,
95,12,476,78,108,26,1,5,1,
95,13,782,424,14,15,1,5,1,
95,14,748,422,25,11,1,5,1,
95,15,581,85,20,14,1,5,1,
95,18,902,158,50,26,1,5,1,
95,19,907,57,32,38,1,5,1,
95,20,768,289,20,15,1,5,1,
95,22,838,241,41,12,1,5,1,
95,23,713,134,55,31,1,5,1,
95,26,725,288,10,9,1,5,1,
95,27,861,343,16,12,1,5,1,
96,2,778,319,15,12,1,5,1,
96,6,936,233,15,7,1,5,1,
96,7,900,144,30,30,1,5,1,
96,11,897,174,28,25,1,5,1,
96,12,488,77,108,26,1,5,1,
96,13,783,423,13,15,1,5,1,
96,14,752,420,24,11,1,5,1,
96,15,582,84,22,14,1,5,1,
96,18,899,160,50,25,1,5,1,
96,19,909,59,32,38,1,5,1,
96,20,767,289,21,15,1,5,1,
96,22,834,242,43,11,1,5,1,
96,23,721,136,51,31,1,5,1,
96,26,726,287,10,10,1,5,1,
96,27,861,342,15,12,1,5,1,
97,2,779,319,15,12,1,5,1,
97,6,934,233,16,8,1,5,1,
97,7,901,145,30,30,1,5,1,
97,11,898,175,28,24,1,5,1,
97,12,498,76,110,26,1,5,1,
97,13,784,421,13,15,1,5,1,
97,14,756,419,23,11,1,5,1,
97,15,583,83,25,13,1,5,1,
97,18,896,161,49,25,1,5,1,
97,19,910,61,32,37,1,5,1,
97,20,766,289,22,14,1,5,1,
97,23,728,138,48,30,1,5,1,
97,26,726,287,11,10,1,5,1,
97,27,861,342,15,11,1,5,1,
98,2,779,318,16,12,1,5,1,
98,6,932,234,16,7,1,5,1,
98,7,903,146,29,30,1,5,1,
98,11,900,175,28,25,1,5,1,
98,12,507,75,114,26,1,5,1,
98,13,785,420,13,15,1,5,1,
98,14,759,418,22,11,1,5,1,
98,15,584,82,27,13,1,5,1,
98,18,892,162,51,25,1,5,1,
98,19,912,62,31,38,1,5,1,
98,20,765,289,23,14,1,5,1,
98,23,734,139,46,31,1,5,1,
98,26,727,287,10,10,1,5,1,
98,27,861,341,15,12,1,5,1,
99,2,780,318,15,12,1,5,1,
99,6,930,234,17,7,1,5,1,
99,7,903,148,29,29,1,5,1,
99,11,901,176,28,25,1,5,1,
99,12,518,74,115,26,1,5,1,
99,13,785,419,13,15,1,5,1,
99,14,762,417,22,11,1,5,1,
99,15,586,80,29,14,1,5,1,
99,18,888,163,51,25,1,5,1,
99,19,913,64,31,37,1,5,1,
99,20,764,289,23,14,1,5,1,
99,23,740,141,43,30,1,5,1,
99,26,728,287,10,10,1,5,1,
99,27,860,341,15,11,1,5,1,
100,2,781,317,15,13,1,5,1,
100,6,927,234,18,7,1,5,1,
100,7,904,149,29,29,1,5,1,
100,11,902,177,28,24,1,5,1,
100,12,530,73,116,26,1,5,1,
100,13,786,418,12,14,1,5,1,
100,14,766,416,20,11,1,5,1,
100,15,588,79,31,13,1,5,1,
100,18,885,165,50,24,1,5,1,
100,19,914,67,31,36,1,5,1,
100,20,763,288,24,14,1,5,1,
100,23,747,143,39,30,1,5,1,
100,26,728,287,10,9,1,5,1,
100,27,860,340,15,11,1,5,1,
101,2,782,317,15,12,1,5,1,
101,6,925,234,19,7,1,5,1,
101,7,905,150,29,28,1,5,1,
101,11,903,178,28,24,1,5,1,
101,12,541,72,117,27,1,5,1,
101,13,786,416,13,15,1,5,1,
101,14,769,415,20,11,1,5,1,
101,15,590,78,33,13,1,5,1,
101,18,881,166,50,24,1,5,1,
101,19,915,68,31,37,1,5,1,
101,20,762,288,24,14,1,5,1,
101,23,753,145,35,29,1,5,1,
101,26,729,287,10,9,1,5,1,
101,27,859,339,15,12,1,5,1,
102,2,782,317,15,12,1,5,1,
102,6,923,235,19,7,1,5,1,
102,7,906,151,28,28,1,5,1,
102,11,904,179,28,23,1,5,1,
102,12,552,72,118,26,1,5,1,
102,13,786,415,13,15,1,5,1,
102,14,772,414,19,11,1,5,1,
102,15,592,77,35,13,1,5,1,
102,18,878,167,49,24,1,5,1,
102,19,916,70,30,36,1,5,1,
102,20,761,288,24,14,1,5,1,
102,23,758,147,33,29,1,5,1,
102,26,729,287,10,9,1,5,1,
102,27,859,339,14,11,1,5,1,
103,2,783,316,15,12,1,5,1,
103,6,920,235,20,7,1,5,1,
103,7,907,152,28,28,1,5,1,
103,11,905,180,27,23,1,5,1,
103,12,564,71,119,27,1,5,1,
103,13,787,414,12,14,1,5,1,
103,14,775,413,18,11,1,5,1,
103,15,595,76,36,12,1,5,1,
103,18,874,169,50,23,1,5,1,
103,19,917,72,30,36,1,5,1,
103,20,759,288,25,13,1,5,1,
103,23,763,149,31,28,1,5,1,
103,26,729,287,10,9,1,5,1,
103,27,858,338,15,11,1,5,1,
104,2,784,316,14,12,1,5,1,
104,6,918,235,20,7,1,5,1,
104,7,907,154,28,27,1,5,1,
104,11,908,181,27,22,1,5,1,
104,12,577,70,118,27,1,5,1,
104,13,787,413,13,14,1,5,1,
104,14,778,412,17,11,1,5,1,
104,15,598,75,37,12,1,5,1,
104,18,871,170,49,22,1,5,1,
104,19,918,74,30,35,1,5,1,
104,20,758,288,25,13,1,5,1,
104,23,768,151,28,28,1,5,1,
104,26,729,286,10,9,1,5,1,
104,27,857,338,16,11,1,5,1,
105,2,784,316,15,11,1,5,1,
105,6,916,236,20,6,1,5,1,
105,7,908,155,28,27,1,5,1,
105,11,907,182,32,21,1,5,1,
105,12,588,70,119,27,1,5,1,
105,13,787,411,13,15,1,5,1,
105,14,780,411,17,11,1,5,1,
105,15,601,73,38,12,1,5,1,
105,18,868,171,48,22,1,5,1,
105,19,918,76,30,35,1,5,1,
105,20,757,288,24,13,1,5,1,
105,23,772,152,26,28,1,5,1,
105,26,729,286,11,9,1,5,1,
105,27,857,337,15,11,1,5,1,
106,2,785,315,14,12,1,5,1,
106,6,914,236,20,7,1,5,1,
106,7,909,156,27,27,1,5,1,
106,11,907,183,34,21,1,5,1,
106,12,599,70,119,27,1,5,1,
106,13,787,410,13,14,1,5,1,
106,14,783,410,16,11,1,5,1,
106,15,604,72,40,12,1,5,1,
106,18,865,172,48,22,1,5,1,
106,19,918,77,30,35,1,5,1,
106,20,755,287,25,13,1,5,1,
106,23,775,154,25,28,1,5,1,
106,26,730,286,10,9,1,5,1,
106,27,856,336,16,11,1,5,1,
107,2,785,315,15,12,1,5,1,
107,6,911,236,20,7,1,5,1,
107,7,910,157,27,26,1,5,1,
107,11,909,183,34,21,1,5,1,
107,12,611,69,119,28,1,5,1,
107,13,787,409,13,14,1,5,1,
107,14,785,409,16,11,1,5,1,
107,15,607,71,41,12,1,5,1,
107,18,862,173,47,22,1,5,1,
107,19,918,79,30,35,1,5,1,
107,20,754,287,25,13,1,5,1,
107,23,776,156,26,27,1,5,1,
107,26,730,286,10,9,1,5,1,
107,27,855,336,16,11,1,5,1,
108,2,785,315,15,11,1,5,1,
108,6,909,236,20,7,1,5,1,
108,7,910,158,27,26,1,5,1,
108,11,913,184,32,21,1,5,1,
108,12,625,69,116,28,1,5,1,
108,13,788,408,12,14,1,5,1,
108,14,788,408,15,10,1,5,1,
108,15,611,70,41,11,1,5,1,
108,18,859,174,46,21,1,5,1,
108,19,919,81,29,34,1,5,1,
108,20,753,287,24,13,1,5,1,
108,23,778,158,25,26,1,5,1,
108,26,730,286,10,8,1,5,1,
108,27,855,335,15,11,1,5,1,
109,2,786,314,14,12,1,5,1,
109,4,944,254,15,18,1,5,1,
109,7,911,159,27,26,1,5,1,
109,11,915,184,32,21,1,5,1,
109,12,637,69,114,28,1,5,1,
109,13,788,407,12,13,1,5,1,
109,14,790,407,14,10,1,5,1,
109,15,614,69,43,11,1,5,1,
109,18,856,175,46,21,1,5,1,
109,19,919,83,29,34,1,5,1,
109,20,751,287,24,12,1,5,1,
109,23,779,160,25,26,1,5,1,
109,26,730,285,10,9,1,5,1,
109,27,854,335,16,10,1,5,1,
110,2,786,314,14,11,1,5,1,
110,4,941,252,18,20,1,5,1,
110,7,913,161,27,24,1,5,1,
110,11,918,185,31,20,1,5,1,
110,12,648,70,114,28,1,5,1,
110,13,787,406,13,13,1,5,1,
110,14,792,406,14,10,1,5,1,
110,15,617,68,45,11,1,5,1,
110,18,853,176,47,21,1,5,1,
110,19,919,84,29,34,1,5,1,
110,20,750,287,24,12,1,5,1,
110,23,780,161,25,26,1,5,1,
110,26,730,285,10,9,1,5,1,
110,27,853,334,16,11,1,5,1,
111,2,786,314,14,11,1,5,1,
111,4,939,252,20,20,1,5,1,
111,7,915,162,28,23,1,5,1,
111,11,921,185,30,21,1,5,1,
111,12,661,70,111,28,1,5,1,
111,13,787,404,13,14,1,5,1,
111,14,794,405,13,10,1,5,1,
111,15,621,67,45,11,1,5,1,
111,18,850,177,47,20,1,5,1,
111,19,919,86,29,34,1,5,1,
111,20,749,286,23,13,1,5,1,
111,23,781,163,24,25,1,5,1,
111,26,730,285,10,9,1,5,1,
111,27,852,334,16,10,1,5,1,
112,2,785,314,14,10,1,5,1,
112,4,936,250,23,22,1,5,1,
112,7,916,162,27,23,1,5,1,
112,11,924,186,28,20,1,5,1,
112,12,676,70,105,29,1,5,1,
112,13,787,403,13,13,1,5,1,
112,14,797,403,11,11,1,5,1,
112,15,626,66,45,11,1,5,1,
112,18,847,178,46,20,1,5,1,
112,19,919,88,28,33,1,5,1,
112,20,748,286,22,13,1,5,1,
112,23,782,165,23,25,1,5,1,
112,26,730,285,10,9,1,5,1,
112,27,851,333,17,10,1,5,1,
113,2,785,313,14,11,1,5,1,
113,4,933,251,26,22,1,5,1,
113,7,916,162,28,24,1,5,1,
113,11,926,186,28,21,1,5,1,
113,12,686,71,104,29,1,5,1,
113,13,787,402,12,13,1,5,1,
113,14,798,402,12,11,1,5,1,
113,15,630,65,46,11,1,5,1,
113,18,847,178,42,21,1,5,1,
113,19,919,90,28,32,1,5,1,
113,20,746,286,23,12,1,5,1,
113,23,782,166,24,25,1,5,1,
113,26,730,285,10,9,1,5,1,
113,27,850,333,17,10,1,5,1,
114,2,785,313,13,11,1,5,1,
114,4,931,250,28,24,1,5,1,
114,7,917,163,27,24,1,5,1,
114,11,928,187,28,20,1,5,1,
114,12,697,71,102,30,1,5,1,
114,13,787,401,12,13,1,5,1,
114,14,800,401,11,11,1,5,1,
114,15,633,64,48,11,1,5,1,
114,18,847,179,36,21,1,5,1,
114,19,919,92,28,32,1,5,1,
114,20,745,286,23,12,1,5,1,
114,23,782,168,24,24,1,5,1,
114,26,730,285,9,8,1,5,1,
114,27,848,332,18,10,1,5,1,
115,2,784,313,14,10,1,5,1,
115,4,928,250,31,24,1,5,1,
115,7,918,163,27,24,1,5,1,
115,11,929,188,28,20,1,5,1,
115,12,709,72,98,29,1,5,1,
115,13,786,400,13,13,1,5,1,
115,14,802,400,10,11,1,5,1,
115,15,638,63,47,12,1,5,1,
115,18,846,181,30,20,1,5,1,
115,19,919,93,28,32,1,5,1,
115,20,744,286,22,12,1,5,1,
115,23,783,170,22,23,1,5,1,
115,26,729,285,10,8,1,5,1,
115,27,847,332,18,10,1,5,1,
116,2,784,312,14,11,1,5,1,
116,4,925,251,34,23,1,5,1,
116,7,919,164,27,24,1,5,1,
116,11,932,188,27,20,1,5,1,
116,12,723,73,93,29,1,5,1,
116,13,786,399,12,12,1,5,1,
116,14,803,399,10,10,1,5,1,
116,15,643,62,47,12,1,5,1,
116,18,845,182,25,20,1,5,1,
116,19,919,95,27,31,1,5,1,
116,20,743,286,21,12,1,5,1,
116,21,952,192,7,10,1,5,1,
116,23,783,172,22,22,1,5,1,
116,26,729,285,10,8,1,5,1,
116,27,846,331,17,10,1,5,1,
117,2,784,312,14,10,1,5,1,
117,4,923,251,36,23,1,5,1,
117,7,919,165,27,23,1,5,1,
117,11,934,189,25,20,1,5,1,
117,12,733,74,90,29,1,5,1,
117,13,785,398,13,12,1,5,1,
117,14,804,398,10,10,1,5,1,
117,15,647,61,48,12,1,5,1,
117,18,844,183,22,19,1,5,1,
117,19,919,97,27,31,1,5,1,
117,20,742,285,21,12,1,5,1,
117,21,950,192,9,10,1,5,1,
117,23,783,173,22,23,1,5,1,
117,26,729,285,10,8,1,5,1,
117,27,845,331,17,10,1,5,1,
118,2,784,312,13,10,1,5,1,
118,4,920,251,39,23,1,5,1,
118,7,920,166,27,23,1,5,1,
118,11,936,189,23,20,1,5,1,
118,12,743,74,88,31,1,5,1,
118,13,785,397,13,12,1,5,1,
118,14,805,397,10,10,1,5,1,
118,15,651,61,49,11,1,5,1,
118,18,843,184,21,19,1,5,1,
118,19,918,98,27,31,1,5,1,
118,20,741,285,21,12,1,5,1,
118,21,948,192,11,11,1,5,1,
118,23,784,174,22,22,1,5,1,
118,26,728,285,10,8,1,5,1,
118,27,844,330,17,10,1,5,1,
119,2,784,311,13,11,1,5,1,
119,4,918,252,41,22,1,5,1,
119,7,920,167,27,23,1,5,1,
119,11,938,190,21,19,1,5,1,
119,12,753,76,87,30,1,5,1,
119,13,785,396,12,12,1,5,1,
119,14,806,396,10,10,1,5,1,
119,15,656,60,49,12,1,5,1,
119,18,842,185,21,18,1,5,1,
119,19,918,100,26,30,1,5,1,
119,20,740,285,20,12,1,5,1,
119,21,946,192,13,11,1,5,1,
119,23,787,176,21,21,1,5,1,
119,26,728,285,10,8,1,5,1,
119,27,843,330,17,9,1,5,1,
120,2,784,311,13,10,1,5,1,
120,4,916,252,43,22,1,5,1,
120,7,921,168,26,22,1,5,1,
120,11,939,190,20,20,1,5,1,
120,12,766,77,84,29,1,5,1,
120,13,784,395,13,12,1,5,1,
120,14,807,395,10,10,1,5,1,
120,15,662,59,48,12,1,5,1,
120,18,841,186,20,18,1,5,1,
120,19,917,102,26,30,1,5,1,
120,20,739,285,20,12,1,5,1,
120,21,944,192,15,12,1,5,1,
120,23,789,178,23,20,1,5,1,
120,26,727,284,11,8,1,5,1,
120,27,841,329,18,10,1,5,1,
121,2,784,311,13,10,1,5,1,
121,3,951,212,8,8,1,5,1,
121,4,914,252,44,22,1,5,1,
121,7,921,168,26,23,1,5,1,
121,11,940,191,19,20,1,5,1,
121,12,773,78,88,29,1,5,1,
121,13,784,394,13,12,1,5,1,
121,14,808,394,10,10,1,5,1,
121,15,665,59,50,11,1,5,1,
121,18,839,187,21,17,1,5,1,
121,19,917,103,26,30,1,5,1,
121,20,738,285,20,11,1,5,1,
121,21,942,193,17,11,1,5,1,
121,23,787,180,32,19,1,5,1,
121,26,727,284,11,8,1,5,1,
121,27,840,329,18,9,1,5,1,
122,2,784,310,13,11,1,5,1,
122,3,948,212,11,8,1,5,1,
122,4,912,252,42,22,1,5,1,
122,7,922,169,26,23,1,5,1,
122,11,942,191,18,20,1,5,1,
122,12,781,80,90,28,1,5,1,
122,13,783,393,13,12,1,5,1,
122,14,809,393,10,10,1,5,1,
122,15,670,58,50,12,1,5,1,
122,18,838,187,21,18,1,5,1,
122,19,916,105,26,29,1,5,1,
122,20,737,285,19,11,1,5,1,
122,21,940,194,19,11,1,5,1,
122,23,786,181,41,18,1,5,1,
122,26,726,284,11,8,1,5,1,
122,27,839,328,17,10,1,5,1,
123,2,784,310,13,10,1,5,1,
123,3,945,212,14,9,1,5,1,
123,4,911,252,39,22,1,5,1,
123,7,922,170,26,23,1,5,1,
123,11,942,192,18,20,1,5,1,
123,12,790,81,92,27,1,5,1,
123,13,783,392,13,12,1,5,1,
123,14,810,392,9,10,1,5,1,
123,15,675,57,50,12,1,5,1,
123,18,837,188,21,17,1,5,1,
123,19,916,106,25,30,1,5,1,
123,20,736,285,19,11,1,5,1,
123,21,938,194,21,12,1,5,1,
123,23,787,183,49,17,1,5,1,
123,26,726,284,11,8,1,5,1,
123,27,838,328,17,9,1,5,1,
124,2,784,310,13,10,1,5,1,
124,3,942,213,18,8,1,5,1,
124,4,910,253,36,21,1,5,1,
124,7,922,171,26,22,1,5,1,
124,11,944,193,16,19,1,5,1,
124,12,799,82,95,27,1,5,1,
124,13,782,391,13,11,1,5,1,
124,14,811,391,9,10,1,5,1,
124,15,680,57,49,12,1,5,1,
124,18,836,189,20,17,1,5,1,
124,19,915,108,25,29,1,5,1,
124,20,735,284,19,12,1,5,1,
124,21,936,195,23,11,1,5,1,
124,23,790,184,53,17,1,5,1,
124,26,725,284,11,8,1,5,1,
124,27,837,327,17,10,1,5,1,
125,2,784,309,13,10,1,5,1,
125,3,939,213,20,8,1,5,1,
125,4,908,253,36,21,1,5,1,
125,7,923,172,25,22,1,5,1,
125,11,945,193,15,19,1,5,1,
125,12,808,82,96,27,1,5,1,
125,13,782,390,13,11,1,5,1,
125,14,812,390,9,10,1,5,1,
125,15,684,56,50,12,1,5,1,
125,18,835,189,20,17,1,5,1,
125,19,914,109,25,29,1,5,1,
125,20,734,284,19,12,1,5,1,
125,21,934,194,25,13,1,5,1,
125,23,794,184,56,18,1,5,1,
125,26,724,284,12,8,1,5,1,
125,27,835,327,18,9,1,5,1,
126,2,784,309,13,10,1,5,1,
126,3,936,213,23,9,1,5,1,
126,4,906,253,36,20,1,5,1,
126,7,923,173,25,21,1,5,1,
126,11,946,194,14,19,1,5,1,
126,12,817,83,98,27,1,5,1,
126,13,781,389,13,11,1,5,1,
126,14,812,389,10,10,1,5,1,
126,15,689,56,50,12,1,5,1,
126,18,834,190,20,17,1,5,1,
126,19,914,111,24,28,1,5,1,
126,20,733,284,19,11,1,5,1,
126,21,932,195,25,12,1,5,1,
126,23,798,185,59,17,1,5,1,
126,26,723,284,12,7,1,5,1,
126,27,834,326,17,10,1,5,1,
127,2,785,309,12,10,1,5,1,
127,3,933,214,25,8,1,5,1,
127,4,905,253,35,20,1,5,1,
127,7,923,174,25,21,1,5,1,
127,11,946,195,14,18,1,5,1,
127,12,827,84,98,27,1,5,1,
127,13,780,388,14,11,1,5,1,
127,14,813,389,9,9,1,5,1,
127,15,694,56,50,11,1,5,1,
127,18,833,191,20,16,1,5,1,
127,19,913,112,24,28,1,5,1,
127,20,732,284,19,11,1,5,1,
127,21,930,196,25,12,1,5,1,
127,23,804,185,59,17,1,5,1,
127,26,722,284,12,7,1,5,1,
127,27,833,326,17,9,1,5,1,
128,2,784,309,13,10,1,5,1,
128,3,930,214,25,9,1,5,1,
128,4,904,253,34,20,1,5,1,
128,7,923,174,25,22,1,5,1,
128,11,947,195,13,19,1,5,1,
128,12,838,84,96,27,1,5,1,
128,13,780,387,13,11,1,5,1,
128,14,814,388,9,9,1,5,1,
128,15,699,55,50,12,1,5,1,
128,18,831,191,21,17,1,5,1,
128,19,912,114,24,28,1,5,1,
128,20,731,284,18,11,1,5,1,
128,21,928,196,25,12,1,5,1,
128,23,811,186,58,16,1,5,1,
128,26,721,284,13,7,1,5,1,
128,27,831,326,18,9,1,5,1,
129,2,784,309,13,9,1,5,1,
129,3,927,215,24,8,1,5,1,
129,4,902,254,35,19,1,5,1,
129,7,923,175,25,21,1,5,1,
129,11,948,196,12,18,1,5,1,
129,12,848,85,95,26,1,5,1,
129,13,779,386,14,11,1,5,1,
129,14,814,387,9,9,1,5,1,
129,15,704,55,50,12,1,5,1,
129,18,830,192,21,16,1,5,1,
129,19,911,115,24,28,1,5,1,
129,20,730,283,17,11,1,5,1,
129,21,926,197,25,12,1,5,1,
129,23,817,186,57,17,1,5,1,
129,26,721,283,12,8,1,5,1,
129,27,830,325,17,9,1,5,1,
130,2,784,308,12,10,1,5,1,
130,3,924,215,24,8,1,5,1,
130,4,901,254,35,19,1,5,1,
130,7,923,176,25,21,1,5,1,
130,11,949,196,11,19,1,5,1,
130,12,858,85,95,27,1,5,1,
130,13,778,385,14,11,1,5,1,
130,14,815,386,9,9,1,5,1,
130,15,708,54,51,12,1,5,1,
130,18,829,193,21,16,1,5,1,
130,19,910,117,24,27,1,5,1,
130,20,729,283,16,11,1,5,1,
130,21,924,197,25,12,1,5,1,
130,23,823,186,57,17,1,5,1,
130,27,828,325,18,9,1,5,1,
131,2,784,308,12,10,1,5,1,
131,3,921,216,24,8,1,5,1,
131,4,899,254,35,19,1,5,1,
131,7,923,177,24,20,1,5,1,
131,11,950,197,10,18,1,5,1,
131,12,867,86,92,26,1,5,1,
131,13,778,385,13,10,1,5,1,
131,14,816,385,9,9,1,5,1,
131,15,713,54,50,12,1,5,1,
131,18,828,193,21,16,1,5,1,
131,19,909,118,24,27,1,5,1,
131,21,922,198,25,12,1,5,1,
131,23,830,187,55,16,1,5,1,
131,27,827,324,18,9,1,5,1,
132,2,783,308,14,9,1,5,1,
132,3,918,216,25,8,1,5,1,
132,4,897,254,36,19,1,5,1,
132,7,923,177,24,21,1,5,1,
132,12,876,86,84,27,1,5,1,
132,13,777,384,14,11,1,5,1,
132,14,817,385,9,8,1,5,1,
132,15,717,54,51,12,1,5,1,
132,18,826,194,22,16,1,5,1,
132,19,908,119,24,27,1,5,1,
132,21,920,199,25,11,1,5,1,
132,23,835,187,55,16,1,5,1,
132,27,824,324,20,9,1,5,1,
133,2,781,308,17,9,1,5,1,
133,3,915,217,25,8,1,5,1,
133,4,896,255,36,18,1,5,1,
133,7,923,178,24,21,1,5,1,
133,11,949,198,10,18,1,5,1,
133,12,885,87,75,26,1,5,1,
133,13,776,383,14,11,1,5,1,
133,14,818,384,9,8,1,5,1,
133,15,721,54,52,12,1,5,1,
133,18,825,194,22,16,1,5,1,
133,19,909,121,23,25,1,5,1,
133,21,918,199,26,12,1,5,1,
133,23,841,187,54,17,1,5,1,
133,27,821,324,22,8,1,5,1,
134,3,912,217,25,8,1,5,1,
134,4,894,255,36,18,1,5,1,
134,7,921,179,24,20,1,5,1,
134,11,947,199,12,17,1,5,1,
134,12,895,87,65,27,1,5,1,
134,13,775,382,15,11,1,5,1,
134,14,818,383,9,8,1,5,1,
134,15,726,54,52,11,1,5,1,
134,18,823,195,23,15,1,5,1,
134,19,910,123,23,24,1,5,1,
134,21,916,200,26,11,1,5,1,
134,23,847,188,53,16,1,5,1,
134,27,819,323,23,9,1,5,1,
135,3,909,218,25,7,1,5,1,
135,4,892,255,37,18,1,5,1,
135,7,919,179,25,21,1,5,1,
135,11,946,200,13,16,1,5,1,
135,12,905,88,55,26,1,5,1,
135,13,774,381,15,11,1,5,1,
135,14,819,382,9,9,1,5,1,
135,15,731,53,51,12,1,5,1,
135,18,821,196,24,15,1,5,1,
135,19,911,124,23,24,1,5,1,
135,21,914,200,26,11,1,5,1,
135,23,853,188,51,16,1,5,1,
135,27,817,323,24,8,1,5,1,
136,3,906,218,25,8,1,5,1,
136,4,890,255,37,18,1,5,1,
136,7,919,180,25,21,1,5,1,
136,11,944,200,15,17,1,5,1,
136,12,914,89,46,22,1,5,1,
136,13,773,380,15,11,1,5,1,
136,14,819,381,9,9,1,5,1,
136,15,736,53,51,12,1,5,1,
136,19,911,125,23,24,1,5,1,
136,21,912,201,26,11,1,5,1,
136,23,859,188,50,17,1,5,1,
136,27,815,322,24,9,1,5,1,
137,3,903,218,25,8,1,5,1,
137,4,888,255,38,18,1,5,1,
137,7,919,181,23,20,1,5,1,
137,11,943,200,16,17,1,5,1,
137,12,923,89,37,14,1,5,1,
137,13,771,379,16,11,1,5,1,
137,14,820,380,8,9,1,5,1,
137,15,740,53,51,12,1,5,1,
137,19,911,126,23,23,1,5,1,
137,21,910,201,26,11,1,5,1,
137,23,864,189,49,16,1,5,1,
138,3,901,219,25,7,1,5,1,
138,4,886,256,38,17,1,5,1,
138,7,919,182,23,20,1,5,1,
138,11,941,200,18,17,1,5,1,
138,12,931,91,29,13,1,5,1,
138,14,820,380,9,8,1,5,1,
138,15,744,53,52,12,1,5,1,
138,19,912,127,22,23,1,5,1,
138,21,908,202,26,11,1,5,1,
138,23,869,189,48,16,1,5,1,
139,3,898,219,25,8,1,5,1,
139,4,883,256,40,17,1,5,1,
139,7,919,183,22,19,1,5,1,
139,11,940,201,19,17,1,5,1,
139,14,820,379,9,9,1,5,1,
139,15,748,53,52,12,1,5,1,
139,19,912,128,22,23,1,5,1,
139,21,906,202,26,11,1,5,1,
139,23,874,190,47,16,1,5,1,
140,3,895,220,26,7,1,5,1,
140,4,881,256,40,17,1,5,1,
140,7,919,184,22,19,1,5,1,
140,11,938,202,21,16,1,5,1,
140,14,820,378,9,9,1,5,1,
140,15,752,53,53,12,1,5,1,
140,19,912,129,22,23,1,5,1,
140,21,903,203,28,11,1,5,1,
140,23,878,190,46,16,1,5,1,
141,3,892,220,26,7,1,5,1,
141,4,879,256,40,17,1,5,1,
141,7,919,185,22,19,1,5,1,
141,11,937,202,22,17,1,5,1,
141,14,820,377,9,9,1,5,1,
141,15,756,53,53,12,1,5,1,
141,19,912,130,22,23,1,5,1,
141,21,901,203,28,11,1,5,1,
141,23,882,190,46,16,1,5,1,
142,3,890,220,25,8,1,5,1,
142,4,876,256,41,17,1,5,1,
142,7,919,185,22,19,1,5,1,
142,11,935,203,24,16,1,5,1,
142,14,820,376,9,10,1,5,1,
142,15,760,53,53,12,1,5,1,
142,19,911,131,22,23,1,5,1,
142,23,887,191,44,16,1,5,1,
143,4,874,257,41,16,1,5,1,
143,7,919,186,21,19,1,5,1,
143,11,934,203,25,16,1,5,1,
143,14,820,376,9,9,1,5,1,
143,15,764,53,53,12,1,5,1,
143,19,910,132,21,24,1,5,1,
143,23,891,191,43,16,1,5,1,
144,4,871,257,42,16,1,5,1,
144,7,919,187,21,18,1,5,1,
144,11,932,203,27,17,1,5,1,
144,14,820,375,9,9,1,5,1,
144,15,768,54,54,11,1,5,1,
144,19,909,133,23,24,1,5,1,
144,23,894,192,43,15,1,5,1,
145,4,868,257,43,16,1,5,1,
145,7,918,187,21,19,1,5,1,
145,11,930,204,29,16,1,5,1,
145,14,820,374,9,10,1,5,1,
145,15,771,54,52,11,1,5,1,
145,19,904,133,28,25,1,5,1,
145,23,898,192,42,16,1,5,1,
146,4,866,257,43,16,1,5,1,
146,7,918,188,20,18,1,5,1,
146,11,929,204,30,16,1,5,1,
146,14,820,373,8,10,1,5,1,
146,15,776,55,49,11,1,5,1,
146,19,902,134,31,25,1,5,1,
146,23,902,193,41,15,1,5,1,
147,4,863,257,43,16,1,5,1,
147,7,917,188,20,19,1,5,1,
147,11,927,205,31,16,1,5,1,
147,14,820,372,8,10,1,5,1,
147,15,780,55,45,12,1,5,1,
147,19,899,135,35,25,1,5,1,
147,23,906,193,39,16,1,5,1,
148,4,860,257,44,16,1,5,1,
148,7,916,189,20,19,1,5,1,
148,11,925,205,31,16,1,5,1,
148,14,820,372,8,9,1,5,1,
148,15,785,55,40,12,1,5,1,
148,19,896,136,39,25,1,5,1,
148,23,910,194,37,15,1,5,1,
149,4,857,258,44,15,1,5,1,
149,7,914,190,22,19,1,5,1,
149,11,922,206,33,16,1,5,1,
149,14,819,371,9,9,1,5,1,
149,15,790,55,35,14,1,5,1,
149,17,952,191,7,8,1,5,1,
149,19,893,137,41,25,1,5,1,
149,23,914,194,36,15,1,5,1,
150,4,854,258,45,15,1,5,1,
150,7,912,190,24,20,1,5,1,
150,11,920,206,33,16,1,5,1,
150,14,819,370,8,10,1,5,1,
150,15,795,54,29,16,1,5,1,
150,17,950,190,9,10,1,5,1,
150,19,890,139,43,24,1,5,1,
150,23,918,195,34,15,1,5,1,
