1,1,218,132,98,58,1,5,1,
1,2,481,103,88,44,1,5,1,
1,3,82,265,56,22,1,5,1,
1,4,326,128,59,13,1,5,1,
1,5,245,137,25,33,1,5,1,
1,6,712,228,72,15,1,5,1,
1,7,543,77,91,24,1,5,1,
1,8,155,42,29,48,1,5,1,
1,9,850,282,110,27,1,5,1,
1,10,237,231,16,11,1,5,1,
1,11,669,0,62,16,1,5,1,
1,12,273,57,47,57,1,5,1,
1,13,694,20,60,15,1,5,1,
1,14,124,290,66,13,1,5,1,
1,15,107,495,114,32,1,5,1,
1,16,489,15,24,28,1,5,1,
2,1,220,135,107,58,1,5,1,
2,2,479,97,79,46,1,5,1,
2,3,80,264,46,23,1,5,1,
2,4,332,127,57,14,1,5,1,
2,5,247,140,26,31,1,5,1,
2,6,717,228,77,14,1,5,1,
2,7,553,74,92,25,1,5,1,
2,8,158,44,27,51,1,5,1,
2,9,866,283,94,26,1,5,1,
2,10,236,230,14,11,1,5,1,
2,11,660,0,61,21,1,5,1,
2,12,276,52,48,59,1,5,1,
2,13,700,20,64,14,1,5,1,
2,14,131,290,63,13,1,5,1,
2,15,96,494,118,39,1,5,1,
2,16,490,11,30,29,1,5,1,
3,1,225,139,113,56,1,5,1,
3,2,478,90,67,52,1,5,1,
3,3,80,264,34,22,1,5,1,
3,4,338,127,57,14,1,5,1,
3,5,247,142,31,30,1,5,1,
3,6,725,227,78,15,1,5,1,
3,7,565,72,92,24,1,5,1,
3,8,162,48,26,51,1,5,1,
3,9,889,285,71,24,1,5,1,
3,10,236,229,15,12,1,5,1,
3,11,651,0,61,27,1,5,1,
3,12,276,48,57,57,1,5,1,
3,13,708,19,65,14,1,5,1,
3,14,140,290,58,12,1,5,1,
3,15,85,492,119,47,1,5,1,
3,16,490,7,38,29,1,5,1,
4,1,230,143,119,54,1,5,1,
4,2,479,83,55,56,1,5,1,
4,3,82,263,30,22,1,5,1,
4,4,343,127,57,14,1,5,1,
4,5,247,144,37,30,1,5,1,
4,6,732,227,79,15,1,5,1,
4,7,574,70,95,24,1,5,1,
4,8,162,52,32,51,1,5,1,
4,9,909,288,51,17,1,5,1,
4,10,238,228,14,12,1,5,1,
4,11,644,0,61,33,1,5,1,
4,12,271,44,79,55,1,5,1,
4,13,716,18,67,14,1,5,1,
4,14,147,290,54,12,1,5,1,
4,15,75,491,120,52,1,5,1,
4,16,492,4,44,28,1,5,1,
5,1,236,147,124,52,1,5,1,
5,2,481,76,42,60,1,5,1,
5,3,85,262,29,22,1,5,1,
5,4,349,128,57,14,1,5,1,
5,5,246,145,45,30,1,5,1,
5,6,740,226,80,16,1,5,1,
5,7,585,69,97,23,1,5,1,
5,8,160,56,42,51,1,5,1,
5,10,239,228,15,11,1,5,1,
5,11,638,0,61,39,1,5,1,
5,12,265,40,104,54,1,5,1,
5,13,724,17,69,14,1,5,1,
5,14,154,290,49,13,1,5,1,
5,15,71,490,114,53,1,5,1,
5,16,494,1,51,27,1,5,1,
6,1,244,152,127,48,1,5,1,
6,2,479,68,44,64,1,5,1,
6,3,89,262,28,21,1,5,1,
6,4,353,128,59,14,1,5,1,
6,5,246,147,51,29,1,5,1,
6,6,747,226,80,15,1,5,1,
6,7,594,68,100,22,1,5,1,
6,8,159,60,52,51,1,5,1,
6,10,238,227,20,12,1,5,1,
6,11,633,0,65,46,1,5,1,
6,12,263,38,126,52,1,5,1,
6,13,732,16,70,14,1,5,1,
6,14,160,290,45,13,1,5,1,
6,15,62,491,114,53,1,5,1,
6,16,497,0,57,24,1,5,1,
7,1,253,156,129,44,1,5,1,
7,2,480,59,45,69,1,5,1,
7,3,87,261,37,21,1,5,1,
7,4,359,129,58,14,1,5,1,
7,5,247,149,57,29,1,5,1,
7,6,757,226,77,15,1,5,1,
7,7,606,67,100,22,1,5,1,
7,8,160,64,59,51,1,5,1,
7,10,238,226,25,12,1,5,1,
7,11,629,0,59,53,1,5,1,
7,12,262,36,147,50,1,5,1,
7,13,740,14,71,15,1,5,1,
7,14,166,290,41,13,1,5,1,
7,15,52,493,113,51,1,5,1,
7,16,502,-1,61,21,1,5,1,
8,1,261,161,132,39,1,5,1,
8,2,482,51,48,72,1,5,1,
8,3,85,261,48,21,1,5,1,
8,4,364,129,58,14,1,5,1,
8,5,248,150,62,29,1,5,1,
8,6,765,226,74,15,1,5,1,
8,7,616,66,102,22,1,5,1,
8,8,162,68,67,51,1,5,1,
8,10,239,226,29,12,1,5,1,
8,11,626,1,53,57,1,5,1,
8,12,264,35,165,49,1,5,1,
8,13,748,13,72,14,1,5,1,
8,14,170,291,38,13,1,5,1,
8,15,42,495,114,49,1,5,1,
8,16,506,-2,67,18,1,5,1,
9,1,272,165,131,35,1,5,1,
9,2,486,42,51,75,1,5,1,
9,3,84,260,58,21,1,5,1,
9,4,369,129,58,15,1,5,1,
9,5,251,152,65,28,1,5,1,
9,6,775,226,69,15,1,5,1,
9,7,629,65,100,23,1,5,1,
9,8,166,74,72,48,1,5,1,
9,10,240,225,34,13,1,5,1,
9,11,625,7,43,56,1,5,1,
9,12,268,34,180,49,1,5,1,
9,13,757,13,71,14,1,5,1,
9,14,173,292,40,13,1,5,1,
9,15,34,499,110,45,1,5,1,
9,16,513,-3,69,15,1,5,1,
10,1,282,169,130,31,1,5,1,
10,2,483,33,73,78,1,5,1,
10,3,85,260,66,20,1,5,1,
10,4,375,129,56,15,1,5,1,
10,5,255,154,68,28,1,5,1,
10,6,785,226,62,15,1,5,1,
10,7,641,65,99,23,1,5,1,
10,8,171,79,77,46,1,5,1,
10,10,241,225,41,12,1,5,1,
10,11,624,13,35,55,1,5,1,
10,12,275,33,191,51,1,5,1,
10,13,766,13,69,14,1,5,1,
10,14,174,292,45,13,1,5,1,
10,15,26,503,106,41,1,5,1,
10,16,520,-2,71,13,1,5,1,
11,1,292,170,129,30,1,5,1,
11,2,479,24,99,80,1,5,1,
11,3,87,260,74,19,1,5,1,
11,4,380,129,55,15,1,5,1,
11,5,259,156,70,27,1,5,1,
11,6,795,226,54,15,1,5,1,
11,7,654,65,96,24,1,5,1,
11,8,177,84,80,43,1,5,1,
11,10,243,225,47,12,1,5,1,
11,11,624,20,27,52,1,5,1,
11,12,284,32,198,53,1,5,1,
11,13,775,13,66,14,1,5,1,
11,14,176,292,47,13,1,5,1,
11,15,19,508,101,36,1,5,1,
11,16,527,-1,72,11,1,5,1,
12,1,302,171,128,29,1,5,1,
12,2,476,15,128,82,1,5,1,
12,3,90,260,81,19,1,5,1,
12,4,386,129,52,16,1,5,1,
12,5,263,158,72,25,1,5,1,
12,6,804,226,46,15,1,5,1,
12,7,666,65,93,24,1,5,1,
12,8,183,89,84,39,1,5,1,
12,10,246,225,52,12,1,5,1,
12,11,623,26,22,50,1,5,1,
12,12,296,32,202,54,1,5,1,
12,13,784,13,62,14,1,5,1,
12,14,179,292,48,13,1,5,1,
12,15,13,514,95,30,1,5,1,
12,16,535,0,72,11,1,5,1,
13,1,312,171,127,29,1,5,1,
13,2,476,7,155,82,1,5,1,
13,3,95,260,85,18,1,5,1,
13,4,392,128,49,18,1,5,1,
13,5,268,160,73,24,1,5,1,
13,6,812,226,38,16,1,5,1,
13,7,678,66,91,24,1,5,1,
13,8,191,94,86,35,1,5,1,
13,10,251,225,54,12,1,5,1,
13,11,623,32,16,48,1,5,1,
13,12,311,34,203,53,1,5,1,
13,13,793,13,56,15,1,5,1,
13,14,183,292,48,13,1,5,1,
13,16,546,0,68,12,1,5,1,
14,1,321,171,126,30,1,5,1,
14,2,477,0,182,81,1,5,1,
14,3,100,260,90,18,1,5,1,
14,4,397,129,48,19,1,5,1,
14,5,273,163,73,22,1,5,1,
14,6,820,227,29,15,1,5,1,
14,7,689,66,89,25,1,5,1,
14,8,198,99,88,30,1,5,1,
14,10,256,225,55,12,1,5,1,
14,11,624,38,16,45,1,5,1,
14,12,327,35,203,53,1,5,1,
14,13,801,13,52,17,1,5,1,
14,14,187,292,48,13,1,5,1,
14,16,571,0,49,13,1,5,1,
15,1,331,172,125,29,1,5,1,
15,2,482,0,206,72,1,5,1,
15,3,107,260,93,18,1,5,1,
15,4,402,130,47,19,1,5,1,
15,5,279,165,73,21,1,5,1,
15,6,827,227,24,15,1,5,1,
15,7,701,67,85,24,1,5,1,
15,8,207,103,88,26,1,5,1,
15,10,263,225,55,12,1,5,1,
15,11,626,44,15,41,1,5,1,
15,12,345,36,201,53,1,5,1,
15,13,809,13,48,18,1,5,1,
15,14,191,291,48,14,1,5,1,
15,16,578,0,50,14,1,5,1,
16,1,340,172,123,29,1,5,1,
16,2,488,-3,229,66,1,5,1,
16,3,115,260,94,18,1,5,1,
16,4,406,132,48,18,1,5,1,
16,5,284,167,74,20,1,5,1,
16,6,830,228,20,15,1,5,1,
16,7,711,68,84,24,1,5,1,
16,8,216,106,88,24,1,5,1,
16,10,270,225,54,12,1,5,1,
16,11,627,49,17,39,1,5,1,
16,12,361,37,201,52,1,5,1,
16,13,815,14,48,18,1,5,1,
16,14,196,291,47,14,1,5,1,
16,16,582,0,53,15,1,5,1,
17,1,350,173,122,29,1,5,1,
17,2,499,-5,247,58,1,5,1,
17,3,123,261,95,17,1,5,1,
17,4,410,133,48,18,1,5,1,
17,5,290,169,73,18,1,5,1,
17,6,831,228,20,15,1,5,1,
17,7,722,69,82,24,1,5,1,
17,8,226,109,86,21,1,5,1,
17,10,277,224,54,13,1,5,1,
17,11,626,54,23,36,1,5,1,
17,12,379,38,198,52,1,5,1,
17,13,822,16,46,18,1,5,1,
17,14,200,291,47,14,1,5,1,
17,16,580,0,63,16,1,5,1,
18,1,361,173,119,29,1,5,1,
18,2,514,-8,261,51,1,5,1,
18,3,133,261,94,17,1,5,1,
18,4,415,134,47,18,1,5,1,
18,5,297,170,72,17,1,5,1,
18,6,831,229,20,15,1,5,1,
18,7,734,70,79,24,1,5,1,
18,8,236,111,84,19,1,5,1,
18,10,284,224,53,12,1,5,1,
18,11,626,60,28,32,1,5,1,
18,12,397,39,195,52,1,5,1,
18,13,828,17,46,18,1,5,1,
18,14,205,291,46,14,1,5,1,
18,16,587,0,64,17,1,5,1,
19,1,370,174,118,29,1,5,1,
19,2,531,-14,273,53,1,5,1,
19,3,142,261,93,17,1,5,1,
19,4,420,136,46,16,1,5,1,
19,5,303,170,71,17,1,5,1,
19,6,832,229,20,15,1,5,1,
19,7,743,71,79,24,1,5,1,
19,8,245,111,83,19,1,5,1,
19,10,291,224,52,12,1,5,1,
19,11,626,64,35,29,1,5,1,
19,12,414,40,194,52,1,5,1,
19,13,833,18,46,18,1,5,1,
19,14,209,291,45,14,1,5,1,
19,16,594,0,65,18,1,5,1,
20,1,379,174,117,29,1,5,1,
20,2,550,-19,280,54,1,5,1,
20,3,151,261,92,17,1,5,1,
20,4,424,137,46,16,1,5,1,
20,5,308,171,72,17,1,5,1,
20,6,833,230,19,14,1,5,1,
20,7,752,72,79,24,1,5,1,
20,8,254,111,81,18,1,5,1,
20,10,297,224,52,12,1,5,1,
20,11,627,68,40,25,1,5,1,
20,12,429,41,194,52,1,5,1,
20,13,838,20,47,17,1,5,1,
20,14,213,292,45,13,1,5,1,
20,16,601,0,65,19,1,5,1,
21,1,388,175,116,28,1,5,1,
21,2,572,-24,281,55,1,5,1,
21,3,161,261,89,17,1,5,1,
21,4,428,138,46,16,1,5,1,
21,5,314,171,71,17,1,5,1,
21,6,833,230,20,15,1,5,1,
21,7,762,73,78,24,1,5,1,
21,8,263,111,80,18,1,5,1,
21,10,303,224,53,12,1,5,1,
21,11,629,72,45,22,1,5,1,
21,12,446,42,192,51,1,5,1,
21,13,844,21,47,17,1,5,1,
21,14,217,292,45,14,1,5,1,
21,16,609,1,65,19,1,5,1,
22,1,397,176,115,28,1,5,1,
22,2,594,-30,285,56,1,5,1,
22,3,170,261,88,17,1,5,1,
22,4,432,139,46,16,1,5,1,
22,5,319,172,71,16,1,5,1,
22,6,834,231,19,14,1,5,1,
22,7,771,74,78,24,1,5,1,
22,8,271,111,80,18,1,5,1,
22,10,309,223,53,13,1,5,1,
22,11,632,76,50,19,1,5,1,
22,12,462,43,190,51,1,5,1,
22,13,849,22,47,17,1,5,1,
22,14,221,292,45,14,1,5,1,
22,16,617,2,65,19,1,5,1,
23,1,406,176,113,28,1,5,1,
23,3,180,261,85,17,1,5,1,
23,4,437,139,45,16,1,5,1,
23,5,325,172,70,16,1,5,1,
23,6,834,231,19,14,1,5,1,
23,7,781,75,77,23,1,5,1,
23,8,280,111,79,18,1,5,1,
23,10,316,223,53,13,1,5,1,
23,11,636,78,52,18,1,5,1,
23,12,479,44,188,51,1,5,1,
23,13,855,24,47,16,1,5,1,
23,14,225,292,45,14,1,5,1,
23,16,625,3,64,19,1,5,1,
24,1,414,177,112,28,1,5,1,
24,3,188,261,85,17,1,5,1,
24,4,441,140,45,16,1,5,1,
24,5,330,172,71,17,1,5,1,
24,6,835,231,19,14,1,5,1,
24,7,789,76,78,23,1,5,1,
24,8,287,111,79,18,1,5,1,
24,10,322,223,53,13,1,5,1,
24,11,641,80,52,17,1,5,1,
24,12,494,45,187,51,1,5,1,
24,13,860,25,47,16,1,5,1,
24,14,227,292,50,14,1,5,1,
24,16,632,4,65,18,1,5,1,
25,1,423,177,110,28,1,5,1,
25,3,196,261,84,17,1,5,1,
25,4,445,141,44,16,1,5,1,
25,5,336,172,70,17,1,5,1,
25,6,835,232,19,14,1,5,1,
25,7,798,77,77,23,1,5,1,
25,8,295,111,79,18,1,5,1,
25,10,328,223,54,12,1,5,1,
25,11,646,81,53,16,1,5,1,
25,12,510,46,185,51,1,5,1,
25,13,866,26,46,16,1,5,1,
25,14,230,291,54,14,1,5,1,
25,16,640,5,64,18,1,5,1,
26,1,432,178,108,27,1,5,1,
26,3,204,261,84,17,1,5,1,
26,4,449,142,44,16,1,5,1,
26,5,341,173,70,16,1,5,1,
26,6,836,232,18,14,1,5,1,
26,7,807,78,76,23,1,5,1,
26,8,302,111,80,18,1,5,1,
26,10,334,223,55,12,1,5,1,
26,11,652,82,52,16,1,5,1,
26,12,525,47,183,51,1,5,1,
26,13,871,27,46,16,1,5,1,
26,14,233,291,57,14,1,5,1,
26,16,647,5,64,19,1,5,1,
27,1,441,179,106,27,1,5,1,
27,3,211,262,84,16,1,5,1,
27,4,454,143,42,15,1,5,1,
27,5,346,173,70,16,1,5,1,
27,6,836,233,18,13,1,5,1,
27,7,817,79,73,23,1,5,1,
27,8,310,111,80,18,1,5,1,
27,10,340,222,56,13,1,5,1,
27,11,658,83,51,16,1,5,1,
27,12,542,48,178,51,1,5,1,
27,13,877,28,44,16,1,5,1,
27,14,237,291,59,14,1,5,1,
27,16,655,6,63,19,1,5,1,
28,1,449,179,105,27,1,5,1,
28,3,219,262,83,16,1,5,1,
28,4,458,144,41,15,1,5,1,
28,5,351,173,70,17,1,5,1,
28,6,836,233,18,13,1,5,1,
28,7,826,80,71,23,1,5,1,
28,8,318,112,80,17,1,5,1,
28,10,347,222,56,13,1,5,1,
28,11,663,84,51,16,1,5,1,
28,12,557,49,175,51,1,5,1,
28,13,883,29,43,16,1,5,1,
28,14,242,291,59,14,1,5,1,
28,16,663,7,61,19,1,5,1,
29,1,458,180,102,27,1,5,1,
29,3,226,262,84,16,1,5,1,
29,4,462,144,40,16,1,5,1,
29,5,357,173,68,17,1,5,1,
29,6,836,233,18,14,1,5,1,
29,7,835,81,70,23,1,5,1,
29,8,326,112,80,18,1,5,1,
29,10,353,222,57,13,1,5,1,
29,11,669,84,50,16,1,5,1,
29,12,573,51,172,50,1,5,1,
29,13,888,30,42,16,1,5,1,
29,14,247,291,60,14,1,5,1,
29,16,670,8,61,19,1,5,1,
30,1,466,180,100,27,1,5,1,
30,3,234,262,83,16,1,5,1,
30,4,466,145,39,16,1,5,1,
30,5,362,174,68,16,1,5,1,
30,6,836,234,18,13,1,5,1,
30,7,844,82,68,23,1,5,1,
30,8,333,112,80,18,1,5,1,
30,10,359,222,58,13,1,5,1,
30,11,675,85,49,16,1,5,1,
30,12,588,52,169,50,1,5,1,
30,13,893,31,41,17,1,5,1,
30,14,252,291,60,14,1,5,1,
30,16,677,9,61,19,1,5,1,
31,1,474,181,102,27,1,5,1,
31,3,242,262,82,16,1,5,1,
31,4,470,146,38,16,1,5,1,
31,5,368,174,67,17,1,5,1,
31,6,836,234,18,13,1,5,1,
31,7,853,83,66,23,1,5,1,
31,8,342,112,79,18,1,5,1,
31,10,366,222,58,13,1,5,1,
31,11,681,86,47,16,1,5,1,
31,12,604,54,165,49,1,5,1,
31,13,899,32,40,17,1,5,1,
31,14,257,292,61,14,1,5,1,
31,16,685,10,60,19,1,5,1,
32,1,480,182,106,26,1,5,1,
32,3,250,262,81,16,1,5,1,
32,4,473,147,38,15,1,5,1,
32,5,373,175,67,16,1,5,1,
32,6,836,235,17,12,1,5,1,
32,7,860,84,67,23,1,5,1,
32,8,349,112,80,18,1,5,1,
32,10,373,221,58,13,1,5,1,
32,11,686,87,47,16,1,5,1,
32,12,618,55,164,49,1,5,1,
32,13,903,33,40,17,1,5,1,
32,14,262,292,61,14,1,5,1,
32,16,692,11,60,19,1,5,1,
33,1,486,182,110,25,1,5,1,
33,3,259,261,78,17,1,5,1,
33,4,477,148,37,15,1,5,1,
33,5,378,175,67,16,1,5,1,
33,6,836,235,17,13,1,5,1,
33,7,868,85,66,23,1,5,1,
33,8,357,112,80,18,1,5,1,
33,10,380,221,58,13,1,5,1,
33,11,691,88,47,16,1,5,1,
33,12,632,57,162,48,1,5,1,
33,13,908,34,39,17,1,5,1,
33,14,268,292,60,14,1,5,1,
33,16,699,12,60,19,1,5,1,
34,1,493,182,111,25,1,5,1,
34,3,267,261,75,17,1,5,1,
34,4,480,149,37,15,1,5,1,
34,5,383,175,67,16,1,5,1,
34,6,836,235,17,13,1,5,1,
34,7,876,86,64,23,1,5,1,
34,8,365,112,79,18,1,5,1,
34,10,386,221,60,13,1,5,1,
34,11,696,88,47,16,1,5,1,
34,12,646,58,160,48,1,5,1,
34,13,913,35,38,17,1,5,1,
34,14,273,292,61,14,1,5,1,
34,16,706,13,59,19,1,5,1,
35,1,502,182,110,25,1,5,1,
35,3,276,261,72,17,1,5,1,
35,4,484,150,36,15,1,5,1,
35,5,389,175,66,16,1,5,1,
35,6,835,236,17,12,1,5,1,
35,7,884,87,63,22,1,5,1,
35,8,373,112,79,18,1,5,1,
35,10,393,221,61,14,1,5,1,
35,11,702,89,45,16,1,5,1,
35,12,661,60,157,47,1,5,1,
35,13,918,36,37,17,1,5,1,
35,14,278,292,61,14,1,5,1,
35,16,713,14,59,19,1,5,1,
36,1,509,182,110,26,1,5,1,
36,3,283,261,71,17,1,5,1,
36,4,487,150,36,15,1,5,1,
36,5,393,176,66,16,1,5,1,
36,6,835,236,17,12,1,5,1,
36,7,892,88,62,22,1,5,1,
36,8,381,112,79,18,1,5,1,
36,10,399,221,63,14,1,5,1,
36,11,707,90,44,16,1,5,1,
36,12,674,61,155,47,1,5,1,
36,13,922,38,36,17,1,5,1,
36,14,283,292,62,14,1,5,1,
36,16,720,15,58,19,1,5,1,
37,1,518,182,109,26,1,5,1,
37,3,290,261,71,17,1,5,1,
37,4,491,151,34,15,1,5,1,
37,5,399,176,64,16,1,5,1,
37,6,834,236,17,13,1,5,1,
37,7,900,90,59,21,1,5,1,
37,8,389,112,79,18,1,5,1,
37,10,407,222,62,13,1,5,1,
37,11,712,91,44,16,1,5,1,
37,12,689,62,151,48,1,5,1,
37,13,927,39,32,17,1,5,1,
37,14,289,292,62,14,1,5,1,
37,16,727,16,57,19,1,5,1,
38,1,526,182,108,26,1,5,1,
38,3,296,261,72,17,1,5,1,
38,4,494,152,33,15,1,5,1,
38,5,404,176,64,17,1,5,1,
38,6,834,237,16,12,1,5,1,
38,7,907,91,53,21,1,5,1,
38,8,396,112,79,19,1,5,1,
38,10,414,222,63,13,1,5,1,
38,11,717,92,43,16,1,5,1,
38,12,702,64,149,47,1,5,1,
38,13,931,40,29,17,1,5,1,
38,14,294,292,63,14,1,5,1,
38,16,734,17,56,19,1,5,1,
39,1,534,183,108,25,1,5,1,
39,3,302,261,73,17,1,5,1,
39,4,498,153,31,15,1,5,1,
39,5,409,177,62,16,1,5,1,
39,6,833,237,17,12,1,5,1,
39,7,914,92,46,21,1,5,1,
39,8,404,113,78,19,1,5,1,
39,10,421,222,64,13,1,5,1,
39,11,722,93,42,16,1,5,1,
39,12,716,65,145,47,1,5,1,
39,13,935,41,25,17,1,5,1,
39,14,299,292,64,14,1,5,1,
39,16,741,18,55,19,1,5,1,
40,1,542,183,107,26,1,5,1,
40,3,308,261,74,17,1,5,1,
40,4,501,153,30,15,1,5,1,
40,5,414,177,61,17,1,5,1,
40,6,833,237,16,12,1,5,1,
40,7,921,93,39,21,1,5,1,
40,8,412,113,77,20,1,5,1,
40,10,428,222,65,14,1,5,1,
40,11,726,93,42,16,1,5,1,
40,12,728,66,144,47,1,5,1,
40,13,939,42,21,17,1,5,1,
40,14,305,292,63,14,1,5,1,
40,16,747,19,55,19,1,5,1,
41,1,550,183,106,26,1,5,1,
41,3,314,261,75,17,1,5,1,
41,4,504,154,29,15,1,5,1,
41,5,419,178,60,16,1,5,1,
41,6,832,238,16,11,1,5,1,
41,7,929,94,31,21,1,5,1,
41,8,420,114,76,20,1,5,1,
41,10,436,222,64,14,1,5,1,
41,11,731,94,41,16,1,5,1,
41,12,741,68,141,46,1,5,1,
41,13,944,44,16,15,1,5,1,
41,14,311,292,62,14,1,5,1,
41,16,754,20,53,19,1,5,1,
42,1,558,183,105,26,1,5,1,
42,3,320,261,76,17,1,5,1,
42,4,507,155,27,15,1,5,1,
42,5,423,178,60,17,1,5,1,
42,6,831,238,16,11,1,5,1,
42,7,935,95,25,16,1,5,1,
42,8,428,115,75,19,1,5,1,
42,10,444,222,64,14,1,5,1,
42,11,736,95,39,16,1,5,1,
42,12,754,69,138,46,1,5,1,
42,13,949,44,11,16,1,5,1,
42,14,317,292,61,14,1,5,1,
42,16,761,21,51,19,1,5,1,
43,1,567,184,103,25,1,5,1,
43,3,328,261,75,17,1,5,1,
43,4,510,156,26,15,1,5,1,
43,5,428,179,61,17,1,5,1,
43,6,830,238,16,12,1,5,1,
43,8,436,116,75,19,1,5,1,
43,10,452,222,64,14,1,5,1,
43,11,741,96,38,16,1,5,1,
43,12,767,71,135,45,1,5,1,
43,14,324,292,59,14,1,5,1,
43,16,768,22,49,19,1,5,1,
44,1,573,184,103,25,1,5,1,
44,3,333,261,77,17,1,5,1,
44,4,512,157,27,15,1,5,1,
44,5,432,180,63,16,1,5,1,
44,6,827,239,20,11,1,5,1,
44,8,442,116,76,19,1,5,1,
44,10,458,222,66,14,1,5,1,
44,11,744,97,38,16,1,5,1,
44,12,777,72,134,45,1,5,1,
44,14,328,292,61,14,1,5,1,
44,16,773,22,49,20,1,5,1,
45,1,582,184,101,26,1,5,1,
45,3,341,261,76,17,1,5,1,
45,4,514,158,27,15,1,5,1,
45,5,437,182,63,14,1,5,1,
45,6,827,239,19,11,1,5,1,
45,8,451,117,73,19,1,5,1,
45,10,467,222,64,14,1,5,1,
45,11,749,98,36,16,1,5,1,
45,12,790,74,131,44,1,5,1,
45,14,334,292,60,14,1,5,1,
45,16,780,24,47,20,1,5,1,
46,1,588,184,104,25,1,5,1,
46,3,346,261,78,17,1,5,1,
46,4,516,159,28,14,1,5,1,
46,5,441,182,65,13,1,5,1,
46,6,827,239,18,11,1,5,1,
46,8,457,118,74,19,1,5,1,
46,10,473,222,66,14,1,5,1,
46,11,753,98,35,17,1,5,1,
46,12,799,75,131,44,1,5,1,
46,14,338,292,62,14,1,5,1,
46,16,785,25,47,20,1,5,1,
47,1,595,184,105,24,1,5,1,
47,3,353,261,78,17,1,5,1,
47,4,518,160,29,14,1,5,1,
47,5,446,181,65,14,1,5,1,
47,6,827,240,15,10,1,5,1,
47,8,465,118,73,19,1,5,1,
47,10,481,222,66,13,1,5,1,
47,11,757,99,34,17,1,5,1,
47,12,811,77,129,43,1,5,1,
47,14,344,292,62,15,1,5,1,
47,16,791,26,46,20,1,5,1,
48,1,602,184,106,24,1,5,1,
48,3,359,261,79,17,1,5,1,
48,4,519,161,31,13,1,5,1,
48,5,451,180,65,14,1,5,1,
48,6,827,240,14,11,1,5,1,
48,8,472,119,73,19,1,5,1,
48,10,488,222,66,13,1,5,1,
48,11,760,100,34,17,1,5,1,
48,12,821,78,128,43,1,5,1,
48,14,348,292,64,15,1,5,1,
48,16,796,27,45,20,1,5,1,
49,1,610,184,105,25,1,5,1,
49,3,365,261,80,17,1,5,1,
49,4,521,162,33,13,1,5,1,
49,5,456,178,65,15,1,5,1,
49,6,826,240,15,11,1,5,1,
49,8,479,120,72,18,1,5,1,
49,10,496,222,66,14,1,5,1,
49,11,764,101,33,17,1,5,1,
49,12,832,79,126,43,1,5,1,
49,14,353,292,65,15,1,5,1,
49,16,801,29,45,19,1,5,1,
50,1,618,185,104,24,1,5,1,
50,3,371,261,81,17,1,5,1,
50,4,524,163,33,12,1,5,1,
50,5,461,178,65,14,1,5,1,
50,6,826,241,14,10,1,5,1,
50,8,486,120,71,19,1,5,1,
50,10,503,222,66,14,1,5,1,
50,11,768,102,32,17,1,5,1,
50,12,843,81,116,42,1,5,1,
50,14,358,292,66,15,1,5,1,
50,16,807,30,43,20,1,5,1,
51,1,627,185,102,24,1,5,1,
51,3,379,261,81,17,1,5,1,
51,4,526,164,34,12,1,5,1,
51,5,466,177,65,14,1,5,1,
51,6,825,241,14,10,1,5,1,
51,8,494,121,71,18,1,5,1,
51,10,511,222,66,14,1,5,1,
51,11,772,104,30,16,1,5,1,
51,12,855,82,105,42,1,5,1,
51,14,364,293,66,14,1,5,1,
51,16,812,31,42,20,1,5,1,
52,1,635,185,101,24,1,5,1,
52,3,386,261,81,17,1,5,1,
52,4,529,165,36,11,1,5,1,
52,5,471,176,65,15,1,5,1,
52,6,825,241,13,11,1,5,1,
52,8,500,122,73,17,1,5,1,
52,10,519,222,66,14,1,5,1,
52,11,775,105,30,16,1,5,1,
52,12,865,83,95,42,1,5,1,
52,14,369,293,67,14,1,5,1,
52,16,817,33,42,19,1,5,1,
53,1,643,185,100,25,1,5,1,
53,3,394,261,80,16,1,5,1,
53,4,532,165,38,12,1,5,1,
53,5,476,176,65,15,1,5,1,
53,6,824,241,14,11,1,5,1,
53,8,507,122,74,16,1,5,1,
53,10,527,222,65,14,1,5,1,
53,11,778,106,30,16,1,5,1,
53,12,876,85,84,41,1,5,1,
53,14,375,293,66,14,1,5,1,
53,16,822,34,41,20,1,5,1,
54,1,650,185,101,25,1,5,1,
54,3,400,261,81,17,1,5,1,
54,4,534,166,40,11,1,5,1,
54,5,480,176,66,14,1,5,1,
54,6,823,242,14,10,1,5,1,
54,8,513,122,75,16,1,5,1,
54,10,534,222,66,14,1,5,1,
54,11,781,107,29,16,1,5,1,
54,12,885,86,75,41,1,5,1,
54,14,380,293,68,14,1,5,1,
54,16,827,35,40,20,1,5,1,
55,1,657,186,101,24,1,5,1,
55,3,408,261,80,16,1,5,1,
55,4,537,167,42,10,1,5,1,
55,5,485,176,66,14,1,5,1,
55,6,823,242,14,10,1,5,1,
55,8,521,122,74,16,1,5,1,
55,10,542,222,65,14,1,5,1,
55,11,785,108,28,16,1,5,1,
55,12,896,88,64,40,1,5,1,
55,14,386,293,68,15,1,5,1,
55,16,832,37,39,19,1,5,1,
56,1,665,186,99,24,1,5,1,
56,3,414,261,80,16,1,5,1,
56,4,540,168,44,9,1,5,1,
56,5,490,176,66,14,1,5,1,
56,6,822,242,14,10,1,5,1,
56,8,528,122,74,17,1,5,1,
56,10,549,222,65,14,1,5,1,
56,11,787,109,28,16,1,5,1,
56,12,905,89,55,34,1,5,1,
56,14,391,293,69,15,1,5,1,
56,16,836,38,39,20,1,5,1,
57,1,672,186,99,24,1,5,1,
57,3,422,261,80,16,1,5,1,
57,4,544,168,44,10,1,5,1,
57,5,495,175,66,15,1,5,1,
57,6,821,243,15,9,1,5,1,
57,8,535,122,74,17,1,5,1,
57,10,557,222,64,14,1,5,1,
57,11,791,110,26,16,1,5,1,
57,12,915,90,45,26,1,5,1,
57,14,397,293,69,15,1,5,1,
57,16,841,40,41,19,1,5,1,
58,1,680,186,98,24,1,5,1,
58,3,429,260,80,17,1,5,1,
58,4,547,168,44,10,1,5,1,
58,5,499,175,67,15,1,5,1,
58,6,820,243,15,10,1,5,1,
58,8,542,122,74,17,1,5,1,
58,10,564,222,65,14,1,5,1,
58,11,793,111,27,15,1,5,1,
58,14,403,293,70,15,1,5,1,
58,16,844,42,46,18,1,5,1,
59,1,687,187,98,24,1,5,1,
59,3,436,260,80,17,1,5,1,
59,4,551,168,44,10,1,5,1,
59,5,504,175,67,15,1,5,1,
59,6,819,243,15,10,1,5,1,
59,8,550,123,73,16,1,5,1,
59,10,572,222,64,14,1,5,1,
59,11,796,112,27,15,1,5,1,
59,14,409,293,70,15,1,5,1,
59,16,847,44,49,16,1,5,1,
60,1,693,187,98,24,1,5,1,
60,3,442,260,80,17,1,5,1,
60,4,555,168,43,10,1,5,1,
60,5,508,175,68,15,1,5,1,
60,6,818,243,15,10,1,5,1,
60,8,556,123,74,16,1,5,1,
60,10,578,222,65,14,1,5,1,
60,11,799,113,23,15,1,5,1,
60,14,414,293,71,15,1,5,1,
60,16,851,45,50,16,1,5,1,
61,1,701,187,97,24,1,5,1,
61,3,450,260,79,17,1,5,1,
61,4,559,169,42,9,1,5,1,
61,5,514,175,67,15,1,5,1,
61,6,817,244,16,9,1,5,1,
61,8,564,123,73,17,1,5,1,
61,10,586,222,64,14,1,5,1,
61,11,803,114,19,16,1,5,1,
61,14,420,293,72,15,1,5,1,
61,16,856,46,49,16,1,5,1,
62,1,707,187,98,24,1,5,1,
62,3,456,260,79,17,1,5,1,
62,4,562,169,42,9,1,5,1,
62,5,518,175,68,15,1,5,1,
62,6,815,244,17,9,1,5,1,
62,8,570,123,74,17,1,5,1,
62,10,593,223,63,13,1,5,1,
62,11,806,114,16,17,1,5,1,
62,14,425,293,73,15,1,5,1,
62,16,861,47,49,15,1,5,1,
63,1,715,187,96,24,1,5,1,
63,3,464,260,79,17,1,5,1,
63,4,566,169,42,10,1,5,1,
63,5,523,175,68,15,1,5,1,
63,6,813,244,19,9,1,5,1,
63,8,578,124,72,16,1,5,1,
63,10,601,223,62,13,1,5,1,
63,11,808,115,13,18,1,5,1,
63,13,953,89,6,11,1,5,1,
63,14,432,293,72,15,1,5,1,
63,16,868,47,46,16,1,5,1,
64,1,723,188,94,24,1,5,1,
64,3,472,260,79,17,1,5,1,
64,4,571,169,40,10,1,5,1,
64,5,529,175,67,15,1,5,1,
64,6,810,244,21,10,1,5,1,
64,8,586,124,71,16,1,5,1,
64,10,609,223,62,13,1,5,1,
64,11,807,116,13,19,1,5,1,
64,13,951,89,8,13,1,5,1,
64,14,439,293,72,15,1,5,1,
64,16,874,48,44,16,1,5,1,
65,1,733,188,90,24,1,5,1,
65,3,480,260,77,17,1,5,1,
65,4,575,169,38,10,1,5,1,
65,5,535,175,65,15,1,5,1,
65,6,808,244,22,10,1,5,1,
65,8,595,124,69,17,1,5,1,
65,10,618,223,59,14,1,5,1,
65,11,806,117,13,19,1,5,1,
65,13,950,90,9,13,1,5,1,
65,14,447,293,70,15,1,5,1,
65,16,881,49,41,16,1,5,1,
66,1,740,188,89,24,1,5,1,
66,3,488,260,74,16,1,5,1,
66,4,579,170,37,9,1,5,1,
66,5,540,175,65,15,1,5,1,
66,6,805,245,24,9,1,5,1,
66,8,602,125,68,16,1,5,1,
66,10,625,223,58,14,1,5,1,
66,11,805,119,13,18,1,5,1,
66,13,949,91,10,14,1,5,1,
66,14,453,293,71,15,1,5,1,
66,16,887,50,39,16,1,5,1,
67,1,748,189,86,23,1,5,1,
67,3,496,260,70,16,1,5,1,
67,4,583,170,36,10,1,5,1,
67,5,545,175,65,15,1,5,1,
67,6,803,245,24,9,1,5,1,
67,8,609,125,68,16,1,5,1,
67,10,633,223,56,14,1,5,1,
67,11,805,120,12,18,1,5,1,
67,13,948,92,11,14,1,5,1,
67,14,459,293,71,15,1,5,1,
67,16,892,50,38,17,1,5,1,
68,1,755,189,85,24,1,5,1,
68,3,502,260,72,16,1,5,1,
68,4,586,170,35,10,1,5,1,
68,5,550,175,65,15,1,5,1,
68,6,802,245,23,9,1,5,1,
68,8,616,125,67,16,1,5,1,
68,10,640,223,56,14,1,5,1,
68,11,806,122,12,17,1,5,1,
68,13,947,92,12,16,1,5,1,
68,14,465,293,72,15,1,5,1,
68,16,897,51,37,17,1,5,1,
69,1,762,189,84,24,1,5,1,
69,3,509,260,73,16,1,5,1,
69,4,590,170,34,10,1,5,1,
69,5,555,175,65,15,1,5,1,
69,6,801,245,21,9,1,5,1,
69,8,623,126,67,16,1,5,1,
69,10,647,224,56,13,1,5,1,
69,11,807,124,12,16,1,5,1,
69,13,946,92,13,17,1,5,1,
69,14,472,293,71,15,1,5,1,
69,16,901,52,37,17,1,5,1,
70,1,769,190,83,23,1,5,1,
70,3,515,260,72,16,1,5,1,
70,4,593,171,33,10,1,5,1,
70,5,560,175,64,15,1,5,1,
70,6,800,246,19,8,1,5,1,
70,8,630,126,66,16,1,5,1,
70,10,653,224,56,13,1,5,1,
70,11,808,126,15,15,1,5,1,
70,13,946,93,13,17,1,5,1,
70,14,478,293,72,16,1,5,1,
70,16,905,53,37,17,1,5,1,
71,1,776,190,81,23,1,5,1,
71,3,522,260,73,16,1,5,1,
71,4,596,171,32,10,1,5,1,
71,5,565,175,64,15,1,5,1,
71,6,799,246,17,9,1,5,1,
71,8,637,126,65,16,1,5,1,
71,10,661,224,54,13,1,5,1,
71,11,806,128,21,13,1,5,1,
71,13,945,95,14,17,1,5,1,
71,14,485,293,71,16,1,5,1,
71,16,910,55,36,16,1,5,1,
72,1,782,190,81,23,1,5,1,
72,3,529,260,71,16,1,5,1,
72,4,599,171,31,11,1,5,1,
72,5,570,175,63,15,1,5,1,
72,6,798,246,16,9,1,5,1,
72,8,643,127,66,16,1,5,1,
72,10,667,224,54,14,1,5,1,
72,11,807,129,20,13,1,5,1,
72,13,944,97,14,16,1,5,1,
72,14,491,293,71,16,1,5,1,
72,16,914,56,36,16,1,5,1,
73,1,790,190,78,24,1,5,1,
73,3,537,260,66,16,1,5,1,
73,4,603,171,29,11,1,5,1,
73,5,575,175,63,15,1,5,1,
73,6,797,246,15,9,1,5,1,
73,8,651,127,64,16,1,5,1,
73,10,674,224,53,14,1,5,1,
73,11,810,130,17,13,1,5,1,
73,13,943,98,14,17,1,5,1,
73,14,498,293,71,16,1,5,1,
73,16,919,57,34,16,1,5,1,
74,1,796,191,77,23,1,5,1,
74,3,543,260,68,16,1,5,1,
74,4,606,172,28,10,1,5,1,
74,5,580,175,62,15,1,5,1,
74,6,795,247,17,8,1,5,1,
74,8,657,128,64,15,1,5,1,
74,10,680,224,53,14,1,5,1,
74,11,813,130,14,14,1,5,1,
74,13,942,100,13,16,1,5,1,
74,14,503,293,72,16,1,5,1,
74,16,923,57,33,17,1,5,1,
75,1,803,191,75,23,1,5,1,
75,3,549,260,70,16,1,5,1,
75,4,609,172,27,11,1,5,1,
75,5,585,175,62,16,1,5,1,
75,6,792,247,19,8,1,5,1,
75,8,664,128,63,16,1,5,1,
75,10,687,225,52,13,1,5,1,
75,11,814,131,12,15,1,5,1,
75,13,941,101,14,16,1,5,1,
75,14,510,293,72,16,1,5,1,
75,16,928,59,31,16,1,5,1,
76,1,809,191,74,23,1,5,1,
76,3,555,260,69,16,1,5,1,
76,4,611,172,27,11,1,5,1,
76,5,590,176,61,15,1,5,1,
76,6,789,247,21,8,1,5,1,
76,8,670,128,63,16,1,5,1,
76,10,693,225,52,13,1,5,1,
76,11,813,131,12,16,1,5,1,
76,13,940,103,14,16,1,5,1,
76,14,517,293,71,16,1,5,1,
76,16,932,59,27,17,1,5,1,
77,1,815,192,73,23,1,5,1,
77,3,562,260,65,15,1,5,1,
77,4,614,173,25,11,1,5,1,
77,5,595,176,61,15,1,5,1,
77,6,786,247,23,8,1,5,1,
77,8,677,129,62,16,1,5,1,
77,10,700,225,50,13,1,5,1,
77,11,811,132,13,16,1,5,1,
77,13,938,104,15,16,1,5,1,
77,14,523,293,71,16,1,5,1,
77,16,936,60,24,17,1,5,1,
78,1,822,192,70,23,1,5,1,
78,3,571,260,59,16,1,5,1,
78,4,617,173,24,11,1,5,1,
78,5,600,176,60,15,1,5,1,
78,6,783,247,25,9,1,5,1,
78,8,684,129,60,16,1,5,1,
78,10,707,225,48,14,1,5,1,
78,11,809,133,16,16,1,5,1,
78,13,937,106,15,15,1,5,1,
78,14,530,293,71,16,1,5,1,
78,16,940,62,20,17,1,5,1,
79,1,828,193,68,22,1,5,1,
79,3,577,260,60,15,1,5,1,
79,4,619,174,23,11,1,5,1,
79,5,605,176,59,15,1,5,1,
79,6,781,248,25,8,1,5,1,
79,8,690,130,60,15,1,5,1,
79,10,713,226,47,13,1,5,1,
79,11,808,134,15,16,1,5,1,
79,13,935,107,16,16,1,5,1,
79,14,536,293,71,16,1,5,1,
79,16,944,63,16,17,1,5,1,
80,1,834,193,67,22,1,5,1,
80,3,581,260,64,15,1,5,1,
80,4,622,174,21,11,1,5,1,
80,5,609,176,59,15,1,5,1,
80,6,779,248,25,8,1,5,1,
80,8,696,130,60,16,1,5,1,
80,10,718,226,48,13,1,5,1,
80,11,808,136,13,15,1,5,1,
80,13,934,108,15,16,1,5,1,
80,14,542,293,72,16,1,5,1,
80,16,946,64,14,17,1,5,1,
81,1,840,193,66,23,1,5,1,
81,3,586,259,67,16,1,5,1,
81,5,614,176,58,15,1,5,1,
81,6,778,248,23,8,1,5,1,
81,8,703,131,59,15,1,5,1,
81,10,724,226,48,13,1,5,1,
81,11,809,138,11,14,1,5,1,
81,13,933,110,14,15,1,5,1,
81,14,549,293,71,16,1,5,1,
81,16,950,65,10,15,1,5,1,
82,1,844,194,66,22,1,5,1,
82,3,591,260,66,15,1,5,1,
82,5,618,177,58,15,1,5,1,
82,6,777,248,22,8,1,5,1,
82,8,708,131,59,15,1,5,1,
82,10,729,226,47,13,1,5,1,
82,11,810,139,11,14,1,5,1,
82,13,932,111,14,15,1,5,1,
82,14,554,293,72,16,1,5,1,
83,1,849,194,65,22,1,5,1,
83,3,597,260,63,15,1,5,1,
83,5,622,177,58,15,1,5,1,
83,6,776,248,20,8,1,5,1,
83,8,713,131,60,16,1,5,1,
83,10,734,226,47,13,1,5,1,
83,11,810,140,11,13,1,5,1,
83,13,931,113,13,14,1,5,1,
83,14,561,293,71,16,1,5,1,
84,1,854,194,64,23,1,5,1,
84,3,603,260,59,15,1,5,1,
84,5,626,177,58,16,1,5,1,
84,6,773,248,21,8,1,5,1,
84,8,719,132,59,15,1,5,1,
84,10,739,227,47,12,1,5,1,
84,11,809,141,11,14,1,5,1,
84,13,929,114,14,15,1,5,1,
84,14,566,293,72,16,1,5,1,
85,1,859,195,63,22,1,5,1,
85,3,610,260,60,15,1,5,1,
85,5,631,178,57,16,1,5,1,
85,8,725,132,58,16,1,5,1,
85,10,745,227,48,12,1,5,1,
85,11,808,142,11,14,1,5,1,
85,13,928,115,14,15,1,5,1,
85,14,573,293,72,16,1,5,1,
86,1,864,195,63,22,1,5,1,
86,3,614,260,64,15,1,5,1,
86,5,634,179,60,16,1,5,1,
86,8,730,133,59,15,1,5,1,
86,10,749,226,52,12,1,5,1,
86,11,807,142,12,15,1,5,1,
86,13,926,116,15,15,1,5,1,
86,14,578,293,73,16,1,5,1,
87,1,869,196,62,22,1,5,1,
87,3,619,259,66,16,1,5,1,
87,5,637,180,62,15,1,5,1,
87,8,735,133,60,15,1,5,1,
87,10,753,226,57,12,1,5,1,
87,11,803,143,16,15,1,5,1,
87,13,925,118,15,14,1,5,1,
87,14,584,293,74,16,1,5,1,
88,1,873,196,63,22,1,5,1,
88,3,622,259,70,16,1,5,1,
88,5,640,180,65,15,1,5,1,
88,8,740,134,61,15,1,5,1,
88,10,758,226,60,12,1,5,1,
88,11,801,144,19,15,1,5,1,
88,13,923,119,16,15,1,5,1,
88,14,589,293,76,16,1,5,1,
89,1,877,196,63,22,1,5,1,
89,3,627,260,72,15,1,5,1,
89,5,644,180,67,14,1,5,1,
89,8,746,134,61,15,1,5,1,
89,10,763,225,64,12,1,5,1,
89,11,799,145,20,15,1,5,1,
89,13,921,120,17,15,1,5,1,
89,14,596,293,76,16,1,5,1,
90,1,882,197,63,22,1,5,1,
90,3,633,260,74,15,1,5,1,
90,5,648,179,68,15,1,5,1,
90,8,751,134,62,15,1,5,1,
90,10,770,225,62,12,1,5,1,
90,11,799,146,18,15,1,5,1,
90,13,920,121,16,15,1,5,1,
90,14,602,293,76,16,1,5,1,
91,1,886,197,63,22,1,5,1,
91,3,638,260,77,15,1,5,1,
91,5,652,179,69,15,1,5,1,
91,8,757,135,62,14,1,5,1,
91,10,777,225,59,12,1,5,1,
91,11,798,147,16,15,1,5,1,
91,13,918,123,16,14,1,5,1,
91,14,608,293,77,16,1,5,1,
92,1,893,198,59,21,1,5,1,
92,3,645,260,78,15,1,5,1,
92,5,658,179,68,14,1,5,1,
92,8,765,135,60,15,1,5,1,
92,10,787,225,52,13,1,5,1,
92,11,798,149,12,13,1,5,1,
92,13,917,124,15,14,1,5,1,
92,14,617,293,74,16,1,5,1,
93,1,898,198,57,21,1,5,1,
93,3,651,260,78,15,1,5,1,
93,5,663,179,67,14,1,5,1,
93,8,770,135,60,15,1,5,1,
93,10,795,226,47,12,1,5,1,
93,11,797,150,11,13,1,5,1,
93,13,915,125,15,14,1,5,1,
93,14,623,293,74,16,1,5,1,
94,1,903,198,55,22,1,5,1,
94,3,658,260,76,15,1,5,1,
94,5,668,179,65,15,1,5,1,
94,8,776,136,58,14,1,5,1,
94,10,802,226,43,12,1,5,1,
94,11,795,151,13,13,1,5,1,
94,13,914,126,15,14,1,5,1,
94,14,629,293,73,16,1,5,1,
95,1,908,199,52,21,1,5,1,
95,3,666,259,72,15,1,5,1,
95,5,673,179,63,15,1,5,1,
95,8,782,136,57,15,1,5,1,
95,10,808,226,41,12,1,5,1,
95,11,792,152,16,13,1,5,1,
95,13,913,128,14,13,1,5,1,
95,14,636,293,72,16,1,5,1,
96,1,912,199,48,21,1,5,1,
96,3,674,259,67,15,1,5,1,
96,5,678,179,61,15,1,5,1,
96,8,788,137,56,14,1,5,1,
96,10,813,227,40,12,1,5,1,
96,11,792,153,15,13,1,5,1,
96,13,911,129,15,13,1,5,1,
96,14,642,293,71,16,1,5,1,
97,1,917,199,43,21,1,5,1,
97,3,682,259,61,15,1,5,1,
97,5,684,179,58,16,1,5,1,
97,8,794,137,54,15,1,5,1,
97,10,819,227,37,12,1,5,1,
97,11,789,154,17,13,1,5,1,
97,13,910,130,14,13,1,5,1,
97,14,649,293,69,16,1,5,1,
98,1,921,200,39,20,1,5,1,
98,3,689,259,58,15,1,5,1,
98,5,688,179,57,16,1,5,1,
98,8,799,138,54,14,1,5,1,
98,10,823,227,36,12,1,5,1,
98,11,788,155,17,12,1,5,1,
98,13,909,131,14,13,1,5,1,
98,14,655,293,69,15,1,5,1,
99,1,926,200,34,19,1,5,1,
99,3,697,259,55,15,1,5,1,
99,5,693,180,56,15,1,5,1,
99,8,805,138,52,15,1,5,1,
99,10,828,227,35,12,1,5,1,
99,11,786,156,17,12,1,5,1,
99,13,907,132,14,13,1,5,1,
99,14,662,293,67,15,1,5,1,
100,1,930,201,30,18,1,5,1,
100,3,702,259,54,15,1,5,1,
100,5,697,180,55,15,1,5,1,
100,8,810,139,52,14,1,5,1,
100,10,832,228,34,11,1,5,1,
100,11,784,157,18,12,1,5,1,
100,13,905,133,15,13,1,5,1,
100,14,667,293,67,15,1,5,1,
101,1,935,203,25,17,1,5,1,
101,3,708,259,52,15,1,5,1,
101,5,702,180,55,15,1,5,1,
101,8,816,139,50,15,1,5,1,
101,10,836,228,33,12,1,5,1,
101,11,782,157,18,13,1,5,1,
101,13,903,134,16,13,1,5,1,
101,14,674,293,66,15,1,5,1,
102,1,940,203,20,17,1,5,1,
102,3,713,259,51,15,1,5,1,
102,5,706,180,56,14,1,5,1,
102,8,821,140,50,14,1,5,1,
102,10,840,228,32,12,1,5,1,
102,11,780,158,18,13,1,5,1,
102,13,901,135,17,13,1,5,1,
102,14,680,293,65,15,1,5,1,
103,1,945,203,15,17,1,5,1,
103,3,718,259,51,15,1,5,1,
103,5,709,179,58,15,1,5,1,
103,8,826,140,50,15,1,5,1,
103,10,844,228,32,12,1,5,1,
103,11,778,159,19,12,1,5,1,
103,13,899,136,17,13,1,5,1,
103,14,686,293,64,15,1,5,1,
104,3,722,259,51,15,1,5,1,
104,5,712,179,60,14,1,5,1,
104,8,831,141,49,14,1,5,1,
104,10,847,229,32,11,1,5,1,
104,11,775,160,20,12,1,5,1,
104,13,897,137,18,13,1,5,1,
104,14,691,293,64,15,1,5,1,
105,3,727,259,50,15,1,5,1,
105,5,717,179,59,14,1,5,1,
105,8,836,141,49,15,1,5,1,
105,10,851,229,35,11,1,5,1,
105,11,773,161,21,12,1,5,1,
105,13,895,138,18,13,1,5,1,
105,14,697,293,64,15,1,5,1,
106,3,731,259,51,15,1,5,1,
106,5,721,179,59,14,1,5,1,
106,8,839,142,50,14,1,5,1,
106,10,853,229,40,11,1,5,1,
106,11,771,161,21,13,1,5,1,
106,13,893,139,19,13,1,5,1,
106,14,701,293,65,15,1,5,1,
107,3,736,260,50,14,1,5,1,
107,5,727,179,57,14,1,5,1,
107,8,846,142,48,15,1,5,1,
107,10,856,229,45,11,1,5,1,
107,11,769,163,21,11,1,5,1,
107,13,891,141,18,12,1,5,1,
107,14,709,293,61,15,1,5,1,
108,3,740,260,50,14,1,5,1,
108,5,731,180,56,13,1,5,1,
108,8,849,143,50,14,1,5,1,
108,10,858,229,51,11,1,5,1,
108,11,766,163,22,12,1,5,1,
108,13,888,142,19,12,1,5,1,
108,14,714,293,62,15,1,5,1,
109,3,744,260,51,14,1,5,1,
109,5,736,180,55,14,1,5,1,
109,8,854,143,49,14,1,5,1,
109,10,861,229,56,11,1,5,1,
109,13,885,143,20,12,1,5,1,
109,14,719,293,62,15,1,5,1,
110,3,747,260,52,14,1,5,1,
110,5,739,180,56,14,1,5,1,
110,8,857,144,51,14,1,5,1,
110,10,865,229,58,11,1,5,1,
110,13,883,143,21,12,1,5,1,
110,14,724,293,61,15,1,5,1,
111,3,751,260,52,14,1,5,1,
111,5,743,180,55,14,1,5,1,
111,8,861,144,51,14,1,5,1,
111,10,870,229,59,11,1,5,1,
111,13,880,144,22,12,1,5,1,
111,14,729,293,61,15,1,5,1,
112,3,755,260,52,14,1,5,1,
112,5,746,180,56,14,1,5,1,
112,8,865,145,51,14,1,5,1,
112,10,875,229,60,11,1,5,1,
112,13,878,145,22,12,1,5,1,
112,14,734,293,60,14,1,5,1,
113,3,759,260,56,14,1,5,1,
113,5,750,181,55,14,1,5,1,
113,8,869,145,52,14,1,5,1,
113,10,880,229,61,11,1,5,1,
113,13,875,146,24,12,1,5,1,
113,14,739,293,60,14,1,5,1,
114,3,764,260,58,15,1,5,1,
114,5,756,181,53,15,1,5,1,
114,8,876,146,49,13,1,5,1,
114,10,889,229,59,11,1,5,1,
114,14,746,293,58,14,1,5,1,
115,3,766,261,64,14,1,5,1,
115,5,759,182,55,14,1,5,1,
115,8,879,146,51,14,1,5,1,
115,10,893,229,61,11,1,5,1,
115,14,750,293,59,14,1,5,1,
116,3,769,261,69,14,1,5,1,
116,5,762,182,57,15,1,5,1,
116,8,883,146,51,14,1,5,1,
116,10,899,229,60,11,1,5,1,
116,14,754,293,60,14,1,5,1,
117,3,771,261,75,14,1,5,1,
117,5,764,182,60,15,1,5,1,
117,8,887,147,52,13,1,5,1,
117,10,904,229,56,11,1,5,1,
117,14,758,293,62,14,1,5,1,
118,3,774,261,79,14,1,5,1,
118,5,766,183,63,14,1,5,1,
118,8,891,147,53,14,1,5,1,
118,10,910,229,50,11,1,5,1,
118,14,762,293,62,14,1,5,1,
119,3,779,261,81,15,1,5,1,
119,5,769,183,64,14,1,5,1,
119,8,895,148,53,13,1,5,1,
119,10,916,229,44,11,1,5,1,
119,14,766,293,63,14,1,5,1,
120,3,784,261,83,15,1,5,1,
120,5,772,183,65,14,1,5,1,
120,8,899,148,53,13,1,5,1,
120,9,952,278,7,5,1,5,1,
120,10,921,229,39,11,1,5,1,
120,14,771,292,64,14,1,5,1,
121,3,790,261,84,15,1,5,1,
121,5,776,183,63,14,1,5,1,
121,8,904,148,52,14,1,5,1,
121,9,949,277,10,6,1,5,1,
121,10,928,230,32,9,1,5,1,
121,14,776,292,65,14,1,5,1,
122,3,798,261,83,15,1,5,1,
122,5,781,183,59,15,1,5,1,
122,8,909,149,50,13,1,5,1,
122,9,946,277,13,8,1,5,1,
122,10,936,231,24,7,1,5,1,
122,14,782,292,65,14,1,5,1,
122,16,953,125,6,9,1,5,1,
123,3,805,261,80,14,1,5,1,
123,5,787,183,56,15,1,5,1,
123,8,915,149,45,13,1,5,1,
123,9,943,277,16,8,1,5,1,
123,14,787,292,64,14,1,5,1,
123,16,952,125,7,10,1,5,1,
124,3,813,261,76,14,1,5,1,
124,5,792,184,53,14,1,5,1,
124,8,920,149,40,14,1,5,1,
124,9,940,277,19,7,1,5,1,
124,14,792,292,64,14,1,5,1,
124,16,951,126,8,11,1,5,1,
125,3,820,261,71,14,1,5,1,
125,5,797,184,49,15,1,5,1,
125,8,924,150,36,13,1,5,1,
125,9,936,277,23,7,1,5,1,
125,14,796,292,64,14,1,5,1,
125,16,949,126,10,12,1,5,1,
126,3,828,261,71,14,1,5,1,
126,5,802,184,47,15,1,5,1,
126,8,929,150,31,13,1,5,1,
126,9,933,277,26,7,1,5,1,
126,14,802,292,64,14,1,5,1,
126,16,948,126,11,13,1,5,1,
127,3,836,261,71,14,1,5,1,
127,5,807,184,42,16,1,5,1,
127,8,934,151,26,13,1,5,1,
127,9,930,277,29,7,1,5,1,
127,14,808,292,63,14,1,5,1,
127,16,946,128,13,12,1,5,1,
128,3,841,261,70,14,1,5,1,
128,5,810,185,41,15,1,5,1,
128,8,938,152,22,12,1,5,1,
128,9,927,277,32,7,1,5,1,
128,14,812,292,64,14,1,5,1,
128,16,944,128,15,13,1,5,1,
129,3,848,260,65,14,1,5,1,
129,5,815,185,35,15,1,5,1,
129,8,943,152,17,9,1,5,1,
129,9,924,277,35,7,1,5,1,
129,14,818,292,62,14,1,5,1,
129,16,942,127,17,15,1,5,1,
130,3,854,260,67,14,1,5,1,
130,5,818,186,30,15,1,5,1,
130,9,921,277,36,7,1,5,1,
130,14,822,292,64,14,1,5,1,
130,16,941,128,18,15,1,5,1,
131,3,859,260,70,15,1,5,1,
131,5,821,186,27,15,1,5,1,
131,9,918,277,36,7,1,5,1,
131,14,826,292,65,14,1,5,1,
131,16,938,129,20,15,1,5,1,
132,3,863,261,75,14,1,5,1,
132,5,826,186,22,16,1,5,1,
132,9,915,277,36,7,1,5,1,
132,14,831,292,66,13,1,5,1,
132,16,936,130,21,15,1,5,1,
133,3,867,261,80,14,1,5,1,
133,5,830,186,18,16,1,5,1,
133,9,912,277,36,7,1,5,1,
133,14,836,292,65,14,1,5,1,
133,16,933,131,22,15,1,5,1,
134,3,871,261,80,14,1,5,1,
134,5,831,187,16,15,1,5,1,
134,9,909,277,36,7,1,5,1,
134,14,840,292,64,14,1,5,1,
134,16,931,132,22,15,1,5,1,
135,3,876,261,79,13,1,5,1,
135,5,830,187,16,16,1,5,1,
135,9,906,277,36,6,1,5,1,
135,14,846,292,61,14,1,5,1,
135,16,929,134,23,14,1,5,1,
136,3,883,260,74,14,1,5,1,
136,5,829,187,17,16,1,5,1,
136,9,903,277,36,6,1,5,1,
136,14,852,292,58,14,1,5,1,
136,16,926,135,24,14,1,5,1,
137,3,891,259,67,14,1,5,1,
137,5,828,188,17,16,1,5,1,
137,14,858,292,55,14,1,5,1,
137,16,924,136,24,14,1,5,1,
138,3,898,259,62,14,1,5,1,
138,5,827,188,17,16,1,5,1,
138,14,864,292,53,14,1,5,1,
138,16,922,137,24,14,1,5,1,
139,3,904,260,56,13,1,5,1,
139,5,826,189,17,16,1,5,1,
139,14,868,292,53,14,1,5,1,
139,16,919,138,25,14,1,5,1,
140,3,909,259,51,14,1,5,1,
140,5,825,189,19,16,1,5,1,
140,14,873,292,51,14,1,5,1,
140,16,917,139,25,14,1,5,1,
141,3,915,260,45,11,1,5,1,
141,4,537,178,22,10,1,5,1,
141,5,824,190,20,16,1,5,1,
141,14,878,292,49,13,1,5,1,
141,16,915,140,25,14,1,5,1,
142,3,921,261,39,10,1,5,1,
142,4,538,177,23,10,1,5,1,
142,5,823,190,20,16,1,5,1,
142,14,882,292,49,13,1,5,1,
142,16,913,141,24,14,1,5,1,
143,3,927,262,33,9,1,5,1,
143,4,539,176,25,10,1,5,1,
143,5,821,191,22,16,1,5,1,
143,14,887,292,46,13,1,5,1,
143,16,910,142,25,14,1,5,1,
144,3,935,263,25,7,1,5,1,
144,4,540,176,27,9,1,5,1,
144,5,818,192,24,15,1,5,1,
144,14,892,292,44,13,1,5,1,
144,16,908,143,24,14,1,5,1,
145,3,939,263,21,7,1,5,1,
145,4,542,175,28,10,1,5,1,
145,5,813,192,29,16,1,5,1,
145,14,896,291,43,14,1,5,1,
145,16,905,144,25,14,1,5,1,
146,4,543,174,30,10,1,5,1,
146,5,808,193,34,15,1,5,1,
146,14,900,291,42,13,1,5,1,
146,16,903,145,25,13,1,5,1,
147,4,545,173,31,10,1,5,1,
147,5,803,193,39,16,1,5,1,
147,14,903,291,41,13,1,5,1,
147,16,900,146,26,13,1,5,1,
148,4,546,173,33,10,1,5,1,
148,5,799,194,44,16,1,5,1,
148,14,907,291,40,13,1,5,1,
148,16,897,147,26,13,1,5,1,
149,4,548,172,34,10,1,5,1,
149,5,795,194,48,16,1,5,1,
149,14,910,291,40,13,1,5,1,
149,16,895,148,27,13,1,5,1,
150,4,550,171,35,10,1,5,1,
150,5,791,195,51,15,1,5,1,
150,14,914,291,39,13,1,5,1,
