1,1,388,333,46,17,1,5,1,
1,2,109,219,20,15,1,5,1,
1,3,99,281,55,9,1,5,1,
1,4,163,250,20,12,1,5,1,
1,5,601,0,25,13,1,5,1,
1,6,51,428,33,10,1,5,1,
1,7,170,360,103,27,1,5,1,
1,8,371,231,22,13,1,5,1,
1,9,519,292,45,16,1,5,1,
1,10,670,132,110,35,1,5,1,
2,1,392,334,45,17,1,5,1,
2,2,108,219,21,15,1,5,1,
2,3,103,280,56,10,1,5,1,
2,4,162,251,27,11,1,5,1,
2,5,600,0,25,17,1,5,1,
2,6,44,428,38,10,1,5,1,
2,7,175,358,111,27,1,5,1,
2,8,370,232,19,13,1,5,1,
2,9,519,292,39,16,1,5,1,
2,10,672,129,123,36,1,5,1,
2,11,435,0,30,13,1,5,1,
3,1,396,335,45,17,1,5,1,
3,2,109,218,22,15,1,5,1,
3,3,109,279,56,11,1,5,1,
3,4,162,251,34,11,1,5,1,
3,5,600,0,23,20,1,5,1,
3,6,36,428,44,11,1,5,1,
3,7,184,357,114,26,1,5,1,
3,8,371,233,14,12,1,5,1,
3,9,519,291,33,16,1,5,1,
3,10,675,127,134,35,1,5,1,
3,11,433,0,32,17,1,5,1,
4,1,398,336,48,18,1,5,1,
4,2,112,217,21,16,1,5,1,
4,3,115,279,54,10,1,5,1,
4,4,163,252,39,11,1,5,1,
4,5,600,0,22,24,1,5,1,
4,6,28,428,49,11,1,5,1,
4,7,195,356,115,24,1,5,1,
4,8,372,234,14,12,1,5,1,
4,9,519,291,27,15,1,5,1,
4,10,679,124,145,37,1,5,1,
4,11,431,0,31,23,1,5,1,
5,1,400,337,54,18,1,5,1,
5,2,113,217,25,15,1,5,1,
5,3,121,278,52,10,1,5,1,
5,4,164,252,45,11,1,5,1,
5,5,599,0,22,27,1,5,1,
5,6,20,428,54,12,1,5,1,
5,7,206,355,116,23,1,5,1,
5,8,375,234,12,12,1,5,1,
5,9,519,290,21,16,1,5,1,
5,10,684,122,153,37,1,5,1,
5,11,430,0,30,28,1,5,1,
6,1,401,338,60,17,1,5,1,
6,2,113,216,33,16,1,5,1,
6,3,128,277,49,10,1,5,1,
6,4,167,252,49,12,1,5,1,
6,5,598,0,21,30,1,5,1,
6,6,11,429,58,13,1,5,1,
6,7,219,355,115,21,1,5,1,
6,8,376,235,15,11,1,5,1,
6,9,520,289,15,16,1,5,1,
6,10,692,121,158,35,1,5,1,
6,11,430,0,27,33,1,5,1,
7,1,403,339,66,16,1,5,1,
7,2,112,215,44,16,1,5,1,
7,3,134,277,46,9,1,5,1,
7,4,171,253,52,11,1,5,1,
7,5,598,0,19,32,1,5,1,
7,6,2,429,63,15,1,5,1,
7,7,231,354,114,21,1,5,1,
7,8,374,235,22,12,1,5,1,
7,9,522,288,15,16,1,5,1,
7,10,700,120,162,33,1,5,1,
7,11,431,0,22,38,1,5,1,
8,1,407,340,69,15,1,5,1,
8,2,112,215,54,16,1,5,1,
8,3,141,276,41,10,1,5,1,
8,4,176,253,55,11,1,5,1,
8,5,598,0,19,34,1,5,1,
8,6,-2,429,60,16,1,5,1,
8,7,245,353,111,21,1,5,1,
8,8,374,236,27,11,1,5,1,
8,9,524,288,14,15,1,5,1,
8,10,711,119,162,32,1,5,1,
8,11,430,0,20,43,1,5,1,
9,1,411,339,72,16,1,5,1,
9,2,114,215,61,15,1,5,1,
9,3,147,275,37,10,1,5,1,
9,4,180,254,58,11,1,5,1,
9,5,599,0,18,37,1,5,1,
9,6,-11,430,63,16,1,5,1,
9,7,258,353,108,21,1,5,1,
9,8,374,236,32,12,1,5,1,
9,9,524,287,18,15,1,5,1,
9,10,722,118,159,32,1,5,1,
9,11,430,0,17,48,1,5,1,
10,1,416,339,74,16,1,5,1,
10,2,118,215,64,15,1,5,1,
10,3,152,275,33,9,1,5,1,
10,4,186,254,59,11,1,5,1,
10,5,599,0,18,39,1,5,1,
10,6,-20,430,65,16,1,5,1,
10,7,270,353,106,21,1,5,1,
10,8,375,237,37,11,1,5,1,
10,9,523,287,24,14,1,5,1,
10,10,734,117,154,32,1,5,1,
10,11,430,0,15,53,1,5,1,
11,1,421,339,75,16,1,5,1,
11,2,124,214,69,16,1,5,1,
11,3,157,273,33,10,1,5,1,
11,4,192,255,60,10,1,5,1,
11,5,600,0,17,42,1,5,1,
11,6,-29,431,67,18,1,5,1,
11,7,282,353,103,21,1,5,1,
11,8,377,237,40,11,1,5,1,
11,9,522,287,31,13,1,5,1,
11,10,748,117,145,32,1,5,1,
11,11,431,0,15,57,1,5,1,
12,1,428,339,73,15,1,5,1,
12,2,129,214,75,16,1,5,1,
12,3,160,272,35,10,1,5,1,
12,4,198,255,60,11,1,5,1,
12,5,600,0,17,44,1,5,1,
12,6,-38,433,68,19,1,5,1,
12,7,294,353,102,22,1,5,1,
12,8,380,237,43,12,1,5,1,
12,9,522,286,36,14,1,5,1,
12,10,762,117,134,33,1,5,1,
12,11,433,0,14,61,1,5,1,
13,1,434,338,72,15,1,5,1,
13,2,135,214,78,16,1,5,1,
13,3,163,271,38,11,1,5,1,
13,4,205,255,60,11,1,5,1,
13,5,601,1,17,45,1,5,1,
13,6,-47,434,69,21,1,5,1,
13,7,305,353,101,22,1,5,1,
13,8,383,238,47,11,1,5,1,
13,9,523,286,42,13,1,5,1,
13,10,776,116,121,35,1,5,1,
13,11,432,4,19,61,1,5,1,
14,1,442,337,68,16,1,5,1,
14,2,144,214,78,16,1,5,1,
14,3,166,269,40,12,1,5,1,
14,4,212,255,59,11,1,5,1,
14,5,602,5,16,43,1,5,1,
14,7,316,354,101,21,1,5,1,
14,8,387,238,48,11,1,5,1,
14,9,524,286,47,13,1,5,1,
14,10,792,117,104,35,1,5,1,
14,11,429,10,26,58,1,5,1,
15,1,448,337,65,15,1,5,1,
15,2,151,214,79,16,1,5,1,
15,3,169,267,43,13,1,5,1,
15,4,218,255,59,11,1,5,1,
15,5,603,7,16,43,1,5,1,
15,7,325,354,104,21,1,5,1,
15,8,390,238,50,11,1,5,1,
15,9,526,286,49,13,1,5,1,
15,10,805,117,88,36,1,5,1,
15,11,428,15,32,56,1,5,1,
16,1,456,336,61,15,1,5,1,
16,2,160,214,79,16,1,5,1,
16,3,173,266,45,13,1,5,1,
16,4,225,255,58,11,1,5,1,
16,5,604,11,16,41,1,5,1,
16,7,335,354,105,22,1,5,1,
16,8,395,238,49,11,1,5,1,
16,9,530,286,49,13,1,5,1,
16,10,820,118,73,37,1,5,1,
16,11,427,21,38,52,1,5,1,
17,1,462,336,59,15,1,5,1,
17,2,168,214,81,16,1,5,1,
17,3,177,264,46,14,1,5,1,
17,4,231,255,58,10,1,5,1,
17,5,604,13,17,41,1,5,1,
17,7,344,354,107,21,1,5,1,
17,8,400,239,49,10,1,5,1,
17,9,534,286,49,13,1,5,1,
17,10,830,117,66,39,1,5,1,
17,11,427,27,44,48,1,5,1,
18,1,469,335,55,15,1,5,1,
18,2,177,214,81,16,1,5,1,
18,3,182,262,47,14,1,5,1,
18,4,238,255,57,10,1,5,1,
18,5,604,17,18,39,1,5,1,
18,7,355,354,106,21,1,5,1,
18,8,406,239,47,10,1,5,1,
18,9,539,286,48,13,1,5,1,
18,10,839,118,60,40,1,5,1,
18,11,428,33,48,43,1,5,1,
19,1,475,335,53,14,1,5,1,
19,2,186,214,81,16,1,5,1,
19,3,187,261,47,13,1,5,1,
19,4,245,255,56,10,1,5,1,
19,5,604,20,20,38,1,5,1,
19,7,366,354,104,20,1,5,1,
19,8,411,239,47,11,1,5,1,
19,9,544,286,47,13,1,5,1,
19,10,846,119,56,40,1,5,1,
19,11,429,39,53,37,1,5,1,
20,1,481,334,50,15,1,5,1,
20,2,195,214,82,16,1,5,1,
20,3,192,259,47,14,1,5,1,
20,4,251,255,56,10,1,5,1,
20,5,604,23,21,37,1,5,1,
20,7,378,353,101,20,1,5,1,
20,8,416,239,46,11,1,5,1,
20,9,549,286,45,12,1,5,1,
20,10,851,121,54,39,1,5,1,
20,11,431,44,57,33,1,5,1,
21,1,486,333,49,15,1,5,1,
21,2,204,214,82,16,1,5,1,
21,3,198,257,46,14,1,5,1,
21,4,257,255,56,10,1,5,1,
21,5,605,25,22,37,1,5,1,
21,7,390,352,97,20,1,5,1,
21,8,421,240,45,10,1,5,1,
21,9,553,285,45,13,1,5,1,
21,10,855,123,54,38,1,5,1,
21,11,434,49,60,29,1,5,1,
22,1,491,333,47,14,1,5,1,
22,2,212,214,84,16,1,5,1,
22,3,203,256,46,14,1,5,1,
22,4,263,255,56,10,1,5,1,
22,5,605,28,23,35,1,5,1,
22,7,401,351,95,20,1,5,1,
22,8,426,240,44,10,1,5,1,
22,9,558,285,43,13,1,5,1,
22,10,860,125,52,38,1,5,1,
22,11,438,54,61,25,1,5,1,
23,1,495,332,47,15,1,5,1,
23,2,222,214,83,16,1,5,1,
23,3,209,255,44,13,1,5,1,
23,4,270,255,55,10,1,5,1,
23,5,606,31,24,34,1,5,1,
23,7,413,350,92,20,1,5,1,
23,8,431,240,43,10,1,5,1,
23,9,562,285,43,13,1,5,1,
23,10,864,126,51,38,1,5,1,
23,11,442,58,63,21,1,5,1,
24,1,500,332,45,14,1,5,1,
24,2,231,214,84,16,1,5,1,
24,3,215,253,42,13,1,5,1,
24,4,276,255,55,10,1,5,1,
24,5,607,33,24,34,1,5,1,
24,7,424,349,89,20,1,5,1,
24,8,436,240,42,10,1,5,1,
24,9,567,285,41,13,1,5,1,
24,10,868,128,50,37,1,5,1,
24,11,446,62,63,18,1,5,1,
25,1,504,331,44,14,1,5,1,
25,2,240,214,84,16,1,5,1,
25,3,220,252,41,13,1,5,1,
25,4,282,255,55,10,1,5,1,
25,5,608,35,24,34,1,5,1,
25,7,434,349,87,19,1,5,1,
25,8,441,240,41,10,1,5,1,
25,9,571,285,41,12,1,5,1,
25,10,872,130,48,36,1,5,1,
25,11,450,64,63,16,1,5,1,
26,1,508,331,43,14,1,5,1,
26,2,249,214,85,16,1,5,1,
26,3,226,251,38,12,1,5,1,
26,4,288,255,55,10,1,5,1,
26,5,610,38,23,32,1,5,1,
26,7,444,348,85,19,1,5,1,
26,8,445,241,41,10,1,5,1,
26,9,575,285,40,12,1,5,1,
26,10,876,131,47,36,1,5,1,
26,11,455,64,62,17,1,5,1,
27,1,512,330,42,14,1,5,1,
27,2,258,214,85,16,1,5,1,
27,3,231,251,35,11,1,5,1,
27,4,294,255,55,10,1,5,1,
27,5,611,40,23,32,1,5,1,
27,7,453,347,84,19,1,5,1,
27,8,450,241,39,10,1,5,1,
27,9,579,285,39,12,1,5,1,
27,10,880,133,45,35,1,5,1,
27,11,459,65,62,16,1,5,1,
28,1,516,330,41,14,1,5,1,
28,2,268,214,84,16,1,5,1,
28,3,237,250,31,10,1,5,1,
28,4,300,255,54,11,1,5,1,
28,5,613,42,22,32,1,5,1,
28,7,463,346,82,19,1,5,1,
28,8,454,241,39,10,1,5,1,
28,9,583,285,38,12,1,5,1,
28,10,883,135,45,35,1,5,1,
28,11,464,66,61,16,1,5,1,
29,1,521,329,39,14,1,5,1,
29,2,279,214,83,16,1,5,1,
29,3,242,250,27,9,1,5,1,
29,4,307,255,53,10,1,5,1,
29,5,615,44,20,31,1,5,1,
29,7,474,345,78,19,1,5,1,
29,8,459,241,37,10,1,5,1,
29,9,588,285,36,12,1,5,1,
29,10,888,137,42,34,1,5,1,
29,11,469,66,59,16,1,5,1,
30,1,525,329,38,13,1,5,1,
30,2,288,214,83,16,1,5,1,
30,3,247,249,23,9,1,5,1,
30,4,312,255,54,11,1,5,1,
30,5,617,46,19,31,1,5,1,
30,7,482,345,77,18,1,5,1,
30,8,463,242,37,9,1,5,1,
30,9,591,285,36,11,1,5,1,
30,10,891,138,41,34,1,5,1,
30,11,473,67,59,16,1,5,1,
31,1,528,328,38,14,1,5,1,
31,2,297,214,84,16,1,5,1,
31,3,251,249,19,8,1,5,1,
31,4,318,256,54,10,1,5,1,
31,5,618,47,19,31,1,5,1,
31,7,491,344,75,18,1,5,1,
31,8,467,242,36,9,1,5,1,
31,9,595,284,34,12,1,5,1,
31,10,894,139,41,34,1,5,1,
31,11,477,67,58,17,1,5,1,
32,1,532,328,37,13,1,5,1,
32,2,307,214,83,16,1,5,1,
32,3,255,249,16,8,1,5,1,
32,4,324,256,54,10,1,5,1,
32,5,620,49,17,31,1,5,1,
32,7,500,343,73,18,1,5,1,
32,8,472,242,34,9,1,5,1,
32,9,599,284,33,12,1,5,1,
32,10,897,141,40,33,1,5,1,
32,11,481,68,57,16,1,5,1,
33,1,535,327,36,14,1,5,1,
33,2,315,214,85,16,1,5,1,
33,3,258,248,15,9,1,5,1,
33,4,329,256,54,10,1,5,1,
33,5,621,51,17,31,1,5,1,
33,7,507,342,73,18,1,5,1,
33,8,475,242,34,10,1,5,1,
33,9,602,284,33,12,1,5,1,
33,10,900,142,38,33,1,5,1,
33,11,485,68,56,17,1,5,1,
34,1,539,327,35,13,1,5,1,
34,2,325,214,84,16,1,5,1,
34,3,260,248,14,9,1,5,1,
34,4,336,256,53,10,1,5,1,
34,5,623,53,15,30,1,5,1,
34,7,516,342,70,17,1,5,1,
34,8,479,242,33,10,1,5,1,
34,9,605,284,32,12,1,5,1,
34,10,903,144,37,32,1,5,1,
34,11,490,69,54,17,1,5,1,
35,1,542,327,34,13,1,5,1,
35,2,334,214,85,16,1,5,1,
35,3,261,248,15,9,1,5,1,
35,4,341,256,54,10,1,5,1,
35,5,624,55,14,30,1,5,1,
35,7,524,341,69,17,1,5,1,
35,8,483,243,32,9,1,5,1,
35,9,609,284,31,12,1,5,1,
35,10,905,145,37,32,1,5,1,
35,11,493,69,54,18,1,5,1,
36,1,546,326,32,13,1,5,1,
36,2,344,214,84,16,1,5,1,
36,3,263,248,14,8,1,5,1,
36,4,348,256,52,10,1,5,1,
36,5,625,56,14,30,1,5,1,
36,7,533,340,66,17,1,5,1,
36,8,487,243,30,9,1,5,1,
36,9,612,284,30,11,1,5,1,
36,10,908,147,36,31,1,5,1,
36,11,498,70,51,18,1,5,1,
37,1,549,326,32,12,1,5,1,
37,2,353,214,85,16,1,5,1,
37,3,264,248,16,8,1,5,1,
37,4,353,256,53,10,1,5,1,
37,5,626,58,13,30,1,5,1,
37,7,540,339,65,17,1,5,1,
37,8,490,243,30,9,1,5,1,
37,9,615,284,29,11,1,5,1,
37,10,911,148,34,31,1,5,1,
37,11,501,70,51,19,1,5,1,
38,1,552,325,31,13,1,5,1,
38,2,363,214,84,17,1,5,1,
38,3,265,248,17,8,1,5,1,
38,4,359,256,52,10,1,5,1,
38,5,626,60,13,29,1,5,1,
38,7,548,339,62,16,1,5,1,
38,8,494,243,28,9,1,5,1,
38,9,618,284,28,11,1,5,1,
38,10,913,149,34,31,1,5,1,
38,11,506,71,48,19,1,5,1,
39,1,555,325,30,12,1,5,1,
39,2,372,214,84,17,1,5,1,
39,3,266,247,18,9,1,5,1,
39,4,364,256,53,10,1,5,1,
39,5,626,61,13,30,1,5,1,
39,7,554,338,62,17,1,5,1,
39,8,497,244,28,9,1,5,1,
39,9,621,284,28,11,1,5,1,
39,10,914,151,34,30,1,5,1,
39,11,509,71,47,20,1,5,1,
40,1,558,324,29,13,1,5,1,
40,2,382,214,84,17,1,5,1,
40,3,268,247,19,9,1,5,1,
40,4,371,256,51,10,1,5,1,
40,5,626,63,12,29,1,5,1,
40,7,562,337,59,17,1,5,1,
40,8,500,244,27,9,1,5,1,
40,9,624,284,27,11,1,5,1,
40,10,916,152,33,30,1,5,1,
40,11,513,72,45,20,1,5,1,
41,1,561,324,28,12,1,5,1,
41,2,392,214,84,17,1,5,1,
41,3,269,247,20,9,1,5,1,
41,4,377,256,50,10,1,5,1,
41,5,625,65,13,29,1,5,1,
41,7,569,337,59,16,1,5,1,
41,8,504,244,25,9,1,5,1,
41,9,627,283,25,11,1,5,1,
41,10,918,153,33,30,1,5,1,
41,11,517,73,43,20,1,5,1,
42,1,564,323,27,13,1,5,1,
42,2,402,215,83,16,1,5,1,
42,3,271,247,21,9,1,5,1,
42,4,382,256,51,10,1,5,1,
42,5,625,67,13,28,1,5,1,
42,7,576,336,58,16,1,5,1,
42,8,507,244,24,9,1,5,1,
42,9,630,283,24,11,1,5,1,
42,10,919,155,33,28,1,5,1,
42,11,520,74,42,20,1,5,1,
43,1,567,323,26,12,1,5,1,
43,2,411,215,83,16,1,5,1,
43,3,273,247,22,9,1,5,1,
43,4,388,256,50,10,1,5,1,
43,5,625,68,12,29,1,5,1,
43,7,581,336,59,15,1,5,1,
43,8,509,244,24,9,1,5,1,
43,9,633,283,23,11,1,5,1,
43,10,920,156,33,28,1,5,1,
43,11,524,74,39,21,1,5,1,
44,1,569,323,26,12,1,5,1,
44,2,421,215,82,16,1,5,1,
44,3,274,246,24,10,1,5,1,
44,4,394,256,48,10,1,5,1,
44,5,625,70,12,28,1,5,1,
44,7,587,335,60,16,1,5,1,
44,8,512,245,23,8,1,5,1,
44,9,635,283,23,11,1,5,1,
44,10,921,157,33,28,1,5,1,
44,11,527,75,38,21,1,5,1,
45,1,572,322,24,12,1,5,1,
45,2,431,214,82,17,1,5,1,
45,3,276,246,26,9,1,5,1,
45,4,399,256,48,10,1,5,1,
45,5,624,72,12,27,1,5,1,
45,7,593,334,59,16,1,5,1,
45,8,515,245,22,8,1,5,1,
45,9,638,283,21,11,1,5,1,
45,10,923,158,32,28,1,5,1,
45,11,530,76,36,21,1,5,1,
46,1,574,322,24,12,1,5,1,
46,2,440,214,82,17,1,5,1,
46,3,279,246,26,9,1,5,1,
46,4,405,256,47,10,1,5,1,
46,5,624,73,12,28,1,5,1,
46,7,599,334,59,15,1,5,1,
46,8,517,245,21,9,1,5,1,
46,9,640,283,21,11,1,5,1,
46,10,924,159,31,28,1,5,1,
46,11,533,77,34,21,1,5,1,
47,1,577,321,23,12,1,5,1,
47,2,450,214,82,16,1,5,1,
47,3,281,246,27,9,1,5,1,
47,4,410,256,47,10,1,5,1,
47,5,623,75,12,27,1,5,1,
47,7,606,333,57,16,1,5,1,
47,8,520,245,20,9,1,5,1,
47,9,642,283,21,10,1,5,1,
47,10,925,161,31,27,1,5,1,
47,11,536,78,32,21,1,5,1,
48,1,579,321,23,12,1,5,1,
48,2,459,213,83,17,1,5,1,
48,3,283,246,29,9,1,5,1,
48,4,416,256,45,10,1,5,1,
48,5,623,77,11,26,1,5,1,
48,7,613,333,55,15,1,5,1,
48,8,523,245,18,9,1,5,1,
48,9,645,283,19,10,1,5,1,
48,10,926,162,31,27,1,5,1,
48,11,539,79,30,22,1,5,1,
49,1,581,320,22,12,1,5,1,
49,2,467,213,85,17,1,5,1,
49,3,286,246,30,9,1,5,1,
49,4,421,257,44,9,1,5,1,
49,5,622,78,12,27,1,5,1,
49,7,619,332,54,15,1,5,1,
49,8,525,246,18,8,1,5,1,
49,9,647,283,19,10,1,5,1,
49,10,927,163,31,26,1,5,1,
49,11,541,81,29,21,1,5,1,
50,1,583,320,22,12,1,5,1,
50,2,477,213,85,17,1,5,1,
50,3,289,245,31,10,1,5,1,
50,4,426,257,44,9,1,5,1,
50,5,621,80,13,26,1,5,1,
50,7,625,332,53,15,1,5,1,
50,8,527,246,17,8,1,5,1,
50,9,649,283,18,10,1,5,1,
50,10,928,164,30,26,1,5,1,
50,11,544,82,26,21,1,5,1,
51,1,585,320,21,11,1,5,1,
51,2,485,212,87,17,1,5,1,
51,3,291,245,33,10,1,5,1,
51,4,431,257,43,9,1,5,1,
51,5,620,81,13,26,1,5,1,
51,7,631,331,51,15,1,5,1,
51,8,529,246,17,8,1,5,1,
51,9,651,282,17,11,1,5,1,
51,10,928,165,31,26,1,5,1,
51,11,546,83,25,21,1,5,1,
52,1,587,319,21,12,1,5,1,
52,2,495,212,87,17,1,5,1,
52,3,294,245,34,10,1,5,1,
52,4,437,257,41,9,1,5,1,
52,5,620,83,13,25,1,5,1,
52,7,637,331,50,14,1,5,1,
52,8,531,246,16,8,1,5,1,
52,9,653,282,16,10,1,5,1,
52,10,929,166,30,26,1,5,1,
52,11,549,84,22,22,1,5,1,
53,1,589,319,20,11,1,5,1,
53,2,503,212,90,17,1,5,1,
53,3,297,245,35,10,1,5,1,
53,4,441,257,40,9,1,5,1,
53,5,619,84,14,26,1,5,1,
53,7,643,330,48,15,1,5,1,
53,8,533,247,15,8,1,5,1,
53,9,655,282,16,10,1,5,1,
53,10,930,167,29,26,1,5,1,
53,11,551,85,21,22,1,5,1,
54,1,591,319,19,11,1,5,1,
54,2,514,211,89,18,1,5,1,
54,3,301,245,35,9,1,5,1,
54,4,446,257,39,9,1,5,1,
54,7,649,330,46,14,1,5,1,
54,8,535,247,14,8,1,5,1,
54,9,657,282,15,10,1,5,1,
54,10,930,168,29,25,1,5,1,
54,11,553,86,19,22,1,5,1,
55,1,593,318,18,11,1,5,1,
55,2,522,211,92,18,1,5,1,
55,3,304,245,37,9,1,5,1,
55,4,450,257,38,9,1,5,1,
55,7,653,329,49,14,1,5,1,
55,8,536,247,14,8,1,5,1,
55,9,658,282,15,10,1,5,1,
55,10,931,169,28,25,1,5,1,
55,11,554,87,18,22,1,5,1,
56,1,595,318,17,11,1,5,1,
56,2,531,211,94,18,1,5,1,
56,3,307,244,39,10,1,5,1,
56,4,455,257,36,9,1,5,1,
56,7,658,329,51,14,1,5,1,
56,8,538,247,12,8,1,5,1,
56,9,660,282,14,10,1,5,1,
56,10,931,170,28,25,1,5,1,
56,11,556,89,16,22,1,5,1,
57,1,597,317,17,11,1,5,1,
57,2,540,211,95,18,1,5,1,
57,3,310,244,40,10,1,5,1,
57,4,459,257,35,9,1,5,1,
57,7,661,328,55,14,1,5,1,
57,8,539,247,12,8,1,5,1,
57,9,661,282,14,10,1,5,1,
57,10,932,171,27,24,1,5,1,
57,11,557,90,15,22,1,5,1,
58,1,599,317,16,11,1,5,1,
58,2,551,211,96,18,1,5,1,
58,3,314,244,41,10,1,5,1,
58,4,464,257,33,9,1,5,1,
58,7,666,328,58,14,1,5,1,
58,8,541,248,11,7,1,5,1,
58,9,663,282,13,10,1,5,1,
58,10,932,172,27,24,1,5,1,
58,11,559,91,14,22,1,5,1,
59,1,600,317,16,11,1,5,1,
59,2,561,211,97,17,1,5,1,
59,3,318,244,42,10,1,5,1,
59,4,468,258,32,8,1,5,1,
59,7,669,327,63,15,1,5,1,
59,8,542,248,11,7,1,5,1,
59,9,664,282,12,9,1,5,1,
59,10,933,173,26,24,1,5,1,
59,11,560,93,13,21,1,5,1,
60,1,602,316,15,11,1,5,1,
60,2,573,210,96,18,1,5,1,
60,3,323,244,42,10,1,5,1,
60,4,472,258,31,8,1,5,1,
60,7,674,327,65,15,1,5,1,
60,8,544,248,10,8,1,5,1,
60,9,666,282,11,9,1,5,1,
60,10,933,174,26,24,1,5,1,
60,11,560,94,14,21,1,5,1,
61,1,603,316,15,11,1,5,1,
61,2,582,210,98,18,1,5,1,
61,3,326,244,44,10,1,5,1,
61,4,476,258,30,8,1,5,1,
61,7,679,327,67,14,1,5,1,
61,8,545,248,9,8,1,5,1,
61,9,667,282,11,9,1,5,1,
61,10,933,175,26,23,1,5,1,
61,11,560,96,16,21,1,5,1,
62,1,605,316,14,10,1,5,1,
62,2,593,210,99,18,1,5,1,
62,3,331,244,44,10,1,5,1,
62,4,480,258,28,8,1,5,1,
62,7,685,327,68,14,1,5,1,
62,8,546,248,9,8,1,5,1,
62,9,668,282,11,9,1,5,1,
62,10,933,176,26,23,1,5,1,
62,11,561,97,15,21,1,5,1,
63,1,606,315,13,11,1,5,1,
63,2,602,210,101,18,1,5,1,
63,3,335,244,46,10,1,5,1,
63,4,483,258,28,8,1,5,1,
63,7,691,327,69,14,1,5,1,
63,8,547,248,8,8,1,5,1,
63,9,669,281,10,10,1,5,1,
63,10,933,177,26,23,1,5,1,
64,1,608,315,12,10,1,5,1,
64,2,613,209,102,19,1,5,1,
64,3,339,243,47,11,1,5,1,
64,4,486,258,27,8,1,5,1,
64,7,698,327,68,14,1,5,1,
64,8,548,249,8,7,1,5,1,
64,9,670,281,10,10,1,5,1,
64,10,934,178,25,22,1,5,1,
65,1,609,315,12,10,1,5,1,
65,2,622,209,104,18,1,5,1,
65,3,343,243,49,11,1,5,1,
65,4,489,258,26,9,1,5,1,
65,7,703,327,70,14,1,5,1,
65,8,548,249,8,7,1,5,1,
65,9,671,281,10,9,1,5,1,
65,10,934,179,25,22,1,5,1,
66,1,610,314,12,11,1,5,1,
66,2,635,209,103,18,1,5,1,
66,3,349,243,48,10,1,5,1,
66,4,493,258,24,9,1,5,1,
66,7,712,327,67,14,1,5,1,
66,8,548,249,8,7,1,5,1,
66,9,671,281,10,9,1,5,1,
66,10,934,180,25,22,1,5,1,
67,1,611,314,11,10,1,5,1,
67,2,644,209,105,18,1,5,1,
67,3,353,243,50,10,1,5,1,
67,4,496,258,23,9,1,5,1,
67,7,718,327,67,14,1,5,1,
67,8,548,249,8,7,1,5,1,
67,9,672,281,9,9,1,5,1,
67,10,934,181,25,21,1,5,1,
68,1,612,314,11,10,1,5,1,
68,2,655,208,105,19,1,5,1,
68,3,358,243,50,10,1,5,1,
68,4,498,259,23,8,1,5,1,
68,7,725,326,66,15,1,5,1,
68,8,549,249,8,8,1,5,1,
68,9,672,281,10,9,1,5,1,
68,10,933,182,26,21,1,5,1,
69,1,613,313,11,10,1,5,1,
69,2,666,208,106,19,1,5,1,
69,3,363,243,51,10,1,5,1,
69,4,501,259,22,8,1,5,1,
69,7,731,326,66,14,1,5,1,
69,8,549,250,8,7,1,5,1,
69,9,672,281,10,9,1,5,1,
69,10,933,182,26,21,1,5,1,
70,1,614,313,10,10,1,5,1,
70,2,677,208,106,19,1,5,1,
70,3,367,243,53,10,1,5,1,
70,4,504,259,21,8,1,5,1,
70,7,738,326,65,14,1,5,1,
70,9,673,281,9,9,1,5,1,
70,10,933,183,26,21,1,5,1,
71,1,614,313,11,10,1,5,1,
71,2,685,208,109,19,1,5,1,
71,3,372,243,54,10,1,5,1,
71,4,506,259,20,8,1,5,1,
71,7,743,326,66,14,1,5,1,
71,9,673,281,10,9,1,5,1,
71,10,933,184,26,21,1,5,1,
72,1,615,312,10,10,1,5,1,
72,2,695,208,110,18,1,5,1,
72,3,376,243,56,10,1,5,1,
72,4,508,259,20,8,1,5,1,
72,7,749,326,66,14,1,5,1,
72,9,673,281,10,8,1,5,1,
72,10,933,185,25,20,1,5,1,
73,1,615,312,10,10,1,5,1,
73,2,706,207,111,19,1,5,1,
73,3,381,243,57,10,1,5,1,
73,4,510,259,19,8,1,5,1,
73,7,755,326,66,14,1,5,1,
73,9,673,281,10,8,1,5,1,
73,10,933,186,25,20,1,5,1,
74,1,615,312,11,10,1,5,1,
74,2,716,207,112,19,1,5,1,
74,3,386,243,58,10,1,5,1,
74,4,512,259,18,8,1,5,1,
74,7,761,326,65,13,1,5,1,
74,9,673,281,10,8,1,5,1,
74,10,932,186,25,20,1,5,1,
75,1,616,311,10,10,1,5,1,
75,2,726,207,113,19,1,5,1,
75,3,391,243,58,10,1,5,1,
75,4,514,259,20,8,1,5,1,
75,7,767,325,65,14,1,5,1,
75,9,673,281,10,8,1,5,1,
75,10,932,187,25,20,1,5,1,
76,1,616,311,10,10,1,5,1,
76,2,740,207,109,19,1,5,1,
76,3,398,242,56,11,1,5,1,
76,4,516,259,21,8,1,5,1,
76,7,775,325,62,14,1,5,1,
76,9,673,280,10,9,1,5,1,
76,10,932,188,24,20,1,5,1,
77,1,616,311,10,9,1,5,1,
77,2,750,207,110,19,1,5,1,
77,3,403,242,57,11,1,5,1,
77,4,517,259,24,8,1,5,1,
77,7,780,325,63,14,1,5,1,
77,9,673,280,9,9,1,5,1,
77,10,931,189,24,19,1,5,1,
78,2,760,207,111,19,1,5,1,
78,3,409,242,56,11,1,5,1,
78,4,519,260,26,7,1,5,1,
78,7,786,325,62,14,1,5,1,
78,9,673,280,9,9,1,5,1,
78,10,931,189,24,20,1,5,1,
79,2,772,207,109,19,1,5,1,
79,3,415,242,56,11,1,5,1,
79,4,520,260,30,7,1,5,1,
79,7,792,325,61,13,1,5,1,
79,10,930,190,24,19,1,5,1,
80,2,779,207,113,19,1,5,1,
80,3,419,242,58,11,1,5,1,
80,4,521,260,33,7,1,5,1,
80,7,797,324,61,14,1,5,1,
80,10,930,191,23,19,1,5,1,
81,2,788,207,114,19,1,5,1,
81,3,423,242,60,11,1,5,1,
81,4,522,260,36,7,1,5,1,
81,7,801,324,62,14,1,5,1,
81,10,929,191,24,19,1,5,1,
82,2,798,207,115,19,1,5,1,
82,3,428,242,62,11,1,5,1,
82,4,524,260,37,7,1,5,1,
82,7,806,324,62,14,1,5,1,
82,10,929,192,23,19,1,5,1,
83,2,807,207,116,19,1,5,1,
83,3,432,242,64,11,1,5,1,
83,4,526,260,38,7,1,5,1,
83,7,811,324,61,13,1,5,1,
83,10,928,193,23,18,1,5,1,
84,2,816,207,117,19,1,5,1,
84,3,437,242,65,10,1,5,1,
84,4,529,260,38,7,1,5,1,
84,7,816,324,61,13,1,5,1,
84,10,928,193,22,19,1,5,1,
85,2,829,207,114,19,1,5,1,
85,3,443,241,65,11,1,5,1,
85,4,533,260,37,7,1,5,1,
85,7,822,323,59,14,1,5,1,
85,10,927,194,22,18,1,5,1,
86,2,838,207,114,19,1,5,1,
86,3,448,241,67,11,1,5,1,
86,4,536,260,37,7,1,5,1,
86,7,827,323,59,14,1,5,1,
86,10,926,195,23,18,1,5,1,
87,2,848,207,111,19,1,5,1,
87,3,453,241,68,11,1,5,1,
87,4,539,260,36,7,1,5,1,
87,7,832,323,58,13,1,5,1,
87,10,926,195,22,18,1,5,1,
88,2,859,207,101,19,1,5,1,
88,3,459,241,69,11,1,5,1,
88,4,543,260,35,7,1,5,1,
88,7,837,323,57,13,1,5,1,
88,10,925,196,22,18,1,5,1,
89,2,869,207,91,19,1,5,1,
89,3,465,241,69,11,1,5,1,
89,4,546,260,34,7,1,5,1,
89,7,843,322,56,14,1,5,1,
89,10,924,197,22,17,1,5,1,
90,2,879,207,81,19,1,5,1,
90,3,470,241,71,11,1,5,1,
90,4,549,260,33,7,1,5,1,
90,7,847,322,56,13,1,5,1,
90,10,923,197,22,18,1,5,1,
91,2,890,207,70,17,1,5,1,
91,3,476,241,71,11,1,5,1,
91,4,553,260,31,7,1,5,1,
91,7,853,322,54,13,1,5,1,
91,10,923,198,21,17,1,5,1,
92,2,899,208,61,16,1,5,1,
92,3,482,241,72,11,1,5,1,
92,4,556,260,30,7,1,5,1,
92,7,857,322,53,13,1,5,1,
92,10,922,199,21,17,1,5,1,
93,2,909,208,51,14,1,5,1,
93,3,488,241,73,11,1,5,1,
93,4,559,260,29,7,1,5,1,
93,7,862,321,52,14,1,5,1,
93,10,921,199,21,17,1,5,1,
94,2,920,210,40,9,1,5,1,
94,3,495,241,72,11,1,5,1,
94,4,563,260,27,7,1,5,1,
94,7,867,321,51,13,1,5,1,
94,10,920,200,21,16,1,5,1,
95,2,930,212,30,6,1,5,1,
95,3,501,240,73,12,1,5,1,
95,4,565,260,26,7,1,5,1,
95,7,872,321,49,13,1,5,1,
95,10,919,200,21,17,1,5,1,
96,3,507,240,74,12,1,5,1,
96,4,568,261,25,6,1,5,1,
96,7,876,321,49,13,1,5,1,
96,10,918,201,22,16,1,5,1,
97,3,513,240,74,12,1,5,1,
97,4,571,261,23,6,1,5,1,
97,7,881,320,47,13,1,5,1,
97,10,917,202,22,16,1,5,1,
98,3,518,240,76,12,1,5,1,
98,4,573,261,22,6,1,5,1,
98,7,884,320,47,13,1,5,1,
98,10,916,202,22,16,1,5,1,
99,3,523,240,78,12,1,5,1,
99,4,575,261,21,7,1,5,1,
99,7,887,320,47,13,1,5,1,
99,10,916,203,22,16,1,5,1,
100,3,530,240,77,12,1,5,1,
100,4,577,261,20,7,1,5,1,
100,7,892,320,45,12,1,5,1,
100,10,915,203,22,16,1,5,1,
101,3,536,240,78,12,1,5,1,
101,4,580,261,18,7,1,5,1,
101,7,896,319,44,13,1,5,1,
101,10,914,204,22,15,1,5,1,
102,3,542,240,79,12,1,5,1,
102,4,581,261,18,7,1,5,1,
102,7,899,319,44,13,1,5,1,
102,10,913,204,22,16,1,5,1,
103,3,548,240,79,12,1,5,1,
103,4,583,261,17,7,1,5,1,
103,7,903,319,43,12,1,5,1,
103,10,912,205,22,15,1,5,1,
104,3,554,240,80,12,1,5,1,
104,7,906,319,42,12,1,5,1,
104,10,910,205,23,16,1,5,1,
105,3,560,240,80,12,1,5,1,
105,7,910,318,40,13,1,5,1,
105,10,909,206,24,15,1,5,1,
106,3,565,240,82,12,1,5,1,
106,7,913,318,39,13,1,5,1,
106,10,908,206,24,15,1,5,1,
107,3,570,240,83,12,1,5,1,
107,7,916,318,38,12,1,5,1,
107,10,907,207,24,15,1,5,1,
108,3,576,240,83,12,1,5,1,
108,7,919,318,37,12,1,5,1,
108,10,906,207,24,15,1,5,1,
109,3,582,240,83,12,1,5,1,
109,7,922,317,36,12,1,5,1,
109,10,905,208,24,14,1,5,1,
110,3,589,240,83,12,1,5,1,
110,7,925,317,34,12,1,5,1,
110,10,904,208,24,15,1,5,1,
111,3,595,240,83,12,1,5,1,
111,7,928,317,31,12,1,5,1,
111,10,903,209,24,14,1,5,1,
112,3,600,240,84,12,1,5,1,
112,7,931,316,28,12,1,5,1,
112,10,901,209,25,15,1,5,1,
113,3,608,240,82,12,1,5,1,
113,7,934,316,25,12,1,5,1,
113,10,900,210,25,14,1,5,1,
114,3,613,240,82,12,1,5,1,
114,7,937,316,22,12,1,5,1,
114,10,899,210,25,14,1,5,1,
115,3,619,241,82,11,1,5,1,
115,7,940,315,20,12,1,5,1,
115,10,898,211,25,14,1,5,1,
116,3,626,241,81,11,1,5,1,
116,7,942,315,18,12,1,5,1,
116,10,896,211,26,14,1,5,1,
117,3,633,241,79,11,1,5,1,
117,7,945,315,15,11,1,5,1,
117,10,895,212,26,13,1,5,1,
118,3,639,241,79,11,1,5,1,
118,7,947,314,13,12,1,5,1,
118,10,894,212,26,14,1,5,1,
119,3,645,241,78,11,1,5,1,
119,7,948,314,12,12,1,5,1,
119,10,892,212,26,14,1,5,1,
120,3,651,241,77,11,1,5,1,
120,7,950,314,10,11,1,5,1,
120,10,891,213,26,13,1,5,1,
121,3,659,241,74,11,1,5,1,
121,7,951,313,9,12,1,5,1,
121,10,890,213,26,14,1,5,1,
122,3,665,241,73,11,1,5,1,
122,7,952,314,8,10,1,5,1,
122,10,888,214,27,13,1,5,1,
123,3,670,241,73,11,1,5,1,
123,7,952,314,8,9,1,5,1,
123,10,887,214,26,13,1,5,1,
124,3,676,241,72,11,1,5,1,
124,7,952,313,8,9,1,5,1,
124,10,885,215,27,13,1,5,1,
125,3,683,241,70,11,1,5,1,
125,7,952,313,8,9,1,5,1,
125,10,884,215,27,13,1,5,1,
126,3,688,242,69,10,1,5,1,
126,10,882,216,28,12,1,5,1,
127,3,693,242,69,11,1,5,1,
127,10,881,216,28,12,1,5,1,
128,3,698,242,68,11,1,5,1,
128,7,952,312,8,9,1,5,1,
128,10,879,216,28,13,1,5,1,
129,3,704,242,66,11,1,5,1,
129,7,952,311,8,9,1,5,1,
130,3,708,242,67,11,1,5,1,
130,7,951,310,9,9,1,5,1,
131,3,712,242,67,11,1,5,1,
131,7,951,310,8,9,1,5,1,
132,3,717,242,65,11,1,5,1,
132,7,950,310,9,9,1,5,1,
133,3,721,242,65,11,1,5,1,
133,7,950,309,9,10,1,5,1,
134,3,726,243,64,10,1,5,1,
134,7,949,309,10,9,1,5,1,
135,3,731,243,62,10,1,5,1,
135,7,949,309,11,10,1,5,1,
136,3,735,243,62,10,1,5,1,
136,7,948,309,11,10,1,5,1,
137,3,740,243,60,10,1,5,1,
137,7,947,308,12,11,1,5,1,
138,3,744,243,59,11,1,5,1,
138,7,947,308,12,10,1,5,1,
139,3,749,243,57,11,1,5,1,
139,7,946,308,13,10,1,5,1,
140,3,753,243,56,11,1,5,1,
140,7,945,307,14,11,1,5,1,
141,3,757,244,55,10,1,5,1,
141,7,944,307,15,10,1,5,1,
142,3,761,244,53,10,1,5,1,
142,7,943,307,16,10,1,5,1,
143,3,765,244,52,10,1,5,1,
143,7,942,306,17,10,1,5,1,
144,3,771,244,48,10,1,5,1,
144,7,941,306,18,10,1,5,1,
145,3,774,244,48,10,1,5,1,
145,7,940,306,18,10,1,5,1,
146,3,778,244,46,10,1,5,1,
146,7,939,306,19,9,1,5,1,
147,3,782,245,44,9,1,5,1,
147,7,937,305,20,10,1,5,1,
148,3,785,245,43,10,1,5,1,
148,7,936,305,20,10,1,5,1,
149,3,789,245,41,10,1,5,1,
149,7,935,305,20,9,1,5,1,
150,3,792,245,39,10,1,5,1,
150,7,934,305,21,9,1,5,1,
