1,1,58,124,137,30,1,5,1,
1,2,0,152,68,21,1,5,1,
1,3,352,249,84,30,1,5,1,
1,4,44,372,99,39,1,5,1,
1,5,25,366,85,21,1,5,1,
1,6,503,227,26,15,1,5,1,
1,7,928,174,31,16,1,5,1,
1,8,849,178,32,25,1,5,1,
1,9,679,36,46,26,1,5,1,
1,10,412,189,21,23,1,5,1,
1,11,269,20,84,23,1,5,1,
1,12,193,421,27,38,1,5,1,
1,13,669,8,33,26,1,5,1,
1,14,125,354,67,39,1,5,1,
1,15,458,246,63,33,1,5,1,
1,16,227,469,14,16,1,5,1,
1,17,112,-7,87,35,1,5,1,
1,18,304,205,42,10,1,5,1,
1,19,254,360,54,13,1,5,1,
1,20,265,368,48,13,1,5,1,
1,21,311,276,75,33,1,5,1,
1,22,655,31,77,32,1,5,1,
1,23,539,336,15,11,1,5,1,
1,24,76,340,89,37,1,5,1,
1,25,876,72,35,16,1,5,1,
1,26,110,6,26,29,1,5,1,
1,27,98,408,39,21,1,5,1,
1,28,165,432,82,24,1,5,1,
1,29,769,236,43,33,1,5,1,
1,30,728,478,44,18,1,5,1,
1,31,670,264,43,24,1,5,1,
1,32,140,458,28,28,1,5,1,
1,33,369,162,74,18,1,5,1,
1,34,860,39,67,49,1,5,1,
1,35,434,348,35,45,1,5,1,
1,36,8,73,59,13,1,5,1,
1,37,546,265,58,14,1,5,1,
1,38,168,182,60,21,1,5,1,
1,39,599,190,65,20,1,5,1,
1,40,178,121,39,20,1,5,1,
1,41,452,311,31,12,1,5,1,
1,42,298,484,95,32,1,5,1,
1,43,832,392,74,15,1,5,1,
2,1,40,120,145,33,1,5,1,
2,2,0,153,77,20,1,5,1,
2,3,355,249,91,30,1,5,1,
2,4,30,374,100,42,1,5,1,
2,5,15,366,88,24,1,5,1,
2,6,503,227,21,15,1,5,1,
2,7,934,173,25,16,1,5,1,
2,8,846,179,37,25,1,5,1,
2,9,685,33,46,27,1,5,1,
2,10,411,189,18,25,1,5,1,
2,11,259,18,87,24,1,5,1,
2,12,191,423,27,41,1,5,1,
2,13,672,5,36,27,1,5,1,
2,14,121,356,61,42,1,5,1,
2,15,457,245,79,34,1,5,1,
2,16,225,468,17,14,1,5,1,
2,17,124,-16,70,41,1,5,1,
2,18,299,205,41,10,1,5,1,
2,19,261,360,54,12,1,5,1,
2,20,271,367,47,13,1,5,1,
2,21,308,276,67,34,1,5,1,
2,22,658,30,83,30,1,5,1,
2,23,539,336,20,11,1,5,1,
2,24,87,341,77,38,1,5,1,
2,25,875,70,30,17,1,5,1,
2,26,111,1,27,30,1,5,1,
2,27,96,409,35,22,1,5,1,
2,28,152,431,90,26,1,5,1,
2,29,773,238,41,32,1,5,1,
2,30,724,476,43,18,1,5,1,
2,31,670,264,49,24,1,5,1,
2,32,132,461,35,28,1,5,1,
2,33,364,162,74,18,1,5,1,
2,34,859,43,62,47,1,5,1,
2,35,431,350,42,45,1,5,1,
2,36,0,71,61,14,1,5,1,
2,37,551,265,60,15,1,5,1,
2,38,174,183,57,21,1,5,1,
2,39,602,189,73,20,1,5,1,
2,40,185,123,36,20,1,5,1,
2,41,455,310,35,12,1,5,1,
2,42,292,488,96,28,1,5,1,
2,43,824,391,76,16,1,5,1,
3,1,22,116,151,35,1,5,1,
3,2,7,155,80,18,1,5,1,
3,3,359,249,98,29,1,5,1,
3,4,17,377,98,45,1,5,1,
3,5,4,366,90,27,1,5,1,
3,6,502,228,18,14,1,5,1,
3,7,937,172,22,16,1,5,1,
3,8,840,180,45,25,1,5,1,
3,9,690,30,47,27,1,5,1,
3,10,411,190,18,26,1,5,1,
3,11,249,16,89,24,1,5,1,
3,12,189,426,28,43,1,5,1,
3,13,676,2,36,27,1,5,1,
3,14,118,358,52,44,1,5,1,
3,15,457,245,97,34,1,5,1,
3,16,223,467,20,13,1,5,1,
3,17,137,-25,59,49,1,5,1,
3,18,295,204,40,10,1,5,1,
3,19,269,360,53,12,1,5,1,
3,20,278,366,43,13,1,5,1,
3,21,307,276,56,36,1,5,1,
3,22,662,28,88,29,1,5,1,
3,23,540,335,24,11,1,5,1,
3,24,97,343,65,39,1,5,1,
3,25,875,66,25,20,1,5,1,
3,26,110,0,31,25,1,5,1,
3,27,94,411,31,23,1,5,1,
3,28,140,431,95,26,1,5,1,
3,29,777,239,41,32,1,5,1,
3,30,721,474,42,18,1,5,1,
3,31,671,265,55,24,1,5,1,
3,32,123,463,42,29,1,5,1,
3,33,359,162,73,18,1,5,1,
3,34,860,47,51,46,1,5,1,
3,35,427,351,57,46,1,5,1,
3,36,-4,68,59,16,1,5,1,
3,37,558,266,60,14,1,5,1,
3,38,179,185,55,20,1,5,1,
3,39,607,189,79,20,1,5,1,
3,40,192,125,33,20,1,5,1,
3,41,460,310,35,12,1,5,1,
3,42,287,488,94,26,1,5,1,
3,43,816,390,77,16,1,5,1,
4,1,4,110,156,38,1,5,1,
4,2,16,157,80,16,1,5,1,
4,3,364,250,103,28,1,5,1,
4,4,6,380,93,49,1,5,1,
4,5,0,367,85,28,1,5,1,
4,6,503,228,15,14,1,5,1,
4,7,935,171,24,16,1,5,1,
4,8,833,181,53,25,1,5,1,
4,9,695,27,50,28,1,5,1,
4,10,412,191,17,27,1,5,1,
4,11,239,14,91,25,1,5,1,
4,12,189,430,29,43,1,5,1,
4,13,680,0,37,26,1,5,1,
4,14,118,361,40,45,1,5,1,
4,15,459,244,113,36,1,5,1,
4,16,218,466,25,13,1,5,1,
4,17,147,-31,55,51,1,5,1,
4,18,292,203,37,11,1,5,1,
4,19,276,359,52,12,1,5,1,
4,20,285,366,40,12,1,5,1,
4,21,308,276,45,38,1,5,1,
4,22,667,28,92,26,1,5,1,
4,23,543,334,26,11,1,5,1,
4,24,106,345,57,40,1,5,1,
4,25,870,65,30,18,1,5,1,
4,26,107,-2,39,22,1,5,1,
4,27,93,413,25,23,1,5,1,
4,28,126,430,101,29,1,5,1,
4,29,772,240,56,31,1,5,1,
4,30,716,473,43,17,1,5,1,
4,31,672,265,62,25,1,5,1,
4,32,114,466,48,29,1,5,1,
4,33,355,162,71,18,1,5,1,
4,34,860,50,41,45,1,5,1,
4,35,425,353,71,46,1,5,1,
4,36,-13,67,61,17,1,5,1,
4,37,564,266,60,14,1,5,1,
4,38,186,186,49,20,1,5,1,
4,39,613,188,85,20,1,5,1,
4,40,199,128,29,19,1,5,1,
4,41,464,310,37,11,1,5,1,
4,42,283,487,91,25,1,5,1,
4,43,809,388,76,17,1,5,1,
5,1,0,105,146,42,1,5,1,
5,2,25,159,80,15,1,5,1,
5,3,370,250,107,28,1,5,1,
5,4,0,384,83,50,1,5,1,
5,5,-9,368,84,28,1,5,1,
5,6,504,229,15,14,1,5,1,
5,7,933,170,24,16,1,5,1,
5,8,827,183,59,24,1,5,1,
5,9,699,23,55,29,1,5,1,
5,10,414,193,16,27,1,5,1,
5,11,230,11,91,26,1,5,1,
5,12,192,434,29,43,1,5,1,
5,13,684,-3,36,26,1,5,1,
5,14,119,365,36,44,1,5,1,
5,15,462,243,129,37,1,5,1,
5,16,213,465,29,13,1,5,1,
5,17,157,-38,39,55,1,5,1,
5,18,289,203,34,10,1,5,1,
5,19,284,359,50,13,1,5,1,
5,20,292,365,35,12,1,5,1,
5,21,305,277,42,41,1,5,1,
5,22,672,27,96,25,1,5,1,
5,23,547,334,25,10,1,5,1,
5,24,112,347,50,42,1,5,1,
5,25,862,65,38,16,1,5,1,
5,26,106,-4,51,21,1,5,1,
5,27,92,415,21,23,1,5,1,
5,28,113,428,105,35,1,5,1,
5,29,771,240,70,31,1,5,1,
5,30,711,471,43,16,1,5,1,
5,31,674,266,71,25,1,5,1,
5,32,109,468,45,31,1,5,1,
5,33,352,162,67,18,1,5,1,
5,34,858,54,33,43,1,5,1,
5,35,424,354,82,48,1,5,1,
5,36,-23,63,63,20,1,5,1,
5,37,572,266,57,14,1,5,1,
5,38,193,187,42,20,1,5,1,
5,39,621,188,88,20,1,5,1,
5,40,206,130,24,19,1,5,1,
5,41,470,309,38,12,1,5,1,
5,42,279,485,89,25,1,5,1,
5,43,803,387,73,16,1,5,1,
6,1,-16,98,148,47,1,5,1,
6,2,35,160,78,15,1,5,1,
6,3,377,249,110,29,1,5,1,
6,4,-3,388,71,52,1,5,1,
6,5,-19,370,84,26,1,5,1,
6,6,506,229,14,14,1,5,1,
6,7,929,169,24,16,1,5,1,
6,8,820,184,65,24,1,5,1,
6,9,706,20,54,29,1,5,1,
6,10,412,194,21,27,1,5,1,
6,11,220,8,92,28,1,5,1,
6,12,194,438,30,43,1,5,1,
6,13,687,-6,37,27,1,5,1,
6,14,117,368,37,44,1,5,1,
6,15,468,243,143,37,1,5,1,
6,16,208,465,32,12,1,5,1,
6,18,287,202,31,10,1,5,1,
6,19,290,359,51,12,1,5,1,
6,20,299,364,30,12,1,5,1,
6,21,301,279,44,43,1,5,1,
6,22,680,24,96,27,1,5,1,
6,23,551,333,25,11,1,5,1,
6,24,105,350,59,44,1,5,1,
6,25,854,64,45,16,1,5,1,
6,26,108,-6,58,20,1,5,1,
6,27,88,417,22,23,1,5,1,
6,28,99,428,109,40,1,5,1,
6,29,772,240,84,31,1,5,1,
6,30,706,470,44,16,1,5,1,
6,31,677,266,80,25,1,5,1,
6,32,105,471,40,32,1,5,1,
6,33,349,162,64,18,1,5,1,
6,34,858,58,27,41,1,5,1,
6,35,423,357,93,48,1,5,1,
6,36,-33,59,65,22,1,5,1,
6,37,579,266,56,15,1,5,1,
6,38,199,189,35,18,1,5,1,
6,39,629,187,91,21,1,5,1,
6,40,212,133,20,18,1,5,1,
6,41,475,309,40,12,1,5,1,
6,42,275,482,87,27,1,5,1,
6,43,798,385,70,17,1,5,1,
7,1,-34,91,151,51,1,5,1,
7,2,45,161,77,15,1,5,1,
7,3,384,249,113,28,1,5,1,
7,4,-8,393,61,50,1,5,1,
7,5,-29,371,83,26,1,5,1,
7,6,507,230,15,13,1,5,1,
7,7,920,169,34,16,1,5,1,
7,8,813,186,69,22,1,5,1,
7,9,711,16,58,31,1,5,1,
7,10,411,196,27,26,1,5,1,
7,11,211,4,92,30,1,5,1,
7,12,194,442,33,44,1,5,1,
7,13,691,-8,40,26,1,5,1,
7,14,118,371,38,44,1,5,1,
7,15,476,242,154,38,1,5,1,
7,16,201,465,37,13,1,5,1,
7,18,286,201,27,10,1,5,1,
7,19,296,359,53,12,1,5,1,
7,20,306,364,25,11,1,5,1,
7,21,298,280,47,45,1,5,1,
7,22,686,22,98,26,1,5,1,
7,23,555,333,25,10,1,5,1,
7,24,99,354,77,44,1,5,1,
7,25,846,64,50,16,1,5,1,
7,26,114,-9,59,20,1,5,1,
7,27,86,419,20,24,1,5,1,
7,28,84,429,113,44,1,5,1,
7,29,776,241,95,29,1,5,1,
7,30,702,469,43,15,1,5,1,
7,31,684,266,82,24,1,5,1,
7,32,96,473,44,35,1,5,1,
7,33,348,162,58,18,1,5,1,
7,34,859,61,27,39,1,5,1,
7,35,423,360,105,47,1,5,1,
7,36,-43,54,66,24,1,5,1,
7,37,587,267,53,14,1,5,1,
7,38,205,188,29,20,1,5,1,
7,39,639,187,92,20,1,5,1,
7,40,217,136,17,16,1,5,1,
7,41,481,309,41,12,1,5,1,
7,42,266,482,90,25,1,5,1,
7,43,793,383,67,17,1,5,1,
8,1,-53,85,153,52,1,5,1,
8,2,55,162,75,15,1,5,1,
8,3,392,249,115,28,1,5,1,
8,4,-11,398,50,48,1,5,1,
8,5,-39,374,82,27,1,5,1,
8,6,506,230,21,14,1,5,1,
8,7,911,168,43,17,1,5,1,
8,8,811,188,64,20,1,5,1,
8,9,715,12,64,32,1,5,1,
8,10,411,199,33,24,1,5,1,
8,11,203,0,90,33,1,5,1,
8,12,194,446,39,43,1,5,1,
8,13,694,-10,43,26,1,5,1,
8,14,119,375,40,43,1,5,1,
8,15,487,242,161,38,1,5,1,
8,16,195,465,40,13,1,5,1,
8,18,285,201,23,10,1,5,1,
8,19,303,359,53,12,1,5,1,
8,20,312,363,20,12,1,5,1,
8,21,299,282,48,47,1,5,1,
8,22,691,21,102,25,1,5,1,
8,23,559,332,24,10,1,5,1,
8,24,100,356,86,45,1,5,1,
8,25,836,64,57,17,1,5,1,
8,27,83,421,20,24,1,5,1,
8,28,70,430,116,49,1,5,1,
8,29,783,241,102,29,1,5,1,
8,30,699,468,42,16,1,5,1,
8,31,692,265,85,24,1,5,1,
8,32,90,477,44,35,1,5,1,
8,33,347,163,52,17,1,5,1,
8,34,861,65,26,36,1,5,1,
8,35,424,363,116,46,1,5,1,
8,37,596,268,49,14,1,5,1,
8,38,212,188,21,20,1,5,1,
8,39,649,187,91,20,1,5,1,
8,40,222,138,13,16,1,5,1,
8,41,487,310,42,11,1,5,1,
8,42,257,482,92,24,1,5,1,
8,43,790,382,61,17,1,5,1,
9,1,-71,77,154,55,1,5,1,
9,2,66,163,73,15,1,5,1,
9,3,401,249,116,28,1,5,1,
9,4,-11,403,38,48,1,5,1,
9,5,-47,377,79,25,1,5,1,
9,6,506,231,26,13,1,5,1,
9,7,901,168,52,17,1,5,1,
9,8,811,189,56,20,1,5,1,
9,9,720,9,69,33,1,5,1,
9,10,412,201,37,22,1,5,1,
9,11,196,-3,88,35,1,5,1,
9,12,197,449,43,44,1,5,1,
9,13,696,-12,48,25,1,5,1,
9,14,114,379,49,41,1,5,1,
9,15,499,242,166,38,1,5,1,
9,16,188,464,43,16,1,5,1,
9,18,284,201,19,10,1,5,1,
9,19,311,359,52,12,1,5,1,
9,20,317,363,16,11,1,5,1,
9,21,297,284,54,48,1,5,1,
9,22,697,20,104,24,1,5,1,
9,23,563,332,24,10,1,5,1,
9,24,103,359,94,45,1,5,1,
9,25,827,63,62,21,1,5,1,
9,27,80,423,19,24,1,5,1,
9,28,55,432,118,53,1,5,1,
9,29,796,241,97,29,1,5,1,
9,30,697,466,39,17,1,5,1,
9,31,702,265,83,24,1,5,1,
9,32,84,480,43,36,1,5,1,
9,33,347,163,45,18,1,5,1,
9,34,864,69,25,33,1,5,1,
9,35,426,367,129,43,1,5,1,
9,37,603,268,45,14,1,5,1,
9,38,216,188,18,20,1,5,1,
9,39,660,187,89,20,1,5,1,
9,40,225,141,11,14,1,5,1,
9,41,493,310,42,11,1,5,1,
9,42,248,482,94,24,1,5,1,
9,43,786,380,57,17,1,5,1,
10,1,-89,69,154,57,1,5,1,
10,2,78,164,69,15,1,5,1,
10,3,410,249,116,28,1,5,1,
10,4,-8,408,35,48,1,5,1,
10,6,506,231,32,13,1,5,1,
10,7,890,169,60,17,1,5,1,
10,8,811,190,49,19,1,5,1,
10,9,724,6,75,33,1,5,1,
10,10,415,203,39,19,1,5,1,
10,11,197,-10,77,39,1,5,1,
10,12,200,453,47,44,1,5,1,
10,13,700,-14,51,24,1,5,1,
10,14,110,383,66,38,1,5,1,
10,15,514,241,168,39,1,5,1,
10,16,180,464,46,19,1,5,1,
10,18,284,201,15,10,1,5,1,
10,19,318,359,52,12,1,5,1,
10,20,322,363,11,11,1,5,1,
10,21,290,286,76,49,1,5,1,
10,22,703,18,107,25,1,5,1,
10,23,568,332,23,10,1,5,1,
10,24,106,361,104,46,1,5,1,
10,25,817,62,66,25,1,5,1,
10,27,73,425,26,25,1,5,1,
10,28,41,435,120,57,1,5,1,
10,29,809,241,91,29,1,5,1,
10,30,695,464,36,18,1,5,1,
10,31,711,265,83,24,1,5,1,
10,32,79,483,42,38,1,5,1,
10,33,347,161,38,20,1,5,1,
10,34,863,72,27,32,1,5,1,
10,35,430,370,140,42,1,5,1,
10,37,611,268,39,14,1,5,1,
10,38,216,189,18,20,1,5,1,
10,39,672,187,85,20,1,5,1,
10,40,226,143,10,13,1,5,1,
10,41,500,309,41,11,1,5,1,
10,42,239,482,96,27,1,5,1,
10,43,784,379,50,16,1,5,1,
11,1,-106,61,152,59,1,5,1,
11,2,89,165,65,16,1,5,1,
11,3,420,249,115,28,1,5,1,
11,4,-1,413,29,49,1,5,1,
11,6,509,231,33,13,1,5,1,
11,7,879,169,67,18,1,5,1,
11,8,812,191,41,19,1,5,1,
11,9,729,3,81,33,1,5,1,
11,10,419,204,39,18,1,5,1,
11,11,192,-16,73,42,1,5,1,
11,12,204,457,52,45,1,5,1,
11,13,703,-15,55,22,1,5,1,
11,14,108,387,84,36,1,5,1,
11,15,531,241,165,39,1,5,1,
11,16,173,465,48,21,1,5,1,
11,18,281,201,18,10,1,5,1,
11,19,326,358,51,12,1,5,1,
11,20,323,363,11,10,1,5,1,
11,21,286,287,101,51,1,5,1,
11,22,709,17,109,25,1,5,1,
11,23,572,332,23,9,1,5,1,
11,24,111,363,113,47,1,5,1,
11,25,812,66,62,20,1,5,1,
11,27,72,427,21,26,1,5,1,
11,28,26,438,121,61,1,5,1,
11,29,819,241,90,29,1,5,1,
11,30,694,463,32,17,1,5,1,
11,31,720,265,81,24,1,5,1,
11,32,73,486,44,39,1,5,1,
11,33,348,161,30,22,1,5,1,
11,34,862,75,30,30,1,5,1,
11,35,437,373,147,40,1,5,1,
11,37,618,268,33,14,1,5,1,
11,38,216,190,18,19,1,5,1,
11,39,685,187,78,21,1,5,1,
11,40,225,145,11,12,1,5,1,
11,41,507,309,40,11,1,5,1,
11,42,229,480,98,33,1,5,1,
11,43,782,378,44,15,1,5,1,
12,2,101,166,59,16,1,5,1,
12,3,429,249,115,28,1,5,1,
12,4,0,427,31,37,1,5,1,
12,6,513,232,32,13,1,5,1,
12,7,867,169,74,20,1,5,1,
12,8,809,191,40,20,1,5,1,
12,9,734,1,87,31,1,5,1,
12,10,423,206,39,16,1,5,1,
12,11,187,-23,68,46,1,5,1,
12,12,204,462,64,42,1,5,1,
12,14,109,391,100,33,1,5,1,
12,15,549,241,159,39,1,5,1,
12,16,165,466,50,23,1,5,1,
12,18,277,201,22,10,1,5,1,
12,19,333,358,50,11,1,5,1,
12,20,323,362,11,11,1,5,1,
12,21,284,288,128,52,1,5,1,
12,22,716,17,108,24,1,5,1,
12,23,577,332,22,9,1,5,1,
12,24,116,365,124,47,1,5,1,
12,25,808,69,58,16,1,5,1,
12,27,71,430,18,26,1,5,1,
12,28,12,442,121,65,1,5,1,
12,29,831,241,83,29,1,5,1,
12,30,694,461,28,18,1,5,1,
12,31,730,265,77,24,1,5,1,
12,32,68,489,44,40,1,5,1,
12,33,347,161,24,23,1,5,1,
12,34,862,78,32,29,1,5,1,
12,35,445,374,152,39,1,5,1,
12,37,623,268,31,14,1,5,1,
12,38,215,191,18,19,1,5,1,
12,39,697,188,71,20,1,5,1,
12,40,225,147,13,11,1,5,1,
12,41,513,309,40,11,1,5,1,
12,42,220,480,98,38,1,5,1,
12,43,782,377,36,15,1,5,1,
13,2,112,167,52,16,1,5,1,
13,3,437,249,116,28,1,5,1,
13,4,0,430,37,36,1,5,1,
13,6,517,232,31,13,1,5,1,
13,7,856,169,78,22,1,5,1,
13,8,806,192,40,19,1,5,1,
13,9,740,0,91,27,1,5,1,
13,10,428,206,37,17,1,5,1,
13,11,184,-29,62,48,1,5,1,
13,12,207,467,74,40,1,5,1,
13,14,117,392,103,34,1,5,1,
13,15,569,242,148,38,1,5,1,
13,16,157,467,52,25,1,5,1,
13,18,272,201,26,10,1,5,1,
13,19,340,357,50,12,1,5,1,
13,20,323,362,11,10,1,5,1,
13,21,288,288,152,53,1,5,1,
13,22,724,17,106,24,1,5,1,
13,23,580,331,22,10,1,5,1,
13,24,123,368,134,47,1,5,1,
13,25,804,69,54,16,1,5,1,
13,27,69,433,19,25,1,5,1,
13,28,0,447,118,67,1,5,1,
13,29,843,242,76,28,1,5,1,
13,30,694,459,23,18,1,5,1,
13,31,739,265,75,24,1,5,1,
13,32,63,493,44,41,1,5,1,
13,33,346,161,19,24,1,5,1,
13,34,862,81,33,28,1,5,1,
13,35,455,375,154,39,1,5,1,
13,37,628,268,28,13,1,5,1,
13,38,214,192,17,19,1,5,1,
13,39,709,188,62,21,1,5,1,
13,40,223,148,16,11,1,5,1,
13,41,520,309,38,11,1,5,1,
13,42,210,480,99,43,1,5,1,
13,43,782,376,29,14,1,5,1,
14,2,123,169,45,16,1,5,1,
14,3,446,249,116,28,1,5,1,
14,4,0,432,44,36,1,5,1,
14,6,519,232,34,13,1,5,1,
14,7,846,169,80,24,1,5,1,
14,8,802,193,41,19,1,5,1,
14,9,747,0,94,22,1,5,1,
14,10,431,207,37,16,1,5,1,
14,12,214,470,79,40,1,5,1,
14,14,127,393,106,34,1,5,1,
14,15,588,242,137,38,1,5,1,
14,16,149,469,54,27,1,5,1,
14,18,267,201,29,10,1,5,1,
14,19,346,356,50,12,1,5,1,
14,20,322,361,13,10,1,5,1,
14,21,294,288,174,54,1,5,1,
14,22,732,17,103,24,1,5,1,
14,23,585,331,19,9,1,5,1,
14,24,141,366,124,51,1,5,1,
14,25,801,68,49,17,1,5,1,
14,27,69,436,19,24,1,5,1,
14,28,-4,452,108,67,1,5,1,
14,29,855,242,67,28,1,5,1,
14,30,694,458,19,17,1,5,1,
14,31,747,265,73,24,1,5,1,
14,32,58,496,43,43,1,5,1,
14,33,346,161,19,26,1,5,1,
14,34,863,84,32,27,1,5,1,
14,35,467,375,153,38,1,5,1,
14,37,632,268,27,13,1,5,1,
14,38,213,193,18,18,1,5,1,
14,39,720,189,54,20,1,5,1,
14,40,219,150,20,10,1,5,1,
14,41,526,308,37,11,1,5,1,
14,42,201,481,99,48,1,5,1,
14,43,781,374,24,15,1,5,1,
15,2,133,170,38,16,1,5,1,
15,3,455,249,116,28,1,5,1,
15,4,0,435,52,36,1,5,1,
15,6,523,233,33,12,1,5,1,
15,7,835,170,82,26,1,5,1,
15,8,797,193,43,19,1,5,1,
15,9,755,0,96,20,1,5,1,
15,10,435,207,36,16,1,5,1,
15,12,222,473,83,40,1,5,1,
15,14,137,394,108,35,1,5,1,
15,15,604,242,133,38,1,5,1,
15,16,141,472,54,27,1,5,1,
15,18,262,201,31,10,1,5,1,
15,19,353,356,50,12,1,5,1,
15,20,321,361,15,11,1,5,1,
15,21,304,287,193,56,1,5,1,
15,22,741,17,97,24,1,5,1,
15,23,588,330,19,9,1,5,1,
15,24,150,368,131,52,1,5,1,
15,25,800,67,42,17,1,5,1,
15,27,69,438,20,24,1,5,1,
15,28,-16,457,105,65,1,5,1,
15,29,864,242,62,28,1,5,1,
15,30,695,456,15,17,1,5,1,
15,31,756,266,70,23,1,5,1,
15,32,53,500,41,43,1,5,1,
15,33,347,162,19,26,1,5,1,
15,34,865,86,30,27,1,5,1,
15,35,480,375,152,38,1,5,1,
15,37,636,268,26,13,1,5,1,
15,38,211,194,20,18,1,5,1,
15,39,728,189,51,21,1,5,1,
15,40,215,151,24,10,1,5,1,
15,41,532,308,37,11,1,5,1,
15,42,191,482,99,53,1,5,1,
15,43,780,374,19,14,1,5,1,
16,2,142,172,30,15,1,5,1,
16,3,464,249,116,28,1,5,1,
16,4,0,438,62,36,1,5,1,
16,6,527,233,32,12,1,5,1,
16,7,826,171,81,27,1,5,1,
16,8,793,194,45,19,1,5,1,
16,9,764,0,96,18,1,5,1,
16,10,439,208,35,16,1,5,1,
16,12,232,476,86,41,1,5,1,
16,14,147,396,110,35,1,5,1,
16,15,619,242,130,38,1,5,1,
16,16,133,474,55,29,1,5,1,
16,18,256,201,34,9,1,5,1,
16,19,360,356,49,11,1,5,1,
16,20,318,362,18,10,1,5,1,
16,21,318,287,206,55,1,5,1,
16,22,750,17,90,25,1,5,1,
16,23,591,330,18,9,1,5,1,
16,24,158,370,141,53,1,5,1,
16,25,799,64,36,19,1,5,1,
16,27,70,440,20,24,1,5,1,
16,28,-26,463,100,62,1,5,1,
16,29,873,243,58,27,1,5,1,
16,30,695,455,12,16,1,5,1,
16,31,763,266,69,22,1,5,1,
16,32,50,504,38,39,1,5,1,
16,33,349,164,17,24,1,5,1,
16,34,868,88,29,26,1,5,1,
16,35,492,375,151,38,1,5,1,
16,37,639,268,25,13,1,5,1,
16,38,209,195,22,18,1,5,1,
16,39,735,190,49,21,1,5,1,
16,40,210,152,27,9,1,5,1,
16,41,538,308,36,11,1,5,1,
16,42,182,485,97,57,1,5,1,
16,43,780,373,17,14,1,5,1,
17,2,150,173,23,15,1,5,1,
17,3,473,249,116,27,1,5,1,
17,4,0,437,73,40,1,5,1,
17,6,531,233,31,13,1,5,1,
17,7,817,173,80,27,1,5,1,
17,8,790,195,44,18,1,5,1,
17,9,774,0,94,17,1,5,1,
17,10,441,209,39,15,1,5,1,
17,12,241,479,90,41,1,5,1,
17,14,157,397,113,35,1,5,1,
17,15,633,243,128,37,1,5,1,
17,16,125,477,55,30,1,5,1,
17,18,250,201,36,9,1,5,1,
17,19,367,355,48,12,1,5,1,
17,20,314,361,22,12,1,5,1,
17,21,336,286,214,55,1,5,1,
17,22,759,16,82,27,1,5,1,
17,23,594,329,18,9,1,5,1,
17,24,167,372,151,54,1,5,1,
17,25,790,63,44,18,1,5,1,
17,27,71,442,20,24,1,5,1,
17,28,-35,469,93,63,1,5,1,
17,29,880,243,55,27,1,5,1,
17,30,695,454,11,15,1,5,1,
17,31,771,266,68,23,1,5,1,
17,32,47,508,35,36,1,5,1,
17,33,348,165,21,24,1,5,1,
17,34,872,88,26,27,1,5,1,
17,35,504,374,150,39,1,5,1,
17,37,643,268,24,13,1,5,1,
17,38,207,196,23,18,1,5,1,
17,39,741,191,48,20,1,5,1,
17,40,205,152,30,9,1,5,1,
17,41,544,308,35,10,1,5,1,
17,42,176,488,93,55,1,5,1,
17,43,781,372,16,14,1,5,1,
18,2,156,175,17,14,1,5,1,
18,3,482,249,115,28,1,5,1,
18,4,1,439,84,41,1,5,1,
18,6,536,234,29,12,1,5,1,
18,7,809,175,77,27,1,5,1,
18,8,787,196,44,18,1,5,1,
18,9,784,0,91,17,1,5,1,
18,10,444,210,40,14,1,5,1,
18,12,252,482,92,42,1,5,1,
18,14,173,396,107,37,1,5,1,
18,15,648,243,125,37,1,5,1,
18,16,118,480,54,31,1,5,1,
18,18,243,201,39,9,1,5,1,
18,19,374,355,48,11,1,5,1,
18,20,310,361,25,14,1,5,1,
18,21,358,286,218,55,1,5,1,
18,22,768,14,73,31,1,5,1,
18,23,597,329,17,9,1,5,1,
18,24,177,375,160,54,1,5,1,
18,25,781,63,50,16,1,5,1,
18,27,72,444,20,24,1,5,1,
18,28,-42,475,85,64,1,5,1,
18,29,887,243,52,27,1,5,1,
18,30,696,452,11,15,1,5,1,
18,31,778,266,66,23,1,5,1,
18,32,43,513,33,31,1,5,1,
18,33,346,166,27,24,1,5,1,
18,34,876,89,23,27,1,5,1,
18,35,516,374,150,38,1,5,1,
18,37,646,268,23,13,1,5,1,
18,38,203,197,26,17,1,5,1,
18,39,748,192,45,20,1,5,1,
18,40,199,152,33,9,1,5,1,
18,41,549,307,35,11,1,5,1,
18,42,172,491,86,53,1,5,1,
18,43,782,371,16,14,1,5,1,
19,2,160,176,14,13,1,5,1,
19,3,491,249,115,28,1,5,1,
19,4,8,441,89,42,1,5,1,
19,6,539,234,29,12,1,5,1,
19,7,802,177,73,27,1,5,1,
19,8,784,196,44,19,1,5,1,
19,9,795,0,86,16,1,5,1,
19,10,448,210,40,15,1,5,1,
19,12,262,485,96,42,1,5,1,
19,14,184,397,109,38,1,5,1,
19,15,662,243,122,37,1,5,1,
19,16,111,483,52,31,1,5,1,
19,18,237,200,40,9,1,5,1,
19,19,381,354,47,12,1,5,1,
19,20,310,363,21,12,1,5,1,
19,21,380,286,222,56,1,5,1,
19,22,778,12,62,34,1,5,1,
19,23,600,328,17,9,1,5,1,
19,24,188,377,170,56,1,5,1,
19,25,772,62,56,17,1,5,1,
19,27,73,446,21,24,1,5,1,
19,28,-47,482,74,62,1,5,1,
19,29,894,243,49,27,1,5,1,
19,30,697,451,10,14,1,5,1,
19,31,786,266,64,22,1,5,1,
19,32,39,517,32,27,1,5,1,
19,33,348,168,27,23,1,5,1,
19,34,878,90,22,27,1,5,1,
19,35,528,374,149,38,1,5,1,
19,37,649,268,23,13,1,5,1,
19,38,198,198,31,17,1,5,1,
19,39,754,192,43,20,1,5,1,
19,40,193,152,35,9,1,5,1,
19,41,555,307,34,11,1,5,1,
19,42,165,496,82,48,1,5,1,
19,43,783,370,16,14,1,5,1,
20,2,160,178,13,12,1,5,1,
20,3,499,249,116,28,1,5,1,
20,4,15,444,95,42,1,5,1,
20,6,543,234,28,12,1,5,1,
20,7,796,179,68,27,1,5,1,
20,8,781,197,44,18,1,5,1,
20,9,822,0,63,16,1,5,1,
20,10,452,211,39,14,1,5,1,
20,12,278,486,90,48,1,5,1,
20,14,194,399,112,38,1,5,1,
20,15,675,244,120,36,1,5,1,
20,16,104,486,51,32,1,5,1,
20,18,230,200,41,9,1,5,1,
20,19,388,354,46,11,1,5,1,
20,20,310,364,18,11,1,5,1,
20,21,402,286,227,57,1,5,1,
20,22,787,10,51,38,1,5,1,
20,23,603,328,16,8,1,5,1,
20,24,201,380,179,56,1,5,1,
20,25,762,62,62,17,1,5,1,
20,27,74,448,22,24,1,5,1,
20,29,901,244,46,26,1,5,1,
20,30,698,449,10,15,1,5,1,
20,31,793,266,63,22,1,5,1,
20,32,35,522,30,22,1,5,1,
20,33,352,169,23,23,1,5,1,
20,34,879,91,22,27,1,5,1,
20,35,540,374,148,38,1,5,1,
20,37,654,268,18,13,1,5,1,
20,38,192,199,37,17,1,5,1,
20,39,760,193,41,20,1,5,1,
20,40,187,152,37,9,1,5,1,
20,41,561,307,33,10,1,5,1,
20,42,159,500,77,44,1,5,1,
20,43,784,369,16,14,1,5,1,
21,2,159,179,15,11,1,5,1,
21,3,508,249,116,28,1,5,1,
21,4,24,447,99,42,1,5,1,
21,6,546,234,27,12,1,5,1,
21,7,791,182,62,26,1,5,1,
21,8,778,198,44,18,1,5,1,
21,9,837,0,51,17,1,5,1,
21,10,456,211,38,14,1,5,1,
21,12,289,489,93,49,1,5,1,
21,14,204,401,115,38,1,5,1,
21,15,689,244,117,35,1,5,1,
21,16,98,490,49,32,1,5,1,
21,18,224,200,42,9,1,5,1,
21,19,394,353,45,11,1,5,1,
21,20,310,366,15,10,1,5,1,
21,21,425,286,232,58,1,5,1,
21,22,787,15,59,35,1,5,1,
21,23,606,327,15,9,1,5,1,
21,24,214,382,188,57,1,5,1,
21,25,753,63,65,17,1,5,1,
21,27,75,450,23,24,1,5,1,
21,29,907,244,43,26,1,5,1,
21,30,698,448,11,14,1,5,1,
21,31,800,266,61,22,1,5,1,
21,32,32,526,28,18,1,5,1,
21,33,352,170,24,23,1,5,1,
21,34,881,92,22,27,1,5,1,
21,35,553,374,146,38,1,5,1,
21,37,656,268,18,13,1,5,1,
21,38,186,201,42,15,1,5,1,
21,39,766,194,39,19,1,5,1,
21,40,181,152,39,8,1,5,1,
21,41,566,307,33,10,1,5,1,
21,42,153,505,72,39,1,5,1,
21,43,785,369,16,13,1,5,1,
22,2,158,178,17,12,1,5,1,
22,3,517,249,116,28,1,5,1,
22,4,32,450,104,43,1,5,1,
22,6,550,235,26,12,1,5,1,
22,7,787,184,55,25,1,5,1,
22,8,777,199,41,17,1,5,1,
22,9,847,0,43,18,1,5,1,
22,10,460,211,37,15,1,5,1,
22,12,299,493,97,50,1,5,1,
22,14,215,402,118,39,1,5,1,
22,15,702,244,115,35,1,5,1,
22,16,93,493,46,33,1,5,1,
22,18,217,199,43,9,1,5,1,
22,19,400,353,46,11,1,5,1,
22,20,308,366,17,10,1,5,1,
22,21,449,286,237,58,1,5,1,
22,22,786,20,69,32,1,5,1,
22,23,609,327,15,8,1,5,1,
22,24,228,384,198,58,1,5,1,
22,25,743,62,68,21,1,5,1,
22,27,76,452,24,25,1,5,1,
22,29,913,244,41,26,1,5,1,
22,30,699,447,10,14,1,5,1,
22,31,806,266,60,22,1,5,1,
22,33,352,172,25,22,1,5,1,
22,34,880,94,26,26,1,5,1,
22,35,565,373,145,38,1,5,1,
22,37,659,268,17,12,1,5,1,
22,38,180,201,47,15,1,5,1,
22,39,771,194,39,20,1,5,1,
22,40,175,151,40,9,1,5,1,
22,41,571,306,32,11,1,5,1,
22,42,149,510,65,34,1,5,1,
22,43,786,368,15,13,1,5,1,
23,2,156,178,20,12,1,5,1,
23,3,526,249,116,28,1,5,1,
23,4,42,452,109,44,1,5,1,
23,6,553,235,25,12,1,5,1,
23,7,784,187,49,23,1,5,1,
23,8,775,199,38,18,1,5,1,
23,9,854,0,39,19,1,5,1,
23,10,463,212,37,14,1,5,1,
23,12,310,497,101,46,1,5,1,
23,14,225,404,123,39,1,5,1,
23,15,715,244,113,35,1,5,1,
23,16,88,496,43,34,1,5,1,
23,18,211,199,43,9,1,5,1,
23,19,406,353,46,11,1,5,1,
23,20,304,366,21,11,1,5,1,
23,21,473,287,242,58,1,5,1,
23,22,787,25,77,29,1,5,1,
23,23,612,326,14,9,1,5,1,
23,24,244,386,207,59,1,5,1,
23,25,733,61,71,25,1,5,1,
23,27,77,454,26,25,1,5,1,
23,29,918,245,40,25,1,5,1,
23,30,699,445,10,14,1,5,1,
23,31,813,266,59,22,1,5,1,
23,33,353,174,25,22,1,5,1,
23,34,882,96,26,25,1,5,1,
23,35,578,375,143,38,1,5,1,
23,37,661,268,16,12,1,5,1,
23,38,174,201,52,15,1,5,1,
23,39,776,195,37,19,1,5,1,
23,40,168,150,42,9,1,5,1,
23,41,577,306,31,10,1,5,1,
23,42,146,516,58,28,1,5,1,
23,43,786,367,16,13,1,5,1,
24,2,152,178,25,12,1,5,1,
24,3,535,249,116,28,1,5,1,
24,4,52,455,113,43,1,5,1,
24,6,556,235,25,12,1,5,1,
24,7,782,189,41,22,1,5,1,
24,8,773,200,34,17,1,5,1,
24,9,861,0,35,19,1,5,1,
24,10,467,212,37,14,1,5,1,
24,12,321,501,103,42,1,5,1,
24,14,237,406,126,39,1,5,1,
24,15,728,245,110,34,1,5,1,
24,16,85,500,38,34,1,5,1,
24,18,204,198,44,10,1,5,1,
24,19,412,353,47,11,1,5,1,
24,20,300,366,24,12,1,5,1,
24,21,497,287,248,59,1,5,1,
24,22,795,24,68,31,1,5,1,
24,23,614,326,14,8,1,5,1,
24,24,260,388,216,60,1,5,1,
24,25,724,61,71,28,1,5,1,
24,27,79,456,26,25,1,5,1,
24,29,924,245,35,25,1,5,1,
24,30,699,444,11,14,1,5,1,
24,31,819,266,58,22,1,5,1,
24,33,357,174,20,22,1,5,1,
24,34,884,97,25,25,1,5,1,
24,35,593,376,138,37,1,5,1,
24,37,663,268,16,12,1,5,1,
24,38,168,201,56,14,1,5,1,
24,39,782,196,35,19,1,5,1,
24,40,162,149,43,9,1,5,1,
24,41,582,306,30,10,1,5,1,
24,42,145,522,48,22,1,5,1,
24,43,787,366,15,13,1,5,1,
25,2,147,178,29,11,1,5,1,
25,3,544,249,115,28,1,5,1,
25,4,63,458,118,43,1,5,1,
25,6,559,236,24,11,1,5,1,
25,7,781,191,34,21,1,5,1,
25,8,770,201,33,17,1,5,1,
25,9,868,0,30,21,1,5,1,
25,10,471,213,36,14,1,5,1,
25,12,333,505,103,38,1,5,1,
25,14,249,408,129,40,1,5,1,
25,15,741,245,107,34,1,5,1,
25,16,82,503,34,34,1,5,1,
25,18,198,197,44,10,1,5,1,
25,19,418,353,47,12,1,5,1,
25,20,295,367,28,11,1,5,1,
25,21,522,287,254,60,1,5,1,
25,22,804,23,57,34,1,5,1,
25,23,617,325,13,9,1,5,1,
25,24,278,390,224,60,1,5,1,
25,25,716,62,69,31,1,5,1,
25,27,81,458,27,25,1,5,1,
25,29,928,245,31,25,1,5,1,
25,30,700,442,10,14,1,5,1,
25,31,826,266,56,22,1,5,1,
25,33,362,175,15,22,1,5,1,
25,34,887,98,23,25,1,5,1,
25,35,605,376,136,37,1,5,1,
25,37,665,268,16,12,1,5,1,
25,38,162,200,59,15,1,5,1,
25,39,787,197,34,19,1,5,1,
25,40,155,148,44,9,1,5,1,
25,41,587,306,30,10,1,5,1,
25,43,787,365,16,13,1,5,1,
26,2,141,177,34,12,1,5,1,
26,3,553,249,115,28,1,5,1,
26,4,74,461,122,43,1,5,1,
26,6,562,236,23,11,1,5,1,
26,7,781,193,26,20,1,5,1,
26,8,768,201,33,17,1,5,1,
26,9,872,0,26,23,1,5,1,
26,10,474,213,35,14,1,5,1,
26,12,346,509,103,35,1,5,1,
26,14,261,409,132,41,1,5,1,
26,15,753,245,105,34,1,5,1,
26,16,81,507,28,34,1,5,1,
26,18,192,196,44,10,1,5,1,
26,19,424,354,47,11,1,5,1,
26,20,290,367,31,13,1,5,1,
26,21,547,287,261,61,1,5,1,
26,22,813,22,46,36,1,5,1,
26,23,619,325,13,8,1,5,1,
26,24,298,392,230,61,1,5,1,
26,25,708,64,67,33,1,5,1,
26,27,83,460,28,25,1,5,1,
26,29,931,246,29,24,1,5,1,
26,30,700,441,10,14,1,5,1,
26,31,832,266,55,22,1,5,1,
26,33,361,177,15,21,1,5,1,
26,34,890,99,22,25,1,5,1,
26,35,617,375,133,37,1,5,1,
26,37,667,268,15,12,1,5,1,
26,38,155,200,63,15,1,5,1,
26,39,791,197,33,19,1,5,1,
26,40,149,147,45,9,1,5,1,
26,41,592,306,29,10,1,5,1,
26,43,788,365,15,12,1,5,1,
27,2,134,177,39,11,1,5,1,
27,3,562,249,114,28,1,5,1,
27,4,86,463,127,44,1,5,1,
27,6,565,236,23,12,1,5,1,
27,7,780,195,21,19,1,5,1,
27,8,765,202,34,17,1,5,1,
27,9,874,0,26,26,1,5,1,
27,10,478,214,34,13,1,5,1,
27,12,359,514,108,30,1,5,1,
27,14,273,411,136,41,1,5,1,
27,15,765,245,103,34,1,5,1,
27,16,80,511,23,32,1,5,1,
27,18,186,195,43,11,1,5,1,
27,19,430,354,47,11,1,5,1,
27,20,285,368,33,13,1,5,1,
27,21,573,287,268,62,1,5,1,
27,22,822,21,35,39,1,5,1,
27,23,621,324,13,9,1,5,1,
27,24,319,393,236,62,1,5,1,
27,25,701,66,64,35,1,5,1,
27,27,86,462,28,26,1,5,1,
27,29,935,246,25,24,1,5,1,
27,30,699,439,11,14,1,5,1,
27,31,838,266,54,22,1,5,1,
27,33,363,177,15,22,1,5,1,
27,34,891,100,22,25,1,5,1,
27,35,629,375,131,36,1,5,1,
27,37,669,268,15,12,1,5,1,
27,38,149,200,65,15,1,5,1,
27,39,796,198,32,19,1,5,1,
27,40,142,145,46,11,1,5,1,
27,41,597,305,28,10,1,5,1,
27,43,788,364,15,12,1,5,1,
28,2,128,176,42,11,1,5,1,
28,3,572,249,112,28,1,5,1,
28,4,99,466,130,44,1,5,1,
28,6,568,236,22,12,1,5,1,
28,7,779,197,18,18,1,5,1,
28,8,763,203,33,16,1,5,1,
28,9,877,0,25,29,1,5,1,
28,10,481,214,34,14,1,5,1,
28,12,372,518,113,26,1,5,1,
28,14,286,413,140,41,1,5,1,
28,15,777,246,100,33,1,5,1,
28,16,77,514,23,29,1,5,1,
28,18,181,194,42,11,1,5,1,
28,19,436,354,47,12,1,5,1,
28,20,280,369,35,13,1,5,1,
28,21,600,288,275,63,1,5,1,
28,22,830,21,27,42,1,5,1,
28,23,624,324,11,8,1,5,1,
28,24,340,395,242,62,1,5,1,
28,25,695,68,60,37,1,5,1,
28,27,92,462,24,30,1,5,1,
28,29,938,246,22,24,1,5,1,
28,30,699,438,11,13,1,5,1,
28,31,843,266,54,22,1,5,1,
28,33,360,179,20,21,1,5,1,
28,34,892,101,21,25,1,5,1,
28,35,641,375,129,36,1,5,1,
28,37,671,268,15,12,1,5,1,
28,38,143,200,66,15,1,5,1,
28,39,800,199,31,18,1,5,1,
28,40,136,144,45,11,1,5,1,
28,41,601,305,28,10,1,5,1,
28,43,789,363,15,12,1,5,1,
29,2,121,175,45,11,1,5,1,
29,3,581,249,112,28,1,5,1,
29,4,112,468,134,45,1,5,1,
29,6,571,237,21,11,1,5,1,
29,7,780,198,17,17,1,5,1,
29,8,761,203,33,17,1,5,1,
29,9,878,0,26,32,1,5,1,
29,10,486,215,31,13,1,5,1,
29,12,390,520,110,24,1,5,1,
29,14,300,415,142,41,1,5,1,
29,15,788,246,98,33,1,5,1,
29,16,74,517,22,27,1,5,1,
29,18,176,193,40,11,1,5,1,
29,19,443,354,45,12,1,5,1,
29,20,274,370,37,13,1,5,1,
29,21,627,288,284,64,1,5,1,
29,22,832,23,25,42,1,5,1,
29,23,626,323,11,9,1,5,1,
29,24,363,396,247,62,1,5,1,
29,25,690,72,54,37,1,5,1,
29,27,94,463,23,33,1,5,1,
29,29,941,248,19,22,1,5,1,
29,30,699,437,11,13,1,5,1,
29,31,849,267,53,21,1,5,1,
29,33,359,180,25,21,1,5,1,
29,34,892,102,22,25,1,5,1,
29,35,652,374,127,36,1,5,1,
29,37,673,268,15,12,1,5,1,
29,38,137,199,68,15,1,5,1,
29,39,804,199,31,19,1,5,1,
29,40,130,142,45,11,1,5,1,
29,41,606,305,27,10,1,5,1,
29,43,789,362,15,13,1,5,1,
30,2,113,173,49,12,1,5,1,
30,3,590,249,111,28,1,5,1,
30,4,127,471,136,45,1,5,1,
30,6,574,237,20,11,1,5,1,
30,7,782,200,16,16,1,5,1,
30,8,758,204,34,16,1,5,1,
30,9,880,0,25,35,1,5,1,
30,10,489,215,30,13,1,5,1,
30,14,314,416,145,42,1,5,1,
30,15,799,246,97,33,1,5,1,
30,16,71,521,22,23,1,5,1,
30,18,169,192,42,11,1,5,1,
30,19,449,355,45,11,1,5,1,
30,20,268,371,39,14,1,5,1,
30,21,655,288,293,65,1,5,1,
30,22,833,25,25,42,1,5,1,
30,23,628,323,11,8,1,5,1,
30,24,387,397,252,63,1,5,1,
30,25,686,75,48,38,1,5,1,
30,27,94,465,23,35,1,5,1,
30,29,944,249,16,21,1,5,1,
30,30,699,435,11,13,1,5,1,
30,31,858,267,42,21,1,5,1,
30,33,358,181,31,22,1,5,1,
30,34,893,103,22,25,1,5,1,
30,35,664,374,124,35,1,5,1,
30,37,676,268,13,12,1,5,1,
30,38,131,199,68,15,1,5,1,
30,39,808,200,30,18,1,5,1,
30,40,124,141,45,11,1,5,1,
30,41,610,305,27,9,1,5,1,
30,43,789,362,15,12,1,5,1,
31,2,106,172,52,12,1,5,1,
31,3,599,249,110,28,1,5,1,
31,4,141,473,139,46,1,5,1,
31,6,576,237,20,11,1,5,1,
31,7,784,201,16,15,1,5,1,
31,8,756,205,33,15,1,5,1,
31,9,882,0,25,37,1,5,1,
31,10,492,215,30,14,1,5,1,
31,14,328,418,149,42,1,5,1,
31,15,810,246,94,33,1,5,1,
31,16,67,524,23,20,1,5,1,
31,18,162,192,44,10,1,5,1,
31,19,455,355,44,12,1,5,1,
31,20,262,372,41,14,1,5,1,
31,21,683,289,277,66,1,5,1,
31,22,834,28,25,41,1,5,1,
31,23,630,323,10,8,1,5,1,
31,24,412,398,255,64,1,5,1,
31,25,683,79,42,37,1,5,1,
31,27,93,468,23,36,1,5,1,
31,30,698,434,12,13,1,5,1,
31,31,864,267,38,21,1,5,1,
31,33,358,182,35,22,1,5,1,
31,34,894,104,21,25,1,5,1,
31,35,675,373,122,36,1,5,1,
31,37,677,268,13,12,1,5,1,
31,38,125,199,69,15,1,5,1,
31,39,812,201,29,18,1,5,1,
31,40,119,139,43,12,1,5,1,
31,41,615,304,26,10,1,5,1,
31,43,789,361,15,12,1,5,1,
32,2,98,170,55,13,1,5,1,
32,3,608,249,109,28,1,5,1,
32,4,156,476,143,46,1,5,1,
32,6,579,238,19,11,1,5,1,
32,7,785,202,17,15,1,5,1,
32,8,753,205,34,16,1,5,1,
32,9,883,2,25,38,1,5,1,
32,10,495,216,30,13,1,5,1,
32,14,343,420,152,42,1,5,1,
32,15,821,246,92,33,1,5,1,
32,16,64,528,22,16,1,5,1,
32,18,156,191,44,10,1,5,1,
32,19,461,355,44,12,1,5,1,
32,20,257,373,41,14,1,5,1,
32,21,713,289,247,67,1,5,1,
32,22,834,30,25,41,1,5,1,
32,23,632,322,10,8,1,5,1,
32,24,437,400,259,63,1,5,1,
32,25,681,83,36,36,1,5,1,
32,27,92,471,24,37,1,5,1,
32,30,697,433,13,12,1,5,1,
32,31,867,267,39,21,1,5,1,
32,33,359,184,40,21,1,5,1,
32,34,894,104,21,26,1,5,1,
32,35,686,373,120,35,1,5,1,
32,37,679,268,13,12,1,5,1,
32,38,120,198,68,15,1,5,1,
32,39,816,201,28,18,1,5,1,
32,40,114,138,41,12,1,5,1,
32,41,619,304,25,10,1,5,1,
32,43,789,360,15,12,1,5,1,
33,2,90,168,58,14,1,5,1,
33,3,617,249,107,28,1,5,1,
33,4,171,479,146,47,1,5,1,
33,6,581,238,19,11,1,5,1,
33,7,787,202,17,15,1,5,1,
33,8,750,206,35,15,1,5,1,
33,9,885,5,24,37,1,5,1,
33,10,498,216,29,13,1,5,1,
33,14,357,421,156,43,1,5,1,
33,15,832,247,89,32,1,5,1,
33,18,151,190,42,11,1,5,1,
33,19,466,356,45,12,1,5,1,
33,20,251,374,42,14,1,5,1,
33,21,743,289,217,69,1,5,1,
33,22,835,33,25,40,1,5,1,
33,23,634,322,9,8,1,5,1,
33,24,463,401,261,64,1,5,1,
33,25,680,88,29,34,1,5,1,
33,27,91,474,24,38,1,5,1,
33,30,697,431,12,13,1,5,1,
33,31,871,267,38,21,1,5,1,
33,33,361,185,43,21,1,5,1,
33,34,893,104,21,28,1,5,1,
33,35,697,372,118,35,1,5,1,
33,37,681,268,12,12,1,5,1,
33,38,115,198,67,15,1,5,1,
33,39,820,202,27,18,1,5,1,
33,40,110,136,39,12,1,5,1,
33,41,623,304,25,9,1,5,1,
33,43,790,360,14,11,1,5,1,
34,2,82,167,60,13,1,5,1,
34,3,625,249,107,28,1,5,1,
34,4,186,482,151,47,1,5,1,
34,6,583,238,18,11,1,5,1,
34,7,789,203,17,15,1,5,1,
34,8,746,206,39,15,1,5,1,
34,9,886,8,25,37,1,5,1,
34,10,500,217,30,13,1,5,1,
34,14,372,423,160,43,1,5,1,
34,15,841,247,88,32,1,5,1,
34,18,145,189,42,11,1,5,1,
34,19,471,356,46,13,1,5,1,
34,20,245,375,42,15,1,5,1,
34,21,774,290,186,64,1,5,1,
34,22,836,35,24,39,1,5,1,
34,23,635,321,10,8,1,5,1,
34,24,491,405,260,62,1,5,1,
34,25,679,92,24,32,1,5,1,
34,27,90,477,25,39,1,5,1,
34,30,696,430,13,13,1,5,1,
34,31,875,267,38,21,1,5,1,
34,33,363,187,46,20,1,5,1,
34,34,891,105,25,29,1,5,1,
34,35,707,372,117,35,1,5,1,
34,37,682,268,13,12,1,5,1,
34,38,111,197,64,15,1,5,1,
34,39,823,203,27,17,1,5,1,
34,40,107,135,35,12,1,5,1,
34,41,627,304,25,9,1,5,1,
34,43,790,359,14,11,1,5,1,
35,2,74,165,61,14,1,5,1,
35,3,634,250,105,27,1,5,1,
35,4,202,485,154,47,1,5,1,
35,6,586,238,16,11,1,5,1,
35,7,791,204,16,14,1,5,1,
35,8,741,207,44,15,1,5,1,
35,9,887,11,25,36,1,5,1,
35,10,503,217,29,13,1,5,1,
35,14,388,425,163,43,1,5,1,
35,15,852,247,85,32,1,5,1,
35,18,139,188,42,11,1,5,1,
35,19,477,357,47,12,1,5,1,
35,20,240,376,42,15,1,5,1,
35,21,806,295,154,60,1,5,1,
35,22,836,37,24,39,1,5,1,
35,23,637,321,9,8,1,5,1,
35,24,523,405,252,64,1,5,1,
35,25,679,96,18,30,1,5,1,
35,27,90,480,25,40,1,5,1,
35,30,695,429,13,12,1,5,1,
35,31,879,267,37,21,1,5,1,
35,33,366,189,49,19,1,5,1,
35,34,889,106,30,29,1,5,1,
35,35,718,371,114,35,1,5,1,
35,37,683,268,13,11,1,5,1,
35,38,107,197,62,15,1,5,1,
35,39,827,203,26,18,1,5,1,
35,40,104,133,32,12,1,5,1,
35,41,632,303,23,10,1,5,1,
35,43,790,358,14,12,1,5,1,
36,2,66,163,63,14,1,5,1,
36,3,643,250,103,27,1,5,1,
36,4,218,488,159,47,1,5,1,
36,6,588,239,16,10,1,5,1,
36,7,793,204,16,15,1,5,1,
36,8,738,208,45,14,1,5,1,
36,9,888,14,25,36,1,5,1,
36,10,506,218,28,12,1,5,1,
36,13,857,0,20,7,1,5,1,
36,14,405,426,165,44,1,5,1,
36,15,862,247,82,31,1,5,1,
36,18,134,187,41,11,1,5,1,
36,19,483,357,47,13,1,5,1,
36,20,235,378,41,14,1,5,1,
36,21,840,300,120,47,1,5,1,
36,22,836,39,25,39,1,5,1,
36,23,639,320,9,8,1,5,1,
36,24,558,405,237,64,1,5,1,
36,25,679,100,13,28,1,5,1,
36,27,89,484,27,40,1,5,1,
36,30,694,427,14,13,1,5,1,
36,31,883,267,36,20,1,5,1,
36,33,369,190,51,19,1,5,1,
36,34,884,107,37,29,1,5,1,
36,35,729,370,111,35,1,5,1,
36,37,685,268,12,11,1,5,1,
36,38,104,196,58,15,1,5,1,
36,39,830,204,25,17,1,5,1,
36,40,99,131,33,13,1,5,1,
36,41,634,303,26,10,1,5,1,
36,43,789,357,14,12,1,5,1,
37,2,58,162,63,14,1,5,1,
37,3,652,250,102,27,1,5,1,
37,4,235,491,163,47,1,5,1,
37,6,590,239,15,10,1,5,1,
37,7,795,205,15,14,1,5,1,
37,8,734,208,45,14,1,5,1,
37,9,890,17,24,35,1,5,1,
37,10,510,218,26,13,1,5,1,
37,13,860,0,20,8,1,5,1,
37,14,422,427,168,44,1,5,1,
37,15,873,248,77,30,1,5,1,
37,18,128,186,41,11,1,5,1,
37,19,489,358,48,12,1,5,1,
37,20,230,379,40,15,1,5,1,
37,22,837,42,24,38,1,5,1,
37,23,640,320,9,8,1,5,1,
37,24,596,403,215,66,1,5,1,
37,25,679,104,13,26,1,5,1,
37,27,90,487,26,41,1,5,1,
37,30,692,426,15,12,1,5,1,
37,31,886,267,36,20,1,5,1,
37,33,373,192,52,18,1,5,1,
37,34,878,109,45,29,1,5,1,
37,35,740,370,108,34,1,5,1,
37,37,686,268,13,11,1,5,1,
37,38,102,195,53,16,1,5,1,
37,39,834,205,24,16,1,5,1,
37,40,95,130,32,12,1,5,1,
37,41,637,303,28,9,1,5,1,
37,43,789,357,14,11,1,5,1,
38,2,51,160,63,14,1,5,1,
38,3,660,250,101,27,1,5,1,
38,4,253,494,166,47,1,5,1,
38,6,592,239,15,10,1,5,1,
38,7,797,205,15,14,1,5,1,
38,8,731,209,45,14,1,5,1,
38,9,891,20,23,34,1,5,1,
38,10,512,218,26,13,1,5,1,
38,13,861,0,21,10,1,5,1,
38,14,439,429,171,44,1,5,1,
38,15,883,248,74,30,1,5,1,
38,18,123,184,40,12,1,5,1,
38,19,495,358,48,13,1,5,1,
38,20,225,380,39,15,1,5,1,
38,22,837,44,24,38,1,5,1,
38,23,642,320,8,7,1,5,1,
38,24,628,402,200,64,1,5,1,
38,25,680,107,13,24,1,5,1,
38,27,90,491,27,41,1,5,1,
38,30,691,425,15,12,1,5,1,
38,31,890,267,34,20,1,5,1,
38,33,378,194,53,17,1,5,1,
38,34,874,111,46,28,1,5,1,
38,35,750,369,105,35,1,5,1,
38,37,688,268,12,11,1,5,1,
38,38,100,194,49,16,1,5,1,
38,39,837,205,24,17,1,5,1,
38,40,91,128,32,13,1,5,1,
38,41,641,303,28,9,1,5,1,
38,43,789,356,14,11,1,5,1,
39,2,43,159,64,14,1,5,1,
39,3,669,250,99,27,1,5,1,
39,4,271,496,170,46,1,5,1,
39,6,594,239,15,11,1,5,1,
39,7,798,206,15,14,1,5,1,
39,8,728,209,45,14,1,5,1,
39,9,892,23,23,34,1,5,1,
39,10,515,219,25,13,1,5,1,
39,13,863,0,21,11,1,5,1,
39,14,457,430,173,44,1,5,1,
39,15,892,248,67,30,1,5,1,
39,18,118,183,39,12,1,5,1,
39,19,501,359,49,13,1,5,1,
39,20,221,381,37,15,1,5,1,
39,22,837,46,24,38,1,5,1,
39,23,643,319,8,8,1,5,1,
39,24,655,400,192,63,1,5,1,
39,25,679,110,15,22,1,5,1,
39,27,91,495,27,41,1,5,1,
39,30,689,424,16,11,1,5,1,
39,31,894,267,33,20,1,5,1,
39,33,382,196,54,16,1,5,1,
39,34,871,112,45,28,1,5,1,
39,35,760,369,103,34,1,5,1,
39,37,689,268,12,11,1,5,1,
39,38,96,193,48,16,1,5,1,
39,39,840,206,23,16,1,5,1,
39,40,87,126,32,13,1,5,1,
39,41,646,303,27,9,1,5,1,
39,43,789,355,13,12,1,5,1,
40,2,37,157,62,14,1,5,1,
40,3,678,250,97,27,1,5,1,
40,4,291,499,172,44,1,5,1,
40,6,596,240,14,10,1,5,1,
40,7,800,206,15,14,1,5,1,
40,8,725,210,44,14,1,5,1,
40,9,893,26,23,33,1,5,1,
40,10,517,219,25,13,1,5,1,
40,13,865,0,18,12,1,5,1,
40,14,476,431,175,45,1,5,1,
40,15,903,248,57,30,1,5,1,
40,18,112,182,39,12,1,5,1,
40,19,507,359,50,13,1,5,1,
40,20,218,383,33,15,1,5,1,
40,22,838,48,23,37,1,5,1,
40,23,645,319,8,7,1,5,1,
40,24,682,398,183,61,1,5,1,
40,25,678,113,19,20,1,5,1,
40,27,92,498,28,42,1,5,1,
40,30,688,422,16,12,1,5,1,
40,31,897,267,33,20,1,5,1,
40,33,387,198,54,15,1,5,1,
40,34,867,114,46,28,1,5,1,
40,35,770,368,100,34,1,5,1,
40,37,691,268,12,11,1,5,1,
40,38,92,192,48,16,1,5,1,
40,39,844,207,22,16,1,5,1,
40,40,82,124,32,14,1,5,1,
40,41,650,302,27,10,1,5,1,
40,43,789,355,13,11,1,5,1,
41,2,30,156,61,14,1,5,1,
41,3,686,250,95,26,1,5,1,
41,4,310,501,176,42,1,5,1,
41,6,597,240,15,10,1,5,1,
41,7,801,207,15,14,1,5,1,
41,8,722,210,44,14,1,5,1,
41,9,894,28,23,33,1,5,1,
41,10,520,219,24,13,1,5,1,
41,13,866,0,17,15,1,5,1,
41,14,494,432,177,45,1,5,1,
41,15,911,249,49,29,1,5,1,
41,18,107,181,39,12,1,5,1,
41,19,513,360,51,13,1,5,1,
41,20,215,384,31,15,1,5,1,
41,22,838,51,23,36,1,5,1,
41,23,646,318,8,8,1,5,1,
41,24,704,396,179,59,1,5,1,
41,25,679,115,23,19,1,5,1,
41,27,94,502,28,41,1,5,1,
41,30,686,421,17,12,1,5,1,
41,31,901,267,31,20,1,5,1,
41,33,392,200,54,12,1,5,1,
41,34,863,116,47,27,1,5,1,
41,35,781,368,96,33,1,5,1,
41,37,692,269,12,10,1,5,1,
41,38,88,192,48,15,1,5,1,
41,39,848,207,20,17,1,5,1,
41,40,78,122,32,14,1,5,1,
41,41,655,302,26,9,1,5,1,
41,43,788,354,14,11,1,5,1,
42,2,25,155,58,14,1,5,1,
42,3,695,250,93,26,1,5,1,
42,4,330,504,179,39,1,5,1,
42,6,599,240,14,10,1,5,1,
42,7,803,207,15,14,1,5,1,
42,8,719,211,43,13,1,5,1,
42,9,894,31,23,32,1,5,1,
42,10,522,220,24,13,1,5,1,
42,13,866,0,16,18,1,5,1,
42,14,513,433,179,45,1,5,1,
42,15,919,249,41,29,1,5,1,
42,18,101,179,40,13,1,5,1,
42,19,520,361,51,12,1,5,1,
42,20,212,385,29,15,1,5,1,
42,22,838,53,23,36,1,5,1,
42,23,647,318,8,8,1,5,1,
42,24,727,394,173,58,1,5,1,
42,25,680,117,27,17,1,5,1,
42,27,95,506,29,37,1,5,1,
42,30,685,420,17,11,1,5,1,
42,31,904,267,30,20,1,5,1,
42,33,397,199,53,12,1,5,1,
42,34,860,117,46,27,1,5,1,
42,35,792,367,90,33,1,5,1,
42,37,693,269,12,10,1,5,1,
42,38,84,191,48,16,1,5,1,
42,39,851,208,20,17,1,5,1,
42,40,74,121,32,14,1,5,1,
42,41,659,302,26,9,1,5,1,
42,43,788,353,13,11,1,5,1,
43,2,20,154,56,13,1,5,1,
43,3,703,250,91,26,1,5,1,
43,4,350,506,182,37,1,5,1,
43,6,601,240,14,10,1,5,1,
43,7,804,208,15,13,1,5,1,
43,9,895,33,23,32,1,5,1,
43,10,525,220,23,13,1,5,1,
43,13,865,0,16,21,1,5,1,
43,14,533,434,179,45,1,5,1,
43,15,927,250,33,28,1,5,1,
43,18,96,178,39,13,1,5,1,
43,19,526,361,52,13,1,5,1,
43,20,208,386,29,16,1,5,1,
43,22,838,55,22,35,1,5,1,
43,23,648,318,8,7,1,5,1,
43,24,738,394,193,58,1,5,1,
43,25,682,118,30,17,1,5,1,
43,27,97,510,29,34,1,5,1,
43,30,683,419,18,11,1,5,1,
43,31,908,268,29,19,1,5,1,
43,33,403,198,52,13,1,5,1,
43,34,857,119,43,27,1,5,1,
43,35,801,367,87,32,1,5,1,
43,37,695,269,12,10,1,5,1,
43,38,79,190,49,16,1,5,1,
43,39,853,209,19,17,1,5,1,
43,40,69,119,32,14,1,5,1,
43,41,663,302,26,9,1,5,1,
43,43,787,353,14,10,1,5,1,
44,2,14,152,55,14,1,5,1,
44,3,711,250,89,26,1,5,1,
44,4,371,508,185,35,1,5,1,
44,6,603,241,13,10,1,5,1,
44,7,805,209,15,13,1,5,1,
44,9,896,36,22,32,1,5,1,
44,10,527,221,23,12,1,5,1,
44,13,864,0,15,24,1,5,1,
44,14,554,437,178,44,1,5,1,
44,15,934,253,26,25,1,5,1,
44,18,90,177,40,13,1,5,1,
44,19,533,361,52,13,1,5,1,
44,20,204,387,29,16,1,5,1,
44,22,838,57,22,35,1,5,1,
44,23,650,317,7,8,1,5,1,
44,24,749,394,210,60,1,5,1,
44,25,684,120,34,16,1,5,1,
44,27,98,513,31,31,1,5,1,
44,31,911,268,28,18,1,5,1,
44,33,408,197,51,13,1,5,1,
44,34,854,121,40,26,1,5,1,
44,35,810,366,85,32,1,5,1,
44,37,696,269,12,10,1,5,1,
44,38,75,188,49,17,1,5,1,
44,39,854,210,19,16,1,5,1,
44,40,65,117,32,14,1,5,1,
44,41,667,302,25,9,1,5,1,
44,43,787,352,13,11,1,5,1,
45,2,7,151,56,14,1,5,1,
45,3,719,250,87,26,1,5,1,
45,4,392,510,188,33,1,5,1,
45,6,604,241,14,10,1,5,1,
45,7,807,209,15,13,1,5,1,
45,9,896,38,23,32,1,5,1,
45,10,530,221,21,12,1,5,1,
45,13,861,0,18,27,1,5,1,
45,14,575,439,175,44,1,5,1,
45,18,84,175,41,14,1,5,1,
45,19,539,362,53,13,1,5,1,
45,20,200,388,30,17,1,5,1,
45,22,838,59,22,35,1,5,1,
45,23,651,317,7,7,1,5,1,
45,24,768,395,192,61,1,5,1,
45,25,686,122,38,15,1,5,1,
45,27,100,517,32,27,1,5,1,
45,31,913,268,28,18,1,5,1,
45,33,413,196,50,13,1,5,1,
45,34,851,123,38,25,1,5,1,
45,35,818,365,83,32,1,5,1,
45,37,697,269,12,10,1,5,1,
45,38,70,187,50,17,1,5,1,
45,39,855,211,19,16,1,5,1,
45,40,60,115,33,15,1,5,1,
45,41,671,302,25,9,1,5,1,
45,43,786,351,13,11,1,5,1,
46,2,0,149,57,14,1,5,1,
46,3,726,250,86,26,1,5,1,
46,4,414,512,191,31,1,5,1,
46,6,606,241,12,10,1,5,1,
46,7,808,210,15,13,1,5,1,
46,9,897,41,22,31,1,5,1,
46,10,532,221,21,12,1,5,1,
46,13,859,0,20,29,1,5,1,
46,14,599,439,168,44,1,5,1,
46,18,78,174,41,13,1,5,1,
46,19,546,362,54,13,1,5,1,
46,20,197,389,29,17,1,5,1,
46,22,838,61,21,35,1,5,1,
46,23,652,317,7,7,1,5,1,
46,24,793,395,167,61,1,5,1,
46,25,690,123,38,15,1,5,1,
46,27,101,521,34,23,1,5,1,
46,31,916,268,28,18,1,5,1,
46,33,418,195,49,13,1,5,1,
46,34,848,125,38,25,1,5,1,
46,35,827,365,79,32,1,5,1,
46,37,698,269,12,10,1,5,1,
46,38,65,186,52,17,1,5,1,
46,39,856,211,20,16,1,5,1,
46,40,55,113,34,15,1,5,1,
46,41,675,301,24,9,1,5,1,
46,43,786,351,13,10,1,5,1,
47,2,0,147,51,15,1,5,1,
47,3,733,250,85,26,1,5,1,
47,4,436,513,193,30,1,5,1,
47,6,608,241,11,10,1,5,1,
47,7,809,210,15,13,1,5,1,
47,9,897,43,22,31,1,5,1,
47,10,534,222,20,12,1,5,1,
47,13,857,0,21,32,1,5,1,
47,14,620,439,164,43,1,5,1,
47,18,72,172,42,14,1,5,1,
47,19,553,363,54,13,1,5,1,
47,20,193,391,29,17,1,5,1,
47,22,838,63,21,34,1,5,1,
47,23,652,316,8,7,1,5,1,
47,24,819,395,141,47,1,5,1,
47,25,694,124,37,14,1,5,1,
47,27,103,525,28,19,1,5,1,
47,31,919,268,27,18,1,5,1,
47,33,422,194,48,13,1,5,1,
47,34,845,127,37,24,1,5,1,
47,35,834,364,78,32,1,5,1,
47,37,699,269,12,10,1,5,1,
47,38,60,185,53,17,1,5,1,
47,39,858,212,19,15,1,5,1,
47,40,50,110,35,16,1,5,1,
47,41,679,301,24,9,1,5,1,
47,43,785,350,14,11,1,5,1,
48,2,-7,145,52,15,1,5,1,
48,3,741,251,83,25,1,5,1,
48,4,460,515,194,28,1,5,1,
48,6,610,242,11,9,1,5,1,
48,7,810,211,14,12,1,5,1,
48,9,897,46,22,30,1,5,1,
48,10,537,222,19,12,1,5,1,
48,13,855,2,21,32,1,5,1,
48,14,642,438,160,43,1,5,1,
48,18,66,171,42,14,1,5,1,
48,19,560,363,55,13,1,5,1,
48,20,189,392,29,17,1,5,1,
48,22,837,65,22,34,1,5,1,
48,23,653,316,8,7,1,5,1,
48,24,847,414,113,27,1,5,1,
48,25,699,124,36,15,1,5,1,
48,31,921,268,27,18,1,5,1,
48,33,426,193,48,14,1,5,1,
48,34,842,128,37,24,1,5,1,
48,35,843,363,75,31,1,5,1,
48,37,700,269,12,10,1,5,1,
48,38,55,184,54,17,1,5,1,
48,39,860,212,18,16,1,5,1,
48,40,45,108,36,16,1,5,1,
48,41,683,301,23,9,1,5,1,
48,43,785,350,13,10,1,5,1,
49,2,-14,144,53,15,1,5,1,
49,3,748,251,81,25,1,5,1,
49,4,484,515,194,28,1,5,1,
49,6,611,242,11,9,1,5,1,
49,7,811,211,14,13,1,5,1,
49,9,897,48,22,30,1,5,1,
49,10,539,223,18,11,1,5,1,
49,13,853,5,21,32,1,5,1,
49,14,661,437,158,43,1,5,1,
49,18,59,169,44,14,1,5,1,
49,19,567,364,55,13,1,5,1,
49,20,185,393,30,18,1,5,1,
49,22,837,67,21,33,1,5,1,
49,23,654,316,7,7,1,5,1,
49,24,871,419,89,23,1,5,1,
49,25,703,125,36,14,1,5,1,
49,31,924,268,26,18,1,5,1,
49,33,429,193,49,13,1,5,1,
49,34,839,130,37,23,1,5,1,
49,35,849,362,74,31,1,5,1,
49,37,701,269,12,10,1,5,1,
49,38,50,183,55,18,1,5,1,
49,39,861,213,19,15,1,5,1,
49,40,40,106,36,16,1,5,1,
49,41,687,301,22,9,1,5,1,
49,43,784,349,14,10,1,5,1,
50,2,-21,143,53,14,1,5,1,
50,3,755,251,80,25,1,5,1,
50,4,508,515,194,28,1,5,1,
50,6,612,242,11,10,1,5,1,
50,7,811,212,15,12,1,5,1,
50,9,897,50,22,30,1,5,1,
50,10,542,223,16,11,1,5,1,
50,13,851,8,21,31,1,5,1,
50,14,680,436,156,43,1,5,1,
50,18,53,167,44,15,1,5,1,
50,19,574,364,56,13,1,5,1,
50,20,181,394,30,19,1,5,1,
50,22,837,69,21,33,1,5,1,
50,23,655,315,7,7,1,5,1,
50,25,707,125,35,15,1,5,1,
50,31,926,268,25,18,1,5,1,
50,33,432,192,51,14,1,5,1,
50,34,835,131,38,23,1,5,1,
50,35,857,362,71,30,1,5,1,
50,37,702,269,11,10,1,5,1,
50,38,45,182,56,18,1,5,1,
50,39,862,213,19,16,1,5,1,
50,40,35,104,37,16,1,5,1,
50,41,690,301,22,8,1,5,1,
50,43,783,348,16,11,1,5,1,
51,2,-28,142,54,13,1,5,1,
51,3,762,251,78,25,1,5,1,
51,4,533,515,194,28,1,5,1,
51,6,613,242,11,10,1,5,1,
51,7,812,212,15,13,1,5,1,
51,9,898,53,21,29,1,5,1,
51,10,544,223,14,12,1,5,1,
51,13,849,10,21,31,1,5,1,
51,14,699,435,153,43,1,5,1,
51,18,46,166,46,15,1,5,1,
51,19,581,364,56,13,1,5,1,
51,20,176,396,31,19,1,5,1,
51,22,837,71,20,32,1,5,1,
51,23,655,315,8,7,1,5,1,
51,25,711,126,34,15,1,5,1,
51,31,928,268,25,18,1,5,1,
51,33,435,192,52,14,1,5,1,
51,34,832,132,38,23,1,5,1,
51,35,864,361,69,30,1,5,1,
51,37,702,269,12,9,1,5,1,
51,38,39,180,57,19,1,5,1,
51,39,864,214,18,15,1,5,1,
51,40,30,101,38,18,1,5,1,
51,41,694,301,21,8,1,5,1,
51,43,782,348,17,10,1,5,1,
52,2,-35,140,55,14,1,5,1,
52,3,768,251,77,25,1,5,1,
52,4,558,514,192,29,1,5,1,
52,6,614,242,11,10,1,5,1,
52,7,813,213,14,12,1,5,1,
52,9,898,55,20,29,1,5,1,
52,10,546,224,13,11,1,5,1,
52,13,847,13,21,30,1,5,1,
52,14,718,435,150,42,1,5,1,
52,18,40,164,46,15,1,5,1,
52,19,588,365,57,13,1,5,1,
52,20,172,397,32,19,1,5,1,
52,22,836,73,21,32,1,5,1,
52,23,656,315,7,6,1,5,1,
52,25,715,127,33,14,1,5,1,
52,31,931,268,24,18,1,5,1,
52,33,439,192,53,14,1,5,1,
52,34,829,134,38,22,1,5,1,
52,35,871,359,66,31,1,5,1,
52,37,703,269,12,9,1,5,1,
52,38,34,179,58,19,1,5,1,
52,39,865,215,18,14,1,5,1,
52,40,24,99,39,17,1,5,1,
52,41,697,300,21,9,1,5,1,
52,43,780,348,20,9,1,5,1,
53,3,775,251,75,25,1,5,1,
53,4,582,514,193,29,1,5,1,
53,6,615,243,11,9,1,5,1,
53,7,814,213,14,12,1,5,1,
53,9,898,57,20,29,1,5,1,
53,10,548,224,12,11,1,5,1,
53,13,845,16,21,30,1,5,1,
53,14,735,434,151,42,1,5,1,
53,18,33,162,47,16,1,5,1,
53,19,596,365,57,13,1,5,1,
53,20,168,399,32,19,1,5,1,
53,22,836,75,20,31,1,5,1,
53,23,657,314,7,7,1,5,1,
53,25,719,127,33,15,1,5,1,
53,31,932,268,24,18,1,5,1,
53,33,442,192,54,14,1,5,1,
53,34,826,135,38,22,1,5,1,
53,35,877,358,65,31,1,5,1,
53,37,704,269,11,9,1,5,1,
53,38,29,178,59,19,1,5,1,
53,39,866,215,18,15,1,5,1,
53,40,19,96,39,18,1,5,1,
53,41,701,300,19,9,1,5,1,
53,43,778,347,22,10,1,5,1,
54,3,782,251,73,25,1,5,1,
54,4,608,513,187,30,1,5,1,
54,6,616,243,10,9,1,5,1,
54,7,814,214,15,12,1,5,1,
54,9,897,60,21,28,1,5,1,
54,10,549,224,11,12,1,5,1,
54,13,843,19,21,29,1,5,1,
54,14,754,433,148,42,1,5,1,
54,18,27,160,46,16,1,5,1,
54,19,603,366,57,13,1,5,1,
54,20,164,400,32,20,1,5,1,
54,22,835,77,20,31,1,5,1,
54,23,657,314,7,7,1,5,1,
54,25,723,128,32,15,1,5,1,
54,31,934,268,24,17,1,5,1,
54,33,446,192,54,14,1,5,1,
54,34,823,136,38,22,1,5,1,
54,35,883,358,64,30,1,5,1,
54,37,705,269,11,9,1,5,1,
54,38,24,176,59,20,1,5,1,
54,39,867,216,18,14,1,5,1,
54,40,14,94,39,18,1,5,1,
54,41,704,300,19,8,1,5,1,
54,43,776,347,23,9,1,5,1,
55,3,788,251,72,25,1,5,1,
55,4,631,513,189,30,1,5,1,
55,6,617,243,10,9,1,5,1,
55,7,815,214,14,12,1,5,1,
55,9,897,62,21,27,1,5,1,
55,10,550,225,11,11,1,5,1,
55,13,841,21,21,29,1,5,1,
55,14,772,432,146,42,1,5,1,
55,18,21,158,46,16,1,5,1,
55,19,610,367,58,13,1,5,1,
55,20,160,402,32,20,1,5,1,
55,22,835,78,20,31,1,5,1,
55,23,658,314,7,6,1,5,1,
55,25,727,129,30,14,1,5,1,
55,31,935,268,24,17,1,5,1,
55,33,450,191,55,15,1,5,1,
55,34,820,138,38,21,1,5,1,
55,35,889,357,63,30,1,5,1,
55,37,705,269,12,9,1,5,1,
55,38,19,175,59,20,1,5,1,
55,39,868,216,18,15,1,5,1,
55,40,9,91,39,19,1,5,1,
55,41,707,300,18,8,1,5,1,
55,43,774,346,23,9,1,5,1,
56,3,795,251,70,25,1,5,1,
56,4,655,513,188,30,1,5,1,
56,6,618,243,10,9,1,5,1,
56,7,816,215,14,11,1,5,1,
56,9,897,64,20,27,1,5,1,
56,10,550,225,12,11,1,5,1,
56,13,838,24,22,28,1,5,1,
56,14,789,431,145,42,1,5,1,
56,18,15,156,46,17,1,5,1,
56,19,617,368,59,14,1,5,1,
56,20,155,403,33,21,1,5,1,
56,22,834,80,20,31,1,5,1,
56,23,658,313,7,7,1,5,1,
56,25,730,129,30,15,1,5,1,
56,29,945,255,14,16,1,5,1,
56,31,937,268,22,17,1,5,1,
56,33,454,191,55,15,1,5,1,
56,34,817,139,38,21,1,5,1,
56,35,896,356,60,30,1,5,1,
56,37,706,269,11,9,1,5,1,
56,38,14,174,60,20,1,5,1,
56,39,869,217,18,14,1,5,1,
56,40,4,88,39,20,1,5,1,
56,41,710,300,17,8,1,5,1,
56,43,773,345,22,10,1,5,1,
57,3,801,252,69,24,1,5,1,
57,4,681,512,184,31,1,5,1,
57,6,618,244,10,9,1,5,1,
57,7,816,215,14,12,1,5,1,
57,9,897,66,20,27,1,5,1,
57,10,551,225,11,11,1,5,1,
57,13,836,26,22,28,1,5,1,
57,14,808,431,142,41,1,5,1,
57,18,8,154,46,17,1,5,1,
57,19,624,369,60,13,1,5,1,
57,20,151,405,33,21,1,5,1,
57,22,834,82,19,30,1,5,1,
57,23,658,313,7,6,1,5,1,
57,25,735,130,25,15,1,5,1,
57,29,942,254,17,18,1,5,1,
57,31,938,268,21,17,1,5,1,
57,33,458,191,56,15,1,5,1,
57,34,814,140,37,21,1,5,1,
57,35,902,356,57,29,1,5,1,
57,37,706,269,11,9,1,5,1,
57,38,9,172,60,21,1,5,1,
57,39,870,217,18,14,1,5,1,
57,40,0,86,38,19,1,5,1,
57,41,713,299,17,9,1,5,1,
57,43,771,344,21,10,1,5,1,
58,3,807,252,67,24,1,5,1,
58,4,706,512,181,31,1,5,1,
58,6,619,244,10,9,1,5,1,
58,7,816,216,14,11,1,5,1,
58,9,896,68,20,27,1,5,1,
58,10,551,226,11,11,1,5,1,
58,13,834,29,22,27,1,5,1,
58,14,826,430,133,40,1,5,1,
58,18,2,152,46,17,1,5,1,
58,19,632,370,61,13,1,5,1,
58,20,147,406,33,22,1,5,1,
58,22,833,84,19,30,1,5,1,
58,23,658,313,7,6,1,5,1,
58,25,739,130,21,16,1,5,1,
58,29,939,255,20,17,1,5,1,
58,31,939,268,20,17,1,5,1,
58,33,462,191,56,15,1,5,1,
58,34,811,142,37,20,1,5,1,
58,35,908,355,52,29,1,5,1,
58,37,706,269,11,9,1,5,1,
58,38,3,171,61,20,1,5,1,
58,39,871,218,18,14,1,5,1,
58,40,-2,83,35,20,1,5,1,
58,41,716,299,16,8,1,5,1,
58,43,770,344,20,9,1,5,1,
59,3,813,252,65,24,1,5,1,
59,4,730,511,178,32,1,5,1,
59,6,619,244,10,9,1,5,1,
59,7,817,216,13,12,1,5,1,
59,9,896,70,19,27,1,5,1,
59,10,551,226,11,11,1,5,1,
59,13,831,31,23,27,1,5,1,
59,14,844,429,116,40,1,5,1,
59,18,0,150,42,17,1,5,1,
59,19,639,371,62,13,1,5,1,
59,20,142,408,34,22,1,5,1,
59,22,832,85,19,30,1,5,1,
59,23,659,312,7,7,1,5,1,
59,25,742,131,18,17,1,5,1,
59,29,936,255,23,18,1,5,1,
59,31,940,268,19,17,1,5,1,
59,33,466,191,56,15,1,5,1,
59,34,808,143,37,20,1,5,1,
59,35,914,354,46,29,1,5,1,
59,37,706,269,12,9,1,5,1,
59,38,0,170,60,20,1,5,1,
59,39,872,218,17,14,1,5,1,
59,40,-8,80,36,20,1,5,1,
59,41,719,299,15,8,1,5,1,
59,43,768,343,20,10,1,5,1,
60,3,819,252,63,24,1,5,1,
60,4,755,510,173,33,1,5,1,
60,6,620,244,10,9,1,5,1,
60,7,817,217,13,11,1,5,1,
60,9,895,72,19,26,1,5,1,
60,10,551,226,11,11,1,5,1,
60,13,829,34,23,27,1,5,1,
60,14,862,428,98,40,1,5,1,
60,18,-6,148,42,17,1,5,1,
60,19,647,371,63,13,1,5,1,
60,20,138,410,33,22,1,5,1,
60,22,831,87,19,30,1,5,1,
60,23,659,312,7,6,1,5,1,
60,25,744,133,17,16,1,5,1,
60,29,934,255,25,18,1,5,1,
60,31,941,268,18,17,1,5,1,
60,33,470,191,57,15,1,5,1,
60,34,805,144,37,20,1,5,1,
60,35,920,353,40,29,1,5,1,
60,37,707,269,11,9,1,5,1,
60,38,0,168,55,21,1,5,1,
60,39,872,219,18,13,1,5,1,
60,40,-13,78,36,20,1,5,1,
60,41,721,299,15,8,1,5,1,
60,43,766,343,20,9,1,5,1,
61,3,825,252,61,24,1,5,1,
61,4,780,509,167,34,1,5,1,
61,6,620,244,10,9,1,5,1,
61,7,817,217,14,11,1,5,1,
61,9,895,75,19,25,1,5,1,
61,10,551,227,11,11,1,5,1,
61,13,827,36,22,26,1,5,1,
61,14,879,427,81,33,1,5,1,
61,18,-13,146,43,17,1,5,1,
61,19,655,372,63,13,1,5,1,
61,20,133,412,34,23,1,5,1,
61,22,830,89,19,29,1,5,1,
61,23,659,312,7,6,1,5,1,
61,25,746,134,16,16,1,5,1,
61,29,932,256,27,17,1,5,1,
61,31,942,268,17,17,1,5,1,
61,33,475,191,56,15,1,5,1,
61,34,801,145,38,20,1,5,1,
61,35,925,354,35,25,1,5,1,
61,37,707,269,11,9,1,5,1,
61,38,-5,167,56,21,1,5,1,
61,39,873,219,17,14,1,5,1,
61,40,-19,75,37,20,1,5,1,
61,41,724,299,13,8,1,5,1,
61,43,764,342,21,9,1,5,1,
62,3,835,252,48,24,1,5,1,
62,4,804,507,155,36,1,5,1,
62,6,620,245,10,8,1,5,1,
62,7,817,217,14,12,1,5,1,
62,9,894,77,19,25,1,5,1,
62,13,824,38,23,26,1,5,1,
62,14,896,426,64,33,1,5,1,
62,18,-20,145,44,16,1,5,1,
62,19,664,372,63,14,1,5,1,
62,20,129,413,34,24,1,5,1,
62,22,830,91,18,28,1,5,1,
62,23,659,311,7,7,1,5,1,
62,25,748,135,15,15,1,5,1,
62,29,930,256,29,17,1,5,1,
62,31,943,268,16,17,1,5,1,
62,33,479,191,56,15,1,5,1,
62,34,798,146,38,20,1,5,1,
62,35,931,355,29,23,1,5,1,
62,37,707,269,11,9,1,5,1,
62,38,-11,165,58,22,1,5,1,
62,39,874,220,17,13,1,5,1,
62,40,-25,72,38,21,1,5,1,
62,41,726,298,13,8,1,5,1,
63,3,845,252,36,24,1,5,1,
63,4,826,505,134,38,1,5,1,
63,6,620,245,10,8,1,5,1,
63,7,817,218,14,11,1,5,1,
63,9,894,78,18,25,1,5,1,
63,13,822,40,23,26,1,5,1,
63,14,911,438,49,20,1,5,1,
63,18,-27,143,45,16,1,5,1,
63,19,672,373,64,13,1,5,1,
63,20,124,415,35,24,1,5,1,
63,22,829,92,18,29,1,5,1,
63,23,659,311,6,6,1,5,1,
63,25,749,136,15,15,1,5,1,
63,29,928,256,31,17,1,5,1,
63,31,944,268,15,16,1,5,1,
63,33,483,191,56,15,1,5,1,
63,34,795,147,38,20,1,5,1,
63,35,936,356,24,21,1,5,1,
63,37,707,269,11,9,1,5,1,
63,38,-17,163,59,23,1,5,1,
63,39,874,220,17,13,1,5,1,
63,41,728,298,13,8,1,5,1,
64,3,848,253,33,23,1,5,1,
64,4,848,504,112,39,1,5,1,
64,6,620,245,10,8,1,5,1,
64,7,818,218,13,11,1,5,1,
64,9,893,80,18,25,1,5,1,
64,13,820,42,24,25,1,5,1,
64,19,680,373,64,14,1,5,1,
64,20,119,417,36,25,1,5,1,
64,22,828,94,18,28,1,5,1,
64,23,658,311,7,6,1,5,1,
64,25,751,137,14,15,1,5,1,
64,29,925,256,32,17,1,5,1,
64,31,944,268,15,16,1,5,1,
64,33,488,191,54,15,1,5,1,
64,34,792,148,38,19,1,5,1,
64,35,941,355,19,21,1,5,1,
64,37,707,269,11,9,1,5,1,
64,38,-23,162,61,22,1,5,1,
64,39,874,221,17,13,1,5,1,
64,41,730,298,13,8,1,5,1,
65,3,847,253,33,24,1,5,1,
65,4,868,502,92,41,1,5,1,
65,6,620,245,10,9,1,5,1,
65,7,818,219,13,11,1,5,1,
65,9,892,82,18,25,1,5,1,
65,13,817,43,25,26,1,5,1,
65,19,687,374,66,13,1,5,1,
65,20,114,419,37,26,1,5,1,
65,22,827,95,18,28,1,5,1,
65,23,659,311,6,6,1,5,1,
65,25,752,138,14,15,1,5,1,
65,29,923,256,32,17,1,5,1,
65,31,944,268,15,16,1,5,1,
65,33,492,191,54,15,1,5,1,
65,34,789,150,38,18,1,5,1,
65,37,707,269,11,9,1,5,1,
65,38,-29,162,63,18,1,5,1,
65,39,875,221,17,13,1,5,1,
65,41,731,298,14,8,1,5,1,
66,3,845,253,33,24,1,5,1,
66,4,887,500,73,40,1,5,1,
66,6,620,245,10,9,1,5,1,
66,7,818,219,13,11,1,5,1,
66,9,891,84,18,24,1,5,1,
66,13,815,45,25,26,1,5,1,
66,19,696,374,65,13,1,5,1,
66,20,110,421,37,26,1,5,1,
66,22,825,97,20,28,1,5,1,
66,23,659,311,7,6,1,5,1,
66,25,754,139,13,15,1,5,1,
66,29,920,257,32,16,1,5,1,
66,31,945,268,14,16,1,5,1,
66,33,496,192,54,15,1,5,1,
66,34,786,151,39,18,1,5,1,
66,37,707,269,11,9,1,5,1,
66,38,-36,161,65,17,1,5,1,
66,39,875,221,17,13,1,5,1,
66,41,732,297,15,8,1,5,1,
67,3,844,254,33,23,1,5,1,
67,4,909,510,51,27,1,5,1,
67,7,818,220,12,10,1,5,1,
67,9,891,86,17,24,1,5,1,
67,13,812,47,26,26,1,5,1,
67,19,705,374,65,14,1,5,1,
67,20,105,423,38,27,1,5,1,
67,22,824,98,20,28,1,5,1,
67,23,659,310,7,6,1,5,1,
67,25,755,140,12,15,1,5,1,
67,29,917,257,33,16,1,5,1,
67,31,945,269,14,15,1,5,1,
67,33,500,192,53,15,1,5,1,
67,34,783,152,38,18,1,5,1,
67,37,707,269,11,9,1,5,1,
67,38,-42,160,66,17,1,5,1,
67,39,875,222,17,13,1,5,1,
67,41,734,297,15,8,1,5,1,
68,3,843,254,32,23,1,5,1,
68,7,817,220,13,11,1,5,1,
68,9,890,88,17,23,1,5,1,
68,13,809,49,27,25,1,5,1,
68,19,713,374,65,14,1,5,1,
68,20,100,425,38,28,1,5,1,
68,22,823,100,20,27,1,5,1,
68,25,756,141,12,15,1,5,1,
68,29,915,257,32,16,1,5,1,
68,31,945,269,15,15,1,5,1,
68,33,505,192,51,15,1,5,1,
68,34,780,153,38,18,1,5,1,
68,37,707,269,10,9,1,5,1,
68,39,875,222,17,13,1,5,1,
68,41,736,297,14,8,1,5,1,
69,3,842,254,31,23,1,5,1,
69,7,817,221,13,10,1,5,1,
69,9,889,89,17,24,1,5,1,
69,13,807,51,26,25,1,5,1,
69,19,720,374,66,14,1,5,1,
69,20,95,426,40,29,1,5,1,
69,22,822,101,20,27,1,5,1,
69,25,756,142,12,15,1,5,1,
69,29,912,257,33,16,1,5,1,
69,31,945,269,14,15,1,5,1,
69,33,508,192,51,15,1,5,1,
69,34,777,154,39,17,1,5,1,
69,37,707,269,10,9,1,5,1,
69,39,877,223,16,12,1,5,1,
69,41,738,297,14,8,1,5,1,
70,3,841,255,31,22,1,5,1,
70,7,817,221,13,10,1,5,1,
70,9,888,91,17,23,1,5,1,
70,13,804,53,27,25,1,5,1,
70,19,728,374,66,14,1,5,1,
70,20,89,428,42,30,1,5,1,
70,22,820,103,21,27,1,5,1,
70,25,757,143,12,15,1,5,1,
70,29,910,257,32,16,1,5,1,
70,31,945,269,14,15,1,5,1,
70,33,512,193,50,14,1,5,1,
70,34,774,155,39,17,1,5,1,
70,37,707,269,10,9,1,5,1,
70,39,876,223,17,13,1,5,1,
70,41,740,297,14,8,1,5,1,
71,3,840,255,32,22,1,5,1,
71,7,817,222,13,10,1,5,1,
71,9,887,93,17,23,1,5,1,
71,13,802,55,26,25,1,5,1,
71,19,737,374,65,14,1,5,1,
71,20,84,431,42,31,1,5,1,
71,22,819,105,20,26,1,5,1,
71,25,758,145,11,14,1,5,1,
71,29,907,257,32,16,1,5,1,
71,31,945,269,14,14,1,5,1,
71,33,517,193,48,15,1,5,1,
71,34,771,156,39,17,1,5,1,
71,37,706,269,11,8,1,5,1,
71,39,878,224,15,12,1,5,1,
71,41,742,297,13,7,1,5,1,
72,3,838,255,33,22,1,5,1,
72,7,817,222,12,10,1,5,1,
72,9,886,95,17,22,1,5,1,
72,13,799,57,27,24,1,5,1,
72,19,746,374,63,14,1,5,1,
72,20,79,433,42,32,1,5,1,
72,22,818,106,20,26,1,5,1,
72,25,758,146,11,14,1,5,1,
72,29,905,258,31,15,1,5,1,
72,31,945,269,14,14,1,5,1,
72,33,521,193,47,15,1,5,1,
72,37,706,269,10,8,1,5,1,
72,39,879,224,15,12,1,5,1,
72,41,744,296,12,8,1,5,1,
73,3,836,255,34,22,1,5,1,
73,7,817,222,12,10,1,5,1,
73,9,885,97,17,22,1,5,1,
73,13,796,59,27,24,1,5,1,
73,19,754,374,63,14,1,5,1,
73,20,73,436,43,32,1,5,1,
73,22,816,108,21,25,1,5,1,
73,25,759,147,10,14,1,5,1,
73,29,903,258,30,14,1,5,1,
73,31,945,269,14,14,1,5,1,
73,33,525,193,45,15,1,5,1,
73,37,706,269,10,8,1,5,1,
73,39,878,224,16,13,1,5,1,
73,41,746,296,12,8,1,5,1,
74,3,835,255,34,22,1,5,1,
74,7,816,223,13,10,1,5,1,
74,9,884,98,17,22,1,5,1,
74,13,794,61,27,24,1,5,1,
74,19,762,374,62,14,1,5,1,
74,20,68,438,44,33,1,5,1,
74,22,815,109,21,25,1,5,1,
74,25,759,148,10,14,1,5,1,
74,29,901,258,29,14,1,5,1,
74,31,945,269,14,14,1,5,1,
74,33,529,194,44,15,1,5,1,
74,37,706,269,10,8,1,5,1,
74,39,880,225,15,12,1,5,1,
74,41,748,296,11,8,1,5,1,
75,3,833,256,35,21,1,5,1,
75,7,816,223,12,10,1,5,1,
75,9,883,100,17,21,1,5,1,
75,13,791,63,27,23,1,5,1,
75,19,771,374,60,13,1,5,1,
75,20,62,441,45,34,1,5,1,
75,22,814,111,21,24,1,5,1,
75,25,759,149,10,14,1,5,1,
75,29,899,258,28,14,1,5,1,
75,31,945,269,14,14,1,5,1,
75,33,533,194,42,15,1,5,1,
75,37,705,269,10,8,1,5,1,
75,39,879,225,15,12,1,5,1,
75,41,750,296,10,7,1,5,1,
76,3,831,256,36,21,1,5,1,
76,7,816,223,12,10,1,5,1,
76,9,882,102,17,21,1,5,1,
76,13,788,65,27,23,1,5,1,
76,19,779,373,58,14,1,5,1,
76,20,56,443,46,35,1,5,1,
76,22,812,112,22,25,1,5,1,
76,25,759,150,10,14,1,5,1,
76,29,896,258,28,14,1,5,1,
76,31,944,269,15,14,1,5,1,
76,33,537,194,40,15,1,5,1,
76,37,705,269,10,8,1,5,1,
76,39,879,226,15,12,1,5,1,
76,41,751,296,11,7,1,5,1,
77,3,829,256,36,21,1,5,1,
77,7,815,224,12,9,1,5,1,
77,9,881,103,17,21,1,5,1,
77,13,786,67,27,22,1,5,1,
77,19,787,373,57,14,1,5,1,
77,20,51,446,46,36,1,5,1,
77,22,810,113,23,24,1,5,1,
77,25,759,151,10,14,1,5,1,
77,29,894,258,28,14,1,5,1,
77,31,944,269,15,14,1,5,1,
77,33,541,194,38,16,1,5,1,
77,39,881,226,14,12,1,5,1,
77,41,753,296,10,7,1,5,1,
78,3,827,256,37,21,1,5,1,
78,7,815,224,12,10,1,5,1,
78,9,880,105,17,20,1,5,1,
78,13,783,69,28,22,1,5,1,
78,19,794,373,56,13,1,5,1,
78,20,45,449,47,37,1,5,1,
78,22,808,114,25,24,1,5,1,
78,25,759,152,10,13,1,5,1,
78,29,892,258,27,14,1,5,1,
78,31,944,269,15,14,1,5,1,
78,33,544,195,37,15,1,5,1,
78,39,880,226,15,12,1,5,1,
78,41,754,295,10,8,1,5,1,
79,3,825,257,37,20,1,5,1,
79,7,815,225,11,9,1,5,1,
79,9,879,106,17,21,1,5,1,
79,13,780,70,28,22,1,5,1,
79,19,802,372,54,14,1,5,1,
79,20,39,451,48,39,1,5,1,
79,22,804,115,30,24,1,5,1,
79,25,759,153,10,13,1,5,1,
79,29,891,258,26,14,1,5,1,
79,31,943,269,16,14,1,5,1,
79,33,548,195,35,15,1,5,1,
79,39,880,227,14,11,1,5,1,
79,41,755,295,11,8,1,5,1,
80,3,823,257,37,20,1,5,1,
80,7,814,225,12,9,1,5,1,
80,9,878,108,17,20,1,5,1,
80,13,778,72,27,21,1,5,1,
80,19,809,372,53,14,1,5,1,
80,20,32,454,50,40,1,5,1,
80,22,800,115,35,25,1,5,1,
80,25,759,154,10,13,1,5,1,
80,29,889,259,25,13,1,5,1,
80,31,943,269,16,13,1,5,1,
80,33,551,195,33,16,1,5,1,
80,39,880,227,14,12,1,5,1,
80,41,756,295,12,7,1,5,1,
81,3,820,257,38,20,1,5,1,
81,7,814,225,11,9,1,5,1,
81,9,877,109,17,20,1,5,1,
81,13,775,74,28,21,1,5,1,
81,19,817,371,51,14,1,5,1,
81,20,26,457,50,41,1,5,1,
81,22,797,116,38,25,1,5,1,
81,25,758,155,10,13,1,5,1,
81,29,887,259,25,13,1,5,1,
81,31,944,268,15,14,1,5,1,
81,33,555,196,28,15,1,5,1,
81,39,881,228,14,11,1,5,1,
81,41,757,295,12,7,1,5,1,
82,1,-18792,9129,0,-8585,1,5,1,
82,3,818,257,38,20,1,5,1,
82,7,813,226,12,9,1,5,1,
82,9,876,111,17,20,1,5,1,
82,13,772,75,28,21,1,5,1,
82,19,824,371,49,14,1,5,1,
82,20,20,461,51,42,1,5,1,
82,22,795,117,38,25,1,5,1,
82,25,758,155,9,14,1,5,1,
82,29,885,259,25,13,1,5,1,
82,31,945,268,14,13,1,5,1,
82,33,559,196,23,15,1,5,1,
82,39,882,228,14,11,1,5,1,
82,41,759,295,12,7,1,5,1,
83,1,-14097,6749,0,-6205,1,5,1,
83,3,816,257,37,20,1,5,1,
83,7,813,226,11,9,1,5,1,
83,9,875,112,16,20,1,5,1,
83,13,770,77,27,21,1,5,1,
83,19,832,371,46,13,1,5,1,
83,20,13,464,52,43,1,5,1,
83,22,792,118,39,25,1,5,1,
83,25,757,156,10,14,1,5,1,
83,29,884,259,23,13,1,5,1,
83,31,946,268,13,13,1,5,1,
83,33,564,196,17,16,1,5,1,
83,39,883,229,14,11,1,5,1,
83,41,761,295,11,7,1,5,1,
84,3,814,257,37,20,1,5,1,
84,7,812,226,11,9,1,5,1,
84,9,874,114,16,19,1,5,1,
84,13,767,79,28,20,1,5,1,
84,19,838,370,45,14,1,5,1,
84,20,6,467,53,45,1,5,1,
84,22,790,119,38,25,1,5,1,
84,25,757,157,9,14,1,5,1,
84,29,883,259,22,13,1,5,1,
84,31,946,268,13,13,1,5,1,
84,33,568,197,13,15,1,5,1,
84,39,884,229,13,11,1,5,1,
84,41,763,295,10,7,1,5,1,
85,3,811,258,38,19,1,5,1,
85,7,812,227,11,9,1,5,1,
85,9,873,115,16,19,1,5,1,
85,13,765,80,27,20,1,5,1,
85,19,845,369,43,14,1,5,1,
85,20,0,471,54,46,1,5,1,
85,22,787,121,38,24,1,5,1,
85,25,756,158,10,13,1,5,1,
85,29,881,259,22,13,1,5,1,
85,31,946,268,13,13,1,5,1,
85,33,568,197,13,16,1,5,1,
85,39,884,229,14,11,1,5,1,
85,41,765,295,9,7,1,5,1,
86,3,808,258,39,19,1,5,1,
86,7,811,227,11,9,1,5,1,
86,9,871,116,17,19,1,5,1,
86,13,762,82,27,20,1,5,1,
86,19,851,369,41,13,1,5,1,
86,20,-4,474,52,47,1,5,1,
86,22,785,122,38,24,1,5,1,
86,25,756,159,9,13,1,5,1,
86,29,880,259,22,13,1,5,1,
86,31,947,268,12,13,1,5,1,
86,33,567,198,13,15,1,5,1,
86,39,885,230,13,11,1,5,1,
86,41,766,294,10,7,1,5,1,
87,3,805,258,39,19,1,5,1,
87,7,811,227,10,9,1,5,1,
87,9,870,118,17,18,1,5,1,
87,13,760,84,27,19,1,5,1,
87,19,857,368,39,14,1,5,1,
87,20,-11,478,53,44,1,5,1,
87,22,782,124,38,23,1,5,1,
87,25,755,160,9,13,1,5,1,
87,29,878,259,22,13,1,5,1,
87,31,947,268,12,13,1,5,1,
87,33,566,198,13,15,1,5,1,
87,39,886,230,13,11,1,5,1,
87,41,768,294,9,7,1,5,1,
88,3,802,258,40,18,1,5,1,
88,7,810,228,11,8,1,5,1,
88,9,869,119,17,19,1,5,1,
88,19,862,368,38,13,1,5,1,
88,20,-19,482,55,43,1,5,1,
88,22,779,125,38,23,1,5,1,
88,25,754,161,10,13,1,5,1,
88,29,877,259,21,13,1,5,1,
88,31,947,268,12,13,1,5,1,
88,33,565,199,16,15,1,5,1,
88,39,886,230,13,11,1,5,1,
88,41,769,294,9,7,1,5,1,
89,3,799,258,40,18,1,5,1,
89,7,809,228,11,9,1,5,1,
89,9,868,121,16,18,1,5,1,
89,19,868,367,36,13,1,5,1,
89,20,-26,486,56,44,1,5,1,
89,22,777,126,38,23,1,5,1,
89,25,754,162,9,13,1,5,1,
89,29,876,259,20,13,1,5,1,
89,31,946,268,13,13,1,5,1,
89,33,561,199,22,15,1,5,1,
89,39,887,231,13,10,1,5,1,
89,41,770,294,9,7,1,5,1,
90,3,796,258,41,18,1,5,1,
90,7,809,228,10,9,1,5,1,
90,9,867,122,16,18,1,5,1,
90,19,873,366,35,14,1,5,1,
90,20,-34,489,59,47,1,5,1,
90,22,774,127,38,23,1,5,1,
90,25,753,163,9,12,1,5,1,
90,29,875,260,20,12,1,5,1,
90,31,946,268,13,12,1,5,1,
90,33,557,200,27,14,1,5,1,
90,39,887,231,13,10,1,5,1,
90,41,771,294,8,7,1,5,1,
91,3,793,259,41,17,1,5,1,
91,7,808,229,11,8,1,5,1,
91,9,866,123,16,18,1,5,1,
91,19,878,366,33,13,1,5,1,
91,20,-42,494,60,48,1,5,1,
91,22,771,129,38,22,1,5,1,
91,25,752,164,9,12,1,5,1,
91,29,874,260,19,12,1,5,1,
91,31,946,268,13,12,1,5,1,
91,33,553,200,31,15,1,5,1,
91,39,888,231,12,11,1,5,1,
91,41,772,294,8,6,1,5,1,
92,3,791,259,41,17,1,5,1,
92,7,807,229,11,8,1,5,1,
92,9,864,125,17,17,1,5,1,
92,19,883,365,32,13,1,5,1,
92,22,769,130,37,22,1,5,1,
92,25,751,165,10,12,1,5,1,
92,29,873,260,19,12,1,5,1,
92,31,946,268,13,12,1,5,1,
92,33,549,201,35,14,1,5,1,
92,39,888,231,13,11,1,5,1,
92,41,773,294,8,6,1,5,1,
93,3,788,259,41,17,1,5,1,
93,7,807,229,10,9,1,5,1,
93,9,863,126,17,17,1,5,1,
93,19,887,365,31,12,1,5,1,
93,22,766,131,38,22,1,5,1,
93,25,750,166,10,12,1,5,1,
93,29,871,260,20,12,1,5,1,
93,31,944,268,15,13,1,5,1,
93,33,545,201,39,14,1,5,1,
93,39,887,232,13,10,1,5,1,
93,41,773,293,8,7,1,5,1,
94,3,784,259,43,17,1,5,1,
94,7,806,230,11,8,1,5,1,
94,9,862,127,17,17,1,5,1,
94,19,892,364,28,12,1,5,1,
94,25,749,166,11,12,1,5,1,
94,29,870,260,19,12,1,5,1,
94,31,942,269,17,12,1,5,1,
94,33,542,202,41,13,1,5,1,
94,39,886,232,14,10,1,5,1,
94,41,774,293,8,7,1,5,1,
95,3,782,259,42,17,1,5,1,
95,7,805,230,11,8,1,5,1,
95,9,860,128,18,17,1,5,1,
95,19,896,363,26,13,1,5,1,
95,25,748,167,11,12,1,5,1,
95,29,869,260,19,12,1,5,1,
95,31,941,269,18,12,1,5,1,
95,33,539,202,42,14,1,5,1,
95,39,885,232,14,10,1,5,1,
95,41,774,293,8,7,1,5,1,
96,3,779,259,43,17,1,5,1,
96,7,804,230,11,8,1,5,1,
96,9,859,129,17,17,1,5,1,
96,19,899,362,25,13,1,5,1,
96,25,747,168,12,12,1,5,1,
96,29,868,260,19,12,1,5,1,
96,31,940,269,19,12,1,5,1,
96,33,535,203,44,13,1,5,1,
96,39,885,232,14,10,1,5,1,
96,41,775,293,8,7,1,5,1,
97,3,776,259,43,17,1,5,1,
97,7,803,230,12,9,1,5,1,
97,9,858,130,17,17,1,5,1,
97,19,903,361,23,13,1,5,1,
97,25,746,169,12,12,1,5,1,
97,29,867,260,19,12,1,5,1,
97,31,939,269,19,12,1,5,1,
97,39,884,233,14,10,1,5,1,
97,41,775,293,8,6,1,5,1,
98,3,773,260,43,16,1,5,1,
98,9,856,132,17,16,1,5,1,
98,19,906,361,22,12,1,5,1,
98,25,744,170,13,11,1,5,1,
98,29,866,260,19,12,1,5,1,
98,31,938,269,19,12,1,5,1,
98,39,883,233,15,10,1,5,1,
98,41,775,293,8,6,1,5,1,
98,42,738,532,30,12,1,5,1,
99,3,770,260,44,16,1,5,1,
99,9,855,133,17,16,1,5,1,
99,19,910,360,20,12,1,5,1,
99,25,743,170,13,12,1,5,1,
99,29,865,261,18,11,1,5,1,
99,31,937,269,19,12,1,5,1,
99,39,883,233,14,10,1,5,1,
99,41,775,293,9,6,1,5,1,
99,42,740,529,30,14,1,5,1,
100,3,767,260,44,16,1,5,1,
100,9,854,134,17,16,1,5,1,
100,19,913,359,19,13,1,5,1,
100,25,742,171,13,12,1,5,1,
100,29,863,261,19,11,1,5,1,
100,31,936,269,19,12,1,5,1,
100,39,882,233,15,10,1,5,1,
100,41,776,292,8,7,1,5,1,
100,42,741,525,28,18,1,5,1,
101,3,764,260,44,16,1,5,1,
101,9,852,135,17,16,1,5,1,
101,19,916,358,18,13,1,5,1,
101,25,740,172,14,11,1,5,1,
101,29,862,261,19,11,1,5,1,
101,31,935,269,19,11,1,5,1,
101,39,881,234,15,10,1,5,1,
101,41,776,292,8,7,1,5,1,
101,42,741,520,30,23,1,5,1,
102,3,761,260,44,16,1,5,1,
102,9,851,136,17,16,1,5,1,
102,19,918,357,17,13,1,5,1,
102,25,739,173,14,11,1,5,1,
102,29,860,261,20,11,1,5,1,
102,31,933,269,20,11,1,5,1,
102,39,881,234,14,10,1,5,1,
102,41,776,292,8,6,1,5,1,
102,42,740,516,30,27,1,5,1,
103,3,758,260,44,16,1,5,1,
103,9,850,137,17,16,1,5,1,
103,19,919,357,17,12,1,5,1,
103,25,738,174,13,11,1,5,1,
103,29,858,261,22,12,1,5,1,
103,31,931,269,22,12,1,5,1,
103,39,880,234,15,10,1,5,1,
103,41,776,292,8,6,1,5,1,
103,42,736,511,35,32,1,5,1,
104,3,756,260,43,15,1,5,1,
104,9,848,138,17,16,1,5,1,
104,19,920,356,17,12,1,5,1,
104,29,857,262,22,11,1,5,1,
104,31,929,269,23,12,1,5,1,
104,39,879,235,15,9,1,5,1,
104,41,776,292,8,6,1,5,1,
104,42,729,507,42,36,1,5,1,
105,3,753,260,43,15,1,5,1,
105,9,847,139,17,16,1,5,1,
105,19,921,355,17,12,1,5,1,
105,29,855,262,22,11,1,5,1,
105,31,927,270,24,11,1,5,1,
105,39,879,235,14,9,1,5,1,
105,41,776,292,8,6,1,5,1,
105,42,722,503,48,40,1,5,1,
106,3,750,260,43,14,1,5,1,
106,9,845,140,18,16,1,5,1,
106,19,922,354,17,13,1,5,1,
106,29,854,262,21,11,1,5,1,
106,31,925,270,24,11,1,5,1,
106,39,879,235,13,9,1,5,1,
106,41,776,292,8,6,1,5,1,
106,42,714,499,55,44,1,5,1,
107,3,747,260,44,14,1,5,1,
107,9,844,141,17,16,1,5,1,
107,19,923,353,16,13,1,5,1,
107,29,852,262,21,11,1,5,1,
107,31,923,270,24,11,1,5,1,
107,39,880,235,12,9,1,5,1,
107,42,707,495,64,48,1,5,1,
108,3,744,260,46,14,1,5,1,
108,9,843,142,17,16,1,5,1,
108,19,922,353,17,12,1,5,1,
108,29,851,262,20,11,1,5,1,
108,31,921,270,24,11,1,5,1,
108,39,881,235,12,10,1,5,1,
108,42,703,492,74,51,1,5,1,
109,3,740,260,48,14,1,5,1,
109,9,841,143,18,15,1,5,1,
109,19,921,352,16,12,1,5,1,
109,29,849,262,20,11,1,5,1,
109,31,919,270,24,11,1,5,1,
109,35,947,320,12,17,1,5,1,
109,39,881,236,12,9,1,5,1,
109,42,698,490,79,53,1,5,1,
110,3,737,260,49,14,1,5,1,
110,9,840,144,17,15,1,5,1,
110,19,918,350,19,13,1,5,1,
110,29,848,262,20,11,1,5,1,
110,31,917,270,24,11,1,5,1,
110,35,940,320,19,17,1,5,1,
110,39,881,236,12,9,1,5,1,
110,42,693,487,80,51,1,5,1,
111,3,734,260,50,14,1,5,1,
111,9,838,146,18,14,1,5,1,
111,19,913,349,24,13,1,5,1,
111,29,847,262,19,10,1,5,1,
111,31,914,270,25,10,1,5,1,
111,35,934,319,25,18,1,5,1,
111,39,882,236,12,9,1,5,1,
111,42,688,484,80,49,1,5,1,
112,3,730,260,51,14,1,5,1,
112,9,837,146,17,15,1,5,1,
112,19,907,348,31,13,1,5,1,
112,29,844,262,21,10,1,5,1,
112,31,912,270,25,10,1,5,1,
112,35,930,319,29,17,1,5,1,
112,39,882,236,12,9,1,5,1,
112,42,682,482,81,47,1,5,1,
113,3,726,261,52,13,1,5,1,
113,9,835,148,18,14,1,5,1,
113,19,900,347,38,13,1,5,1,
113,29,840,262,24,10,1,5,1,
113,31,909,270,27,10,1,5,1,
113,35,926,319,33,16,1,5,1,
113,39,882,237,12,9,1,5,1,
113,42,677,479,81,46,1,5,1,
114,3,722,261,53,13,1,5,1,
114,4,945,359,14,16,1,5,1,
114,9,833,148,18,15,1,5,1,
114,19,893,346,44,13,1,5,1,
114,29,836,262,28,10,1,5,1,
114,31,906,270,28,10,1,5,1,
114,35,921,318,38,17,1,5,1,
114,39,882,237,12,9,1,5,1,
114,42,672,477,81,44,1,5,1,
115,3,718,261,54,13,1,5,1,
115,4,938,358,21,15,1,5,1,
115,9,831,150,19,13,1,5,1,
115,19,887,345,47,13,1,5,1,
115,29,833,262,31,10,1,5,1,
115,31,904,270,28,10,1,5,1,
115,35,918,318,41,16,1,5,1,
115,39,882,237,12,9,1,5,1,
115,42,667,475,80,42,1,5,1,
116,3,715,261,54,13,1,5,1,
116,4,931,356,28,17,1,5,1,
116,9,829,150,19,14,1,5,1,
116,19,882,344,48,13,1,5,1,
116,29,830,262,33,10,1,5,1,
116,31,901,270,29,10,1,5,1,
116,35,914,317,45,16,1,5,1,
116,39,882,237,11,9,1,5,1,
116,42,661,473,81,40,1,5,1,
117,3,710,261,56,13,1,5,1,
117,4,925,355,34,19,1,5,1,
117,15,943,263,16,11,1,5,1,
117,19,877,343,48,12,1,5,1,
117,29,827,262,33,10,1,5,1,
117,31,899,270,28,10,1,5,1,
117,35,911,317,48,16,1,5,1,
117,39,882,238,11,8,1,5,1,
117,42,656,471,80,38,1,5,1,
118,3,706,261,57,13,1,5,1,
118,4,918,353,41,19,1,5,1,
118,15,938,263,21,11,1,5,1,
118,19,872,343,48,11,1,5,1,
118,29,825,262,33,10,1,5,1,
118,31,897,270,28,10,1,5,1,
118,33,470,206,39,11,1,5,1,
118,35,907,316,52,16,1,5,1,
118,39,882,238,11,9,1,5,1,
118,42,650,469,81,37,1,5,1,
119,3,703,261,56,13,1,5,1,
119,4,912,352,47,19,1,5,1,
119,15,933,263,26,12,1,5,1,
119,19,867,342,47,11,1,5,1,
119,29,823,262,32,9,1,5,1,
119,31,894,270,28,10,1,5,1,
119,33,469,205,36,12,1,5,1,
119,35,904,316,55,15,1,5,1,
119,39,880,238,12,9,1,5,1,
119,42,644,467,81,35,1,5,1,
120,3,698,261,56,13,1,5,1,
120,4,905,351,54,18,1,5,1,
120,15,929,262,30,13,1,5,1,
120,19,863,341,45,11,1,5,1,
120,29,822,262,29,9,1,5,1,
120,31,892,270,27,10,1,5,1,
120,33,467,205,35,11,1,5,1,
120,35,901,315,53,16,1,5,1,
120,39,879,238,14,9,1,5,1,
120,42,638,465,81,33,1,5,1,
121,3,694,261,57,13,1,5,1,
121,4,900,349,59,18,1,5,1,
121,15,924,262,35,13,1,5,1,
121,19,858,340,44,11,1,5,1,
121,29,822,262,25,9,1,5,1,
121,31,890,270,27,10,1,5,1,
121,33,466,204,32,12,1,5,1,
121,35,898,315,52,15,1,5,1,
121,39,879,238,13,9,1,5,1,
121,42,631,463,82,32,1,5,1,
122,3,690,261,58,13,1,5,1,
122,4,894,348,59,18,1,5,1,
122,15,920,262,39,13,1,5,1,
122,19,853,339,44,11,1,5,1,
122,29,822,262,21,10,1,5,1,
122,31,888,270,26,10,1,5,1,
122,33,464,204,32,11,1,5,1,
122,35,895,314,51,16,1,5,1,
122,39,878,239,14,8,1,5,1,
122,42,624,462,84,30,1,5,1,
123,3,687,262,57,12,1,5,1,
123,4,887,347,60,17,1,5,1,
123,15,916,262,43,13,1,5,1,
123,19,849,339,43,10,1,5,1,
123,29,821,263,18,9,1,5,1,
123,31,886,270,25,10,1,5,1,
123,33,463,203,30,12,1,5,1,
123,35,892,314,49,15,1,5,1,
123,39,877,239,14,8,1,5,1,
123,42,617,460,84,28,1,5,1,
124,3,683,262,57,12,1,5,1,
124,4,881,347,61,16,1,5,1,
124,15,912,263,47,11,1,5,1,
124,19,844,338,43,11,1,5,1,
124,29,820,263,15,9,1,5,1,
124,31,884,270,25,9,1,5,1,
124,33,462,202,28,12,1,5,1,
124,35,889,313,48,15,1,5,1,
124,39,877,239,13,8,1,5,1,
124,42,610,459,85,26,1,5,1,
125,3,679,262,57,12,1,5,1,
125,4,875,346,62,15,1,5,1,
125,15,907,263,52,11,1,5,1,
125,18,285,0,80,27,1,5,1,
125,19,839,337,43,11,1,5,1,
125,31,882,270,24,9,1,5,1,
125,33,460,202,27,12,1,5,1,
125,35,886,313,47,15,1,5,1,
125,39,876,239,13,9,1,5,1,
125,42,602,458,86,24,1,5,1,
126,3,676,262,56,12,1,5,1,
126,4,869,345,63,15,1,5,1,
126,15,903,263,53,11,1,5,1,
126,18,295,0,88,34,1,5,1,
126,19,835,337,42,10,1,5,1,
126,31,880,270,24,9,1,5,1,
126,33,459,201,26,12,1,5,1,
126,35,883,313,46,14,1,5,1,
126,42,595,457,85,21,1,5,1,
127,1,82761,-14303,-81801,0,1,5,1,
127,3,672,262,56,12,1,5,1,
127,4,862,343,65,16,1,5,1,
127,15,899,263,53,11,1,5,1,
127,18,299,0,100,40,1,5,1,
127,19,830,336,43,10,1,5,1,
127,31,878,270,24,9,1,5,1,
127,33,458,201,25,12,1,5,1,
127,35,881,312,45,15,1,5,1,
127,42,588,457,85,19,1,5,1,
128,1,42615,-7101,-41655,0,1,5,1,
128,3,668,262,56,12,1,5,1,
128,4,856,342,64,16,1,5,1,
128,15,895,263,52,11,1,5,1,
128,18,311,0,103,47,1,5,1,
128,19,826,335,42,10,1,5,1,
128,31,876,270,24,9,1,5,1,
128,33,457,200,24,12,1,5,1,
128,35,878,312,45,14,1,5,1,
128,42,582,456,84,20,1,5,1,
129,1,28530,-4578,-27570,0,1,5,1,
129,3,665,262,55,12,1,5,1,
129,4,851,341,62,15,1,5,1,
129,15,891,263,51,11,1,5,1,
129,18,319,0,109,53,1,5,1,
129,19,822,335,41,9,1,5,1,
129,31,874,270,24,9,1,5,1,
129,33,456,199,23,13,1,5,1,
129,35,875,311,44,15,1,5,1,
129,42,575,456,82,20,1,5,1,
130,1,22596,-3505,-21636,0,1,5,1,
130,3,661,262,55,12,1,5,1,
130,4,845,340,61,15,1,5,1,
130,15,887,263,51,11,1,5,1,
130,18,326,0,116,59,1,5,1,
130,19,817,334,41,10,1,5,1,
130,33,455,199,22,12,1,5,1,
130,35,872,311,44,14,1,5,1,
130,42,570,457,79,19,1,5,1,
131,1,18822,-2823,-17862,0,1,5,1,
131,3,658,262,54,12,1,5,1,
131,4,839,339,60,15,1,5,1,
131,15,883,263,50,11,1,5,1,
131,18,321,0,133,64,1,5,1,
131,19,813,333,40,10,1,5,1,
131,33,454,198,21,12,1,5,1,
131,35,869,311,44,14,1,5,1,
131,42,565,458,76,19,1,5,1,
132,1,16163,-2342,-15203,0,1,5,1,
132,3,654,262,54,12,1,5,1,
132,4,834,338,59,14,1,5,1,
132,15,879,263,50,11,1,5,1,
132,18,336,0,130,69,1,5,1,
132,19,809,333,40,9,1,5,1,
132,33,453,197,20,13,1,5,1,
132,35,867,310,43,14,1,5,1,
132,42,560,458,73,20,1,5,1,
133,3,651,262,53,12,1,5,1,
133,4,828,337,58,14,1,5,1,
133,15,875,263,49,11,1,5,1,
133,18,355,4,123,70,1,5,1,
133,19,805,332,39,10,1,5,1,
133,33,452,197,19,12,1,5,1,
133,35,864,310,42,14,1,5,1,
133,42,556,460,68,19,1,5,1,
134,3,647,262,54,12,1,5,1,
134,4,823,337,58,13,1,5,1,
134,15,872,263,48,11,1,5,1,
134,18,370,10,119,69,1,5,1,
134,19,801,331,39,10,1,5,1,
134,33,451,196,19,13,1,5,1,
134,35,862,310,42,13,1,5,1,
134,42,553,461,64,20,1,5,1,
135,4,818,336,58,13,1,5,1,
135,15,868,264,49,10,1,5,1,
135,18,383,16,117,68,1,5,1,
135,19,797,331,40,9,1,5,1,
135,33,451,195,18,13,1,5,1,
135,35,859,309,42,14,1,5,1,
135,42,551,461,60,22,1,5,1,
136,4,813,335,59,14,1,5,1,
136,15,864,264,50,10,1,5,1,
136,18,394,21,116,67,1,5,1,
136,19,793,330,41,10,1,5,1,
136,33,450,194,18,14,1,5,1,
136,35,857,309,42,14,1,5,1,
136,42,550,461,55,25,1,5,1,
137,4,808,334,59,14,1,5,1,
137,15,861,264,50,10,1,5,1,
137,18,406,27,119,63,1,5,1,
137,19,789,330,41,9,1,5,1,
137,33,449,194,18,13,1,5,1,
137,35,854,309,43,13,1,5,1,
137,42,549,461,51,28,1,5,1,
138,4,803,333,59,14,1,5,1,
138,15,857,264,50,10,1,5,1,
138,18,418,34,122,58,1,5,1,
138,19,786,329,40,10,1,5,1,
138,33,448,193,18,13,1,5,1,
138,35,851,308,43,14,1,5,1,
138,42,548,462,45,31,1,5,1,
139,4,798,333,58,13,1,5,1,
139,15,854,264,49,10,1,5,1,
139,18,430,40,125,53,1,5,1,
139,19,782,329,40,9,1,5,1,
139,33,447,192,17,14,1,5,1,
139,35,849,308,42,13,1,5,1,
139,42,547,462,40,34,1,5,1,
140,4,793,332,58,13,1,5,1,
140,15,850,264,49,10,1,5,1,
140,18,441,47,130,47,1,5,1,
140,19,778,328,41,9,1,5,1,
140,33,447,191,16,14,1,5,1,
140,35,846,308,43,13,1,5,1,
140,42,547,463,34,37,1,5,1,
141,4,788,332,57,12,1,5,1,
141,15,847,264,48,10,1,5,1,
141,18,453,54,134,41,1,5,1,
141,19,774,328,40,9,1,5,1,
141,33,446,191,16,13,1,5,1,
141,35,844,307,42,13,1,5,1,
141,42,547,465,28,38,1,5,1,
142,4,783,331,56,12,1,5,1,
142,15,843,264,48,10,1,5,1,
142,18,465,59,139,37,1,5,1,
142,19,771,327,39,9,1,5,1,
142,33,445,190,16,14,1,5,1,
142,35,841,307,42,13,1,5,1,
142,42,547,466,23,41,1,5,1,
143,4,778,330,56,12,1,5,1,
143,10,395,228,19,10,1,5,1,
143,15,839,264,48,10,1,5,1,
143,18,477,64,143,32,1,5,1,
143,19,767,327,39,9,1,5,1,
143,33,445,189,15,14,1,5,1,
143,35,839,307,41,12,1,5,1,
143,42,547,468,25,43,1,5,1,
144,4,773,329,55,12,1,5,1,
144,10,393,228,19,10,1,5,1,
144,15,836,264,47,10,1,5,1,
144,18,493,67,144,28,1,5,1,
144,19,763,326,39,9,1,5,1,
144,33,444,188,15,14,1,5,1,
144,35,836,307,41,12,1,5,1,
144,42,547,470,32,44,1,5,1,
145,4,768,328,55,12,1,5,1,
145,10,392,227,18,11,1,5,1,
145,15,832,264,47,10,1,5,1,
145,18,508,65,146,27,1,5,1,
145,19,760,326,37,8,1,5,1,
145,33,444,187,14,15,1,5,1,
145,35,834,306,40,13,1,5,1,
145,42,547,472,39,46,1,5,1,
146,4,763,327,54,12,1,5,1,
146,10,391,227,18,10,1,5,1,
146,15,829,264,46,10,1,5,1,
146,18,524,62,147,30,1,5,1,
146,19,756,325,37,9,1,5,1,
146,20,4625,-7711,-3665,0,1,5,1,
146,33,443,186,15,15,1,5,1,
146,35,831,306,40,12,1,5,1,
146,42,546,475,48,46,1,5,1,
147,4,758,327,53,11,1,5,1,
147,10,390,227,17,10,1,5,1,
147,15,826,264,44,10,1,5,1,
147,18,540,60,148,30,1,5,1,
147,19,753,325,36,8,1,5,1,
147,20,3257,-5469,-2297,0,1,5,1,
147,33,443,185,15,15,1,5,1,
147,35,829,306,39,12,1,5,1,
147,42,544,478,56,47,1,5,1,
148,4,753,326,52,12,1,5,1,
148,10,389,226,17,11,1,5,1,
148,15,822,264,44,10,1,5,1,
148,18,557,58,149,31,1,5,1,
148,19,749,324,36,9,1,5,1,
148,33,443,185,15,15,1,5,1,
148,35,826,305,39,13,1,5,1,
148,42,544,481,62,47,1,5,1,
149,4,748,326,52,11,1,5,1,
149,10,388,226,16,10,1,5,1,
149,15,819,264,44,10,1,5,1,
149,18,572,56,152,31,1,5,1,
149,19,746,324,35,8,1,5,1,
149,33,442,184,16,15,1,5,1,
149,35,824,305,39,12,1,5,1,
149,42,544,483,68,48,1,5,1,
150,4,744,325,51,11,1,5,1,
150,10,387,225,16,11,1,5,1,
150,15,816,264,43,10,1,5,1,
150,18,587,54,154,32,1,5,1,
150,19,743,324,34,8,1,5,1,
150,33,442,183,16,15,1,5,1,
150,35,822,305,38,12,1,5,1,
150,42,546,486,72,49,1,5,1,
