1,1,164,146,93,30,1,5,1,
1,2,536,405,100,36,1,5,1,
1,3,667,0,90,42,1,5,1,
1,4,110,499,41,15,1,5,1,
1,5,332,35,29,42,1,5,1,
1,6,764,219,16,14,1,5,1,
1,7,153,393,22,20,1,5,1,
1,8,845,105,72,22,1,5,1,
1,9,388,474,44,14,1,5,1,
1,10,668,129,41,25,1,5,1,
1,11,384,238,59,17,1,5,1,
1,12,313,400,81,25,1,5,1,
1,13,78,39,58,32,1,5,1,
1,14,21,151,106,26,1,5,1,
1,15,902,162,58,17,1,5,1,
1,16,748,145,65,16,1,5,1,
1,17,584,363,127,67,1,5,1,
1,18,861,50,99,33,1,5,1,
1,19,66,264,79,18,1,5,1,
2,1,164,145,82,32,1,5,1,
2,2,524,408,109,34,1,5,1,
2,3,663,0,109,45,1,5,1,
2,4,115,500,38,15,1,5,1,
2,5,332,27,29,46,1,5,1,
2,6,764,220,15,14,1,5,1,
2,7,155,390,21,22,1,5,1,
2,8,849,102,81,23,1,5,1,
2,9,392,475,47,15,1,5,1,
2,10,667,131,34,26,1,5,1,
2,11,391,238,55,17,1,5,1,
2,12,317,399,85,25,1,5,1,
2,13,78,37,49,39,1,5,1,
2,14,36,152,100,25,1,5,1,
2,15,909,161,51,18,1,5,1,
2,16,742,145,67,17,1,5,1,
2,17,578,362,118,79,1,5,1,
2,18,869,48,91,32,1,5,1,
2,19,76,264,72,19,1,5,1,
3,1,165,144,69,35,1,5,1,
3,2,512,408,117,34,1,5,1,
3,3,647,0,142,47,1,5,1,
3,4,120,500,33,16,1,5,1,
3,5,332,19,31,49,1,5,1,
3,6,763,221,17,14,1,5,1,
3,7,158,387,20,23,1,5,1,
3,8,855,99,89,23,1,5,1,
3,9,398,477,48,14,1,5,1,
3,10,666,133,28,26,1,5,1,
3,11,399,239,49,16,1,5,1,
3,12,323,399,88,23,1,5,1,
3,13,77,36,40,46,1,5,1,
3,14,51,153,94,26,1,5,1,
3,15,918,162,42,16,1,5,1,
3,16,735,146,69,17,1,5,1,
3,17,574,361,105,92,1,5,1,
3,18,880,46,80,30,1,5,1,
3,19,88,264,62,20,1,5,1,
4,1,167,143,56,39,1,5,1,
4,2,504,409,114,34,1,5,1,
4,3,649,0,158,47,1,5,1,
4,4,124,501,29,16,1,5,1,
4,5,335,11,32,50,1,5,1,
4,6,761,222,18,13,1,5,1,
4,7,161,384,21,23,1,5,1,
4,8,863,96,95,24,1,5,1,
4,9,403,479,49,12,1,5,1,
4,10,665,136,23,25,1,5,1,
4,11,407,239,42,17,1,5,1,
4,12,329,398,90,23,1,5,1,
4,13,75,37,34,52,1,5,1,
4,14,61,154,97,26,1,5,1,
4,15,927,162,33,14,1,5,1,
4,16,730,146,68,18,1,5,1,
4,17,571,361,92,106,1,5,1,
4,18,892,45,68,27,1,5,1,
4,19,99,264,51,21,1,5,1,
5,1,165,143,48,41,1,5,1,
5,2,495,408,112,37,1,5,1,
5,3,656,1,169,46,1,5,1,
5,4,128,502,24,17,1,5,1,
5,5,336,4,36,51,1,5,1,
5,6,759,223,19,12,1,5,1,
5,7,160,381,29,24,1,5,1,
5,8,870,93,90,24,1,5,1,
5,9,409,480,49,12,1,5,1,
5,10,664,138,19,25,1,5,1,
5,11,413,240,36,16,1,5,1,
5,12,335,398,92,22,1,5,1,
5,13,75,38,28,58,1,5,1,
5,14,68,154,104,26,1,5,1,
5,15,935,164,25,8,1,5,1,
5,16,724,147,68,18,1,5,1,
5,17,572,363,77,120,1,5,1,
5,18,904,45,56,24,1,5,1,
5,19,108,264,42,23,1,5,1,
6,1,162,144,43,43,1,5,1,
6,2,487,405,107,46,1,5,1,
6,3,665,2,179,44,1,5,1,
6,4,131,502,20,19,1,5,1,
6,5,334,-1,51,48,1,5,1,
6,6,756,224,21,12,1,5,1,
6,7,160,378,36,24,1,5,1,
6,8,879,91,81,24,1,5,1,
6,9,415,480,49,12,1,5,1,
6,10,664,140,15,25,1,5,1,
6,11,417,240,36,17,1,5,1,
6,12,342,397,92,22,1,5,1,
6,13,76,40,28,63,1,5,1,
6,14,75,154,111,26,1,5,1,
6,16,720,147,65,19,1,5,1,
6,17,576,366,61,132,1,5,1,
6,19,115,265,38,23,1,5,1,
7,1,160,144,39,45,1,5,1,
7,2,480,404,102,54,1,5,1,
7,3,676,1,175,46,1,5,1,
7,4,134,503,17,20,1,5,1,
7,5,334,-7,65,48,1,5,1,
7,6,753,224,23,12,1,5,1,
7,7,162,375,42,24,1,5,1,
7,8,889,90,71,22,1,5,1,
7,9,421,479,49,13,1,5,1,
7,10,665,143,15,23,1,5,1,
7,11,418,240,41,18,1,5,1,
7,12,348,397,93,22,1,5,1,
7,13,78,43,28,67,1,5,1,
7,14,82,154,118,27,1,5,1,
7,16,716,148,63,19,1,5,1,
7,17,577,370,61,146,1,5,1,
7,19,119,266,38,23,1,5,1,
8,1,160,145,32,48,1,5,1,
8,2,474,404,96,62,1,5,1,
8,3,689,1,172,46,1,5,1,
8,4,135,504,15,22,1,5,1,
8,5,336,-11,77,44,1,5,1,
8,6,748,225,27,12,1,5,1,
8,7,164,373,49,23,1,5,1,
8,8,899,89,61,20,1,5,1,
8,9,427,479,49,12,1,5,1,
8,10,666,146,15,21,1,5,1,
8,11,419,240,45,19,1,5,1,
8,12,355,397,93,22,1,5,1,
8,13,82,47,26,71,1,5,1,
8,14,91,155,121,27,1,5,1,
8,16,713,148,59,20,1,5,1,
8,17,577,375,64,159,1,5,1,
8,19,123,269,39,21,1,5,1,
9,1,162,147,31,48,1,5,1,
9,2,470,404,87,70,1,5,1,
9,3,703,1,168,46,1,5,1,
9,4,133,505,15,25,1,5,1,
9,5,339,-14,89,39,1,5,1,
9,6,746,225,25,13,1,5,1,
9,7,168,371,54,22,1,5,1,
9,8,912,89,48,17,1,5,1,
9,9,434,478,47,13,1,5,1,
9,10,668,148,14,20,1,5,1,
9,11,421,241,49,19,1,5,1,
9,12,363,397,93,22,1,5,1,
9,13,83,52,29,72,1,5,1,
9,14,105,156,120,26,1,5,1,
9,16,711,149,53,21,1,5,1,
9,17,579,381,67,162,1,5,1,
9,19,126,272,42,18,1,5,1,
10,1,165,149,31,48,1,5,1,
10,2,466,405,79,78,1,5,1,
10,3,716,1,165,47,1,5,1,
10,4,130,506,16,28,1,5,1,
10,5,346,-17,97,35,1,5,1,
10,6,741,226,28,12,1,5,1,
10,7,173,369,58,21,1,5,1,
10,8,925,88,35,15,1,5,1,
10,9,440,477,47,14,1,5,1,
10,10,669,151,14,18,1,5,1,
10,11,423,242,53,19,1,5,1,
10,12,370,397,93,22,1,5,1,
10,13,81,58,38,71,1,5,1,
10,14,118,157,119,26,1,5,1,
10,16,709,150,48,21,1,5,1,
10,17,581,388,72,155,1,5,1,
10,19,128,274,46,17,1,5,1,
11,1,163,152,37,47,1,5,1,
11,2,465,408,68,85,1,5,1,
11,3,731,1,158,48,1,5,1,
11,4,126,508,17,31,1,5,1,
11,5,355,-20,107,32,1,5,1,
11,6,737,227,30,11,1,5,1,
11,7,179,367,61,20,1,5,1,
11,9,446,477,47,13,1,5,1,
11,10,671,152,14,18,1,5,1,
11,11,426,243,56,19,1,5,1,
11,12,378,397,92,22,1,5,1,
11,13,79,65,48,69,1,5,1,
11,14,132,158,117,25,1,5,1,
11,16,709,151,41,21,1,5,1,
11,17,572,396,94,148,1,5,1,
11,19,129,275,52,16,1,5,1,
12,1,159,155,49,45,1,5,1,
12,2,464,411,58,92,1,5,1,
12,3,740,2,170,46,1,5,1,
12,4,124,510,18,33,1,5,1,
12,6,734,227,30,12,1,5,1,
12,7,185,366,64,18,1,5,1,
12,9,451,476,48,13,1,5,1,
12,10,671,153,14,19,1,5,1,
12,11,430,244,59,19,1,5,1,
12,12,385,397,92,22,1,5,1,
12,13,79,71,57,68,1,5,1,
12,14,145,159,115,25,1,5,1,
12,16,709,152,35,21,1,5,1,
12,17,565,404,120,140,1,5,1,
12,19,131,275,57,16,1,5,1,
13,1,157,158,59,44,1,5,1,
13,2,466,415,45,99,1,5,1,
13,3,748,3,183,44,1,5,1,
13,4,123,514,17,29,1,5,1,
13,6,730,228,30,11,1,5,1,
13,7,192,365,66,16,1,5,1,
13,9,457,476,48,13,1,5,1,
13,10,670,155,14,18,1,5,1,
13,11,434,245,61,19,1,5,1,
13,12,392,397,92,23,1,5,1,
13,13,80,78,64,65,1,5,1,
13,14,158,160,114,25,1,5,1,
13,16,709,153,29,21,1,5,1,
13,17,560,414,160,130,1,5,1,
13,19,132,275,63,15,1,5,1,
14,1,156,161,69,42,1,5,1,
14,2,468,419,34,105,1,5,1,
14,3,757,2,196,43,1,5,1,
14,4,122,517,17,27,1,5,1,
14,6,727,228,30,11,1,5,1,
14,7,199,364,68,15,1,5,1,
14,9,462,475,49,13,1,5,1,
14,10,670,156,13,18,1,5,1,
14,11,438,247,64,18,1,5,1,
14,12,399,397,92,23,1,5,1,
14,13,82,85,71,61,1,5,1,
14,14,170,160,113,25,1,5,1,
14,16,709,155,23,20,1,5,1,
14,17,557,424,203,120,1,5,1,
14,19,135,275,67,15,1,5,1,
15,1,156,164,78,41,1,5,1,
15,2,467,425,35,110,1,5,1,
15,3,769,1,190,44,1,5,1,
15,4,121,520,18,24,1,5,1,
15,6,724,229,29,11,1,5,1,
15,7,208,363,67,14,1,5,1,
15,9,468,474,48,14,1,5,1,
15,10,669,157,14,18,1,5,1,
15,11,443,248,65,17,1,5,1,
15,12,406,397,92,23,1,5,1,
15,13,86,92,76,57,1,5,1,
15,14,184,161,111,25,1,5,1,
15,16,708,156,21,20,1,5,1,
15,17,556,436,248,108,1,5,1,
15,19,138,275,70,15,1,5,1,
16,1,158,167,85,39,1,5,1,
16,2,468,431,36,112,1,5,1,
16,3,782,0,178,44,1,5,1,
16,4,120,524,19,20,1,5,1,
16,6,721,229,29,11,1,5,1,
16,7,216,362,68,14,1,5,1,
16,9,473,474,49,13,1,5,1,
16,10,669,159,13,18,1,5,1,
16,11,449,249,66,16,1,5,1,
16,12,413,398,92,23,1,5,1,
16,13,90,98,81,52,1,5,1,
16,14,196,162,110,24,1,5,1,
16,16,706,157,21,20,1,5,1,
16,17,557,449,295,95,1,5,1,
16,19,141,275,74,15,1,5,1,
17,1,162,169,90,39,1,5,1,
17,2,466,439,41,104,1,5,1,
17,3,797,0,163,43,1,5,1,
17,4,120,527,18,17,1,5,1,
17,6,718,230,28,10,1,5,1,
17,7,225,362,67,13,1,5,1,
17,9,480,474,48,13,1,5,1,
17,10,668,160,14,18,1,5,1,
17,11,455,250,66,16,1,5,1,
17,12,420,398,92,23,1,5,1,
17,13,96,105,83,46,1,5,1,
17,14,209,162,108,24,1,5,1,
17,16,705,158,20,20,1,5,1,
17,17,562,465,340,79,1,5,1,
17,19,145,275,77,14,1,5,1,
18,1,166,172,95,37,1,5,1,
18,2,464,447,49,97,1,5,1,
18,3,811,0,149,43,1,5,1,
18,4,120,530,16,14,1,5,1,
18,6,715,230,28,11,1,5,1,
18,7,233,362,67,13,1,5,1,
18,9,485,473,49,13,1,5,1,
18,10,668,162,13,17,1,5,1,
18,11,460,250,66,16,1,5,1,
18,12,427,398,92,23,1,5,1,
18,13,102,111,85,40,1,5,1,
18,14,220,163,108,24,1,5,1,
18,15,945,174,14,14,1,5,1,
18,16,704,159,20,19,1,5,1,
18,17,570,482,382,62,1,5,1,
18,19,150,275,78,14,1,5,1,
19,1,172,175,97,35,1,5,1,
19,2,458,456,64,88,1,5,1,
19,3,828,0,132,43,1,5,1,
19,4,121,533,8,11,1,5,1,
19,6,713,231,27,10,1,5,1,
19,7,242,362,65,13,1,5,1,
19,9,492,473,48,13,1,5,1,
19,10,669,163,12,17,1,5,1,
19,11,466,250,64,16,1,5,1,
19,12,434,399,93,23,1,5,1,
19,13,110,116,85,35,1,5,1,
19,14,233,163,106,24,1,5,1,
19,15,941,174,18,15,1,5,1,
19,16,703,161,19,18,1,5,1,
19,19,155,274,79,15,1,5,1,
20,1,178,178,100,33,1,5,1,
20,2,454,465,78,79,1,5,1,
20,3,842,0,118,43,1,5,1,
20,6,710,231,26,11,1,5,1,
20,7,251,362,63,13,1,5,1,
20,9,498,472,47,13,1,5,1,
20,10,670,165,12,16,1,5,1,
20,11,471,250,62,16,1,5,1,
20,12,440,399,94,23,1,5,1,
20,13,117,120,86,31,1,5,1,
20,14,245,163,105,24,1,5,1,
20,15,937,173,22,17,1,5,1,
20,16,702,162,18,18,1,5,1,
20,19,161,274,78,15,1,5,1,
21,1,185,181,101,31,1,5,1,
21,2,451,475,99,69,1,5,1,
21,3,857,0,103,43,1,5,1,
21,6,707,232,26,10,1,5,1,
21,7,259,362,62,13,1,5,1,
21,9,504,471,47,13,1,5,1,
21,10,670,167,12,15,1,5,1,
21,11,477,251,61,15,1,5,1,
21,12,447,399,94,23,1,5,1,
21,13,124,124,87,27,1,5,1,
21,14,256,164,104,24,1,5,1,
21,15,933,172,26,18,1,5,1,
21,16,701,163,18,18,1,5,1,
21,19,167,274,78,15,1,5,1,
22,1,192,184,103,29,1,5,1,
22,2,450,484,120,60,1,5,1,
22,3,871,0,89,38,1,5,1,
22,6,704,232,26,10,1,5,1,
22,7,266,362,63,13,1,5,1,
22,9,509,471,47,13,1,5,1,
22,10,671,168,12,15,1,5,1,
22,11,482,251,60,15,1,5,1,
22,12,453,399,95,23,1,5,1,
22,13,132,127,86,24,1,5,1,
22,14,267,165,104,24,1,5,1,
22,15,929,173,30,18,1,5,1,
22,16,699,164,19,18,1,5,1,
22,19,173,274,77,15,1,5,1,
23,1,201,186,101,28,1,5,1,
23,2,452,494,139,50,1,5,1,
23,3,886,0,74,24,1,5,1,
23,5,608,0,67,17,1,5,1,
23,6,702,233,25,10,1,5,1,
23,7,274,362,62,13,1,5,1,
23,9,515,470,46,13,1,5,1,
23,10,671,169,12,15,1,5,1,
23,11,487,251,59,15,1,5,1,
23,12,460,399,96,24,1,5,1,
23,13,141,130,84,22,1,5,1,
23,14,280,166,102,24,1,5,1,
23,15,925,174,34,18,1,5,1,
23,16,698,165,18,18,1,5,1,
23,19,180,273,74,15,1,5,1,
24,1,210,189,100,26,1,5,1,
24,2,456,503,157,41,1,5,1,
24,3,900,0,60,20,1,5,1,
24,5,620,0,69,20,1,5,1,
24,6,699,233,25,10,1,5,1,
24,7,282,362,62,13,1,5,1,
24,9,522,469,44,13,1,5,1,
24,10,671,170,12,15,1,5,1,
24,11,493,251,57,15,1,5,1,
24,12,468,400,94,22,1,5,1,
24,13,149,132,82,20,1,5,1,
24,14,292,167,100,23,1,5,1,
24,15,921,174,38,19,1,5,1,
24,16,697,166,18,17,1,5,1,
24,19,187,273,71,15,1,5,1,
25,1,219,191,97,24,1,5,1,
25,2,463,512,172,32,1,5,1,
25,5,628,0,74,23,1,5,1,
25,6,696,233,25,10,1,5,1,
25,7,290,362,61,13,1,5,1,
25,9,528,468,42,12,1,5,1,
25,10,672,171,11,15,1,5,1,
25,11,499,251,54,15,1,5,1,
25,12,475,399,94,23,1,5,1,
25,13,159,134,78,18,1,5,1,
25,14,304,167,98,23,1,5,1,
25,15,917,175,42,18,1,5,1,
25,16,696,167,18,17,1,5,1,
25,19,194,273,68,15,1,5,1,
26,1,228,193,95,22,1,5,1,
26,5,638,0,77,26,1,5,1,
26,6,693,234,25,9,1,5,1,
26,7,297,362,62,13,1,5,1,
26,9,534,467,41,13,1,5,1,
26,10,672,172,11,15,1,5,1,
26,11,504,251,53,15,1,5,1,
26,12,482,399,94,23,1,5,1,
26,13,167,134,76,18,1,5,1,
26,14,314,167,99,23,1,5,1,
26,15,914,176,45,18,1,5,1,
26,16,695,168,18,17,1,5,1,
26,19,200,273,65,15,1,5,1,
27,1,238,193,91,22,1,5,1,
27,5,647,0,80,28,1,5,1,
27,6,690,234,26,10,1,5,1,
27,7,305,362,61,13,1,5,1,
27,9,540,466,39,13,1,5,1,
27,10,672,174,11,14,1,5,1,
27,11,509,251,51,15,1,5,1,
27,12,490,399,92,22,1,5,1,
27,13,175,134,74,18,1,5,1,
27,14,325,167,98,23,1,5,1,
27,15,910,177,49,18,1,5,1,
27,16,693,169,19,17,1,5,1,
27,19,207,273,60,15,1,5,1,
28,1,247,193,87,22,1,5,1,
28,5,654,0,85,31,1,5,1,
28,6,688,235,25,9,1,5,1,
28,7,312,362,62,13,1,5,1,
28,9,545,464,38,14,1,5,1,
28,10,672,175,11,14,1,5,1,
28,11,513,251,50,15,1,5,1,
28,12,496,399,93,22,1,5,1,
28,13,182,135,73,17,1,5,1,
28,14,334,167,100,24,1,5,1,
28,15,906,176,53,20,1,5,1,
28,16,692,170,19,17,1,5,1,
28,19,213,272,56,16,1,5,1,
29,1,256,194,82,21,1,5,1,
29,5,660,0,91,34,1,5,1,
29,6,685,235,25,9,1,5,1,
29,7,319,362,62,13,1,5,1,
29,9,550,463,37,14,1,5,1,
29,10,672,176,11,14,1,5,1,
29,11,518,251,48,15,1,5,1,
29,12,504,398,91,23,1,5,1,
29,13,189,135,71,17,1,5,1,
29,14,344,167,100,24,1,5,1,
29,15,902,176,57,20,1,5,1,
29,16,691,171,19,16,1,5,1,
29,19,220,272,50,16,1,5,1,
30,1,265,193,77,22,1,5,1,
30,5,658,0,106,37,1,5,1,
30,6,682,235,26,9,1,5,1,
30,7,326,362,63,13,1,5,1,
30,9,555,462,36,14,1,5,1,
30,10,671,177,11,13,1,5,1,
30,11,522,252,47,14,1,5,1,
30,12,511,398,91,22,1,5,1,
30,13,195,135,71,17,1,5,1,
30,14,354,167,100,24,1,5,1,
30,15,898,176,59,21,1,5,1,
30,16,689,172,19,16,1,5,1,
30,19,225,272,47,16,1,5,1,
31,1,272,193,76,21,1,5,1,
31,5,669,0,107,39,1,5,1,
31,6,679,236,26,9,1,5,1,
31,7,334,362,63,13,1,5,1,
31,9,560,461,35,13,1,5,1,
31,10,671,178,11,13,1,5,1,
31,11,527,252,45,14,1,5,1,
31,12,518,398,90,22,1,5,1,
31,13,202,135,70,17,1,5,1,
31,14,365,168,99,24,1,5,1,
31,15,895,177,58,21,1,5,1,
31,16,688,173,19,16,1,5,1,
31,19,230,272,46,16,1,5,1,
32,1,278,193,76,21,1,5,1,
32,5,682,0,104,42,1,5,1,
32,6,676,236,26,9,1,5,1,
32,7,341,361,63,13,1,5,1,
32,9,565,460,34,13,1,5,1,
32,10,671,179,11,13,1,5,1,
32,11,531,252,44,14,1,5,1,
32,12,525,397,89,22,1,5,1,
32,13,208,135,70,17,1,5,1,
32,14,375,169,99,23,1,5,1,
32,15,891,178,58,20,1,5,1,
32,16,686,174,20,15,1,5,1,
32,19,233,272,47,16,1,5,1,
33,1,283,193,77,21,1,5,1,
33,5,697,1,99,44,1,5,1,
33,6,674,236,25,9,1,5,1,
33,7,350,361,62,13,1,5,1,
33,9,570,458,32,14,1,5,1,
33,10,670,180,11,13,1,5,1,
33,11,535,252,42,14,1,5,1,
33,12,533,397,87,21,1,5,1,
33,13,214,135,70,17,1,5,1,
33,14,386,169,98,24,1,5,1,
33,15,887,179,57,20,1,5,1,
33,16,685,175,19,15,1,5,1,
33,19,236,272,48,16,1,5,1,
34,1,287,193,79,21,1,5,1,
34,5,710,4,95,44,1,5,1,
34,6,671,237,25,8,1,5,1,
34,7,357,360,63,13,1,5,1,
34,9,574,457,31,14,1,5,1,
34,10,670,181,10,13,1,5,1,
34,11,539,252,41,14,1,5,1,
34,12,540,396,86,22,1,5,1,
34,13,220,134,70,18,1,5,1,
34,14,396,170,98,23,1,5,1,
34,15,883,180,57,20,1,5,1,
34,16,683,175,20,16,1,5,1,
34,19,239,272,50,16,1,5,1,
35,1,292,193,80,21,1,5,1,
35,5,724,7,90,44,1,5,1,
35,6,668,237,25,9,1,5,1,
35,7,365,360,62,13,1,5,1,
35,9,579,456,29,14,1,5,1,
35,10,670,182,10,12,1,5,1,
35,11,543,252,39,14,1,5,1,
35,12,547,396,85,21,1,5,1,
35,13,226,134,70,18,1,5,1,
35,14,407,170,97,23,1,5,1,
35,15,880,181,56,19,1,5,1,
35,16,681,176,21,16,1,5,1,
35,19,242,272,53,16,1,5,1,
36,1,297,193,82,21,1,5,1,
36,5,736,10,86,44,1,5,1,
36,6,666,237,24,9,1,5,1,
36,7,373,360,61,13,1,5,1,
36,9,583,454,28,14,1,5,1,
36,10,669,183,10,12,1,5,1,
36,11,547,252,37,15,1,5,1,
36,12,554,395,83,22,1,5,1,
36,13,231,134,72,18,1,5,1,
36,14,417,170,96,23,1,5,1,
36,15,876,182,56,19,1,5,1,
36,16,680,177,20,15,1,5,1,
36,19,244,272,56,16,1,5,1,
37,1,302,193,83,21,1,5,1,
37,2,739,525,74,18,1,5,1,
37,5,748,14,83,43,1,5,1,
37,6,664,238,23,9,1,5,1,
37,7,381,359,61,13,1,5,1,
37,9,587,453,27,14,1,5,1,
37,10,668,184,10,12,1,5,1,
37,11,551,253,33,14,1,5,1,
37,12,561,395,81,21,1,5,1,
37,13,237,134,72,18,1,5,1,
37,14,427,171,96,23,1,5,1,
37,15,873,183,55,18,1,5,1,
37,16,678,178,20,15,1,5,1,
37,19,247,272,58,17,1,5,1,
38,1,307,192,85,22,1,5,1,
38,2,748,523,75,20,1,5,1,
38,5,759,17,80,43,1,5,1,
38,6,662,238,21,9,1,5,1,
38,7,388,359,61,13,1,5,1,
38,9,591,452,26,13,1,5,1,
38,10,668,184,10,13,1,5,1,
38,11,556,253,27,14,1,5,1,
38,12,568,394,80,22,1,5,1,
38,13,243,134,72,18,1,5,1,
38,14,437,171,95,23,1,5,1,
38,15,869,184,55,18,1,5,1,
38,16,677,179,19,15,1,5,1,
38,19,251,272,59,17,1,5,1,
39,1,313,192,85,22,1,5,1,
39,2,755,520,77,23,1,5,1,
39,5,771,21,75,41,1,5,1,
39,6,660,239,20,9,1,5,1,
39,7,397,359,59,12,1,5,1,
39,9,595,450,24,14,1,5,1,
39,10,667,185,10,13,1,5,1,
39,11,561,253,21,14,1,5,1,
39,12,576,394,77,21,1,5,1,
39,13,249,134,72,18,1,5,1,
39,14,449,172,92,22,1,5,1,
39,15,865,184,55,19,1,5,1,
39,16,675,180,18,15,1,5,1,
39,19,255,272,60,17,1,5,1,
40,1,318,192,86,22,1,5,1,
40,2,762,518,80,25,1,5,1,
40,5,781,24,73,41,1,5,1,
40,6,660,239,17,8,1,5,1,
40,7,405,358,58,13,1,5,1,
40,9,599,449,23,14,1,5,1,
40,10,667,186,9,12,1,5,1,
40,11,563,253,21,14,1,5,1,
40,12,582,393,78,21,1,5,1,
40,13,256,135,71,17,1,5,1,
40,14,459,172,91,23,1,5,1,
40,15,862,185,54,18,1,5,1,
40,16,674,180,16,15,1,5,1,
40,19,259,272,61,17,1,5,1,
41,1,324,192,87,22,1,5,1,
41,2,768,515,82,28,1,5,1,
41,5,791,27,70,41,1,5,1,
41,6,659,239,14,9,1,5,1,
41,7,412,358,58,13,1,5,1,
41,8,948,138,11,15,1,5,1,
41,9,602,448,23,13,1,5,1,
41,10,666,187,10,12,1,5,1,
41,11,565,253,21,14,1,5,1,
41,12,588,393,77,21,1,5,1,
41,13,264,136,69,17,1,5,1,
41,14,469,172,90,23,1,5,1,
41,15,858,186,54,18,1,5,1,
41,16,674,182,12,14,1,5,1,
41,19,264,272,60,17,1,5,1,
42,1,330,192,87,22,1,5,1,
42,2,773,512,86,31,1,5,1,
42,5,801,31,67,40,1,5,1,
42,6,659,239,11,9,1,5,1,
42,7,420,357,57,13,1,5,1,
42,8,944,138,15,16,1,5,1,
42,9,605,446,23,14,1,5,1,
42,10,666,188,9,12,1,5,1,
42,11,566,253,21,13,1,5,1,
42,12,595,392,75,21,1,5,1,
42,13,272,136,66,17,1,5,1,
42,14,479,173,89,23,1,5,1,
42,15,855,187,53,17,1,5,1,
42,16,674,183,11,14,1,5,1,
42,19,269,272,60,17,1,5,1,
43,1,336,192,88,22,1,5,1,
43,2,776,510,91,33,1,5,1,
43,5,811,34,63,39,1,5,1,
43,6,658,240,9,8,1,5,1,
43,7,428,357,55,13,1,5,1,
43,8,940,139,19,17,1,5,1,
43,9,609,445,21,13,1,5,1,
43,10,666,189,9,12,1,5,1,
43,11,569,252,19,14,1,5,1,
43,12,602,392,73,20,1,5,1,
43,13,280,137,62,16,1,5,1,
43,14,490,173,86,23,1,5,1,
43,15,851,188,53,17,1,5,1,
43,16,674,184,11,13,1,5,1,
43,19,273,272,61,17,1,5,1,
44,1,342,192,88,22,1,5,1,
44,2,780,507,95,36,1,5,1,
44,5,820,37,56,40,1,5,1,
44,6,659,240,8,9,1,5,1,
44,7,435,357,55,12,1,5,1,
44,8,936,139,23,18,1,5,1,
44,9,612,444,20,13,1,5,1,
44,10,666,190,9,11,1,5,1,
44,11,572,252,17,13,1,5,1,
44,12,608,391,72,21,1,5,1,
44,13,287,137,61,15,1,5,1,
44,14,499,174,86,23,1,5,1,
44,15,848,188,52,17,1,5,1,
44,16,674,184,11,14,1,5,1,
44,19,278,272,61,17,1,5,1,
45,1,348,192,89,22,1,5,1,
45,2,784,505,98,38,1,5,1,
45,5,829,40,52,40,1,5,1,
45,6,659,240,9,9,1,5,1,
45,7,443,356,53,13,1,5,1,
45,8,931,141,29,18,1,5,1,
45,9,615,442,19,13,1,5,1,
45,10,666,191,9,11,1,5,1,
45,11,575,252,15,13,1,5,1,
45,12,615,391,70,20,1,5,1,
45,13,292,136,62,16,1,5,1,
45,14,509,174,84,23,1,5,1,
45,15,844,189,52,17,1,5,1,
45,16,674,185,11,13,1,5,1,
45,19,282,272,63,17,1,5,1,
46,1,354,192,90,21,1,5,1,
46,2,787,502,101,41,1,5,1,
46,5,836,43,50,40,1,5,1,
46,6,660,241,8,8,1,5,1,
46,7,450,356,53,12,1,5,1,
46,8,928,142,31,18,1,5,1,
46,9,618,441,18,13,1,5,1,
46,10,665,191,9,11,1,5,1,
46,11,578,252,13,12,1,5,1,
46,12,621,390,69,20,1,5,1,
46,13,296,135,65,16,1,5,1,
46,14,518,175,83,22,1,5,1,
46,15,841,190,52,16,1,5,1,
46,16,674,186,11,13,1,5,1,
46,19,287,272,64,17,1,5,1,
47,1,360,191,90,22,1,5,1,
47,2,795,499,100,44,1,5,1,
47,5,843,47,47,39,1,5,1,
47,6,660,241,8,8,1,5,1,
47,7,457,355,52,12,1,5,1,
47,8,924,141,35,20,1,5,1,
47,9,621,440,17,13,1,5,1,
47,10,665,192,9,11,1,5,1,
47,11,578,251,14,13,1,5,1,
47,12,627,389,67,21,1,5,1,
47,13,299,134,68,17,1,5,1,
47,14,528,176,80,22,1,5,1,
47,15,838,191,51,16,1,5,1,
47,19,291,272,66,17,1,5,1,
48,1,365,191,92,22,1,5,1,
48,2,803,497,98,46,1,5,1,
48,5,849,50,45,38,1,5,1,
48,6,660,241,8,8,1,5,1,
48,7,463,355,52,12,1,5,1,
48,8,920,142,38,21,1,5,1,
48,9,623,438,17,13,1,5,1,
48,10,665,193,9,10,1,5,1,
48,11,578,252,14,12,1,5,1,
48,12,632,389,67,20,1,5,1,
48,13,302,133,72,18,1,5,1,
48,14,536,176,80,22,1,5,1,
48,15,834,191,51,16,1,5,1,
48,19,295,272,68,17,1,5,1,
49,1,371,191,93,22,1,5,1,
49,2,815,494,92,49,1,5,1,
49,5,856,53,42,38,1,5,1,
49,6,660,241,8,8,1,5,1,
49,7,471,354,50,12,1,5,1,
49,8,916,144,37,20,1,5,1,
49,9,626,437,15,13,1,5,1,
49,10,664,193,9,11,1,5,1,
49,11,578,252,14,12,1,5,1,
49,12,639,388,64,20,1,5,1,
49,13,308,133,72,18,1,5,1,
49,14,546,177,78,22,1,5,1,
49,15,831,192,50,16,1,5,1,
49,19,300,272,68,17,1,5,1,
50,1,376,191,94,22,1,5,1,
50,2,824,492,89,48,1,5,1,
50,5,861,56,40,38,1,5,1,
50,6,660,241,8,8,1,5,1,
50,7,477,354,49,12,1,5,1,
50,8,912,145,38,20,1,5,1,
50,9,629,435,13,14,1,5,1,
50,10,664,194,9,11,1,5,1,
50,11,578,252,13,12,1,5,1,
50,12,644,387,63,21,1,5,1,
50,13,314,134,72,18,1,5,1,
50,14,554,177,77,22,1,5,1,
50,15,828,193,50,15,1,5,1,
50,19,304,272,70,17,1,5,1,
51,1,383,191,94,22,1,5,1,
51,2,834,489,84,48,1,5,1,
51,5,867,60,38,36,1,5,1,
51,6,660,242,8,8,1,5,1,
51,7,484,353,48,12,1,5,1,
51,8,908,147,37,19,1,5,1,
51,9,631,434,13,13,1,5,1,
51,10,663,195,9,10,1,5,1,
51,11,577,252,14,12,1,5,1,
51,12,650,386,61,21,1,5,1,
51,13,322,135,70,17,1,5,1,
51,14,563,178,75,22,1,5,1,
51,15,824,193,50,16,1,5,1,
51,19,310,272,70,17,1,5,1,
52,1,389,191,95,23,1,5,1,
52,2,843,486,80,47,1,5,1,
52,5,872,63,37,36,1,5,1,
52,6,660,242,8,8,1,5,1,
52,7,490,353,47,11,1,5,1,
52,8,905,148,36,20,1,5,1,
52,9,632,432,13,13,1,5,1,
52,10,663,195,8,11,1,5,1,
52,11,577,252,13,12,1,5,1,
52,12,655,386,60,20,1,5,1,
52,13,328,135,70,16,1,5,1,
52,14,571,179,74,21,1,5,1,
52,19,315,272,71,17,1,5,1,
53,1,396,192,95,21,1,5,1,
53,2,852,484,76,46,1,5,1,
53,5,876,66,36,36,1,5,1,
53,6,660,242,8,8,1,5,1,
53,7,496,352,47,12,1,5,1,
53,8,901,150,36,19,1,5,1,
53,9,634,431,12,13,1,5,1,
53,10,662,196,9,10,1,5,1,
53,11,576,252,14,12,1,5,1,
53,12,660,385,59,20,1,5,1,
53,13,333,134,71,17,1,5,1,
53,14,579,179,73,22,1,5,1,
53,19,320,272,72,17,1,5,1,
54,1,404,192,94,21,1,5,1,
54,2,860,481,73,46,1,5,1,
54,5,881,69,34,35,1,5,1,
54,6,660,242,8,8,1,5,1,
54,7,502,351,46,12,1,5,1,
54,8,897,151,37,19,1,5,1,
54,9,636,430,11,12,1,5,1,
54,10,661,197,9,10,1,5,1,
54,11,576,253,13,11,1,5,1,
54,12,665,384,58,20,1,5,1,
54,13,338,134,73,17,1,5,1,
54,14,586,180,73,21,1,5,1,
54,19,325,272,72,17,1,5,1,
55,1,414,192,91,21,1,5,1,
55,2,868,479,69,45,1,5,1,
55,5,885,72,33,34,1,5,1,
55,6,659,243,8,7,1,5,1,
55,7,508,351,46,11,1,5,1,
55,8,894,153,36,18,1,5,1,
55,9,638,428,11,13,1,5,1,
55,10,661,197,8,10,1,5,1,
55,11,575,253,13,11,1,5,1,
55,12,670,384,56,20,1,5,1,
55,13,345,135,72,17,1,5,1,
55,14,594,181,73,21,1,5,1,
55,19,331,272,72,17,1,5,1,
56,1,423,191,88,22,1,5,1,
56,2,876,476,65,45,1,5,1,
56,5,889,75,32,34,1,5,1,
56,7,514,350,45,12,1,5,1,
56,8,890,154,36,18,1,5,1,
56,9,639,427,11,12,1,5,1,
56,10,660,198,9,10,1,5,1,
56,11,574,253,14,11,1,5,1,
56,12,675,383,55,20,1,5,1,
56,13,353,136,69,15,1,5,1,
56,14,602,181,72,21,1,5,1,
56,19,337,271,71,18,1,5,1,
57,1,432,190,84,22,1,5,1,
57,2,883,473,61,45,1,5,1,
57,5,892,78,31,33,1,5,1,
57,7,519,350,45,11,1,5,1,
57,8,887,155,35,18,1,5,1,
57,9,641,426,10,12,1,5,1,
57,10,659,199,9,9,1,5,1,
57,11,574,253,13,11,1,5,1,
57,12,679,382,54,20,1,5,1,
57,13,360,135,68,16,1,5,1,
57,14,609,182,71,21,1,5,1,
57,19,342,271,72,18,1,5,1,
58,1,439,190,83,21,1,5,1,
58,2,890,471,58,44,1,5,1,
58,5,896,80,29,34,1,5,1,
58,7,525,349,44,12,1,5,1,
58,8,883,157,35,17,1,5,1,
58,9,642,425,10,12,1,5,1,
58,10,658,199,10,10,1,5,1,
58,11,573,253,14,11,1,5,1,
58,12,684,381,53,20,1,5,1,
58,13,366,135,68,15,1,5,1,
58,14,616,183,71,20,1,5,1,
58,19,347,271,73,18,1,5,1,
59,1,446,189,83,22,1,5,1,
59,2,897,468,54,44,1,5,1,
59,5,899,83,28,33,1,5,1,
59,7,531,349,43,11,1,5,1,
59,8,880,158,34,17,1,5,1,
59,9,644,423,8,12,1,5,1,
59,10,658,200,9,10,1,5,1,
59,11,572,253,15,12,1,5,1,
59,12,689,381,51,19,1,5,1,
59,13,372,134,68,16,1,5,1,
59,14,624,183,69,21,1,5,1,
59,19,353,271,73,18,1,5,1,
60,1,451,188,85,22,1,5,1,
60,2,905,464,48,45,1,5,1,
60,5,900,86,28,32,1,5,1,
60,7,537,348,41,11,1,5,1,
60,8,876,160,34,16,1,5,1,
60,9,645,422,8,12,1,5,1,
60,10,657,201,9,9,1,5,1,
60,11,571,254,15,10,1,5,1,
60,12,694,380,49,19,1,5,1,
60,13,379,134,67,16,1,5,1,
60,14,633,184,66,20,1,5,1,
60,19,359,271,73,19,1,5,1,
61,1,456,188,87,22,1,5,1,
61,2,911,460,44,47,1,5,1,
61,5,902,89,27,32,1,5,1,
61,7,543,348,40,11,1,5,1,
61,8,873,161,34,16,1,5,1,
61,9,646,421,8,12,1,5,1,
61,10,656,201,10,10,1,5,1,
61,11,570,254,16,11,1,5,1,
61,12,698,379,48,20,1,5,1,
61,13,383,133,70,16,1,5,1,
61,14,640,184,65,20,1,5,1,
61,19,364,271,74,19,1,5,1,
62,1,460,187,90,23,1,5,1,
62,2,913,456,44,48,1,5,1,
62,5,903,91,27,32,1,5,1,
62,7,548,347,39,11,1,5,1,
62,8,870,162,33,16,1,5,1,
62,9,646,419,8,12,1,5,1,
62,10,655,202,10,9,1,5,1,
62,11,569,254,16,11,1,5,1,
62,12,702,378,47,20,1,5,1,
62,13,388,133,71,16,1,5,1,
62,14,646,185,65,20,1,5,1,
62,19,369,271,76,19,1,5,1,
63,1,465,187,93,22,1,5,1,
63,2,915,454,44,46,1,5,1,
63,5,904,94,26,31,1,5,1,
63,7,553,347,38,11,1,5,1,
63,8,866,163,34,16,1,5,1,
63,9,647,418,8,12,1,5,1,
63,10,654,202,10,9,1,5,1,
63,11,567,254,17,11,1,5,1,
63,12,707,378,44,19,1,5,1,
63,13,394,132,71,16,1,5,1,
63,14,654,185,63,20,1,5,1,
63,19,374,271,77,19,1,5,1,
64,1,470,186,95,23,1,5,1,
64,2,921,453,39,42,1,5,1,
64,5,905,97,26,30,1,5,1,
64,7,558,346,37,11,1,5,1,
64,8,863,164,33,16,1,5,1,
64,9,647,417,8,12,1,5,1,
64,10,653,203,10,9,1,5,1,
64,11,566,254,17,11,1,5,1,
64,12,711,377,43,19,1,5,1,
64,13,399,132,73,16,1,5,1,
64,14,660,186,62,20,1,5,1,
64,19,380,272,78,18,1,5,1,
65,1,475,185,98,23,1,5,1,
65,2,922,452,38,38,1,5,1,
65,5,905,100,26,29,1,5,1,
65,7,563,345,36,11,1,5,1,
65,8,860,166,32,15,1,5,1,
65,9,647,416,8,11,1,5,1,
65,10,652,204,10,8,1,5,1,
65,11,565,254,17,11,1,5,1,
65,12,715,376,41,19,1,5,1,
65,13,405,132,73,16,1,5,1,
65,14,667,187,61,19,1,5,1,
65,19,386,272,78,18,1,5,1,
66,1,480,185,100,23,1,5,1,
66,2,925,450,35,37,1,5,1,
66,5,906,102,26,30,1,5,1,
66,7,568,345,35,11,1,5,1,
66,8,856,167,33,15,1,5,1,
66,9,648,415,8,11,1,5,1,
66,10,651,204,10,9,1,5,1,
66,11,563,255,18,10,1,5,1,
66,12,719,375,37,20,1,5,1,
66,13,410,131,75,16,1,5,1,
66,14,673,187,60,20,1,5,1,
66,19,391,272,80,18,1,5,1,
67,1,486,184,102,23,1,5,1,
67,2,929,448,31,36,1,5,1,
67,5,906,105,26,29,1,5,1,
67,7,573,344,33,11,1,5,1,
67,8,851,168,35,15,1,5,1,
67,9,648,413,8,12,1,5,1,
67,10,650,205,10,8,1,5,1,
67,11,562,255,18,10,1,5,1,
67,12,726,375,30,19,1,5,1,
67,13,416,131,75,16,1,5,1,
67,14,680,188,59,19,1,5,1,
67,19,397,272,81,18,1,5,1,
68,1,491,184,105,23,1,5,1,
68,2,934,448,26,34,1,5,1,
68,5,907,107,25,29,1,5,1,
68,7,578,344,31,10,1,5,1,
68,8,845,169,39,15,1,5,1,
68,9,647,412,9,11,1,5,1,
68,10,648,205,11,9,1,5,1,
68,11,561,255,18,10,1,5,1,
68,12,732,374,25,19,1,5,1,
68,13,422,131,76,16,1,5,1,
68,14,686,188,58,20,1,5,1,
68,19,403,272,82,18,1,5,1,
69,1,498,183,106,24,1,5,1,
69,2,938,446,22,33,1,5,1,
69,5,907,110,25,27,1,5,1,
69,7,582,343,30,11,1,5,1,
69,8,841,170,40,15,1,5,1,
69,9,646,411,10,11,1,5,1,
69,10,647,206,11,8,1,5,1,
69,11,559,255,18,10,1,5,1,
69,12,737,373,20,19,1,5,1,
69,13,428,130,76,17,1,5,1,
69,14,693,189,56,19,1,5,1,
69,19,409,272,82,18,1,5,1,
70,1,503,183,108,23,1,5,1,
70,2,942,444,18,33,1,5,1,
70,5,907,112,25,27,1,5,1,
70,7,587,342,28,11,1,5,1,
70,8,837,171,40,15,1,5,1,
70,9,643,410,14,11,1,5,1,
70,11,558,255,18,10,1,5,1,
70,12,737,372,20,19,1,5,1,
70,13,434,130,77,16,1,5,1,
70,14,699,189,55,19,1,5,1,
70,19,415,272,83,18,1,5,1,
71,1,509,182,110,24,1,5,1,
71,5,907,114,24,27,1,5,1,
71,7,591,342,26,10,1,5,1,
71,8,833,172,40,14,1,5,1,
71,9,640,408,17,11,1,5,1,
71,11,556,255,19,10,1,5,1,
71,12,737,371,20,19,1,5,1,
71,13,439,130,78,16,1,5,1,
71,14,705,190,53,19,1,5,1,
71,19,421,272,84,18,1,5,1,
72,1,515,181,111,24,1,5,1,
72,3,947,130,12,19,1,5,1,
72,5,907,116,24,27,1,5,1,
72,7,594,341,26,11,1,5,1,
72,8,829,173,41,14,1,5,1,
72,9,636,407,21,11,1,5,1,
72,11,554,255,20,10,1,5,1,
72,12,737,370,20,19,1,5,1,
72,13,445,129,79,17,1,5,1,
72,14,710,191,53,18,1,5,1,
72,19,427,272,85,19,1,5,1,
73,1,521,180,112,25,1,5,1,
73,3,943,130,16,21,1,5,1,
73,5,907,119,23,26,1,5,1,
73,7,598,341,24,10,1,5,1,
73,8,824,174,41,14,1,5,1,
73,9,633,406,23,11,1,5,1,
73,11,552,255,20,10,1,5,1,
73,12,737,369,19,19,1,5,1,
73,13,451,129,79,17,1,5,1,
73,14,716,191,51,19,1,5,1,
73,19,434,272,85,19,1,5,1,
74,1,527,178,113,26,1,5,1,
74,3,938,129,21,24,1,5,1,
74,5,907,121,23,26,1,5,1,
74,7,601,340,23,10,1,5,1,
74,8,820,175,41,14,1,5,1,
74,9,630,405,25,11,1,5,1,
74,11,550,256,21,9,1,5,1,
74,12,737,368,19,19,1,5,1,
74,13,457,129,79,17,1,5,1,
74,14,721,192,50,18,1,5,1,
74,18,949,158,10,13,1,5,1,
74,19,440,272,86,19,1,5,1,
75,1,535,177,110,26,1,5,1,
75,3,934,127,25,27,1,5,1,
75,5,909,124,22,23,1,5,1,
75,7,606,339,20,10,1,5,1,
75,8,816,176,39,13,1,5,1,
75,9,628,404,24,10,1,5,1,
75,12,737,367,18,18,1,5,1,
75,13,465,128,78,18,1,5,1,
75,14,728,192,47,18,1,5,1,
75,18,945,157,14,15,1,5,1,
75,19,448,272,85,19,1,5,1,
76,1,542,176,108,27,1,5,1,
76,3,932,129,27,26,1,5,1,
76,5,911,126,22,23,1,5,1,
76,7,609,339,19,10,1,5,1,
76,8,813,177,38,13,1,5,1,
76,9,625,403,25,10,1,5,1,
76,12,736,366,19,18,1,5,1,
76,13,471,128,78,18,1,5,1,
76,14,733,193,47,18,1,5,1,
76,18,944,157,15,15,1,5,1,
76,19,455,273,84,18,1,5,1,
77,1,550,175,107,28,1,5,1,
77,3,929,129,30,28,1,5,1,
77,5,912,128,22,22,1,5,1,
77,7,612,338,18,10,1,5,1,
77,8,809,178,38,13,1,5,1,
77,9,622,402,26,10,1,5,1,
77,12,736,365,18,18,1,5,1,
77,13,477,128,78,18,1,5,1,
77,14,739,193,42,18,1,5,1,
77,18,941,156,18,17,1,5,1,
77,19,461,273,85,18,1,5,1,
78,1,557,175,106,28,1,5,1,
78,3,926,130,33,28,1,5,1,
78,5,913,130,22,22,1,5,1,
78,7,615,338,17,9,1,5,1,
78,8,805,179,38,13,1,5,1,
78,9,619,401,26,10,1,5,1,
78,12,736,364,18,18,1,5,1,
78,13,483,128,78,18,1,5,1,
78,14,745,194,36,17,1,5,1,
78,18,938,157,21,17,1,5,1,
78,19,468,273,85,18,1,5,1,
79,1,566,176,101,28,1,5,1,
79,3,922,131,37,29,1,5,1,
79,5,914,131,22,22,1,5,1,
79,7,617,337,16,10,1,5,1,
79,8,801,180,38,12,1,5,1,
79,9,617,400,26,10,1,5,1,
79,12,735,363,19,18,1,5,1,
79,13,489,128,77,19,1,5,1,
79,14,752,194,30,18,1,5,1,
79,18,936,157,23,18,1,5,1,
79,19,475,273,84,18,1,5,1,
80,1,574,177,96,28,1,5,1,
80,3,918,132,41,29,1,5,1,
80,5,914,133,22,22,1,5,1,
80,7,620,337,14,9,1,5,1,
80,8,797,181,38,12,1,5,1,
80,9,614,399,26,10,1,5,1,
80,12,735,362,19,18,1,5,1,
80,13,495,129,76,19,1,5,1,
80,14,758,195,25,17,1,5,1,
80,18,933,158,26,18,1,5,1,
80,19,482,273,83,18,1,5,1,
81,1,583,177,89,30,1,5,1,
81,3,913,134,46,28,1,5,1,
81,5,914,134,22,22,1,5,1,
81,7,623,336,12,9,1,5,1,
81,8,794,182,36,12,1,5,1,
81,9,611,398,26,10,1,5,1,
81,12,734,361,20,18,1,5,1,
81,13,503,130,73,18,1,5,1,
81,14,763,195,20,18,1,5,1,
81,18,928,159,31,18,1,5,1,
81,19,490,273,81,18,1,5,1,
82,1,591,178,83,30,1,5,1,
82,3,909,135,50,28,1,5,1,
82,5,914,136,21,21,1,5,1,
82,7,626,336,9,9,1,5,1,
82,8,790,182,36,12,1,5,1,
82,9,608,398,26,9,1,5,1,
82,12,733,361,22,17,1,5,1,
82,13,509,130,72,19,1,5,1,
82,14,766,196,19,17,1,5,1,
82,18,926,160,33,18,1,5,1,
82,19,498,273,79,18,1,5,1,
83,1,597,179,82,29,1,5,1,
83,3,906,133,53,32,1,5,1,
83,5,915,138,21,20,1,5,1,
83,7,627,335,9,9,1,5,1,
83,8,786,183,37,12,1,5,1,
83,9,605,397,27,9,1,5,1,
83,12,732,360,22,17,1,5,1,
83,13,516,130,70,19,1,5,1,
83,14,768,197,19,17,1,5,1,
83,18,923,161,36,18,1,5,1,
83,19,505,273,78,18,1,5,1,
84,1,603,181,81,28,1,5,1,
84,3,903,133,56,33,1,5,1,
84,5,916,140,21,20,1,5,1,
84,7,628,334,8,9,1,5,1,
84,8,783,184,36,12,1,5,1,
84,9,602,396,27,9,1,5,1,
84,12,731,359,23,17,1,5,1,
84,13,522,130,69,19,1,5,1,
84,14,768,198,24,17,1,5,1,
84,18,919,159,40,21,1,5,1,
84,19,512,273,76,18,1,5,1,
85,1,608,182,81,27,1,5,1,
85,3,900,135,56,32,1,5,1,
85,5,917,141,21,20,1,5,1,
85,7,628,334,9,9,1,5,1,
85,8,779,185,36,11,1,5,1,
85,12,730,358,23,16,1,5,1,
85,13,528,129,67,20,1,5,1,
85,14,767,199,31,17,1,5,1,
85,18,917,160,42,20,1,5,1,
85,19,518,273,77,18,1,5,1,
86,1,613,183,81,27,1,5,1,
86,3,896,136,56,32,1,5,1,
86,5,919,143,20,19,1,5,1,
86,7,629,333,8,9,1,5,1,
86,8,775,186,36,11,1,5,1,
86,12,729,357,23,17,1,5,1,
86,13,534,129,66,20,1,5,1,
86,14,768,200,31,17,1,5,1,
86,18,914,161,42,20,1,5,1,
86,19,524,273,77,18,1,5,1,
87,1,618,184,80,27,1,5,1,
87,3,893,138,55,32,1,5,1,
87,5,919,144,20,19,1,5,1,
87,7,629,332,8,9,1,5,1,
87,8,772,186,36,12,1,5,1,
87,12,728,356,23,17,1,5,1,
87,13,540,130,64,20,1,5,1,
87,14,770,201,30,17,1,5,1,
87,18,912,162,41,20,1,5,1,
87,19,530,273,76,18,1,5,1,
88,1,623,185,79,26,1,5,1,
88,3,889,140,55,31,1,5,1,
88,5,920,146,20,19,1,5,1,
88,7,629,332,8,9,1,5,1,
88,8,768,187,36,11,1,5,1,
88,12,727,356,23,16,1,5,1,
88,13,546,130,62,21,1,5,1,
88,14,773,202,29,17,1,5,1,
88,18,909,163,41,20,1,5,1,
88,19,537,273,74,18,1,5,1,
89,1,629,186,76,26,1,5,1,
89,3,885,142,55,30,1,5,1,
89,5,921,147,19,19,1,5,1,
89,7,629,331,9,9,1,5,1,
89,8,765,188,35,11,1,5,1,
89,12,726,355,23,16,1,5,1,
89,13,552,130,60,21,1,5,1,
89,14,775,203,29,16,1,5,1,
89,18,906,164,41,20,1,5,1,
89,19,543,273,73,18,1,5,1,
90,1,637,187,72,25,1,5,1,
90,3,882,144,52,29,1,5,1,
90,5,921,149,19,18,1,5,1,
90,7,629,331,9,8,1,5,1,
90,8,761,189,34,10,1,5,1,
90,12,724,354,24,15,1,5,1,
90,13,561,131,55,21,1,5,1,
90,14,779,204,27,16,1,5,1,
90,18,903,165,39,19,1,5,1,
90,19,553,273,68,17,1,5,1,
91,1,644,187,68,26,1,5,1,
91,3,878,145,52,29,1,5,1,
91,5,922,150,19,18,1,5,1,
91,7,629,330,9,8,1,5,1,
91,8,758,189,32,11,1,5,1,
91,12,723,353,24,15,1,5,1,
91,13,567,131,53,22,1,5,1,
91,14,783,204,26,16,1,5,1,
91,18,898,166,42,19,1,5,1,
91,19,561,273,65,17,1,5,1,
92,1,648,188,67,25,1,5,1,
92,3,874,146,53,29,1,5,1,
92,5,922,151,19,18,1,5,1,
92,7,629,330,9,8,1,5,1,
92,8,754,190,34,10,1,5,1,
92,12,722,352,24,15,1,5,1,
92,13,571,132,53,22,1,5,1,
92,14,785,205,25,15,1,5,1,
92,18,897,167,41,19,1,5,1,
92,19,566,273,65,17,1,5,1,
93,1,654,188,64,26,1,5,1,
93,3,871,148,52,28,1,5,1,
93,5,922,153,19,17,1,5,1,
93,7,629,329,9,8,1,5,1,
93,8,750,191,33,10,1,5,1,
93,12,721,352,24,14,1,5,1,
93,13,576,133,52,22,1,5,1,
93,14,788,205,24,16,1,5,1,
93,18,892,168,42,18,1,5,1,
93,19,573,273,63,17,1,5,1,
94,1,659,189,62,25,1,5,1,
94,3,867,150,53,27,1,5,1,
94,5,922,154,19,17,1,5,1,
94,7,629,328,8,8,1,5,1,
94,8,747,191,33,10,1,5,1,
94,12,719,351,25,14,1,5,1,
94,13,581,134,50,22,1,5,1,
94,14,791,206,23,15,1,5,1,
94,18,891,169,40,18,1,5,1,
94,19,579,273,61,17,1,5,1,
95,1,662,190,62,25,1,5,1,
95,3,864,151,53,27,1,5,1,
95,5,922,155,19,17,1,5,1,
95,7,628,328,9,8,1,5,1,
95,8,744,192,33,10,1,5,1,
95,12,718,350,24,15,1,5,1,
95,13,585,135,50,21,1,5,1,
95,14,793,207,23,15,1,5,1,
95,18,887,170,42,18,1,5,1,
95,19,584,273,60,17,1,5,1,
96,1,666,190,60,25,1,5,1,
96,3,864,152,49,27,1,5,1,
96,5,922,156,19,17,1,5,1,
96,7,628,327,9,8,1,5,1,
96,8,740,192,34,10,1,5,1,
96,12,717,350,24,14,1,5,1,
96,13,588,136,50,21,1,5,1,
96,14,794,207,24,15,1,5,1,
96,18,885,171,41,18,1,5,1,
96,19,588,273,60,17,1,5,1,
97,1,670,191,62,24,1,5,1,
97,3,862,154,45,26,1,5,1,
97,5,923,158,18,16,1,5,1,
97,7,627,327,9,8,1,5,1,
97,8,737,193,33,10,1,5,1,
97,12,715,349,25,14,1,5,1,
97,13,593,137,48,21,1,5,1,
97,14,797,208,22,15,1,5,1,
97,18,883,172,39,17,1,5,1,
97,19,594,273,58,17,1,5,1,
98,1,673,191,65,23,1,5,1,
98,3,860,155,42,26,1,5,1,
98,5,923,159,18,16,1,5,1,
98,7,627,326,9,8,1,5,1,
98,8,734,194,33,9,1,5,1,
98,12,714,348,25,14,1,5,1,
98,13,596,138,49,21,1,5,1,
98,14,799,208,22,15,1,5,1,
98,18,880,172,39,18,1,5,1,
98,19,599,273,57,17,1,5,1,
99,1,677,191,64,23,1,5,1,
99,3,857,157,41,25,1,5,1,
99,5,923,160,18,16,1,5,1,
99,7,626,326,10,8,1,5,1,
99,8,731,194,32,10,1,5,1,
99,12,712,348,25,13,1,5,1,
99,13,601,139,47,20,1,5,1,
99,14,801,209,21,14,1,5,1,
99,18,875,173,41,18,1,5,1,
99,19,604,273,56,16,1,5,1,
100,1,683,190,56,24,1,5,1,
100,3,854,158,41,25,1,5,1,
100,5,923,161,18,16,1,5,1,
100,7,625,325,10,8,1,5,1,
100,12,711,347,25,14,1,5,1,
100,13,605,140,46,20,1,5,1,
100,14,804,209,20,15,1,5,1,
100,18,869,174,46,17,1,5,1,
100,19,610,273,53,16,1,5,1,
101,1,690,190,47,25,1,5,1,
101,3,851,159,41,25,1,5,1,
101,5,923,162,17,16,1,5,1,
101,7,625,325,10,7,1,5,1,
101,12,709,346,26,14,1,5,1,
101,13,609,140,44,21,1,5,1,
101,14,806,210,19,14,1,5,1,
101,18,865,175,49,17,1,5,1,
101,19,615,272,50,17,1,5,1,
102,1,697,191,40,24,1,5,1,
102,3,848,160,42,24,1,5,1,
102,5,922,163,17,16,1,5,1,
102,7,624,324,10,8,1,5,1,
102,12,708,346,25,13,1,5,1,
102,13,613,141,42,21,1,5,1,
102,14,808,210,18,15,1,5,1,
102,18,862,176,50,17,1,5,1,
102,19,621,271,47,17,1,5,1,
103,1,706,191,30,25,1,5,1,
103,3,842,162,46,23,1,5,1,
103,5,921,164,17,16,1,5,1,
103,7,623,324,11,7,1,5,1,
103,12,706,345,26,13,1,5,1,
103,13,618,142,39,21,1,5,1,
103,14,810,211,16,14,1,5,1,
103,18,858,177,51,16,1,5,1,
103,19,626,271,44,16,1,5,1,
104,1,712,191,25,26,1,5,1,
104,3,839,163,48,23,1,5,1,
104,5,920,165,17,16,1,5,1,
104,7,622,323,11,8,1,5,1,
104,12,705,344,25,14,1,5,1,
104,13,621,143,39,21,1,5,1,
104,14,811,212,16,14,1,5,1,
104,18,854,177,52,17,1,5,1,
104,19,630,270,43,17,1,5,1,
105,1,714,191,26,27,1,5,1,
105,3,836,164,49,23,1,5,1,
105,5,919,166,17,16,1,5,1,
105,7,621,323,11,7,1,5,1,
105,12,703,344,26,13,1,5,1,
105,13,625,144,37,21,1,5,1,
105,14,812,212,16,14,1,5,1,
105,18,850,178,52,16,1,5,1,
105,19,634,270,41,16,1,5,1,
106,1,713,192,32,27,1,5,1,
106,3,832,165,50,23,1,5,1,
106,5,918,167,17,16,1,5,1,
106,7,620,322,11,7,1,5,1,
106,12,701,343,26,13,1,5,1,
106,13,628,145,37,21,1,5,1,
106,14,813,213,16,14,1,5,1,
106,18,847,179,51,16,1,5,1,
106,19,637,270,41,16,1,5,1,
107,1,711,194,37,26,1,5,1,
107,3,829,166,50,23,1,5,1,
107,5,918,169,16,15,1,5,1,
107,7,619,321,11,8,1,5,1,
107,12,700,342,25,13,1,5,1,
107,13,631,146,37,21,1,5,1,
107,14,814,213,15,14,1,5,1,
107,18,843,180,51,15,1,5,1,
107,19,640,271,40,16,1,5,1,
108,1,710,195,40,25,1,5,1,
108,3,826,167,50,22,1,5,1,
108,5,917,170,16,15,1,5,1,
108,7,618,321,11,7,1,5,1,
108,12,698,342,26,13,1,5,1,
108,13,634,147,36,21,1,5,1,
108,14,815,214,15,14,1,5,1,
108,18,840,181,51,15,1,5,1,
108,19,642,271,40,16,1,5,1,
109,1,711,197,41,24,1,5,1,
109,3,823,168,49,22,1,5,1,
109,5,916,171,16,15,1,5,1,
109,7,616,320,12,8,1,5,1,
109,12,697,341,25,13,1,5,1,
109,13,637,148,35,21,1,5,1,
109,14,816,215,15,13,1,5,1,
109,19,644,271,42,16,1,5,1,
110,1,712,198,38,23,1,5,1,
110,3,819,169,51,22,1,5,1,
110,5,915,172,16,14,1,5,1,
110,7,616,320,11,7,1,5,1,
110,12,695,340,26,13,1,5,1,
110,13,639,149,35,20,1,5,1,
110,14,817,215,14,13,1,5,1,
110,19,646,271,42,15,1,5,1,
111,1,716,199,34,22,1,5,1,
111,3,816,170,50,22,1,5,1,
111,5,914,173,15,14,1,5,1,
111,7,614,320,12,7,1,5,1,
111,12,693,340,26,12,1,5,1,
111,13,642,150,33,20,1,5,1,
111,14,817,216,15,13,1,5,1,
111,19,649,270,41,16,1,5,1,
112,1,720,199,32,23,1,5,1,
112,3,813,171,50,21,1,5,1,
112,5,913,174,15,14,1,5,1,
112,7,612,320,14,7,1,5,1,
112,12,691,340,27,12,1,5,1,
112,13,645,151,32,20,1,5,1,
112,14,818,216,14,13,1,5,1,
112,19,652,270,41,16,1,5,1,
113,1,723,200,32,23,1,5,1,
113,3,809,172,51,21,1,5,1,
113,5,912,175,15,14,1,5,1,
113,7,610,320,15,6,1,5,1,
113,12,689,339,27,12,1,5,1,
113,13,648,152,31,20,1,5,1,
113,14,818,217,15,13,1,5,1,
113,19,656,270,39,16,1,5,1,
114,1,724,201,30,22,1,5,1,
114,3,806,173,51,21,1,5,1,
114,5,911,176,15,14,1,5,1,
114,7,607,320,18,6,1,5,1,
114,12,687,339,28,12,1,5,1,
114,13,650,153,31,19,1,5,1,
114,14,819,217,14,13,1,5,1,
114,19,659,270,38,16,1,5,1,
115,1,727,202,28,21,1,5,1,
115,3,803,174,50,20,1,5,1,
115,5,909,177,16,14,1,5,1,
115,7,604,319,20,7,1,5,1,
115,12,686,338,28,12,1,5,1,
115,13,653,154,29,19,1,5,1,
115,14,819,218,14,12,1,5,1,
115,19,663,270,35,15,1,5,1,
116,1,730,202,26,22,1,5,1,
116,3,800,175,49,20,1,5,1,
116,5,908,178,16,13,1,5,1,
116,7,602,319,21,6,1,5,1,
116,13,656,155,28,19,1,5,1,
116,14,819,218,15,13,1,5,1,
116,19,667,270,33,15,1,5,1,
117,1,732,202,25,23,1,5,1,
117,3,796,176,50,20,1,5,1,
117,5,907,179,16,13,1,5,1,
117,7,600,319,22,6,1,5,1,
117,13,658,156,28,19,1,5,1,
117,14,820,219,14,12,1,5,1,
117,19,670,271,32,14,1,5,1,
118,1,732,203,26,22,1,5,1,
118,3,793,177,51,19,1,5,1,
118,5,905,179,17,14,1,5,1,
118,7,597,318,23,7,1,5,1,
118,13,660,157,27,18,1,5,1,
118,14,820,219,14,12,1,5,1,
118,19,672,271,32,14,1,5,1,
119,1,733,204,26,21,1,5,1,
119,3,790,178,50,19,1,5,1,
119,5,904,180,17,14,1,5,1,
119,7,595,318,23,6,1,5,1,
119,13,662,158,26,18,1,5,1,
119,14,820,220,14,12,1,5,1,
119,19,675,271,30,14,1,5,1,
120,1,734,205,25,21,1,5,1,
120,3,787,179,50,19,1,5,1,
120,5,903,181,17,14,1,5,1,
120,7,593,318,23,6,1,5,1,
120,13,664,159,26,18,1,5,1,
120,14,821,220,13,12,1,5,1,
120,19,677,271,30,14,1,5,1,
121,1,736,206,24,20,1,5,1,
121,3,783,180,51,18,1,5,1,
121,5,901,182,17,13,1,5,1,
121,7,590,317,24,7,1,5,1,
121,13,667,160,24,18,1,5,1,
121,14,821,220,13,12,1,5,1,
121,19,680,271,28,14,1,5,1,
122,1,738,206,22,21,1,5,1,
122,3,780,180,51,19,1,5,1,
122,5,899,183,18,13,1,5,1,
122,7,588,317,24,6,1,5,1,
122,13,669,160,23,18,1,5,1,
122,14,821,221,13,12,1,5,1,
122,19,683,271,27,14,1,5,1,
123,1,739,207,22,20,1,5,1,
123,3,777,181,50,18,1,5,1,
123,5,898,184,18,13,1,5,1,
123,13,671,161,22,18,1,5,1,
123,14,821,221,13,12,1,5,1,
123,19,685,271,26,14,1,5,1,
124,1,740,207,21,20,1,5,1,
124,3,774,182,51,18,1,5,1,
124,5,896,185,18,12,1,5,1,
124,13,672,162,22,18,1,5,1,
124,14,821,222,13,12,1,5,1,
124,19,687,271,25,14,1,5,1,
125,1,741,208,20,20,1,5,1,
125,3,770,183,52,18,1,5,1,
125,5,895,185,18,13,1,5,1,
125,13,674,163,21,18,1,5,1,
125,14,821,222,13,12,1,5,1,
125,19,689,271,24,14,1,5,1,
126,1,742,209,20,20,1,5,1,
126,2,949,364,10,11,1,5,1,
126,3,767,184,51,17,1,5,1,
126,5,893,186,19,13,1,5,1,
126,13,676,164,20,17,1,5,1,
126,14,821,223,13,11,1,5,1,
126,19,691,271,23,14,1,5,1,
127,1,743,209,19,20,1,5,1,
127,2,948,363,11,12,1,5,1,
127,3,764,184,51,18,1,5,1,
127,5,891,187,19,13,1,5,1,
127,13,677,165,20,17,1,5,1,
127,14,821,223,12,12,1,5,1,
127,19,693,271,22,13,1,5,1,
128,1,744,210,18,19,1,5,1,
128,2,947,362,12,13,1,5,1,
128,3,761,185,50,17,1,5,1,
128,5,890,188,18,12,1,5,1,
128,13,679,165,19,18,1,5,1,
128,14,820,224,13,11,1,5,1,
128,19,696,271,21,13,1,5,1,
129,1,744,211,18,19,1,5,1,
129,2,946,360,13,15,1,5,1,
129,3,757,186,51,17,1,5,1,
129,5,888,189,19,12,1,5,1,
129,13,681,166,18,17,1,5,1,
129,14,820,224,13,11,1,5,1,
129,19,697,271,21,13,1,5,1,
130,1,745,211,17,19,1,5,1,
130,2,944,359,15,17,1,5,1,
130,3,754,187,51,16,1,5,1,
130,5,886,190,19,12,1,5,1,
130,13,682,167,18,17,1,5,1,
130,14,820,224,12,12,1,5,1,
130,19,699,271,20,13,1,5,1,
131,1,745,212,17,19,1,5,1,
131,2,943,358,16,17,1,5,1,
131,3,751,188,50,16,1,5,1,
131,5,885,191,18,11,1,5,1,
131,13,684,168,16,17,1,5,1,
131,14,820,225,12,11,1,5,1,
131,19,701,271,18,13,1,5,1,
132,1,745,213,17,18,1,5,1,
132,2,942,357,17,17,1,5,1,
132,3,748,188,50,17,1,5,1,
132,5,883,191,18,12,1,5,1,
132,13,685,169,16,17,1,5,1,
132,14,819,225,12,11,1,5,1,
132,19,703,271,17,13,1,5,1,
133,1,744,213,18,18,1,5,1,
133,2,940,357,19,17,1,5,1,
133,5,881,192,19,12,1,5,1,
133,13,686,170,16,16,1,5,1,
133,14,819,226,12,10,1,5,1,
133,19,704,271,17,13,1,5,1,
134,1,744,214,17,18,1,5,1,
134,2,939,356,20,17,1,5,1,
134,5,879,193,19,11,1,5,1,
134,9,474,394,8,12,1,5,1,
134,13,688,170,14,17,1,5,1,
134,14,818,226,12,11,1,5,1,
134,19,706,271,16,13,1,5,1,
135,1,744,214,17,18,1,5,1,
135,2,937,355,22,17,1,5,1,
135,5,877,194,19,11,1,5,1,
135,9,474,395,8,12,1,5,1,
135,13,689,171,14,17,1,5,1,
135,14,818,226,12,11,1,5,1,
135,19,707,271,15,13,1,5,1,
136,1,744,215,16,17,1,5,1,
136,2,936,354,23,17,1,5,1,
136,5,875,194,19,11,1,5,1,
136,9,474,396,9,12,1,5,1,
136,11,445,257,12,9,1,5,1,
136,13,690,172,13,16,1,5,1,
136,14,817,227,12,10,1,5,1,
136,19,707,271,16,13,1,5,1,
137,1,743,215,17,18,1,5,1,
137,2,935,354,24,16,1,5,1,
137,5,873,195,19,11,1,5,1,
137,9,475,398,9,11,1,5,1,
137,11,445,257,13,9,1,5,1,
137,13,691,173,13,16,1,5,1,
137,14,817,227,11,11,1,5,1,
137,19,708,271,15,13,1,5,1,
138,1,743,216,16,17,1,5,1,
138,2,933,353,27,16,1,5,1,
138,5,871,196,19,11,1,5,1,
138,9,475,399,11,11,1,5,1,
138,11,445,257,14,9,1,5,1,
138,13,692,174,12,15,1,5,1,
138,14,816,228,12,10,1,5,1,
138,19,708,271,15,12,1,5,1,
139,1,742,216,16,17,1,5,1,
139,2,932,352,27,16,1,5,1,
139,5,869,197,19,10,1,5,1,
139,9,475,400,13,12,1,5,1,
139,11,446,257,14,9,1,5,1,
139,13,691,174,13,16,1,5,1,
139,14,816,228,11,10,1,5,1,
139,19,708,271,15,12,1,5,1,
140,1,741,217,16,17,1,5,1,
140,2,930,351,29,16,1,5,1,
140,5,867,197,19,11,1,5,1,
140,9,475,401,14,12,1,5,1,
140,11,446,256,16,10,1,5,1,
140,13,691,175,13,16,1,5,1,
140,14,815,228,11,10,1,5,1,
140,19,709,271,15,12,1,5,1,
141,1,740,217,17,17,1,5,1,
141,2,929,351,30,15,1,5,1,
141,5,865,198,19,10,1,5,1,
141,9,476,402,16,12,1,5,1,
141,11,446,256,18,10,1,5,1,
141,13,691,176,13,15,1,5,1,
141,14,813,228,13,10,1,5,1,
141,19,709,271,15,12,1,5,1,
142,1,739,218,17,16,1,5,1,
142,2,927,350,30,15,1,5,1,
142,5,863,199,19,10,1,5,1,
142,9,476,403,18,12,1,5,1,
142,11,447,256,19,10,1,5,1,
142,13,691,177,13,15,1,5,1,
142,14,810,228,16,10,1,5,1,
142,19,708,271,15,12,1,5,1,
143,1,738,218,18,16,1,5,1,
143,2,925,349,31,16,1,5,1,
143,5,860,199,20,10,1,5,1,
143,9,477,404,19,12,1,5,1,
143,11,448,256,20,10,1,5,1,
143,13,691,177,12,15,1,5,1,
143,14,808,229,18,9,1,5,1,
143,19,708,271,15,12,1,5,1,
144,1,736,219,20,16,1,5,1,
144,2,923,349,32,15,1,5,1,
144,5,858,200,20,10,1,5,1,
144,9,478,405,21,12,1,5,1,
144,11,449,256,21,10,1,5,1,
144,13,690,178,13,15,1,5,1,
144,14,806,229,20,10,1,5,1,
144,19,708,271,14,12,1,5,1,
145,1,735,219,21,16,1,5,1,
145,2,919,348,35,15,1,5,1,
145,5,855,200,22,10,1,5,1,
145,9,479,406,23,12,1,5,1,
145,11,450,256,23,10,1,5,1,
145,13,690,179,12,15,1,5,1,
145,14,805,229,20,10,1,5,1,
145,19,708,271,14,12,1,5,1,
146,1,733,219,23,16,1,5,1,
146,2,917,347,36,15,1,5,1,
146,5,854,201,21,10,1,5,1,
146,9,481,408,24,11,1,5,1,
146,11,451,256,24,10,1,5,1,
146,13,690,179,12,15,1,5,1,
146,14,802,230,22,9,1,5,1,
146,19,707,271,14,11,1,5,1,
147,1,732,220,23,16,1,5,1,
147,2,915,346,37,15,1,5,1,
147,5,852,202,20,9,1,5,1,
147,9,483,409,25,11,1,5,1,
147,11,452,256,27,10,1,5,1,
147,13,689,180,12,15,1,5,1,
147,14,799,230,23,10,1,5,1,
147,19,707,271,14,11,1,5,1,
148,1,730,220,24,16,1,5,1,
148,2,912,346,37,14,1,5,1,
148,5,850,202,19,10,1,5,1,
148,9,485,410,26,11,1,5,1,
148,11,453,256,31,10,1,5,1,
148,13,689,181,12,14,1,5,1,
148,14,799,230,20,10,1,5,1,
148,19,706,271,14,11,1,5,1,
149,1,727,220,26,16,1,5,1,
149,2,910,345,37,15,1,5,1,
149,5,848,203,19,9,1,5,1,
149,9,487,411,28,11,1,5,1,
149,11,453,256,35,10,1,5,1,
149,13,688,182,12,14,1,5,1,
149,14,796,231,22,9,1,5,1,
149,19,706,271,13,11,1,5,1,
150,1,724,221,29,16,1,5,1,
150,2,908,344,37,15,1,5,1,
150,5,845,204,20,9,1,5,1,
150,9,489,412,29,11,1,5,1,
150,11,454,256,39,10,1,5,1,
150,13,688,182,11,15,1,5,1,
150,14,793,231,22,9,1,5,1,
150,19,705,271,14,11,1,5,1,
