1,1,441,400,57,25,1,5,1,
1,2,920,9,24,39,1,5,1,
1,3,907,421,52,14,1,5,1,
1,4,814,396,37,34,1,5,1,
1,5,198,397,34,12,1,5,1,
1,6,518,31,51,14,1,5,1,
1,7,563,494,20,29,1,5,1,
1,8,429,292,52,17,1,5,1,
1,9,796,274,100,19,1,5,1,
1,10,189,167,38,32,1,5,1,
1,11,506,228,18,14,1,5,1,
1,12,503,112,56,31,1,5,1,
1,13,583,174,84,24,1,5,1,
1,14,630,84,41,43,1,5,1,
1,15,4,109,89,27,1,5,1,
1,16,499,29,25,64,1,5,1,
1,17,426,305,50,16,1,5,1,
1,18,45,370,46,50,1,5,1,
1,19,62,305,38,27,1,5,1,
1,20,786,453,15,15,1,5,1,
1,21,903,467,57,54,1,5,1,
1,22,784,288,26,19,1,5,1,
1,23,374,276,24,21,1,5,1,
1,24,37,232,43,11,1,5,1,
1,25,285,258,89,21,1,5,1,
1,26,258,319,49,38,1,5,1,
1,27,374,235,43,23,1,5,1,
2,1,449,403,52,24,1,5,1,
2,2,918,16,23,35,1,5,1,
2,3,899,419,60,15,1,5,1,
2,4,813,399,47,35,1,5,1,
2,5,196,396,31,12,1,5,1,
2,6,527,32,47,14,1,5,1,
2,7,564,491,15,29,1,5,1,
2,8,436,292,55,16,1,5,1,
2,9,793,274,85,19,1,5,1,
2,10,189,165,43,31,1,5,1,
2,11,504,230,16,11,1,5,1,
2,12,504,108,42,32,1,5,1,
2,13,588,173,88,23,1,5,1,
2,14,629,90,29,39,1,5,1,
2,15,24,114,79,24,1,5,1,
2,16,501,38,27,57,1,5,1,
2,17,423,305,42,17,1,5,1,
2,18,45,375,48,48,1,5,1,
2,19,67,303,36,28,1,5,1,
2,20,787,452,18,13,1,5,1,
2,21,910,474,50,55,1,5,1,
2,22,786,287,24,19,1,5,1,
2,23,376,276,25,22,1,5,1,
2,24,49,232,33,11,1,5,1,
2,25,281,258,81,21,1,5,1,
2,26,262,316,40,37,1,5,1,
2,27,382,234,43,23,1,5,1,
3,1,453,404,50,25,1,5,1,
3,2,917,20,22,34,1,5,1,
3,3,891,418,68,14,1,5,1,
3,4,813,400,57,38,1,5,1,
3,5,195,394,28,13,1,5,1,
3,6,533,33,46,13,1,5,1,
3,7,565,489,14,28,1,5,1,
3,8,443,292,57,15,1,5,1,
3,9,791,274,74,18,1,5,1,
3,10,184,163,62,31,1,5,1,
3,11,502,230,18,12,1,5,1,
3,12,506,104,31,34,1,5,1,
3,13,593,172,93,23,1,5,1,
3,14,629,95,22,35,1,5,1,
3,15,38,117,75,23,1,5,1,
3,16,498,44,37,54,1,5,1,
3,17,422,306,35,17,1,5,1,
3,18,49,379,47,47,1,5,1,
3,19,69,301,38,28,1,5,1,
3,20,793,451,13,13,1,5,1,
3,21,916,479,44,57,1,5,1,
3,22,785,287,24,18,1,5,1,
3,23,374,276,30,22,1,5,1,
3,24,57,232,25,11,1,5,1,
3,25,277,258,75,21,1,5,1,
3,26,267,315,38,35,1,5,1,
3,27,382,233,53,24,1,5,1,
4,1,456,406,50,26,1,5,1,
4,2,916,24,21,33,1,5,1,
4,3,883,416,75,15,1,5,1,
4,4,814,403,68,40,1,5,1,
4,5,194,393,25,12,1,5,1,
4,6,538,34,46,13,1,5,1,
4,7,567,487,13,28,1,5,1,
4,8,450,291,59,16,1,5,1,
4,9,790,274,64,18,1,5,1,
4,10,183,161,79,31,1,5,1,
4,11,499,230,22,11,1,5,1,
4,12,507,100,28,37,1,5,1,
4,13,598,171,97,23,1,5,1,
4,14,631,98,20,33,1,5,1,
4,15,50,120,73,22,1,5,1,
4,16,496,49,46,51,1,5,1,
4,17,421,306,29,18,1,5,1,
4,18,43,383,59,44,1,5,1,
4,19,65,300,51,28,1,5,1,
4,20,794,449,13,13,1,5,1,
4,22,786,287,24,18,1,5,1,
4,23,371,276,41,22,1,5,1,
4,24,63,231,20,12,1,5,1,
4,25,274,257,69,22,1,5,1,
4,26,269,315,40,34,1,5,1,
4,27,382,233,64,24,1,5,1,
5,1,458,408,54,25,1,5,1,
5,2,915,27,20,32,1,5,1,
5,3,876,414,74,16,1,5,1,
5,4,817,405,77,42,1,5,1,
5,5,195,391,21,13,1,5,1,
5,6,544,35,44,13,1,5,1,
5,7,569,485,12,28,1,5,1,
5,8,458,292,61,15,1,5,1,
5,9,790,274,54,18,1,5,1,
5,10,184,159,95,32,1,5,1,
5,11,498,230,19,11,1,5,1,
5,12,507,96,29,39,1,5,1,
5,13,604,170,99,23,1,5,1,
5,14,633,101,20,32,1,5,1,
5,15,60,122,72,22,1,5,1,
5,16,496,54,54,48,1,5,1,
5,17,422,307,22,18,1,5,1,
5,18,39,387,80,41,1,5,1,
5,19,63,298,62,29,1,5,1,
5,20,794,448,13,13,1,5,1,
5,22,786,286,23,18,1,5,1,
5,23,370,276,52,22,1,5,1,
5,24,67,231,17,12,1,5,1,
5,25,272,257,62,22,1,5,1,
5,26,265,314,54,33,1,5,1,
5,27,383,232,74,24,1,5,1,
6,1,461,409,58,25,1,5,1,
6,2,914,30,20,32,1,5,1,
6,3,870,412,71,17,1,5,1,
6,4,821,408,86,43,1,5,1,
6,5,195,389,17,15,1,5,1,
6,6,549,36,43,13,1,5,1,
6,7,570,483,13,27,1,5,1,
6,8,466,292,63,15,1,5,1,
6,9,791,274,44,18,1,5,1,
6,10,188,158,107,32,1,5,1,
6,11,497,230,15,11,1,5,1,
6,12,507,91,30,42,1,5,1,
6,13,612,169,100,22,1,5,1,
6,14,636,104,19,30,1,5,1,
6,15,71,126,71,20,1,5,1,
6,16,497,59,61,45,1,5,1,
6,17,422,307,19,19,1,5,1,
6,18,37,390,100,40,1,5,1,
6,19,61,295,73,32,1,5,1,
6,20,794,446,12,13,1,5,1,
6,22,785,286,23,18,1,5,1,
6,23,369,276,63,22,1,5,1,
6,24,69,232,17,12,1,5,1,
6,25,272,257,54,22,1,5,1,
6,26,264,314,66,31,1,5,1,
6,27,385,232,84,24,1,5,1,
7,1,464,411,62,24,1,5,1,
7,2,913,33,19,31,1,5,1,
7,3,865,411,67,17,1,5,1,
7,4,826,411,94,43,1,5,1,
7,5,195,388,14,15,1,5,1,
7,6,554,36,42,14,1,5,1,
7,7,572,482,13,26,1,5,1,
7,8,474,292,64,15,1,5,1,
7,9,791,274,35,17,1,5,1,
7,10,195,157,119,33,1,5,1,
7,11,496,230,13,12,1,5,1,
7,12,509,87,31,44,1,5,1,
7,13,620,168,100,23,1,5,1,
7,14,635,107,25,28,1,5,1,
7,15,81,129,70,19,1,5,1,
7,16,499,64,68,41,1,5,1,
7,17,422,308,19,19,1,5,1,
7,18,38,393,119,38,1,5,1,
7,19,61,294,82,30,1,5,1,
7,20,795,445,12,13,1,5,1,
7,22,785,286,23,17,1,5,1,
7,23,370,276,72,23,1,5,1,
7,24,71,232,17,12,1,5,1,
7,25,272,256,46,23,1,5,1,
7,26,265,314,76,30,1,5,1,
7,27,389,231,92,25,1,5,1,
8,1,468,412,64,24,1,5,1,
8,2,912,36,19,30,1,5,1,
8,3,861,409,62,17,1,5,1,
8,4,832,415,101,42,1,5,1,
8,5,196,386,11,16,1,5,1,
8,6,559,37,40,15,1,5,1,
8,7,574,481,13,25,1,5,1,
8,8,483,292,65,15,1,5,1,
8,9,790,274,28,17,1,5,1,
8,10,206,157,124,33,1,5,1,
8,11,496,230,12,13,1,5,1,
8,12,508,82,35,45,1,5,1,
8,13,630,167,97,23,1,5,1,
8,14,634,109,33,27,1,5,1,
8,15,92,131,68,17,1,5,1,
8,16,503,68,73,38,1,5,1,
8,17,422,309,20,19,1,5,1,
8,18,41,393,136,38,1,5,1,
8,19,62,293,91,28,1,5,1,
8,20,793,443,15,14,1,5,1,
8,22,785,286,23,17,1,5,1,
8,23,372,276,81,23,1,5,1,
8,24,71,232,20,12,1,5,1,
8,25,274,256,36,23,1,5,1,
8,26,269,314,83,29,1,5,1,
8,27,396,231,95,25,1,5,1,
9,1,472,414,67,23,1,5,1,
9,2,911,39,19,30,1,5,1,
9,3,857,407,58,18,1,5,1,
9,4,840,419,106,41,1,5,1,
9,5,197,384,11,16,1,5,1,
9,6,563,38,39,16,1,5,1,
9,7,575,479,13,25,1,5,1,
9,8,492,292,65,15,1,5,1,
9,9,790,274,23,17,1,5,1,
9,10,219,157,126,33,1,5,1,
9,11,497,230,11,14,1,5,1,
9,12,506,77,46,47,1,5,1,
9,13,640,166,93,24,1,5,1,
9,14,634,112,40,24,1,5,1,
9,15,103,132,66,17,1,5,1,
9,16,507,73,78,33,1,5,1,
9,17,423,309,20,20,1,5,1,
9,18,48,393,149,37,1,5,1,
9,19,64,292,98,26,1,5,1,
9,20,790,440,18,15,1,5,1,
9,22,785,286,23,17,1,5,1,
9,23,376,276,87,23,1,5,1,
9,24,70,232,26,12,1,5,1,
9,25,277,256,28,23,1,5,1,
9,26,273,314,91,29,1,5,1,
9,27,404,230,98,26,1,5,1,
10,1,476,415,71,23,1,5,1,
10,2,910,41,18,30,1,5,1,
10,3,855,405,51,18,1,5,1,
10,4,849,423,110,39,1,5,1,
10,5,199,382,11,17,1,5,1,
10,6,568,39,37,17,1,5,1,
10,7,576,478,13,24,1,5,1,
10,8,501,292,65,15,1,5,1,
10,9,790,274,23,17,1,5,1,
10,10,237,155,120,34,1,5,1,
10,11,498,230,11,15,1,5,1,
10,12,503,72,60,47,1,5,1,
10,13,651,166,87,24,1,5,1,
10,14,635,114,46,23,1,5,1,
10,15,113,134,65,16,1,5,1,
10,16,512,77,81,31,1,5,1,
10,17,422,310,24,19,1,5,1,
10,18,67,394,140,37,1,5,1,
10,19,68,291,104,25,1,5,1,
10,20,787,438,20,15,1,5,1,
10,22,785,286,22,17,1,5,1,
10,23,380,276,93,23,1,5,1,
10,24,70,231,32,13,1,5,1,
10,25,276,255,30,24,1,5,1,
10,26,279,314,97,28,1,5,1,
10,27,413,230,100,26,1,5,1,
11,1,481,417,73,22,1,5,1,
11,2,908,44,19,29,1,5,1,
11,3,853,404,45,17,1,5,1,
11,4,860,427,100,35,1,5,1,
11,5,200,380,13,17,1,5,1,
11,6,572,40,36,17,1,5,1,
11,7,577,476,13,24,1,5,1,
11,8,510,292,66,15,1,5,1,
11,9,792,274,22,17,1,5,1,
11,10,250,156,124,34,1,5,1,
11,11,498,231,13,15,1,5,1,
11,12,502,69,74,45,1,5,1,
11,13,660,167,84,24,1,5,1,
11,14,638,116,50,21,1,5,1,
11,15,124,135,63,15,1,5,1,
11,16,518,81,85,28,1,5,1,
11,17,421,311,31,19,1,5,1,
11,18,83,394,139,38,1,5,1,
11,19,73,290,108,24,1,5,1,
11,20,785,436,19,14,1,5,1,
11,22,784,286,22,16,1,5,1,
11,23,386,276,97,23,1,5,1,
11,24,73,231,33,13,1,5,1,
11,25,276,255,31,24,1,5,1,
11,26,287,314,101,27,1,5,1,
11,27,422,230,103,25,1,5,1,
12,1,486,418,75,22,1,5,1,
12,2,907,46,19,29,1,5,1,
12,3,852,402,38,17,1,5,1,
12,4,871,431,89,31,1,5,1,
12,5,199,378,18,17,1,5,1,
12,6,576,42,35,16,1,5,1,
12,7,577,474,13,24,1,5,1,
12,8,519,292,66,15,1,5,1,
12,9,792,274,23,17,1,5,1,
12,10,263,156,127,34,1,5,1,
12,11,497,232,17,16,1,5,1,
12,12,502,65,86,43,1,5,1,
12,13,670,167,77,24,1,5,1,
12,14,641,118,54,20,1,5,1,
12,15,134,136,60,14,1,5,1,
12,16,525,84,87,25,1,5,1,
12,17,420,311,39,19,1,5,1,
12,18,98,394,139,38,1,5,1,
12,19,80,289,110,24,1,5,1,
12,20,783,434,18,14,1,5,1,
12,22,783,286,24,16,1,5,1,
12,23,393,276,100,23,1,5,1,
12,24,77,230,33,13,1,5,1,
12,25,278,254,31,25,1,5,1,
12,26,296,314,105,27,1,5,1,
12,27,431,229,106,26,1,5,1,
13,1,492,419,76,21,1,5,1,
13,2,906,49,19,28,1,5,1,
13,3,852,401,31,16,1,5,1,
13,4,883,435,77,29,1,5,1,
13,5,200,376,22,17,1,5,1,
13,6,580,43,34,17,1,5,1,
13,7,577,472,13,24,1,5,1,
13,8,528,292,66,15,1,5,1,
13,9,792,274,23,16,1,5,1,
13,10,277,155,129,35,1,5,1,
13,11,497,233,21,16,1,5,1,
13,12,503,62,99,41,1,5,1,
13,13,678,167,76,24,1,5,1,
13,14,646,119,55,20,1,5,1,
13,15,144,135,58,14,1,5,1,
13,16,532,84,89,24,1,5,1,
13,17,420,311,48,19,1,5,1,
13,18,111,395,140,38,1,5,1,
13,19,87,289,112,23,1,5,1,
13,20,782,432,16,14,1,5,1,
13,22,781,285,27,17,1,5,1,
13,23,401,276,100,23,1,5,1,
13,24,80,230,33,13,1,5,1,
13,25,278,254,34,25,1,5,1,
13,26,305,313,108,27,1,5,1,
13,27,440,229,108,26,1,5,1,
14,1,497,421,79,20,1,5,1,
14,2,904,51,19,28,1,5,1,
14,3,852,400,26,15,1,5,1,
14,4,896,438,64,22,1,5,1,
14,5,201,375,26,16,1,5,1,
14,6,584,44,33,17,1,5,1,
14,7,577,470,13,24,1,5,1,
14,8,537,292,65,15,1,5,1,
14,9,792,274,23,16,1,5,1,
14,10,291,154,131,35,1,5,1,
14,11,498,235,24,15,1,5,1,
14,12,505,59,110,38,1,5,1,
14,13,684,168,77,24,1,5,1,
14,14,652,120,53,21,1,5,1,
14,15,153,135,56,14,1,5,1,
14,16,539,84,92,24,1,5,1,
14,17,421,311,56,20,1,5,1,
14,18,129,397,132,39,1,5,1,
14,19,95,288,113,22,1,5,1,
14,20,781,430,15,14,1,5,1,
14,22,779,285,28,16,1,5,1,
14,23,411,276,99,23,1,5,1,
14,24,86,230,28,13,1,5,1,
14,25,274,254,43,25,1,5,1,
14,26,315,313,110,27,1,5,1,
14,27,450,229,110,26,1,5,1,
15,1,503,422,80,20,1,5,1,
15,2,903,54,19,28,1,5,1,
15,3,850,399,24,14,1,5,1,
15,4,910,442,50,19,1,5,1,
15,5,202,373,30,16,1,5,1,
15,6,588,45,32,17,1,5,1,
15,7,577,469,13,23,1,5,1,
15,8,546,292,65,15,1,5,1,
15,9,792,274,22,16,1,5,1,
15,10,305,153,133,35,1,5,1,
15,11,499,236,28,15,1,5,1,
15,12,509,57,120,34,1,5,1,
15,13,691,168,77,24,1,5,1,
15,14,657,121,53,21,1,5,1,
15,15,161,135,55,14,1,5,1,
15,16,548,84,92,23,1,5,1,
15,17,423,312,63,19,1,5,1,
15,18,143,398,132,39,1,5,1,
15,19,104,288,111,21,1,5,1,
15,20,779,429,15,13,1,5,1,
15,22,777,285,28,16,1,5,1,
15,23,420,276,99,23,1,5,1,
15,24,90,230,27,13,1,5,1,
15,25,271,253,56,27,1,5,1,
15,26,326,313,110,26,1,5,1,
15,27,460,228,112,27,1,5,1,
16,1,511,422,78,20,1,5,1,
16,2,901,56,20,28,1,5,1,
16,3,848,397,24,15,1,5,1,
16,4,924,444,36,16,1,5,1,
16,5,204,372,33,15,1,5,1,
16,6,592,47,31,17,1,5,1,
16,7,576,467,15,23,1,5,1,
16,8,556,292,64,15,1,5,1,
16,9,792,274,22,16,1,5,1,
16,10,320,153,135,35,1,5,1,
16,11,501,238,30,14,1,5,1,
16,12,515,55,127,34,1,5,1,
16,13,697,169,77,24,1,5,1,
16,14,662,122,53,21,1,5,1,
16,15,170,136,53,13,1,5,1,
16,16,555,83,93,23,1,5,1,
16,17,426,312,70,20,1,5,1,
16,18,155,399,134,40,1,5,1,
16,19,113,287,110,22,1,5,1,
16,20,778,427,15,13,1,5,1,
16,22,775,285,28,15,1,5,1,
16,23,429,276,99,23,1,5,1,
16,24,94,229,25,13,1,5,1,
16,25,269,253,68,27,1,5,1,
16,26,337,313,111,26,1,5,1,
16,27,470,228,114,27,1,5,1,
17,1,519,422,76,19,1,5,1,
17,2,900,59,19,27,1,5,1,
17,3,846,396,24,14,1,5,1,
17,5,207,370,36,14,1,5,1,
17,6,595,48,30,17,1,5,1,
17,7,576,465,15,22,1,5,1,
17,8,565,292,63,15,1,5,1,
17,9,792,274,22,16,1,5,1,
17,10,335,152,136,35,1,5,1,
17,11,503,239,33,14,1,5,1,
17,12,522,53,132,35,1,5,1,
17,13,705,169,75,24,1,5,1,
17,14,667,123,54,21,1,5,1,
17,15,180,136,49,13,1,5,1,
17,16,563,82,93,23,1,5,1,
17,17,431,313,74,20,1,5,1,
17,18,168,400,136,40,1,5,1,
17,19,123,287,107,21,1,5,1,
17,20,777,425,15,13,1,5,1,
17,22,773,285,28,15,1,5,1,
17,23,439,276,98,23,1,5,1,
17,24,97,229,25,13,1,5,1,
17,25,268,253,80,27,1,5,1,
17,26,350,313,107,25,1,5,1,
17,27,481,228,115,27,1,5,1,
18,1,526,421,75,20,1,5,1,
18,2,898,61,20,27,1,5,1,
18,3,844,395,24,14,1,5,1,
18,5,210,370,39,12,1,5,1,
18,6,599,49,29,17,1,5,1,
18,7,575,463,16,22,1,5,1,
18,8,574,292,63,15,1,5,1,
18,9,792,274,21,16,1,5,1,
18,10,350,151,138,36,1,5,1,
18,11,506,241,35,13,1,5,1,
18,12,530,52,136,35,1,5,1,
18,13,711,170,75,23,1,5,1,
18,14,673,124,53,20,1,5,1,
18,15,187,136,49,13,1,5,1,
18,16,571,81,94,24,1,5,1,
18,17,436,313,78,20,1,5,1,
18,18,181,401,139,40,1,5,1,
18,19,133,286,104,22,1,5,1,
18,20,775,424,15,12,1,5,1,
18,22,772,285,27,15,1,5,1,
18,23,448,276,97,23,1,5,1,
18,24,100,229,24,13,1,5,1,
18,25,273,253,81,27,1,5,1,
18,26,361,312,105,26,1,5,1,
18,27,493,228,116,27,1,5,1,
19,1,533,421,74,20,1,5,1,
19,2,896,63,20,27,1,5,1,
19,3,842,394,24,13,1,5,1,
19,5,214,369,40,11,1,5,1,
19,6,602,51,28,17,1,5,1,
19,7,574,461,17,22,1,5,1,
19,8,583,292,62,15,1,5,1,
19,9,792,274,21,15,1,5,1,
19,10,364,151,141,36,1,5,1,
19,11,509,243,37,12,1,5,1,
19,12,540,51,137,35,1,5,1,
19,13,718,170,74,24,1,5,1,
19,14,679,125,52,20,1,5,1,
19,15,194,136,49,13,1,5,1,
19,16,578,80,95,24,1,5,1,
19,17,444,313,79,20,1,5,1,
19,18,194,402,141,41,1,5,1,
19,19,142,286,101,22,1,5,1,
19,20,774,422,15,13,1,5,1,
19,22,770,284,27,15,1,5,1,
19,23,457,276,96,23,1,5,1,
19,24,103,228,23,14,1,5,1,
19,25,278,253,83,27,1,5,1,
19,26,372,312,104,25,1,5,1,
19,27,504,227,117,28,1,5,1,
20,1,539,421,74,19,1,5,1,
20,2,895,66,19,25,1,5,1,
20,3,839,392,25,14,1,5,1,
20,5,218,368,42,9,1,5,1,
20,6,605,52,28,17,1,5,1,
20,7,572,460,19,21,1,5,1,
20,8,592,292,62,15,1,5,1,
20,9,792,274,21,15,1,5,1,
20,10,380,150,142,36,1,5,1,
20,11,513,245,38,10,1,5,1,
20,12,552,50,136,36,1,5,1,
20,13,725,170,73,24,1,5,1,
20,14,684,125,51,21,1,5,1,
20,15,201,135,49,14,1,5,1,
20,16,586,80,95,24,1,5,1,
20,17,451,313,81,21,1,5,1,
20,18,207,403,144,41,1,5,1,
20,19,152,286,96,22,1,5,1,
20,20,772,421,16,12,1,5,1,
20,22,768,284,27,15,1,5,1,
20,23,466,276,96,23,1,5,1,
20,24,106,228,23,13,1,5,1,
20,25,283,253,84,27,1,5,1,
20,26,383,312,102,25,1,5,1,
20,27,515,227,119,28,1,5,1,
21,1,546,420,73,20,1,5,1,
21,2,893,68,20,25,1,5,1,
21,3,837,391,24,14,1,5,1,
21,5,223,367,42,9,1,5,1,
21,6,608,54,27,17,1,5,1,
21,7,571,458,20,21,1,5,1,
21,8,601,292,61,15,1,5,1,
21,9,792,274,20,15,1,5,1,
21,10,394,150,145,38,1,5,1,
21,11,517,246,39,10,1,5,1,
21,12,563,50,136,36,1,5,1,
21,13,732,171,72,23,1,5,1,
21,14,690,126,50,20,1,5,1,
21,15,208,135,49,13,1,5,1,
21,16,594,79,96,24,1,5,1,
21,17,459,314,82,20,1,5,1,
21,18,220,404,147,41,1,5,1,
21,19,161,286,93,22,1,5,1,
21,20,770,419,16,12,1,5,1,
21,22,766,284,27,15,1,5,1,
21,23,475,276,95,23,1,5,1,
21,24,108,227,24,14,1,5,1,
21,25,288,252,87,28,1,5,1,
21,26,395,311,99,25,1,5,1,
21,27,526,227,121,28,1,5,1,
22,1,553,420,72,19,1,5,1,
22,2,891,70,20,25,1,5,1,
22,3,835,390,24,13,1,5,1,
22,5,228,367,43,9,1,5,1,
22,6,611,55,26,17,1,5,1,
22,7,569,457,21,20,1,5,1,
22,8,610,292,60,15,1,5,1,
22,9,791,274,21,15,1,5,1,
22,10,411,150,145,37,1,5,1,
22,11,521,246,39,10,1,5,1,
22,12,575,49,136,37,1,5,1,
22,13,739,171,70,23,1,5,1,
22,14,696,127,49,20,1,5,1,
22,15,215,135,48,13,1,5,1,
22,16,602,79,96,24,1,5,1,
22,17,467,314,83,20,1,5,1,
22,18,234,405,150,42,1,5,1,
22,19,168,286,93,22,1,5,1,
22,20,769,418,15,12,1,5,1,
22,22,764,284,26,14,1,5,1,
22,23,485,276,93,23,1,5,1,
22,24,110,227,25,14,1,5,1,
22,25,294,252,88,28,1,5,1,
22,26,407,311,95,25,1,5,1,
22,27,538,226,122,29,1,5,1,
23,1,560,420,71,19,1,5,1,
23,2,889,72,20,25,1,5,1,
23,3,833,389,24,13,1,5,1,
23,5,233,367,43,9,1,5,1,
23,6,614,57,25,16,1,5,1,
23,7,567,455,22,20,1,5,1,
23,8,617,292,63,15,1,5,1,
23,9,791,274,20,15,1,5,1,
23,10,427,150,146,37,1,5,1,
23,11,525,246,38,10,1,5,1,
23,12,586,49,137,37,1,5,1,
23,13,745,172,70,23,1,5,1,
23,14,701,128,48,20,1,5,1,
23,15,221,134,50,14,1,5,1,
23,16,610,78,97,24,1,5,1,
23,17,475,314,84,21,1,5,1,
23,18,249,406,151,42,1,5,1,
23,19,174,286,93,22,1,5,1,
23,20,767,416,16,12,1,5,1,
23,22,763,284,25,14,1,5,1,
23,23,493,276,93,23,1,5,1,
23,24,112,227,26,13,1,5,1,
23,25,299,252,90,29,1,5,1,
23,26,417,311,93,24,1,5,1,
23,27,550,226,124,29,1,5,1,
24,1,566,419,70,19,1,5,1,
24,2,887,74,20,25,1,5,1,
24,3,831,388,24,13,1,5,1,
24,5,239,367,42,9,1,5,1,
24,6,617,58,24,17,1,5,1,
24,7,565,454,24,19,1,5,1,
24,8,625,292,66,15,1,5,1,
24,9,791,274,20,15,1,5,1,
24,10,444,150,146,38,1,5,1,
24,11,530,246,37,10,1,5,1,
24,12,598,49,137,36,1,5,1,
24,13,751,172,71,23,1,5,1,
24,14,706,128,48,20,1,5,1,
24,15,228,134,50,13,1,5,1,
24,16,618,77,98,25,1,5,1,
24,17,484,314,84,21,1,5,1,
24,18,263,407,154,42,1,5,1,
24,19,183,286,89,22,1,5,1,
24,20,765,415,16,11,1,5,1,
24,22,761,284,25,14,1,5,1,
24,23,503,276,90,22,1,5,1,
24,24,115,226,26,14,1,5,1,
24,25,305,252,91,28,1,5,1,
24,26,428,310,89,25,1,5,1,
24,27,561,226,126,29,1,5,1,
25,1,573,419,69,19,1,5,1,
25,2,886,77,19,24,1,5,1,
25,3,829,387,24,12,1,5,1,
25,5,244,368,42,9,1,5,1,
25,6,620,59,23,17,1,5,1,
25,7,562,452,26,19,1,5,1,
25,8,633,292,68,15,1,5,1,
25,9,790,274,20,14,1,5,1,
25,10,461,150,143,38,1,5,1,
25,11,534,246,36,10,1,5,1,
25,12,610,48,137,37,1,5,1,
25,13,757,173,71,22,1,5,1,
25,14,711,129,48,20,1,5,1,
25,15,235,134,50,13,1,5,1,
25,16,627,77,97,24,1,5,1,
25,17,492,315,85,20,1,5,1,
25,18,278,408,157,42,1,5,1,
25,19,193,286,84,22,1,5,1,
25,20,763,413,16,12,1,5,1,
25,22,759,284,25,14,1,5,1,
25,23,513,276,88,22,1,5,1,
25,24,118,226,25,14,1,5,1,
25,25,309,251,94,29,1,5,1,
25,26,436,310,92,24,1,5,1,
25,27,573,226,126,29,1,5,1,
26,1,579,418,68,19,1,5,1,
26,2,884,79,19,23,1,5,1,
26,3,826,386,25,12,1,5,1,
26,5,250,368,40,9,1,5,1,
26,6,622,61,23,17,1,5,1,
26,7,560,451,27,18,1,5,1,
26,8,642,292,70,16,1,5,1,
26,9,790,274,20,14,1,5,1,
26,10,478,150,139,39,1,5,1,
26,11,538,246,35,10,1,5,1,
26,12,622,48,137,37,1,5,1,
26,13,764,173,70,22,1,5,1,
26,14,717,130,46,19,1,5,1,
26,15,242,133,50,14,1,5,1,
26,16,635,76,98,24,1,5,1,
26,17,500,315,87,22,1,5,1,
26,18,294,409,158,42,1,5,1,
26,19,203,286,77,22,1,5,1,
26,20,761,412,17,11,1,5,1,
26,22,757,283,25,14,1,5,1,
26,23,523,276,85,23,1,5,1,
26,24,121,226,25,14,1,5,1,
26,25,315,251,96,28,1,5,1,
26,26,445,309,91,24,1,5,1,
26,27,586,226,124,29,1,5,1,
27,1,586,418,67,18,1,5,1,
27,2,882,81,20,23,1,5,1,
27,3,824,385,24,12,1,5,1,
27,5,255,368,39,10,1,5,1,
27,6,625,62,21,17,1,5,1,
27,7,557,449,28,18,1,5,1,
27,8,652,293,70,16,1,5,1,
27,9,790,274,19,14,1,5,1,
27,10,496,151,135,38,1,5,1,
27,11,542,247,35,9,1,5,1,
27,12,634,47,136,37,1,5,1,
27,13,770,173,70,22,1,5,1,
27,14,722,131,46,19,1,5,1,
27,15,249,133,50,13,1,5,1,
27,16,644,75,98,25,1,5,1,
27,17,508,316,88,21,1,5,1,
27,18,309,409,161,43,1,5,1,
27,19,213,286,70,22,1,5,1,
27,20,759,411,17,11,1,5,1,
27,22,756,283,25,14,1,5,1,
27,23,533,277,82,23,1,5,1,
27,24,124,225,24,14,1,5,1,
27,25,320,251,99,28,1,5,1,
27,26,456,309,87,24,1,5,1,
27,27,600,226,120,29,1,5,1,
28,1,592,417,66,19,1,5,1,
28,2,880,83,20,23,1,5,1,
28,3,822,384,24,12,1,5,1,
28,5,261,368,37,11,1,5,1,
28,6,627,64,21,16,1,5,1,
28,7,554,448,30,18,1,5,1,
28,8,662,294,70,15,1,5,1,
28,9,789,274,19,14,1,5,1,
28,10,512,152,134,37,1,5,1,
28,11,546,247,33,9,1,5,1,
28,12,646,47,136,37,1,5,1,
28,13,777,174,69,22,1,5,1,
28,14,727,131,45,20,1,5,1,
28,15,256,133,50,13,1,5,1,
28,16,652,75,98,24,1,5,1,
28,17,516,316,90,21,1,5,1,
28,18,325,410,163,43,1,5,1,
28,19,222,286,64,22,1,5,1,
28,20,757,409,17,11,1,5,1,
28,22,754,283,25,14,1,5,1,
28,23,543,277,79,22,1,5,1,
28,24,127,225,24,14,1,5,1,
28,25,326,251,102,28,1,5,1,
28,26,465,309,85,23,1,5,1,
28,27,612,226,120,29,1,5,1,
29,1,598,417,66,18,1,5,1,
29,2,878,85,20,22,1,5,1,
29,3,820,383,24,12,1,5,1,
29,5,266,368,35,12,1,5,1,
29,6,629,65,20,17,1,5,1,
29,7,550,447,32,17,1,5,1,
29,8,672,294,70,16,1,5,1,
29,9,789,274,19,14,1,5,1,
29,10,529,153,131,37,1,5,1,
29,11,550,247,32,9,1,5,1,
29,12,658,46,135,38,1,5,1,
29,13,784,174,68,22,1,5,1,
29,14,732,132,44,19,1,5,1,
29,15,263,132,50,14,1,5,1,
29,16,661,74,98,25,1,5,1,
29,17,525,316,91,22,1,5,1,
29,18,341,411,165,43,1,5,1,
29,19,231,286,56,23,1,5,1,
29,20,755,408,17,11,1,5,1,
29,22,752,283,25,14,1,5,1,
29,23,551,276,78,23,1,5,1,
29,24,132,224,21,15,1,5,1,
29,25,332,250,104,29,1,5,1,
29,26,475,308,82,24,1,5,1,
29,27,624,226,120,29,1,5,1,
30,1,604,416,65,19,1,5,1,
30,2,875,87,21,22,1,5,1,
30,3,818,382,24,11,1,5,1,
30,5,271,368,33,13,1,5,1,
30,6,632,67,18,16,1,5,1,
30,7,546,446,34,16,1,5,1,
30,8,681,294,72,16,1,5,1,
30,9,788,274,19,14,1,5,1,
30,10,546,153,127,38,1,5,1,
30,11,554,247,31,9,1,5,1,
30,12,670,46,135,38,1,5,1,
30,13,792,174,62,23,1,5,1,
30,14,737,133,43,19,1,5,1,
30,15,270,132,50,13,1,5,1,
30,16,669,74,98,25,1,5,1,
30,17,534,316,92,22,1,5,1,
30,18,358,412,166,44,1,5,1,
30,19,238,287,51,22,1,5,1,
30,20,753,407,17,10,1,5,1,
30,22,750,283,25,13,1,5,1,
30,23,559,276,76,23,1,5,1,
30,24,134,224,21,14,1,5,1,
30,25,335,250,112,30,1,5,1,
30,26,485,308,78,23,1,5,1,
30,27,637,226,119,29,1,5,1,
31,1,611,415,63,19,1,5,1,
31,2,873,89,20,22,1,5,1,
31,3,816,381,24,11,1,5,1,
31,5,277,369,29,13,1,5,1,
31,6,634,68,18,17,1,5,1,
31,7,542,444,36,16,1,5,1,
31,8,692,294,71,16,1,5,1,
31,9,788,274,18,13,1,5,1,
31,10,562,154,124,37,1,5,1,
31,11,558,247,29,9,1,5,1,
31,12,682,46,134,38,1,5,1,
31,13,798,175,61,22,1,5,1,
31,14,742,134,42,19,1,5,1,
31,15,277,132,50,13,1,5,1,
31,16,678,73,98,26,1,5,1,
31,17,544,317,92,22,1,5,1,
31,18,375,413,167,43,1,5,1,
31,19,242,287,51,23,1,5,1,
31,20,751,405,17,11,1,5,1,
31,22,749,283,24,13,1,5,1,
31,23,567,276,75,23,1,5,1,
31,24,136,223,21,15,1,5,1,
31,25,339,250,119,30,1,5,1,
31,26,494,307,75,23,1,5,1,
31,27,649,226,119,29,1,5,1,
32,1,617,415,62,18,1,5,1,
32,2,871,90,20,22,1,5,1,
32,3,814,380,23,11,1,5,1,
32,5,281,370,26,14,1,5,1,
32,6,635,70,18,16,1,5,1,
32,7,538,443,38,15,1,5,1,
32,8,701,294,72,16,1,5,1,
32,9,787,274,19,13,1,5,1,
32,10,578,155,120,37,1,5,1,
32,11,561,247,29,9,1,5,1,
32,12,694,46,134,38,1,5,1,
32,13,804,175,59,23,1,5,1,
32,14,747,134,41,19,1,5,1,
32,15,283,131,51,14,1,5,1,
32,16,686,73,98,25,1,5,1,
32,17,553,317,93,22,1,5,1,
32,18,392,414,168,43,1,5,1,
32,19,245,287,53,23,1,5,1,
32,20,749,404,18,10,1,5,1,
32,22,747,283,24,13,1,5,1,
32,23,575,276,73,22,1,5,1,
32,24,137,223,22,15,1,5,1,
32,25,344,250,124,30,1,5,1,
32,26,503,307,72,23,1,5,1,
32,27,661,226,118,29,1,5,1,
33,1,623,414,61,19,1,5,1,
33,2,869,92,20,22,1,5,1,
33,3,811,379,24,11,1,5,1,
33,5,286,371,22,14,1,5,1,
33,6,637,71,17,17,1,5,1,
33,7,533,442,40,14,1,5,1,
33,8,712,294,71,16,1,5,1,
33,9,786,274,19,13,1,5,1,
33,10,594,156,116,36,1,5,1,
33,11,565,247,27,9,1,5,1,
33,12,706,46,133,38,1,5,1,
33,13,810,176,58,22,1,5,1,
33,14,751,135,41,19,1,5,1,
33,15,290,131,52,13,1,5,1,
33,16,695,73,98,25,1,5,1,
33,17,563,317,92,22,1,5,1,
33,18,410,414,169,44,1,5,1,
33,19,248,287,54,23,1,5,1,
33,20,747,403,18,10,1,5,1,
33,22,745,283,24,13,1,5,1,
33,23,583,276,70,22,1,5,1,
33,24,139,222,22,15,1,5,1,
33,25,352,250,126,30,1,5,1,
33,26,511,307,70,22,1,5,1,
33,27,674,226,117,29,1,5,1,
34,1,629,414,60,18,1,5,1,
34,2,867,94,20,21,1,5,1,
34,3,809,378,24,11,1,5,1,
34,5,290,372,19,14,1,5,1,
34,6,639,73,15,16,1,5,1,
34,7,528,442,41,12,1,5,1,
34,8,722,294,72,16,1,5,1,
34,9,786,274,18,13,1,5,1,
34,10,610,157,112,36,1,5,1,
34,11,568,247,26,9,1,5,1,
34,12,717,46,135,38,1,5,1,
34,13,815,176,57,22,1,5,1,
34,14,756,136,39,19,1,5,1,
34,15,297,131,52,13,1,5,1,
34,16,704,72,97,26,1,5,1,
34,17,573,317,92,22,1,5,1,
34,18,427,415,171,43,1,5,1,
34,19,251,287,56,24,1,5,1,
34,20,745,402,18,10,1,5,1,
34,22,743,282,24,13,1,5,1,
34,23,591,276,68,22,1,5,1,
34,24,141,222,22,15,1,5,1,
34,25,361,250,126,30,1,5,1,
34,26,519,306,68,22,1,5,1,
34,27,685,225,121,29,1,5,1,
35,1,634,413,59,18,1,5,1,
35,2,864,96,21,21,1,5,1,
35,3,807,377,24,11,1,5,1,
35,5,294,373,15,14,1,5,1,
35,6,641,74,14,17,1,5,1,
35,7,523,441,42,12,1,5,1,
35,8,732,294,72,16,1,5,1,
35,9,785,274,18,13,1,5,1,
35,10,624,158,110,36,1,5,1,
35,11,571,247,25,10,1,5,1,
35,12,728,46,136,37,1,5,1,
35,13,821,177,56,22,1,5,1,
35,14,760,137,39,19,1,5,1,
35,15,303,130,54,14,1,5,1,
35,16,712,72,97,26,1,5,1,
35,17,582,318,93,22,1,5,1,
35,18,445,416,170,43,1,5,1,
35,19,254,287,58,24,1,5,1,
35,20,743,400,18,10,1,5,1,
35,22,742,282,23,13,1,5,1,
35,23,598,276,67,22,1,5,1,
35,24,142,221,24,16,1,5,1,
35,25,370,250,127,30,1,5,1,
35,26,526,306,68,22,1,5,1,
35,27,698,225,121,29,1,5,1,
36,1,640,412,58,18,1,5,1,
36,2,862,98,21,20,1,5,1,
36,3,805,376,24,11,1,5,1,
36,5,297,374,13,14,1,5,1,
36,6,642,76,14,16,1,5,1,
36,7,518,441,43,11,1,5,1,
36,8,742,294,72,17,1,5,1,
36,9,784,274,19,13,1,5,1,
36,10,638,159,107,35,1,5,1,
36,11,574,248,23,9,1,5,1,
36,12,740,46,136,37,1,5,1,
36,13,826,177,55,22,1,5,1,
36,14,764,137,38,19,1,5,1,
36,15,310,130,55,14,1,5,1,
36,16,721,72,97,26,1,5,1,
36,17,592,318,93,22,1,5,1,
36,18,463,416,170,43,1,5,1,
36,19,257,287,60,24,1,5,1,
36,20,740,399,18,10,1,5,1,
36,22,740,282,23,13,1,5,1,
36,23,604,276,67,21,1,5,1,
36,24,144,221,24,15,1,5,1,
36,25,379,250,127,30,1,5,1,
36,26,533,306,67,21,1,5,1,
36,27,711,225,121,29,1,5,1,
37,1,646,412,57,18,1,5,1,
37,2,860,100,21,20,1,5,1,
37,3,803,375,23,11,1,5,1,
37,5,299,375,12,14,1,5,1,
37,6,644,77,12,17,1,5,1,
37,7,514,440,42,11,1,5,1,
37,8,752,294,72,16,1,5,1,
37,9,783,273,19,14,1,5,1,
37,10,653,160,102,35,1,5,1,
37,11,577,248,22,9,1,5,1,
37,12,752,46,135,37,1,5,1,
37,13,832,178,53,21,1,5,1,
37,14,769,138,37,19,1,5,1,
37,15,318,129,54,14,1,5,1,
37,16,730,72,96,26,1,5,1,
37,17,602,318,92,22,1,5,1,
37,18,482,416,169,43,1,5,1,
37,19,260,288,62,23,1,5,1,
37,20,738,398,18,10,1,5,1,
37,22,738,282,24,13,1,5,1,
37,23,612,276,64,21,1,5,1,
37,24,146,220,25,16,1,5,1,
37,25,388,250,128,31,1,5,1,
37,26,541,305,66,22,1,5,1,
37,27,724,225,120,29,1,5,1,
38,1,651,411,56,18,1,5,1,
38,2,857,101,21,20,1,5,1,
38,3,801,374,23,11,1,5,1,
38,5,299,376,13,14,1,5,1,
38,6,645,79,12,16,1,5,1,
38,7,509,440,43,11,1,5,1,
38,8,762,294,73,16,1,5,1,
38,9,783,273,18,14,1,5,1,
38,10,667,161,99,34,1,5,1,
38,11,579,248,21,9,1,5,1,
38,12,764,46,135,37,1,5,1,
38,13,837,178,52,22,1,5,1,
38,14,773,139,36,19,1,5,1,
38,15,325,129,55,14,1,5,1,
38,16,738,72,96,26,1,5,1,
38,17,612,318,92,22,1,5,1,
38,18,501,416,168,43,1,5,1,
38,19,263,288,65,24,1,5,1,
38,20,736,397,18,9,1,5,1,
38,22,736,282,24,12,1,5,1,
38,23,615,276,71,21,1,5,1,
38,24,148,220,26,15,1,5,1,
38,25,397,250,129,31,1,5,1,
38,26,548,305,65,21,1,5,1,
38,27,736,225,120,29,1,5,1,
39,1,657,410,54,18,1,5,1,
39,2,855,103,21,20,1,5,1,
39,3,798,373,24,11,1,5,1,
39,5,300,377,13,14,1,5,1,
39,6,646,80,11,16,1,5,1,
39,7,505,440,41,11,1,5,1,
39,8,773,294,72,16,1,5,1,
39,9,782,273,19,13,1,5,1,
39,10,681,162,95,34,1,5,1,
39,11,582,248,20,9,1,5,1,
39,12,777,46,133,37,1,5,1,
39,13,842,179,51,21,1,5,1,
39,14,777,140,36,18,1,5,1,
39,15,333,129,55,14,1,5,1,
39,16,747,72,95,26,1,5,1,
39,17,622,318,92,22,1,5,1,
39,18,520,416,167,43,1,5,1,
39,19,267,288,66,24,1,5,1,
39,20,734,396,18,9,1,5,1,
39,22,734,282,24,12,1,5,1,
39,23,620,276,75,21,1,5,1,
39,24,151,219,26,16,1,5,1,
39,25,407,250,128,31,1,5,1,
39,26,555,305,65,21,1,5,1,
39,27,749,225,120,29,1,5,1,
40,1,662,410,54,17,1,5,1,
40,2,853,105,21,19,1,5,1,
40,3,796,372,24,11,1,5,1,
40,5,301,378,14,14,1,5,1,
40,6,647,82,11,16,1,5,1,
40,7,500,441,41,11,1,5,1,
40,8,782,294,74,16,1,5,1,
40,9,781,273,19,13,1,5,1,
40,10,693,163,93,34,1,5,1,
40,11,584,248,19,9,1,5,1,
40,12,788,46,134,37,1,5,1,
40,13,847,179,50,22,1,5,1,
40,14,781,140,35,19,1,5,1,
40,15,340,129,55,14,1,5,1,
40,16,755,72,95,25,1,5,1,
40,17,632,318,91,22,1,5,1,
40,18,538,416,167,42,1,5,1,
40,19,271,288,68,24,1,5,1,
40,20,731,395,19,9,1,5,1,
40,22,732,282,24,12,1,5,1,
40,23,624,276,80,21,1,5,1,
40,24,153,218,27,17,1,5,1,
40,25,416,250,129,31,1,5,1,
40,26,561,304,65,21,1,5,1,
40,27,761,225,120,29,1,5,1,
41,1,668,409,52,17,1,5,1,
41,2,850,106,22,19,1,5,1,
41,3,794,372,24,10,1,5,1,
41,5,302,379,14,14,1,5,1,
41,6,648,83,10,16,1,5,1,
41,7,497,441,39,11,1,5,1,
41,8,793,294,72,16,1,5,1,
41,9,780,273,19,13,1,5,1,
41,10,706,164,89,34,1,5,1,
41,11,587,248,17,9,1,5,1,
41,12,800,46,133,37,1,5,1,
41,13,852,180,49,21,1,5,1,
41,14,785,141,34,19,1,5,1,
41,15,348,129,55,14,1,5,1,
41,16,764,72,94,26,1,5,1,
41,17,642,318,91,22,1,5,1,
41,18,558,416,164,42,1,5,1,
41,19,275,288,70,25,1,5,1,
41,20,729,394,19,9,1,5,1,
41,22,730,282,24,12,1,5,1,
41,23,629,276,85,20,1,5,1,
41,24,156,218,27,16,1,5,1,
41,25,426,250,129,30,1,5,1,
41,26,568,304,65,21,1,5,1,
41,27,777,225,111,29,1,5,1,
42,1,673,408,51,18,1,5,1,
42,2,848,108,21,19,1,5,1,
42,3,792,371,23,10,1,5,1,
42,5,303,380,14,15,1,5,1,
42,6,649,85,10,16,1,5,1,
42,7,493,442,38,11,1,5,1,
42,8,803,294,73,16,1,5,1,
42,9,779,273,19,13,1,5,1,
42,10,718,165,86,33,1,5,1,
42,11,589,248,15,9,1,5,1,
42,12,812,46,132,37,1,5,1,
42,13,857,180,47,21,1,5,1,
42,14,789,142,33,18,1,5,1,
42,15,355,129,56,14,1,5,1,
42,16,772,72,94,26,1,5,1,
42,17,651,318,92,22,1,5,1,
42,18,576,415,163,43,1,5,1,
42,19,279,288,72,25,1,5,1,
42,20,727,393,18,8,1,5,1,
42,22,729,282,23,12,1,5,1,
42,23,635,276,89,20,1,5,1,
42,24,158,217,29,17,1,5,1,
42,25,436,250,129,30,1,5,1,
42,26,573,304,69,20,1,5,1,
42,27,792,226,104,28,1,5,1,
43,1,678,407,50,18,1,5,1,
43,2,845,109,22,19,1,5,1,
43,3,790,370,23,10,1,5,1,
43,5,304,381,15,15,1,5,1,
43,6,649,86,10,16,1,5,1,
43,7,490,442,35,11,1,5,1,
43,8,813,294,73,16,1,5,1,
43,9,778,273,19,13,1,5,1,
43,10,729,167,84,32,1,5,1,
43,11,591,248,14,9,1,5,1,
43,12,824,46,131,37,1,5,1,
43,13,861,181,47,21,1,5,1,
43,14,792,143,33,18,1,5,1,
43,15,363,129,56,14,1,5,1,
43,16,781,72,93,26,1,5,1,
43,17,662,317,88,22,1,5,1,
43,18,594,415,162,42,1,5,1,
43,19,282,288,74,25,1,5,1,
43,20,724,392,19,8,1,5,1,
43,22,727,282,23,11,1,5,1,
43,23,642,276,91,20,1,5,1,
43,24,161,217,30,16,1,5,1,
43,25,446,250,129,30,1,5,1,
43,26,577,304,74,20,1,5,1,
43,27,804,226,102,28,1,5,1,
44,1,683,407,49,17,1,5,1,
44,2,843,111,22,18,1,5,1,
44,3,788,369,23,10,1,5,1,
44,5,305,382,16,15,1,5,1,
44,6,650,88,9,15,1,5,1,
44,7,487,443,33,11,1,5,1,
44,8,824,294,73,16,1,5,1,
44,9,777,273,20,13,1,5,1,
44,10,740,168,82,32,1,5,1,
44,11,593,249,13,8,1,5,1,
44,12,837,46,122,38,1,5,1,
44,13,866,181,45,21,1,5,1,
44,14,796,144,32,18,1,5,1,
44,15,371,128,56,15,1,5,1,
44,16,790,72,91,26,1,5,1,
44,17,672,317,85,21,1,5,1,
44,18,614,414,159,42,1,5,1,
44,19,284,289,78,25,1,5,1,
44,20,722,391,19,8,1,5,1,
44,22,725,281,23,12,1,5,1,
44,23,650,276,92,20,1,5,1,
44,24,163,216,32,16,1,5,1,
44,25,458,250,128,31,1,5,1,
44,26,583,304,78,20,1,5,1,
44,27,816,226,101,28,1,5,1,
45,1,688,406,47,17,1,5,1,
45,2,841,113,21,18,1,5,1,
45,3,785,368,24,10,1,5,1,
45,5,306,383,17,15,1,5,1,
45,6,650,89,9,16,1,5,1,
45,7,485,444,30,11,1,5,1,
45,8,834,294,73,16,1,5,1,
45,9,776,273,20,13,1,5,1,
45,10,750,169,81,32,1,5,1,
45,11,594,249,12,8,1,5,1,
45,12,848,46,112,38,1,5,1,
45,13,871,182,44,21,1,5,1,
45,14,800,144,31,18,1,5,1,
45,15,379,128,56,14,1,5,1,
45,16,798,72,91,26,1,5,1,
45,17,680,317,86,21,1,5,1,
45,18,631,414,159,42,1,5,1,
45,19,286,290,82,26,1,5,1,
45,20,720,390,19,8,1,5,1,
45,22,723,281,24,12,1,5,1,
45,23,658,276,93,20,1,5,1,
45,24,165,215,34,17,1,5,1,
45,25,467,250,129,31,1,5,1,
45,26,589,304,81,20,1,5,1,
45,27,826,226,101,28,1,5,1,
46,1,693,405,46,17,1,5,1,
46,2,838,114,22,18,1,5,1,
46,3,783,368,24,10,1,5,1,
46,5,307,384,18,15,1,5,1,
46,6,650,90,9,16,1,5,1,
46,7,483,444,27,12,1,5,1,
46,8,845,293,70,17,1,5,1,
46,9,775,273,20,13,1,5,1,
46,10,759,171,82,31,1,5,1,
46,11,596,249,11,9,1,5,1,
46,12,859,46,101,38,1,5,1,
46,13,875,182,43,21,1,5,1,
46,14,803,145,30,18,1,5,1,
46,15,386,128,56,14,1,5,1,
46,16,806,72,90,26,1,5,1,
46,17,689,317,86,21,1,5,1,
46,18,649,413,158,42,1,5,1,
46,19,288,291,87,26,1,5,1,
46,20,717,389,19,8,1,5,1,
46,22,721,281,24,12,1,5,1,
46,23,666,276,94,20,1,5,1,
46,24,168,214,35,17,1,5,1,
46,25,476,250,130,31,1,5,1,
46,26,596,304,84,20,1,5,1,
46,27,836,226,101,28,1,5,1,
47,1,697,404,46,17,1,5,1,
47,2,836,116,22,17,1,5,1,
47,3,781,367,23,10,1,5,1,
47,5,309,386,18,15,1,5,1,
47,6,650,92,8,15,1,5,1,
47,7,482,445,23,13,1,5,1,
47,8,857,293,64,16,1,5,1,
47,9,774,273,20,12,1,5,1,
47,10,769,172,81,30,1,5,1,
47,11,597,249,10,9,1,5,1,
47,12,871,47,89,37,1,5,1,
47,13,879,183,42,20,1,5,1,
47,14,807,146,29,18,1,5,1,
47,15,394,128,56,14,1,5,1,
47,16,814,72,89,27,1,5,1,
47,17,698,317,86,21,1,5,1,
47,18,667,413,156,42,1,5,1,
47,19,291,291,92,27,1,5,1,
47,20,715,388,19,8,1,5,1,
47,22,719,281,24,12,1,5,1,
47,23,675,276,94,20,1,5,1,
47,24,170,214,38,17,1,5,1,
47,25,485,250,132,31,1,5,1,
47,26,604,304,85,20,1,5,1,
47,27,847,226,100,28,1,5,1,
48,1,702,404,44,17,1,5,1,
48,2,833,117,22,17,1,5,1,
48,3,779,366,23,10,1,5,1,
48,5,311,387,19,15,1,5,1,
48,6,649,93,9,16,1,5,1,
48,7,481,446,20,14,1,5,1,
48,8,868,292,58,16,1,5,1,
48,9,773,273,20,12,1,5,1,
48,10,780,173,78,30,1,5,1,
48,11,598,249,9,9,1,5,1,
48,12,883,47,77,38,1,5,1,
48,13,884,183,40,21,1,5,1,
48,14,810,147,29,17,1,5,1,
48,15,402,127,56,15,1,5,1,
48,16,823,73,87,26,1,5,1,
48,17,708,316,85,22,1,5,1,
48,18,686,412,153,42,1,5,1,
48,19,296,292,94,27,1,5,1,
48,20,712,387,20,8,1,5,1,
48,22,717,281,24,11,1,5,1,
48,23,683,276,95,20,1,5,1,
48,24,174,213,39,17,1,5,1,
48,25,494,249,134,32,1,5,1,
48,26,613,304,84,21,1,5,1,
48,27,859,227,97,27,1,5,1,
49,1,707,403,42,17,1,5,1,
49,2,831,118,22,18,1,5,1,
49,3,777,365,23,10,1,5,1,
49,5,312,388,20,15,1,5,1,
49,6,649,95,8,15,1,5,1,
49,7,480,446,17,15,1,5,1,
49,8,877,292,55,16,1,5,1,
49,9,772,273,20,12,1,5,1,
49,10,790,174,76,30,1,5,1,
49,11,599,249,9,9,1,5,1,
49,12,895,47,65,38,1,5,1,
49,13,888,184,39,20,1,5,1,
49,14,813,147,28,18,1,5,1,
49,15,409,127,57,15,1,5,1,
49,16,828,74,92,26,1,5,1,
49,17,717,316,85,22,1,5,1,
49,18,703,412,152,41,1,5,1,
49,19,301,292,97,27,1,5,1,
49,20,710,386,19,8,1,5,1,
49,22,715,281,24,11,1,5,1,
49,23,692,276,94,20,1,5,1,
49,24,178,212,40,18,1,5,1,
49,25,503,249,135,32,1,5,1,
49,26,622,304,83,21,1,5,1,
49,27,870,227,89,27,1,5,1,
50,1,711,402,42,17,1,5,1,
50,2,828,120,22,17,1,5,1,
50,3,775,365,23,9,1,5,1,
50,5,314,389,21,15,1,5,1,
50,6,649,96,8,15,1,5,1,
50,7,480,447,13,16,1,5,1,
50,8,885,292,55,16,1,5,1,
50,9,771,273,20,12,1,5,1,
50,10,800,175,74,29,1,5,1,
50,11,599,249,9,9,1,5,1,
50,12,905,48,55,26,1,5,1,
50,13,891,184,39,21,1,5,1,
50,14,816,148,28,18,1,5,1,
50,15,417,127,57,15,1,5,1,
50,16,835,75,94,25,1,5,1,
50,17,726,316,84,22,1,5,1,
50,18,721,411,149,42,1,5,1,
50,19,307,292,98,27,1,5,1,
50,20,708,385,19,8,1,5,1,
50,22,713,281,24,11,1,5,1,
50,23,701,276,94,21,1,5,1,
50,24,182,212,41,17,1,5,1,
50,25,512,249,137,32,1,5,1,
50,26,630,304,84,21,1,5,1,
50,27,880,227,80,27,1,5,1,
51,1,716,401,40,17,1,5,1,
51,2,826,121,22,17,1,5,1,
51,3,773,364,23,9,1,5,1,
51,5,316,390,22,16,1,5,1,
51,6,648,97,8,16,1,5,1,
51,7,480,448,11,17,1,5,1,
51,8,893,292,54,16,1,5,1,
51,9,770,273,20,12,1,5,1,
51,10,810,176,71,29,1,5,1,
51,11,599,250,9,8,1,5,1,
51,12,916,50,44,20,1,5,1,
51,13,894,185,39,20,1,5,1,
51,14,820,149,24,18,1,5,1,
51,15,425,127,57,15,1,5,1,
51,16,842,75,94,25,1,5,1,
51,17,735,316,84,21,1,5,1,
51,18,739,411,146,41,1,5,1,
51,19,313,292,100,27,1,5,1,
51,20,705,384,20,8,1,5,1,
51,22,711,281,24,11,1,5,1,
51,23,709,276,95,21,1,5,1,
51,24,186,211,43,18,1,5,1,
51,25,522,249,139,32,1,5,1,
51,26,639,304,83,21,1,5,1,
51,27,891,227,69,27,1,5,1,
52,1,720,401,39,16,1,5,1,
52,2,823,123,23,16,1,5,1,
52,5,318,391,23,16,1,5,1,
52,6,647,99,9,15,1,5,1,
52,7,480,450,11,17,1,5,1,
52,8,901,292,53,16,1,5,1,
52,9,769,273,20,12,1,5,1,
52,10,819,177,70,29,1,5,1,
52,11,599,250,8,8,1,5,1,
52,13,898,186,37,20,1,5,1,
52,14,823,150,23,17,1,5,1,
52,15,433,127,57,15,1,5,1,
52,16,850,75,94,25,1,5,1,
52,17,744,316,83,21,1,5,1,
52,18,757,410,143,41,1,5,1,
52,19,320,292,101,28,1,5,1,
52,20,703,383,19,8,1,5,1,
52,22,710,281,23,11,1,5,1,
52,23,720,276,90,21,1,5,1,
52,24,190,210,44,18,1,5,1,
52,25,531,249,141,32,1,5,1,
52,26,647,304,83,20,1,5,1,
52,27,901,227,59,27,1,5,1,
53,1,724,400,38,16,1,5,1,
53,2,821,124,22,16,1,5,1,
53,5,320,392,24,16,1,5,1,
53,6,647,100,8,15,1,5,1,
53,7,479,451,12,17,1,5,1,
53,8,909,292,50,16,1,5,1,
53,9,767,273,20,12,1,5,1,
53,10,828,178,67,28,1,5,1,
53,11,599,250,8,8,1,5,1,
53,13,902,186,36,20,1,5,1,
53,14,826,150,22,18,1,5,1,
53,15,440,127,58,15,1,5,1,
53,16,858,75,94,25,1,5,1,
53,17,753,316,83,21,1,5,1,
53,18,773,409,141,41,1,5,1,
53,19,326,292,103,28,1,5,1,
53,20,700,382,20,8,1,5,1,
53,22,708,281,24,11,1,5,1,
53,23,730,276,85,21,1,5,1,
53,24,194,210,46,18,1,5,1,
53,25,540,249,142,32,1,5,1,
53,26,656,304,81,20,1,5,1,
53,27,911,228,49,26,1,5,1,
54,1,728,399,37,16,1,5,1,
54,2,818,125,23,16,1,5,1,
54,5,322,393,25,17,1,5,1,
54,6,646,102,9,14,1,5,1,
54,7,479,452,14,18,1,5,1,
54,8,916,292,44,15,1,5,1,
54,9,766,273,20,12,1,5,1,
54,10,837,179,65,28,1,5,1,
54,11,599,250,8,8,1,5,1,
54,13,905,187,35,20,1,5,1,
54,14,828,151,22,18,1,5,1,
54,15,448,127,57,15,1,5,1,
54,16,867,75,92,25,1,5,1,
54,17,762,316,82,21,1,5,1,
54,18,790,409,138,40,1,5,1,
54,19,332,293,105,27,1,5,1,
54,20,698,381,19,8,1,5,1,
54,22,706,281,24,10,1,5,1,
54,23,741,276,77,21,1,5,1,
54,24,199,209,47,19,1,5,1,
54,25,550,249,143,32,1,5,1,
54,26,664,304,81,20,1,5,1,
54,27,922,230,38,21,1,5,1,
55,1,732,398,36,16,1,5,1,
55,2,815,127,23,16,1,5,1,
55,5,325,395,26,16,1,5,1,
55,6,645,103,9,14,1,5,1,
55,7,478,453,18,19,1,5,1,
55,8,925,292,35,15,1,5,1,
55,9,765,273,20,12,1,5,1,
55,10,846,180,62,28,1,5,1,
55,11,598,250,8,8,1,5,1,
55,13,909,187,34,20,1,5,1,
55,14,831,152,20,17,1,5,1,
55,15,456,127,57,15,1,5,1,
55,16,875,75,84,26,1,5,1,
55,17,772,316,79,21,1,5,1,
55,18,808,408,133,40,1,5,1,
55,19,339,293,107,28,1,5,1,
55,20,695,381,20,7,1,5,1,
55,22,704,281,23,10,1,5,1,
55,23,753,276,67,21,1,5,1,
55,24,203,209,50,18,1,5,1,
55,25,561,248,143,33,1,5,1,
55,26,673,304,79,20,1,5,1,
56,1,735,397,35,17,1,5,1,
56,2,813,128,23,16,1,5,1,
56,5,327,396,27,16,1,5,1,
56,6,644,104,9,15,1,5,1,
56,7,477,455,23,19,1,5,1,
56,8,932,292,28,15,1,5,1,
56,9,764,273,20,11,1,5,1,
56,10,854,181,60,27,1,5,1,
56,11,598,250,7,8,1,5,1,
56,13,912,188,33,19,1,5,1,
56,14,833,153,20,17,1,5,1,
56,15,463,127,57,15,1,5,1,
56,16,883,75,77,26,1,5,1,
56,17,780,316,79,21,1,5,1,
56,18,823,407,131,40,1,5,1,
56,19,346,293,108,28,1,5,1,
56,22,702,281,23,10,1,5,1,
56,23,764,276,57,21,1,5,1,
56,24,208,208,51,19,1,5,1,
56,25,570,248,145,33,1,5,1,
56,26,681,304,78,20,1,5,1,
57,1,739,397,34,16,1,5,1,
57,2,810,129,23,16,1,5,1,
57,5,330,397,28,17,1,5,1,
57,6,642,105,11,15,1,5,1,
57,7,477,456,27,19,1,5,1,
57,8,938,293,22,12,1,5,1,
57,9,762,273,22,11,1,5,1,
57,10,862,182,57,27,1,5,1,
57,11,597,250,8,9,1,5,1,
57,13,915,188,32,20,1,5,1,
57,14,835,154,20,17,1,5,1,
57,15,471,127,57,15,1,5,1,
57,16,891,75,69,26,1,5,1,
57,17,789,316,77,21,1,5,1,
57,18,838,406,122,39,1,5,1,
57,19,353,293,110,28,1,5,1,
57,22,700,281,24,10,1,5,1,
57,23,774,276,48,21,1,5,1,
57,24,213,207,53,19,1,5,1,
57,25,580,248,145,33,1,5,1,
57,26,689,304,77,20,1,5,1,
58,1,742,396,33,16,1,5,1,
58,2,808,130,23,16,1,5,1,
58,5,333,398,29,17,1,5,1,
58,6,641,107,11,14,1,5,1,
58,7,477,458,32,18,1,5,1,
58,9,760,273,23,11,1,5,1,
58,10,869,183,56,27,1,5,1,
58,11,596,251,8,8,1,5,1,
58,13,919,189,31,19,1,5,1,
58,14,837,155,19,17,1,5,1,
58,15,479,128,57,15,1,5,1,
58,16,899,75,61,26,1,5,1,
58,17,797,315,76,21,1,5,1,
58,18,854,405,106,39,1,5,1,
58,19,360,293,111,28,1,5,1,
58,22,697,280,25,11,1,5,1,
58,23,777,276,54,20,1,5,1,
58,24,218,207,54,19,1,5,1,
58,25,590,248,147,33,1,5,1,
58,26,697,304,76,20,1,5,1,
59,1,746,395,32,16,1,5,1,
59,2,805,132,24,15,1,5,1,
59,5,335,399,31,17,1,5,1,
59,7,479,459,33,19,1,5,1,
59,9,758,273,23,11,1,5,1,
59,10,876,184,55,26,1,5,1,
59,13,922,189,30,20,1,5,1,
59,14,839,156,19,16,1,5,1,
59,15,486,128,57,15,1,5,1,
59,16,906,75,54,26,1,5,1,
59,17,805,315,75,21,1,5,1,
59,18,868,404,92,38,1,5,1,
59,19,367,293,113,29,1,5,1,
59,22,695,280,26,11,1,5,1,
59,23,780,276,57,20,1,5,1,
59,24,223,206,56,19,1,5,1,
59,25,600,248,148,33,1,5,1,
59,26,704,304,76,20,1,5,1,
60,1,749,394,31,16,1,5,1,
60,2,803,133,23,15,1,5,1,
60,5,338,401,32,17,1,5,1,
60,7,480,460,35,19,1,5,1,
60,9,756,273,24,11,1,5,1,
60,10,882,185,54,26,1,5,1,
60,13,924,190,30,19,1,5,1,
60,14,841,156,18,17,1,5,1,
60,15,493,128,58,15,1,5,1,
60,16,914,76,46,22,1,5,1,
60,17,812,315,76,21,1,5,1,
60,18,881,404,79,35,1,5,1,
60,19,374,293,114,29,1,5,1,
60,22,693,280,26,11,1,5,1,
60,23,784,276,58,20,1,5,1,
60,24,229,205,57,20,1,5,1,
60,25,610,248,150,33,1,5,1,
60,26,711,304,76,20,1,5,1,
61,1,752,393,30,16,1,5,1,
61,2,800,134,24,15,1,5,1,
61,5,341,402,33,17,1,5,1,
61,7,482,462,37,19,1,5,1,
61,9,755,273,23,11,1,5,1,
61,10,888,186,53,26,1,5,1,
61,13,927,190,29,19,1,5,1,
61,14,843,157,18,17,1,5,1,
61,15,500,129,58,15,1,5,1,
61,16,921,76,39,16,1,5,1,
61,17,820,315,75,21,1,5,1,
61,18,895,408,65,29,1,5,1,
61,19,381,293,116,29,1,5,1,
61,22,691,280,26,11,1,5,1,
61,23,790,276,56,20,1,5,1,
61,24,234,205,60,19,1,5,1,
61,25,620,248,151,33,1,5,1,
61,26,719,304,75,19,1,5,1,
62,1,755,392,29,16,1,5,1,
62,2,797,135,24,15,1,5,1,
62,5,345,403,33,17,1,5,1,
62,7,485,463,37,19,1,5,1,
62,9,753,273,24,11,1,5,1,
62,10,895,187,51,25,1,5,1,
62,13,930,191,28,19,1,5,1,
62,14,845,158,18,16,1,5,1,
62,15,508,129,57,15,1,5,1,
62,16,931,77,29,13,1,5,1,
62,17,828,315,74,21,1,5,1,
62,18,910,412,50,23,1,5,1,
62,19,389,293,117,29,1,5,1,
62,23,796,276,55,20,1,5,1,
62,24,240,204,61,20,1,5,1,
62,25,631,248,151,33,1,5,1,
62,26,727,303,74,20,1,5,1,
63,1,758,392,29,16,1,5,1,
63,2,795,136,24,15,1,5,1,
63,5,348,404,35,18,1,5,1,
63,7,487,465,39,19,1,5,1,
63,10,901,188,50,25,1,5,1,
63,13,932,192,27,17,1,5,1,
63,14,846,159,17,17,1,5,1,
63,15,516,130,57,14,1,5,1,
63,17,836,315,73,20,1,5,1,
63,19,396,293,119,29,1,5,1,
63,23,801,276,54,20,1,5,1,
63,24,246,203,63,20,1,5,1,
63,25,642,248,150,33,1,5,1,
63,26,734,303,73,20,1,5,1,
64,1,760,391,28,16,1,5,1,
64,2,792,137,25,15,1,5,1,
64,5,351,405,37,18,1,5,1,
64,7,489,466,41,19,1,5,1,
64,10,906,189,50,25,1,5,1,
64,13,934,192,26,18,1,5,1,
64,14,847,159,16,18,1,5,1,
64,15,522,130,58,15,1,5,1,
64,17,842,315,73,20,1,5,1,
64,19,403,293,121,30,1,5,1,
64,23,806,276,53,20,1,5,1,
64,24,251,203,66,20,1,5,1,
64,25,650,248,153,33,1,5,1,
64,26,740,303,74,20,1,5,1,
65,1,763,390,27,16,1,5,1,
65,2,790,138,24,15,1,5,1,
65,5,354,406,38,18,1,5,1,
65,7,492,467,42,20,1,5,1,
65,10,911,190,48,24,1,5,1,
65,13,939,193,21,17,1,5,1,
65,14,848,161,15,17,1,5,1,
65,15,529,130,58,15,1,5,1,
65,17,849,314,73,21,1,5,1,
65,19,410,293,123,30,1,5,1,
65,23,810,276,53,19,1,5,1,
65,24,257,202,67,20,1,5,1,
65,25,660,248,154,33,1,5,1,
65,26,747,303,73,20,1,5,1,
66,1,766,389,26,16,1,5,1,
66,2,787,140,25,14,1,5,1,
66,4,952,374,7,11,1,5,1,
66,5,358,408,39,18,1,5,1,
66,7,495,469,43,19,1,5,1,
66,10,917,191,43,24,1,5,1,
66,13,941,193,19,18,1,5,1,
66,14,848,162,16,16,1,5,1,
66,15,537,131,57,14,1,5,1,
66,17,857,314,71,21,1,5,1,
66,19,419,294,123,29,1,5,1,
66,23,816,276,50,19,1,5,1,
66,24,265,201,68,21,1,5,1,
66,25,672,248,153,33,1,5,1,
66,26,754,303,72,19,1,5,1,
67,1,769,388,25,16,1,5,1,
67,2,784,141,25,13,1,5,1,
67,4,949,373,10,11,1,5,1,
67,5,362,409,40,18,1,5,1,
67,7,498,470,45,20,1,5,1,
67,10,923,191,37,24,1,5,1,
67,13,943,193,17,18,1,5,1,
67,14,849,163,16,16,1,5,1,
67,15,544,131,58,15,1,5,1,
67,17,865,314,69,20,1,5,1,
67,19,427,294,124,29,1,5,1,
67,23,821,276,49,19,1,5,1,
67,24,271,201,70,20,1,5,1,
67,25,683,248,153,33,1,5,1,
67,26,762,303,70,19,1,5,1,
68,1,772,388,23,15,1,5,1,
68,4,947,372,12,12,1,5,1,
68,5,366,410,42,18,1,5,1,
68,7,501,472,46,19,1,5,1,
68,10,929,192,31,24,1,5,1,
68,13,944,194,16,18,1,5,1,
68,14,850,164,15,16,1,5,1,
68,15,552,132,56,14,1,5,1,
68,17,872,314,68,20,1,5,1,
68,19,435,293,126,29,1,5,1,
68,23,826,276,47,19,1,5,1,
68,24,278,200,73,21,1,5,1,
68,25,694,248,152,33,1,5,1,
68,26,769,303,69,19,1,5,1,
69,1,774,387,23,15,1,5,1,
69,4,944,371,15,13,1,5,1,
69,5,370,412,43,18,1,5,1,
69,7,504,473,47,19,1,5,1,
69,10,934,193,26,24,1,5,1,
69,13,946,194,14,18,1,5,1,
69,14,851,165,15,15,1,5,1,
69,15,559,132,56,15,1,5,1,
69,17,879,314,67,20,1,5,1,
69,19,443,292,126,29,1,5,1,
69,23,831,276,46,19,1,5,1,
69,24,284,200,76,21,1,5,1,
69,25,704,248,152,33,1,5,1,
69,26,776,303,68,19,1,5,1,
70,1,776,386,22,15,1,5,1,
70,4,941,370,18,14,1,5,1,
70,5,374,413,45,18,1,5,1,
70,7,507,474,49,20,1,5,1,
70,10,939,194,21,23,1,5,1,
70,13,947,195,13,17,1,5,1,
70,14,851,165,15,16,1,5,1,
70,15,566,133,55,15,1,5,1,
70,17,886,313,66,21,1,5,1,
70,19,451,291,127,28,1,5,1,
70,23,835,276,45,19,1,5,1,
70,24,291,199,79,22,1,5,1,
70,25,715,248,151,33,1,5,1,
70,26,782,303,68,19,1,5,1,
71,1,779,385,21,16,1,5,1,
71,4,939,369,21,14,1,5,1,
71,5,379,414,45,18,1,5,1,
71,7,510,476,51,19,1,5,1,
71,10,944,195,16,17,1,5,1,
71,13,948,196,12,17,1,5,1,
71,14,852,166,15,16,1,5,1,
71,15,573,134,54,14,1,5,1,
71,17,893,313,65,20,1,5,1,
71,19,461,290,125,29,1,5,1,
71,23,840,275,43,19,1,5,1,
71,24,299,199,82,22,1,5,1,
71,25,727,248,149,34,1,5,1,
71,26,790,302,65,19,1,5,1,
72,1,781,384,20,16,1,5,1,
72,4,936,368,23,14,1,5,1,
72,5,383,415,48,19,1,5,1,
72,7,514,477,51,19,1,5,1,
72,14,852,167,15,15,1,5,1,
72,15,580,134,53,15,1,5,1,
72,17,899,313,60,20,1,5,1,
72,19,469,290,124,29,1,5,1,
72,23,842,275,50,19,1,5,1,
72,24,306,198,85,23,1,5,1,
72,25,737,248,148,34,1,5,1,
72,26,796,302,65,19,1,5,1,
73,1,783,384,20,15,1,5,1,
73,4,933,367,26,14,1,5,1,
73,5,387,417,51,18,1,5,1,
73,7,517,478,53,20,1,5,1,
73,14,852,168,15,15,1,5,1,
73,15,586,135,52,15,1,5,1,
73,17,905,313,55,20,1,5,1,
73,19,478,290,120,28,1,5,1,
73,23,843,275,58,19,1,5,1,
73,24,313,198,89,23,1,5,1,
73,25,747,248,148,34,1,5,1,
73,26,801,302,66,19,1,5,1,
74,1,785,383,19,15,1,5,1,
74,4,931,366,28,14,1,5,1,
74,5,391,419,55,17,1,5,1,
74,7,521,480,54,19,1,5,1,
74,14,852,169,15,15,1,5,1,
74,15,592,136,51,15,1,5,1,
74,17,911,313,49,19,1,5,1,
74,19,487,290,119,28,1,5,1,
74,23,843,276,68,18,1,5,1,
74,24,321,198,91,22,1,5,1,
74,25,756,248,149,34,1,5,1,
74,26,807,302,66,19,1,5,1,
75,1,787,382,18,15,1,5,1,
75,4,928,365,31,14,1,5,1,
75,5,396,421,57,16,1,5,1,
75,7,525,481,55,19,1,5,1,
75,14,852,169,15,16,1,5,1,
75,15,599,136,49,16,1,5,1,
75,17,917,312,43,20,1,5,1,
75,19,496,290,117,28,1,5,1,
75,23,845,276,75,18,1,5,1,
75,24,331,197,92,23,1,5,1,
75,25,768,248,147,34,1,5,1,
75,26,813,302,66,18,1,5,1,
76,1,789,381,18,15,1,5,1,
76,4,925,365,32,13,1,5,1,
76,5,400,422,60,16,1,5,1,
76,7,528,482,57,19,1,5,1,
76,14,853,170,14,15,1,5,1,
76,15,604,138,52,14,1,5,1,
76,17,922,312,38,20,1,5,1,
76,19,504,290,117,28,1,5,1,
76,23,848,276,78,18,1,5,1,
76,24,339,197,95,23,1,5,1,
76,25,777,248,150,34,1,5,1,
76,26,819,302,66,18,1,5,1,
77,1,791,380,17,15,1,5,1,
77,4,923,364,31,13,1,5,1,
77,5,407,424,61,15,1,5,1,
77,7,533,484,57,18,1,5,1,
77,14,853,171,14,15,1,5,1,
77,15,610,139,54,13,1,5,1,
77,17,929,314,31,16,1,5,1,
77,19,513,290,115,28,1,5,1,
77,23,854,276,79,18,1,5,1,
77,24,349,196,96,23,1,5,1,
77,25,788,248,149,33,1,5,1,
77,26,825,302,65,18,1,5,1,
78,1,792,380,17,15,1,5,1,
78,4,920,363,31,13,1,5,1,
78,5,413,424,62,16,1,5,1,
78,7,537,485,59,18,1,5,1,
78,14,853,172,14,15,1,5,1,
78,15,616,139,57,13,1,5,1,
78,17,935,315,25,13,1,5,1,
78,19,521,290,114,27,1,5,1,
78,23,860,276,79,18,1,5,1,
78,24,358,195,98,24,1,5,1,
78,25,797,248,149,33,1,5,1,
78,26,831,302,65,18,1,5,1,
79,1,793,379,17,15,1,5,1,
79,4,917,362,32,13,1,5,1,
79,5,419,425,63,16,1,5,1,
79,7,541,486,60,19,1,5,1,
79,14,853,173,14,14,1,5,1,
79,15,622,139,60,13,1,5,1,
79,19,529,290,113,27,1,5,1,
79,23,867,276,79,18,1,5,1,
79,24,369,194,97,24,1,5,1,
79,25,808,248,148,33,1,5,1,
79,26,837,301,64,19,1,5,1,
80,1,794,378,17,15,1,5,1,
80,4,915,361,31,13,1,5,1,
80,5,425,426,65,15,1,5,1,
80,7,545,488,61,18,1,5,1,
80,14,852,173,15,15,1,5,1,
80,15,628,139,59,13,1,5,1,
80,19,537,290,113,27,1,5,1,
80,23,872,276,81,18,1,5,1,
80,24,379,193,98,24,1,5,1,
80,25,818,248,141,33,1,5,1,
80,26,842,301,65,19,1,5,1,
81,1,795,377,17,15,1,5,1,
81,4,912,360,31,13,1,5,1,
81,5,433,427,64,15,1,5,1,
81,7,550,489,62,18,1,5,1,
81,14,852,174,14,14,1,5,1,
81,15,636,139,56,14,1,5,1,
81,19,546,290,110,27,1,5,1,
81,23,880,276,79,18,1,5,1,
81,24,389,193,100,23,1,5,1,
81,25,829,248,131,33,1,5,1,
81,26,849,301,63,18,1,5,1,
82,1,796,376,17,15,1,5,1,
82,4,909,359,32,13,1,5,1,
82,5,439,428,66,15,1,5,1,
82,7,554,490,63,18,1,5,1,
82,14,852,175,14,14,1,5,1,
82,15,642,139,54,14,1,5,1,
82,19,553,290,109,27,1,5,1,
82,23,886,276,74,18,1,5,1,
82,24,398,192,102,24,1,5,1,
82,25,838,248,122,33,1,5,1,
82,26,854,301,63,18,1,5,1,
83,1,797,376,17,14,1,5,1,
83,4,910,359,27,12,1,5,1,
83,5,446,428,66,16,1,5,1,
83,7,559,491,64,18,1,5,1,
83,14,852,176,14,14,1,5,1,
83,15,650,140,49,14,1,5,1,
83,19,562,290,107,26,1,5,1,
83,23,893,275,67,19,1,5,1,
83,24,408,191,105,24,1,5,1,
83,25,850,248,110,33,1,5,1,
83,26,861,301,62,18,1,5,1,
84,1,798,375,16,14,1,5,1,
84,4,909,358,25,12,1,5,1,
84,5,452,429,68,16,1,5,1,
84,7,563,493,65,17,1,5,1,
84,14,852,176,13,14,1,5,1,
84,15,657,140,45,15,1,5,1,
84,19,569,289,106,27,1,5,1,
84,23,899,276,61,18,1,5,1,
84,24,417,190,108,25,1,5,1,
84,25,860,248,100,34,1,5,1,
84,26,866,301,61,18,1,5,1,
85,1,797,374,17,15,1,5,1,
85,4,907,357,23,12,1,5,1,
85,5,460,430,68,15,1,5,1,
85,7,569,494,65,17,1,5,1,
85,14,851,177,14,14,1,5,1,
85,15,664,141,42,15,1,5,1,
85,19,578,289,104,27,1,5,1,
85,23,908,275,52,19,1,5,1,
85,24,428,189,110,25,1,5,1,
85,25,875,248,85,33,1,5,1,
85,26,872,301,60,18,1,5,1,
86,1,797,373,16,15,1,5,1,
86,4,904,357,25,12,1,5,1,
86,5,467,431,69,15,1,5,1,
86,7,574,495,66,17,1,5,1,
86,14,851,178,14,14,1,5,1,
86,15,669,142,41,15,1,5,1,
86,19,586,289,102,27,1,5,1,
86,23,916,275,44,19,1,5,1,
86,24,438,189,113,25,1,5,1,
86,25,887,250,73,31,1,5,1,
86,26,878,301,58,17,1,5,1,
87,1,797,372,16,15,1,5,1,
87,4,902,356,25,12,1,5,1,
87,5,475,432,69,15,1,5,1,
87,7,579,496,66,17,1,5,1,
87,14,851,179,13,13,1,5,1,
87,15,674,143,44,14,1,5,1,
87,19,594,289,100,26,1,5,1,
87,23,925,276,35,18,1,5,1,
87,24,449,188,115,25,1,5,1,
87,25,898,251,62,30,1,5,1,
87,26,884,300,57,18,1,5,1,
88,1,796,371,17,15,1,5,1,
88,4,900,355,25,12,1,5,1,
88,5,482,432,70,15,1,5,1,
88,7,584,497,67,17,1,5,1,
88,14,850,179,14,14,1,5,1,
88,15,678,144,48,13,1,5,1,
88,19,601,289,99,26,1,5,1,
88,23,935,278,25,14,1,5,1,
88,24,459,187,118,26,1,5,1,
88,25,908,253,52,25,1,5,1,
88,26,890,300,54,18,1,5,1,
89,1,796,370,16,15,1,5,1,
89,4,898,354,25,12,1,5,1,
89,5,489,433,71,15,1,5,1,
89,7,589,498,68,17,1,5,1,
89,14,850,180,13,13,1,5,1,
89,15,682,145,52,12,1,5,1,
89,19,609,289,97,26,1,5,1,
89,24,471,187,120,25,1,5,1,
89,25,919,255,41,17,1,5,1,
89,26,896,300,52,18,1,5,1,
90,1,796,370,16,14,1,5,1,
90,4,896,354,26,11,1,5,1,
90,5,496,434,72,15,1,5,1,
90,7,594,499,69,17,1,5,1,
90,14,849,181,13,13,1,5,1,
90,15,687,145,50,13,1,5,1,
90,19,615,289,96,26,1,5,1,
90,24,481,186,123,26,1,5,1,
90,26,901,300,51,17,1,5,1,
91,1,795,369,16,14,1,5,1,
91,4,894,353,26,12,1,5,1,
91,5,503,434,73,15,1,5,1,
91,7,598,500,71,17,1,5,1,
91,14,849,181,13,14,1,5,1,
91,15,692,145,48,14,1,5,1,
91,19,621,289,96,25,1,5,1,
91,24,491,186,127,26,1,5,1,
91,26,906,300,50,17,1,5,1,
92,1,795,368,16,15,1,5,1,
92,4,892,352,26,12,1,5,1,
92,5,510,435,74,15,1,5,1,
92,7,603,501,71,17,1,5,1,
92,14,848,182,13,13,1,5,1,
92,15,698,146,43,14,1,5,1,
92,19,628,289,94,25,1,5,1,
92,24,502,185,130,26,1,5,1,
92,26,910,300,49,17,1,5,1,
93,1,794,367,16,15,1,5,1,
93,4,890,352,26,11,1,5,1,
93,5,517,435,76,15,1,5,1,
93,7,609,502,71,16,1,5,1,
93,14,848,183,13,13,1,5,1,
93,15,704,147,44,13,1,5,1,
93,19,635,289,93,25,1,5,1,
93,24,514,184,133,27,1,5,1,
93,26,915,300,45,17,1,5,1,
94,1,794,366,15,15,1,5,1,
94,4,888,351,26,11,1,5,1,
94,5,525,436,76,15,1,5,1,
94,7,614,503,72,16,1,5,1,
94,14,847,183,13,13,1,5,1,
94,15,709,147,47,13,1,5,1,
94,19,641,289,92,25,1,5,1,
94,24,526,184,135,26,1,5,1,
94,26,919,299,41,18,1,5,1,
95,1,793,366,16,14,1,5,1,
95,4,886,350,26,11,1,5,1,
95,5,533,436,76,16,1,5,1,
95,7,619,503,73,17,1,5,1,
95,14,847,184,12,13,1,5,1,
95,15,713,148,51,12,1,5,1,
95,19,648,288,90,25,1,5,1,
95,24,539,183,137,27,1,5,1,
95,26,924,299,36,17,1,5,1,
96,1,792,365,17,14,1,5,1,
96,4,883,350,26,11,1,5,1,
96,5,541,437,77,15,1,5,1,
96,7,625,504,73,16,1,5,1,
96,14,846,185,12,12,1,5,1,
96,15,718,148,49,13,1,5,1,
96,19,655,288,88,25,1,5,1,
96,24,552,183,138,27,1,5,1,
96,26,928,299,32,17,1,5,1,
97,1,792,364,16,14,1,5,1,
97,4,881,349,26,11,1,5,1,
97,5,549,437,77,15,1,5,1,
97,7,631,504,73,17,1,5,1,
97,13,949,212,11,12,1,5,1,
97,14,845,185,13,13,1,5,1,
97,15,723,149,46,13,1,5,1,
97,19,662,288,85,25,1,5,1,
97,24,566,182,139,27,1,5,1,
97,26,933,300,27,16,1,5,1,
98,1,791,363,17,14,1,5,1,
98,4,879,348,26,11,1,5,1,
98,5,558,438,76,15,1,5,1,
98,7,638,505,72,16,1,5,1,
98,13,949,211,10,13,1,5,1,
98,14,845,186,12,12,1,5,1,
98,15,730,149,40,13,1,5,1,
98,19,669,288,83,25,1,5,1,
98,24,581,182,139,27,1,5,1,
98,26,938,301,22,14,1,5,1,
99,1,790,363,17,13,1,5,1,
99,4,877,348,26,10,1,5,1,
99,5,567,438,76,15,1,5,1,
99,7,643,505,73,17,1,5,1,
99,13,948,212,11,12,1,5,1,
99,14,844,187,12,12,1,5,1,
99,15,737,150,34,13,1,5,1,
99,19,676,288,81,24,1,5,1,
99,24,595,181,140,28,1,5,1,
99,26,942,303,18,11,1,5,1,
100,1,790,362,17,13,1,5,1,
100,4,875,347,26,11,1,5,1,
100,5,575,438,76,16,1,5,1,
100,7,649,506,72,16,1,5,1,
100,13,948,212,11,13,1,5,1,
100,14,843,187,13,13,1,5,1,
100,15,743,150,31,14,1,5,1,
100,19,682,288,79,24,1,5,1,
100,24,609,181,141,27,1,5,1,
101,1,789,361,17,14,1,5,1,
101,4,873,347,26,10,1,5,1,
101,5,583,439,77,15,1,5,1,
101,7,655,506,72,17,1,5,1,
101,13,947,212,12,13,1,5,1,
101,14,842,188,13,12,1,5,1,
101,15,747,151,33,14,1,5,1,
101,19,688,288,77,24,1,5,1,
101,24,622,180,143,28,1,5,1,
102,1,788,361,18,13,1,5,1,
102,4,871,346,26,10,1,5,1,
102,5,590,439,78,15,1,5,1,
102,7,660,507,73,16,1,5,1,
102,13,947,212,12,13,1,5,1,
102,14,841,188,13,13,1,5,1,
102,15,749,152,37,13,1,5,1,
102,19,693,288,76,24,1,5,1,
102,24,635,180,145,28,1,5,1,
103,1,787,360,18,13,1,5,1,
103,4,869,345,26,11,1,5,1,
103,5,599,439,78,16,1,5,1,
103,7,666,507,73,16,1,5,1,
103,13,946,213,13,13,1,5,1,
103,14,841,189,13,12,1,5,1,
103,15,752,153,41,12,1,5,1,
103,19,699,288,74,23,1,5,1,
103,24,649,180,146,28,1,5,1,
104,1,786,359,18,13,1,5,1,
104,4,866,345,27,10,1,5,1,
104,5,607,439,78,16,1,5,1,
104,7,672,507,72,17,1,5,1,
104,13,945,213,14,13,1,5,1,
104,14,840,190,13,12,1,5,1,
104,15,755,154,40,12,1,5,1,
104,19,705,287,72,24,1,5,1,
104,24,663,179,147,28,1,5,1,
105,1,785,359,19,13,1,5,1,
105,4,864,344,26,10,1,5,1,
105,5,615,440,78,15,1,5,1,
105,7,678,507,72,17,1,5,1,
105,13,945,213,14,13,1,5,1,
105,14,839,190,13,12,1,5,1,
105,15,759,154,37,13,1,5,1,
105,19,710,287,71,24,1,5,1,
105,24,677,179,148,28,1,5,1,
106,1,784,358,19,13,1,5,1,
106,4,862,344,26,10,1,5,1,
106,5,624,440,78,15,1,5,1,
106,7,683,507,73,17,1,5,1,
106,13,944,214,15,13,1,5,1,
106,14,838,191,13,12,1,5,1,
106,15,764,155,39,12,1,5,1,
106,19,716,287,68,23,1,5,1,
106,24,692,179,148,28,1,5,1,
107,1,783,357,19,13,1,5,1,
107,4,860,343,26,10,1,5,1,
107,5,632,440,78,15,1,5,1,
107,7,689,508,72,16,1,5,1,
107,13,943,214,16,13,1,5,1,
107,14,837,191,14,12,1,5,1,
107,15,769,155,34,13,1,5,1,
107,19,721,287,67,23,1,5,1,
107,24,707,178,148,29,1,5,1,
108,1,782,357,19,12,1,5,1,
108,4,858,343,26,10,1,5,1,
108,5,640,440,78,15,1,5,1,
108,7,695,508,72,16,1,5,1,
108,13,942,215,17,12,1,5,1,
108,14,836,192,14,12,1,5,1,
108,15,773,156,37,12,1,5,1,
108,19,726,287,65,23,1,5,1,
108,24,720,178,151,29,1,5,1,
109,1,781,356,19,12,1,5,1,
109,4,856,342,26,10,1,5,1,
109,5,649,440,77,15,1,5,1,
109,7,701,508,71,16,1,5,1,
109,13,942,215,17,13,1,5,1,
109,14,835,193,14,11,1,5,1,
109,15,777,157,34,12,1,5,1,
109,19,732,287,62,23,1,5,1,
109,24,736,178,150,28,1,5,1,
110,1,780,355,19,13,1,5,1,
110,5,657,440,77,15,1,5,1,
110,7,707,508,70,16,1,5,1,
110,13,941,215,18,13,1,5,1,
110,14,834,193,14,11,1,5,1,
110,15,781,157,36,12,1,5,1,
110,19,737,287,60,22,1,5,1,
110,24,751,177,150,29,1,5,1,
111,1,779,355,19,12,1,5,1,
111,5,665,440,77,15,1,5,1,
111,7,712,508,71,16,1,5,1,
111,13,940,216,19,12,1,5,1,
111,15,784,158,33,12,1,5,1,
111,19,741,287,59,22,1,5,1,
111,24,764,177,152,29,1,5,1,
112,1,778,354,20,12,1,5,1,
112,5,671,440,79,15,1,5,1,
112,7,717,508,71,16,1,5,1,
112,13,939,216,20,13,1,5,1,
112,15,787,158,37,12,1,5,1,
112,19,745,287,58,22,1,5,1,
112,24,775,177,157,29,1,5,1,
113,5,680,439,78,16,1,5,1,
113,7,722,508,71,16,1,5,1,
113,13,938,216,20,13,1,5,1,
113,15,791,159,33,12,1,5,1,
113,19,749,286,56,23,1,5,1,
113,24,790,177,157,29,1,5,1,
114,5,686,439,79,15,1,5,1,
114,7,726,507,72,17,1,5,1,
114,13,937,217,20,12,1,5,1,
114,15,794,159,30,13,1,5,1,
114,19,752,286,56,22,1,5,1,
114,24,801,177,158,29,1,5,1,
115,5,692,439,81,15,1,5,1,
115,7,731,507,72,17,1,5,1,
115,13,936,217,20,12,1,5,1,
115,15,797,160,32,12,1,5,1,
115,19,756,286,54,22,1,5,1,
115,24,812,177,148,28,1,5,1,
116,5,700,439,80,15,1,5,1,
116,7,737,507,71,16,1,5,1,
116,13,935,218,21,12,1,5,1,
116,15,800,160,35,13,1,5,1,
116,19,760,286,52,22,1,5,1,
116,24,827,176,133,29,1,5,1,
117,5,707,438,80,15,1,5,1,
117,7,741,507,72,16,1,5,1,
117,13,934,218,21,12,1,5,1,
117,15,803,161,33,12,1,5,1,
117,19,763,286,51,22,1,5,1,
117,24,840,176,120,29,1,5,1,
118,5,714,438,81,15,1,5,1,
118,7,746,507,72,16,1,5,1,
118,13,933,218,21,12,1,5,1,
118,15,806,162,35,12,1,5,1,
118,19,767,286,49,21,1,5,1,
118,24,853,176,107,27,1,5,1,
119,5,724,438,78,14,1,5,1,
119,7,753,506,70,16,1,5,1,
119,13,932,219,21,12,1,5,1,
119,15,809,162,33,12,1,5,1,
119,19,771,286,47,21,1,5,1,
119,24,871,177,89,26,1,5,1,
120,5,731,437,77,15,1,5,1,
120,7,758,506,69,16,1,5,1,
120,13,931,219,21,12,1,5,1,
120,15,812,163,29,12,1,5,1,
120,19,775,286,51,21,1,5,1,
120,24,884,178,76,22,1,5,1,
121,5,738,437,78,15,1,5,1,
121,7,763,506,69,16,1,5,1,
121,13,930,220,21,11,1,5,1,
121,15,816,163,30,12,1,5,1,
121,19,777,286,57,21,1,5,1,
121,24,898,180,62,17,1,5,1,
122,5,747,437,77,14,1,5,1,
122,7,769,505,68,16,1,5,1,
122,13,929,220,21,12,1,5,1,
122,15,819,164,33,12,1,5,1,
122,19,778,285,65,21,1,5,1,
123,5,753,436,80,15,1,5,1,
123,7,773,505,68,16,1,5,1,
123,13,928,220,21,12,1,5,1,
123,15,821,165,37,11,1,5,1,
123,19,778,285,75,21,1,5,1,
124,5,758,436,83,15,1,5,1,
124,7,778,504,67,16,1,5,1,
124,13,927,221,21,11,1,5,1,
124,15,823,165,41,11,1,5,1,
124,19,778,285,85,21,1,5,1,
125,5,766,437,84,15,1,5,1,
125,7,783,504,67,16,1,5,1,
125,13,926,221,21,11,1,5,1,
125,15,826,166,42,10,1,5,1,
125,19,779,285,91,20,1,5,1,
126,5,772,437,87,15,1,5,1,
126,7,787,503,67,16,1,5,1,
126,13,925,221,21,12,1,5,1,
126,15,828,166,44,11,1,5,1,
126,19,780,285,96,20,1,5,1,
127,5,778,437,89,15,1,5,1,
127,7,792,503,66,15,1,5,1,
127,13,923,222,22,11,1,5,1,
127,15,831,166,45,11,1,5,1,
127,19,783,285,99,20,1,5,1,
128,5,786,437,89,15,1,5,1,
128,7,797,502,65,16,1,5,1,
128,13,922,222,22,11,1,5,1,
128,15,835,167,45,10,1,5,1,
128,19,788,285,99,20,1,5,1,
129,5,794,437,89,15,1,5,1,
129,7,803,501,63,16,1,5,1,
129,13,921,222,22,11,1,5,1,
129,15,839,167,45,11,1,5,1,
129,19,793,285,100,20,1,5,1,
130,5,802,437,89,15,1,5,1,
130,7,808,501,61,15,1,5,1,
130,13,920,223,22,11,1,5,1,
130,15,843,167,44,11,1,5,1,
130,19,799,285,99,20,1,5,1,
131,5,811,437,88,15,1,5,1,
131,7,813,500,60,16,1,5,1,
131,13,919,223,22,11,1,5,1,
131,15,848,168,43,10,1,5,1,
131,19,806,285,98,20,1,5,1,
132,5,819,437,87,15,1,5,1,
132,7,818,500,59,15,1,5,1,
132,15,852,168,42,11,1,5,1,
132,19,812,285,97,20,1,5,1,
133,5,825,437,89,15,1,5,1,
133,7,821,499,59,15,1,5,1,
133,15,855,168,43,11,1,5,1,
133,19,817,285,97,20,1,5,1,
134,5,833,437,89,15,1,5,1,
134,7,826,498,58,15,1,5,1,
134,15,859,169,42,10,1,5,1,
134,19,822,285,97,20,1,5,1,
135,5,839,437,90,14,1,5,1,
135,7,829,497,58,16,1,5,1,
135,15,862,169,42,11,1,5,1,
135,19,827,285,97,20,1,5,1,
136,5,846,436,91,15,1,5,1,
136,7,833,497,57,15,1,5,1,
136,15,866,169,41,11,1,5,1,
136,19,832,285,97,20,1,5,1,
137,5,855,436,89,15,1,5,1,
137,7,838,496,56,15,1,5,1,
137,15,870,170,40,10,1,5,1,
137,19,839,285,95,20,1,5,1,
138,5,862,436,90,15,1,5,1,
138,7,842,495,55,16,1,5,1,
138,15,874,170,39,11,1,5,1,
138,19,845,285,94,20,1,5,1,
139,5,869,436,90,15,1,5,1,
139,7,846,494,54,16,1,5,1,
139,15,877,170,39,11,1,5,1,
139,19,850,285,94,20,1,5,1,
140,5,878,436,82,14,1,5,1,
140,7,850,493,52,16,1,5,1,
140,15,881,171,38,10,1,5,1,
140,19,856,285,92,20,1,5,1,
141,5,886,435,74,15,1,5,1,
141,7,855,493,50,16,1,5,1,
141,15,885,171,37,11,1,5,1,
141,19,862,285,91,20,1,5,1,
142,5,893,435,67,13,1,5,1,
142,7,858,492,50,16,1,5,1,
142,15,888,172,34,10,1,5,1,
142,19,868,285,88,20,1,5,1,
143,5,901,434,59,14,1,5,1,
143,7,862,491,49,16,1,5,1,
143,15,892,172,30,10,1,5,1,
143,19,874,284,85,20,1,5,1,
144,5,909,434,51,13,1,5,1,
144,7,866,490,47,17,1,5,1,
144,15,895,172,29,11,1,5,1,
144,19,879,284,80,20,1,5,1,
145,5,916,436,44,11,1,5,1,
145,7,869,489,47,17,1,5,1,
145,15,898,173,27,10,1,5,1,
145,19,884,284,76,20,1,5,1,
146,5,925,436,35,10,1,5,1,
146,7,874,488,44,17,1,5,1,
146,15,903,173,23,11,1,5,1,
146,19,891,284,69,20,1,5,1,
147,5,932,436,28,8,1,5,1,
147,7,877,487,43,17,1,5,1,
147,15,906,174,21,11,1,5,1,
147,19,896,284,64,20,1,5,1,
148,5,938,435,22,8,1,5,1,
148,7,880,486,42,17,1,5,1,
148,15,908,174,19,11,1,5,1,
148,19,901,284,59,20,1,5,1,
149,7,884,485,41,17,1,5,1,
149,15,911,174,17,12,1,5,1,
149,19,906,284,54,20,1,5,1,
150,7,886,483,41,19,1,5,1,
150,15,913,175,16,11,1,5,1,
150,19,910,284,50,20,1,5,1,
