1,1,449,112,77,44,1,5,1,
1,2,625,332,28,24,1,5,1,
1,3,746,281,123,31,1,5,1,
1,4,484,77,92,25,1,5,1,
1,5,154,138,23,12,1,5,1,
1,6,204,166,16,14,1,5,1,
1,7,465,303,30,30,1,5,1,
2,1,450,114,89,45,1,5,1,
2,2,623,333,30,25,1,5,1,
2,3,732,281,137,31,1,5,1,
2,4,476,78,98,26,1,5,1,
2,5,155,137,23,13,1,5,1,
2,6,204,165,16,14,1,5,1,
2,7,465,304,30,31,1,5,1,
3,1,452,116,100,46,1,5,1,
3,2,621,333,32,27,1,5,1,
3,3,719,281,149,32,1,5,1,
3,4,470,78,103,30,1,5,1,
3,5,156,136,24,13,1,5,1,
3,6,204,164,16,15,1,5,1,
3,7,465,304,30,33,1,5,1,
4,1,455,119,111,44,1,5,1,
4,2,618,334,34,27,1,5,1,
4,3,707,279,160,34,1,5,1,
4,4,464,76,105,36,1,5,1,
4,5,159,135,22,14,1,5,1,
4,6,203,163,16,15,1,5,1,
4,7,466,305,30,34,1,5,1,
5,1,460,122,119,41,1,5,1,
5,2,614,335,36,28,1,5,1,
5,3,696,277,168,35,1,5,1,
5,4,459,75,106,42,1,5,1,
5,5,161,134,21,14,1,5,1,
5,6,202,162,16,15,1,5,1,
5,7,467,306,35,35,1,5,1,
6,1,466,126,127,37,1,5,1,
6,2,614,336,34,30,1,5,1,
6,3,686,275,174,36,1,5,1,
6,4,455,74,104,47,1,5,1,
6,5,163,133,20,14,1,5,1,
6,6,200,160,16,16,1,5,1,
6,7,466,307,47,37,1,5,1,
7,1,474,131,134,33,1,5,1,
7,2,615,337,29,32,1,5,1,
7,3,678,273,174,37,1,5,1,
7,4,452,73,99,54,1,5,1,
7,5,166,131,17,16,1,5,1,
7,6,199,159,16,17,1,5,1,
7,7,465,308,61,38,1,5,1,
8,1,484,134,138,30,1,5,1,
8,2,614,338,25,34,1,5,1,
8,3,671,270,172,38,1,5,1,
8,4,445,73,98,54,1,5,1,
8,5,168,130,16,16,1,5,1,
8,6,197,158,18,17,1,5,1,
8,7,464,310,77,38,1,5,1,
9,1,493,137,144,28,1,5,1,
9,2,614,339,25,36,1,5,1,
9,3,666,267,167,40,1,5,1,
9,4,438,74,98,52,1,5,1,
9,5,169,129,16,16,1,5,1,
9,6,196,156,19,18,1,5,1,
9,7,461,312,97,38,1,5,1,
10,1,505,138,146,26,1,5,1,
10,2,614,340,33,37,1,5,1,
10,3,662,265,159,42,1,5,1,
10,4,430,77,99,48,1,5,1,
10,5,170,127,16,17,1,5,1,
10,6,194,155,20,18,1,5,1,
10,7,459,314,115,36,1,5,1,
11,1,517,137,149,26,1,5,1,
11,2,614,342,43,37,1,5,1,
11,3,659,262,149,45,1,5,1,
11,4,423,81,101,42,1,5,1,
11,5,170,126,17,17,1,5,1,
11,6,193,153,20,19,1,5,1,
11,7,458,316,133,35,1,5,1,
12,1,529,135,152,27,1,5,1,
12,2,614,344,54,37,1,5,1,
12,3,657,260,137,46,1,5,1,
12,4,416,86,103,36,1,5,1,
12,5,171,124,16,18,1,5,1,
12,6,191,152,21,19,1,5,1,
12,7,459,316,149,36,1,5,1,
13,1,542,134,153,27,1,5,1,
13,2,613,346,67,37,1,5,1,
13,3,657,257,123,48,1,5,1,
13,4,409,91,105,30,1,5,1,
13,5,172,122,16,19,1,5,1,
13,6,190,150,21,20,1,5,1,
13,7,462,316,162,37,1,5,1,
14,1,555,133,154,27,1,5,1,
14,2,611,348,82,36,1,5,1,
14,3,658,255,108,47,1,5,1,
14,4,402,96,107,26,1,5,1,
14,5,173,121,16,19,1,5,1,
14,6,188,148,22,21,1,5,1,
14,7,467,317,172,36,1,5,1,
15,1,567,132,155,27,1,5,1,
15,2,610,350,97,35,1,5,1,
15,3,660,253,93,47,1,5,1,
15,4,396,97,108,25,1,5,1,
15,5,174,119,17,19,1,5,1,
15,6,187,147,22,20,1,5,1,
15,7,473,317,181,37,1,5,1,
16,1,580,132,156,27,1,5,1,
16,2,611,353,110,34,1,5,1,
16,3,660,252,79,44,1,5,1,
16,4,390,95,108,27,1,5,1,
16,5,175,118,17,19,1,5,1,
16,6,185,145,22,21,1,5,1,
16,7,482,317,188,37,1,5,1,
17,1,593,131,156,28,1,5,1,
17,2,612,355,123,33,1,5,1,
17,3,660,251,66,42,1,5,1,
17,4,384,92,108,30,1,5,1,
17,5,176,116,17,19,1,5,1,
17,6,179,142,27,23,1,5,1,
17,7,493,317,191,38,1,5,1,
18,1,606,131,156,28,1,5,1,
18,2,616,357,133,32,1,5,1,
18,3,660,250,54,39,1,5,1,
18,4,379,90,107,31,1,5,1,
18,5,177,114,17,20,1,5,1,
18,6,176,140,29,23,1,5,1,
18,7,503,317,196,38,1,5,1,
19,1,623,131,152,28,1,5,1,
19,2,622,360,140,30,1,5,1,
19,3,661,249,40,35,1,5,1,
19,4,374,87,103,32,1,5,1,
19,5,176,111,18,21,1,5,1,
19,6,174,137,30,25,1,5,1,
19,7,519,317,195,38,1,5,1,
20,1,636,131,151,28,1,5,1,
20,2,628,362,147,28,1,5,1,
20,3,663,248,30,33,1,5,1,
20,4,371,84,99,35,1,5,1,
20,5,175,108,18,23,1,5,1,
20,6,172,135,31,25,1,5,1,
20,7,531,318,197,37,1,5,1,
21,1,650,131,150,29,1,5,1,
21,2,635,363,152,28,1,5,1,
21,3,667,248,26,29,1,5,1,
21,4,368,81,95,38,1,5,1,
21,5,173,105,19,25,1,5,1,
21,6,169,133,32,26,1,5,1,
21,7,544,318,198,37,1,5,1,
22,1,663,132,150,28,1,5,1,
22,2,644,363,154,28,1,5,1,
22,3,669,247,32,27,1,5,1,
22,4,365,77,91,42,1,5,1,
22,5,172,102,19,26,1,5,1,
22,6,167,130,32,27,1,5,1,
22,7,557,318,199,37,1,5,1,
23,1,677,132,148,28,1,5,1,
23,2,654,363,153,27,1,5,1,
23,3,667,247,42,24,1,5,1,
23,4,364,74,84,44,1,5,1,
23,5,171,99,20,28,1,5,1,
23,6,165,128,31,27,1,5,1,
23,7,571,318,199,37,1,5,1,
24,1,690,132,148,28,1,5,1,
24,2,665,363,149,27,1,5,1,
24,3,664,246,54,23,1,5,1,
24,4,364,71,77,46,1,5,1,
24,5,172,97,19,28,1,5,1,
24,6,163,126,31,28,1,5,1,
24,7,585,318,199,37,1,5,1,
25,1,704,132,146,28,1,5,1,
25,2,679,362,141,27,1,5,1,
25,3,661,246,66,23,1,5,1,
25,4,364,67,69,48,1,5,1,
25,5,172,95,20,27,1,5,1,
25,6,161,123,30,29,1,5,1,
25,7,601,317,196,38,1,5,1,
26,1,717,132,146,29,1,5,1,
26,2,691,361,138,27,1,5,1,
26,3,659,246,78,23,1,5,1,
26,4,366,63,60,50,1,5,1,
26,5,172,92,21,28,1,5,1,
26,6,160,121,28,29,1,5,1,
26,7,614,317,198,38,1,5,1,
27,1,730,133,146,28,1,5,1,
27,2,704,361,135,27,1,5,1,
27,3,659,246,84,23,1,5,1,
27,4,369,59,49,52,1,5,1,
27,5,173,90,21,28,1,5,1,
27,6,158,118,27,30,1,5,1,
27,7,628,317,198,38,1,5,1,
28,1,743,133,145,28,1,5,1,
28,2,716,361,132,27,1,5,1,
28,3,660,246,89,23,1,5,1,
28,4,368,56,43,52,1,5,1,
28,5,174,88,21,28,1,5,1,
28,6,157,116,25,30,1,5,1,
28,7,643,317,197,38,1,5,1,
29,1,757,133,144,28,1,5,1,
29,2,727,360,130,27,1,5,1,
29,3,664,246,91,23,1,5,1,
29,4,368,53,36,53,1,5,1,
29,5,175,85,21,29,1,5,1,
29,6,157,113,25,31,1,5,1,
29,7,657,317,196,38,1,5,1,
30,1,769,133,144,28,1,5,1,
30,2,737,360,129,27,1,5,1,
30,3,668,246,93,23,1,5,1,
30,4,369,50,29,53,1,5,1,
30,5,177,83,21,29,1,5,1,
30,6,156,111,26,31,1,5,1,
30,7,671,317,196,38,1,5,1,
31,1,788,134,137,27,1,5,1,
31,2,753,360,121,26,1,5,1,
31,3,677,246,89,23,1,5,1,
31,4,372,47,29,51,1,5,1,
31,5,178,80,22,28,1,5,1,
31,6,156,108,26,31,1,5,1,
31,7,692,317,188,37,1,5,1,
32,1,799,134,139,28,1,5,1,
32,2,762,359,121,27,1,5,1,
32,3,683,246,89,23,1,5,1,
32,4,372,45,36,50,1,5,1,
32,5,179,78,23,28,1,5,1,
32,6,156,106,27,31,1,5,1,
32,7,705,317,189,37,1,5,1,
33,1,811,134,139,28,1,5,1,
33,2,771,359,121,27,1,5,1,
33,3,689,246,88,23,1,5,1,
33,4,371,42,47,49,1,5,1,
33,5,179,75,26,29,1,5,1,
33,6,157,103,27,32,1,5,1,
33,7,718,317,189,37,1,5,1,
34,1,823,134,136,28,1,5,1,
34,2,780,359,120,26,1,5,1,
34,3,695,247,87,22,1,5,1,
34,4,370,40,56,48,1,5,1,
34,5,180,73,28,29,1,5,1,
34,6,158,100,27,33,1,5,1,
34,7,731,316,189,38,1,5,1,
35,1,835,135,125,27,1,5,1,
35,2,789,359,119,26,1,5,1,
35,3,701,247,86,22,1,5,1,
35,4,368,37,65,47,1,5,1,
35,5,181,70,30,30,1,5,1,
35,6,159,98,28,32,1,5,1,
35,7,744,316,189,38,1,5,1,
36,1,847,135,113,27,1,5,1,
36,2,798,358,119,26,1,5,1,
36,3,707,247,85,22,1,5,1,
36,4,367,33,73,48,1,5,1,
36,5,182,68,32,30,1,5,1,
36,6,160,95,28,33,1,5,1,
36,7,758,316,189,38,1,5,1,
37,1,859,135,101,28,1,5,1,
37,2,807,358,118,26,1,5,1,
37,3,714,247,83,22,1,5,1,
37,4,367,30,80,47,1,5,1,
37,5,183,65,34,31,1,5,1,
37,6,161,92,29,34,1,5,1,
37,7,771,316,188,38,1,5,1,
38,1,872,136,88,27,1,5,1,
38,2,816,358,117,26,1,5,1,
38,3,720,247,82,22,1,5,1,
38,4,368,27,86,47,1,5,1,
38,5,185,62,36,31,1,5,1,
38,6,163,89,29,35,1,5,1,
38,7,785,316,175,37,1,5,1,
39,1,887,136,73,24,1,5,1,
39,2,828,357,113,26,1,5,1,
39,3,728,247,78,22,1,5,1,
39,4,371,24,90,47,1,5,1,
39,5,188,60,36,31,1,5,1,
39,6,164,86,30,35,1,5,1,
39,7,802,316,158,37,1,5,1,
40,1,899,137,61,20,1,5,1,
40,2,836,357,113,26,1,5,1,
40,3,734,247,77,22,1,5,1,
40,4,374,21,95,47,1,5,1,
40,5,190,57,38,31,1,5,1,
40,6,166,83,30,36,1,5,1,
40,7,816,316,144,37,1,5,1,
41,1,911,140,49,15,1,5,1,
41,2,846,356,110,26,1,5,1,
41,3,740,247,75,22,1,5,1,
41,4,378,17,99,48,1,5,1,
41,5,193,54,39,32,1,5,1,
41,6,168,79,30,37,1,5,1,
41,7,830,316,130,35,1,5,1,
42,2,855,356,104,26,1,5,1,
42,3,746,248,73,21,1,5,1,
42,4,383,14,102,48,1,5,1,
42,5,195,51,42,33,1,5,1,
42,6,169,76,32,38,1,5,1,
42,7,843,315,117,35,1,5,1,
43,2,863,356,97,25,1,5,1,
43,3,752,248,72,21,1,5,1,
43,4,387,10,107,49,1,5,1,
43,5,198,48,43,33,1,5,1,
43,6,170,73,33,38,1,5,1,
43,7,856,317,104,33,1,5,1,
44,2,871,355,89,26,1,5,1,
44,3,757,248,70,21,1,5,1,
44,4,391,7,112,50,1,5,1,
44,5,201,45,44,34,1,5,1,
44,6,172,69,34,40,1,5,1,
44,7,868,318,92,32,1,5,1,
45,2,879,355,81,24,1,5,1,
45,3,762,248,69,21,1,5,1,
45,4,396,3,116,51,1,5,1,
45,5,203,41,47,36,1,5,1,
45,6,173,65,36,42,1,5,1,
45,7,878,318,82,29,1,5,1,
46,2,891,355,69,23,1,5,1,
46,3,770,248,65,21,1,5,1,
46,4,404,0,117,50,1,5,1,
46,5,208,38,47,35,1,5,1,
46,6,175,62,37,40,1,5,1,
46,7,896,323,64,18,1,5,1,
47,2,899,356,61,22,1,5,1,
47,3,775,248,63,21,1,5,1,
47,4,409,-1,122,48,1,5,1,
47,5,211,35,49,36,1,5,1,
47,6,177,58,39,42,1,5,1,
48,2,906,358,54,19,1,5,1,
48,3,780,248,61,21,1,5,1,
48,4,413,-5,128,50,1,5,1,
48,5,214,31,51,37,1,5,1,
48,6,178,54,41,44,1,5,1,
49,2,912,359,48,18,1,5,1,
49,3,784,248,61,21,1,5,1,
49,4,418,-9,130,52,1,5,1,
49,5,217,28,54,38,1,5,1,
49,6,180,50,43,45,1,5,1,
50,2,918,360,42,16,1,5,1,
50,3,787,248,61,21,1,5,1,
50,4,422,-13,132,53,1,5,1,
50,5,219,24,57,40,1,5,1,
50,6,181,46,46,47,1,5,1,
51,2,926,362,34,9,1,5,1,
51,3,792,249,59,20,1,5,1,
51,4,429,-17,132,54,1,5,1,
51,5,223,21,59,41,1,5,1,
51,6,184,41,47,49,1,5,1,
52,3,796,249,58,20,1,5,1,
52,4,434,-21,138,56,1,5,1,
52,5,226,17,62,42,1,5,1,
52,6,186,37,50,51,1,5,1,
53,3,800,249,56,20,1,5,1,
53,4,439,-25,144,58,1,5,1,
53,5,229,13,65,44,1,5,1,
53,6,188,32,54,53,1,5,1,
54,3,803,249,55,20,1,5,1,
54,4,445,-29,149,59,1,5,1,
54,5,233,9,68,46,1,5,1,
54,6,190,27,58,56,1,5,1,
55,3,807,250,53,19,1,5,1,
55,4,452,-33,154,60,1,5,1,
55,5,237,5,70,47,1,5,1,
55,6,193,22,61,58,1,5,1,
56,3,811,250,51,19,1,5,1,
56,4,458,-38,161,63,1,5,1,
56,5,241,1,73,48,1,5,1,
56,6,195,17,65,60,1,5,1,
57,3,816,250,48,19,1,5,1,
57,4,465,-42,166,64,1,5,1,
57,5,245,0,76,46,1,5,1,
57,6,199,12,68,61,1,5,1,
58,3,820,250,46,19,1,5,1,
58,5,250,-4,79,47,1,5,1,
58,6,202,6,72,64,1,5,1,
59,3,823,250,45,19,1,5,1,
59,5,253,-9,81,50,1,5,1,
59,6,205,0,77,67,1,5,1,
60,3,826,250,44,19,1,5,1,
60,5,258,-14,79,52,1,5,1,
60,6,208,-2,82,66,1,5,1,
61,3,830,250,42,19,1,5,1,
61,5,262,-19,83,54,1,5,1,
61,6,211,-9,86,70,1,5,1,
62,3,832,251,41,18,1,5,1,
62,5,267,-24,86,56,1,5,1,
62,6,215,-15,87,72,1,5,1,
63,3,836,251,39,18,1,5,1,
63,5,272,-29,90,58,1,5,1,
63,6,219,-22,87,76,1,5,1,
64,3,838,251,39,18,1,5,1,
64,5,277,-35,94,61,1,5,1,
64,6,223,-30,93,80,1,5,1,
65,3,841,251,37,18,1,5,1,
65,5,283,-41,98,63,1,5,1,
65,6,228,-37,98,83,1,5,1,
66,3,844,251,36,18,1,5,1,
66,5,288,-47,102,66,1,5,1,
66,6,232,-45,104,87,1,5,1,
67,3,847,251,34,18,1,5,1,
67,6,237,-54,111,91,1,5,1,
68,3,849,251,33,18,1,5,1,
68,6,242,-63,117,96,1,5,1,
69,3,851,252,33,17,1,5,1,
69,6,247,-72,125,101,1,5,1,
70,3,853,252,32,17,1,5,1,
70,6,252,-82,133,107,1,5,1,
71,3,855,252,31,17,1,5,1,
72,3,856,252,30,17,1,5,1,
73,3,857,252,30,17,1,5,1,
74,3,858,252,30,17,1,5,1,
75,3,859,252,29,17,1,5,1,
76,3,861,253,28,16,1,5,1,
77,3,862,253,27,16,1,5,1,
78,3,864,253,26,16,1,5,1,
79,3,865,253,25,16,1,5,1,
80,3,866,253,24,16,1,5,1,
81,3,867,253,23,16,1,5,1,
82,3,868,254,21,15,1,5,1,
83,3,866,254,21,15,1,5,1,
84,3,863,254,24,15,1,5,1,
85,3,857,254,30,15,1,5,1,
86,3,851,254,36,15,1,5,1,
87,3,845,254,42,15,1,5,1,
88,3,838,255,49,14,1,5,1,
89,3,831,255,55,15,1,5,1,
90,3,824,255,62,15,1,5,1,
91,3,817,255,69,15,1,5,1,
92,3,811,255,75,15,1,5,1,
93,3,804,256,82,14,1,5,1,
94,3,799,256,88,14,1,5,1,
95,3,794,256,93,14,1,5,1,
96,3,788,256,100,14,1,5,1,
97,3,783,256,104,14,1,5,1,
98,3,778,256,109,14,1,5,1,
99,3,773,257,111,13,1,5,1,
100,3,768,257,114,13,1,5,1,
101,3,763,257,116,13,1,5,1,
102,3,758,257,118,13,1,5,1,
103,3,753,257,119,13,1,5,1,
104,3,748,257,120,13,1,5,1,
105,3,743,258,121,12,1,5,1,
106,3,738,258,121,12,1,5,1,
107,3,733,258,122,12,1,5,1,
108,3,728,258,122,13,1,5,1,
109,3,723,258,122,13,1,5,1,
109,6,-9065,6267,0,-5723,1,5,1,
110,3,719,258,120,13,1,5,1,
111,3,714,259,120,12,1,5,1,
112,3,709,259,119,12,1,5,1,
113,3,704,259,120,12,1,5,1,
114,3,700,259,118,13,1,5,1,
115,3,695,260,117,12,1,5,1,
116,3,691,260,116,12,1,5,1,
117,3,687,261,115,12,1,5,1,
118,3,683,261,114,12,1,5,1,
119,3,680,261,111,12,1,5,1,
120,3,678,261,108,12,1,5,1,
121,3,676,261,105,12,1,5,1,
122,3,675,261,101,12,1,5,1,
123,3,675,261,96,12,1,5,1,
124,3,675,260,91,13,1,5,1,
124,5,-23564,12797,0,-12253,1,5,1,
125,3,675,260,84,12,1,5,1,
125,5,-14967,8152,0,-7608,1,5,1,
126,3,676,259,75,12,1,5,1,
127,3,676,258,70,13,1,5,1,
128,3,677,256,64,14,1,5,1,
129,3,678,255,58,15,1,5,1,
130,3,678,254,53,16,1,5,1,
131,3,679,252,48,18,1,5,1,
132,3,679,251,43,18,1,5,1,
133,3,679,250,38,19,1,5,1,
134,2,941,322,18,7,1,5,1,
134,3,680,249,37,20,1,5,1,
135,2,935,321,24,9,1,5,1,
135,3,681,248,42,20,1,5,1,
136,2,928,319,31,14,1,5,1,
136,3,681,247,49,21,1,5,1,
137,2,923,319,36,14,1,5,1,
137,3,682,246,55,22,1,5,1,
138,2,918,319,41,14,1,5,1,
138,3,683,246,61,21,1,5,1,
139,2,914,319,45,14,1,5,1,
139,3,684,246,67,21,1,5,1,
140,2,911,319,48,14,1,5,1,
140,3,684,246,73,20,1,5,1,
141,2,909,320,50,13,1,5,1,
141,3,684,246,79,19,1,5,1,
142,2,907,320,52,13,1,5,1,
142,3,683,246,86,19,1,5,1,
143,2,907,320,52,13,1,5,1,
143,3,683,246,92,18,1,5,1,
144,2,905,320,54,14,1,5,1,
144,3,683,245,98,18,1,5,1,
144,4,-42142,12086,0,-11542,1,5,1,
145,2,904,320,55,14,1,5,1,
145,3,685,245,102,16,1,5,1,
145,4,-31707,9100,0,-8556,1,5,1,
146,2,905,320,54,14,1,5,1,
146,3,688,245,105,15,1,5,1,
147,2,906,320,53,14,1,5,1,
147,3,691,245,109,15,1,5,1,
148,2,907,320,52,14,1,5,1,
148,3,694,245,112,14,1,5,1,
149,2,907,319,52,15,1,5,1,
149,3,698,244,115,15,1,5,1,
150,2,907,319,48,14,1,5,1,
150,3,702,244,117,15,1,5,1,
