1,1,920,247,26,17,1,5,1,
1,2,340,126,64,20,1,5,1,
1,3,283,460,167,52,1,5,1,
1,4,333,-8,85,22,1,5,1,
1,5,671,388,93,25,1,5,1,
1,6,58,0,83,55,1,5,1,
1,7,603,415,17,30,1,5,1,
1,8,340,113,47,61,1,5,1,
1,9,426,385,23,17,1,5,1,
1,10,329,37,22,30,1,5,1,
1,11,-31,205,184,35,1,5,1,
1,12,305,344,115,26,1,5,1,
1,13,24,332,31,10,1,5,1,
1,14,422,53,53,33,1,5,1,
1,15,0,47,65,17,1,5,1,
1,16,662,225,61,13,1,5,1,
1,17,651,94,24,44,1,5,1,
1,18,450,159,62,25,1,5,1,
1,19,705,318,34,17,1,5,1,
1,20,389,414,43,26,1,5,1,
1,21,534,451,19,43,1,5,1,
1,22,269,456,45,32,1,5,1,
1,23,880,176,73,20,1,5,1,
1,24,858,298,38,28,1,5,1,
1,25,-49,360,147,27,1,5,1,
1,26,727,363,24,25,1,5,1,
1,27,798,109,94,28,1,5,1,
1,28,196,466,22,35,1,5,1,
1,29,553,467,70,30,1,5,1,
1,30,886,102,74,23,1,5,1,
1,31,439,19,108,50,1,5,1,
1,32,586,304,56,13,1,5,1,
1,33,30,339,35,11,1,5,1,
1,34,572,149,65,26,1,5,1,
1,35,261,42,51,21,1,5,1,
1,36,677,0,80,16,1,5,1,
1,37,122,31,54,49,1,5,1,
2,1,922,247,25,17,1,5,1,
2,2,344,126,68,19,1,5,1,
2,3,266,458,155,62,1,5,1,
2,4,319,-6,85,15,1,5,1,
2,5,666,385,75,24,1,5,1,
2,6,49,0,104,59,1,5,1,
2,7,604,417,17,31,1,5,1,
2,8,340,117,37,60,1,5,1,
2,9,429,388,24,16,1,5,1,
2,10,328,34,19,29,1,5,1,
2,11,-49,203,174,37,1,5,1,
2,12,327,346,105,26,1,5,1,
2,13,17,331,36,11,1,5,1,
2,14,426,58,55,29,1,5,1,
2,15,12,49,58,16,1,5,1,
2,16,655,225,61,13,1,5,1,
2,17,652,99,24,40,1,5,1,
2,18,465,160,47,25,1,5,1,
2,19,707,317,37,17,1,5,1,
2,20,405,412,29,23,1,5,1,
2,21,530,455,26,42,1,5,1,
2,22,267,459,36,32,1,5,1,
2,23,900,176,53,20,1,5,1,
2,24,863,297,37,28,1,5,1,
2,25,-70,361,147,26,1,5,1,
2,26,726,362,22,29,1,5,1,
2,27,820,109,73,30,1,5,1,
2,28,195,472,17,32,1,5,1,
2,29,564,473,68,26,1,5,1,
2,30,896,100,64,22,1,5,1,
2,31,433,17,87,59,1,5,1,
2,32,593,304,56,13,1,5,1,
2,33,43,339,22,12,1,5,1,
2,34,569,151,50,26,1,5,1,
2,35,257,38,44,23,1,5,1,
2,36,687,0,75,17,1,5,1,
2,37,123,37,61,46,1,5,1,
3,1,925,248,24,17,1,5,1,
3,2,348,125,71,20,1,5,1,
3,3,249,457,154,73,1,5,1,
3,5,663,383,65,23,1,5,1,
3,6,54,0,111,63,1,5,1,
3,7,602,418,20,33,1,5,1,
3,8,341,120,35,60,1,5,1,
3,9,431,389,26,16,1,5,1,
3,10,328,30,20,30,1,5,1,
3,11,-67,203,172,36,1,5,1,
3,12,340,347,104,26,1,5,1,
3,13,10,331,41,11,1,5,1,
3,14,429,60,57,28,1,5,1,
3,15,22,50,53,15,1,5,1,
3,16,649,225,62,14,1,5,1,
3,17,654,103,23,38,1,5,1,
3,18,472,161,41,26,1,5,1,
3,19,708,317,43,16,1,5,1,
3,20,412,410,26,23,1,5,1,
3,21,527,457,35,43,1,5,1,
3,22,265,461,31,33,1,5,1,
3,23,911,177,42,20,1,5,1,
3,24,860,297,49,27,1,5,1,
3,25,-92,362,153,22,1,5,1,
3,26,726,362,22,32,1,5,1,
3,27,833,109,60,31,1,5,1,
3,28,194,475,18,32,1,5,1,
3,29,571,476,71,23,1,5,1,
3,30,903,99,57,20,1,5,1,
3,31,429,18,75,65,1,5,1,
3,32,598,304,58,13,1,5,1,
3,33,49,339,18,13,1,5,1,
3,34,568,153,41,26,1,5,1,
3,35,254,35,39,24,1,5,1,
3,36,693,0,74,18,1,5,1,
3,37,125,41,67,44,1,5,1,
4,1,924,248,30,17,1,5,1,
4,2,353,125,73,20,1,5,1,
4,3,231,457,154,85,1,5,1,
4,5,661,380,56,25,1,5,1,
4,6,63,4,113,62,1,5,1,
4,7,599,420,25,34,1,5,1,
4,8,344,124,34,58,1,5,1,
4,9,433,391,28,15,1,5,1,
4,10,329,27,20,30,1,5,1,
4,11,-83,205,170,34,1,5,1,
4,12,352,349,105,25,1,5,1,
4,13,2,331,46,11,1,5,1,
4,14,433,63,59,26,1,5,1,
4,15,32,50,46,15,1,5,1,
4,16,643,225,62,14,1,5,1,
4,17,651,106,30,36,1,5,1,
4,18,476,162,39,26,1,5,1,
4,19,713,316,42,17,1,5,1,
4,20,414,408,30,23,1,5,1,
4,21,525,460,43,43,1,5,1,
4,22,265,463,25,35,1,5,1,
4,23,921,177,29,21,1,5,1,
4,24,861,297,55,26,1,5,1,
4,26,727,363,23,34,1,5,1,
4,27,844,108,47,34,1,5,1,
4,28,194,479,18,31,1,5,1,
4,29,580,479,71,21,1,5,1,
4,30,912,97,48,19,1,5,1,
4,31,427,21,63,69,1,5,1,
4,32,603,304,60,14,1,5,1,
4,33,50,340,17,14,1,5,1,
4,34,567,154,33,27,1,5,1,
4,35,252,30,35,27,1,5,1,
4,36,698,0,73,20,1,5,1,
4,37,129,44,71,43,1,5,1,
5,1,925,249,32,17,1,5,1,
5,2,357,125,76,20,1,5,1,
5,3,221,458,146,85,1,5,1,
5,4,285,0,61,12,1,5,1,
5,5,661,377,46,26,1,5,1,
5,6,73,10,115,59,1,5,1,
5,7,598,423,32,34,1,5,1,
5,8,341,129,41,55,1,5,1,
5,9,435,392,31,15,1,5,1,
5,10,331,23,20,31,1,5,1,
5,11,-100,208,168,32,1,5,1,
5,12,364,351,106,25,1,5,1,
5,13,-1,332,44,10,1,5,1,
5,14,438,66,60,24,1,5,1,
5,15,40,50,40,14,1,5,1,
5,16,637,225,62,14,1,5,1,
5,17,649,110,37,33,1,5,1,
5,18,478,164,42,24,1,5,1,
5,19,718,316,40,16,1,5,1,
5,20,416,406,35,23,1,5,1,
5,21,525,464,50,41,1,5,1,
5,22,266,466,18,35,1,5,1,
5,23,923,177,28,22,1,5,1,
5,24,864,297,58,26,1,5,1,
5,26,725,364,27,36,1,5,1,
5,27,850,110,43,34,1,5,1,
5,28,194,482,19,30,1,5,1,
5,29,589,481,71,19,1,5,1,
5,30,921,95,39,18,1,5,1,
5,31,427,27,50,69,1,5,1,
5,32,610,304,60,14,1,5,1,
5,33,49,340,18,15,1,5,1,
5,34,567,156,25,27,1,5,1,
5,35,251,26,30,28,1,5,1,
5,36,704,0,69,21,1,5,1,
5,37,133,48,74,42,1,5,1,
6,1,928,250,30,17,1,5,1,
6,2,362,124,77,21,1,5,1,
6,3,211,461,138,83,1,5,1,
6,4,277,0,59,15,1,5,1,
6,5,661,375,38,25,1,5,1,
6,6,84,16,115,55,1,5,1,
6,7,597,425,39,35,1,5,1,
6,8,337,133,54,53,1,5,1,
6,9,438,393,33,15,1,5,1,
6,10,329,21,25,29,1,5,1,
6,11,-117,214,165,22,1,5,1,
6,12,377,352,107,25,1,5,1,
6,13,-10,332,48,11,1,5,1,
6,14,442,69,62,22,1,5,1,
6,15,48,49,33,14,1,5,1,
6,16,632,225,60,14,1,5,1,
6,17,650,113,39,31,1,5,1,
6,18,479,165,48,24,1,5,1,
6,19,723,316,39,16,1,5,1,
6,20,418,405,41,21,1,5,1,
6,21,525,467,57,40,1,5,1,
6,22,266,468,16,36,1,5,1,
6,23,922,177,29,23,1,5,1,
6,24,871,296,54,26,1,5,1,
6,26,722,365,34,39,1,5,1,
6,27,852,112,47,33,1,5,1,
6,28,192,486,23,27,1,5,1,
6,29,598,481,70,19,1,5,1,
6,31,427,33,39,68,1,5,1,
6,32,617,304,59,14,1,5,1,
6,33,48,341,17,15,1,5,1,
6,34,565,159,21,26,1,5,1,
6,35,250,21,25,30,1,5,1,
6,36,711,0,64,22,1,5,1,
6,37,138,52,77,39,1,5,1,
7,1,930,250,29,17,1,5,1,
7,2,368,123,78,21,1,5,1,
7,3,196,465,134,79,1,5,1,
7,4,271,0,56,20,1,5,1,
7,5,661,372,30,26,1,5,1,
7,6,95,22,114,51,1,5,1,
7,7,597,429,45,34,1,5,1,
7,8,336,137,64,50,1,5,1,
7,9,441,395,35,14,1,5,1,
7,10,327,19,33,28,1,5,1,
7,12,391,351,106,25,1,5,1,
7,13,-19,332,51,10,1,5,1,
7,14,448,71,62,21,1,5,1,
7,15,54,47,26,14,1,5,1,
7,16,627,226,58,14,1,5,1,
7,17,653,114,39,31,1,5,1,
7,18,483,166,48,23,1,5,1,
7,19,728,315,37,16,1,5,1,
7,20,421,404,46,20,1,5,1,
7,21,526,471,64,37,1,5,1,
7,22,265,471,17,35,1,5,1,
7,23,922,178,28,24,1,5,1,
7,24,874,296,59,26,1,5,1,
7,26,720,367,43,39,1,5,1,
7,27,857,114,46,32,1,5,1,
7,28,193,489,23,27,1,5,1,
7,29,608,481,67,18,1,5,1,
7,31,426,40,32,65,1,5,1,
7,32,624,305,58,14,1,5,1,
7,33,44,342,18,16,1,5,1,
7,34,565,161,17,25,1,5,1,
7,35,251,17,19,30,1,5,1,
7,36,721,0,54,23,1,5,1,
7,37,144,55,79,38,1,5,1,
8,1,932,250,28,17,1,5,1,
8,2,375,123,77,21,1,5,1,
8,3,181,470,131,74,1,5,1,
8,4,266,0,52,26,1,5,1,
8,5,660,370,25,25,1,5,1,
8,6,107,28,112,46,1,5,1,
8,7,598,432,52,33,1,5,1,
8,8,336,141,73,47,1,5,1,
8,9,444,396,39,14,1,5,1,
8,10,327,17,41,25,1,5,1,
8,12,406,350,104,24,1,5,1,
8,13,-29,333,55,9,1,5,1,
8,14,453,74,62,18,1,5,1,
8,15,57,45,25,15,1,5,1,
8,16,624,226,54,14,1,5,1,
8,17,657,116,37,30,1,5,1,
8,18,486,168,52,22,1,5,1,
8,19,735,315,32,16,1,5,1,
8,20,425,403,49,19,1,5,1,
8,21,528,475,69,34,1,5,1,
8,22,265,475,17,34,1,5,1,
8,23,924,180,27,23,1,5,1,
8,24,881,296,56,26,1,5,1,
8,26,719,369,53,40,1,5,1,
8,27,861,116,44,32,1,5,1,
8,28,194,491,25,28,1,5,1,
8,29,617,481,67,18,1,5,1,
8,31,426,46,26,63,1,5,1,
8,32,632,305,55,14,1,5,1,
8,33,37,343,26,16,1,5,1,
8,34,566,163,17,25,1,5,1,
8,35,251,13,16,31,1,5,1,
8,36,729,0,46,24,1,5,1,
8,37,151,59,79,35,1,5,1,
9,1,936,250,24,17,1,5,1,
9,2,381,124,77,20,1,5,1,
9,3,168,477,125,67,1,5,1,
9,4,262,0,48,32,1,5,1,
9,5,661,368,19,23,1,5,1,
9,6,118,34,110,40,1,5,1,
9,7,599,435,58,33,1,5,1,
9,8,338,146,81,42,1,5,1,
9,9,448,398,40,13,1,5,1,
9,10,327,16,48,22,1,5,1,
9,12,421,348,100,24,1,5,1,
9,13,-39,333,57,7,1,5,1,
9,14,459,76,62,16,1,5,1,
9,15,60,43,25,15,1,5,1,
9,16,621,226,50,14,1,5,1,
9,17,662,117,32,30,1,5,1,
9,18,489,170,55,20,1,5,1,
9,19,739,316,33,15,1,5,1,
9,20,429,402,54,17,1,5,1,
9,21,531,479,74,31,1,5,1,
9,22,266,478,17,33,1,5,1,
9,23,925,181,27,22,1,5,1,
9,24,887,296,55,25,1,5,1,
9,26,719,372,62,39,1,5,1,
9,27,865,117,44,33,1,5,1,
9,28,196,493,25,28,1,5,1,
9,29,626,480,66,19,1,5,1,
9,31,427,53,25,59,1,5,1,
9,32,640,305,52,14,1,5,1,
9,33,34,344,25,16,1,5,1,
9,34,568,166,16,23,1,5,1,
9,35,250,9,18,31,1,5,1,
9,36,737,0,37,26,1,5,1,
9,37,158,63,79,32,1,5,1,
10,1,941,250,19,17,1,5,1,
10,2,388,124,77,20,1,5,1,
10,3,158,486,116,58,1,5,1,
10,4,260,0,44,39,1,5,1,
10,5,663,366,19,22,1,5,1,
10,6,131,39,106,35,1,5,1,
10,7,602,439,63,31,1,5,1,
10,8,342,149,87,40,1,5,1,
10,9,452,400,42,12,1,5,1,
10,10,328,14,56,21,1,5,1,
10,12,436,346,96,25,1,5,1,
10,14,464,77,62,15,1,5,1,
10,15,63,41,24,15,1,5,1,
10,16,619,227,45,14,1,5,1,
10,17,665,118,32,30,1,5,1,
10,18,492,171,59,19,1,5,1,
10,19,744,316,34,16,1,5,1,
10,20,434,401,56,16,1,5,1,
10,21,535,483,77,28,1,5,1,
10,22,263,482,22,30,1,5,1,
10,23,927,182,27,22,1,5,1,
10,24,894,296,52,25,1,5,1,
10,26,720,374,71,39,1,5,1,
10,27,870,119,42,32,1,5,1,
10,28,197,496,27,27,1,5,1,
10,29,634,480,66,18,1,5,1,
10,31,430,60,24,55,1,5,1,
10,32,648,306,47,13,1,5,1,
10,33,31,345,25,17,1,5,1,
10,34,571,168,16,21,1,5,1,
10,35,251,5,18,30,1,5,1,
10,36,744,0,28,29,1,5,1,
10,37,166,66,78,29,1,5,1,
11,1,945,251,15,16,1,5,1,
11,2,395,124,76,20,1,5,1,
11,3,149,496,106,48,1,5,1,
11,4,260,0,38,47,1,5,1,
11,5,666,365,18,20,1,5,1,
11,6,143,44,103,31,1,5,1,
11,7,606,443,67,28,1,5,1,
11,8,347,152,92,37,1,5,1,
11,9,456,402,44,11,1,5,1,
11,10,331,14,61,20,1,5,1,
11,12,448,345,95,25,1,5,1,
11,14,468,77,63,15,1,5,1,
11,15,65,40,24,15,1,5,1,
11,16,617,227,40,14,1,5,1,
11,17,664,121,38,28,1,5,1,
11,18,496,172,62,18,1,5,1,
11,19,747,317,37,15,1,5,1,
11,20,440,400,58,15,1,5,1,
11,21,540,487,79,24,1,5,1,
11,22,261,485,29,29,1,5,1,
11,23,929,182,26,22,1,5,1,
11,24,900,295,50,25,1,5,1,
11,26,721,377,79,38,1,5,1,
11,27,874,120,42,32,1,5,1,
11,28,198,498,31,27,1,5,1,
11,29,643,480,65,18,1,5,1,
11,31,433,66,24,52,1,5,1,
11,32,656,306,42,13,1,5,1,
11,33,29,346,23,17,1,5,1,
11,34,570,170,21,20,1,5,1,
11,35,252,2,18,29,1,5,1,
11,36,749,0,21,32,1,5,1,
11,37,173,69,77,27,1,5,1,
12,1,949,251,11,16,1,5,1,
12,2,401,124,77,20,1,5,1,
12,4,259,0,32,54,1,5,1,
12,5,669,363,18,20,1,5,1,
12,6,153,47,101,30,1,5,1,
12,7,610,447,70,25,1,5,1,
12,8,352,155,97,35,1,5,1,
12,9,461,403,46,11,1,5,1,
12,10,335,13,64,20,1,5,1,
12,12,461,345,94,24,1,5,1,
12,14,472,77,63,16,1,5,1,
12,15,68,38,24,15,1,5,1,
12,16,617,228,34,13,1,5,1,
12,17,663,124,46,27,1,5,1,
12,18,502,173,62,17,1,5,1,
12,19,751,316,37,16,1,5,1,
12,20,446,399,60,16,1,5,1,
12,21,546,490,80,23,1,5,1,
12,22,261,488,33,27,1,5,1,
12,23,930,183,26,22,1,5,1,
12,24,906,295,48,25,1,5,1,
12,26,724,379,86,38,1,5,1,
12,27,878,122,42,31,1,5,1,
12,28,200,501,33,26,1,5,1,
12,29,652,479,64,18,1,5,1,
12,31,433,71,28,49,1,5,1,
12,32,664,306,36,13,1,5,1,
12,33,27,347,21,17,1,5,1,
12,34,570,172,27,19,1,5,1,
12,35,251,0,21,26,1,5,1,
12,36,748,0,23,35,1,5,1,
12,37,182,72,74,25,1,5,1,
13,1,952,251,8,16,1,5,1,
13,2,408,124,76,20,1,5,1,
13,4,258,0,25,62,1,5,1,
13,5,668,363,25,18,1,5,1,
13,6,164,50,99,28,1,5,1,
13,7,615,452,73,22,1,5,1,
13,8,359,157,100,34,1,5,1,
13,9,467,403,45,12,1,5,1,
13,10,341,11,64,20,1,5,1,
13,12,473,344,93,24,1,5,1,
13,14,477,78,62,16,1,5,1,
13,15,70,36,24,16,1,5,1,
13,16,617,228,28,13,1,5,1,
13,17,665,125,47,27,1,5,1,
13,18,508,173,62,17,1,5,1,
13,19,755,316,37,15,1,5,1,
13,20,452,398,63,16,1,5,1,
13,21,552,492,80,21,1,5,1,
13,22,263,490,35,27,1,5,1,
13,23,931,184,26,21,1,5,1,
13,24,911,295,46,25,1,5,1,
13,26,728,382,92,37,1,5,1,
13,27,883,123,40,31,1,5,1,
13,28,202,503,35,27,1,5,1,
13,29,660,479,64,18,1,5,1,
13,31,432,77,36,45,1,5,1,
13,32,671,305,31,14,1,5,1,
13,33,25,348,19,18,1,5,1,
13,34,571,173,32,18,1,5,1,
13,35,250,-2,27,23,1,5,1,
13,36,748,0,24,37,1,5,1,
13,37,190,75,71,22,1,5,1,
14,2,414,124,77,20,1,5,1,
14,4,258,5,22,64,1,5,1,
14,5,669,362,31,17,1,5,1,
14,6,173,51,98,28,1,5,1,
14,7,621,455,75,20,1,5,1,
14,8,366,159,103,32,1,5,1,
14,9,473,404,45,11,1,5,1,
14,10,344,10,69,21,1,5,1,
14,12,486,344,91,24,1,5,1,
14,14,482,77,62,16,1,5,1,
14,15,72,34,25,16,1,5,1,
14,16,617,229,22,13,1,5,1,
14,17,669,126,47,26,1,5,1,
14,18,513,173,62,18,1,5,1,
14,19,759,316,37,15,1,5,1,
14,20,459,397,64,16,1,5,1,
14,21,560,492,78,21,1,5,1,
14,22,265,492,36,27,1,5,1,
14,23,933,185,25,21,1,5,1,
14,24,917,295,42,24,1,5,1,
14,26,733,385,97,35,1,5,1,
14,27,887,124,39,31,1,5,1,
14,28,204,505,37,27,1,5,1,
14,29,668,478,64,18,1,5,1,
14,31,433,82,43,41,1,5,1,
14,32,675,305,31,13,1,5,1,
14,33,23,349,19,18,1,5,1,
14,34,573,175,37,17,1,5,1,
14,35,250,-3,34,19,1,5,1,
14,36,750,2,24,37,1,5,1,
14,37,198,77,68,21,1,5,1,
15,2,420,124,77,20,1,5,1,
15,4,259,11,22,66,1,5,1,
15,5,670,362,38,15,1,5,1,
15,6,183,52,97,27,1,5,1,
15,7,629,457,75,20,1,5,1,
15,8,373,162,106,30,1,5,1,
15,9,478,405,47,11,1,5,1,
15,10,348,10,73,20,1,5,1,
15,12,498,343,91,24,1,5,1,
15,14,487,77,62,16,1,5,1,
15,15,74,33,26,15,1,5,1,
15,16,617,229,18,13,1,5,1,
15,17,673,127,46,26,1,5,1,
15,18,519,174,61,17,1,5,1,
15,19,763,316,38,15,1,5,1,
15,20,466,397,65,16,1,5,1,
15,21,568,492,75,21,1,5,1,
15,22,268,494,37,27,1,5,1,
15,23,934,186,25,21,1,5,1,
15,24,922,295,38,24,1,5,1,
15,26,739,388,100,33,1,5,1,
15,27,891,126,38,30,1,5,1,
15,28,207,508,39,26,1,5,1,
15,29,677,478,63,18,1,5,1,
15,31,435,86,49,38,1,5,1,
15,32,679,305,30,13,1,5,1,
15,33,21,350,20,18,1,5,1,
15,34,575,176,42,17,1,5,1,
15,35,250,-4,40,16,1,5,1,
15,36,752,4,23,37,1,5,1,
15,37,206,79,65,19,1,5,1,
16,2,427,124,76,20,1,5,1,
16,4,262,19,21,65,1,5,1,
16,5,672,362,44,15,1,5,1,
16,6,192,53,96,27,1,5,1,
16,7,636,458,75,20,1,5,1,
16,8,382,164,107,28,1,5,1,
16,9,484,405,47,12,1,5,1,
16,10,354,9,74,21,1,5,1,
16,12,510,342,90,24,1,5,1,
16,14,492,77,62,16,1,5,1,
16,15,76,31,26,16,1,5,1,
16,16,617,230,14,12,1,5,1,
16,17,677,128,45,26,1,5,1,
16,18,524,174,61,17,1,5,1,
16,19,767,315,38,15,1,5,1,
16,20,474,397,65,16,1,5,1,
16,21,577,491,70,21,1,5,1,
16,22,270,496,39,27,1,5,1,
16,23,935,187,24,20,1,5,1,
16,24,927,294,33,24,1,5,1,
16,26,746,391,102,30,1,5,1,
16,27,895,127,38,30,1,5,1,
16,28,210,510,41,26,1,5,1,
16,29,685,478,62,17,1,5,1,
16,31,438,90,55,35,1,5,1,
16,32,683,305,29,13,1,5,1,
16,33,19,352,21,17,1,5,1,
16,34,579,178,45,15,1,5,1,
16,35,252,-4,46,13,1,5,1,
16,36,753,7,23,35,1,5,1,
16,37,215,79,59,19,1,5,1,
17,2,433,124,77,20,1,5,1,
17,4,264,26,22,65,1,5,1,
17,5,676,362,48,15,1,5,1,
17,6,201,54,96,27,1,5,1,
17,7,645,458,73,21,1,5,1,
17,8,391,164,107,28,1,5,1,
17,9,490,406,47,11,1,5,1,
17,10,361,9,74,21,1,5,1,
17,12,521,342,90,24,1,5,1,
17,14,497,77,63,16,1,5,1,
17,15,79,29,26,16,1,5,1,
17,16,617,230,14,12,1,5,1,
17,17,681,129,45,25,1,5,1,
17,18,530,175,60,17,1,5,1,
17,19,772,315,37,15,1,5,1,
17,20,482,397,65,16,1,5,1,
17,21,583,491,69,20,1,5,1,
17,22,273,498,40,27,1,5,1,
17,23,937,187,22,20,1,5,1,
17,24,932,294,28,24,1,5,1,
17,26,754,393,102,29,1,5,1,
17,27,899,128,37,30,1,5,1,
17,28,213,512,43,26,1,5,1,
17,29,693,477,62,18,1,5,1,
17,31,442,94,60,32,1,5,1,
17,32,687,304,28,13,1,5,1,
17,33,18,353,21,18,1,5,1,
17,34,583,179,49,14,1,5,1,
17,35,255,-4,52,12,1,5,1,
17,36,755,9,22,35,1,5,1,
17,37,223,79,54,18,1,5,1,
18,2,440,124,76,20,1,5,1,
18,4,264,34,29,63,1,5,1,
18,5,679,361,53,15,1,5,1,
18,6,210,55,95,26,1,5,1,
18,7,653,459,71,20,1,5,1,
18,8,399,164,107,29,1,5,1,
18,9,496,406,47,12,1,5,1,
18,10,368,8,75,21,1,5,1,
18,12,533,341,89,24,1,5,1,
18,14,502,77,63,16,1,5,1,
18,15,81,27,27,16,1,5,1,
18,16,618,230,14,13,1,5,1,
18,17,685,130,44,25,1,5,1,
18,18,535,175,61,17,1,5,1,
18,19,776,315,37,15,1,5,1,
18,20,490,397,65,16,1,5,1,
18,21,589,490,68,21,1,5,1,
18,22,276,500,41,28,1,5,1,
18,23,940,188,19,19,1,5,1,
18,24,936,294,24,24,1,5,1,
18,26,763,396,100,26,1,5,1,
18,27,903,130,36,29,1,5,1,
18,28,216,514,45,26,1,5,1,
18,29,702,476,60,18,1,5,1,
18,31,447,97,63,30,1,5,1,
18,32,690,304,28,13,1,5,1,
18,33,17,354,22,18,1,5,1,
18,34,589,179,49,15,1,5,1,
18,36,756,11,22,35,1,5,1,
18,37,230,79,49,17,1,5,1,
19,2,446,124,76,20,1,5,1,
19,4,264,42,36,62,1,5,1,
19,5,688,361,48,15,1,5,1,
19,6,220,56,93,26,1,5,1,
19,7,660,459,71,20,1,5,1,
19,8,408,165,106,28,1,5,1,
19,9,502,407,48,12,1,5,1,
19,10,375,7,75,21,1,5,1,
19,12,546,341,86,23,1,5,1,
19,14,507,77,63,16,1,5,1,
19,15,84,25,27,16,1,5,1,
19,16,621,231,13,12,1,5,1,
19,17,689,131,43,25,1,5,1,
19,18,541,175,60,17,1,5,1,
19,19,780,314,37,15,1,5,1,
19,20,498,397,65,16,1,5,1,
19,21,595,489,67,21,1,5,1,
19,22,279,502,42,28,1,5,1,
19,23,942,188,18,19,1,5,1,
19,24,941,295,19,22,1,5,1,
19,26,773,399,96,24,1,5,1,
19,27,907,131,35,28,1,5,1,
19,28,220,517,46,25,1,5,1,
19,29,710,476,60,17,1,5,1,
19,31,452,100,68,27,1,5,1,
19,32,694,304,27,13,1,5,1,
19,33,17,355,22,18,1,5,1,
19,34,595,179,48,15,1,5,1,
19,36,758,13,21,35,1,5,1,
19,37,238,77,43,18,1,5,1,
20,2,453,124,76,20,1,5,1,
20,4,266,50,42,59,1,5,1,
20,5,695,360,47,15,1,5,1,
20,6,229,57,93,25,1,5,1,
20,7,667,459,71,20,1,5,1,
20,8,417,165,105,28,1,5,1,
20,9,508,408,48,11,1,5,1,
20,10,382,7,75,21,1,5,1,
20,12,558,340,84,24,1,5,1,
20,14,512,77,63,16,1,5,1,
20,15,87,23,26,17,1,5,1,
20,16,621,231,16,12,1,5,1,
20,17,692,132,43,24,1,5,1,
20,18,546,176,60,16,1,5,1,
20,19,785,314,36,15,1,5,1,
20,20,506,397,65,16,1,5,1,
20,21,601,489,66,20,1,5,1,
20,22,282,504,43,28,1,5,1,
20,23,945,189,15,19,1,5,1,
20,24,945,298,15,19,1,5,1,
20,26,784,401,90,22,1,5,1,
20,27,911,132,33,28,1,5,1,
20,28,224,519,48,24,1,5,1,
20,29,718,475,59,18,1,5,1,
20,31,457,103,72,24,1,5,1,
20,32,698,304,26,12,1,5,1,
20,33,17,356,22,18,1,5,1,
20,34,601,180,48,14,1,5,1,
20,36,759,15,21,35,1,5,1,
20,37,244,75,37,18,1,5,1,
21,2,459,124,76,20,1,5,1,
21,4,269,58,47,56,1,5,1,
21,5,701,360,46,15,1,5,1,
21,6,238,58,92,25,1,5,1,
21,7,674,459,70,20,1,5,1,
21,8,425,165,106,28,1,5,1,
21,9,514,408,49,12,1,5,1,
21,10,389,6,75,21,1,5,1,
21,12,569,340,83,23,1,5,1,
21,14,517,77,63,17,1,5,1,
21,15,90,21,26,17,1,5,1,
21,16,620,231,21,12,1,5,1,
21,17,696,133,43,24,1,5,1,
21,18,551,176,60,17,1,5,1,
21,19,789,314,36,15,1,5,1,
21,20,514,397,65,16,1,5,1,
21,21,607,488,65,20,1,5,1,
21,22,285,506,45,28,1,5,1,
21,23,946,195,14,13,1,5,1,
21,26,794,401,84,22,1,5,1,
21,27,915,133,32,28,1,5,1,
21,28,228,521,50,22,1,5,1,
21,29,726,474,58,18,1,5,1,
21,31,464,105,74,22,1,5,1,
21,32,701,303,26,13,1,5,1,
21,33,18,357,22,19,1,5,1,
21,34,607,180,48,15,1,5,1,
21,36,760,17,21,34,1,5,1,
21,37,247,73,37,18,1,5,1,
22,2,466,124,76,20,1,5,1,
22,4,273,66,51,51,1,5,1,
22,5,708,359,45,15,1,5,1,
22,6,247,58,91,25,1,5,1,
22,7,681,459,69,20,1,5,1,
22,8,434,166,105,27,1,5,1,
22,9,520,408,49,12,1,5,1,
22,10,396,6,76,21,1,5,1,
22,12,581,339,81,23,1,5,1,
22,14,522,77,63,17,1,5,1,
22,15,90,20,33,17,1,5,1,
22,16,621,232,25,12,1,5,1,
22,17,700,134,42,24,1,5,1,
22,18,557,176,59,17,1,5,1,
22,19,794,314,35,14,1,5,1,
22,20,522,397,65,16,1,5,1,
22,21,613,487,64,20,1,5,1,
22,22,288,508,47,28,1,5,1,
22,26,806,401,74,22,1,5,1,
22,27,918,134,32,28,1,5,1,
22,28,232,523,51,20,1,5,1,
22,29,736,473,51,17,1,5,1,
22,31,471,107,76,21,1,5,1,
22,32,704,303,25,13,1,5,1,
22,33,19,359,23,18,1,5,1,
22,34,613,181,48,14,1,5,1,
22,36,762,19,20,34,1,5,1,
22,37,250,72,37,18,1,5,1,
23,2,472,124,76,20,1,5,1,
23,4,277,73,56,47,1,5,1,
23,5,714,358,44,15,1,5,1,
23,6,255,59,91,24,1,5,1,
23,7,689,459,67,20,1,5,1,
23,8,442,167,106,27,1,5,1,
23,9,527,409,49,12,1,5,1,
23,10,403,5,76,21,1,5,1,
23,12,592,338,79,23,1,5,1,
23,14,527,77,63,17,1,5,1,
23,15,93,18,33,17,1,5,1,
23,16,622,232,29,12,1,5,1,
23,17,703,134,42,24,1,5,1,
23,18,562,177,59,16,1,5,1,
23,19,798,314,34,14,1,5,1,
23,20,530,397,65,16,1,5,1,
23,21,619,486,62,20,1,5,1,
23,22,292,510,47,28,1,5,1,
23,26,817,401,64,21,1,5,1,
23,27,922,136,31,27,1,5,1,
23,28,237,525,50,18,1,5,1,
23,29,743,472,49,17,1,5,1,
23,31,478,107,78,21,1,5,1,
23,32,708,303,24,12,1,5,1,
23,33,21,360,23,18,1,5,1,
23,34,619,181,47,14,1,5,1,
23,36,763,21,19,34,1,5,1,
23,37,252,70,38,19,1,5,1,
24,2,478,124,77,20,1,5,1,
24,4,283,80,58,43,1,5,1,
24,5,720,358,43,15,1,5,1,
24,6,264,59,90,25,1,5,1,
24,7,696,459,66,20,1,5,1,
24,8,450,167,106,28,1,5,1,
24,9,533,409,50,12,1,5,1,
24,10,411,4,75,21,1,5,1,
24,11,0,179,32,47,1,5,1,
24,12,603,338,77,22,1,5,1,
24,14,532,77,63,17,1,5,1,
24,15,97,16,33,17,1,5,1,
24,16,625,232,28,12,1,5,1,
24,17,707,135,40,24,1,5,1,
24,18,567,177,59,17,1,5,1,
24,19,802,313,33,15,1,5,1,
24,20,538,396,65,17,1,5,1,
24,21,625,485,60,20,1,5,1,
24,22,295,512,49,28,1,5,1,
24,26,827,400,54,21,1,5,1,
24,27,925,137,30,27,1,5,1,
24,28,242,527,51,17,1,5,1,
24,29,750,470,48,18,1,5,1,
24,31,486,107,79,21,1,5,1,
24,32,711,303,24,12,1,5,1,
24,33,23,361,23,18,1,5,1,
24,34,625,181,47,15,1,5,1,
24,36,764,23,19,34,1,5,1,
24,37,255,68,39,19,1,5,1,
25,2,485,124,76,20,1,5,1,
25,4,289,86,61,38,1,5,1,
25,5,726,357,42,15,1,5,1,
25,6,272,60,90,24,1,5,1,
25,7,703,458,65,20,1,5,1,
25,8,459,167,105,28,1,5,1,
25,9,539,409,50,12,1,5,1,
25,10,418,4,76,21,1,5,1,
25,11,0,170,43,58,1,5,1,
25,12,613,337,76,23,1,5,1,
25,14,538,77,62,17,1,5,1,
25,15,100,14,33,17,1,5,1,
25,16,629,232,27,12,1,5,1,
25,17,711,136,39,24,1,5,1,
25,18,573,177,58,17,1,5,1,
25,19,807,313,31,14,1,5,1,
25,20,546,396,64,17,1,5,1,
25,21,631,484,59,20,1,5,1,
25,22,299,514,50,28,1,5,1,
25,23,948,199,12,12,1,5,1,
25,26,838,399,42,21,1,5,1,
25,27,928,138,30,27,1,5,1,
25,28,247,529,50,15,1,5,1,
25,29,757,469,46,18,1,5,1,
25,31,494,107,79,21,1,5,1,
25,32,714,302,23,13,1,5,1,
25,33,25,362,23,18,1,5,1,
25,34,631,182,46,14,1,5,1,
25,36,766,25,18,33,1,5,1,
25,37,258,66,39,20,1,5,1,
26,2,491,124,76,20,1,5,1,
26,4,296,91,63,35,1,5,1,
26,5,732,357,40,14,1,5,1,
26,6,281,60,89,24,1,5,1,
26,7,710,458,63,20,1,5,1,
26,8,467,167,105,28,1,5,1,
26,9,546,410,50,12,1,5,1,
26,10,425,3,76,21,1,5,1,
26,11,0,169,54,60,1,5,1,
26,12,624,337,74,22,1,5,1,
26,14,543,77,62,17,1,5,1,
26,15,104,12,33,18,1,5,1,
26,16,632,233,26,12,1,5,1,
26,17,714,137,39,23,1,5,1,
26,18,578,178,57,16,1,5,1,
26,19,811,313,30,14,1,5,1,
26,20,554,396,64,17,1,5,1,
26,21,636,484,58,19,1,5,1,
26,22,303,516,52,27,1,5,1,
26,23,947,199,13,12,1,5,1,
26,26,848,397,29,21,1,5,1,
26,27,930,139,29,27,1,5,1,
26,28,252,531,51,13,1,5,1,
26,29,764,468,44,17,1,5,1,
26,31,503,107,78,21,1,5,1,
26,32,717,302,22,12,1,5,1,
26,33,26,363,24,19,1,5,1,
26,34,637,182,45,14,1,5,1,
26,36,766,27,18,33,1,5,1,
26,37,261,65,39,19,1,5,1,
27,2,498,124,76,20,1,5,1,
27,4,303,96,65,30,1,5,1,
27,5,738,356,39,15,1,5,1,
27,6,291,62,87,23,1,5,1,
27,7,717,458,62,19,1,5,1,
27,8,476,167,105,28,1,5,1,
27,9,553,410,50,12,1,5,1,
27,10,432,2,77,22,1,5,1,
27,11,0,165,62,64,1,5,1,
27,12,634,336,73,22,1,5,1,
27,14,548,77,62,17,1,5,1,
27,15,107,10,33,18,1,5,1,
27,16,636,233,25,12,1,5,1,
27,17,718,138,36,23,1,5,1,
27,18,584,178,56,16,1,5,1,
27,19,815,313,29,14,1,5,1,
27,20,563,397,63,16,1,5,1,
27,21,642,483,56,19,1,5,1,
27,22,307,518,53,25,1,5,1,
27,23,947,200,13,12,1,5,1,
27,26,850,395,28,22,1,5,1,
27,27,933,140,26,27,1,5,1,
27,28,257,533,53,11,1,5,1,
27,29,770,467,43,17,1,5,1,
27,31,512,108,78,20,1,5,1,
27,32,721,302,21,12,1,5,1,
27,33,28,364,25,19,1,5,1,
27,34,643,182,45,14,1,5,1,
27,36,767,29,18,33,1,5,1,
27,37,264,63,39,19,1,5,1,
28,2,504,124,76,20,1,5,1,
28,4,311,100,65,27,1,5,1,
28,5,744,356,37,14,1,5,1,
28,6,301,63,85,22,1,5,1,
28,7,724,457,60,20,1,5,1,
28,8,484,167,105,28,1,5,1,
28,9,559,409,50,13,1,5,1,
28,10,439,2,78,21,1,5,1,
28,11,0,163,71,65,1,5,1,
28,12,645,336,71,22,1,5,1,
28,14,553,78,61,16,1,5,1,
28,15,111,8,32,18,1,5,1,
28,16,639,233,24,12,1,5,1,
28,17,721,139,36,23,1,5,1,
28,18,589,178,55,17,1,5,1,
28,19,819,312,28,14,1,5,1,
28,20,571,397,62,16,1,5,1,
28,21,647,482,55,19,1,5,1,
28,22,311,520,54,23,1,5,1,
28,23,947,200,13,12,1,5,1,
28,26,851,394,28,22,1,5,1,
28,27,935,141,24,27,1,5,1,
28,28,263,535,54,9,1,5,1,
28,29,776,465,42,18,1,5,1,
28,31,520,108,78,20,1,5,1,
28,32,724,302,20,12,1,5,1,
28,33,30,365,26,19,1,5,1,
28,34,649,183,44,14,1,5,1,
28,36,767,31,18,32,1,5,1,
28,37,268,61,38,20,1,5,1,
29,2,510,124,77,20,1,5,1,
29,4,319,104,65,23,1,5,1,
29,5,749,355,37,14,1,5,1,
29,6,311,65,82,21,1,5,1,
29,7,731,457,58,19,1,5,1,
29,8,492,167,105,28,1,5,1,
29,9,566,409,50,12,1,5,1,
29,10,447,1,77,21,1,5,1,
29,11,0,161,82,66,1,5,1,
29,12,655,335,69,22,1,5,1,
29,14,558,78,61,16,1,5,1,
29,15,115,6,31,18,1,5,1,
29,16,642,233,23,12,1,5,1,
29,17,724,139,35,24,1,5,1,
29,18,595,179,54,16,1,5,1,
29,19,823,312,27,14,1,5,1,
29,20,580,397,61,16,1,5,1,
29,21,652,481,54,19,1,5,1,
29,22,316,522,52,21,1,5,1,
29,23,947,201,12,12,1,5,1,
29,26,853,393,27,22,1,5,1,
29,27,937,143,22,26,1,5,1,
29,29,782,464,41,17,1,5,1,
29,31,528,108,78,20,1,5,1,
29,32,726,302,20,11,1,5,1,
29,33,33,366,26,19,1,5,1,
29,34,655,183,43,14,1,5,1,
29,36,768,33,17,32,1,5,1,
29,37,271,59,39,20,1,5,1,
30,2,517,124,76,20,1,5,1,
30,4,327,107,65,20,1,5,1,
30,5,754,355,36,14,1,5,1,
30,6,320,64,81,22,1,5,1,
30,7,737,456,57,20,1,5,1,
30,8,500,167,105,28,1,5,1,
30,9,573,409,49,13,1,5,1,
30,10,454,0,78,21,1,5,1,
30,11,0,159,93,67,1,5,1,
30,12,664,335,68,21,1,5,1,
30,14,563,78,61,17,1,5,1,
30,15,118,3,31,18,1,5,1,
30,16,645,234,22,11,1,5,1,
30,17,727,140,34,23,1,5,1,
30,18,600,179,53,16,1,5,1,
30,19,826,312,26,14,1,5,1,
30,20,588,397,60,16,1,5,1,
30,21,657,480,52,18,1,5,1,
30,22,320,524,52,20,1,5,1,
30,23,946,201,13,12,1,5,1,
30,26,854,392,27,21,1,5,1,
30,27,939,144,21,26,1,5,1,
30,29,788,463,40,17,1,5,1,
30,31,537,108,77,20,1,5,1,
30,32,729,301,19,12,1,5,1,
30,33,35,367,27,20,1,5,1,
30,34,660,184,43,14,1,5,1,
30,36,768,35,17,32,1,5,1,
30,37,274,57,39,20,1,5,1,
31,1,951,254,8,13,1,5,1,
31,2,523,124,76,20,1,5,1,
31,4,336,109,64,18,1,5,1,
31,5,759,354,35,14,1,5,1,
31,6,328,63,80,22,1,5,1,
31,7,744,456,55,19,1,5,1,
31,8,509,167,104,28,1,5,1,
31,9,579,409,50,13,1,5,1,
31,10,461,0,78,21,1,5,1,
31,11,0,156,105,69,1,5,1,
31,12,674,334,66,22,1,5,1,
31,14,568,78,60,17,1,5,1,
31,15,121,1,31,18,1,5,1,
31,16,648,234,21,11,1,5,1,
31,17,731,141,32,23,1,5,1,
31,18,605,180,53,16,1,5,1,
31,19,830,312,25,13,1,5,1,
31,20,596,396,59,16,1,5,1,
31,21,662,479,51,18,1,5,1,
31,22,325,526,51,18,1,5,1,
31,23,946,201,13,13,1,5,1,
31,26,855,391,27,21,1,5,1,
31,27,941,145,19,25,1,5,1,
31,29,793,461,39,18,1,5,1,
31,31,545,108,78,20,1,5,1,
31,32,729,301,24,12,1,5,1,
31,33,37,368,28,20,1,5,1,
31,34,666,184,41,14,1,5,1,
31,36,769,37,17,31,1,5,1,
31,37,277,55,39,20,1,5,1,
32,1,950,254,9,13,1,5,1,
32,2,530,124,76,20,1,5,1,
32,4,344,109,64,18,1,5,1,
32,5,764,353,34,15,1,5,1,
32,6,335,62,81,22,1,5,1,
32,7,749,455,55,19,1,5,1,
32,8,517,167,104,28,1,5,1,
32,9,586,409,50,13,1,5,1,
32,10,469,0,78,21,1,5,1,
32,11,0,154,117,70,1,5,1,
32,12,683,334,65,21,1,5,1,
32,14,573,78,60,17,1,5,1,
32,15,125,0,31,17,1,5,1,
32,16,650,234,21,12,1,5,1,
32,17,733,142,32,23,1,5,1,
32,18,610,180,52,16,1,5,1,
32,19,833,311,25,14,1,5,1,
32,20,603,396,59,16,1,5,1,
32,21,665,478,55,19,1,5,1,
32,22,329,528,53,16,1,5,1,
32,23,946,202,13,13,1,5,1,
32,26,856,390,27,21,1,5,1,
32,27,943,146,17,25,1,5,1,
32,29,798,460,39,17,1,5,1,
32,31,554,108,77,21,1,5,1,
32,32,732,301,24,12,1,5,1,
32,33,40,369,28,20,1,5,1,
32,34,671,184,41,14,1,5,1,
32,36,769,39,17,31,1,5,1,
32,37,280,53,39,20,1,5,1,
33,1,949,254,10,13,1,5,1,
33,2,536,124,76,20,1,5,1,
33,4,352,109,63,18,1,5,1,
33,5,769,353,33,14,1,5,1,
33,6,342,62,82,21,1,5,1,
33,7,755,454,54,20,1,5,1,
33,8,525,168,104,27,1,5,1,
33,9,593,410,49,12,1,5,1,
33,10,476,1,79,20,1,5,1,
33,11,0,151,130,72,1,5,1,
33,12,692,333,64,21,1,5,1,
33,14,578,78,59,17,1,5,1,
33,15,128,-2,31,16,1,5,1,
33,16,653,234,20,12,1,5,1,
33,17,736,143,32,22,1,5,1,
33,18,613,180,54,16,1,5,1,
33,19,836,311,24,14,1,5,1,
33,20,611,396,59,15,1,5,1,
33,21,668,478,58,20,1,5,1,
33,22,334,530,54,14,1,5,1,
33,23,945,201,14,14,1,5,1,
33,26,857,388,27,21,1,5,1,
33,27,944,147,16,25,1,5,1,
33,29,804,459,38,17,1,5,1,
33,31,562,108,77,21,1,5,1,
33,32,735,301,24,12,1,5,1,
33,33,42,371,29,20,1,5,1,
33,34,677,185,40,14,1,5,1,
33,36,769,41,17,31,1,5,1,
33,37,282,51,41,21,1,5,1,
34,1,948,254,11,13,1,5,1,
34,2,543,124,76,20,1,5,1,
34,4,360,110,63,16,1,5,1,
34,5,774,352,33,14,1,5,1,
34,6,349,61,82,21,1,5,1,
34,7,761,454,53,19,1,5,1,
34,8,533,168,104,27,1,5,1,
34,9,599,410,50,12,1,5,1,
34,10,484,0,79,20,1,5,1,
34,11,0,148,145,74,1,5,1,
34,12,702,333,62,21,1,5,1,
34,14,583,78,59,18,1,5,1,
34,15,131,-4,31,16,1,5,1,
34,16,656,235,19,11,1,5,1,
34,17,739,144,31,22,1,5,1,
34,18,616,181,56,16,1,5,1,
34,19,840,311,23,13,1,5,1,
34,20,619,395,58,16,1,5,1,
34,21,673,478,59,20,1,5,1,
34,22,339,531,55,13,1,5,1,
34,23,945,202,14,14,1,5,1,
34,25,0,411,58,39,1,5,1,
34,26,858,387,27,21,1,5,1,
34,27,946,148,14,25,1,5,1,
34,29,809,458,37,16,1,5,1,
34,31,570,109,77,20,1,5,1,
34,32,738,301,24,11,1,5,1,
34,33,45,372,30,20,1,5,1,
34,34,682,185,39,14,1,5,1,
34,36,769,43,17,30,1,5,1,
34,37,286,49,40,21,1,5,1,
35,1,947,254,12,13,1,5,1,
35,2,549,124,76,20,1,5,1,
35,4,369,110,61,16,1,5,1,
35,5,779,352,32,14,1,5,1,
35,6,357,60,82,22,1,5,1,
35,7,767,453,52,20,1,5,1,
35,8,542,168,103,28,1,5,1,
35,9,606,410,50,12,1,5,1,
35,10,491,0,80,20,1,5,1,
35,11,1,145,159,76,1,5,1,
35,12,710,332,61,21,1,5,1,
35,14,588,78,58,18,1,5,1,
35,15,134,-7,30,17,1,5,1,
35,16,658,235,19,11,1,5,1,
35,17,742,145,29,22,1,5,1,
35,18,620,181,57,17,1,5,1,
35,19,843,311,22,13,1,5,1,
35,20,627,395,57,16,1,5,1,
35,21,678,477,58,20,1,5,1,
35,22,344,533,56,11,1,5,1,
35,23,944,203,15,13,1,5,1,
35,25,0,408,79,42,1,5,1,
35,26,859,386,26,21,1,5,1,
35,29,814,456,37,17,1,5,1,
35,31,579,109,76,20,1,5,1,
35,32,741,301,23,11,1,5,1,
35,33,48,373,31,21,1,5,1,
35,34,687,186,39,13,1,5,1,
35,36,769,45,17,30,1,5,1,
35,37,289,47,41,21,1,5,1,
36,1,946,254,13,13,1,5,1,
36,2,555,124,77,20,1,5,1,
36,4,378,109,58,16,1,5,1,
36,5,783,351,31,14,1,5,1,
36,6,364,59,83,22,1,5,1,
36,7,772,453,52,19,1,5,1,
36,8,550,168,103,28,1,5,1,
36,9,613,410,49,12,1,5,1,
36,10,499,0,80,19,1,5,1,
36,11,8,142,168,78,1,5,1,
36,12,719,332,60,20,1,5,1,
36,14,593,79,58,17,1,5,1,
36,15,138,-10,30,18,1,5,1,
36,16,660,235,18,11,1,5,1,
36,17,744,145,29,23,1,5,1,
36,18,624,182,58,16,1,5,1,
36,19,846,310,21,14,1,5,1,
36,20,634,394,56,16,1,5,1,
36,21,684,476,56,21,1,5,1,
36,23,944,203,15,14,1,5,1,
36,25,0,406,100,50,1,5,1,
36,26,860,385,26,21,1,5,1,
36,29,819,455,36,17,1,5,1,
36,31,587,109,76,20,1,5,1,
36,32,744,300,23,12,1,5,1,
36,33,51,374,31,21,1,5,1,
36,34,692,186,38,14,1,5,1,
36,36,770,46,16,30,1,5,1,
36,37,292,44,41,22,1,5,1,
37,1,945,255,14,12,1,5,1,
37,2,562,124,76,20,1,5,1,
37,4,386,108,57,16,1,5,1,
37,5,788,351,30,13,1,5,1,
37,6,371,58,84,23,1,5,1,
37,7,778,452,50,19,1,5,1,
37,8,558,168,103,28,1,5,1,
37,9,619,410,50,13,1,5,1,
37,10,506,0,81,18,1,5,1,
37,11,16,139,177,80,1,5,1,
37,12,727,331,59,21,1,5,1,
37,14,597,79,58,18,1,5,1,
37,16,662,235,18,11,1,5,1,
37,17,747,146,28,22,1,5,1,
37,18,629,182,57,16,1,5,1,
37,19,849,310,20,13,1,5,1,
37,20,641,394,56,16,1,5,1,
37,21,689,476,56,20,1,5,1,
37,23,943,203,17,15,1,5,1,
37,25,0,406,121,49,1,5,1,
37,26,861,384,26,21,1,5,1,
37,29,824,454,35,16,1,5,1,
37,31,595,109,76,20,1,5,1,
37,32,747,300,22,12,1,5,1,
37,33,55,375,31,22,1,5,1,
37,34,697,186,37,14,1,5,1,
37,36,770,48,16,30,1,5,1,
37,37,295,42,42,22,1,5,1,
38,1,944,255,16,12,1,5,1,
38,2,568,124,76,20,1,5,1,
38,4,393,107,57,17,1,5,1,
38,5,792,350,30,14,1,5,1,
38,6,378,58,85,22,1,5,1,
38,7,783,452,50,19,1,5,1,
38,8,566,168,103,28,1,5,1,
38,9,626,410,50,13,1,5,1,
38,10,513,0,82,17,1,5,1,
38,11,21,136,195,82,1,5,1,
38,12,736,331,57,20,1,5,1,
38,14,602,79,57,18,1,5,1,
38,16,665,236,17,11,1,5,1,
38,17,749,147,28,22,1,5,1,
38,18,635,182,56,17,1,5,1,
38,19,852,310,20,13,1,5,1,
38,20,649,394,55,15,1,5,1,
38,21,694,475,55,20,1,5,1,
38,23,943,204,16,14,1,5,1,
38,25,0,405,143,50,1,5,1,
38,26,862,383,25,20,1,5,1,
38,29,829,452,34,17,1,5,1,
38,31,603,109,76,20,1,5,1,
38,32,750,300,21,11,1,5,1,
38,33,58,376,33,22,1,5,1,
38,34,702,187,37,13,1,5,1,
38,36,770,50,16,29,1,5,1,
38,37,298,40,43,22,1,5,1,
39,1,943,255,16,12,1,5,1,
39,2,575,124,76,20,1,5,1,
39,4,399,106,58,17,1,5,1,
39,5,796,350,29,13,1,5,1,
39,6,386,57,85,22,1,5,1,
39,7,789,451,48,19,1,5,1,
39,8,574,168,103,28,1,5,1,
39,9,632,410,50,13,1,5,1,
39,10,521,0,82,17,1,5,1,
39,11,27,134,213,84,1,5,1,
39,12,744,330,55,20,1,5,1,
39,14,607,79,56,19,1,5,1,
39,16,667,236,16,11,1,5,1,
39,17,752,148,27,22,1,5,1,
39,18,640,182,55,17,1,5,1,
39,19,854,310,20,13,1,5,1,
39,20,656,393,54,16,1,5,1,
39,21,699,474,54,20,1,5,1,
39,23,942,204,17,15,1,5,1,
39,25,0,405,165,50,1,5,1,
39,26,862,382,26,20,1,5,1,
39,29,834,451,33,17,1,5,1,
39,31,612,109,75,21,1,5,1,
39,32,753,300,20,11,1,5,1,
39,33,62,378,33,22,1,5,1,
39,34,707,187,36,14,1,5,1,
39,36,770,52,15,29,1,5,1,
39,37,301,38,44,22,1,5,1,
40,1,941,255,18,12,1,5,1,
40,2,581,124,76,20,1,5,1,
40,4,406,105,59,17,1,5,1,
40,5,801,349,28,14,1,5,1,
40,6,393,56,87,23,1,5,1,
40,7,795,450,46,19,1,5,1,
40,8,583,168,101,28,1,5,1,
40,9,639,410,50,13,1,5,1,
40,10,529,0,82,16,1,5,1,
40,11,34,131,233,86,1,5,1,
40,12,753,330,53,20,1,5,1,
40,14,612,80,55,18,1,5,1,
40,16,669,236,15,11,1,5,1,
40,17,754,149,26,21,1,5,1,
40,18,645,183,55,16,1,5,1,
40,19,857,309,19,13,1,5,1,
40,20,663,392,53,16,1,5,1,
40,21,704,473,53,20,1,5,1,
40,23,941,205,18,14,1,5,1,
40,25,0,405,187,49,1,5,1,
40,26,866,382,24,19,1,5,1,
40,29,838,450,32,16,1,5,1,
40,31,620,109,75,21,1,5,1,
40,32,756,300,20,11,1,5,1,
40,33,65,379,33,22,1,5,1,
40,34,712,188,35,13,1,5,1,
40,36,769,53,16,29,1,5,1,
40,37,304,35,45,23,1,5,1,
41,1,940,255,18,12,1,5,1,
41,2,588,124,75,20,1,5,1,
41,4,413,104,59,17,1,5,1,
41,5,805,349,27,13,1,5,1,
41,6,401,55,87,23,1,5,1,
41,7,800,450,46,18,1,5,1,
41,8,591,168,101,28,1,5,1,
41,9,646,410,49,13,1,5,1,
41,10,536,0,83,15,1,5,1,
41,11,43,128,249,88,1,5,1,
41,12,761,329,51,20,1,5,1,
41,14,616,80,55,18,1,5,1,
41,16,672,236,14,11,1,5,1,
41,17,757,150,25,21,1,5,1,
41,18,650,183,54,16,1,5,1,
41,19,860,309,18,13,1,5,1,
41,20,671,392,52,15,1,5,1,
41,21,709,473,52,19,1,5,1,
41,23,941,206,18,14,1,5,1,
41,25,0,405,208,49,1,5,1,
41,26,870,382,23,18,1,5,1,
41,29,843,449,31,16,1,5,1,
41,31,629,110,74,20,1,5,1,
41,32,759,299,19,12,1,5,1,
41,33,68,381,32,23,1,5,1,
41,34,716,188,34,14,1,5,1,
41,36,769,55,16,29,1,5,1,
41,37,307,33,47,23,1,5,1,
42,1,939,255,18,12,1,5,1,
42,2,594,124,75,20,1,5,1,
42,4,419,103,61,17,1,5,1,
42,5,809,348,27,13,1,5,1,
42,6,408,55,88,22,1,5,1,
42,7,805,449,45,18,1,5,1,
42,8,599,169,101,27,1,5,1,
42,9,653,410,49,13,1,5,1,
42,10,544,0,83,15,1,5,1,
42,11,56,125,261,90,1,5,1,
42,12,768,329,50,19,1,5,1,
42,14,621,80,54,19,1,5,1,
42,16,674,237,13,10,1,5,1,
42,17,759,150,24,22,1,5,1,
42,18,655,183,53,16,1,5,1,
42,19,862,309,18,13,1,5,1,
42,20,678,391,51,16,1,5,1,
42,21,714,472,51,20,1,5,1,
42,23,940,206,20,14,1,5,1,
42,25,22,404,207,50,1,5,1,
42,26,870,382,29,18,1,5,1,
42,29,847,447,31,16,1,5,1,
42,31,637,110,74,20,1,5,1,
42,32,761,299,19,11,1,5,1,
42,33,70,382,34,23,1,5,1,
42,34,721,189,33,13,1,5,1,
42,36,769,57,16,28,1,5,1,
42,37,310,30,48,24,1,5,1,
43,1,938,255,18,12,1,5,1,
43,2,601,124,74,21,1,5,1,
43,4,426,102,61,17,1,5,1,
43,5,813,348,26,13,1,5,1,
43,6,415,54,89,23,1,5,1,
43,7,809,448,46,19,1,5,1,
43,8,607,169,100,27,1,5,1,
43,9,659,410,49,12,1,5,1,
43,10,552,-1,83,15,1,5,1,
43,11,52,124,303,91,1,5,1,
43,12,775,328,49,20,1,5,1,
43,14,626,81,53,18,1,5,1,
43,16,675,237,13,10,1,5,1,
43,17,761,151,24,21,1,5,1,
43,18,660,183,52,17,1,5,1,
43,19,864,309,18,12,1,5,1,
43,20,684,391,51,15,1,5,1,
43,21,718,471,51,20,1,5,1,
43,23,940,207,19,14,1,5,1,
43,25,43,404,207,49,1,5,1,
43,26,872,382,29,18,1,5,1,
43,29,851,446,31,16,1,5,1,
43,31,645,110,74,20,1,5,1,
43,32,764,299,18,11,1,5,1,
43,33,73,384,36,23,1,5,1,
43,34,725,189,33,13,1,5,1,
43,36,769,59,15,28,1,5,1,
43,37,313,28,50,24,1,5,1,
44,1,937,256,18,12,1,5,1,
44,2,607,124,74,21,1,5,1,
44,4,433,101,62,17,1,5,1,
44,5,817,347,25,13,1,5,1,
44,6,423,53,90,23,1,5,1,
44,7,814,448,45,18,1,5,1,
44,8,615,169,100,27,1,5,1,
44,9,665,409,49,12,1,5,1,
44,10,559,-1,84,15,1,5,1,
44,11,50,122,339,93,1,5,1,
44,12,782,328,48,19,1,5,1,
44,14,630,81,53,19,1,5,1,
44,16,677,237,12,10,1,5,1,
44,17,763,152,23,21,1,5,1,
44,18,665,184,52,16,1,5,1,
44,19,865,308,16,13,1,5,1,
44,20,691,390,50,16,1,5,1,
44,21,723,470,50,20,1,5,1,
44,23,939,207,20,14,1,5,1,
44,25,64,404,208,48,1,5,1,
44,26,876,381,27,18,1,5,1,
44,29,855,445,30,16,1,5,1,
44,31,653,110,73,20,1,5,1,
44,32,766,299,18,11,1,5,1,
44,33,76,386,38,23,1,5,1,
44,34,730,190,31,13,1,5,1,
44,36,769,60,15,28,1,5,1,
44,37,316,26,52,24,1,5,1,
45,1,936,256,18,12,1,5,1,
45,2,614,125,73,20,1,5,1,
45,4,440,100,63,17,1,5,1,
45,5,821,347,24,13,1,5,1,
45,6,431,52,90,24,1,5,1,
45,7,820,447,42,18,1,5,1,
45,8,623,169,99,28,1,5,1,
45,9,672,409,48,12,1,5,1,
45,10,569,-2,82,15,1,5,1,
45,11,52,121,368,95,1,5,1,
45,12,789,327,47,19,1,5,1,
45,14,635,81,52,19,1,5,1,
45,16,679,237,11,11,1,5,1,
45,17,766,153,21,21,1,5,1,
45,18,670,184,51,16,1,5,1,
45,19,866,308,17,12,1,5,1,
45,20,698,390,48,15,1,5,1,
45,21,728,470,49,19,1,5,1,
45,23,938,207,21,14,1,5,1,
45,25,86,403,207,48,1,5,1,
45,26,879,380,26,18,1,5,1,
45,29,860,444,28,16,1,5,1,
45,31,661,111,73,20,1,5,1,
45,32,769,299,17,11,1,5,1,
45,33,80,387,39,24,1,5,1,
45,34,734,190,31,13,1,5,1,
45,36,768,62,15,28,1,5,1,
45,37,320,23,53,24,1,5,1,
46,1,934,256,18,12,1,5,1,
46,2,620,125,73,20,1,5,1,
46,4,447,99,64,18,1,5,1,
46,5,824,346,24,13,1,5,1,
46,6,439,52,91,23,1,5,1,
46,7,824,446,42,18,1,5,1,
46,8,631,169,98,28,1,5,1,
46,9,678,409,48,12,1,5,1,
46,10,577,-2,83,15,1,5,1,
46,11,73,121,375,96,1,5,1,
46,12,796,327,46,19,1,5,1,
46,14,639,82,51,19,1,5,1,
46,16,680,237,11,11,1,5,1,
46,17,768,154,20,20,1,5,1,
46,18,675,184,50,16,1,5,1,
46,19,867,307,17,13,1,5,1,
46,20,704,389,48,15,1,5,1,
46,21,732,469,48,19,1,5,1,
46,23,937,208,22,14,1,5,1,
46,25,108,402,206,48,1,5,1,
46,26,881,380,26,17,1,5,1,
46,29,863,443,28,15,1,5,1,
46,31,669,111,73,20,1,5,1,
46,32,771,299,16,10,1,5,1,
46,33,84,389,41,24,1,5,1,
46,34,738,190,30,14,1,5,1,
46,36,768,64,15,27,1,5,1,
46,37,323,21,55,24,1,5,1,
47,1,933,256,18,12,1,5,1,
47,2,626,125,73,20,1,5,1,
47,4,454,99,65,17,1,5,1,
47,5,828,346,23,12,1,5,1,
47,6,446,51,92,24,1,5,1,
47,7,829,445,41,18,1,5,1,
47,8,639,169,97,28,1,5,1,
47,9,685,408,47,13,1,5,1,
47,10,605,-2,63,14,1,5,1,
47,11,101,121,375,96,1,5,1,
47,12,803,326,44,19,1,5,1,
47,14,643,82,51,20,1,5,1,
47,16,681,238,11,10,1,5,1,
47,17,770,154,19,21,1,5,1,
47,18,679,184,49,17,1,5,1,
47,19,869,307,16,12,1,5,1,
47,20,711,389,46,15,1,5,1,
47,21,737,468,47,19,1,5,1,
47,23,937,209,21,13,1,5,1,
47,25,131,402,203,47,1,5,1,
47,26,884,379,25,17,1,5,1,
47,29,867,441,27,16,1,5,1,
47,31,678,111,71,20,1,5,1,
47,32,774,298,15,11,1,5,1,
47,33,88,390,43,25,1,5,1,
47,34,742,191,29,13,1,5,1,
47,36,767,65,15,27,1,5,1,
47,37,327,18,56,25,1,5,1,
48,1,932,256,18,12,1,5,1,
48,2,633,125,72,20,1,5,1,
48,4,462,98,66,17,1,5,1,
48,5,832,345,22,13,1,5,1,
48,6,454,51,93,23,1,5,1,
48,7,834,445,39,17,1,5,1,
48,8,647,170,96,27,1,5,1,
48,9,691,408,48,13,1,5,1,
48,11,118,117,385,97,1,5,1,
48,12,809,326,44,18,1,5,1,
48,14,648,83,49,19,1,5,1,
48,16,682,238,11,10,1,5,1,
48,17,771,155,20,21,1,5,1,
48,18,684,185,48,16,1,5,1,
48,19,870,307,16,12,1,5,1,
48,20,717,388,46,15,1,5,1,
48,21,742,467,45,19,1,5,1,
48,23,936,209,21,14,1,5,1,
48,25,153,401,202,48,1,5,1,
48,26,887,378,24,17,1,5,1,
48,29,871,440,26,16,1,5,1,
48,31,686,111,70,20,1,5,1,
48,32,776,298,14,11,1,5,1,
48,33,92,392,45,24,1,5,1,
48,34,746,191,28,13,1,5,1,
48,36,767,67,14,27,1,5,1,
48,37,331,16,58,25,1,5,1,
49,1,931,256,17,12,1,5,1,
49,2,639,125,72,21,1,5,1,
49,4,469,97,67,17,1,5,1,
49,5,835,345,22,12,1,5,1,
49,6,462,50,93,23,1,5,1,
49,7,839,444,38,17,1,5,1,
49,8,655,170,96,27,1,5,1,
49,9,697,408,48,13,1,5,1,
49,11,143,117,387,96,1,5,1,
49,12,816,326,42,18,1,5,1,
49,14,652,83,49,20,1,5,1,
49,16,683,238,11,10,1,5,1,
49,17,773,156,19,20,1,5,1,
49,18,689,185,47,16,1,5,1,
49,19,871,307,16,12,1,5,1,
49,20,724,387,44,15,1,5,1,
49,21,746,466,45,19,1,5,1,
49,23,935,210,21,13,1,5,1,
49,25,175,400,200,48,1,5,1,
49,26,890,378,23,17,1,5,1,
49,29,875,439,25,15,1,5,1,
49,31,693,112,71,20,1,5,1,
49,32,778,298,14,11,1,5,1,
49,33,97,394,46,24,1,5,1,
49,34,750,192,27,13,1,5,1,
49,36,766,68,15,27,1,5,1,
49,37,336,15,59,24,1,5,1,
50,1,929,257,18,11,1,5,1,
50,2,645,125,72,21,1,5,1,
50,4,477,96,67,17,1,5,1,
50,5,838,344,21,13,1,5,1,
50,6,470,49,94,24,1,5,1,
50,7,840,443,42,17,1,5,1,
50,8,663,170,94,27,1,5,1,
50,9,704,408,47,12,1,5,1,
50,11,172,118,385,95,1,5,1,
50,12,818,325,49,18,1,5,1,
50,14,656,84,48,19,1,5,1,
50,16,684,238,11,10,1,5,1,
50,17,775,157,18,20,1,5,1,
50,18,693,185,47,16,1,5,1,
50,19,872,306,16,12,1,5,1,
50,20,729,387,45,14,1,5,1,
50,21,750,466,44,18,1,5,1,
50,23,934,210,21,14,1,5,1,
50,25,197,400,198,47,1,5,1,
50,26,892,377,23,17,1,5,1,
50,29,878,438,25,15,1,5,1,
50,31,701,112,70,20,1,5,1,
50,32,780,298,13,10,1,5,1,
50,33,99,396,57,23,1,5,1,
50,34,754,192,26,13,1,5,1,
50,36,766,70,15,26,1,5,1,
50,37,341,14,60,24,1,5,1,
51,1,928,257,18,11,1,5,1,
51,2,652,125,71,21,1,5,1,
51,4,485,95,68,18,1,5,1,
51,5,841,343,21,13,1,5,1,
51,6,478,49,95,24,1,5,1,
51,7,841,442,47,17,1,5,1,
51,8,670,170,95,28,1,5,1,
51,9,710,408,47,12,1,5,1,
51,11,204,119,379,95,1,5,1,
51,12,825,325,48,18,1,5,1,
51,14,660,84,47,20,1,5,1,
51,16,685,239,11,10,1,5,1,
51,17,776,157,18,20,1,5,1,
51,18,697,186,46,16,1,5,1,
51,19,873,306,16,12,1,5,1,
51,20,735,386,44,15,1,5,1,
51,21,754,465,44,18,1,5,1,
51,23,933,211,21,13,1,5,1,
51,25,219,399,196,47,1,5,1,
51,26,894,376,23,17,1,5,1,
51,29,881,437,25,15,1,5,1,
51,31,709,112,69,20,1,5,1,
51,32,782,298,13,10,1,5,1,
51,33,104,397,63,23,1,5,1,
51,34,757,193,26,13,1,5,1,
51,36,766,70,15,27,1,5,1,
51,37,346,12,61,24,1,5,1,
52,1,927,257,17,11,1,5,1,
52,2,658,126,70,20,1,5,1,
52,4,492,94,70,18,1,5,1,
52,5,844,343,21,12,1,5,1,
52,6,487,48,95,24,1,5,1,
52,7,846,442,44,15,1,5,1,
52,8,678,171,93,27,1,5,1,
52,9,716,408,47,12,1,5,1,
52,11,235,120,373,95,1,5,1,
52,12,832,324,47,18,1,5,1,
52,14,664,85,47,20,1,5,1,
52,16,685,239,11,10,1,5,1,
52,17,778,158,18,20,1,5,1,
52,18,702,186,45,16,1,5,1,
52,19,874,306,16,12,1,5,1,
52,20,741,385,43,15,1,5,1,
52,21,758,464,43,18,1,5,1,
52,23,932,211,22,13,1,5,1,
52,25,240,398,194,47,1,5,1,
52,26,896,375,23,17,1,5,1,
52,29,885,435,24,15,1,5,1,
52,31,717,113,69,20,1,5,1,
52,32,783,297,13,11,1,5,1,
52,33,112,399,64,23,1,5,1,
52,34,760,193,27,13,1,5,1,
52,36,765,71,15,27,1,5,1,
52,37,351,9,62,25,1,5,1,
53,1,925,257,18,11,1,5,1,
53,2,664,126,70,20,1,5,1,
53,4,500,94,70,17,1,5,1,
53,5,847,342,20,13,1,5,1,
53,6,495,48,95,24,1,5,1,
53,7,851,440,41,16,1,5,1,
53,8,686,171,91,27,1,5,1,
53,9,722,408,47,12,1,5,1,
53,11,266,121,367,94,1,5,1,
53,12,838,324,47,18,1,5,1,
53,14,668,85,46,20,1,5,1,
53,16,686,239,11,10,1,5,1,
53,17,779,159,18,20,1,5,1,
53,18,706,186,44,16,1,5,1,
53,19,875,305,16,12,1,5,1,
53,20,747,385,42,14,1,5,1,
53,21,762,463,42,18,1,5,1,
53,23,931,212,22,13,1,5,1,
53,25,262,397,191,46,1,5,1,
53,26,898,375,23,16,1,5,1,
53,29,888,434,23,15,1,5,1,
53,31,725,113,68,20,1,5,1,
53,32,785,297,13,10,1,5,1,
53,33,120,400,66,23,1,5,1,
53,34,764,194,25,13,1,5,1,
53,36,764,73,16,27,1,5,1,
53,37,355,6,65,25,1,5,1,
54,1,924,257,17,11,1,5,1,
54,2,670,126,69,21,1,5,1,
54,4,508,93,71,18,1,5,1,
54,5,850,342,20,12,1,5,1,
54,6,503,47,96,24,1,5,1,
54,7,855,439,40,16,1,5,1,
54,8,693,171,91,27,1,5,1,
54,9,729,407,46,13,1,5,1,
54,11,297,123,361,93,1,5,1,
54,12,845,324,45,17,1,5,1,
54,14,672,86,45,20,1,5,1,
54,16,687,239,11,10,1,5,1,
54,17,780,160,17,19,1,5,1,
54,18,710,187,44,15,1,5,1,
54,19,876,305,16,12,1,5,1,
54,20,753,384,40,15,1,5,1,
54,21,766,462,41,18,1,5,1,
54,23,930,212,22,13,1,5,1,
54,25,284,396,188,46,1,5,1,
54,26,900,374,22,17,1,5,1,
54,29,894,433,19,15,1,5,1,
54,31,732,114,68,19,1,5,1,
54,32,787,297,12,10,1,5,1,
54,33,128,401,68,24,1,5,1,
54,34,767,194,25,13,1,5,1,
54,36,763,74,16,27,1,5,1,
54,37,360,4,66,25,1,5,1,
55,1,922,257,18,11,1,5,1,
55,2,677,126,68,21,1,5,1,
55,4,516,92,72,18,1,5,1,
55,5,854,341,18,13,1,5,1,
55,6,512,47,96,24,1,5,1,
55,7,859,438,39,16,1,5,1,
55,8,701,172,89,27,1,5,1,
55,9,735,407,46,12,1,5,1,
55,11,328,124,354,92,1,5,1,
55,12,852,323,44,18,1,5,1,
55,14,676,87,42,20,1,5,1,
55,16,687,239,11,10,1,5,1,
55,17,781,160,17,20,1,5,1,
55,18,714,187,43,16,1,5,1,
55,19,877,305,16,12,1,5,1,
55,20,759,384,39,14,1,5,1,
55,21,771,461,38,18,1,5,1,
55,23,929,213,22,13,1,5,1,
55,25,305,395,186,46,1,5,1,
55,26,902,373,22,17,1,5,1,
55,29,896,431,19,16,1,5,1,
55,31,740,114,67,20,1,5,1,
55,32,788,297,12,10,1,5,1,
55,33,136,402,70,24,1,5,1,
55,34,771,195,24,12,1,5,1,
55,36,762,76,17,26,1,5,1,
55,37,364,1,68,26,1,5,1,
56,1,921,257,17,11,1,5,1,
56,2,683,127,67,20,1,5,1,
56,4,524,91,73,18,1,5,1,
56,5,856,341,18,12,1,5,1,
56,6,520,47,97,23,1,5,1,
56,7,863,438,39,15,1,5,1,
56,8,708,172,89,27,1,5,1,
56,9,741,407,46,12,1,5,1,
56,11,358,125,347,91,1,5,1,
56,12,858,323,43,17,1,5,1,
56,14,681,88,37,21,1,5,1,
56,16,687,240,11,9,1,5,1,
56,17,781,161,18,20,1,5,1,
56,18,719,187,41,16,1,5,1,
56,19,878,305,16,11,1,5,1,
56,20,764,383,38,14,1,5,1,
56,21,775,460,37,18,1,5,1,
56,23,928,213,22,13,1,5,1,
56,25,326,394,183,45,1,5,1,
56,26,904,373,22,16,1,5,1,
56,29,897,430,19,15,1,5,1,
56,31,748,114,66,20,1,5,1,
56,32,789,297,13,10,1,5,1,
56,33,145,403,71,25,1,5,1,
56,34,774,195,23,13,1,5,1,
56,36,761,77,18,27,1,5,1,
56,37,369,0,70,24,1,5,1,
57,1,919,257,18,11,1,5,1,
57,2,689,127,66,20,1,5,1,
57,4,533,90,73,18,1,5,1,
57,5,859,341,18,11,1,5,1,
57,6,529,46,97,24,1,5,1,
57,7,867,437,38,15,1,5,1,
57,8,716,172,87,27,1,5,1,
57,9,747,407,46,12,1,5,1,
57,11,388,126,340,91,1,5,1,
57,12,865,323,41,17,1,5,1,
57,14,685,88,32,22,1,5,1,
57,16,687,240,11,9,1,5,1,
57,17,782,162,18,19,1,5,1,
57,18,723,187,40,16,1,5,1,
57,19,879,305,15,11,1,5,1,
57,20,770,383,38,14,1,5,1,
57,21,779,460,36,17,1,5,1,
57,23,927,214,22,12,1,5,1,
57,25,348,393,178,45,1,5,1,
57,26,906,372,21,16,1,5,1,
57,29,898,429,19,15,1,5,1,
57,31,755,115,65,19,1,5,1,
57,32,790,297,13,9,1,5,1,
57,33,154,405,72,24,1,5,1,
57,34,777,196,22,12,1,5,1,
57,36,760,79,18,26,1,5,1,
57,37,374,-2,72,24,1,5,1,
58,1,919,257,15,11,1,5,1,
58,2,695,127,65,21,1,5,1,
58,4,541,90,74,18,1,5,1,
58,5,862,340,17,12,1,5,1,
58,6,537,46,97,24,1,5,1,
58,7,871,436,38,16,1,5,1,
58,8,723,173,86,26,1,5,1,
58,9,754,407,45,12,1,5,1,
58,11,417,128,333,89,1,5,1,
58,12,871,322,40,18,1,5,1,
58,14,688,90,30,21,1,5,1,
58,16,688,240,10,10,1,5,1,
58,17,783,163,17,19,1,5,1,
58,18,727,188,39,16,1,5,1,
58,19,879,304,16,12,1,5,1,
58,20,777,383,35,14,1,5,1,
58,21,783,459,34,18,1,5,1,
58,23,926,214,21,13,1,5,1,
58,25,368,392,175,45,1,5,1,
58,26,907,372,22,16,1,5,1,
58,29,900,427,18,15,1,5,1,
58,31,763,115,64,20,1,5,1,
58,32,792,296,12,10,1,5,1,
58,33,163,406,74,24,1,5,1,
58,34,780,196,22,13,1,5,1,
58,36,758,81,19,25,1,5,1,
58,37,379,-5,72,24,1,5,1,
59,1,919,257,15,10,1,5,1,
59,2,701,128,64,20,1,5,1,
59,4,550,89,74,18,1,5,1,
59,5,865,340,16,11,1,5,1,
59,6,546,46,97,24,1,5,1,
59,7,875,436,37,15,1,5,1,
59,8,730,173,86,27,1,5,1,
59,9,760,407,45,12,1,5,1,
59,11,446,129,326,89,1,5,1,
59,12,877,322,39,17,1,5,1,
59,14,690,91,30,21,1,5,1,
59,16,688,240,11,10,1,5,1,
59,17,784,164,17,18,1,5,1,
59,18,730,188,39,16,1,5,1,
59,19,880,304,16,12,1,5,1,
59,20,783,384,34,13,1,5,1,
59,21,786,458,34,18,1,5,1,
59,23,925,215,21,12,1,5,1,
59,25,389,391,170,44,1,5,1,
59,26,909,371,22,16,1,5,1,
59,29,901,426,18,14,1,5,1,
59,31,770,116,64,19,1,5,1,
59,32,793,296,12,10,1,5,1,
59,33,172,407,76,25,1,5,1,
59,34,784,197,20,12,1,5,1,
59,36,757,82,19,26,1,5,1,
59,37,384,-8,71,25,1,5,1,
60,1,920,257,15,10,1,5,1,
60,2,707,128,63,20,1,5,1,
60,4,559,90,75,17,1,5,1,
60,5,867,339,16,12,1,5,1,
60,6,554,45,98,24,1,5,1,
60,7,879,435,37,15,1,5,1,
60,8,736,173,88,27,1,5,1,
60,9,766,406,44,12,1,5,1,
60,11,475,130,317,88,1,5,1,
60,12,883,322,38,17,1,5,1,
60,14,693,92,28,21,1,5,1,
60,16,688,240,11,9,1,5,1,
60,17,785,164,17,19,1,5,1,
60,18,734,189,38,15,1,5,1,
60,19,881,304,15,11,1,5,1,
60,20,790,383,31,14,1,5,1,
60,21,790,457,33,18,1,5,1,
60,23,924,216,21,12,1,5,1,
60,25,409,390,166,43,1,5,1,
60,26,911,370,21,16,1,5,1,
60,29,902,424,18,15,1,5,1,
60,31,777,116,64,19,1,5,1,
60,32,794,296,12,10,1,5,1,
60,33,182,409,77,24,1,5,1,
60,34,787,197,19,12,1,5,1,
60,36,756,84,19,25,1,5,1,
60,37,390,-11,71,25,1,5,1,
61,1,921,257,14,10,1,5,1,
61,2,712,129,63,20,1,5,1,
61,4,568,90,75,17,1,5,1,
61,5,870,339,15,11,1,5,1,
61,6,563,44,100,23,1,5,1,
61,7,883,434,36,16,1,5,1,
61,8,743,174,87,26,1,5,1,
61,9,772,406,44,12,1,5,1,
61,11,500,134,322,87,1,5,1,
61,12,889,321,37,17,1,5,1,
61,14,695,93,28,21,1,5,1,
61,16,689,241,11,9,1,5,1,
61,17,785,165,17,19,1,5,1,
61,18,738,189,37,15,1,5,1,
61,19,882,304,15,11,1,5,1,
61,20,796,382,29,14,1,5,1,
61,21,793,456,32,18,1,5,1,
61,23,923,216,21,12,1,5,1,
61,25,429,388,161,44,1,5,1,
61,26,913,370,21,16,1,5,1,
61,29,902,423,18,14,1,5,1,
61,31,784,117,64,19,1,5,1,
61,32,795,296,12,10,1,5,1,
61,33,192,409,78,26,1,5,1,
61,34,789,198,19,12,1,5,1,
61,36,754,85,20,25,1,5,1,
61,37,396,-14,72,26,1,5,1,
62,1,921,257,14,10,1,5,1,
62,2,718,129,62,20,1,5,1,
62,4,577,89,76,17,1,5,1,
62,5,872,338,15,12,1,5,1,
62,6,573,41,100,24,1,5,1,
62,7,887,434,36,15,1,5,1,
62,8,750,174,87,26,1,5,1,
62,9,778,406,44,12,1,5,1,
62,11,527,136,318,86,1,5,1,
62,12,895,321,35,17,1,5,1,
62,14,698,94,26,21,1,5,1,
62,16,689,241,12,9,1,5,1,
62,17,786,166,17,18,1,5,1,
62,18,741,189,37,16,1,5,1,
62,19,883,304,15,11,1,5,1,
62,20,801,382,27,13,1,5,1,
62,21,797,455,30,18,1,5,1,
62,23,922,216,21,12,1,5,1,
62,25,449,387,156,43,1,5,1,
62,26,914,369,21,16,1,5,1,
62,29,903,422,18,14,1,5,1,
62,31,792,117,62,19,1,5,1,
62,32,796,296,12,9,1,5,1,
62,33,202,411,80,25,1,5,1,
62,34,792,198,18,12,1,5,1,
62,37,402,-17,73,26,1,5,1,
63,1,920,258,15,9,1,5,1,
63,2,724,129,61,20,1,5,1,
63,4,585,88,77,17,1,5,1,
63,5,874,338,15,11,1,5,1,
63,6,581,37,103,26,1,5,1,
63,7,891,433,35,15,1,5,1,
63,8,757,174,86,26,1,5,1,
63,9,784,406,44,12,1,5,1,
63,11,552,136,315,86,1,5,1,
63,12,900,321,35,16,1,5,1,
63,14,700,95,25,21,1,5,1,
63,16,689,241,14,10,1,5,1,
63,17,787,167,17,18,1,5,1,
63,18,745,190,35,15,1,5,1,
63,19,883,303,15,11,1,5,1,
63,20,805,381,26,13,1,5,1,
63,21,800,454,30,18,1,5,1,
63,23,921,217,21,12,1,5,1,
63,25,467,385,151,43,1,5,1,
63,26,917,369,21,16,1,5,1,
63,29,904,420,18,14,1,5,1,
63,31,799,117,62,19,1,5,1,
63,32,797,296,12,9,1,5,1,
63,33,212,412,81,26,1,5,1,
63,34,795,198,16,12,1,5,1,
64,1,920,258,15,9,1,5,1,
64,2,730,129,60,21,1,5,1,
64,4,594,87,78,17,1,5,1,
64,5,876,337,14,12,1,5,1,
64,6,590,38,104,25,1,5,1,
64,7,894,432,35,15,1,5,1,
64,8,764,174,85,27,1,5,1,
64,9,789,405,44,12,1,5,1,
64,11,578,137,310,85,1,5,1,
64,12,905,320,34,17,1,5,1,
64,14,702,96,24,21,1,5,1,
64,17,787,167,17,18,1,5,1,
64,18,749,190,34,15,1,5,1,
64,19,884,303,15,11,1,5,1,
64,20,809,380,25,13,1,5,1,
64,21,803,453,29,18,1,5,1,
64,23,920,217,20,12,1,5,1,
64,25,486,384,145,42,1,5,1,
64,26,920,370,20,15,1,5,1,
64,29,904,419,18,14,1,5,1,
64,31,806,118,61,19,1,5,1,
64,32,798,295,12,10,1,5,1,
64,33,222,413,83,26,1,5,1,
64,34,797,199,16,12,1,5,1,
65,1,920,258,15,9,1,5,1,
65,2,735,130,59,20,1,5,1,
65,4,602,86,79,18,1,5,1,
65,5,878,337,14,11,1,5,1,
65,6,599,37,105,25,1,5,1,
65,7,898,432,34,15,1,5,1,
65,8,771,175,84,26,1,5,1,
65,9,795,405,44,12,1,5,1,
65,11,603,137,307,85,1,5,1,
65,12,910,320,33,16,1,5,1,
65,14,704,97,23,21,1,5,1,
65,17,788,168,17,18,1,5,1,
65,18,752,190,34,16,1,5,1,
65,19,884,303,15,11,1,5,1,
65,20,813,379,25,14,1,5,1,
65,21,806,452,28,18,1,5,1,
65,23,919,218,20,11,1,5,1,
65,25,501,382,148,41,1,5,1,
65,26,922,369,19,15,1,5,1,
65,29,905,418,17,13,1,5,1,
65,31,813,118,61,19,1,5,1,
65,32,799,295,12,10,1,5,1,
65,33,233,414,84,27,1,5,1,
65,34,799,200,16,11,1,5,1,
66,1,920,258,14,9,1,5,1,
66,2,741,130,57,20,1,5,1,
66,4,611,85,80,18,1,5,1,
66,5,880,337,14,11,1,5,1,
66,6,608,36,106,25,1,5,1,
66,7,902,431,34,15,1,5,1,
66,8,778,175,83,26,1,5,1,
66,9,801,405,43,12,1,5,1,
66,11,627,139,307,84,1,5,1,
66,12,915,320,33,16,1,5,1,
66,14,706,98,22,21,1,5,1,
66,17,788,169,17,18,1,5,1,
66,18,755,191,33,15,1,5,1,
66,19,884,303,15,10,1,5,1,
66,20,816,379,25,13,1,5,1,
66,21,809,451,28,18,1,5,1,
66,23,918,218,20,12,1,5,1,
66,25,516,382,151,40,1,5,1,
66,26,923,368,20,15,1,5,1,
66,29,905,416,18,14,1,5,1,
66,31,819,119,61,19,1,5,1,
66,32,800,295,12,9,1,5,1,
66,33,247,415,78,28,1,5,1,
66,34,801,200,15,12,1,5,1,
67,1,920,258,14,9,1,5,1,
67,2,747,130,55,21,1,5,1,
67,4,620,84,81,18,1,5,1,
67,5,882,336,13,11,1,5,1,
67,6,617,35,107,25,1,5,1,
67,7,905,430,34,15,1,5,1,
67,8,785,175,82,26,1,5,1,
67,9,806,405,44,12,1,5,1,
67,11,650,140,309,84,1,5,1,
67,12,919,319,33,16,1,5,1,
67,14,708,99,21,21,1,5,1,
67,17,789,169,16,18,1,5,1,
67,18,759,191,32,15,1,5,1,
67,19,885,302,15,11,1,5,1,
67,20,820,378,23,13,1,5,1,
67,21,812,450,26,18,1,5,1,
67,23,917,219,20,11,1,5,1,
67,25,531,382,154,39,1,5,1,
67,26,925,368,19,15,1,5,1,
67,29,906,415,17,14,1,5,1,
67,31,826,119,60,19,1,5,1,
67,32,801,295,12,9,1,5,1,
67,33,259,415,76,32,1,5,1,
67,34,803,201,15,11,1,5,1,
68,1,919,258,15,9,1,5,1,
68,2,752,131,55,20,1,5,1,
68,4,630,84,81,17,1,5,1,
68,5,883,336,14,11,1,5,1,
68,6,626,34,108,25,1,5,1,
68,7,909,430,33,14,1,5,1,
68,8,792,175,80,26,1,5,1,
68,9,812,404,43,12,1,5,1,
68,11,673,142,286,83,1,5,1,
68,12,924,319,32,16,1,5,1,
68,14,710,100,20,21,1,5,1,
68,17,789,170,17,18,1,5,1,
68,18,762,191,31,16,1,5,1,
68,19,884,302,15,10,1,5,1,
68,20,824,377,22,13,1,5,1,
68,21,815,449,25,18,1,5,1,
68,23,915,219,21,11,1,5,1,
68,25,547,381,153,39,1,5,1,
68,26,926,367,19,15,1,5,1,
68,29,906,414,17,13,1,5,1,
68,31,834,120,58,18,1,5,1,
68,32,802,295,11,9,1,5,1,
68,33,270,417,76,32,1,5,1,
68,34,806,201,14,12,1,5,1,
69,1,919,258,14,9,1,5,1,
69,2,757,131,54,21,1,5,1,
69,4,639,83,81,18,1,5,1,
69,5,885,335,14,11,1,5,1,
69,6,635,33,109,25,1,5,1,
69,7,912,429,33,15,1,5,1,
69,8,799,176,79,26,1,5,1,
69,9,818,404,43,12,1,5,1,
69,11,697,143,263,82,1,5,1,
69,12,929,318,30,16,1,5,1,
69,14,711,101,20,21,1,5,1,
69,17,789,171,17,17,1,5,1,
69,18,765,192,30,15,1,5,1,
69,19,882,301,16,11,1,5,1,
69,20,827,376,22,13,1,5,1,
69,21,818,448,24,18,1,5,1,
69,23,914,220,21,11,1,5,1,
69,25,564,381,151,38,1,5,1,
69,26,925,366,20,15,1,5,1,
69,29,906,412,17,14,1,5,1,
69,31,840,120,58,19,1,5,1,
69,32,802,295,12,9,1,5,1,
69,33,279,419,79,33,1,5,1,
69,34,808,201,13,12,1,5,1,
70,1,918,258,14,9,1,5,1,
70,2,762,132,53,20,1,5,1,
70,4,648,82,82,18,1,5,1,
70,5,886,335,14,11,1,5,1,
70,6,644,32,110,25,1,5,1,
70,7,916,428,31,15,1,5,1,
70,8,805,176,78,26,1,5,1,
70,9,824,404,42,12,1,5,1,
70,11,721,141,239,82,1,5,1,
70,12,933,318,27,16,1,5,1,
70,14,713,103,19,21,1,5,1,
70,17,790,172,16,17,1,5,1,
70,18,768,192,30,15,1,5,1,
70,19,882,301,15,11,1,5,1,
70,20,831,376,21,12,1,5,1,
70,21,821,447,22,18,1,5,1,
70,23,913,220,20,11,1,5,1,
70,25,580,380,155,39,1,5,1,
70,26,923,364,21,15,1,5,1,
70,29,906,411,17,13,1,5,1,
70,31,848,121,55,18,1,5,1,
70,32,803,294,12,10,1,5,1,
70,33,289,421,80,34,1,5,1,
70,34,809,202,13,11,1,5,1,
71,1,918,258,14,9,1,5,1,
71,2,767,132,51,21,1,5,1,
71,4,658,81,82,19,1,5,1,
71,5,888,334,13,11,1,5,1,
71,6,654,31,110,25,1,5,1,
71,7,920,427,30,15,1,5,1,
71,8,812,176,77,26,1,5,1,
71,9,829,404,42,12,1,5,1,
71,11,747,141,213,82,1,5,1,
71,12,938,318,22,15,1,5,1,
71,14,715,104,17,21,1,5,1,
71,17,790,172,16,17,1,5,1,
71,18,771,193,29,15,1,5,1,
71,19,882,301,15,10,1,5,1,
71,20,834,375,20,12,1,5,1,
71,21,824,446,21,18,1,5,1,
71,23,911,220,21,11,1,5,1,
71,25,597,380,155,38,1,5,1,
71,26,922,363,22,15,1,5,1,
71,29,906,410,17,13,1,5,1,
71,31,854,121,55,19,1,5,1,
71,32,803,294,12,9,1,5,1,
71,33,299,424,82,34,1,5,1,
71,34,810,202,14,12,1,5,1,
72,1,917,258,14,9,1,5,1,
72,2,772,133,50,20,1,5,1,
72,4,667,81,83,18,1,5,1,
72,5,889,334,13,11,1,5,1,
72,6,663,30,111,25,1,5,1,
72,7,923,427,29,14,1,5,1,
72,8,819,177,75,25,1,5,1,
72,9,835,403,42,12,1,5,1,
72,11,772,141,188,82,1,5,1,
72,12,942,318,18,14,1,5,1,
72,14,716,105,17,21,1,5,1,
72,17,790,173,16,17,1,5,1,
72,18,774,193,28,15,1,5,1,
72,19,881,300,15,11,1,5,1,
72,20,837,374,20,12,1,5,1,
72,21,826,445,20,18,1,5,1,
72,23,910,221,21,11,1,5,1,
72,25,614,379,154,39,1,5,1,
72,26,922,362,21,16,1,5,1,
72,29,906,409,17,13,1,5,1,
72,31,861,122,53,18,1,5,1,
72,32,803,294,12,9,1,5,1,
72,33,309,426,85,35,1,5,1,
72,34,812,203,13,11,1,5,1,
73,1,916,259,14,8,1,5,1,
73,2,777,133,49,21,1,5,1,
73,4,677,80,82,19,1,5,1,
73,5,890,333,13,11,1,5,1,
73,6,673,29,111,26,1,5,1,
73,7,926,426,29,14,1,5,1,
73,8,825,177,74,26,1,5,1,
73,9,841,403,41,12,1,5,1,
73,11,797,141,163,73,1,5,1,
73,12,947,320,13,12,1,5,1,
73,14,717,106,17,21,1,5,1,
73,17,790,174,16,17,1,5,1,
73,18,777,193,27,15,1,5,1,
73,19,881,300,15,11,1,5,1,
73,20,840,373,19,12,1,5,1,
73,21,828,444,20,18,1,5,1,
73,23,909,221,21,11,1,5,1,
73,25,631,379,152,39,1,5,1,
73,26,922,362,21,15,1,5,1,
73,29,906,407,16,13,1,5,1,
73,31,867,122,52,19,1,5,1,
73,32,803,294,12,9,1,5,1,
73,33,319,429,88,36,1,5,1,
73,34,813,203,13,12,1,5,1,
74,1,916,259,13,8,1,5,1,
74,2,782,134,47,20,1,5,1,
74,4,686,80,83,18,1,5,1,
74,5,892,333,13,10,1,5,1,
74,6,682,28,112,26,1,5,1,
74,7,930,425,27,15,1,5,1,
74,8,831,178,73,25,1,5,1,
74,9,846,403,41,12,1,5,1,
74,11,823,142,137,60,1,5,1,
74,14,719,107,15,21,1,5,1,
74,17,790,174,16,17,1,5,1,
74,18,779,194,27,15,1,5,1,
74,19,880,300,15,10,1,5,1,
74,20,843,373,18,11,1,5,1,
74,21,831,443,18,17,1,5,1,
74,23,907,222,21,10,1,5,1,
74,25,648,379,151,38,1,5,1,
74,26,921,361,22,15,1,5,1,
74,29,906,406,16,13,1,5,1,
74,31,873,123,52,19,1,5,1,
74,32,803,294,12,9,1,5,1,
74,33,330,431,91,37,1,5,1,
74,34,814,204,13,11,1,5,1,
75,1,915,259,13,8,1,5,1,
75,2,786,134,47,21,1,5,1,
75,4,696,79,83,19,1,5,1,
75,5,893,333,13,10,1,5,1,
75,6,692,28,112,25,1,5,1,
75,7,933,424,26,15,1,5,1,
75,8,837,178,72,25,1,5,1,
75,9,851,403,41,11,1,5,1,
75,11,846,146,114,50,1,5,1,
75,14,720,108,15,21,1,5,1,
75,17,790,175,16,17,1,5,1,
75,18,782,194,26,15,1,5,1,
75,19,880,300,14,10,1,5,1,
75,20,845,372,19,11,1,5,1,
75,21,833,442,17,17,1,5,1,
75,23,906,222,21,11,1,5,1,
75,25,665,378,149,39,1,5,1,
75,26,921,360,22,15,1,5,1,
75,29,906,405,16,13,1,5,1,
75,31,879,123,51,19,1,5,1,
75,32,804,294,11,8,1,5,1,
75,33,341,434,94,37,1,5,1,
75,34,815,204,13,11,1,5,1,
76,1,914,259,14,8,1,5,1,
76,2,791,135,45,21,1,5,1,
76,4,705,79,84,19,1,5,1,
76,5,894,332,13,10,1,5,1,
76,6,701,27,113,25,1,5,1,
76,7,936,424,24,14,1,5,1,
76,8,843,178,70,26,1,5,1,
76,9,857,402,40,12,1,5,1,
76,10,850,-1,44,12,1,5,1,
76,14,721,109,14,21,1,5,1,
76,17,790,176,16,16,1,5,1,
76,18,786,195,23,14,1,5,1,
76,19,879,300,15,10,1,5,1,
76,20,848,371,18,12,1,5,1,
76,21,835,441,17,17,1,5,1,
76,23,905,222,21,11,1,5,1,
76,25,681,378,148,38,1,5,1,
76,26,920,360,22,14,1,5,1,
76,29,905,404,16,12,1,5,1,
76,31,885,124,50,19,1,5,1,
76,32,804,293,11,9,1,5,1,
76,33,352,436,98,39,1,5,1,
76,34,816,205,13,11,1,5,1,
77,1,913,259,14,8,1,5,1,
77,2,793,136,48,21,1,5,1,
77,4,715,78,83,19,1,5,1,
77,5,895,332,13,10,1,5,1,
77,6,711,26,114,26,1,5,1,
77,7,939,423,21,14,1,5,1,
77,8,849,179,69,25,1,5,1,
77,9,862,402,40,12,1,5,1,
77,10,857,0,44,11,1,5,1,
77,14,722,110,13,21,1,5,1,
77,17,790,176,16,17,1,5,1,
77,18,791,195,20,14,1,5,1,
77,19,879,299,15,10,1,5,1,
77,20,851,370,17,12,1,5,1,
77,21,836,440,17,17,1,5,1,
77,23,903,223,21,10,1,5,1,
77,25,698,378,146,38,1,5,1,
77,26,920,359,22,15,1,5,1,
77,29,905,403,16,12,1,5,1,
77,31,891,125,50,18,1,5,1,
77,32,804,293,11,9,1,5,1,
77,33,365,439,100,39,1,5,1,
77,34,817,205,13,11,1,5,1,
78,1,912,259,14,8,1,5,1,
78,2,794,137,52,21,1,5,1,
78,4,725,78,83,19,1,5,1,
78,5,896,331,12,11,1,5,1,
78,6,721,25,114,26,1,5,1,
78,7,939,424,21,12,1,5,1,
78,8,855,179,68,25,1,5,1,
78,9,868,402,39,11,1,5,1,
78,10,862,0,47,12,1,5,1,
78,14,722,111,13,21,1,5,1,
78,17,790,177,16,16,1,5,1,
78,18,795,195,17,15,1,5,1,
78,19,878,299,15,10,1,5,1,
78,20,853,369,17,12,1,5,1,
78,21,837,439,17,17,1,5,1,
78,23,902,223,20,11,1,5,1,
78,25,713,377,147,38,1,5,1,
78,26,919,358,23,15,1,5,1,
78,29,905,401,16,13,1,5,1,
78,31,896,125,50,19,1,5,1,
78,32,804,293,11,9,1,5,1,
78,33,377,442,104,40,1,5,1,
78,34,818,206,13,11,1,5,1,
79,1,911,259,14,8,1,5,1,
79,2,798,138,52,20,1,5,1,
79,4,734,77,84,20,1,5,1,
79,5,897,331,12,10,1,5,1,
79,6,731,25,114,26,1,5,1,
79,7,941,424,19,12,1,5,1,
79,8,861,180,66,25,1,5,1,
79,9,873,401,38,12,1,5,1,
79,10,868,0,47,12,1,5,1,
79,14,722,112,13,21,1,5,1,
79,17,790,177,16,17,1,5,1,
79,18,797,196,17,14,1,5,1,
79,19,877,299,16,10,1,5,1,
79,20,856,368,16,12,1,5,1,
79,21,839,438,17,17,1,5,1,
79,23,900,224,21,10,1,5,1,
79,25,730,377,146,38,1,5,1,
79,26,919,358,22,14,1,5,1,
79,29,905,400,15,12,1,5,1,
79,31,902,126,49,18,1,5,1,
79,32,804,293,11,8,1,5,1,
79,33,390,445,107,41,1,5,1,
79,34,818,206,13,11,1,5,1,
80,1,910,259,15,8,1,5,1,
80,2,803,139,51,19,1,5,1,
80,4,745,77,82,19,1,5,1,
80,5,897,331,13,10,1,5,1,
80,6,742,24,113,26,1,5,1,
80,7,946,423,14,12,1,5,1,
80,8,867,180,65,25,1,5,1,
80,9,879,401,37,12,1,5,1,
80,10,875,0,47,13,1,5,1,
80,14,721,113,13,21,1,5,1,
80,17,790,178,15,16,1,5,1,
80,18,799,196,16,14,1,5,1,
80,19,877,299,15,10,1,5,1,
80,20,859,368,15,11,1,5,1,
80,21,840,437,17,17,1,5,1,
80,23,899,224,21,10,1,5,1,
80,25,747,377,144,37,1,5,1,
80,26,918,357,23,14,1,5,1,
80,29,905,399,15,12,1,5,1,
80,31,909,126,47,19,1,5,1,
80,32,803,293,12,8,1,5,1,
80,33,404,448,110,42,1,5,1,
80,34,819,207,13,10,1,5,1,
81,1,909,259,15,8,1,5,1,
81,2,808,139,50,20,1,5,1,
81,4,754,77,83,19,1,5,1,
81,5,898,330,13,10,1,5,1,
81,6,751,23,114,26,1,5,1,
81,7,949,423,11,11,1,5,1,
81,8,872,180,61,26,1,5,1,
81,9,883,401,37,11,1,5,1,
81,10,881,0,48,13,1,5,1,
81,14,721,114,13,21,1,5,1,
81,17,790,179,15,16,1,5,1,
81,18,800,197,16,14,1,5,1,
81,19,875,298,17,10,1,5,1,
81,20,861,367,15,11,1,5,1,
81,21,841,436,16,17,1,5,1,
81,23,898,224,20,10,1,5,1,
81,25,762,376,144,38,1,5,1,
81,26,917,356,23,14,1,5,1,
81,29,904,398,16,12,1,5,1,
81,31,912,127,47,18,1,5,1,
81,32,803,293,11,8,1,5,1,
81,33,417,451,115,43,1,5,1,
81,34,820,207,13,11,1,5,1,
82,1,908,259,15,9,1,5,1,
82,2,812,140,49,19,1,5,1,
82,4,763,76,84,20,1,5,1,
82,5,899,330,12,10,1,5,1,
82,6,761,23,115,26,1,5,1,
82,8,877,182,57,26,1,5,1,
82,9,889,400,35,12,1,5,1,
82,10,886,0,49,14,1,5,1,
82,14,721,115,12,21,1,5,1,
82,17,789,179,15,16,1,5,1,
82,18,802,197,16,14,1,5,1,
82,19,875,298,15,10,1,5,1,
82,20,863,366,15,12,1,5,1,
82,21,842,435,16,16,1,5,1,
82,23,896,225,21,10,1,5,1,
82,25,778,376,143,38,1,5,1,
82,26,917,356,22,14,1,5,1,
82,27,953,196,6,9,1,5,1,
82,29,904,397,15,12,1,5,1,
82,31,918,128,42,18,1,5,1,
82,32,803,293,11,8,1,5,1,
82,33,431,454,119,44,1,5,1,
82,34,820,208,13,10,1,5,1,
83,1,907,259,14,8,1,5,1,
83,2,817,140,48,20,1,5,1,
83,4,773,76,83,20,1,5,1,
83,5,900,329,12,10,1,5,1,
83,6,771,22,115,27,1,5,1,
83,8,880,183,56,26,1,5,1,
83,9,894,400,34,11,1,5,1,
83,10,892,0,50,14,1,5,1,
83,14,720,116,13,21,1,5,1,
83,17,789,180,15,16,1,5,1,
83,18,803,198,16,14,1,5,1,
83,19,874,298,15,10,1,5,1,
83,20,865,365,15,12,1,5,1,
83,21,843,434,16,16,1,5,1,
83,23,895,225,20,10,1,5,1,
83,25,793,376,142,37,1,5,1,
83,26,916,355,23,14,1,5,1,
83,27,951,195,8,11,1,5,1,
83,29,904,396,15,12,1,5,1,
83,31,923,128,37,18,1,5,1,
83,32,803,292,11,9,1,5,1,
83,33,445,457,124,46,1,5,1,
83,34,820,208,13,11,1,5,1,
84,1,906,259,14,8,1,5,1,
84,2,822,140,46,20,1,5,1,
84,4,784,76,81,20,1,5,1,
84,5,900,329,13,10,1,5,1,
84,6,782,22,114,26,1,5,1,
84,8,884,184,55,25,1,5,1,
84,9,899,399,34,12,1,5,1,
84,10,898,0,50,15,1,5,1,
84,14,720,118,12,20,1,5,1,
84,17,789,181,15,15,1,5,1,
84,18,804,198,16,14,1,5,1,
84,19,873,298,16,9,1,5,1,
84,20,868,365,14,11,1,5,1,
84,21,844,433,16,16,1,5,1,
84,23,893,225,20,10,1,5,1,
84,25,811,375,139,38,1,5,1,
84,26,915,354,23,14,1,5,1,
84,27,949,194,10,12,1,5,1,
84,29,904,395,15,11,1,5,1,
84,31,930,129,30,18,1,5,1,
84,32,803,292,11,8,1,5,1,
84,33,462,461,127,47,1,5,1,
84,34,821,209,12,10,1,5,1,
85,1,905,260,14,8,1,5,1,
85,2,826,141,45,20,1,5,1,
85,4,793,76,82,20,1,5,1,
85,5,901,329,12,9,1,5,1,
85,6,791,21,115,27,1,5,1,
85,8,888,185,55,24,1,5,1,
85,9,904,399,33,11,1,5,1,
85,10,903,0,52,16,1,5,1,
85,14,719,119,12,20,1,5,1,
85,18,806,199,15,13,1,5,1,
85,19,871,298,18,9,1,5,1,
85,20,870,364,14,11,1,5,1,
85,21,845,432,16,16,1,5,1,
85,23,892,226,20,9,1,5,1,
85,25,825,375,134,37,1,5,1,
85,26,915,354,22,14,1,5,1,
85,27,947,194,12,13,1,5,1,
85,29,903,394,15,11,1,5,1,
85,31,935,129,25,18,1,5,1,
85,32,802,292,11,8,1,5,1,
85,33,477,464,133,48,1,5,1,
85,34,820,209,13,10,1,5,1,
86,1,904,260,14,8,1,5,1,
86,2,830,141,44,20,1,5,1,
86,4,802,76,82,20,1,5,1,
86,5,901,328,13,10,1,5,1,
86,6,800,21,116,26,1,5,1,
86,8,892,185,54,25,1,5,1,
86,9,908,398,32,12,1,5,1,
86,10,908,0,51,16,1,5,1,
86,14,718,120,12,20,1,5,1,
86,18,807,199,15,14,1,5,1,
86,19,871,298,16,9,1,5,1,
86,20,870,363,17,11,1,5,1,
86,21,846,431,16,16,1,5,1,
86,23,890,226,20,10,1,5,1,
86,25,840,375,120,37,1,5,1,
86,26,914,353,23,14,1,5,1,
86,27,945,195,14,12,1,5,1,
86,29,903,393,15,11,1,5,1,
86,31,940,130,20,18,1,5,1,
86,32,802,292,11,8,1,5,1,
86,33,493,468,138,49,1,5,1,
86,34,820,210,12,10,1,5,1,
87,1,902,260,15,8,1,5,1,
87,2,834,142,43,20,1,5,1,
87,4,812,76,81,20,1,5,1,
87,5,902,328,12,9,1,5,1,
87,6,811,20,115,27,1,5,1,
87,8,897,186,52,24,1,5,1,
87,9,912,398,32,11,1,5,1,
87,10,913,0,47,17,1,5,1,
87,14,717,121,13,20,1,5,1,
87,18,808,200,15,13,1,5,1,
87,19,870,297,16,10,1,5,1,
87,20,870,362,21,12,1,5,1,
87,21,847,430,16,16,1,5,1,
87,23,889,226,20,10,1,5,1,
87,25,856,375,104,36,1,5,1,
87,26,913,353,23,13,1,5,1,
87,27,944,195,15,13,1,5,1,
87,29,903,392,15,11,1,5,1,
87,32,802,292,10,8,1,5,1,
87,33,510,472,143,51,1,5,1,
87,34,819,210,14,10,1,5,1,
88,1,901,260,15,8,1,5,1,
88,2,838,142,42,20,1,5,1,
88,4,821,75,82,21,1,5,1,
88,5,902,327,13,10,1,5,1,
88,6,820,20,116,27,1,5,1,
88,8,900,186,53,24,1,5,1,
88,9,917,398,31,11,1,5,1,
88,10,918,0,42,17,1,5,1,
88,14,716,122,15,20,1,5,1,
88,18,809,200,16,14,1,5,1,
88,19,869,297,16,9,1,5,1,
88,20,871,362,23,11,1,5,1,
88,21,848,429,15,16,1,5,1,
88,23,887,227,20,9,1,5,1,
88,25,871,374,89,37,1,5,1,
88,26,912,352,23,13,1,5,1,
88,27,942,195,17,14,1,5,1,
88,29,903,391,14,11,1,5,1,
88,32,801,292,11,8,1,5,1,
88,33,527,475,150,54,1,5,1,
88,34,818,211,14,10,1,5,1,
89,1,900,260,15,8,1,5,1,
89,2,842,143,41,19,1,5,1,
89,4,830,75,82,20,1,5,1,
89,5,903,327,12,9,1,5,1,
89,6,830,19,117,27,1,5,1,
89,8,904,187,52,24,1,5,1,
89,9,921,397,31,11,1,5,1,
89,10,923,0,37,18,1,5,1,
89,14,715,123,16,20,1,5,1,
89,18,811,201,15,13,1,5,1,
89,19,868,297,16,9,1,5,1,
89,20,874,361,23,11,1,5,1,
89,21,848,428,16,16,1,5,1,
89,23,886,227,20,10,1,5,1,
89,25,886,374,74,37,1,5,1,
89,26,912,351,22,14,1,5,1,
89,27,940,196,20,13,1,5,1,
89,29,903,390,14,11,1,5,1,
89,33,545,480,156,55,1,5,1,
89,34,817,211,14,10,1,5,1,
90,1,899,260,15,8,1,5,1,
90,2,846,143,40,20,1,5,1,
90,4,839,75,82,20,1,5,1,
90,5,903,327,12,9,1,5,1,
90,6,840,18,117,28,1,5,1,
90,8,908,187,51,24,1,5,1,
90,9,925,397,31,11,1,5,1,
90,10,927,0,33,19,1,5,1,
90,14,714,124,16,20,1,5,1,
90,18,812,201,15,13,1,5,1,
90,19,867,297,16,9,1,5,1,
90,20,877,361,23,11,1,5,1,
90,21,849,427,15,16,1,5,1,
90,23,884,228,20,9,1,5,1,
90,25,900,377,60,30,1,5,1,
90,26,911,351,22,13,1,5,1,
90,27,938,197,21,13,1,5,1,
90,29,904,390,14,10,1,5,1,
90,33,564,484,163,57,1,5,1,
90,34,815,212,15,10,1,5,1,
91,1,898,260,15,8,1,5,1,
91,2,850,144,38,20,1,5,1,
91,4,849,75,82,20,1,5,1,
91,5,903,326,13,9,1,5,1,
91,6,850,18,109,27,1,5,1,
91,8,912,188,47,23,1,5,1,
91,9,927,396,33,11,1,5,1,
91,10,927,0,33,18,1,5,1,
91,18,813,202,15,13,1,5,1,
91,19,865,296,18,10,1,5,1,
91,20,880,360,22,11,1,5,1,
91,21,850,426,15,15,1,5,1,
91,25,915,382,45,17,1,5,1,
91,26,910,350,22,13,1,5,1,
91,27,936,197,23,13,1,5,1,
91,29,904,389,14,10,1,5,1,
91,33,583,489,171,54,1,5,1,
91,34,814,212,15,10,1,5,1,
92,1,896,260,15,8,1,5,1,
92,2,853,145,38,19,1,5,1,
92,4,858,75,82,20,1,5,1,
92,5,904,326,12,9,1,5,1,
92,6,860,18,100,27,1,5,1,
92,8,916,188,43,24,1,5,1,
92,9,931,396,29,11,1,5,1,
92,10,932,0,28,19,1,5,1,
92,18,814,202,15,13,1,5,1,
92,19,864,296,17,9,1,5,1,
92,20,883,360,22,11,1,5,1,
92,21,850,425,16,15,1,5,1,
92,26,909,350,22,13,1,5,1,
92,27,934,197,25,14,1,5,1,
92,29,905,388,14,10,1,5,1,
92,33,602,494,175,49,1,5,1,
92,34,813,213,15,9,1,5,1,
93,1,895,260,15,8,1,5,1,
93,2,856,145,37,20,1,5,1,
93,4,867,75,82,20,1,5,1,
93,5,904,325,12,9,1,5,1,
93,6,869,17,91,28,1,5,1,
93,8,919,189,41,23,1,5,1,
93,9,936,396,24,11,1,5,1,
93,10,938,0,22,10,1,5,1,
93,18,815,203,15,12,1,5,1,
93,19,863,296,17,9,1,5,1,
93,20,886,359,21,11,1,5,1,
93,21,851,424,15,16,1,5,1,
93,26,908,349,23,13,1,5,1,
93,27,932,197,26,14,1,5,1,
93,29,905,387,14,11,1,5,1,
93,33,622,498,175,46,1,5,1,
93,34,812,213,14,10,1,5,1,
94,2,860,146,36,19,1,5,1,
94,4,876,75,81,21,1,5,1,
94,5,904,325,12,9,1,5,1,
94,6,880,17,80,28,1,5,1,
94,8,923,189,37,23,1,5,1,
94,9,941,395,19,11,1,5,1,
94,18,817,203,14,13,1,5,1,
94,19,862,296,17,9,1,5,1,
94,20,889,359,21,11,1,5,1,
94,21,851,423,16,16,1,5,1,
94,26,907,348,23,13,1,5,1,
94,27,930,198,26,14,1,5,1,
94,29,906,386,13,11,1,5,1,
94,33,646,503,182,41,1,5,1,
94,34,811,214,14,9,1,5,1,
95,2,863,146,35,20,1,5,1,
95,4,885,75,74,21,1,5,1,
95,5,904,325,12,8,1,5,1,
95,6,889,17,71,28,1,5,1,
95,8,927,190,33,23,1,5,1,
95,9,946,397,14,8,1,5,1,
95,18,818,203,14,13,1,5,1,
95,19,861,296,17,9,1,5,1,
95,20,892,358,20,11,1,5,1,
95,21,851,422,16,16,1,5,1,
95,26,906,348,23,13,1,5,1,
95,27,928,199,26,13,1,5,1,
95,29,906,386,14,10,1,5,1,
95,33,667,508,193,36,1,5,1,
95,34,809,214,15,10,1,5,1,
96,2,866,147,34,19,1,5,1,
96,4,893,75,67,21,1,5,1,
96,5,903,324,13,9,1,5,1,
96,6,898,17,62,26,1,5,1,
96,8,930,190,30,23,1,5,1,
96,18,819,204,14,12,1,5,1,
96,19,860,296,17,8,1,5,1,
96,20,894,358,20,10,1,5,1,
96,21,851,421,16,16,1,5,1,
96,26,905,347,23,13,1,5,1,
96,27,925,199,27,14,1,5,1,
96,29,906,385,14,10,1,5,1,
96,33,690,513,204,31,1,5,1,
96,34,808,215,15,9,1,5,1,
97,2,869,148,34,19,1,5,1,
97,4,901,76,59,20,1,5,1,
97,5,903,324,13,9,1,5,1,
97,6,907,17,53,15,1,5,1,
97,8,933,191,27,22,1,5,1,
97,18,819,204,15,13,1,5,1,
97,20,897,357,19,11,1,5,1,
97,21,851,420,16,16,1,5,1,
97,26,904,347,23,13,1,5,1,
97,27,923,200,27,13,1,5,1,
97,29,906,384,14,10,1,5,1,
97,33,712,518,217,26,1,5,1,
97,34,807,215,14,9,1,5,1,
98,2,872,148,33,19,1,5,1,
98,4,910,76,50,20,1,5,1,
98,5,903,323,12,9,1,5,1,
98,6,917,17,43,13,1,5,1,
98,8,937,191,23,20,1,5,1,
98,18,820,205,15,12,1,5,1,
98,20,899,357,19,10,1,5,1,
98,21,851,418,16,17,1,5,1,
98,26,903,346,23,13,1,5,1,
98,27,921,200,27,13,1,5,1,
98,29,906,383,13,10,1,5,1,
98,34,806,216,14,9,1,5,1,
99,2,874,149,33,19,1,5,1,
99,4,917,76,43,13,1,5,1,
99,5,902,323,13,9,1,5,1,
99,8,939,192,21,19,1,5,1,
99,18,821,205,14,12,1,5,1,
99,20,901,356,18,11,1,5,1,
99,21,851,417,16,17,1,5,1,
99,26,902,346,24,12,1,5,1,
99,27,919,201,27,13,1,5,1,
99,29,906,382,13,10,1,5,1,
99,34,805,216,14,9,1,5,1,
100,2,877,149,31,19,1,5,1,
100,4,926,76,34,10,1,5,1,
100,5,902,322,13,9,1,5,1,
100,8,943,192,17,19,1,5,1,
100,18,821,206,15,12,1,5,1,
100,20,904,356,17,10,1,5,1,
100,21,850,416,16,17,1,5,1,
100,26,901,345,23,13,1,5,1,
100,27,917,202,27,12,1,5,1,
100,29,906,381,13,11,1,5,1,
100,34,804,217,14,8,1,5,1,
101,2,880,150,30,19,1,5,1,
101,4,934,78,26,7,1,5,1,
101,5,901,322,13,9,1,5,1,
101,18,822,206,14,12,1,5,1,
101,20,906,355,17,11,1,5,1,
101,21,850,415,16,17,1,5,1,
101,26,899,345,24,12,1,5,1,
101,27,915,202,27,13,1,5,1,
101,29,906,381,13,10,1,5,1,
101,34,803,217,14,9,1,5,1,
102,2,882,151,30,18,1,5,1,
102,5,901,322,13,8,1,5,1,
102,18,822,206,14,12,1,5,1,
102,20,907,355,18,10,1,5,1,
102,21,850,414,16,16,1,5,1,
102,26,898,344,24,12,1,5,1,
102,27,913,203,27,12,1,5,1,
102,29,906,380,13,10,1,5,1,
102,34,802,218,13,8,1,5,1,
103,2,885,151,29,19,1,5,1,
103,5,901,321,12,9,1,5,1,
103,18,822,207,15,12,1,5,1,
103,20,909,354,18,11,1,5,1,
103,21,850,414,16,15,1,5,1,
103,26,897,344,24,12,1,5,1,
103,27,911,203,27,13,1,5,1,
103,29,905,379,13,10,1,5,1,
103,34,801,218,13,9,1,5,1,
104,2,887,152,28,19,1,5,1,
104,5,900,321,13,8,1,5,1,
104,18,821,207,15,12,1,5,1,
104,20,911,354,17,10,1,5,1,
104,21,850,413,15,15,1,5,1,
104,26,896,343,24,12,1,5,1,
104,27,908,204,28,12,1,5,1,
104,29,905,378,13,10,1,5,1,
104,34,800,218,13,9,1,5,1,
105,2,890,153,26,18,1,5,1,
105,5,899,321,13,8,1,5,1,
105,18,820,207,15,12,1,5,1,
105,20,913,353,17,10,1,5,1,
105,21,850,412,16,15,1,5,1,
105,26,895,343,23,12,1,5,1,
105,27,906,204,28,13,1,5,1,
105,29,905,378,12,10,1,5,1,
105,34,799,219,14,8,1,5,1,
106,2,893,153,25,19,1,5,1,
106,5,899,320,13,9,1,5,1,
106,18,818,208,17,12,1,5,1,
106,20,916,353,15,10,1,5,1,
106,21,850,411,16,15,1,5,1,
106,26,894,342,23,12,1,5,1,
106,27,904,205,28,12,1,5,1,
106,29,904,377,13,10,1,5,1,
106,34,798,219,13,9,1,5,1,
107,2,895,154,24,18,1,5,1,
107,5,898,320,14,8,1,5,1,
107,18,816,208,20,12,1,5,1,
107,20,918,352,15,10,1,5,1,
107,21,850,410,16,15,1,5,1,
107,26,892,342,24,12,1,5,1,
107,27,902,206,28,11,1,5,1,
107,29,903,376,13,10,1,5,1,
107,34,797,220,13,8,1,5,1,
108,2,898,155,23,18,1,5,1,
108,5,897,320,14,8,1,5,1,
108,18,815,208,20,12,1,5,1,
108,20,920,352,14,10,1,5,1,
108,21,850,409,16,15,1,5,1,
108,27,900,206,27,12,1,5,1,
108,29,903,375,12,10,1,5,1,
108,34,795,220,14,8,1,5,1,
109,2,900,155,22,19,1,5,1,
109,5,896,319,15,8,1,5,1,
109,18,814,208,21,13,1,5,1,
109,20,921,351,14,10,1,5,1,
109,21,849,409,16,15,1,5,1,
109,24,952,284,8,8,1,5,1,
109,27,897,207,28,11,1,5,1,
109,29,902,374,12,10,1,5,1,
109,34,794,220,14,9,1,5,1,
110,2,902,156,21,18,1,5,1,
110,5,895,319,15,8,1,5,1,
110,18,812,209,21,12,1,5,1,
110,20,922,351,14,10,1,5,1,
110,21,849,408,16,15,1,5,1,
110,24,949,283,10,8,1,5,1,
110,27,895,207,28,12,1,5,1,
110,29,901,373,13,10,1,5,1,
110,34,793,221,14,8,1,5,1,
111,2,903,156,21,19,1,5,1,
111,5,894,318,15,8,1,5,1,
111,18,811,209,21,13,1,5,1,
111,20,923,350,14,10,1,5,1,
111,24,947,283,12,9,1,5,1,
111,27,893,208,28,11,1,5,1,
111,29,899,373,15,10,1,5,1,
111,34,792,221,13,9,1,5,1,
112,2,904,157,21,19,1,5,1,
112,5,893,318,15,8,1,5,1,
112,20,924,350,14,10,1,5,1,
112,24,945,282,14,11,1,5,1,
112,27,891,208,28,11,1,5,1,
112,29,898,372,15,10,1,5,1,
113,2,905,158,21,18,1,5,1,
113,5,892,318,15,8,1,5,1,
113,20,925,349,14,10,1,5,1,
113,24,942,282,17,11,1,5,1,
113,27,889,209,28,11,1,5,1,
113,29,897,371,15,10,1,5,1,
114,2,906,159,21,18,1,5,1,
114,5,891,317,16,8,1,5,1,
114,20,926,349,14,9,1,5,1,
114,24,940,282,19,11,1,5,1,
114,29,895,370,16,10,1,5,1,
115,2,907,159,21,18,1,5,1,
115,5,890,317,16,8,1,5,1,
115,7,952,390,7,8,1,5,1,
115,20,927,348,13,10,1,5,1,
115,24,938,282,21,10,1,5,1,
115,29,894,369,16,11,1,5,1,
116,2,908,160,21,18,1,5,1,
116,5,889,317,16,7,1,5,1,
116,7,950,389,10,9,1,5,1,
116,20,928,348,13,9,1,5,1,
116,24,935,282,24,10,1,5,1,
116,29,893,369,16,10,1,5,1,
117,2,909,161,20,17,1,5,1,
117,5,888,316,16,8,1,5,1,
117,7,948,388,11,10,1,5,1,
117,20,928,347,14,10,1,5,1,
117,24,933,282,26,10,1,5,1,
117,29,891,368,17,10,1,5,1,
118,2,910,161,20,18,1,5,1,
118,5,887,316,16,8,1,5,1,
118,7,946,387,13,11,1,5,1,
118,20,929,347,13,9,1,5,1,
118,24,931,282,28,10,1,5,1,
118,29,890,367,16,10,1,5,1,
119,2,911,162,20,18,1,5,1,
119,5,886,316,16,7,1,5,1,
119,7,944,386,16,13,1,5,1,
119,20,930,346,13,10,1,5,1,
119,24,929,282,30,10,1,5,1,
119,29,889,367,16,9,1,5,1,
120,2,911,163,20,17,1,5,1,
120,5,885,315,15,8,1,5,1,
120,7,942,385,17,13,1,5,1,
120,20,930,346,13,9,1,5,1,
120,24,926,282,33,10,1,5,1,
120,29,887,366,16,10,1,5,1,
121,2,912,163,20,18,1,5,1,
121,5,884,315,15,8,1,5,1,
121,7,940,384,19,13,1,5,1,
121,20,931,345,13,10,1,5,1,
121,29,886,365,16,10,1,5,1,
122,2,912,164,20,17,1,5,1,
122,5,882,315,16,7,1,5,1,
122,7,938,383,21,13,1,5,1,
122,20,931,345,13,9,1,5,1,
122,29,884,364,17,10,1,5,1,
123,2,913,165,19,17,1,5,1,
123,5,881,315,16,7,1,5,1,
123,7,936,382,23,14,1,5,1,
123,20,932,344,12,10,1,5,1,
123,29,883,364,16,9,1,5,1,
124,2,913,165,20,17,1,5,1,
124,5,880,314,16,7,1,5,1,
124,7,934,382,25,13,1,5,1,
124,20,932,344,13,9,1,5,1,
124,29,882,363,16,10,1,5,1,
125,2,913,166,20,17,1,5,1,
125,7,932,381,27,13,1,5,1,
125,20,932,343,13,10,1,5,1,
125,29,880,362,17,10,1,5,1,
126,2,914,167,19,17,1,5,1,
126,7,930,380,29,14,1,5,1,
126,20,933,343,12,9,1,5,1,
126,29,879,362,16,9,1,5,1,
127,2,915,167,19,17,1,5,1,
127,7,928,379,30,14,1,5,1,
127,20,933,342,12,9,1,5,1,
127,29,877,361,16,9,1,5,1,
128,2,917,168,18,17,1,5,1,
128,7,926,378,31,14,1,5,1,
128,20,933,342,12,9,1,5,1,
128,29,876,360,16,10,1,5,1,
129,2,918,169,19,16,1,5,1,
129,7,924,378,31,13,1,5,1,
129,20,933,342,12,9,1,5,1,
130,2,919,170,19,16,1,5,1,
130,9,954,367,5,6,1,5,1,
130,20,933,341,12,9,1,5,1,
131,2,918,170,22,16,1,5,1,
131,9,952,366,8,7,1,5,1,
131,20,934,341,11,9,1,5,1,
132,2,918,171,23,15,1,5,1,
132,9,951,365,8,9,1,5,1,
132,20,934,340,11,9,1,5,1,
133,2,919,172,23,15,1,5,1,
133,9,949,364,10,10,1,5,1,
133,20,934,340,11,9,1,5,1,
134,2,920,172,23,15,1,5,1,
134,9,947,364,12,9,1,5,1,
134,20,934,339,11,9,1,5,1,
135,2,922,173,23,15,1,5,1,
135,9,946,363,13,10,1,5,1,
135,20,934,339,11,9,1,5,1,
136,2,924,173,22,15,1,5,1,
136,9,944,362,15,10,1,5,1,
136,20,934,338,11,9,1,5,1,
137,2,925,174,22,14,1,5,1,
137,9,942,361,17,10,1,5,1,
137,20,933,338,12,9,1,5,1,
138,2,926,174,22,15,1,5,1,
138,9,941,361,18,10,1,5,1,
138,20,933,338,11,8,1,5,1,
139,2,928,175,21,14,1,5,1,
139,9,939,360,20,10,1,5,1,
139,20,933,337,11,9,1,5,1,
140,2,930,175,19,15,1,5,1,
140,9,937,359,21,11,1,5,1,
140,20,933,337,11,8,1,5,1,
141,2,931,176,19,14,1,5,1,
141,9,935,359,21,10,1,5,1,
141,20,933,336,11,9,1,5,1,
142,2,932,176,19,14,1,5,1,
142,9,934,358,20,10,1,5,1,
142,20,932,336,11,8,1,5,1,
143,2,934,177,18,14,1,5,1,
143,9,932,357,21,10,1,5,1,
143,20,932,336,11,8,1,5,1,
144,2,934,177,18,14,1,5,1,
144,9,931,357,20,10,1,5,1,
144,20,932,335,11,8,1,5,1,
145,2,935,178,18,14,1,5,1,
145,9,930,356,18,10,1,5,1,
145,20,931,335,11,8,1,5,1,
146,2,936,178,17,14,1,5,1,
146,9,930,356,16,9,1,5,1,
146,20,931,334,11,8,1,5,1,
147,2,936,178,18,15,1,5,1,
147,9,929,355,15,9,1,5,1,
147,20,930,334,11,8,1,5,1,
148,2,937,179,17,14,1,5,1,
148,9,929,355,13,8,1,5,1,
148,20,930,333,11,8,1,5,1,
149,2,937,179,18,14,1,5,1,
149,9,928,354,12,9,1,5,1,
149,20,929,333,12,8,1,5,1,
150,2,937,180,18,14,1,5,1,
150,9,927,353,12,9,1,5,1,
150,20,928,333,12,7,1,5,1,
