1,1,209,219,149,34,1,5,1,
1,2,231,-11,36,28,1,5,1,
1,3,64,82,26,22,1,5,1,
1,4,566,304,95,23,1,5,1,
1,5,769,147,116,52,1,5,1,
1,6,196,61,110,29,1,5,1,
1,7,33,65,78,33,1,5,1,
1,8,191,459,57,17,1,5,1,
1,9,597,297,43,24,1,5,1,
1,10,757,177,42,16,1,5,1,
1,11,521,15,17,43,1,5,1,
1,12,300,20,101,94,1,5,1,
1,13,398,59,11,15,1,5,1,
1,14,691,15,72,23,1,5,1,
1,15,756,424,67,16,1,5,1,
1,16,833,458,120,26,1,5,1,
1,17,658,286,96,21,1,5,1,
1,18,0,497,53,30,1,5,1,
1,19,5,82,23,10,1,5,1,
1,20,648,130,136,32,1,5,1,
1,21,633,168,35,14,1,5,1,
1,22,936,10,23,23,1,5,1,
1,23,522,31,32,69,1,5,1,
2,1,218,219,154,35,1,5,1,
2,2,230,-13,41,26,1,5,1,
2,3,65,81,27,21,1,5,1,
2,4,554,304,98,23,1,5,1,
2,5,758,150,121,51,1,5,1,
2,6,185,60,116,28,1,5,1,
2,7,39,68,80,32,1,5,1,
2,8,184,459,61,17,1,5,1,
2,9,584,298,55,23,1,5,1,
2,10,762,177,38,16,1,5,1,
2,11,521,20,18,42,1,5,1,
2,12,299,20,83,103,1,5,1,
2,13,399,56,11,16,1,5,1,
2,14,678,15,79,23,1,5,1,
2,15,748,422,68,16,1,5,1,
2,16,816,454,125,28,1,5,1,
2,17,665,286,100,21,1,5,1,
2,18,-8,499,53,30,1,5,1,
2,19,9,81,20,10,1,5,1,
2,20,656,128,140,32,1,5,1,
2,21,638,168,31,15,1,5,1,
2,22,927,9,32,22,1,5,1,
2,23,521,37,30,67,1,5,1,
3,1,227,219,158,35,1,5,1,
3,2,232,-15,47,25,1,5,1,
3,3,64,80,32,20,1,5,1,
3,4,543,303,99,23,1,5,1,
3,5,749,155,124,47,1,5,1,
3,6,173,57,123,31,1,5,1,
3,7,45,71,83,30,1,5,1,
3,8,176,459,65,18,1,5,1,
3,9,569,297,68,24,1,5,1,
3,10,767,178,32,16,1,5,1,
3,11,523,25,18,40,1,5,1,
3,12,298,25,67,103,1,5,1,
3,13,399,54,13,16,1,5,1,
3,14,664,16,87,23,1,5,1,
3,15,742,419,67,19,1,5,1,
3,16,801,448,127,33,1,5,1,
3,17,672,285,104,22,1,5,1,
3,18,-15,502,53,29,1,5,1,
3,19,14,80,18,10,1,5,1,
3,20,664,126,144,33,1,5,1,
3,21,643,169,27,15,1,5,1,
3,22,916,9,43,22,1,5,1,
3,23,521,43,29,66,1,5,1,
4,1,241,220,156,35,1,5,1,
4,3,68,79,32,20,1,5,1,
4,4,534,302,96,23,1,5,1,
4,5,748,158,110,46,1,5,1,
4,6,162,53,127,34,1,5,1,
4,7,54,74,81,28,1,5,1,
4,8,168,458,68,21,1,5,1,
4,9,553,297,80,24,1,5,1,
4,10,774,178,24,16,1,5,1,
4,11,522,30,23,38,1,5,1,
4,12,299,32,50,100,1,5,1,
4,13,399,52,17,16,1,5,1,
4,14,651,15,90,26,1,5,1,
4,15,736,416,64,21,1,5,1,
4,16,786,442,125,37,1,5,1,
4,17,682,285,104,22,1,5,1,
4,18,-21,505,49,30,1,5,1,
4,19,18,79,15,10,1,5,1,
4,20,675,125,144,32,1,5,1,
4,21,648,169,22,16,1,5,1,
4,22,904,9,55,22,1,5,1,
4,23,523,50,28,62,1,5,1,
5,1,254,220,153,35,1,5,1,
5,3,73,76,29,21,1,5,1,
5,4,525,302,94,22,1,5,1,
5,5,749,161,93,44,1,5,1,
5,6,151,49,132,38,1,5,1,
5,7,61,76,82,27,1,5,1,
5,8,161,457,69,25,1,5,1,
5,9,544,296,78,25,1,5,1,
5,10,779,178,19,17,1,5,1,
5,11,522,35,29,35,1,5,1,
5,12,302,38,47,97,1,5,1,
5,13,400,50,21,16,1,5,1,
5,14,638,14,94,31,1,5,1,
5,15,731,413,61,23,1,5,1,
5,16,773,437,123,39,1,5,1,
5,17,691,284,103,22,1,5,1,
5,18,-27,509,47,30,1,5,1,
5,19,20,77,14,11,1,5,1,
5,20,685,124,144,32,1,5,1,
5,21,652,170,18,15,1,5,1,
5,22,892,10,67,22,1,5,1,
5,23,526,56,27,60,1,5,1,
6,1,270,221,146,34,1,5,1,
6,3,76,74,28,21,1,5,1,
6,4,519,301,86,22,1,5,1,
6,5,751,164,75,42,1,5,1,
6,6,141,44,133,44,1,5,1,
6,7,70,79,80,25,1,5,1,
6,8,153,457,71,29,1,5,1,
6,9,537,296,71,25,1,5,1,
6,10,779,178,19,17,1,5,1,
6,11,523,40,35,32,1,5,1,
6,12,307,46,45,93,1,5,1,
6,13,401,48,25,15,1,5,1,
6,14,626,14,93,37,1,5,1,
6,15,727,411,56,23,1,5,1,
6,16,761,431,116,40,1,5,1,
6,17,702,283,100,23,1,5,1,
6,19,21,76,14,10,1,5,1,
6,20,697,123,140,32,1,5,1,
6,21,657,170,13,16,1,5,1,
6,22,880,10,79,24,1,5,1,
6,23,522,64,36,55,1,5,1,
7,1,286,222,137,33,1,5,1,
7,3,77,71,28,23,1,5,1,
7,4,513,300,80,22,1,5,1,
7,5,752,167,62,41,1,5,1,
7,6,130,39,136,50,1,5,1,
7,7,79,82,78,22,1,5,1,
7,8,145,457,73,33,1,5,1,
7,9,531,296,65,26,1,5,1,
7,10,778,178,19,18,1,5,1,
7,11,525,44,41,29,1,5,1,
7,12,313,53,42,89,1,5,1,
7,13,403,47,28,14,1,5,1,
7,14,615,15,93,41,1,5,1,
7,15,724,408,51,24,1,5,1,
7,16,750,426,110,41,1,5,1,
7,17,712,283,96,22,1,5,1,
7,19,21,74,15,11,1,5,1,
7,20,709,123,135,32,1,5,1,
7,21,658,171,13,16,1,5,1,
7,22,868,8,91,29,1,5,1,
7,23,519,71,46,50,1,5,1,
8,1,302,223,126,33,1,5,1,
8,3,80,70,28,21,1,5,1,
8,4,509,299,71,22,1,5,1,
8,5,749,170,53,38,1,5,1,
8,6,120,32,137,55,1,5,1,
8,7,88,84,75,21,1,5,1,
8,8,138,458,73,36,1,5,1,
8,9,526,297,57,27,1,5,1,
8,10,777,178,19,18,1,5,1,
8,11,528,47,44,28,1,5,1,
8,12,308,61,54,84,1,5,1,
8,13,405,46,32,12,1,5,1,
8,14,605,16,89,47,1,5,1,
8,15,722,405,46,24,1,5,1,
8,16,742,421,101,40,1,5,1,
8,17,723,282,90,22,1,5,1,
8,19,22,72,15,12,1,5,1,
8,20,722,122,127,32,1,5,1,
8,21,657,172,14,16,1,5,1,
8,22,856,7,98,34,1,5,1,
8,23,521,76,48,47,1,5,1,
9,1,317,224,118,32,1,5,1,
9,3,77,68,33,21,1,5,1,
9,4,507,298,61,21,1,5,1,
9,5,748,172,43,37,1,5,1,
9,6,109,25,137,60,1,5,1,
9,7,97,87,71,19,1,5,1,
9,8,131,460,72,38,1,5,1,
9,9,524,297,48,30,1,5,1,
9,10,776,179,21,18,1,5,1,
9,11,534,50,43,27,1,5,1,
9,12,303,68,70,79,1,5,1,
9,13,408,46,35,10,1,5,1,
9,14,596,19,84,50,1,5,1,
9,15,721,402,39,24,1,5,1,
9,16,735,416,91,40,1,5,1,
9,17,735,282,82,21,1,5,1,
9,19,23,71,15,11,1,5,1,
9,20,736,121,117,33,1,5,1,
9,21,657,173,13,16,1,5,1,
9,22,844,6,102,40,1,5,1,
9,23,524,81,50,44,1,5,1,
10,1,334,224,107,33,1,5,1,
10,3,75,67,44,21,1,5,1,
10,4,505,297,52,21,1,5,1,
10,5,747,174,35,36,1,5,1,
10,6,99,17,136,65,1,5,1,
10,7,106,89,67,17,1,5,1,
10,8,124,462,71,40,1,5,1,
10,9,523,298,37,32,1,5,1,
10,10,775,179,23,19,1,5,1,
10,11,540,52,42,27,1,5,1,
10,12,301,75,83,74,1,5,1,
10,13,411,45,38,10,1,5,1,
10,14,589,22,77,54,1,5,1,
10,15,720,400,33,23,1,5,1,
10,16,730,412,79,38,1,5,1,
10,17,746,281,73,22,1,5,1,
10,19,23,69,16,12,1,5,1,
10,20,752,120,104,33,1,5,1,
10,21,656,174,14,16,1,5,1,
10,22,833,7,104,44,1,5,1,
10,23,528,85,51,43,1,5,1,
11,1,349,226,98,32,1,5,1,
11,3,73,66,56,21,1,5,1,
11,4,505,296,42,20,1,5,1,
11,5,747,176,34,35,1,5,1,
11,6,90,9,134,70,1,5,1,
11,7,115,89,62,17,1,5,1,
11,8,117,464,70,42,1,5,1,
11,9,522,300,33,34,1,5,1,
11,10,773,180,25,19,1,5,1,
11,11,546,54,40,27,1,5,1,
11,12,302,82,94,69,1,5,1,
11,13,415,45,40,10,1,5,1,
11,14,583,27,69,55,1,5,1,
11,15,721,398,26,22,1,5,1,
11,16,727,408,67,36,1,5,1,
11,17,757,281,63,22,1,5,1,
11,19,24,67,15,12,1,5,1,
11,20,767,119,89,35,1,5,1,
11,21,654,175,17,16,1,5,1,
11,22,823,8,104,48,1,5,1,
11,23,532,89,53,40,1,5,1,
12,1,361,227,94,32,1,5,1,
12,3,72,65,68,22,1,5,1,
12,4,505,295,32,20,1,5,1,
12,5,748,178,33,34,1,5,1,
12,6,82,1,131,74,1,5,1,
12,7,124,90,57,16,1,5,1,
12,8,111,467,68,43,1,5,1,
12,9,520,301,35,38,1,5,1,
12,10,770,181,27,19,1,5,1,
12,11,551,56,40,27,1,5,1,
12,12,304,88,104,64,1,5,1,
12,13,420,44,41,10,1,5,1,
12,14,579,33,60,55,1,5,1,
12,15,720,396,21,20,1,5,1,
12,16,725,404,56,34,1,5,1,
12,17,768,281,52,22,1,5,1,
12,19,24,65,15,13,1,5,1,
12,20,782,118,74,36,1,5,1,
12,21,652,176,19,16,1,5,1,
12,22,814,10,102,51,1,5,1,
12,23,535,93,58,38,1,5,1,
13,1,369,228,95,31,1,5,1,
13,3,74,65,77,22,1,5,1,
13,4,504,294,26,19,1,5,1,
13,5,749,180,32,33,1,5,1,
13,6,77,-3,124,73,1,5,1,
13,7,133,90,50,16,1,5,1,
13,8,106,470,65,45,1,5,1,
13,9,521,302,37,40,1,5,1,
13,10,768,182,28,19,1,5,1,
13,11,557,58,37,27,1,5,1,
13,12,308,94,112,59,1,5,1,
13,13,425,43,42,10,1,5,1,
13,14,576,39,52,54,1,5,1,
13,15,720,394,16,19,1,5,1,
13,16,725,400,44,33,1,5,1,
13,17,774,280,50,23,1,5,1,
13,19,23,63,16,13,1,5,1,
13,20,797,116,57,39,1,5,1,
13,21,651,177,18,16,1,5,1,
13,22,805,13,99,53,1,5,1,
13,23,537,98,65,36,1,5,1,
14,1,376,229,98,30,1,5,1,
14,3,79,64,80,22,1,5,1,
14,4,504,293,20,19,1,5,1,
14,5,752,182,32,31,1,5,1,
14,6,78,-11,111,76,1,5,1,
14,7,141,89,44,16,1,5,1,
14,8,102,474,60,45,1,5,1,
14,9,525,304,38,42,1,5,1,
14,10,766,183,28,18,1,5,1,
14,11,562,61,36,26,1,5,1,
14,12,314,100,118,54,1,5,1,
14,13,431,42,41,11,1,5,1,
14,14,575,45,42,52,1,5,1,
14,15,720,393,14,17,1,5,1,
14,16,724,397,35,30,1,5,1,
14,17,779,280,51,22,1,5,1,
14,19,23,61,16,14,1,5,1,
14,20,812,114,44,42,1,5,1,
14,21,649,178,18,16,1,5,1,
14,22,798,16,93,55,1,5,1,
14,23,541,103,71,32,1,5,1,
15,1,383,229,101,30,1,5,1,
15,3,87,64,79,22,1,5,1,
15,4,506,292,19,19,1,5,1,
15,5,755,184,31,30,1,5,1,
15,6,79,-19,97,79,1,5,1,
15,7,148,88,37,16,1,5,1,
15,8,99,477,55,45,1,5,1,
15,9,523,306,50,44,1,5,1,
15,10,764,184,27,18,1,5,1,
15,11,567,63,36,25,1,5,1,
15,12,320,105,124,50,1,5,1,
15,13,436,41,42,11,1,5,1,
15,14,575,52,32,50,1,5,1,
15,15,720,391,14,16,1,5,1,
15,16,723,395,27,27,1,5,1,
15,17,784,280,51,22,1,5,1,
15,19,22,58,16,15,1,5,1,
15,20,820,115,39,43,1,5,1,
15,21,647,179,18,15,1,5,1,
15,22,792,20,87,56,1,5,1,
15,23,546,106,73,31,1,5,1,
16,1,390,230,104,29,1,5,1,
16,3,95,63,78,22,1,5,1,
16,4,508,291,19,19,1,5,1,
16,5,758,186,30,29,1,5,1,
16,6,76,-26,88,79,1,5,1,
16,7,155,87,30,16,1,5,1,
16,8,96,481,50,45,1,5,1,
16,9,521,309,71,45,1,5,1,
16,10,763,185,26,18,1,5,1,
16,11,572,65,35,25,1,5,1,
16,12,328,109,128,47,1,5,1,
16,13,442,40,42,11,1,5,1,
16,14,573,58,26,47,1,5,1,
16,15,720,390,14,15,1,5,1,
16,16,724,393,21,25,1,5,1,
16,17,788,280,53,21,1,5,1,
16,19,21,56,16,15,1,5,1,
16,20,824,117,38,42,1,5,1,
16,21,646,180,17,15,1,5,1,
16,22,787,25,79,55,1,5,1,
16,23,552,109,75,29,1,5,1,
17,1,399,230,105,30,1,5,1,
17,3,104,62,76,23,1,5,1,
17,4,510,291,20,18,1,5,1,
17,5,760,187,30,28,1,5,1,
17,6,76,-32,75,79,1,5,1,
17,7,162,85,24,16,1,5,1,
17,8,95,485,42,44,1,5,1,
17,9,521,311,95,47,1,5,1,
17,10,761,186,25,17,1,5,1,
17,11,576,68,35,24,1,5,1,
17,12,337,113,130,43,1,5,1,
17,13,447,40,43,11,1,5,1,
17,14,572,64,21,45,1,5,1,
17,15,721,389,14,14,1,5,1,
17,16,726,391,20,23,1,5,1,
17,17,793,280,53,21,1,5,1,
17,19,20,53,16,16,1,5,1,
17,20,826,119,39,41,1,5,1,
17,21,645,182,16,14,1,5,1,
17,22,783,30,71,54,1,5,1,
17,23,559,111,76,28,1,5,1,
18,1,407,231,107,29,1,5,1,
18,3,109,61,80,23,1,5,1,
18,4,509,290,28,18,1,5,1,
18,5,763,188,29,28,1,5,1,
18,6,77,-38,62,78,1,5,1,
18,7,167,83,20,17,1,5,1,
18,8,95,489,34,43,1,5,1,
18,9,524,314,120,48,1,5,1,
18,10,759,187,25,17,1,5,1,
18,11,581,70,34,24,1,5,1,
18,12,349,115,127,42,1,5,1,
18,13,452,39,44,12,1,5,1,
18,14,573,70,18,42,1,5,1,
18,15,722,388,14,13,1,5,1,
18,16,729,389,20,21,1,5,1,
18,17,798,280,54,21,1,5,1,
18,19,18,51,16,16,1,5,1,
18,20,828,122,40,40,1,5,1,
18,21,644,183,15,14,1,5,1,
18,22,781,36,61,51,1,5,1,
18,23,566,114,77,26,1,5,1,
19,1,417,232,106,28,1,5,1,
19,3,116,61,81,22,1,5,1,
19,4,509,289,35,18,1,5,1,
19,5,766,190,29,27,1,5,1,
19,6,80,-43,46,75,1,5,1,
19,7,167,81,20,18,1,5,1,
19,8,96,494,26,41,1,5,1,
19,9,530,316,144,50,1,5,1,
19,10,758,188,24,17,1,5,1,
19,11,586,72,33,23,1,5,1,
19,12,361,117,123,42,1,5,1,
19,13,458,39,44,11,1,5,1,
19,14,574,76,18,38,1,5,1,
19,15,723,387,13,13,1,5,1,
19,16,731,388,23,18,1,5,1,
19,17,803,279,55,21,1,5,1,
19,19,15,48,17,17,1,5,1,
19,20,830,124,42,39,1,5,1,
19,21,643,184,14,14,1,5,1,
19,22,780,41,51,49,1,5,1,
19,23,573,115,78,26,1,5,1,
20,1,426,232,106,29,1,5,1,
20,3,124,60,81,23,1,5,1,
20,4,510,289,41,17,1,5,1,
20,5,767,191,30,26,1,5,1,
20,6,85,-48,30,72,1,5,1,
20,7,166,78,20,20,1,5,1,
20,8,97,498,20,40,1,5,1,
20,9,539,319,169,51,1,5,1,
20,10,756,189,24,16,1,5,1,
20,11,590,74,33,23,1,5,1,
20,12,372,119,121,41,1,5,1,
20,13,464,38,44,12,1,5,1,
20,14,577,81,17,35,1,5,1,
20,15,724,386,13,12,1,5,1,
20,16,732,387,26,18,1,5,1,
20,17,808,279,56,21,1,5,1,
20,19,12,45,19,18,1,5,1,
20,20,832,127,44,37,1,5,1,
20,21,642,185,13,13,1,5,1,
20,22,779,46,43,47,1,5,1,
20,23,580,117,78,25,1,5,1,
21,1,435,233,106,28,1,5,1,
21,3,131,60,82,22,1,5,1,
21,4,513,289,46,16,1,5,1,
21,5,769,192,31,26,1,5,1,
21,7,165,75,20,21,1,5,1,
21,8,96,501,20,41,1,5,1,
21,9,551,322,193,52,1,5,1,
21,10,754,189,23,17,1,5,1,
21,11,594,76,33,22,1,5,1,
21,12,384,121,117,40,1,5,1,
21,13,470,37,45,12,1,5,1,
21,14,577,86,21,32,1,5,1,
21,15,725,385,13,12,1,5,1,
21,16,735,385,28,18,1,5,1,
21,17,816,279,49,21,1,5,1,
21,19,9,42,20,18,1,5,1,
21,20,836,129,43,36,1,5,1,
21,21,641,185,13,14,1,5,1,
21,22,780,52,33,43,1,5,1,
21,23,588,118,77,24,1,5,1,
22,1,445,233,105,28,1,5,1,
22,3,138,59,83,23,1,5,1,
22,4,516,288,51,16,1,5,1,
22,5,772,193,31,26,1,5,1,
22,7,164,73,20,22,1,5,1,
22,8,94,504,21,39,1,5,1,
22,9,567,325,213,51,1,5,1,
22,10,753,190,22,16,1,5,1,
22,11,598,77,33,23,1,5,1,
22,12,394,123,114,39,1,5,1,
22,13,476,37,45,11,1,5,1,
22,14,577,90,27,29,1,5,1,
22,15,725,383,13,13,1,5,1,
22,16,739,384,27,17,1,5,1,
22,17,825,279,39,20,1,5,1,
22,19,7,39,20,19,1,5,1,
22,20,839,131,45,35,1,5,1,
22,21,640,186,13,14,1,5,1,
22,22,779,56,27,41,1,5,1,
22,23,595,119,77,24,1,5,1,
23,1,455,234,104,28,1,5,1,
23,3,146,59,83,23,1,5,1,
23,4,520,288,56,16,1,5,1,
23,5,774,194,32,25,1,5,1,
23,7,163,70,21,23,1,5,1,
23,8,93,507,21,36,1,5,1,
23,9,587,327,230,53,1,5,1,
23,10,751,191,22,16,1,5,1,
23,11,603,79,32,22,1,5,1,
23,12,405,124,111,40,1,5,1,
23,13,482,36,45,11,1,5,1,
23,14,578,94,32,26,1,5,1,
23,15,725,382,13,13,1,5,1,
23,16,743,383,27,17,1,5,1,
23,17,835,278,30,20,1,5,1,
23,19,4,36,21,19,1,5,1,
23,20,842,132,46,35,1,5,1,
23,21,640,187,11,13,1,5,1,
23,22,778,61,22,37,1,5,1,
23,23,603,119,75,25,1,5,1,
24,1,465,234,102,28,1,5,1,
24,3,153,58,85,23,1,5,1,
24,4,525,288,60,16,1,5,1,
24,5,777,195,32,25,1,5,1,
24,7,162,68,21,22,1,5,1,
24,8,91,510,21,34,1,5,1,
24,9,612,329,241,54,1,5,1,
24,10,750,192,21,16,1,5,1,
24,11,607,81,32,22,1,5,1,
24,12,416,126,107,39,1,5,1,
24,13,488,35,45,11,1,5,1,
24,14,580,97,37,24,1,5,1,
24,15,725,381,13,13,1,5,1,
24,16,747,381,27,17,1,5,1,
24,17,839,278,27,19,1,5,1,
24,19,2,33,20,20,1,5,1,
24,20,847,134,45,34,1,5,1,
24,21,639,188,11,13,1,5,1,
24,22,779,65,21,34,1,5,1,
24,23,610,120,75,25,1,5,1,
25,1,475,235,100,27,1,5,1,
25,3,161,58,86,23,1,5,1,
25,4,530,287,64,17,1,5,1,
25,5,781,196,31,24,1,5,1,
25,7,162,65,21,23,1,5,1,
25,8,90,513,21,31,1,5,1,
25,9,641,331,244,54,1,5,1,
25,10,748,193,22,15,1,5,1,
25,11,611,83,32,21,1,5,1,
25,12,427,127,102,40,1,5,1,
25,13,494,34,46,11,1,5,1,
25,14,584,99,40,23,1,5,1,
25,15,725,380,12,12,1,5,1,
25,16,751,380,26,16,1,5,1,
25,17,840,278,27,19,1,5,1,
25,19,0,30,19,20,1,5,1,
25,20,851,136,45,33,1,5,1,
25,21,639,189,11,13,1,5,1,
25,22,781,69,20,31,1,5,1,
25,23,618,121,73,24,1,5,1,
26,1,484,235,99,28,1,5,1,
26,3,168,57,88,24,1,5,1,
26,4,536,287,67,17,1,5,1,
26,5,783,197,32,24,1,5,1,
26,7,162,63,22,23,1,5,1,
26,8,89,516,22,28,1,5,1,
26,9,673,332,241,54,1,5,1,
26,10,747,193,21,16,1,5,1,
26,11,616,85,31,20,1,5,1,
26,12,438,129,98,39,1,5,1,
26,13,500,34,46,11,1,5,1,
26,14,588,102,43,21,1,5,1,
26,15,724,379,15,12,1,5,1,
26,16,755,379,26,16,1,5,1,
26,17,842,278,26,19,1,5,1,
26,19,0,27,17,20,1,5,1,
26,20,854,137,47,33,1,5,1,
26,21,638,190,11,12,1,5,1,
26,22,783,72,20,30,1,5,1,
26,23,625,122,73,24,1,5,1,
27,1,494,236,97,27,1,5,1,
27,3,176,57,89,24,1,5,1,
27,4,543,287,69,17,1,5,1,
27,5,786,198,32,24,1,5,1,
27,7,162,60,22,23,1,5,1,
27,8,88,519,22,25,1,5,1,
27,9,708,332,228,54,1,5,1,
27,10,745,194,21,15,1,5,1,
27,11,620,86,30,21,1,5,1,
27,12,447,131,95,38,1,5,1,
27,13,506,33,46,11,1,5,1,
27,14,593,103,46,21,1,5,1,
27,15,721,378,19,12,1,5,1,
27,16,759,378,25,16,1,5,1,
27,17,843,278,26,18,1,5,1,
27,19,-1,24,15,20,1,5,1,
27,20,858,139,47,32,1,5,1,
27,21,638,191,11,12,1,5,1,
27,22,784,75,21,28,1,5,1,
27,23,632,123,72,24,1,5,1,
28,1,506,236,89,27,1,5,1,
28,3,184,57,90,23,1,5,1,
28,4,550,287,71,17,1,5,1,
28,5,789,199,31,23,1,5,1,
28,7,162,58,22,23,1,5,1,
28,8,87,522,22,22,1,5,1,
28,9,746,332,207,53,1,5,1,
28,10,744,195,20,15,1,5,1,
28,11,624,88,30,20,1,5,1,
28,12,457,133,92,37,1,5,1,
28,13,512,32,47,11,1,5,1,
28,14,599,105,45,20,1,5,1,
28,15,718,377,23,12,1,5,1,
28,16,763,376,24,16,1,5,1,
28,17,844,278,26,18,1,5,1,
28,19,-3,20,15,21,1,5,1,
28,20,862,140,47,32,1,5,1,
28,21,638,192,11,12,1,5,1,
28,22,782,78,29,25,1,5,1,
28,23,639,124,71,23,1,5,1,
29,1,517,236,83,26,1,5,1,
29,3,192,57,91,24,1,5,1,
29,4,558,287,71,17,1,5,1,
29,5,792,200,31,23,1,5,1,
29,7,162,55,23,24,1,5,1,
29,8,87,525,11,19,1,5,1,
29,9,781,331,179,52,1,5,1,
29,10,743,196,20,14,1,5,1,
29,11,628,89,29,20,1,5,1,
29,12,465,134,90,37,1,5,1,
29,13,518,32,47,10,1,5,1,
29,14,606,106,44,21,1,5,1,
29,15,715,376,25,12,1,5,1,
29,16,767,375,23,16,1,5,1,
29,17,845,278,26,18,1,5,1,
29,19,-5,17,14,21,1,5,1,
29,20,866,142,47,31,1,5,1,
29,21,638,192,10,12,1,5,1,
29,22,786,80,24,25,1,5,1,
29,23,646,124,69,24,1,5,1,
30,1,526,236,80,26,1,5,1,
30,3,200,57,92,24,1,5,1,
30,4,567,287,70,17,1,5,1,
30,5,796,201,29,22,1,5,1,
30,7,163,53,23,23,1,5,1,
30,8,86,529,11,15,1,5,1,
30,9,811,331,149,51,1,5,1,
30,10,741,196,20,15,1,5,1,
30,11,632,91,28,20,1,5,1,
30,12,474,136,88,36,1,5,1,
30,13,524,31,47,11,1,5,1,
30,14,612,108,43,20,1,5,1,
30,15,712,375,26,12,1,5,1,
30,16,771,374,21,15,1,5,1,
30,17,846,278,25,18,1,5,1,
30,19,-7,13,14,22,1,5,1,
30,20,871,143,45,31,1,5,1,
30,21,637,193,11,12,1,5,1,
30,22,792,80,19,27,1,5,1,
30,23,653,125,67,24,1,5,1,
31,1,534,236,78,26,1,5,1,
31,3,209,57,92,24,1,5,1,
31,4,575,287,71,17,1,5,1,
31,5,799,201,28,23,1,5,1,
31,7,163,50,24,24,1,5,1,
31,9,844,329,116,49,1,5,1,
31,10,740,197,20,14,1,5,1,
31,11,636,92,27,20,1,5,1,
31,12,482,138,85,36,1,5,1,
31,13,530,31,48,11,1,5,1,
31,14,618,109,41,20,1,5,1,
31,15,710,374,26,12,1,5,1,
31,16,775,373,19,15,1,5,1,
31,17,847,278,24,17,1,5,1,
31,20,876,144,42,30,1,5,1,
31,21,637,194,10,12,1,5,1,
31,22,792,81,20,28,1,5,1,
31,23,660,126,65,24,1,5,1,
32,1,542,237,74,25,1,5,1,
32,3,217,57,93,24,1,5,1,
32,4,583,288,71,16,1,5,1,
32,5,802,202,28,22,1,5,1,
32,7,164,47,24,25,1,5,1,
32,9,869,331,91,46,1,5,1,
32,10,739,198,20,14,1,5,1,
32,11,640,94,25,20,1,5,1,
32,12,490,139,82,36,1,5,1,
32,13,536,30,48,11,1,5,1,
32,14,624,110,40,20,1,5,1,
32,15,707,373,27,12,1,5,1,
32,16,778,372,18,15,1,5,1,
32,17,847,277,25,18,1,5,1,
32,20,881,145,40,30,1,5,1,
32,21,636,195,11,11,1,5,1,
32,22,792,83,20,28,1,5,1,
32,23,666,126,63,25,1,5,1,
33,1,550,237,71,25,1,5,1,
33,3,225,57,94,25,1,5,1,
33,4,591,288,71,16,1,5,1,
33,5,805,203,27,22,1,5,1,
33,7,165,45,24,25,1,5,1,
33,9,890,336,70,36,1,5,1,
33,10,737,198,21,14,1,5,1,
33,11,644,95,22,21,1,5,1,
33,12,498,141,79,35,1,5,1,
33,13,542,30,49,11,1,5,1,
33,14,629,112,39,20,1,5,1,
33,15,705,372,26,12,1,5,1,
33,16,781,370,18,15,1,5,1,
33,17,847,277,25,18,1,5,1,
33,20,885,146,39,30,1,5,1,
33,21,635,195,12,12,1,5,1,
33,22,793,85,19,28,1,5,1,
33,23,673,127,60,25,1,5,1,
34,1,558,237,67,25,1,5,1,
34,3,234,58,94,24,1,5,1,
34,4,600,288,70,16,1,5,1,
34,5,808,203,26,22,1,5,1,
34,7,166,42,24,25,1,5,1,
34,10,735,199,21,14,1,5,1,
34,11,648,97,20,20,1,5,1,
34,12,506,142,76,35,1,5,1,
34,13,548,30,49,11,1,5,1,
34,14,635,113,38,20,1,5,1,
34,15,702,371,26,11,1,5,1,
34,16,784,369,16,15,1,5,1,
34,17,847,277,25,17,1,5,1,
34,20,890,147,36,30,1,5,1,
34,21,634,196,12,11,1,5,1,
34,22,793,87,19,27,1,5,1,
34,23,679,128,58,25,1,5,1,
35,1,565,237,65,25,1,5,1,
35,3,242,58,95,24,1,5,1,
35,4,608,288,70,16,1,5,1,
35,5,810,204,26,21,1,5,1,
35,7,168,39,24,26,1,5,1,
35,10,734,200,21,13,1,5,1,
35,11,650,98,23,20,1,5,1,
35,12,514,144,72,34,1,5,1,
35,13,554,30,49,11,1,5,1,
35,14,640,115,37,19,1,5,1,
35,15,699,370,27,11,1,5,1,
35,16,786,368,16,15,1,5,1,
35,17,847,277,24,17,1,5,1,
35,20,893,149,36,29,1,5,1,
35,21,633,197,12,11,1,5,1,
35,22,793,88,19,28,1,5,1,
35,23,684,129,58,25,1,5,1,
36,1,572,238,62,24,1,5,1,
36,3,252,59,94,24,1,5,1,
36,4,616,288,71,16,1,5,1,
36,5,812,205,26,21,1,5,1,
36,7,169,36,24,26,1,5,1,
36,10,732,200,21,14,1,5,1,
36,11,651,100,27,20,1,5,1,
36,12,521,146,70,34,1,5,1,
36,13,561,30,49,11,1,5,1,
36,14,646,116,35,19,1,5,1,
36,15,697,369,26,11,1,5,1,
36,16,787,367,17,14,1,5,1,
36,17,847,277,24,17,1,5,1,
36,20,897,150,34,29,1,5,1,
36,21,632,197,12,11,1,5,1,
36,22,793,91,19,26,1,5,1,
36,23,690,130,56,25,1,5,1,
37,1,578,238,60,24,1,5,1,
37,3,261,59,94,25,1,5,1,
37,4,625,288,69,16,1,5,1,
37,5,814,206,26,20,1,5,1,
37,7,170,33,25,27,1,5,1,
37,10,731,201,20,13,1,5,1,
37,11,652,103,31,17,1,5,1,
37,12,528,147,68,34,1,5,1,
37,13,567,29,49,12,1,5,1,
37,14,651,117,34,20,1,5,1,
37,15,694,368,27,11,1,5,1,
37,16,789,366,16,14,1,5,1,
37,17,847,277,23,17,1,5,1,
37,20,900,151,34,29,1,5,1,
37,21,631,198,11,11,1,5,1,
37,22,793,92,19,27,1,5,1,
37,23,695,132,55,24,1,5,1,
38,1,586,238,57,24,1,5,1,
38,3,273,60,91,24,1,5,1,
38,4,636,288,66,16,1,5,1,
38,5,816,206,25,21,1,5,1,
38,7,171,31,26,25,1,5,1,
38,10,729,202,20,13,1,5,1,
38,11,654,105,34,16,1,5,1,
38,12,537,149,63,33,1,5,1,
38,13,575,29,48,12,1,5,1,
38,14,657,119,32,19,1,5,1,
38,15,691,367,26,10,1,5,1,
38,16,790,365,16,13,1,5,1,
38,17,847,277,23,16,1,5,1,
38,20,903,152,33,29,1,5,1,
38,21,630,199,11,11,1,5,1,
38,22,794,95,18,25,1,5,1,
38,23,702,133,52,24,1,5,1,
39,1,592,238,55,24,1,5,1,
39,3,283,60,89,25,1,5,1,
39,4,645,288,65,16,1,5,1,
39,5,818,207,25,20,1,5,1,
39,7,172,28,28,25,1,5,1,
39,10,727,202,20,13,1,5,1,
39,11,659,107,31,16,1,5,1,
39,12,544,150,60,33,1,5,1,
39,13,582,29,47,12,1,5,1,
39,14,663,120,30,19,1,5,1,
39,15,689,366,26,10,1,5,1,
39,16,792,363,15,14,1,5,1,
39,17,846,277,23,16,1,5,1,
39,20,906,153,32,29,1,5,1,
39,21,629,199,11,11,1,5,1,
39,22,794,96,18,26,1,5,1,
39,23,708,134,49,24,1,5,1,
40,1,598,239,53,23,1,5,1,
40,3,292,61,89,25,1,5,1,
40,4,654,288,64,16,1,5,1,
40,5,820,207,25,21,1,5,1,
40,7,173,25,29,25,1,5,1,
40,10,726,203,19,13,1,5,1,
40,11,664,108,27,16,1,5,1,
40,12,551,152,56,32,1,5,1,
40,13,589,29,46,12,1,5,1,
40,14,668,122,29,18,1,5,1,
40,15,686,365,26,10,1,5,1,
40,16,793,362,15,14,1,5,1,
40,17,846,277,22,16,1,5,1,
40,20,908,154,32,29,1,5,1,
40,21,628,200,11,11,1,5,1,
40,22,793,98,18,25,1,5,1,
40,23,713,135,47,24,1,5,1,
41,1,603,239,52,23,1,5,1,
41,3,300,61,89,25,1,5,1,
41,4,661,288,64,16,1,5,1,
41,5,822,208,24,20,1,5,1,
41,7,174,22,31,26,1,5,1,
41,10,724,203,20,13,1,5,1,
41,11,668,108,24,17,1,5,1,
41,12,556,153,55,32,1,5,1,
41,13,594,29,47,12,1,5,1,
41,14,671,123,29,19,1,5,1,
41,15,684,364,26,10,1,5,1,
41,16,794,361,15,14,1,5,1,
41,17,845,277,22,16,1,5,1,
41,20,909,156,33,28,1,5,1,
41,21,627,201,12,11,1,5,1,
41,22,793,100,18,25,1,5,1,
41,23,718,136,44,24,1,5,1,
42,1,607,239,52,23,1,5,1,
42,3,308,62,90,25,1,5,1,
42,4,668,288,64,16,1,5,1,
42,5,823,209,25,19,1,5,1,
42,7,175,19,32,27,1,5,1,
42,10,721,204,22,13,1,5,1,
42,11,672,109,19,18,1,5,1,
42,12,561,154,53,32,1,5,1,
42,13,599,29,48,12,1,5,1,
42,14,675,124,28,19,1,5,1,
42,15,681,364,26,9,1,5,1,
42,16,795,360,15,14,1,5,1,
42,17,844,277,21,16,1,5,1,
42,20,911,157,32,27,1,5,1,
42,21,624,202,15,10,1,5,1,
42,22,793,102,17,25,1,5,1,
42,23,723,137,40,23,1,5,1,
43,1,611,240,52,22,1,5,1,
43,3,316,63,90,25,1,5,1,
43,4,675,288,64,16,1,5,1,
43,5,825,209,24,20,1,5,1,
43,7,177,16,34,28,1,5,1,
43,10,719,205,23,12,1,5,1,
43,11,676,110,15,19,1,5,1,
43,12,566,156,51,31,1,5,1,
43,13,605,30,48,12,1,5,1,
43,14,679,126,27,18,1,5,1,
43,15,678,363,27,10,1,5,1,
43,16,795,359,16,13,1,5,1,
43,17,843,278,20,16,1,5,1,
43,20,913,158,32,27,1,5,1,
43,21,621,202,18,11,1,5,1,
43,22,792,103,18,25,1,5,1,
43,23,729,137,33,24,1,5,1,
44,1,616,240,50,22,1,5,1,
44,3,325,64,89,25,1,5,1,
44,4,683,288,62,16,1,5,1,
44,5,826,210,24,19,1,5,1,
44,7,179,13,36,28,1,5,1,
44,10,717,205,23,13,1,5,1,
44,11,679,111,12,19,1,5,1,
44,12,572,157,47,31,1,5,1,
44,13,611,30,47,12,1,5,1,
44,14,683,127,26,18,1,5,1,
44,15,675,362,27,10,1,5,1,
44,16,796,358,15,13,1,5,1,
44,17,842,278,20,16,1,5,1,
44,20,914,159,32,27,1,5,1,
44,21,619,203,18,10,1,5,1,
44,22,792,105,17,24,1,5,1,
44,23,734,137,30,25,1,5,1,
45,1,621,240,49,22,1,5,1,
45,3,334,64,88,26,1,5,1,
45,4,691,288,61,16,1,5,1,
45,5,827,211,24,19,1,5,1,
45,7,181,11,38,28,1,5,1,
45,10,715,206,24,12,1,5,1,
45,11,680,113,12,19,1,5,1,
45,12,577,158,45,31,1,5,1,
45,13,617,30,47,12,1,5,1,
45,14,686,128,26,19,1,5,1,
45,15,673,361,27,10,1,5,1,
45,16,796,357,16,13,1,5,1,
45,17,842,278,20,15,1,5,1,
45,20,915,160,32,27,1,5,1,
45,21,617,203,19,10,1,5,1,
45,22,791,107,17,24,1,5,1,
45,23,738,138,27,25,1,5,1,
46,1,626,241,48,21,1,5,1,
46,3,343,65,87,26,1,5,1,
46,4,699,288,59,16,1,5,1,
46,5,828,211,24,19,1,5,1,
46,7,183,8,41,28,1,5,1,
46,10,713,206,24,12,1,5,1,
46,11,680,114,12,19,1,5,1,
46,12,582,160,43,30,1,5,1,
46,13,623,30,46,13,1,5,1,
46,14,690,130,24,18,1,5,1,
46,15,670,360,27,10,1,5,1,
46,16,797,356,15,13,1,5,1,
46,17,841,278,20,15,1,5,1,
46,20,916,161,32,27,1,5,1,
46,21,615,204,19,10,1,5,1,
46,22,791,109,17,23,1,5,1,
46,23,741,139,26,25,1,5,1,
47,1,631,241,46,21,1,5,1,
47,3,352,66,86,26,1,5,1,
47,4,707,288,57,15,1,5,1,
47,5,829,212,24,18,1,5,1,
47,7,185,5,44,28,1,5,1,
47,10,711,207,24,12,1,5,1,
47,11,681,116,11,19,1,5,1,
47,12,587,161,40,30,1,5,1,
47,13,629,31,45,13,1,5,1,
47,14,694,131,23,18,1,5,1,
47,15,667,360,27,9,1,5,1,
47,16,797,355,15,13,1,5,1,
47,17,841,278,19,15,1,5,1,
47,20,917,163,32,26,1,5,1,
47,21,612,205,20,9,1,5,1,
47,22,791,110,16,23,1,5,1,
47,23,744,141,25,25,1,5,1,
48,1,636,241,44,21,1,5,1,
48,3,361,67,85,26,1,5,1,
48,4,715,288,55,15,1,5,1,
48,5,830,212,24,19,1,5,1,
48,7,188,2,46,28,1,5,1,
48,11,681,118,12,18,1,5,1,
48,12,591,163,38,29,1,5,1,
48,13,636,31,44,13,1,5,1,
48,14,697,132,24,18,1,5,1,
48,15,665,359,26,9,1,5,1,
48,16,797,354,15,13,1,5,1,
48,17,840,278,19,15,1,5,1,
48,20,918,164,31,26,1,5,1,
48,21,610,205,20,10,1,5,1,
48,22,790,112,17,23,1,5,1,
48,23,746,142,24,25,1,5,1,
49,1,640,242,44,20,1,5,1,
49,3,369,68,84,27,1,5,1,
49,4,721,288,54,15,1,5,1,
49,5,831,213,24,18,1,5,1,
49,7,190,0,50,28,1,5,1,
49,11,681,119,12,18,1,5,1,
49,12,595,164,37,29,1,5,1,
49,13,641,32,44,13,1,5,1,
49,14,698,134,29,16,1,5,1,
49,15,662,358,27,9,1,5,1,
49,16,798,353,14,12,1,5,1,
49,17,839,278,19,15,1,5,1,
49,20,920,165,31,25,1,5,1,
49,21,608,206,20,9,1,5,1,
49,22,790,113,16,23,1,5,1,
49,23,748,144,24,24,1,5,1,
50,1,644,242,43,20,1,5,1,
50,3,378,69,82,27,1,5,1,
50,4,730,287,48,15,1,5,1,
50,5,832,214,23,18,1,5,1,
50,7,194,-1,51,26,1,5,1,
50,11,682,121,11,18,1,5,1,
50,12,599,166,35,28,1,5,1,
50,13,647,32,43,14,1,5,1,
50,14,700,135,31,16,1,5,1,
50,15,659,357,27,9,1,5,1,
50,16,798,352,14,12,1,5,1,
50,17,839,278,18,14,1,5,1,
50,20,921,166,30,25,1,5,1,
50,21,606,206,20,10,1,5,1,
50,22,789,115,17,22,1,5,1,
50,23,750,145,23,24,1,5,1,
51,1,648,242,42,20,1,5,1,
51,3,386,70,82,27,1,5,1,
51,4,738,286,41,16,1,5,1,
51,5,833,214,23,18,1,5,1,
51,7,197,-4,54,26,1,5,1,
51,11,682,122,11,18,1,5,1,
51,12,602,167,34,28,1,5,1,
51,13,652,33,43,13,1,5,1,
51,14,703,137,31,15,1,5,1,
51,15,656,357,28,8,1,5,1,
51,16,798,351,14,12,1,5,1,
51,17,838,278,19,14,1,5,1,
51,20,922,167,30,25,1,5,1,
51,21,604,207,20,9,1,5,1,
51,22,789,117,16,22,1,5,1,
51,23,751,147,23,23,1,5,1,
52,1,652,242,41,20,1,5,1,
52,3,395,72,79,26,1,5,1,
52,4,746,286,34,15,1,5,1,
52,5,834,215,23,17,1,5,1,
52,7,200,-6,56,26,1,5,1,
52,11,682,124,11,17,1,5,1,
52,12,606,168,32,28,1,5,1,
52,13,658,34,42,13,1,5,1,
52,14,707,138,30,15,1,5,1,
52,15,654,356,27,9,1,5,1,
52,16,798,350,14,12,1,5,1,
52,17,837,278,19,14,1,5,1,
52,20,922,168,30,25,1,5,1,
52,21,601,207,20,10,1,5,1,
52,22,788,118,16,22,1,5,1,
52,23,753,148,22,23,1,5,1,
53,1,656,243,40,19,1,5,1,
53,3,403,73,78,27,1,5,1,
53,4,753,285,26,15,1,5,1,
53,5,835,215,22,18,1,5,1,
53,7,204,-9,56,26,1,5,1,
53,11,682,125,11,18,1,5,1,
53,12,610,169,29,28,1,5,1,
53,13,663,34,42,14,1,5,1,
53,14,711,139,29,15,1,5,1,
53,15,651,355,27,9,1,5,1,
53,16,798,349,14,12,1,5,1,
53,17,836,278,18,14,1,5,1,
53,20,923,169,30,25,1,5,1,
53,22,788,120,16,21,1,5,1,
53,23,755,149,21,23,1,5,1,
54,1,660,243,38,19,1,5,1,
54,3,411,74,77,27,1,5,1,
54,4,758,285,24,15,1,5,1,
54,5,835,216,23,17,1,5,1,
54,7,208,-12,56,26,1,5,1,
54,11,682,127,11,17,1,5,1,
54,12,613,171,28,26,1,5,1,
54,13,669,35,40,14,1,5,1,
54,14,715,140,28,15,1,5,1,
54,15,648,355,27,8,1,5,1,
54,16,798,348,14,12,1,5,1,
54,17,836,277,17,15,1,5,1,
54,20,923,170,30,24,1,5,1,
54,22,787,121,16,21,1,5,1,
54,23,757,151,20,22,1,5,1,
55,1,664,243,36,20,1,5,1,
55,3,419,75,75,28,1,5,1,
55,4,761,285,23,15,1,5,1,
55,5,836,216,22,17,1,5,1,
55,7,212,-14,60,25,1,5,1,
55,11,682,128,11,17,1,5,1,
55,12,616,172,27,26,1,5,1,
55,13,674,36,39,14,1,5,1,
55,14,719,141,27,15,1,5,1,
55,15,645,354,28,8,1,5,1,
55,16,797,347,14,12,1,5,1,
55,17,835,277,17,14,1,5,1,
55,20,924,171,29,24,1,5,1,
55,22,787,123,15,20,1,5,1,
55,23,758,152,20,22,1,5,1,
56,1,668,244,35,19,1,5,1,
56,2,711,0,39,12,1,5,1,
56,3,427,77,72,27,1,5,1,
56,4,764,285,22,14,1,5,1,
56,5,836,217,23,17,1,5,1,
56,11,682,130,11,16,1,5,1,
56,12,619,173,25,26,1,5,1,
56,13,679,36,39,15,1,5,1,
56,14,723,142,26,15,1,5,1,
56,15,642,353,28,9,1,5,1,
56,16,797,347,14,11,1,5,1,
56,17,834,277,17,14,1,5,1,
56,20,924,172,29,24,1,5,1,
56,22,786,124,15,21,1,5,1,
56,23,760,153,19,23,1,5,1,
57,1,671,244,34,19,1,5,1,
57,2,715,0,37,15,1,5,1,
57,3,435,78,70,28,1,5,1,
57,4,767,285,21,14,1,5,1,
57,5,837,217,22,17,1,5,1,
57,11,682,131,10,17,1,5,1,
57,12,622,174,24,26,1,5,1,
57,13,684,37,38,15,1,5,1,
57,14,726,142,25,16,1,5,1,
57,15,639,353,28,8,1,5,1,
57,16,797,346,13,11,1,5,1,
57,17,833,277,17,14,1,5,1,
57,20,925,173,28,24,1,5,1,
57,22,785,125,16,21,1,5,1,
57,23,761,155,19,22,1,5,1,
58,1,675,244,32,19,1,5,1,
58,2,716,0,40,18,1,5,1,
58,3,442,79,68,29,1,5,1,
58,4,770,285,20,14,1,5,1,
58,5,838,218,22,16,1,5,1,
58,11,682,133,10,16,1,5,1,
58,12,625,175,22,26,1,5,1,
58,13,689,38,37,15,1,5,1,
58,14,730,144,23,15,1,5,1,
58,15,637,352,27,8,1,5,1,
58,16,796,345,14,11,1,5,1,
58,17,832,277,17,14,1,5,1,
58,20,925,174,28,23,1,5,1,
58,22,785,127,15,20,1,5,1,
58,23,762,156,18,22,1,5,1,
59,1,678,244,30,19,1,5,1,
59,2,719,0,42,19,1,5,1,
59,3,450,81,65,28,1,5,1,
59,4,772,284,20,15,1,5,1,
59,5,838,218,22,17,1,5,1,
59,11,681,134,11,16,1,5,1,
59,12,627,176,22,26,1,5,1,
59,13,694,39,35,15,1,5,1,
59,14,733,145,22,15,1,5,1,
59,15,634,352,27,8,1,5,1,
59,16,796,344,13,11,1,5,1,
59,17,831,277,17,13,1,5,1,
59,20,925,175,28,23,1,5,1,
59,22,784,128,15,20,1,5,1,
59,23,764,157,17,22,1,5,1,
60,1,681,245,29,18,1,5,1,
60,2,721,0,45,21,1,5,1,
60,3,457,83,64,28,1,5,1,
60,4,775,284,19,14,1,5,1,
60,5,839,219,21,16,1,5,1,
60,11,681,135,10,16,1,5,1,
60,12,629,178,21,24,1,5,1,
60,13,699,40,34,16,1,5,1,
60,14,737,146,21,15,1,5,1,
60,15,631,351,28,8,1,5,1,
60,16,795,343,13,11,1,5,1,
60,17,830,277,17,13,1,5,1,
60,20,925,176,28,23,1,5,1,
60,22,783,130,15,19,1,5,1,
60,23,764,158,17,21,1,5,1,
61,1,684,245,28,18,1,5,1,
61,2,723,0,48,23,1,5,1,
61,3,463,85,66,27,1,5,1,
61,4,777,284,19,14,1,5,1,
61,5,839,219,21,16,1,5,1,
61,11,681,137,10,15,1,5,1,
61,12,631,179,20,24,1,5,1,
61,13,703,41,34,16,1,5,1,
61,14,740,147,20,15,1,5,1,
61,15,628,351,28,7,1,5,1,
61,16,795,343,13,10,1,5,1,
61,17,829,277,17,13,1,5,1,
61,20,925,177,28,23,1,5,1,
61,22,783,131,14,19,1,5,1,
61,23,765,160,17,20,1,5,1,
62,1,687,245,27,18,1,5,1,
62,2,725,0,51,25,1,5,1,
62,3,468,87,69,26,1,5,1,
62,4,780,284,17,14,1,5,1,
62,5,839,220,22,16,1,5,1,
62,11,680,138,10,15,1,5,1,
62,12,632,180,20,24,1,5,1,
62,13,708,43,32,15,1,5,1,
62,14,743,148,18,14,1,5,1,
62,15,625,350,28,8,1,5,1,
62,16,794,342,13,11,1,5,1,
62,17,827,277,18,13,1,5,1,
62,20,925,178,28,22,1,5,1,
62,22,782,132,14,19,1,5,1,
62,23,766,161,17,20,1,5,1,
63,1,690,245,26,18,1,5,1,
63,2,727,0,54,27,1,5,1,
63,3,474,90,71,24,1,5,1,
63,4,782,284,17,13,1,5,1,
63,5,840,220,21,16,1,5,1,
63,11,680,139,10,15,1,5,1,
63,12,634,181,20,24,1,5,1,
63,13,712,44,31,15,1,5,1,
63,14,745,149,18,14,1,5,1,
63,15,622,350,28,7,1,5,1,
63,16,793,341,14,11,1,5,1,
63,17,826,277,18,13,1,5,1,
63,20,925,179,27,22,1,5,1,
63,22,781,133,14,19,1,5,1,
63,23,766,162,17,20,1,5,1,
64,1,692,246,26,17,1,5,1,
64,2,729,0,56,29,1,5,1,
64,3,480,93,74,22,1,5,1,
64,4,784,284,17,13,1,5,1,
64,5,840,221,21,15,1,5,1,
64,11,679,140,10,15,1,5,1,
64,12,635,182,20,23,1,5,1,
64,13,716,45,31,15,1,5,1,
64,14,748,150,17,14,1,5,1,
64,15,619,349,28,7,1,5,1,
64,16,793,340,13,11,1,5,1,
64,17,825,277,18,12,1,5,1,
64,20,925,180,27,22,1,5,1,
64,22,780,135,15,18,1,5,1,
64,23,767,163,16,20,1,5,1,
65,1,695,246,24,17,1,5,1,
65,2,732,0,58,31,1,5,1,
65,3,486,95,76,20,1,5,1,
65,4,785,284,17,13,1,5,1,
65,5,840,221,21,16,1,5,1,
65,11,679,142,10,15,1,5,1,
65,12,636,183,20,23,1,5,1,
65,13,720,46,30,16,1,5,1,
65,14,750,151,16,14,1,5,1,
65,15,616,349,28,7,1,5,1,
65,16,792,340,13,10,1,5,1,
65,17,824,277,17,12,1,5,1,
65,20,925,181,26,21,1,5,1,
65,22,779,136,15,18,1,5,1,
65,23,767,164,17,20,1,5,1,
66,1,697,246,24,17,1,5,1,
66,2,737,0,57,33,1,5,1,
66,3,493,97,77,18,1,5,1,
66,4,787,283,16,14,1,5,1,
66,5,841,221,20,16,1,5,1,
66,11,678,143,10,15,1,5,1,
66,12,637,184,20,23,1,5,1,
66,13,724,47,29,16,1,5,1,
66,14,753,152,15,14,1,5,1,
66,15,613,348,28,7,1,5,1,
66,16,791,339,14,10,1,5,1,
66,17,823,277,17,12,1,5,1,
66,20,924,182,27,21,1,5,1,
66,22,779,137,14,18,1,5,1,
66,23,768,165,16,20,1,5,1,
67,1,699,246,24,17,1,5,1,
67,2,742,1,56,34,1,5,1,
67,3,500,97,78,18,1,5,1,
67,4,788,283,16,13,1,5,1,
67,5,841,222,20,15,1,5,1,
67,11,678,144,9,15,1,5,1,
67,12,638,185,20,23,1,5,1,
67,13,728,48,27,16,1,5,1,
67,14,755,153,15,14,1,5,1,
67,16,790,338,14,10,1,5,1,
67,17,822,277,17,12,1,5,1,
67,20,924,183,26,21,1,5,1,
67,22,778,138,14,18,1,5,1,
67,23,768,166,16,20,1,5,1,
68,1,702,247,22,16,1,5,1,
68,2,748,3,54,34,1,5,1,
68,3,507,97,78,18,1,5,1,
68,4,789,283,17,13,1,5,1,
68,5,841,222,20,15,1,5,1,
68,11,677,145,9,15,1,5,1,
68,12,639,186,20,22,1,5,1,
68,13,731,50,27,16,1,5,1,
68,14,757,154,14,14,1,5,1,
68,16,789,337,14,11,1,5,1,
68,17,821,277,17,12,1,5,1,
68,20,924,184,26,20,1,5,1,
68,22,777,139,14,18,1,5,1,
68,23,769,167,16,19,1,5,1,
69,1,704,247,22,16,1,5,1,
69,2,753,5,53,34,1,5,1,
69,3,514,96,79,18,1,5,1,
69,4,790,283,17,13,1,5,1,
69,5,841,223,20,15,1,5,1,
69,11,676,146,10,15,1,5,1,
69,12,640,187,19,22,1,5,1,
69,13,735,51,26,16,1,5,1,
69,14,759,155,14,14,1,5,1,
69,16,788,337,14,10,1,5,1,
69,17,819,276,18,13,1,5,1,
69,20,923,185,26,20,1,5,1,
69,22,776,141,15,17,1,5,1,
69,23,769,169,17,18,1,5,1,
70,1,706,247,21,16,1,5,1,
70,2,758,8,52,32,1,5,1,
70,3,522,96,78,18,1,5,1,
70,4,791,283,17,13,1,5,1,
70,5,841,223,20,15,1,5,1,
70,11,676,148,9,14,1,5,1,
70,12,641,188,19,22,1,5,1,
70,13,738,52,25,16,1,5,1,
70,14,761,156,13,14,1,5,1,
70,16,787,336,14,10,1,5,1,
70,17,818,276,18,12,1,5,1,
70,20,923,185,25,20,1,5,1,
70,22,775,142,15,17,1,5,1,
70,23,770,170,17,17,1,5,1,
71,1,708,247,20,17,1,5,1,
71,2,763,9,50,33,1,5,1,
71,3,528,95,80,19,1,5,1,
71,4,793,283,16,12,1,5,1,
71,5,842,224,19,14,1,5,1,
71,11,675,149,9,13,1,5,1,
71,12,642,189,19,21,1,5,1,
71,13,741,54,25,16,1,5,1,
71,14,762,157,13,14,1,5,1,
71,16,786,335,15,10,1,5,1,
71,17,817,276,18,12,1,5,1,
71,20,923,186,25,20,1,5,1,
71,22,774,143,15,17,1,5,1,
71,23,771,170,16,17,1,5,1,
72,1,710,248,20,16,1,5,1,
72,2,768,11,49,33,1,5,1,
72,3,536,95,79,19,1,5,1,
72,4,793,283,16,12,1,5,1,
72,5,843,224,20,15,1,5,1,
72,11,674,150,10,13,1,5,1,
72,12,642,190,19,21,1,5,1,
72,13,745,55,23,16,1,5,1,
72,14,764,158,12,14,1,5,1,
72,16,786,335,14,9,1,5,1,
72,17,816,276,17,12,1,5,1,
72,20,922,187,25,20,1,5,1,
72,22,773,144,15,17,1,5,1,
72,23,771,171,16,17,1,5,1,
73,1,711,248,20,16,1,5,1,
73,2,773,13,47,33,1,5,1,
73,3,543,95,79,19,1,5,1,
73,4,794,283,16,12,1,5,1,
73,5,846,224,18,15,1,5,1,
73,11,673,151,10,13,1,5,1,
73,12,643,191,19,20,1,5,1,
73,13,748,56,22,17,1,5,1,
73,14,765,159,12,13,1,5,1,
73,16,785,334,14,10,1,5,1,
73,17,815,276,17,12,1,5,1,
73,20,922,188,24,19,1,5,1,
73,22,772,145,15,17,1,5,1,
73,23,771,171,17,18,1,5,1,
74,1,713,248,19,16,1,5,1,
74,2,778,15,45,33,1,5,1,
74,3,551,95,79,19,1,5,1,
74,4,795,283,16,12,1,5,1,
74,5,847,225,18,15,1,5,1,
74,11,672,152,11,13,1,5,1,
74,12,642,192,19,20,1,5,1,
74,13,751,58,21,16,1,5,1,
74,14,766,160,12,13,1,5,1,
74,16,784,334,14,9,1,5,1,
74,17,814,276,17,11,1,5,1,
74,20,920,188,26,20,1,5,1,
74,22,772,146,14,17,1,5,1,
74,23,771,172,17,18,1,5,1,
75,1,714,248,21,16,1,5,1,
75,2,782,17,44,33,1,5,1,
75,3,558,95,79,19,1,5,1,
75,4,796,283,16,11,1,5,1,
75,5,848,225,18,15,1,5,1,
75,11,671,153,11,13,1,5,1,
75,12,642,192,19,21,1,5,1,
75,13,754,59,20,17,1,5,1,
75,14,767,161,12,13,1,5,1,
75,16,783,333,14,9,1,5,1,
75,17,813,276,17,11,1,5,1,
75,20,917,189,31,20,1,5,1,
75,22,771,147,14,17,1,5,1,
75,23,772,173,16,17,1,5,1,
76,1,716,249,20,16,1,5,1,
76,2,787,19,42,33,1,5,1,
76,3,565,95,79,19,1,5,1,
76,4,797,282,15,12,1,5,1,
76,5,849,226,18,14,1,5,1,
76,11,670,154,11,13,1,5,1,
76,12,643,193,18,20,1,5,1,
76,13,756,61,20,16,1,5,1,
76,14,767,162,13,13,1,5,1,
76,16,781,332,15,10,1,5,1,
76,17,811,276,17,11,1,5,1,
76,20,913,190,37,20,1,5,1,
76,22,770,148,14,16,1,5,1,
76,23,772,174,16,17,1,5,1,
77,1,719,249,19,16,1,5,1,
77,2,791,21,41,33,1,5,1,
77,3,573,95,78,19,1,5,1,
77,4,797,282,16,12,1,5,1,
77,5,851,226,17,14,1,5,1,
77,11,669,155,11,13,1,5,1,
77,12,643,194,19,20,1,5,1,
77,13,759,62,19,16,1,5,1,
77,14,768,163,12,13,1,5,1,
77,16,780,332,15,9,1,5,1,
77,17,810,276,17,11,1,5,1,
77,20,910,191,41,19,1,5,1,
77,22,768,149,15,16,1,5,1,
77,23,772,174,16,18,1,5,1,
78,1,721,250,18,15,1,5,1,
78,2,796,23,38,33,1,5,1,
78,3,581,95,77,19,1,5,1,
78,4,798,282,15,12,1,5,1,
78,5,852,227,18,14,1,5,1,
78,11,668,156,11,13,1,5,1,
78,12,643,195,19,19,1,5,1,
78,13,762,63,17,17,1,5,1,
78,14,769,163,12,14,1,5,1,
78,16,779,331,15,9,1,5,1,
78,17,809,276,17,11,1,5,1,
78,20,907,192,43,19,1,5,1,
78,22,767,150,15,16,1,5,1,
78,23,772,175,16,17,1,5,1,
79,1,722,250,17,15,1,5,1,
79,2,799,25,38,33,1,5,1,
79,3,588,95,77,19,1,5,1,
79,4,798,282,15,12,1,5,1,
79,5,853,227,18,14,1,5,1,
79,11,667,157,11,13,1,5,1,
79,12,644,196,18,19,1,5,1,
79,13,764,65,17,16,1,5,1,
79,14,769,164,12,14,1,5,1,
79,16,778,331,15,9,1,5,1,
79,17,807,276,18,10,1,5,1,
79,20,904,193,43,19,1,5,1,
79,22,766,151,15,16,1,5,1,
79,23,772,176,15,17,1,5,1,
80,1,722,250,18,15,1,5,1,
80,2,803,27,36,33,1,5,1,
80,3,595,95,76,20,1,5,1,
80,4,799,282,15,11,1,5,1,
80,5,855,227,17,14,1,5,1,
80,11,666,158,11,13,1,5,1,
80,12,644,196,18,20,1,5,1,
80,13,766,66,16,17,1,5,1,
80,14,770,165,11,13,1,5,1,
80,16,776,330,16,9,1,5,1,
80,17,806,275,18,11,1,5,1,
80,20,901,193,43,19,1,5,1,
80,22,765,152,15,16,1,5,1,
80,23,772,177,15,17,1,5,1,
81,1,723,250,17,15,1,5,1,
81,2,805,30,42,30,1,5,1,
81,3,602,95,76,20,1,5,1,
81,4,799,282,15,11,1,5,1,
81,5,856,228,17,14,1,5,1,
81,11,665,159,11,12,1,5,1,
81,12,644,197,18,20,1,5,1,
81,13,768,68,16,16,1,5,1,
81,14,770,166,12,13,1,5,1,
81,16,775,330,15,8,1,5,1,
81,17,805,275,17,11,1,5,1,
81,20,898,194,43,19,1,5,1,
81,22,764,153,15,16,1,5,1,
81,23,772,178,15,16,1,5,1,
82,1,723,250,17,15,1,5,1,
82,2,806,34,49,27,1,5,1,
82,3,610,95,75,20,1,5,1,
82,4,799,282,15,11,1,5,1,
82,5,858,228,16,14,1,5,1,
82,11,664,160,11,12,1,5,1,
82,12,645,197,18,21,1,5,1,
82,13,770,69,15,16,1,5,1,
82,14,770,167,12,13,1,5,1,
82,16,774,329,15,9,1,5,1,
82,17,804,275,17,11,1,5,1,
82,20,895,195,43,18,1,5,1,
82,22,763,154,15,15,1,5,1,
82,23,772,179,15,16,1,5,1,
83,1,723,251,18,14,1,5,1,
83,2,808,36,52,27,1,5,1,
83,3,616,96,76,19,1,5,1,
83,4,799,282,15,11,1,5,1,
83,5,859,228,16,14,1,5,1,
83,11,663,161,11,12,1,5,1,
83,12,648,198,17,20,1,5,1,
83,13,772,71,15,16,1,5,1,
83,14,771,168,11,13,1,5,1,
83,16,772,328,16,9,1,5,1,
83,17,802,275,18,11,1,5,1,
83,20,892,196,43,18,1,5,1,
83,22,762,155,15,15,1,5,1,
83,23,772,180,15,16,1,5,1,
84,1,724,251,17,14,1,5,1,
84,2,812,38,52,26,1,5,1,
84,3,624,96,74,20,1,5,1,
84,4,800,282,14,10,1,5,1,
84,5,860,229,16,13,1,5,1,
84,11,662,162,11,12,1,5,1,
84,12,645,200,25,18,1,5,1,
84,13,774,72,14,16,1,5,1,
84,14,771,169,12,13,1,5,1,
84,16,771,328,15,8,1,5,1,
84,17,801,275,17,11,1,5,1,
84,20,890,197,41,18,1,5,1,
84,22,761,156,15,15,1,5,1,
84,23,772,181,15,15,1,5,1,
85,1,725,251,17,15,1,5,1,
85,2,816,40,52,25,1,5,1,
85,3,631,96,74,20,1,5,1,
85,4,800,282,14,10,1,5,1,
85,5,861,229,16,14,1,5,1,
85,11,661,163,10,12,1,5,1,
85,12,643,201,32,17,1,5,1,
85,13,776,74,14,15,1,5,1,
85,14,771,170,12,12,1,5,1,
85,16,769,327,16,9,1,5,1,
85,17,800,275,17,10,1,5,1,
85,20,887,198,41,17,1,5,1,
85,22,760,157,15,15,1,5,1,
85,23,772,181,15,16,1,5,1,
86,1,725,251,17,15,1,5,1,
86,2,821,41,51,25,1,5,1,
86,3,638,97,74,19,1,5,1,
86,4,800,281,14,11,1,5,1,
86,5,862,229,16,14,1,5,1,
86,11,660,164,10,11,1,5,1,
86,12,642,202,39,16,1,5,1,
86,13,777,75,14,16,1,5,1,
86,14,772,171,11,12,1,5,1,
86,16,768,327,15,8,1,5,1,
86,17,798,275,18,10,1,5,1,
86,20,884,199,41,17,1,5,1,
86,22,759,158,15,14,1,5,1,
86,23,772,182,14,16,1,5,1,
87,1,726,251,16,15,1,5,1,
87,2,826,42,49,25,1,5,1,
87,3,645,97,74,19,1,5,1,
87,4,800,281,14,11,1,5,1,
87,5,862,229,16,14,1,5,1,
87,11,659,165,10,11,1,5,1,
87,12,642,203,45,15,1,5,1,
87,13,779,76,14,16,1,5,1,
87,14,772,172,11,12,1,5,1,
87,16,767,326,14,8,1,5,1,
87,17,797,275,17,10,1,5,1,
87,20,881,199,41,17,1,5,1,
87,22,758,159,15,14,1,5,1,
87,23,772,183,14,15,1,5,1,
88,1,725,251,17,14,1,5,1,
88,2,831,43,49,25,1,5,1,
88,3,652,97,74,19,1,5,1,
88,4,801,281,14,11,1,5,1,
88,5,863,230,16,13,1,5,1,
88,11,658,166,10,11,1,5,1,
88,12,644,203,47,15,1,5,1,
88,13,781,78,13,15,1,5,1,
88,14,772,173,11,12,1,5,1,
88,16,766,326,13,8,1,5,1,
88,17,796,275,17,10,1,5,1,
88,20,878,200,41,17,1,5,1,
88,22,757,160,14,14,1,5,1,
88,23,772,184,14,15,1,5,1,
89,1,725,251,17,14,1,5,1,
89,2,835,45,49,24,1,5,1,
89,3,659,97,73,20,1,5,1,
89,4,801,281,14,11,1,5,1,
89,5,863,230,16,13,1,5,1,
89,11,657,167,10,11,1,5,1,
89,12,648,204,45,14,1,5,1,
89,13,782,79,13,15,1,5,1,
89,14,772,174,11,11,1,5,1,
89,16,766,326,12,7,1,5,1,
89,17,794,275,18,10,1,5,1,
89,20,876,201,40,16,1,5,1,
89,22,755,161,15,14,1,5,1,
89,23,771,185,15,15,1,5,1,
90,1,725,251,17,14,1,5,1,
90,2,840,46,48,24,1,5,1,
90,3,666,98,72,19,1,5,1,
90,4,801,281,14,10,1,5,1,
90,5,862,230,17,13,1,5,1,
90,11,655,168,11,10,1,5,1,
90,12,653,204,41,15,1,5,1,
90,13,785,80,10,16,1,5,1,
90,14,772,174,11,12,1,5,1,
90,16,765,325,12,8,1,5,1,
90,17,793,275,17,10,1,5,1,
90,20,873,202,40,16,1,5,1,
90,23,771,185,14,15,1,5,1,
91,1,726,252,17,13,1,5,1,
91,2,844,47,46,24,1,5,1,
91,3,672,98,75,19,1,5,1,
91,4,801,281,14,10,1,5,1,
91,5,861,230,18,13,1,5,1,
91,12,658,205,37,15,1,5,1,
91,13,785,81,10,17,1,5,1,
91,14,772,175,11,12,1,5,1,
91,16,764,325,12,7,1,5,1,
91,17,791,275,19,9,1,5,1,
91,20,870,202,40,16,1,5,1,
91,23,770,186,14,15,1,5,1,
92,1,726,252,17,13,1,5,1,
92,2,849,48,44,25,1,5,1,
92,3,678,99,78,18,1,5,1,
92,4,801,281,13,10,1,5,1,
92,5,861,230,18,12,1,5,1,
92,12,663,205,33,15,1,5,1,
92,13,784,82,10,18,1,5,1,
92,14,772,176,11,12,1,5,1,
92,16,762,324,13,8,1,5,1,
92,17,789,275,20,9,1,5,1,
92,20,867,203,40,16,1,5,1,
92,23,770,187,14,14,1,5,1,
93,1,726,252,17,13,1,5,1,
93,2,853,49,43,25,1,5,1,
93,3,683,98,83,18,1,5,1,
93,4,801,281,13,10,1,5,1,
93,5,860,230,18,13,1,5,1,
93,12,667,206,30,14,1,5,1,
93,13,783,84,10,17,1,5,1,
93,14,772,177,10,11,1,5,1,
93,16,761,324,13,7,1,5,1,
93,17,787,275,21,9,1,5,1,
93,20,864,204,41,15,1,5,1,
93,23,769,187,14,15,1,5,1,
94,1,727,252,16,13,1,5,1,
94,2,857,50,43,25,1,5,1,
94,3,690,96,86,18,1,5,1,
94,4,801,281,13,10,1,5,1,
94,5,859,231,18,13,1,5,1,
94,12,671,206,28,15,1,5,1,
94,13,783,86,10,17,1,5,1,
94,14,771,177,11,12,1,5,1,
94,16,760,323,13,8,1,5,1,
94,17,785,275,22,9,1,5,1,
94,20,861,204,40,16,1,5,1,
94,23,768,188,14,15,1,5,1,
95,1,727,252,16,13,1,5,1,
95,2,861,52,42,24,1,5,1,
95,3,697,95,87,19,1,5,1,
95,4,800,281,13,9,1,5,1,
95,5,858,231,18,13,1,5,1,
95,12,674,206,26,15,1,5,1,
95,13,782,87,10,17,1,5,1,
95,14,771,178,10,12,1,5,1,
95,16,759,323,13,7,1,5,1,
95,17,783,275,22,9,1,5,1,
95,20,858,205,40,15,1,5,1,
95,23,767,189,14,14,1,5,1,
96,1,727,252,17,13,1,5,1,
96,2,865,53,41,24,1,5,1,
96,3,704,95,87,18,1,5,1,
96,4,800,280,13,10,1,5,1,
96,5,858,231,17,14,1,5,1,
96,12,677,207,25,14,1,5,1,
96,13,781,89,10,17,1,5,1,
96,14,770,179,11,11,1,5,1,
96,16,757,322,14,8,1,5,1,
96,17,781,275,22,9,1,5,1,
96,20,856,206,39,15,1,5,1,
96,23,767,190,13,14,1,5,1,
97,1,728,253,16,12,1,5,1,
97,2,869,54,40,24,1,5,1,
97,3,712,94,87,19,1,5,1,
97,4,799,280,13,10,1,5,1,
97,5,858,232,17,13,1,5,1,
97,12,680,207,23,15,1,5,1,
97,13,781,91,9,16,1,5,1,
97,14,770,180,10,11,1,5,1,
97,16,756,322,14,7,1,5,1,
97,17,779,275,22,9,1,5,1,
97,20,853,206,39,15,1,5,1,
97,23,766,190,14,14,1,5,1,
98,1,728,253,16,12,1,5,1,
98,2,872,56,44,23,1,5,1,
98,3,720,94,88,18,1,5,1,
98,4,799,280,13,10,1,5,1,
98,5,858,232,17,13,1,5,1,
98,12,683,208,20,14,1,5,1,
98,13,780,92,10,17,1,5,1,
98,14,769,181,11,11,1,5,1,
98,16,755,321,14,8,1,5,1,
98,17,777,275,22,9,1,5,1,
98,20,851,207,38,15,1,5,1,
98,23,765,191,14,14,1,5,1,
99,1,728,253,16,13,1,5,1,
99,2,874,57,46,22,1,5,1,
99,3,728,93,88,19,1,5,1,
99,4,798,280,13,10,1,5,1,
99,5,858,232,17,13,1,5,1,
99,12,686,208,17,14,1,5,1,
99,13,779,94,10,16,1,5,1,
99,14,769,181,10,11,1,5,1,
99,16,753,321,14,7,1,5,1,
99,17,775,275,22,9,1,5,1,
99,20,848,208,38,14,1,5,1,
99,23,764,192,14,14,1,5,1,
100,1,728,253,15,13,1,5,1,
100,2,878,58,45,22,1,5,1,
100,3,736,93,88,18,1,5,1,
100,4,798,280,12,10,1,5,1,
100,5,858,233,16,13,1,5,1,
100,12,687,208,16,15,1,5,1,
100,13,779,95,9,16,1,5,1,
100,14,768,182,10,11,1,5,1,
100,16,752,321,14,7,1,5,1,
100,17,773,275,22,9,1,5,1,
100,20,846,208,37,15,1,5,1,
100,23,763,192,15,14,1,5,1,
101,1,728,253,15,13,1,5,1,
101,2,882,59,44,22,1,5,1,
101,3,744,92,87,19,1,5,1,
101,4,797,280,13,9,1,5,1,
101,5,857,233,17,13,1,5,1,
101,12,687,209,15,15,1,5,1,
101,13,778,97,9,16,1,5,1,
101,14,767,183,11,11,1,5,1,
101,16,750,320,15,7,1,5,1,
101,17,772,275,22,8,1,5,1,
101,20,843,209,37,14,1,5,1,
101,23,762,193,15,14,1,5,1,
102,1,727,253,16,13,1,5,1,
102,2,888,60,41,22,1,5,1,
102,3,754,92,85,19,1,5,1,
102,4,796,280,13,9,1,5,1,
102,5,857,233,17,13,1,5,1,
102,12,687,209,15,16,1,5,1,
102,13,777,99,10,15,1,5,1,
102,14,765,184,13,10,1,5,1,
102,16,748,320,15,7,1,5,1,
102,17,769,275,22,8,1,5,1,
102,20,841,210,35,13,1,5,1,
102,23,761,194,15,13,1,5,1,
103,1,727,254,15,12,1,5,1,
103,2,893,61,39,22,1,5,1,
103,3,762,92,85,19,1,5,1,
103,4,796,280,12,9,1,5,1,
103,5,857,234,16,12,1,5,1,
103,12,687,209,16,16,1,5,1,
103,13,776,100,10,15,1,5,1,
103,14,763,184,15,11,1,5,1,
103,16,746,319,16,7,1,5,1,
103,17,767,275,23,8,1,5,1,
103,20,838,210,36,14,1,5,1,
103,23,760,195,15,13,1,5,1,
104,1,727,254,15,12,1,5,1,
104,2,897,62,38,22,1,5,1,
104,3,770,92,85,19,1,5,1,
104,4,795,280,13,9,1,5,1,
104,5,856,234,16,12,1,5,1,
104,12,687,210,16,15,1,5,1,
104,13,775,102,10,15,1,5,1,
104,14,759,185,19,11,1,5,1,
104,16,745,319,15,7,1,5,1,
104,17,765,275,23,8,1,5,1,
104,20,836,211,35,13,1,5,1,
104,23,759,195,15,13,1,5,1,
105,1,726,254,16,12,1,5,1,
105,2,900,63,37,23,1,5,1,
105,3,777,91,85,19,1,5,1,
105,4,794,280,13,9,1,5,1,
105,5,856,234,16,13,1,5,1,
105,12,687,210,16,16,1,5,1,
105,13,774,103,10,15,1,5,1,
105,14,757,186,20,10,1,5,1,
105,16,743,318,16,7,1,5,1,
105,20,833,211,35,14,1,5,1,
105,23,758,196,15,13,1,5,1,
106,1,726,254,15,12,1,5,1,
106,2,904,64,36,23,1,5,1,
106,3,784,91,86,19,1,5,1,
106,4,793,280,13,9,1,5,1,
106,5,855,234,16,13,1,5,1,
106,12,687,211,16,15,1,5,1,
106,13,773,104,11,15,1,5,1,
106,14,754,187,21,10,1,5,1,
106,16,741,318,17,7,1,5,1,
106,20,831,212,35,13,1,5,1,
106,23,756,196,16,13,1,5,1,
107,1,726,254,14,12,1,5,1,
107,2,908,65,31,24,1,5,1,
107,3,791,91,85,19,1,5,1,
107,4,792,280,14,9,1,5,1,
107,5,854,235,16,12,1,5,1,
107,12,687,212,16,15,1,5,1,
107,13,771,106,12,15,1,5,1,
107,14,752,187,22,11,1,5,1,
107,16,739,318,17,7,1,5,1,
107,20,828,212,35,13,1,5,1,
107,23,755,197,16,13,1,5,1,
108,1,725,254,15,12,1,5,1,
108,2,914,65,25,26,1,5,1,
108,3,800,91,82,20,1,5,1,
108,4,791,280,14,8,1,5,1,
108,5,854,235,15,12,1,5,1,
108,12,687,212,16,15,1,5,1,
108,13,770,107,12,15,1,5,1,
108,14,750,188,21,10,1,5,1,
108,16,738,317,17,7,1,5,1,
108,20,826,213,34,13,1,5,1,
108,23,754,198,16,12,1,5,1,
109,1,725,255,14,11,1,5,1,
109,2,916,66,22,27,1,5,1,
109,3,807,91,81,20,1,5,1,
109,4,790,279,14,9,1,5,1,
109,5,853,235,16,12,1,5,1,
109,12,687,213,15,14,1,5,1,
109,13,769,108,12,15,1,5,1,
109,14,748,189,21,10,1,5,1,
109,16,736,317,17,7,1,5,1,
109,20,824,213,34,13,1,5,1,
109,23,753,198,16,13,1,5,1,
110,1,724,255,15,11,1,5,1,
110,2,915,66,22,30,1,5,1,
110,3,816,91,78,20,1,5,1,
110,4,789,279,14,9,1,5,1,
110,5,852,235,16,12,1,5,1,
110,12,687,213,15,15,1,5,1,
110,13,767,110,13,14,1,5,1,
110,14,745,189,21,11,1,5,1,
110,16,734,317,17,6,1,5,1,
110,20,822,214,33,13,1,5,1,
110,23,751,199,17,12,1,5,1,
111,1,724,255,14,11,1,5,1,
111,2,914,68,22,29,1,5,1,
111,3,823,92,77,20,1,5,1,
111,4,788,279,14,9,1,5,1,
111,5,851,236,16,12,1,5,1,
111,12,687,214,15,14,1,5,1,
111,13,766,111,13,15,1,5,1,
111,14,743,190,21,10,1,5,1,
111,16,732,316,18,7,1,5,1,
111,20,820,214,32,13,1,5,1,
111,23,750,200,17,12,1,5,1,
112,1,723,255,14,11,1,5,1,
112,2,913,69,21,30,1,5,1,
112,3,831,92,75,20,1,5,1,
112,4,787,279,14,9,1,5,1,
112,5,850,236,17,12,1,5,1,
112,12,687,214,14,14,1,5,1,
112,13,764,113,13,14,1,5,1,
112,14,741,191,21,10,1,5,1,
112,20,817,215,33,12,1,5,1,
112,23,748,200,18,12,1,5,1,
113,1,723,255,14,11,1,5,1,
113,2,912,71,21,30,1,5,1,
113,3,837,92,75,20,1,5,1,
113,4,785,279,15,9,1,5,1,
113,5,849,236,17,12,1,5,1,
113,12,686,214,15,15,1,5,1,
113,13,763,114,13,14,1,5,1,
113,14,739,192,21,9,1,5,1,
113,20,815,215,33,13,1,5,1,
113,23,747,201,18,12,1,5,1,
114,1,722,255,14,11,1,5,1,
114,2,911,73,21,29,1,5,1,
114,3,844,93,74,20,1,5,1,
114,4,784,279,15,9,1,5,1,
114,5,848,236,18,12,1,5,1,
114,12,686,215,14,14,1,5,1,
114,13,761,115,13,14,1,5,1,
114,14,737,192,20,10,1,5,1,
114,20,811,216,35,12,1,5,1,
114,23,745,201,18,12,1,5,1,
115,1,721,255,15,11,1,5,1,
115,2,910,75,21,29,1,5,1,
115,3,851,93,72,20,1,5,1,
115,4,783,279,15,8,1,5,1,
115,5,847,237,18,11,1,5,1,
115,12,685,215,14,14,1,5,1,
115,13,759,116,14,14,1,5,1,
115,14,735,193,20,9,1,5,1,
115,20,809,216,35,12,1,5,1,
115,23,743,202,19,12,1,5,1,
116,1,721,255,14,11,1,5,1,
116,2,909,77,21,29,1,5,1,
116,3,858,94,71,19,1,5,1,
116,4,782,279,15,8,1,5,1,
116,5,846,237,18,11,1,5,1,
116,12,685,216,14,14,1,5,1,
116,13,758,118,14,13,1,5,1,
116,14,732,194,21,9,1,5,1,
116,20,806,217,35,12,1,5,1,
116,23,742,202,19,12,1,5,1,
117,1,720,256,15,10,1,5,1,
117,2,908,79,21,28,1,5,1,
117,3,865,94,69,20,1,5,1,
117,4,780,279,16,8,1,5,1,
117,5,845,237,18,12,1,5,1,
117,12,684,216,14,14,1,5,1,
117,13,756,119,14,13,1,5,1,
117,14,730,194,21,9,1,5,1,
117,15,499,350,25,7,1,5,1,
117,20,804,217,35,12,1,5,1,
118,1,719,256,15,10,1,5,1,
118,2,907,81,21,28,1,5,1,
118,3,872,95,67,19,1,5,1,
118,4,779,279,15,8,1,5,1,
118,12,683,217,14,13,1,5,1,
118,13,754,120,15,14,1,5,1,
118,14,728,195,20,9,1,5,1,
118,15,501,350,27,8,1,5,1,
118,20,801,218,35,11,1,5,1,
119,1,719,256,15,10,1,5,1,
119,2,905,82,22,29,1,5,1,
119,3,877,95,67,20,1,5,1,
119,4,778,279,15,8,1,5,1,
119,12,683,217,14,14,1,5,1,
119,13,753,121,14,14,1,5,1,
119,15,503,350,28,8,1,5,1,
119,20,799,218,35,12,1,5,1,
119,21,484,211,20,7,1,5,1,
120,1,718,256,15,10,1,5,1,
120,2,904,84,22,28,1,5,1,
120,3,884,96,65,20,1,5,1,
120,4,776,279,16,8,1,5,1,
120,12,682,218,15,13,1,5,1,
120,13,751,123,15,13,1,5,1,
120,15,505,351,29,8,1,5,1,
120,20,797,219,34,11,1,5,1,
120,21,485,210,22,8,1,5,1,
121,1,717,256,15,11,1,5,1,
121,2,902,86,23,28,1,5,1,
121,3,889,96,64,20,1,5,1,
121,4,775,279,16,8,1,5,1,
121,12,681,218,15,13,1,5,1,
121,13,750,124,14,13,1,5,1,
121,15,507,351,31,8,1,5,1,
121,21,487,210,23,7,1,5,1,
122,1,716,256,16,11,1,5,1,
122,2,901,88,23,27,1,5,1,
122,3,895,97,63,20,1,5,1,
122,4,774,279,16,8,1,5,1,
122,12,680,219,16,13,1,5,1,
122,13,748,125,15,13,1,5,1,
122,15,509,352,33,8,1,5,1,
122,21,488,209,25,8,1,5,1,
123,1,716,256,15,11,1,5,1,
123,2,899,89,24,28,1,5,1,
123,3,900,97,59,20,1,5,1,
123,4,772,279,16,7,1,5,1,
123,12,680,219,15,13,1,5,1,
123,15,511,352,34,8,1,5,1,
123,21,490,209,26,8,1,5,1,
124,1,715,256,15,11,1,5,1,
124,2,897,91,25,27,1,5,1,
124,3,906,98,54,20,1,5,1,
124,4,771,279,16,7,1,5,1,
124,12,679,219,16,13,1,5,1,
124,15,514,353,35,7,1,5,1,
124,21,491,209,28,7,1,5,1,
125,1,714,257,16,10,1,5,1,
125,2,896,92,25,28,1,5,1,
125,3,910,99,50,20,1,5,1,
125,4,770,279,16,7,1,5,1,
125,15,516,353,37,8,1,5,1,
125,21,493,208,29,8,1,5,1,
126,1,713,257,16,10,1,5,1,
126,2,894,94,26,27,1,5,1,
126,3,915,99,45,21,1,5,1,
126,4,768,278,17,8,1,5,1,
126,15,518,353,39,8,1,5,1,
126,21,494,208,31,8,1,5,1,
127,2,892,96,26,27,1,5,1,
127,3,919,100,41,20,1,5,1,
127,4,767,278,17,8,1,5,1,
127,15,521,354,40,8,1,5,1,
127,21,496,208,33,7,1,5,1,
128,2,890,97,27,27,1,5,1,
128,3,923,100,37,21,1,5,1,
128,4,765,278,18,8,1,5,1,
128,15,523,354,42,8,1,5,1,
128,21,498,207,34,8,1,5,1,
129,2,888,98,28,27,1,5,1,
129,3,927,101,33,17,1,5,1,
129,4,764,278,18,8,1,5,1,
129,15,526,354,43,8,1,5,1,
129,21,500,207,36,8,1,5,1,
130,2,886,100,29,27,1,5,1,
130,3,932,102,28,13,1,5,1,
130,4,762,278,18,8,1,5,1,
130,15,529,355,45,7,1,5,1,
130,21,502,207,37,7,1,5,1,
131,2,884,101,29,27,1,5,1,
131,3,936,102,24,14,1,5,1,
131,4,760,278,19,8,1,5,1,
131,15,532,355,46,8,1,5,1,
131,21,504,206,39,8,1,5,1,
132,2,882,103,30,27,1,5,1,
132,3,940,103,20,14,1,5,1,
132,15,535,355,47,8,1,5,1,
132,21,506,206,41,8,1,5,1,
133,2,880,104,30,27,1,5,1,
133,15,538,355,48,8,1,5,1,
133,21,509,206,42,8,1,5,1,
134,2,878,105,31,27,1,5,1,
134,15,541,355,50,8,1,5,1,
134,21,511,205,44,8,1,5,1,
135,2,875,106,32,27,1,5,1,
135,15,543,356,52,8,1,5,1,
135,21,513,205,46,8,1,5,1,
136,2,873,108,33,27,1,5,1,
136,15,546,356,53,8,1,5,1,
136,21,515,205,48,8,1,5,1,
137,2,870,109,34,27,1,5,1,
137,15,550,356,53,8,1,5,1,
137,21,518,205,49,8,1,5,1,
138,2,868,110,35,27,1,5,1,
138,15,553,356,55,8,1,5,1,
138,21,520,204,51,8,1,5,1,
139,2,866,112,35,26,1,5,1,
139,15,556,356,56,8,1,5,1,
139,21,523,204,52,8,1,5,1,
140,2,863,113,36,27,1,5,1,
140,15,559,356,57,8,1,5,1,
140,21,526,204,53,8,1,5,1,
141,2,860,115,37,26,1,5,1,
141,15,563,356,57,8,1,5,1,
141,21,529,204,54,8,1,5,1,
142,2,858,116,37,26,1,5,1,
142,15,567,356,58,8,1,5,1,
142,21,532,204,55,8,1,5,1,
143,2,855,117,38,26,1,5,1,
143,15,571,356,58,8,1,5,1,
143,21,536,203,55,9,1,5,1,
144,2,853,119,38,25,1,5,1,
144,15,575,356,58,8,1,5,1,
144,21,539,203,56,8,1,5,1,
145,2,854,120,35,25,1,5,1,
145,15,580,356,57,8,1,5,1,
145,21,543,203,57,8,1,5,1,
146,2,853,123,31,23,1,5,1,
146,15,587,356,54,8,1,5,1,
146,21,550,203,54,8,1,5,1,
147,2,852,124,30,23,1,5,1,
147,15,591,356,54,8,1,5,1,
147,21,553,203,55,8,1,5,1,
148,2,853,126,25,22,1,5,1,
148,15,596,356,53,8,1,5,1,
148,21,558,203,54,8,1,5,1,
149,2,853,128,21,20,1,5,1,
149,15,600,356,52,8,1,5,1,
149,21,562,202,54,9,1,5,1,
150,2,853,129,19,20,1,5,1,
150,15,604,356,52,8,1,5,1,
150,21,565,202,55,9,1,5,1,
