1,1,683,62,169,45,1,5,1,
1,2,749,349,19,12,1,5,1,
1,3,0,487,161,37,1,5,1,
1,4,508,322,46,16,1,5,1,
1,5,458,347,157,37,1,5,1,
1,6,318,69,47,22,1,5,1,
1,7,176,158,55,13,1,5,1,
1,8,563,222,110,23,1,5,1,
1,9,143,465,71,34,1,5,1,
1,10,400,389,37,64,1,5,1,
2,1,691,63,167,46,1,5,1,
2,2,748,348,19,12,1,5,1,
2,3,2,488,170,37,1,5,1,
2,4,508,321,51,16,1,5,1,
2,5,450,345,157,38,1,5,1,
2,6,317,70,44,24,1,5,1,
2,7,180,158,54,12,1,5,1,
2,8,567,222,116,23,1,5,1,
2,9,144,462,78,37,1,5,1,
2,10,400,391,47,66,1,5,1,
3,1,706,64,154,47,1,5,1,
3,2,746,348,19,11,1,5,1,
3,3,21,489,160,37,1,5,1,
3,4,509,320,55,17,1,5,1,
3,5,445,342,149,39,1,5,1,
3,6,317,70,39,27,1,5,1,
3,7,185,158,51,12,1,5,1,
3,8,574,221,120,24,1,5,1,
3,9,145,460,84,38,1,5,1,
3,10,398,394,62,66,1,5,1,
4,1,724,65,137,49,1,5,1,
4,2,743,347,21,11,1,5,1,
4,3,42,490,146,39,1,5,1,
4,4,511,319,59,17,1,5,1,
4,5,441,339,136,40,1,5,1,
4,6,317,70,32,30,1,5,1,
4,7,192,157,46,13,1,5,1,
4,8,582,221,121,24,1,5,1,
4,9,147,457,89,38,1,5,1,
4,10,395,397,80,67,1,5,1,
5,1,740,65,128,51,1,5,1,
5,2,741,347,22,11,1,5,1,
5,3,60,493,133,40,1,5,1,
5,4,514,319,61,16,1,5,1,
5,5,439,336,122,41,1,5,1,
5,6,316,71,28,32,1,5,1,
5,7,198,155,41,15,1,5,1,
5,8,590,221,122,24,1,5,1,
5,9,151,455,93,38,1,5,1,
5,10,392,401,98,65,1,5,1,
6,1,756,66,119,52,1,5,1,
6,2,738,346,24,11,1,5,1,
6,3,79,492,127,46,1,5,1,
6,4,518,319,63,15,1,5,1,
6,5,439,333,103,42,1,5,1,
6,6,315,72,23,35,1,5,1,
6,7,204,154,35,15,1,5,1,
6,8,600,221,119,25,1,5,1,
6,9,156,454,94,36,1,5,1,
6,10,391,405,115,63,1,5,1,
7,1,767,68,126,52,1,5,1,
7,2,735,345,26,11,1,5,1,
7,3,92,492,130,48,1,5,1,
7,4,521,320,65,14,1,5,1,
7,5,441,329,86,45,1,5,1,
7,6,316,73,17,37,1,5,1,
7,7,209,153,32,15,1,5,1,
7,8,610,221,115,25,1,5,1,
7,9,161,452,96,35,1,5,1,
7,10,390,408,132,60,1,5,1,
8,1,775,72,136,48,1,5,1,
8,2,732,344,28,11,1,5,1,
8,3,103,495,133,48,1,5,1,
8,4,526,319,65,15,1,5,1,
8,5,439,326,70,46,1,5,1,
8,6,317,76,15,37,1,5,1,
8,7,212,153,35,14,1,5,1,
8,8,622,222,107,25,1,5,1,
8,9,168,450,95,34,1,5,1,
8,10,392,413,146,56,1,5,1,
9,1,781,76,139,45,1,5,1,
9,2,731,344,27,10,1,5,1,
9,3,112,498,138,45,1,5,1,
9,4,532,319,63,14,1,5,1,
9,5,439,323,56,47,1,5,1,
9,6,319,78,14,38,1,5,1,
9,7,214,152,39,14,1,5,1,
9,8,635,223,97,25,1,5,1,
9,9,175,449,93,31,1,5,1,
9,10,395,418,158,53,1,5,1,
10,1,789,79,139,43,1,5,1,
10,2,732,343,23,10,1,5,1,
10,3,122,500,144,43,1,5,1,
10,4,538,318,59,15,1,5,1,
10,5,440,321,42,45,1,5,1,
10,6,321,81,16,38,1,5,1,
10,7,215,152,44,13,1,5,1,
10,8,647,224,87,24,1,5,1,
10,9,182,448,92,29,1,5,1,
10,10,400,422,167,50,1,5,1,
11,1,800,80,135,43,1,5,1,
11,2,731,342,20,11,1,5,1,
11,3,131,504,152,39,1,5,1,
11,4,545,317,54,15,1,5,1,
11,5,443,318,29,45,1,5,1,
11,6,319,83,23,39,1,5,1,
11,7,217,151,48,14,1,5,1,
11,8,659,225,75,24,1,5,1,
11,9,189,448,89,26,1,5,1,
11,10,407,426,173,47,1,5,1,
12,1,813,82,129,42,1,5,1,
12,2,730,341,17,11,1,5,1,
12,3,142,508,158,35,1,5,1,
12,4,553,317,47,15,1,5,1,
12,5,447,316,28,42,1,5,1,
12,6,318,87,29,37,1,5,1,
12,7,219,151,52,13,1,5,1,
12,8,672,225,63,24,1,5,1,
12,9,197,447,85,23,1,5,1,
12,10,417,431,175,42,1,5,1,
13,1,825,83,123,43,1,5,1,
13,2,731,341,13,10,1,5,1,
13,3,152,511,165,32,1,5,1,
13,4,559,317,43,14,1,5,1,
13,5,452,315,27,39,1,5,1,
13,6,318,90,34,36,1,5,1,
13,7,222,151,55,13,1,5,1,
13,8,682,225,61,24,1,5,1,
13,9,203,447,83,21,1,5,1,
13,10,426,432,176,40,1,5,1,
14,1,838,84,121,43,1,5,1,
14,2,731,340,11,10,1,5,1,
14,3,165,515,169,28,1,5,1,
14,4,566,316,39,14,1,5,1,
14,5,449,313,38,36,1,5,1,
14,6,318,94,39,34,1,5,1,
14,7,226,150,56,14,1,5,1,
14,8,688,226,65,23,1,5,1,
14,9,211,447,78,18,1,5,1,
14,10,440,431,170,38,1,5,1,
15,1,848,85,112,43,1,5,1,
15,2,732,339,10,10,1,5,1,
15,3,177,517,174,26,1,5,1,
15,4,571,316,36,14,1,5,1,
15,5,446,312,50,33,1,5,1,
15,6,319,97,44,33,1,5,1,
15,7,230,150,58,13,1,5,1,
15,8,691,226,72,23,1,5,1,
15,9,218,447,73,18,1,5,1,
15,10,453,428,166,39,1,5,1,
16,1,857,87,103,42,1,5,1,
16,2,733,339,10,9,1,5,1,
16,3,191,518,177,25,1,5,1,
16,4,575,316,34,13,1,5,1,
16,5,444,311,62,30,1,5,1,
16,6,321,100,48,32,1,5,1,
16,7,235,150,58,13,1,5,1,
16,8,692,226,82,23,1,5,1,
16,9,226,448,66,18,1,5,1,
16,10,468,427,162,38,1,5,1,
17,1,866,89,94,41,1,5,1,
17,2,733,338,10,10,1,5,1,
17,3,206,519,179,24,1,5,1,
17,4,579,315,32,14,1,5,1,
17,5,444,310,72,28,1,5,1,
17,6,324,104,50,29,1,5,1,
17,7,240,149,58,14,1,5,1,
17,8,694,227,91,23,1,5,1,
17,9,233,448,59,18,1,5,1,
17,10,482,426,159,38,1,5,1,
18,1,875,91,85,39,1,5,1,
18,2,734,337,10,10,1,5,1,
18,3,222,520,181,23,1,5,1,
18,4,582,315,30,13,1,5,1,
18,5,445,309,81,27,1,5,1,
18,6,327,107,53,27,1,5,1,
18,7,246,149,58,13,1,5,1,
18,8,697,227,100,23,1,5,1,
18,9,240,449,52,19,1,5,1,
18,10,495,425,157,37,1,5,1,
19,1,883,92,77,39,1,5,1,
19,2,734,337,10,9,1,5,1,
19,3,238,521,180,22,1,5,1,
19,4,586,314,27,14,1,5,1,
19,5,447,308,90,26,1,5,1,
19,6,331,110,55,24,1,5,1,
19,7,251,149,58,13,1,5,1,
19,8,701,227,105,23,1,5,1,
19,9,246,449,44,20,1,5,1,
19,10,507,424,157,37,1,5,1,
20,1,892,93,68,32,1,5,1,
20,2,735,336,10,9,1,5,1,
20,3,254,522,177,21,1,5,1,
20,4,589,314,25,13,1,5,1,
20,5,451,307,97,25,1,5,1,
20,6,335,114,57,21,1,5,1,
20,7,256,148,58,14,1,5,1,
20,8,707,227,107,23,1,5,1,
20,9,253,448,35,25,1,5,1,
20,10,519,423,156,37,1,5,1,
21,1,902,94,58,27,1,5,1,
21,2,735,336,10,9,1,5,1,
21,3,270,524,176,20,1,5,1,
21,4,592,314,24,13,1,5,1,
21,5,457,307,102,24,1,5,1,
21,6,339,117,58,19,1,5,1,
21,7,262,148,57,13,1,5,1,
21,8,715,227,108,23,1,5,1,
21,9,258,447,31,30,1,5,1,
21,10,530,422,157,37,1,5,1,
22,1,913,97,47,18,1,5,1,
22,2,735,335,10,9,1,5,1,
22,3,287,525,174,19,1,5,1,
22,4,595,313,22,13,1,5,1,
22,5,463,306,107,24,1,5,1,
22,6,344,119,59,17,1,5,1,
22,7,267,147,57,14,1,5,1,
22,8,723,227,108,23,1,5,1,
22,9,264,446,25,35,1,5,1,
22,10,542,422,157,36,1,5,1,
23,2,735,334,10,10,1,5,1,
23,3,304,527,174,17,1,5,1,
23,4,598,313,20,13,1,5,1,
23,5,470,306,111,23,1,5,1,
23,6,350,122,58,14,1,5,1,
23,7,272,147,56,13,1,5,1,
23,8,732,227,107,23,1,5,1,
23,9,268,446,21,37,1,5,1,
23,10,554,421,157,37,1,5,1,
24,2,735,334,10,9,1,5,1,
24,3,319,528,177,16,1,5,1,
24,4,600,313,19,12,1,5,1,
24,5,478,305,114,24,1,5,1,
24,6,355,124,58,12,1,5,1,
24,7,277,146,56,14,1,5,1,
24,8,741,227,106,23,1,5,1,
24,9,269,447,21,39,1,5,1,
24,10,564,420,159,37,1,5,1,
25,2,735,333,10,9,1,5,1,
25,3,334,528,180,16,1,5,1,
25,4,602,312,17,13,1,5,1,
25,5,485,305,118,24,1,5,1,
25,6,360,124,58,11,1,5,1,
25,7,282,146,56,14,1,5,1,
25,8,748,227,106,23,1,5,1,
25,9,269,448,21,41,1,5,1,
25,10,574,420,161,36,1,5,1,
26,2,735,333,10,9,1,5,1,
26,3,351,530,182,14,1,5,1,
26,4,604,312,16,12,1,5,1,
26,5,494,305,120,24,1,5,1,
26,6,366,123,56,12,1,5,1,
26,7,287,145,55,14,1,5,1,
26,8,757,228,105,22,1,5,1,
26,9,270,450,21,42,1,5,1,
26,10,585,419,162,37,1,5,1,
27,2,735,332,10,9,1,5,1,
27,3,366,531,186,13,1,5,1,
27,4,606,312,14,12,1,5,1,
27,5,502,305,123,25,1,5,1,
27,6,372,122,53,12,1,5,1,
27,7,292,144,55,14,1,5,1,
27,8,765,228,104,22,1,5,1,
27,9,270,452,22,42,1,5,1,
27,10,595,419,164,37,1,5,1,
28,2,735,332,9,8,1,5,1,
28,4,608,311,13,12,1,5,1,
28,5,512,306,124,25,1,5,1,
28,6,378,121,51,12,1,5,1,
28,7,297,143,54,15,1,5,1,
28,8,775,228,102,22,1,5,1,
28,9,270,454,23,43,1,5,1,
28,10,607,419,163,37,1,5,1,
29,2,735,331,9,9,1,5,1,
29,4,609,311,12,12,1,5,1,
29,5,520,307,127,24,1,5,1,
29,6,383,119,48,13,1,5,1,
29,7,301,142,54,15,1,5,1,
29,8,782,228,102,23,1,5,1,
29,9,271,456,23,44,1,5,1,
29,10,617,419,165,36,1,5,1,
30,2,734,331,10,8,1,5,1,
30,4,609,311,12,11,1,5,1,
30,5,529,307,129,25,1,5,1,
30,6,388,117,45,14,1,5,1,
30,7,306,141,54,16,1,5,1,
30,8,790,228,100,23,1,5,1,
30,9,271,458,24,45,1,5,1,
30,10,628,419,165,36,1,5,1,
31,2,734,330,9,9,1,5,1,
31,4,609,310,12,12,1,5,1,
31,5,539,308,130,24,1,5,1,
31,6,394,116,40,15,1,5,1,
31,7,311,140,53,16,1,5,1,
31,8,798,228,99,23,1,5,1,
31,9,272,460,25,46,1,5,1,
31,10,639,419,165,36,1,5,1,
32,2,734,330,9,8,1,5,1,
32,4,609,310,13,11,1,5,1,
32,5,549,308,131,24,1,5,1,
32,6,399,114,38,16,1,5,1,
32,7,315,139,54,16,1,5,1,
32,8,806,228,97,23,1,5,1,
32,9,272,462,26,48,1,5,1,
32,10,650,418,165,36,1,5,1,
33,2,733,329,10,9,1,5,1,
33,4,609,310,13,11,1,5,1,
33,5,558,308,134,24,1,5,1,
33,6,403,113,37,17,1,5,1,
33,7,320,138,53,16,1,5,1,
33,8,814,229,96,22,1,5,1,
33,9,272,464,28,49,1,5,1,
33,10,662,418,164,36,1,5,1,
34,2,733,329,9,8,1,5,1,
34,4,609,309,13,11,1,5,1,
34,5,570,308,133,25,1,5,1,
34,6,408,111,36,17,1,5,1,
34,7,325,137,53,16,1,5,1,
34,8,824,229,92,22,1,5,1,
34,9,273,467,28,49,1,5,1,
34,10,675,417,162,36,1,5,1,
35,2,733,328,9,9,1,5,1,
35,4,609,309,13,11,1,5,1,
35,5,580,308,134,25,1,5,1,
35,6,411,110,36,17,1,5,1,
35,7,328,136,56,16,1,5,1,
35,8,831,229,90,22,1,5,1,
35,9,273,469,30,50,1,5,1,
35,10,686,417,162,36,1,5,1,
36,2,732,328,9,8,1,5,1,
36,4,609,309,13,10,1,5,1,
36,5,590,309,136,24,1,5,1,
36,6,414,108,36,18,1,5,1,
36,7,333,135,56,17,1,5,1,
36,8,839,229,88,22,1,5,1,
36,9,274,471,31,52,1,5,1,
36,10,698,417,160,35,1,5,1,
37,2,732,327,9,8,1,5,1,
37,4,608,308,13,11,1,5,1,
37,5,601,309,136,24,1,5,1,
37,6,416,107,38,18,1,5,1,
37,7,337,134,57,17,1,5,1,
37,8,847,229,85,22,1,5,1,
37,9,275,474,33,52,1,5,1,
37,10,710,416,159,36,1,5,1,
38,2,731,327,10,8,1,5,1,
38,4,608,308,13,10,1,5,1,
38,5,611,309,138,25,1,5,1,
38,6,419,106,39,18,1,5,1,
38,7,341,133,59,17,1,5,1,
38,8,855,229,82,22,1,5,1,
38,9,276,477,35,53,1,5,1,
38,10,721,416,159,35,1,5,1,
39,2,731,326,9,8,1,5,1,
39,4,608,307,13,11,1,5,1,
39,5,625,309,135,25,1,5,1,
39,6,422,104,40,18,1,5,1,
39,7,347,132,58,17,1,5,1,
39,8,864,230,78,22,1,5,1,
39,9,277,480,37,53,1,5,1,
39,10,736,416,154,35,1,5,1,
40,2,730,326,10,8,1,5,1,
40,4,607,307,14,11,1,5,1,
40,5,636,309,136,25,1,5,1,
40,6,425,103,41,18,1,5,1,
40,7,351,131,60,17,1,5,1,
40,8,872,230,75,22,1,5,1,
40,9,278,483,39,54,1,5,1,
40,10,747,415,153,35,1,5,1,
41,2,729,325,10,8,1,5,1,
41,4,606,307,14,10,1,5,1,
41,5,646,309,137,25,1,5,1,
41,6,428,101,42,18,1,5,1,
41,7,355,130,62,17,1,5,1,
41,8,879,230,72,22,1,5,1,
41,9,279,485,41,56,1,5,1,
41,10,758,415,153,35,1,5,1,
42,2,729,325,10,8,1,5,1,
42,4,606,306,14,11,1,5,1,
42,5,656,310,139,25,1,5,1,
42,6,430,100,44,18,1,5,1,
42,7,359,129,64,17,1,5,1,
42,8,885,230,70,22,1,5,1,
42,9,280,488,44,55,1,5,1,
42,10,768,415,153,34,1,5,1,
43,2,728,325,10,7,1,5,1,
43,4,605,306,15,10,1,5,1,
43,5,668,310,139,25,1,5,1,
43,6,434,98,44,19,1,5,1,
43,7,365,128,64,17,1,5,1,
43,8,892,231,67,21,1,5,1,
43,9,282,491,45,52,1,5,1,
43,10,780,414,151,35,1,5,1,
44,2,727,324,11,8,1,5,1,
44,4,604,306,16,10,1,5,1,
44,5,679,310,139,25,1,5,1,
44,6,437,96,45,19,1,5,1,
44,7,369,127,66,17,1,5,1,
44,8,899,231,61,21,1,5,1,
44,9,283,493,46,51,1,5,1,
44,10,791,414,150,34,1,5,1,
45,2,726,324,11,7,1,5,1,
45,4,603,305,17,11,1,5,1,
45,5,690,310,140,25,1,5,1,
45,6,440,95,47,19,1,5,1,
45,7,374,126,67,17,1,5,1,
45,8,905,231,55,21,1,5,1,
45,9,285,496,47,48,1,5,1,
45,10,801,413,150,35,1,5,1,
46,2,726,323,11,8,1,5,1,
46,4,602,305,17,10,1,5,1,
46,5,702,310,140,25,1,5,1,
46,6,443,93,49,20,1,5,1,
46,7,379,125,68,17,1,5,1,
46,8,911,231,49,21,1,5,1,
46,9,287,499,46,45,1,5,1,
46,10,813,413,146,34,1,5,1,
47,2,725,323,11,7,1,5,1,
47,4,599,305,20,10,1,5,1,
47,5,713,310,140,26,1,5,1,
47,6,446,92,50,19,1,5,1,
47,7,384,124,70,18,1,5,1,
47,8,917,232,43,20,1,5,1,
47,9,288,502,49,42,1,5,1,
47,10,824,412,136,35,1,5,1,
48,2,723,323,12,7,1,5,1,
48,4,596,305,22,10,1,5,1,
48,5,724,310,141,26,1,5,1,
48,6,450,90,51,20,1,5,1,
48,7,389,123,71,18,1,5,1,
48,8,922,233,38,17,1,5,1,
48,9,290,505,51,39,1,5,1,
48,10,834,412,126,34,1,5,1,
49,2,720,322,15,7,1,5,1,
49,4,592,305,26,10,1,5,1,
49,5,737,311,140,25,1,5,1,
49,6,454,89,52,19,1,5,1,
49,7,395,121,72,19,1,5,1,
49,8,929,234,31,16,1,5,1,
49,9,293,509,52,35,1,5,1,
49,10,846,412,114,33,1,5,1,
50,2,717,322,17,7,1,5,1,
50,4,588,305,30,10,1,5,1,
50,5,747,311,141,25,1,5,1,
50,6,457,87,54,20,1,5,1,
50,7,400,120,74,19,1,5,1,
50,8,934,235,26,16,1,5,1,
50,9,295,512,54,32,1,5,1,
50,10,856,411,104,30,1,5,1,
51,2,713,322,21,7,1,5,1,
51,4,584,305,34,10,1,5,1,
51,5,758,311,142,25,1,5,1,
51,6,461,85,55,21,1,5,1,
51,7,405,119,76,19,1,5,1,
51,8,938,236,22,15,1,5,1,
51,9,297,515,57,29,1,5,1,
51,10,866,412,94,29,1,5,1,
52,2,710,321,24,7,1,5,1,
52,5,771,311,141,25,1,5,1,
52,6,465,84,57,20,1,5,1,
52,7,412,118,76,19,1,5,1,
52,8,944,236,16,13,1,5,1,
52,9,300,519,59,25,1,5,1,
52,10,878,412,82,28,1,5,1,
53,2,706,321,27,7,1,5,1,
53,5,780,311,143,25,1,5,1,
53,6,468,82,59,21,1,5,1,
53,7,416,117,79,19,1,5,1,
53,9,303,522,62,22,1,5,1,
53,10,886,416,74,24,1,5,1,
54,2,701,321,31,7,1,5,1,
54,5,789,311,146,26,1,5,1,
54,6,471,80,62,22,1,5,1,
54,7,421,116,81,19,1,5,1,
54,10,894,416,66,23,1,5,1,
55,5,798,311,148,26,1,5,1,
55,6,474,79,64,22,1,5,1,
55,7,425,115,84,20,1,5,1,
55,10,902,419,58,19,1,5,1,
56,5,804,311,154,26,1,5,1,
56,6,477,77,67,23,1,5,1,
56,7,429,114,88,20,1,5,1,
56,10,907,420,53,16,1,5,1,
57,5,811,312,149,25,1,5,1,
57,6,479,75,71,24,1,5,1,
57,7,432,113,93,20,1,5,1,
57,10,913,419,47,13,1,5,1,
58,5,819,312,141,25,1,5,1,
58,6,482,74,74,24,1,5,1,
58,7,436,112,96,21,1,5,1,
59,5,826,312,134,25,1,5,1,
59,6,485,72,77,25,1,5,1,
59,7,441,111,99,21,1,5,1,
60,5,833,312,127,25,1,5,1,
60,6,488,69,81,27,1,5,1,
60,7,444,111,104,20,1,5,1,
61,5,841,313,119,19,1,5,1,
61,6,491,67,84,28,1,5,1,
61,7,449,111,108,19,1,5,1,
62,5,849,313,111,19,1,5,1,
62,6,495,65,87,29,1,5,1,
62,7,453,110,112,20,1,5,1,
63,5,858,315,102,17,1,5,1,
63,6,498,64,91,29,1,5,1,
63,7,458,110,115,19,1,5,1,
64,5,868,316,92,16,1,5,1,
64,6,502,62,94,30,1,5,1,
64,7,464,109,117,19,1,5,1,
65,5,877,316,83,15,1,5,1,
65,6,506,61,97,30,1,5,1,
65,7,469,109,121,19,1,5,1,
66,5,887,317,73,14,1,5,1,
66,6,510,59,100,30,1,5,1,
66,7,475,108,123,19,1,5,1,
67,5,896,318,64,11,1,5,1,
67,6,514,57,104,31,1,5,1,
67,7,481,107,125,20,1,5,1,
68,5,908,318,52,9,1,5,1,
68,6,519,56,106,30,1,5,1,
68,7,488,107,127,19,1,5,1,
69,6,525,54,108,31,1,5,1,
69,7,496,106,127,19,1,5,1,
70,6,529,52,112,32,1,5,1,
70,7,501,106,131,19,1,5,1,
71,6,533,51,116,31,1,5,1,
71,7,506,106,135,19,1,5,1,
72,6,537,49,120,32,1,5,1,
72,7,512,105,137,19,1,5,1,
73,6,541,48,124,32,1,5,1,
73,7,517,105,141,19,1,5,1,
74,6,547,46,126,32,1,5,1,
74,7,525,104,141,19,1,5,1,
75,6,552,44,129,33,1,5,1,
75,7,531,104,144,19,1,5,1,
76,6,558,42,132,34,1,5,1,
76,7,539,103,145,19,1,5,1,
77,6,564,41,134,33,1,5,1,
77,7,546,103,146,19,1,5,1,
78,6,570,39,137,34,1,5,1,
78,7,553,103,148,19,1,5,1,
79,6,577,37,139,34,1,5,1,
79,7,562,102,148,19,1,5,1,
80,6,584,36,141,34,1,5,1,
80,7,570,102,148,19,1,5,1,
81,6,590,34,144,34,1,5,1,
81,7,578,102,149,19,1,5,1,
82,6,598,32,145,35,1,5,1,
82,7,587,101,149,19,1,5,1,
83,6,605,30,148,35,1,5,1,
83,7,595,101,150,19,1,5,1,
84,6,613,28,150,35,1,5,1,
84,7,605,101,148,19,1,5,1,
85,6,620,27,152,35,1,5,1,
85,7,613,101,149,19,1,5,1,
85,8,951,246,8,10,1,5,1,
86,6,629,25,153,35,1,5,1,
86,7,623,100,147,19,1,5,1,
86,8,949,246,10,10,1,5,1,
87,4,492,302,27,11,1,5,1,
87,6,638,23,154,35,1,5,1,
87,7,633,100,146,19,1,5,1,
87,8,946,245,13,11,1,5,1,
88,4,492,302,22,11,1,5,1,
88,6,651,21,151,35,1,5,1,
88,7,646,100,142,19,1,5,1,
88,8,944,245,15,13,1,5,1,
89,4,492,302,18,10,1,5,1,
89,6,664,19,148,34,1,5,1,
89,7,660,99,136,20,1,5,1,
89,8,941,244,18,14,1,5,1,
90,4,493,302,21,10,1,5,1,
90,6,674,17,149,34,1,5,1,
90,7,671,99,134,19,1,5,1,
90,8,939,245,20,13,1,5,1,
91,4,493,302,25,10,1,5,1,
91,6,685,16,148,33,1,5,1,
91,7,682,99,131,19,1,5,1,
91,8,936,245,23,13,1,5,1,
92,4,494,302,29,10,1,5,1,
92,6,696,14,148,33,1,5,1,
92,7,693,99,129,19,1,5,1,
92,8,933,245,26,14,1,5,1,
93,4,495,302,31,10,1,5,1,
93,6,708,12,147,33,1,5,1,
93,7,704,99,126,19,1,5,1,
93,8,930,245,29,14,1,5,1,
94,4,494,302,35,10,1,5,1,
94,6,717,10,149,33,1,5,1,
94,7,714,99,126,20,1,5,1,
94,8,924,245,35,14,1,5,1,
95,4,493,302,39,11,1,5,1,
95,6,726,8,151,33,1,5,1,
95,7,723,99,128,20,1,5,1,
95,8,918,246,41,13,1,5,1,
96,4,494,302,41,11,1,5,1,
96,6,737,6,152,33,1,5,1,
96,7,733,100,128,20,1,5,1,
96,8,912,246,47,14,1,5,1,
97,4,494,302,44,11,1,5,1,
97,6,748,4,153,33,1,5,1,
97,7,743,100,130,20,1,5,1,
97,8,905,247,54,13,1,5,1,
98,4,496,302,46,11,1,5,1,
98,6,757,3,153,32,1,5,1,
98,7,751,100,132,20,1,5,1,
98,8,898,247,61,14,1,5,1,
99,4,497,302,48,12,1,5,1,
99,6,766,3,153,31,1,5,1,
99,7,759,100,134,20,1,5,1,
99,8,891,248,68,13,1,5,1,
100,4,499,302,49,12,1,5,1,
100,6,777,3,150,29,1,5,1,
100,7,768,100,135,20,1,5,1,
100,8,884,248,75,14,1,5,1,
101,4,502,303,50,11,1,5,1,
101,6,788,4,146,25,1,5,1,
101,7,777,100,136,19,1,5,1,
101,8,877,248,81,14,1,5,1,
102,4,504,303,51,11,1,5,1,
102,6,797,4,143,23,1,5,1,
102,7,785,100,137,19,1,5,1,
102,8,870,248,85,15,1,5,1,
103,4,506,303,53,12,1,5,1,
103,6,807,4,137,24,1,5,1,
103,7,793,100,138,19,1,5,1,
103,8,864,249,89,14,1,5,1,
104,4,508,303,55,12,1,5,1,
104,6,818,4,131,25,1,5,1,
104,7,802,100,138,19,1,5,1,
104,8,857,249,92,14,1,5,1,
105,4,511,303,56,12,1,5,1,
105,6,830,6,126,24,1,5,1,
105,7,812,100,138,18,1,5,1,
105,8,851,250,93,14,1,5,1,
106,4,515,303,55,12,1,5,1,
106,6,845,7,114,24,1,5,1,
106,7,825,99,134,19,1,5,1,
106,8,845,251,92,13,1,5,1,
107,4,518,304,56,12,1,5,1,
107,6,854,7,106,25,1,5,1,
107,7,833,99,127,19,1,5,1,
107,8,840,251,91,14,1,5,1,
108,4,521,304,57,12,1,5,1,
108,6,865,8,95,25,1,5,1,
108,7,844,99,116,18,1,5,1,
108,8,834,252,91,13,1,5,1,
109,4,524,304,58,12,1,5,1,
109,6,872,9,88,24,1,5,1,
109,7,852,99,108,18,1,5,1,
109,8,829,252,90,13,1,5,1,
110,4,526,304,60,12,1,5,1,
110,6,880,10,80,24,1,5,1,
110,7,860,98,100,19,1,5,1,
110,8,825,253,89,13,1,5,1,
111,4,529,304,62,13,1,5,1,
111,6,887,11,73,23,1,5,1,
111,7,868,98,92,14,1,5,1,
111,8,821,254,86,12,1,5,1,
112,4,532,304,63,13,1,5,1,
112,6,896,12,64,15,1,5,1,
112,7,878,98,82,13,1,5,1,
112,8,818,254,82,12,1,5,1,
113,4,535,305,64,12,1,5,1,
113,6,903,12,57,14,1,5,1,
113,7,887,98,73,12,1,5,1,
113,8,816,255,77,12,1,5,1,
114,4,538,305,65,12,1,5,1,
114,6,910,13,50,14,1,5,1,
114,7,896,99,64,10,1,5,1,
114,8,814,255,72,12,1,5,1,
115,4,541,305,67,13,1,5,1,
115,6,917,14,43,14,1,5,1,
115,7,905,99,55,9,1,5,1,
115,8,814,255,66,12,1,5,1,
116,4,546,305,66,13,1,5,1,
116,6,926,15,34,14,1,5,1,
116,7,917,101,43,7,1,5,1,
116,8,813,254,58,12,1,5,1,
117,4,549,305,68,13,1,5,1,
117,8,813,254,50,12,1,5,1,
118,4,551,305,70,13,1,5,1,
118,8,813,254,46,12,1,5,1,
119,4,553,306,73,12,1,5,1,
119,8,813,253,42,12,1,5,1,
120,4,556,306,75,13,1,5,1,
120,8,814,252,37,12,1,5,1,
121,4,558,306,78,13,1,5,1,
121,8,814,251,33,13,1,5,1,
122,4,561,306,80,13,1,5,1,
122,8,814,250,29,14,1,5,1,
123,4,563,306,83,13,1,5,1,
123,8,814,248,25,15,1,5,1,
124,4,566,306,85,14,1,5,1,
124,8,815,247,30,16,1,5,1,
125,4,570,307,86,13,1,5,1,
125,8,815,245,37,17,1,5,1,
126,4,573,307,88,13,1,5,1,
126,8,815,243,45,19,1,5,1,
127,4,576,307,90,13,1,5,1,
127,8,816,241,51,21,1,5,1,
128,4,580,307,91,14,1,5,1,
128,8,817,239,59,23,1,5,1,
129,4,583,307,93,14,1,5,1,
129,8,818,238,66,24,1,5,1,
130,4,588,307,94,14,1,5,1,
130,8,817,236,75,25,1,5,1,
131,4,592,308,95,13,1,5,1,
131,8,816,235,85,26,1,5,1,
132,4,596,308,97,14,1,5,1,
132,8,816,234,93,26,1,5,1,
133,4,600,308,98,14,1,5,1,
133,8,817,234,100,25,1,5,1,
134,4,604,308,100,14,1,5,1,
134,8,818,233,106,25,1,5,1,
135,4,609,308,100,14,1,5,1,
135,8,820,233,111,24,1,5,1,
136,4,613,308,102,15,1,5,1,
136,8,822,233,115,23,1,5,1,
137,4,618,309,103,14,1,5,1,
137,8,825,233,119,21,1,5,1,
138,2,514,321,45,7,1,5,1,
138,4,622,309,105,14,1,5,1,
138,8,828,233,123,20,1,5,1,
139,2,517,321,45,7,1,5,1,
139,4,628,309,104,14,1,5,1,
139,8,834,233,124,18,1,5,1,
140,2,520,321,46,8,1,5,1,
140,4,635,309,103,15,1,5,1,
140,8,841,232,118,17,1,5,1,
141,2,523,322,47,7,1,5,1,
141,4,641,309,103,15,1,5,1,
141,8,848,232,112,16,1,5,1,
142,2,526,322,47,7,1,5,1,
142,4,646,309,104,15,1,5,1,
142,8,855,232,105,15,1,5,1,
143,2,529,322,48,7,1,5,1,
143,4,652,310,104,14,1,5,1,
143,8,862,232,98,14,1,5,1,
144,2,533,322,48,8,1,5,1,
144,4,659,310,103,14,1,5,1,
144,8,871,232,89,14,1,5,1,
145,2,536,323,48,7,1,5,1,
145,4,664,310,104,15,1,5,1,
145,8,878,231,82,15,1,5,1,
146,2,539,323,49,7,1,5,1,
146,4,670,310,105,15,1,5,1,
146,8,885,231,75,15,1,5,1,
147,2,542,323,50,7,1,5,1,
147,4,675,310,106,15,1,5,1,
147,8,892,232,68,14,1,5,1,
148,2,546,323,50,8,1,5,1,
148,4,681,310,106,15,1,5,1,
148,8,900,233,60,13,1,5,1,
149,2,549,324,51,7,1,5,1,
149,4,687,310,106,15,1,5,1,
149,8,907,233,53,11,1,5,1,
150,2,552,324,52,7,1,5,1,
150,4,692,311,107,15,1,5,1,
150,8,914,234,46,10,1,5,1,
