1,1,627,334,24,27,1,5,1,
1,2,543,316,24,18,1,5,1,
1,3,711,332,40,34,1,5,1,
1,4,821,523,14,20,1,5,1,
1,5,611,497,56,18,1,5,1,
1,6,626,378,39,29,1,5,1,
1,7,-49,6,112,43,1,5,1,
1,8,671,368,102,26,1,5,1,
1,9,10,453,209,45,1,5,1,
1,10,532,153,48,39,1,5,1,
1,11,278,208,19,20,1,5,1,
1,12,101,84,29,18,1,5,1,
1,13,429,7,26,13,1,5,1,
1,14,467,376,166,48,1,5,1,
1,15,46,89,61,13,1,5,1,
1,16,0,175,44,22,1,5,1,
1,17,316,169,40,19,1,5,1,
1,18,73,40,176,52,1,5,1,
1,19,522,319,38,46,1,5,1,
1,20,101,358,47,17,1,5,1,
1,21,626,229,26,11,1,5,1,
1,22,213,60,89,51,1,5,1,
1,23,338,186,65,16,1,5,1,
1,24,302,191,67,18,1,5,1,
1,25,492,471,22,29,1,5,1,
1,26,315,298,73,19,1,5,1,
1,27,206,166,136,47,1,5,1,
1,28,724,453,109,29,1,5,1,
1,29,373,349,20,24,1,5,1,
1,30,807,182,29,10,1,5,1,
1,31,390,384,20,13,1,5,1,
1,32,399,-2,46,50,1,5,1,
1,33,763,264,118,23,1,5,1,
1,34,285,295,156,49,1,5,1,
1,35,453,99,92,25,1,5,1,
1,36,539,339,45,60,1,5,1,
1,37,442,189,24,17,1,5,1,
1,38,743,6,78,25,1,5,1,
1,39,883,387,76,17,1,5,1,
1,40,152,227,124,29,1,5,1,
2,1,627,335,24,29,1,5,1,
2,2,543,315,19,18,1,5,1,
2,3,714,330,39,34,1,5,1,
2,4,820,526,14,17,1,5,1,
2,5,607,494,54,22,1,5,1,
2,6,624,376,32,27,1,5,1,
2,7,-61,-1,112,47,1,5,1,
2,8,681,368,99,25,1,5,1,
2,9,32,454,200,45,1,5,1,
2,10,531,155,39,39,1,5,1,
2,11,280,208,18,22,1,5,1,
2,12,107,82,25,18,1,5,1,
2,13,432,6,28,12,1,5,1,
2,14,476,379,174,46,1,5,1,
2,15,35,87,66,14,1,5,1,
2,16,0,176,56,23,1,5,1,
2,17,316,167,34,20,1,5,1,
2,18,86,39,177,56,1,5,1,
2,19,524,320,39,51,1,5,1,
2,20,104,359,53,16,1,5,1,
2,21,630,230,23,11,1,5,1,
2,22,215,61,74,53,1,5,1,
2,23,344,186,65,16,1,5,1,
2,24,309,192,68,18,1,5,1,
2,25,492,467,17,30,1,5,1,
2,26,321,298,76,18,1,5,1,
2,27,216,169,139,46,1,5,1,
2,28,734,455,108,27,1,5,1,
2,29,374,350,20,24,1,5,1,
2,30,811,183,27,10,1,5,1,
2,31,389,383,17,13,1,5,1,
2,32,403,-11,34,56,1,5,1,
2,33,750,264,118,23,1,5,1,
2,34,293,295,164,48,1,5,1,
2,35,460,99,92,25,1,5,1,
2,36,540,340,47,65,1,5,1,
2,37,443,187,19,19,1,5,1,
2,38,748,4,81,25,1,5,1,
2,39,876,385,83,19,1,5,1,
2,40,163,228,125,30,1,5,1,
3,1,628,336,25,32,1,5,1,
3,2,543,315,19,17,1,5,1,
3,3,719,329,38,32,1,5,1,
3,4,818,529,13,14,1,5,1,
3,5,604,490,52,25,1,5,1,
3,6,625,374,26,26,1,5,1,
3,7,-72,-10,109,53,1,5,1,
3,8,693,368,93,24,1,5,1,
3,9,51,453,196,46,1,5,1,
3,10,530,157,30,39,1,5,1,
3,11,282,209,18,22,1,5,1,
3,12,110,80,23,19,1,5,1,
3,13,436,4,28,13,1,5,1,
3,14,488,380,179,46,1,5,1,
3,15,23,85,69,15,1,5,1,
3,16,0,178,67,21,1,5,1,
3,17,317,166,27,21,1,5,1,
3,18,103,39,174,60,1,5,1,
3,19,522,322,45,55,1,5,1,
3,20,109,359,56,17,1,5,1,
3,21,635,230,17,11,1,5,1,
3,22,215,63,60,53,1,5,1,
3,23,351,187,64,16,1,5,1,
3,24,316,193,67,18,1,5,1,
3,25,493,463,17,30,1,5,1,
3,26,328,298,77,18,1,5,1,
3,27,228,172,140,44,1,5,1,
3,28,747,456,102,26,1,5,1,
3,29,373,351,23,25,1,5,1,
3,30,816,183,23,10,1,5,1,
3,31,389,381,13,14,1,5,1,
3,32,403,-21,31,63,1,5,1,
3,33,738,264,115,23,1,5,1,
3,34,304,295,168,46,1,5,1,
3,35,468,100,91,25,1,5,1,
3,36,541,343,51,68,1,5,1,
3,37,443,185,19,19,1,5,1,
3,38,753,2,83,25,1,5,1,
3,39,869,384,90,18,1,5,1,
3,40,177,230,123,29,1,5,1,
4,1,628,338,29,34,1,5,1,
4,2,545,315,18,17,1,5,1,
4,3,721,328,40,31,1,5,1,
4,4,813,531,18,12,1,5,1,
4,5,602,487,48,27,1,5,1,
4,6,626,372,26,25,1,5,1,
4,8,705,367,86,24,1,5,1,
4,9,67,453,195,45,1,5,1,
4,10,530,160,26,38,1,5,1,
4,11,280,209,24,23,1,5,1,
4,12,109,78,23,19,1,5,1,
4,13,440,3,28,12,1,5,1,
4,14,502,380,180,46,1,5,1,
4,15,12,83,72,15,1,5,1,
4,16,0,180,78,19,1,5,1,
4,17,319,165,21,21,1,5,1,
4,18,122,45,169,54,1,5,1,
4,19,518,324,63,59,1,5,1,
4,20,116,360,57,17,1,5,1,
4,21,639,230,13,11,1,5,1,
4,22,214,65,48,54,1,5,1,
4,23,357,187,64,16,1,5,1,
4,24,324,193,64,18,1,5,1,
4,25,495,460,17,29,1,5,1,
4,26,336,298,77,18,1,5,1,
4,27,241,176,139,41,1,5,1,
4,28,761,455,94,27,1,5,1,
4,29,371,352,28,25,1,5,1,
4,30,821,183,19,11,1,5,1,
4,31,389,380,13,13,1,5,1,
4,32,402,-30,25,67,1,5,1,
4,33,728,264,109,23,1,5,1,
4,34,316,295,172,44,1,5,1,
4,35,477,99,88,26,1,5,1,
4,36,535,345,69,73,1,5,1,
4,37,442,184,20,19,1,5,1,
4,38,760,1,83,23,1,5,1,
4,39,863,382,87,19,1,5,1,
4,40,190,231,122,30,1,5,1,
5,1,626,340,38,35,1,5,1,
5,2,546,314,18,17,1,5,1,
5,3,718,326,54,31,1,5,1,
5,4,807,533,24,10,1,5,1,
5,5,600,484,45,28,1,5,1,
5,6,629,370,25,24,1,5,1,
5,8,718,366,76,25,1,5,1,
5,9,87,452,188,45,1,5,1,
5,10,530,162,26,39,1,5,1,
5,11,279,210,30,24,1,5,1,
5,12,107,75,23,20,1,5,1,
5,13,444,1,29,13,1,5,1,
5,14,518,380,181,46,1,5,1,
5,15,0,80,74,16,1,5,1,
5,16,0,179,89,21,1,5,1,
5,17,319,164,21,21,1,5,1,
5,18,140,52,164,47,1,5,1,
5,19,515,327,84,62,1,5,1,
5,20,124,360,56,17,1,5,1,
5,21,640,231,12,11,1,5,1,
5,22,215,67,40,55,1,5,1,
5,23,363,187,64,16,1,5,1,
5,24,332,194,63,18,1,5,1,
5,25,498,456,16,29,1,5,1,
5,26,344,298,77,18,1,5,1,
5,27,254,179,139,39,1,5,1,
5,28,775,455,85,26,1,5,1,
5,29,369,353,35,25,1,5,1,
5,30,826,184,13,10,1,5,1,
5,31,390,378,12,14,1,5,1,
5,32,410,-40,19,71,1,5,1,
5,33,719,264,102,22,1,5,1,
5,34,328,294,175,44,1,5,1,
5,35,486,98,86,27,1,5,1,
5,36,531,348,93,76,1,5,1,
5,37,443,183,20,19,1,5,1,
5,38,767,0,83,21,1,5,1,
5,39,858,381,83,19,1,5,1,
5,40,204,233,119,29,1,5,1,
6,1,625,342,50,36,1,5,1,
6,2,548,314,18,16,1,5,1,
6,3,718,325,66,31,1,5,1,
6,4,802,534,29,9,1,5,1,
6,5,599,480,41,30,1,5,1,
6,6,632,368,24,24,1,5,1,
6,8,731,366,65,24,1,5,1,
6,9,104,452,185,45,1,5,1,
6,10,533,164,24,39,1,5,1,
6,11,278,211,37,24,1,5,1,
6,12,106,71,22,23,1,5,1,
6,13,448,0,29,12,1,5,1,
6,14,534,380,178,45,1,5,1,
6,15,-5,77,68,18,1,5,1,
6,16,5,181,95,19,1,5,1,
6,17,319,162,22,22,1,5,1,
6,18,157,55,160,46,1,5,1,
6,19,515,331,105,63,1,5,1,
6,20,130,360,58,18,1,5,1,
6,21,640,231,12,11,1,5,1,
6,22,218,69,38,55,1,5,1,
6,23,369,187,64,16,1,5,1,
6,24,339,195,63,17,1,5,1,
6,25,499,453,19,27,1,5,1,
6,26,352,298,77,17,1,5,1,
6,27,267,182,138,37,1,5,1,
6,28,789,454,74,26,1,5,1,
6,29,368,354,41,26,1,5,1,
6,30,828,184,12,11,1,5,1,
6,31,392,376,12,14,1,5,1,
6,32,408,-49,16,74,1,5,1,
6,33,712,264,93,21,1,5,1,
6,34,341,293,177,45,1,5,1,
6,35,494,99,85,26,1,5,1,
6,36,528,351,119,79,1,5,1,
6,37,444,182,20,19,1,5,1,
6,38,774,0,82,18,1,5,1,
6,39,853,379,78,19,1,5,1,
6,40,218,235,116,28,1,5,1,
7,1,626,345,62,36,1,5,1,
7,2,548,313,21,17,1,5,1,
7,3,718,325,78,29,1,5,1,
7,4,795,533,34,10,1,5,1,
7,5,599,477,36,31,1,5,1,
7,6,631,367,32,23,1,5,1,
7,8,744,365,55,24,1,5,1,
7,9,120,451,184,45,1,5,1,
7,10,535,167,24,38,1,5,1,
7,11,279,213,42,23,1,5,1,
7,12,105,69,23,22,1,5,1,
7,13,452,0,30,11,1,5,1,
7,14,549,380,181,45,1,5,1,
7,15,-17,76,69,17,1,5,1,
7,16,15,183,95,17,1,5,1,
7,17,320,161,23,22,1,5,1,
7,18,173,57,157,45,1,5,1,
7,19,517,335,125,64,1,5,1,
7,20,138,361,58,17,1,5,1,
7,21,639,231,12,12,1,5,1,
7,22,222,72,37,55,1,5,1,
7,23,375,186,64,17,1,5,1,
7,24,346,195,62,18,1,5,1,
7,25,499,450,25,26,1,5,1,
7,26,360,298,76,17,1,5,1,
7,27,280,185,136,34,1,5,1,
7,28,803,453,61,25,1,5,1,
7,29,367,356,47,26,1,5,1,
7,30,828,184,12,11,1,5,1,
7,31,393,375,13,14,1,5,1,
7,33,707,263,83,22,1,5,1,
7,34,354,293,178,44,1,5,1,
7,35,502,99,85,27,1,5,1,
7,36,528,355,144,80,1,5,1,
7,37,441,180,25,20,1,5,1,
7,38,782,0,79,17,1,5,1,
7,39,850,378,72,19,1,5,1,
7,40,232,235,114,28,1,5,1,
8,1,629,348,74,35,1,5,1,
8,2,546,313,28,16,1,5,1,
8,3,721,324,89,29,1,5,1,
8,4,789,532,38,11,1,5,1,
8,5,598,474,33,32,1,5,1,
8,6,630,366,41,22,1,5,1,
8,8,756,365,44,23,1,5,1,
8,9,136,451,182,45,1,5,1,
8,10,532,171,33,35,1,5,1,
8,11,280,214,47,23,1,5,1,
8,12,105,66,24,22,1,5,1,
8,13,456,-1,30,11,1,5,1,
8,14,564,380,186,46,1,5,1,
8,15,-28,72,69,19,1,5,1,
8,16,26,183,93,17,1,5,1,
8,17,320,160,25,21,1,5,1,
8,18,190,62,152,41,1,5,1,
8,19,521,340,146,63,1,5,1,
8,20,145,361,58,18,1,5,1,
8,21,640,232,12,11,1,5,1,
8,22,225,75,37,54,1,5,1,
8,23,381,186,63,17,1,5,1,
8,24,353,196,62,18,1,5,1,
8,25,500,448,30,23,1,5,1,
8,26,368,297,76,18,1,5,1,
8,27,294,186,133,33,1,5,1,
8,28,812,451,57,25,1,5,1,
8,29,367,359,53,23,1,5,1,
8,30,827,185,12,11,1,5,1,
8,31,392,374,18,13,1,5,1,
8,33,703,263,72,21,1,5,1,
8,34,368,293,178,43,1,5,1,
8,35,510,100,83,27,1,5,1,
8,36,529,359,170,81,1,5,1,
8,37,439,179,34,20,1,5,1,
8,38,790,0,75,16,1,5,1,
8,39,848,376,65,19,1,5,1,
8,40,246,235,110,28,1,5,1,
9,1,633,350,85,35,1,5,1,
9,2,545,313,34,16,1,5,1,
9,3,726,324,99,29,1,5,1,
9,4,783,530,41,13,1,5,1,
9,5,599,471,28,32,1,5,1,
9,6,631,365,49,21,1,5,1,
9,8,768,364,32,23,1,5,1,
9,9,152,451,180,44,1,5,1,
9,10,531,174,42,33,1,5,1,
9,11,282,215,51,23,1,5,1,
9,12,106,64,25,20,1,5,1,
9,13,460,-2,30,10,1,5,1,
9,14,580,381,188,47,1,5,1,
9,15,-39,68,69,21,1,5,1,
9,16,38,183,90,17,1,5,1,
9,17,318,159,30,21,1,5,1,
9,18,206,64,149,39,1,5,1,
9,19,528,344,165,63,1,5,1,
9,20,154,362,56,17,1,5,1,
9,21,642,232,11,11,1,5,1,
9,22,220,78,51,54,1,5,1,
9,23,386,186,64,17,1,5,1,
9,24,359,197,63,17,1,5,1,
9,25,502,446,35,21,1,5,1,
9,26,376,297,76,18,1,5,1,
9,27,308,186,130,33,1,5,1,
9,28,818,450,57,25,1,5,1,
9,29,367,362,60,22,1,5,1,
9,30,826,185,12,12,1,5,1,
9,31,393,372,21,14,1,5,1,
9,33,700,263,62,20,1,5,1,
9,34,382,293,178,43,1,5,1,
9,35,518,100,82,27,1,5,1,
9,36,533,364,195,80,1,5,1,
9,37,438,178,42,20,1,5,1,
9,38,798,0,69,15,1,5,1,
9,39,847,375,57,19,1,5,1,
9,40,258,235,109,26,1,5,1,
10,1,638,353,97,34,1,5,1,
10,2,545,313,40,15,1,5,1,
10,3,735,324,103,28,1,5,1,
10,4,776,527,45,16,1,5,1,
10,5,599,469,24,31,1,5,1,
10,6,634,364,55,21,1,5,1,
10,8,776,363,27,23,1,5,1,
10,9,167,450,179,45,1,5,1,
10,10,531,177,50,31,1,5,1,
10,11,285,217,54,21,1,5,1,
10,12,106,62,28,20,1,5,1,
10,13,464,-2,32,10,1,5,1,
10,14,596,382,191,47,1,5,1,
10,16,49,183,88,17,1,5,1,
10,17,316,158,39,21,1,5,1,
10,18,221,65,146,39,1,5,1,
10,19,537,349,182,61,1,5,1,
10,20,161,362,56,18,1,5,1,
10,21,642,232,12,11,1,5,1,
10,22,218,80,63,55,1,5,1,
10,23,392,186,64,16,1,5,1,
10,24,366,197,64,17,1,5,1,
10,25,505,444,39,19,1,5,1,
10,26,384,297,75,18,1,5,1,
10,27,321,186,127,33,1,5,1,
10,28,824,449,58,24,1,5,1,
10,29,369,365,64,19,1,5,1,
10,30,824,186,15,11,1,5,1,
10,31,393,371,26,13,1,5,1,
10,33,699,262,51,20,1,5,1,
10,34,396,293,177,43,1,5,1,
10,35,525,101,82,27,1,5,1,
10,36,540,369,216,78,1,5,1,
10,37,438,177,50,20,1,5,1,
10,38,806,0,63,15,1,5,1,
10,39,846,374,50,18,1,5,1,
10,40,269,234,108,26,1,5,1,
11,1,646,355,107,34,1,5,1,
11,2,546,312,45,16,1,5,1,
11,3,746,324,103,28,1,5,1,
11,4,770,524,47,18,1,5,1,
11,5,600,467,20,30,1,5,1,
11,6,638,363,61,21,1,5,1,
11,8,778,362,27,23,1,5,1,
11,9,182,450,179,45,1,5,1,
11,10,532,180,57,29,1,5,1,
11,11,289,218,56,21,1,5,1,
11,12,104,60,35,20,1,5,1,
11,13,468,-2,33,9,1,5,1,
11,14,613,383,193,47,1,5,1,
11,16,60,183,85,17,1,5,1,
11,17,314,157,48,21,1,5,1,
11,18,237,66,142,38,1,5,1,
11,19,550,354,195,57,1,5,1,
11,20,168,363,57,18,1,5,1,
11,21,643,233,14,11,1,5,1,
11,22,217,84,74,53,1,5,1,
11,23,398,186,64,16,1,5,1,
11,24,374,198,63,16,1,5,1,
11,25,508,443,44,17,1,5,1,
11,26,391,297,76,18,1,5,1,
11,27,335,185,123,33,1,5,1,
11,28,836,447,45,25,1,5,1,
11,29,373,365,65,20,1,5,1,
11,30,820,187,19,11,1,5,1,
11,31,395,370,29,13,1,5,1,
11,33,700,262,39,20,1,5,1,
11,34,410,292,178,44,1,5,1,
11,35,533,102,80,26,1,5,1,
11,36,550,374,234,75,1,5,1,
11,37,439,177,58,19,1,5,1,
11,38,814,0,56,16,1,5,1,
11,39,844,373,47,17,1,5,1,
11,40,280,234,107,26,1,5,1,
12,1,655,358,115,33,1,5,1,
12,2,551,312,45,16,1,5,1,
12,3,757,323,103,29,1,5,1,
12,4,764,521,48,20,1,5,1,
12,5,600,466,18,27,1,5,1,
12,6,644,363,65,20,1,5,1,
12,8,783,362,25,22,1,5,1,
12,9,197,450,178,45,1,5,1,
12,10,535,183,63,27,1,5,1,
12,11,293,220,58,19,1,5,1,
12,12,103,59,45,20,1,5,1,
12,13,473,-3,33,9,1,5,1,
12,14,629,383,195,48,1,5,1,
12,16,72,183,80,16,1,5,1,
12,17,313,156,57,21,1,5,1,
12,18,254,66,136,37,1,5,1,
12,19,566,359,204,54,1,5,1,
12,20,176,364,56,18,1,5,1,
12,21,645,233,13,11,1,5,1,
12,22,218,88,83,51,1,5,1,
12,23,404,186,64,16,1,5,1,
12,24,381,198,63,16,1,5,1,
12,25,513,442,47,15,1,5,1,
12,26,399,297,75,18,1,5,1,
12,27,348,184,118,33,1,5,1,
12,28,841,445,46,25,1,5,1,
12,29,377,365,69,20,1,5,1,
12,30,815,187,23,12,1,5,1,
12,31,397,369,32,12,1,5,1,
12,33,699,262,31,19,1,5,1,
12,34,424,292,177,44,1,5,1,
12,35,541,102,78,27,1,5,1,
12,36,563,379,249,71,1,5,1,
12,37,441,176,65,20,1,5,1,
12,38,823,0,47,16,1,5,1,
12,39,840,372,47,17,1,5,1,
12,40,290,234,108,26,1,5,1,
13,1,666,360,122,33,1,5,1,
13,2,555,312,44,15,1,5,1,
13,3,768,323,103,28,1,5,1,
13,4,758,518,49,21,1,5,1,
13,5,600,465,16,25,1,5,1,
13,6,652,362,65,20,1,5,1,
13,8,788,362,23,22,1,5,1,
13,9,212,450,177,44,1,5,1,
13,10,539,185,68,26,1,5,1,
13,11,297,221,60,19,1,5,1,
13,12,106,57,50,20,1,5,1,
13,13,477,-5,35,9,1,5,1,
13,14,646,384,196,48,1,5,1,
13,16,83,183,76,16,1,5,1,
13,17,313,155,65,21,1,5,1,
13,18,265,64,137,38,1,5,1,
13,19,585,364,209,51,1,5,1,
13,20,183,364,57,18,1,5,1,
13,21,646,233,13,11,1,5,1,
13,22,222,91,89,51,1,5,1,
13,23,410,186,64,16,1,5,1,
13,24,388,198,63,15,1,5,1,
13,25,518,442,50,14,1,5,1,
13,26,407,297,75,18,1,5,1,
13,27,357,183,119,33,1,5,1,
13,28,846,444,46,24,1,5,1,
13,29,381,365,73,20,1,5,1,
13,30,812,188,23,12,1,5,1,
13,31,400,367,34,13,1,5,1,
13,33,698,261,25,19,1,5,1,
13,34,437,292,176,44,1,5,1,
13,35,548,103,78,27,1,5,1,
13,36,580,385,257,66,1,5,1,
13,37,445,175,71,20,1,5,1,
13,38,835,0,34,17,1,5,1,
13,39,836,371,47,16,1,5,1,
13,40,301,234,107,26,1,5,1,
14,1,679,363,126,31,1,5,1,
14,2,559,311,44,16,1,5,1,
14,3,780,323,101,28,1,5,1,
14,4,752,514,50,23,1,5,1,
14,5,601,465,14,22,1,5,1,
14,6,662,361,58,20,1,5,1,
14,8,790,361,23,21,1,5,1,
14,9,227,449,176,45,1,5,1,
14,10,543,187,73,24,1,5,1,
14,11,302,222,61,18,1,5,1,
14,12,111,56,51,20,1,5,1,
14,14,663,385,197,48,1,5,1,
14,16,94,182,70,17,1,5,1,
14,17,314,155,72,20,1,5,1,
14,18,276,64,139,37,1,5,1,
14,19,607,365,207,50,1,5,1,
14,20,190,365,58,18,1,5,1,
14,21,648,234,12,10,1,5,1,
14,22,226,95,96,49,1,5,1,
14,23,416,186,64,17,1,5,1,
14,24,396,197,61,16,1,5,1,
14,25,525,441,49,14,1,5,1,
14,26,414,297,75,18,1,5,1,
14,27,366,183,121,33,1,5,1,
14,28,852,443,44,24,1,5,1,
14,29,386,365,75,19,1,5,1,
14,30,809,189,23,12,1,5,1,
14,31,403,366,37,12,1,5,1,
14,33,699,261,22,18,1,5,1,
14,34,451,292,175,44,1,5,1,
14,35,555,104,77,26,1,5,1,
14,36,600,389,259,64,1,5,1,
14,37,449,175,77,20,1,5,1,
14,38,842,0,25,19,1,5,1,
14,39,833,370,46,16,1,5,1,
14,40,311,234,107,26,1,5,1,
15,1,694,365,128,30,1,5,1,
15,2,564,311,42,16,1,5,1,
15,3,791,323,104,29,1,5,1,
15,4,747,511,49,24,1,5,1,
15,5,600,463,15,22,1,5,1,
15,6,670,361,57,19,1,5,1,
15,8,792,360,23,21,1,5,1,
15,9,242,449,175,44,1,5,1,
15,10,549,189,77,22,1,5,1,
15,11,308,224,60,16,1,5,1,
15,12,116,54,53,20,1,5,1,
15,14,681,385,197,49,1,5,1,
15,16,104,182,65,17,1,5,1,
15,17,316,154,78,21,1,5,1,
15,18,288,63,140,38,1,5,1,
15,19,631,365,201,50,1,5,1,
15,20,197,366,59,18,1,5,1,
15,21,650,234,11,11,1,5,1,
15,22,232,98,100,47,1,5,1,
15,23,422,187,64,16,1,5,1,
15,24,404,197,59,16,1,5,1,
15,25,532,440,48,14,1,5,1,
15,26,422,297,74,18,1,5,1,
15,27,375,182,124,34,1,5,1,
15,28,857,441,44,24,1,5,1,
15,29,391,364,77,20,1,5,1,
15,30,805,190,24,11,1,5,1,
15,31,407,366,38,11,1,5,1,
15,33,702,261,21,18,1,5,1,
15,34,465,292,173,44,1,5,1,
15,35,562,105,77,26,1,5,1,
15,36,623,389,255,64,1,5,1,
15,37,455,174,80,20,1,5,1,
15,38,846,0,21,20,1,5,1,
15,39,829,369,47,16,1,5,1,
15,40,322,234,107,26,1,5,1,
16,1,710,366,127,30,1,5,1,
16,2,569,311,40,15,1,5,1,
16,3,802,324,108,29,1,5,1,
16,4,743,507,47,26,1,5,1,
16,5,599,460,18,23,1,5,1,
16,6,677,360,56,19,1,5,1,
16,8,795,359,23,21,1,5,1,
16,9,257,448,174,44,1,5,1,
16,10,555,189,80,22,1,5,1,
16,11,313,225,60,16,1,5,1,
16,12,121,53,55,20,1,5,1,
16,14,698,386,198,49,1,5,1,
16,16,115,182,58,16,1,5,1,
16,17,320,154,81,21,1,5,1,
16,18,300,63,141,38,1,5,1,
16,19,656,364,190,49,1,5,1,
16,20,204,366,60,19,1,5,1,
16,21,651,234,11,11,1,5,1,
16,22,239,102,104,45,1,5,1,
16,23,428,187,64,16,1,5,1,
16,24,410,197,59,15,1,5,1,
16,25,539,438,47,15,1,5,1,
16,26,430,297,74,18,1,5,1,
16,27,384,181,126,34,1,5,1,
16,28,862,440,45,23,1,5,1,
16,29,397,364,78,19,1,5,1,
16,30,802,191,23,11,1,5,1,
16,31,411,365,40,11,1,5,1,
16,33,705,261,20,17,1,5,1,
16,34,479,292,171,43,1,5,1,
16,35,569,106,76,25,1,5,1,
16,36,649,389,243,63,1,5,1,
16,37,462,174,82,20,1,5,1,
16,38,846,0,20,23,1,5,1,
16,39,825,368,47,16,1,5,1,
16,40,332,234,107,26,1,5,1,
17,1,727,367,124,29,1,5,1,
17,2,573,311,38,15,1,5,1,
17,3,815,325,109,29,1,5,1,
17,4,738,504,46,26,1,5,1,
17,5,595,458,23,22,1,5,1,
17,6,684,359,55,20,1,5,1,
17,8,797,358,23,20,1,5,1,
17,9,272,448,173,43,1,5,1,
17,10,563,189,79,22,1,5,1,
17,11,319,226,59,15,1,5,1,
17,12,127,51,57,21,1,5,1,
17,14,716,386,198,49,1,5,1,
17,16,124,181,51,17,1,5,1,
17,17,324,154,84,21,1,5,1,
17,18,312,63,141,38,1,5,1,
17,19,684,363,172,49,1,5,1,
17,20,212,367,60,19,1,5,1,
17,21,653,235,10,10,1,5,1,
17,22,247,106,106,42,1,5,1,
17,23,434,187,63,16,1,5,1,
17,24,416,196,60,16,1,5,1,
17,25,547,437,44,14,1,5,1,
17,26,437,297,74,18,1,5,1,
17,27,393,180,129,35,1,5,1,
17,28,867,439,45,23,1,5,1,
17,29,403,363,78,20,1,5,1,
17,30,799,192,23,11,1,5,1,
17,31,415,364,41,11,1,5,1,
17,33,708,260,22,18,1,5,1,
17,34,492,292,170,43,1,5,1,
17,35,577,107,75,25,1,5,1,
17,36,678,389,223,61,1,5,1,
17,37,470,173,82,20,1,5,1,
17,38,845,0,20,26,1,5,1,
17,39,822,367,46,15,1,5,1,
17,40,343,234,106,26,1,5,1,
18,1,745,367,117,29,1,5,1,
18,2,578,310,36,15,1,5,1,
18,3,829,325,107,29,1,5,1,
18,4,735,500,43,26,1,5,1,
18,5,591,456,27,21,1,5,1,
18,6,690,359,55,19,1,5,1,
18,8,799,357,23,20,1,5,1,
18,9,287,447,172,43,1,5,1,
18,10,571,190,79,22,1,5,1,
18,11,325,226,57,15,1,5,1,
18,12,133,50,58,20,1,5,1,
18,14,733,387,200,49,1,5,1,
18,16,133,181,44,16,1,5,1,
18,17,329,154,86,22,1,5,1,
18,18,324,62,142,39,1,5,1,
18,19,713,362,150,48,1,5,1,
18,20,219,368,61,18,1,5,1,
18,21,654,235,10,10,1,5,1,
18,22,255,110,108,39,1,5,1,
18,23,441,187,62,16,1,5,1,
18,24,422,196,61,16,1,5,1,
18,25,553,436,44,14,1,5,1,
18,26,445,297,73,18,1,5,1,
18,27,403,179,131,35,1,5,1,
18,28,871,438,46,23,1,5,1,
18,29,410,363,78,20,1,5,1,
18,30,796,193,23,10,1,5,1,
18,31,420,364,41,10,1,5,1,
18,33,707,260,30,17,1,5,1,
18,34,505,292,171,42,1,5,1,
18,35,584,107,74,26,1,5,1,
18,36,709,388,199,61,1,5,1,
18,37,478,173,82,20,1,5,1,
18,38,843,0,20,30,1,5,1,
18,39,818,366,46,15,1,5,1,
18,40,353,234,107,26,1,5,1,
19,1,763,367,110,28,1,5,1,
19,2,581,310,36,15,1,5,1,
19,3,841,325,106,29,1,5,1,
19,4,732,497,40,26,1,5,1,
19,5,587,454,30,20,1,5,1,
19,6,697,358,54,19,1,5,1,
19,8,801,355,23,20,1,5,1,
19,9,302,446,170,43,1,5,1,
19,10,579,190,78,22,1,5,1,
19,11,331,227,55,14,1,5,1,
19,12,139,48,59,21,1,5,1,
19,14,751,387,200,49,1,5,1,
19,16,139,180,41,17,1,5,1,
19,17,335,154,86,22,1,5,1,
19,18,337,62,142,38,1,5,1,
19,19,741,361,125,46,1,5,1,
19,20,227,368,62,19,1,5,1,
19,21,654,235,11,10,1,5,1,
19,22,264,114,108,36,1,5,1,
19,23,447,187,62,16,1,5,1,
19,24,428,196,62,16,1,5,1,
19,25,560,435,43,14,1,5,1,
19,26,452,297,73,18,1,5,1,
19,27,413,179,133,35,1,5,1,
19,28,876,437,46,22,1,5,1,
19,29,416,363,78,20,1,5,1,
19,30,795,194,19,10,1,5,1,
19,31,424,364,42,10,1,5,1,
19,33,707,260,38,17,1,5,1,
19,34,517,292,174,41,1,5,1,
19,35,591,108,72,25,1,5,1,
19,36,742,388,170,58,1,5,1,
19,37,487,174,80,20,1,5,1,
19,38,841,0,22,34,1,5,1,
19,39,814,365,46,15,1,5,1,
19,40,364,234,106,26,1,5,1,
20,1,777,367,110,28,1,5,1,
20,2,585,310,34,15,1,5,1,
20,3,852,324,104,29,1,5,1,
20,4,730,494,36,26,1,5,1,
20,5,583,452,32,18,1,5,1,
20,6,704,357,53,19,1,5,1,
20,8,804,355,23,19,1,5,1,
20,9,317,445,169,43,1,5,1,
20,10,588,190,73,22,1,5,1,
20,11,337,227,53,14,1,5,1,
20,12,150,47,52,21,1,5,1,
20,14,768,387,191,50,1,5,1,
20,16,143,179,42,17,1,5,1,
20,17,343,155,85,22,1,5,1,
20,18,350,62,142,38,1,5,1,
20,19,762,359,112,45,1,5,1,
20,20,235,369,62,19,1,5,1,
20,21,654,235,11,11,1,5,1,
20,22,274,118,108,32,1,5,1,
20,23,453,188,61,16,1,5,1,
20,24,434,196,63,16,1,5,1,
20,25,566,434,42,14,1,5,1,
20,26,460,297,72,18,1,5,1,
20,27,423,179,136,36,1,5,1,
20,28,881,436,46,22,1,5,1,
20,29,422,363,78,19,1,5,1,
20,30,795,194,14,11,1,5,1,
20,31,429,364,42,10,1,5,1,
20,33,709,260,45,17,1,5,1,
20,34,529,292,175,41,1,5,1,
20,35,598,109,71,25,1,5,1,
20,36,771,386,144,57,1,5,1,
20,37,497,174,77,21,1,5,1,
20,38,836,0,31,37,1,5,1,
20,39,811,364,46,15,1,5,1,
20,40,374,234,107,26,1,5,1,
21,1,791,367,110,28,1,5,1,
21,2,589,309,33,15,1,5,1,
21,3,863,324,97,28,1,5,1,
21,4,728,492,32,24,1,5,1,
21,5,583,451,28,18,1,5,1,
21,6,711,357,52,18,1,5,1,
21,8,807,354,22,19,1,5,1,
21,9,332,444,167,43,1,5,1,
21,10,597,190,69,22,1,5,1,
21,11,344,227,49,14,1,5,1,
21,12,158,44,49,22,1,5,1,
21,14,785,388,175,49,1,5,1,
21,16,147,178,43,18,1,5,1,
21,17,350,155,85,23,1,5,1,
21,18,362,62,143,38,1,5,1,
21,19,773,357,115,45,1,5,1,
21,20,243,370,63,19,1,5,1,
21,21,654,236,11,10,1,5,1,
21,22,284,121,107,30,1,5,1,
21,23,459,188,61,16,1,5,1,
21,24,441,195,62,17,1,5,1,
21,25,572,433,42,14,1,5,1,
21,26,467,297,72,18,1,5,1,
21,27,433,181,139,36,1,5,1,
21,28,885,434,47,22,1,5,1,
21,29,429,363,77,19,1,5,1,
21,30,793,195,13,10,1,5,1,
21,31,435,364,41,10,1,5,1,
21,33,712,260,51,17,1,5,1,
21,34,542,292,174,41,1,5,1,
21,35,605,109,70,26,1,5,1,
21,36,790,384,135,56,1,5,1,
21,37,506,175,74,20,1,5,1,
21,38,833,0,32,40,1,5,1,
21,39,807,363,46,15,1,5,1,
21,40,385,234,106,26,1,5,1,
22,1,805,366,110,29,1,5,1,
22,2,592,309,33,15,1,5,1,
22,3,875,324,85,28,1,5,1,
22,4,727,489,28,23,1,5,1,
22,5,583,449,24,18,1,5,1,
22,6,717,356,51,18,1,5,1,
22,8,809,353,22,19,1,5,1,
22,9,348,443,164,43,1,5,1,
22,10,604,191,68,22,1,5,1,
22,11,350,227,45,14,1,5,1,
22,12,164,42,49,22,1,5,1,
22,14,802,388,158,50,1,5,1,
22,16,155,178,35,17,1,5,1,
22,17,357,156,84,22,1,5,1,
22,18,375,62,143,38,1,5,1,
22,19,789,356,109,44,1,5,1,
22,20,249,371,67,19,1,5,1,
22,21,655,236,10,10,1,5,1,
22,22,295,123,105,28,1,5,1,
22,23,465,188,61,16,1,5,1,
22,24,447,196,63,16,1,5,1,
22,25,578,432,41,13,1,5,1,
22,26,475,297,72,18,1,5,1,
22,27,444,180,140,37,1,5,1,
22,28,890,433,48,22,1,5,1,
22,29,435,363,78,19,1,5,1,
22,30,793,196,10,10,1,5,1,
22,31,440,364,40,11,1,5,1,
22,33,715,260,58,17,1,5,1,
22,34,557,292,168,41,1,5,1,
22,35,611,110,69,26,1,5,1,
22,36,808,382,126,55,1,5,1,
22,37,514,175,73,21,1,5,1,
22,38,830,2,32,41,1,5,1,
22,39,804,362,45,15,1,5,1,
22,40,395,234,106,26,1,5,1,
23,1,819,366,111,29,1,5,1,
23,2,596,309,31,14,1,5,1,
23,3,886,324,74,28,1,5,1,
23,4,727,487,23,22,1,5,1,
23,5,584,448,19,18,1,5,1,
23,6,724,355,50,18,1,5,1,
23,8,812,352,22,19,1,5,1,
23,9,363,443,162,41,1,5,1,
23,10,611,191,67,22,1,5,1,
23,11,355,226,43,15,1,5,1,
23,12,169,40,51,22,1,5,1,
23,14,820,389,140,45,1,5,1,
23,16,161,177,30,17,1,5,1,
23,17,364,156,84,22,1,5,1,
23,18,388,61,143,39,1,5,1,
23,19,804,355,103,43,1,5,1,
23,20,256,373,70,19,1,5,1,
23,21,655,236,10,10,1,5,1,
23,22,306,124,103,27,1,5,1,
23,23,471,188,60,16,1,5,1,
23,24,453,196,64,16,1,5,1,
23,25,584,431,40,13,1,5,1,
23,26,482,297,72,18,1,5,1,
23,27,454,180,143,36,1,5,1,
23,28,895,432,48,22,1,5,1,
23,29,441,363,78,19,1,5,1,
23,30,793,197,10,9,1,5,1,
23,31,445,365,40,10,1,5,1,
23,33,720,260,64,17,1,5,1,
23,34,571,292,165,41,1,5,1,
23,35,618,111,68,25,1,5,1,
23,36,824,380,119,54,1,5,1,
23,37,522,176,72,20,1,5,1,
23,38,827,5,32,40,1,5,1,
23,39,800,361,45,15,1,5,1,
23,40,406,234,106,26,1,5,1,
24,1,833,366,111,29,1,5,1,
24,2,596,309,37,14,1,5,1,
24,3,898,323,62,27,1,5,1,
24,4,727,485,19,20,1,5,1,
24,5,585,446,15,19,1,5,1,
24,6,730,355,50,17,1,5,1,
24,8,814,351,22,19,1,5,1,
24,9,377,442,161,41,1,5,1,
24,10,618,192,66,21,1,5,1,
24,11,358,226,44,14,1,5,1,
24,12,175,38,51,22,1,5,1,
24,14,838,389,122,46,1,5,1,
24,16,164,175,30,18,1,5,1,
24,17,370,156,84,22,1,5,1,
24,18,401,61,143,39,1,5,1,
24,19,819,353,96,43,1,5,1,
24,20,263,374,73,19,1,5,1,
24,21,655,237,11,10,1,5,1,
24,22,316,124,101,27,1,5,1,
24,23,476,188,60,16,1,5,1,
24,24,460,196,64,16,1,5,1,
24,25,590,430,40,13,1,5,1,
24,26,490,297,71,18,1,5,1,
24,27,465,179,145,37,1,5,1,
24,28,900,432,48,21,1,5,1,
24,29,448,363,77,19,1,5,1,
24,30,792,197,10,10,1,5,1,
24,31,449,365,41,10,1,5,1,
24,33,727,260,67,17,1,5,1,
24,34,584,292,164,41,1,5,1,
24,35,624,112,68,25,1,5,1,
24,36,839,378,112,53,1,5,1,
24,37,530,176,71,21,1,5,1,
24,38,824,8,32,40,1,5,1,
24,39,797,360,45,15,1,5,1,
24,40,416,234,106,26,1,5,1,
25,1,847,366,112,29,1,5,1,
25,2,599,308,38,15,1,5,1,
25,3,909,326,51,24,1,5,1,
25,4,727,484,15,18,1,5,1,
25,5,585,445,12,18,1,5,1,
25,6,736,354,49,18,1,5,1,
25,8,816,350,22,19,1,5,1,
25,9,392,441,158,41,1,5,1,
25,10,623,192,71,22,1,5,1,
25,11,360,225,45,15,1,5,1,
25,12,180,35,52,22,1,5,1,
25,14,856,392,104,44,1,5,1,
25,16,166,174,31,19,1,5,1,
25,17,377,156,83,22,1,5,1,
25,18,414,61,143,39,1,5,1,
25,19,833,352,91,42,1,5,1,
25,20,272,374,74,19,1,5,1,
25,21,656,237,10,10,1,5,1,
25,22,326,124,99,26,1,5,1,
25,23,482,189,60,16,1,5,1,
25,24,467,195,64,17,1,5,1,
25,25,596,429,38,13,1,5,1,
25,26,497,297,71,18,1,5,1,
25,27,476,178,147,38,1,5,1,
25,28,906,431,48,21,1,5,1,
25,29,454,363,77,19,1,5,1,
25,30,792,198,10,9,1,5,1,
25,31,454,365,41,11,1,5,1,
25,33,736,260,66,17,1,5,1,
25,34,597,292,163,41,1,5,1,
25,35,630,113,67,25,1,5,1,
25,36,844,376,115,52,1,5,1,
25,37,537,177,71,20,1,5,1,
25,38,821,11,33,39,1,5,1,
25,39,793,360,45,13,1,5,1,
25,40,427,234,106,26,1,5,1,
26,1,861,366,99,29,1,5,1,
26,2,603,308,37,14,1,5,1,
26,3,921,329,39,19,1,5,1,
26,4,727,482,11,17,1,5,1,
26,5,584,444,14,17,1,5,1,
26,6,743,353,48,18,1,5,1,
26,8,819,349,21,19,1,5,1,
26,9,407,440,155,41,1,5,1,
26,10,629,193,72,21,1,5,1,
26,11,363,225,46,14,1,5,1,
26,12,186,33,53,22,1,5,1,
26,14,875,394,85,37,1,5,1,
26,16,169,173,31,19,1,5,1,
26,17,383,156,84,22,1,5,1,
26,18,427,61,142,39,1,5,1,
26,19,846,351,86,41,1,5,1,
26,20,282,375,74,19,1,5,1,
26,21,656,237,10,10,1,5,1,
26,22,334,123,100,27,1,5,1,
26,23,489,189,57,16,1,5,1,
26,24,474,195,65,17,1,5,1,
26,25,602,427,37,14,1,5,1,
26,26,504,297,70,17,1,5,1,
26,27,487,178,149,37,1,5,1,
26,28,911,430,47,21,1,5,1,
26,29,461,363,76,19,1,5,1,
26,30,792,199,9,9,1,5,1,
26,31,459,366,41,10,1,5,1,
26,33,744,260,67,17,1,5,1,
26,34,613,291,156,42,1,5,1,
26,35,637,114,66,24,1,5,1,
26,36,859,375,101,51,1,5,1,
26,37,545,177,69,20,1,5,1,
26,38,818,14,33,39,1,5,1,
26,39,789,359,45,13,1,5,1,
26,40,437,234,106,26,1,5,1,
27,1,876,366,84,29,1,5,1,
27,2,607,308,35,14,1,5,1,
27,4,726,480,13,17,1,5,1,
27,5,583,443,17,17,1,5,1,
27,6,749,353,47,17,1,5,1,
27,8,820,348,24,18,1,5,1,
27,9,422,439,151,40,1,5,1,
27,10,636,193,71,21,1,5,1,
27,11,366,225,48,14,1,5,1,
27,12,191,30,55,23,1,5,1,
27,16,171,172,33,19,1,5,1,
27,17,390,156,83,22,1,5,1,
27,18,440,61,142,39,1,5,1,
27,19,859,350,81,40,1,5,1,
27,20,292,375,74,19,1,5,1,
27,21,656,238,10,9,1,5,1,
27,22,342,123,100,27,1,5,1,
27,23,495,189,55,17,1,5,1,
27,24,481,195,65,17,1,5,1,
27,25,608,426,36,13,1,5,1,
27,26,511,297,70,17,1,5,1,
27,27,498,177,152,38,1,5,1,
27,28,916,429,44,21,1,5,1,
27,29,467,362,76,20,1,5,1,
27,30,791,199,10,9,1,5,1,
27,31,463,366,42,11,1,5,1,
27,33,754,260,64,17,1,5,1,
27,34,627,291,152,42,1,5,1,
27,35,643,114,65,25,1,5,1,
27,36,873,373,87,51,1,5,1,
27,37,553,178,67,20,1,5,1,
27,38,815,18,33,37,1,5,1,
27,39,786,358,44,13,1,5,1,
27,40,448,234,105,26,1,5,1,
28,1,890,367,70,27,1,5,1,
28,2,611,308,34,14,1,5,1,
28,4,724,478,17,17,1,5,1,
28,5,580,441,20,17,1,5,1,
28,6,755,352,46,17,1,5,1,
28,8,821,347,26,18,1,5,1,
28,9,436,438,149,40,1,5,1,
28,10,644,193,69,21,1,5,1,
28,11,369,224,49,15,1,5,1,
28,12,197,28,56,23,1,5,1,
28,16,173,171,35,19,1,5,1,
28,17,396,156,83,23,1,5,1,
28,18,453,61,142,39,1,5,1,
28,19,871,348,76,40,1,5,1,
28,20,302,376,75,19,1,5,1,
28,21,656,238,10,9,1,5,1,
28,22,351,123,100,26,1,5,1,
28,23,500,190,54,16,1,5,1,
28,24,488,195,65,17,1,5,1,
28,25,613,425,36,13,1,5,1,
28,26,519,297,69,17,1,5,1,
28,27,510,176,153,39,1,5,1,
28,28,922,428,38,21,1,5,1,
28,29,473,362,77,20,1,5,1,
28,30,791,200,9,9,1,5,1,
28,31,468,366,42,11,1,5,1,
28,33,763,260,63,17,1,5,1,
28,34,639,291,151,41,1,5,1,
28,35,649,115,64,25,1,5,1,
28,36,888,371,72,50,1,5,1,
28,37,561,178,65,20,1,5,1,
28,38,812,20,33,37,1,5,1,
28,39,782,357,45,13,1,5,1,
28,40,458,234,105,26,1,5,1,
29,1,905,368,55,26,1,5,1,
29,2,614,307,34,14,1,5,1,
29,4,721,476,20,17,1,5,1,
29,5,577,440,24,16,1,5,1,
29,6,761,351,45,17,1,5,1,
29,8,825,346,24,18,1,5,1,
29,9,451,436,145,40,1,5,1,
29,10,651,193,69,21,1,5,1,
29,11,373,224,50,15,1,5,1,
29,12,202,25,59,23,1,5,1,
29,16,176,170,36,19,1,5,1,
29,17,403,157,83,22,1,5,1,
29,18,466,61,142,39,1,5,1,
29,19,883,347,70,39,1,5,1,
29,20,311,376,76,19,1,5,1,
29,21,657,238,10,10,1,5,1,
29,22,359,122,101,27,1,5,1,
29,23,506,190,53,17,1,5,1,
29,24,495,195,65,17,1,5,1,
29,25,619,424,34,13,1,5,1,
29,26,526,297,69,17,1,5,1,
29,27,522,174,156,38,1,5,1,
29,28,932,427,28,20,1,5,1,
29,29,480,362,76,19,1,5,1,
29,30,790,200,10,9,1,5,1,
29,31,473,366,42,11,1,5,1,
29,33,771,260,63,17,1,5,1,
29,34,652,291,149,41,1,5,1,
29,35,656,116,62,24,1,5,1,
29,36,901,370,59,49,1,5,1,
29,37,568,178,65,21,1,5,1,
29,38,809,23,33,37,1,5,1,
29,39,779,356,44,14,1,5,1,
29,40,469,234,105,26,1,5,1,
30,1,919,371,41,18,1,5,1,
30,2,618,307,32,14,1,5,1,
30,4,718,474,23,16,1,5,1,
30,5,573,438,27,17,1,5,1,
30,6,767,351,44,17,1,5,1,
30,8,828,346,24,18,1,5,1,
30,9,465,435,142,40,1,5,1,
30,10,658,194,68,21,1,5,1,
30,11,376,224,52,15,1,5,1,
30,12,209,23,60,23,1,5,1,
30,16,179,169,37,19,1,5,1,
30,17,409,157,83,22,1,5,1,
30,18,479,61,141,39,1,5,1,
30,19,894,346,65,38,1,5,1,
30,20,321,377,77,19,1,5,1,
30,21,658,238,10,10,1,5,1,
30,22,367,122,102,27,1,5,1,
30,23,511,190,52,17,1,5,1,
30,24,502,195,65,17,1,5,1,
30,25,622,423,37,13,1,5,1,
30,26,533,297,68,17,1,5,1,
30,27,534,171,159,39,1,5,1,
30,28,942,428,18,19,1,5,1,
30,29,486,362,76,19,1,5,1,
30,30,790,201,9,9,1,5,1,
30,31,478,367,43,10,1,5,1,
30,33,783,261,56,17,1,5,1,
30,34,664,291,147,41,1,5,1,
30,35,662,117,61,24,1,5,1,
30,36,914,377,46,40,1,5,1,
30,37,576,179,62,20,1,5,1,
30,38,805,26,34,36,1,5,1,
30,39,775,355,44,14,1,5,1,
30,40,479,234,105,26,1,5,1,
31,2,621,307,32,14,1,5,1,
31,4,714,473,26,15,1,5,1,
31,5,570,437,28,16,1,5,1,
31,6,773,350,43,17,1,5,1,
31,8,832,345,22,18,1,5,1,
31,9,479,434,139,39,1,5,1,
31,10,665,194,67,21,1,5,1,
31,11,380,224,52,15,1,5,1,
31,12,215,20,62,24,1,5,1,
31,16,182,167,38,20,1,5,1,
31,17,416,157,82,22,1,5,1,
31,18,492,61,141,39,1,5,1,
31,19,904,345,56,37,1,5,1,
31,20,331,377,77,20,1,5,1,
31,21,658,239,10,9,1,5,1,
31,22,375,121,102,27,1,5,1,
31,23,517,191,50,16,1,5,1,
31,24,509,195,65,17,1,5,1,
31,25,626,422,39,13,1,5,1,
31,26,540,297,68,17,1,5,1,
31,27,546,171,161,39,1,5,1,
31,28,946,428,14,17,1,5,1,
31,29,492,362,76,19,1,5,1,
31,30,789,202,10,8,1,5,1,
31,31,483,367,43,11,1,5,1,
31,33,795,262,48,16,1,5,1,
31,34,676,291,146,40,1,5,1,
31,35,668,117,60,25,1,5,1,
31,36,925,382,35,28,1,5,1,
31,37,583,179,61,20,1,5,1,
31,38,802,29,34,35,1,5,1,
31,39,774,355,39,13,1,5,1,
31,40,490,234,104,26,1,5,1,
32,2,624,307,31,13,1,5,1,
32,4,710,471,28,15,1,5,1,
32,5,567,436,29,15,1,5,1,
32,6,778,349,43,17,1,5,1,
32,8,834,344,22,18,1,5,1,
32,9,492,433,137,38,1,5,1,
32,10,672,194,66,21,1,5,1,
32,11,384,223,53,15,1,5,1,
32,12,221,18,64,24,1,5,1,
32,16,185,166,40,20,1,5,1,
32,17,422,157,82,22,1,5,1,
32,18,505,61,141,39,1,5,1,
32,19,914,344,46,37,1,5,1,
32,20,341,378,78,19,1,5,1,
32,21,659,239,9,9,1,5,1,
32,22,383,121,103,27,1,5,1,
32,23,522,191,50,17,1,5,1,
32,24,515,195,66,16,1,5,1,
32,25,632,421,38,13,1,5,1,
32,26,547,296,67,18,1,5,1,
32,27,558,170,164,39,1,5,1,
32,29,499,362,74,19,1,5,1,
32,30,789,202,9,9,1,5,1,
32,31,488,367,43,11,1,5,1,
32,33,803,262,45,16,1,5,1,
32,34,688,291,144,40,1,5,1,
32,35,674,118,58,24,1,5,1,
32,37,590,180,60,20,1,5,1,
32,38,799,32,34,34,1,5,1,
32,39,769,354,42,13,1,5,1,
32,40,500,234,104,26,1,5,1,
33,2,628,306,30,14,1,5,1,
33,4,707,469,28,15,1,5,1,
33,5,564,434,30,16,1,5,1,
33,6,784,349,41,16,1,5,1,
33,8,837,344,21,17,1,5,1,
33,9,505,432,134,38,1,5,1,
33,10,679,195,64,20,1,5,1,
33,11,388,223,54,15,1,5,1,
33,12,228,15,66,24,1,5,1,
33,16,188,165,42,20,1,5,1,
33,17,429,157,81,23,1,5,1,
33,18,518,62,140,39,1,5,1,
33,19,922,342,38,37,1,5,1,
33,20,351,378,79,20,1,5,1,
33,21,659,239,9,9,1,5,1,
33,22,392,120,103,28,1,5,1,
33,23,527,191,49,17,1,5,1,
33,24,523,194,64,17,1,5,1,
33,25,637,421,38,12,1,5,1,
33,26,554,296,67,17,1,5,1,
33,27,571,169,165,40,1,5,1,
33,29,505,362,74,19,1,5,1,
33,30,788,203,9,8,1,5,1,
33,31,493,367,43,11,1,5,1,
33,33,810,262,44,16,1,5,1,
33,34,700,291,142,40,1,5,1,
33,35,680,119,57,24,1,5,1,
33,37,597,181,58,19,1,5,1,
33,38,796,34,34,34,1,5,1,
33,39,765,353,44,13,1,5,1,
33,40,510,234,104,26,1,5,1,
34,2,631,306,29,14,1,5,1,
34,4,704,467,28,15,1,5,1,
34,5,560,433,32,15,1,5,1,
34,6,789,348,40,17,1,5,1,
34,8,839,343,21,17,1,5,1,
34,9,519,430,130,38,1,5,1,
34,10,685,195,64,20,1,5,1,
34,11,392,223,55,15,1,5,1,
34,12,235,13,67,24,1,5,1,
34,16,191,164,44,20,1,5,1,
34,17,435,158,81,22,1,5,1,
34,18,531,62,139,39,1,5,1,
34,19,930,343,30,34,1,5,1,
34,20,362,379,78,19,1,5,1,
34,21,659,239,10,9,1,5,1,
34,22,400,120,104,27,1,5,1,
34,23,532,192,48,16,1,5,1,
34,24,531,194,62,17,1,5,1,
34,25,643,420,37,12,1,5,1,
34,26,562,296,65,17,1,5,1,
34,27,584,169,167,40,1,5,1,
34,29,511,362,74,19,1,5,1,
34,30,787,203,10,9,1,5,1,
34,31,498,368,44,10,1,5,1,
34,33,813,261,49,17,1,5,1,
34,34,717,291,131,40,1,5,1,
34,35,685,120,57,24,1,5,1,
34,37,604,181,56,20,1,5,1,
34,38,793,37,34,33,1,5,1,
34,39,762,353,43,12,1,5,1,
34,40,521,234,103,26,1,5,1,
35,2,634,306,28,13,1,5,1,
35,4,701,465,28,15,1,5,1,
35,5,557,432,33,14,1,5,1,
35,6,794,347,39,17,1,5,1,
35,8,841,342,21,17,1,5,1,
35,9,532,429,126,37,1,5,1,
35,10,692,195,63,21,1,5,1,
35,11,396,223,56,15,1,5,1,
35,12,242,10,69,25,1,5,1,
35,16,195,162,45,21,1,5,1,
35,17,442,158,80,22,1,5,1,
35,18,544,62,139,39,1,5,1,
35,19,938,347,22,28,1,5,1,
35,20,372,379,79,20,1,5,1,
35,21,659,240,10,9,1,5,1,
35,22,408,120,105,27,1,5,1,
35,23,537,192,46,17,1,5,1,
35,24,538,194,60,17,1,5,1,
35,25,648,419,36,12,1,5,1,
35,26,569,296,64,17,1,5,1,
35,27,597,168,168,40,1,5,1,
35,29,518,361,73,19,1,5,1,
35,30,787,204,9,8,1,5,1,
35,31,503,368,44,11,1,5,1,
35,33,823,262,43,16,1,5,1,
35,34,731,291,124,40,1,5,1,
35,35,691,120,55,25,1,5,1,
35,37,611,182,54,19,1,5,1,
35,38,790,40,34,32,1,5,1,
35,39,759,352,42,12,1,5,1,
35,40,531,234,103,26,1,5,1,
36,2,637,306,27,13,1,5,1,
36,4,698,464,28,14,1,5,1,
36,5,553,431,34,13,1,5,1,
36,6,800,347,37,16,1,5,1,
36,8,843,342,21,17,1,5,1,
36,9,545,428,122,36,1,5,1,
36,10,699,196,61,20,1,5,1,
36,11,400,222,57,16,1,5,1,
36,12,249,8,72,25,1,5,1,
36,16,199,161,47,21,1,5,1,
36,17,448,158,80,22,1,5,1,
36,18,557,62,138,39,1,5,1,
36,20,383,380,80,19,1,5,1,
36,21,659,240,10,9,1,5,1,
36,22,417,119,105,28,1,5,1,
36,23,542,193,45,16,1,5,1,
36,24,545,195,59,16,1,5,1,
36,25,654,418,35,12,1,5,1,
36,26,576,296,63,17,1,5,1,
36,27,610,168,169,40,1,5,1,
36,29,524,362,73,19,1,5,1,
36,30,785,204,11,9,1,5,1,
36,31,509,368,44,10,1,5,1,
36,33,826,262,48,16,1,5,1,
36,34,742,291,121,40,1,5,1,
36,35,696,121,54,24,1,5,1,
36,37,617,182,53,20,1,5,1,
36,38,786,42,35,32,1,5,1,
36,39,755,351,43,12,1,5,1,
36,40,541,234,103,26,1,5,1,
37,2,638,306,30,13,1,5,1,
37,4,695,462,28,14,1,5,1,
37,5,548,430,36,13,1,5,1,
37,6,804,346,37,16,1,5,1,
37,8,845,341,21,17,1,5,1,
37,9,557,426,119,37,1,5,1,
37,10,705,196,60,20,1,5,1,
37,11,404,222,58,16,1,5,1,
37,12,255,5,76,26,1,5,1,
37,16,203,160,48,21,1,5,1,
37,17,454,158,80,23,1,5,1,
37,18,570,63,136,39,1,5,1,
37,20,393,380,81,20,1,5,1,
37,21,660,240,9,9,1,5,1,
37,22,426,119,105,28,1,5,1,
37,23,547,193,43,16,1,5,1,
37,24,552,195,58,16,1,5,1,
37,25,659,417,34,12,1,5,1,
37,26,582,296,64,17,1,5,1,
37,27,624,167,169,41,1,5,1,
37,29,530,362,73,19,1,5,1,
37,30,785,205,9,8,1,5,1,
37,31,514,367,44,11,1,5,1,
37,33,835,262,42,16,1,5,1,
37,34,753,291,119,39,1,5,1,
37,35,701,122,54,24,1,5,1,
37,37,623,183,52,19,1,5,1,
37,38,783,45,35,31,1,5,1,
37,39,752,351,42,12,1,5,1,
37,40,552,234,102,26,1,5,1,
38,2,642,305,27,13,1,5,1,
38,4,692,460,28,14,1,5,1,
38,5,543,429,38,12,1,5,1,
38,6,809,346,36,16,1,5,1,
38,8,847,341,20,16,1,5,1,
38,9,569,424,116,37,1,5,1,
38,10,711,196,60,20,1,5,1,
38,11,408,222,59,15,1,5,1,
38,12,263,3,78,26,1,5,1,
38,16,207,159,50,21,1,5,1,
38,17,461,159,78,22,1,5,1,
38,18,583,63,135,39,1,5,1,
38,20,404,380,81,20,1,5,1,
38,21,660,240,9,9,1,5,1,
38,22,434,119,106,28,1,5,1,
38,23,552,193,42,17,1,5,1,
38,24,559,195,57,16,1,5,1,
38,25,664,416,33,12,1,5,1,
38,26,589,296,62,16,1,5,1,
38,27,638,167,170,40,1,5,1,
38,29,536,361,72,19,1,5,1,
38,30,784,205,10,9,1,5,1,
38,31,519,367,44,11,1,5,1,
38,33,843,262,39,16,1,5,1,
38,34,764,291,116,39,1,5,1,
38,35,707,123,52,24,1,5,1,
38,37,629,183,51,20,1,5,1,
38,38,780,47,35,31,1,5,1,
38,39,748,350,43,12,1,5,1,
38,40,562,234,102,26,1,5,1,
39,2,645,305,26,13,1,5,1,
39,4,689,459,28,13,1,5,1,
39,5,539,428,38,11,1,5,1,
39,6,814,345,35,16,1,5,1,
39,8,848,340,21,16,1,5,1,
39,9,581,423,112,36,1,5,1,
39,10,718,197,57,20,1,5,1,
39,11,413,222,59,15,1,5,1,
39,12,271,1,80,25,1,5,1,
39,16,211,157,52,22,1,5,1,
39,17,467,159,78,22,1,5,1,
39,18,596,64,134,39,1,5,1,
39,20,415,381,81,20,1,5,1,
39,21,659,241,9,8,1,5,1,
39,22,443,119,106,27,1,5,1,
39,23,556,194,41,16,1,5,1,
39,24,565,196,57,16,1,5,1,
39,25,669,415,32,12,1,5,1,
39,26,596,296,61,16,1,5,1,
39,27,651,166,171,41,1,5,1,
39,29,543,361,71,19,1,5,1,
39,30,782,206,12,8,1,5,1,
39,31,525,367,44,11,1,5,1,
39,33,849,262,38,16,1,5,1,
39,34,774,290,114,39,1,5,1,
39,35,712,124,51,24,1,5,1,
39,37,635,184,49,19,1,5,1,
39,38,777,49,35,31,1,5,1,
39,39,745,349,42,12,1,5,1,
39,40,572,234,101,26,1,5,1,
40,2,648,305,25,13,1,5,1,
40,4,685,457,29,14,1,5,1,
40,5,534,428,39,10,1,5,1,
40,6,818,344,35,16,1,5,1,
40,8,850,339,20,16,1,5,1,
40,9,593,421,108,36,1,5,1,
40,10,724,197,56,20,1,5,1,
40,11,417,222,61,15,1,5,1,
40,12,280,0,81,24,1,5,1,
40,16,215,156,55,22,1,5,1,
40,17,474,159,76,23,1,5,1,
40,18,609,64,133,39,1,5,1,
40,20,426,381,82,20,1,5,1,
40,21,658,241,10,8,1,5,1,
40,22,452,119,106,27,1,5,1,
40,23,561,194,39,17,1,5,1,
40,24,572,196,56,16,1,5,1,
40,25,674,414,31,12,1,5,1,
40,26,602,296,61,16,1,5,1,
40,27,667,167,163,42,1,5,1,
40,29,549,361,70,19,1,5,1,
40,30,778,206,16,9,1,5,1,
40,31,530,367,44,11,1,5,1,
40,33,851,262,44,16,1,5,1,
40,34,784,290,111,39,1,5,1,
40,35,717,125,50,23,1,5,1,
40,37,641,185,48,19,1,5,1,
40,38,773,52,36,30,1,5,1,
40,39,741,349,42,11,1,5,1,
40,40,582,234,101,26,1,5,1,
41,2,650,305,25,13,1,5,1,
41,4,682,456,29,13,1,5,1,
41,5,529,427,39,11,1,5,1,
41,6,823,344,33,15,1,5,1,
41,8,851,339,20,16,1,5,1,
41,9,605,420,103,35,1,5,1,
41,10,730,198,53,20,1,5,1,
41,11,422,221,61,16,1,5,1,
41,12,289,0,83,22,1,5,1,
41,16,220,155,56,22,1,5,1,
41,17,480,160,76,22,1,5,1,
41,18,622,65,131,39,1,5,1,
41,20,437,381,82,20,1,5,1,
41,21,657,241,12,9,1,5,1,
41,22,461,119,106,27,1,5,1,
41,23,565,195,39,16,1,5,1,
41,24,578,196,55,16,1,5,1,
41,25,679,413,30,12,1,5,1,
41,26,609,295,60,17,1,5,1,
41,27,682,168,154,42,1,5,1,
41,29,555,361,70,18,1,5,1,
41,30,775,207,18,8,1,5,1,
41,31,536,367,43,11,1,5,1,
41,33,860,263,37,15,1,5,1,
41,34,794,290,108,38,1,5,1,
41,35,722,126,49,23,1,5,1,
41,37,647,185,46,19,1,5,1,
41,38,770,54,36,30,1,5,1,
41,39,738,348,42,12,1,5,1,
41,40,593,234,99,26,1,5,1,
42,2,653,304,24,13,1,5,1,
42,4,679,454,28,13,1,5,1,
42,5,524,427,40,11,1,5,1,
42,6,827,343,33,16,1,5,1,
42,8,852,338,20,16,1,5,1,
42,9,616,418,99,35,1,5,1,
42,10,735,199,50,20,1,5,1,
42,11,427,221,62,16,1,5,1,
42,12,298,-1,85,21,1,5,1,
42,16,225,153,58,23,1,5,1,
42,17,486,160,75,22,1,5,1,
42,18,635,66,129,38,1,5,1,
42,20,448,382,83,20,1,5,1,
42,21,654,241,15,9,1,5,1,
42,22,470,118,106,28,1,5,1,
42,23,569,195,38,16,1,5,1,
42,24,585,197,54,15,1,5,1,
42,25,683,413,30,12,1,5,1,
42,26,615,295,59,17,1,5,1,
42,27,696,169,150,42,1,5,1,
42,29,561,360,69,19,1,5,1,
42,30,771,207,21,9,1,5,1,
42,31,541,367,43,11,1,5,1,
42,33,866,263,36,15,1,5,1,
42,34,804,290,105,38,1,5,1,
42,35,727,127,47,23,1,5,1,
42,37,652,186,45,19,1,5,1,
42,38,767,56,35,29,1,5,1,
42,39,735,347,41,12,1,5,1,
42,40,603,234,99,26,1,5,1,
43,2,656,304,22,13,1,5,1,
43,4,676,453,28,12,1,5,1,
43,5,520,427,39,10,1,5,1,
43,6,831,343,32,15,1,5,1,
43,8,853,337,20,16,1,5,1,
43,9,627,416,95,35,1,5,1,
43,10,740,200,46,21,1,5,1,
43,11,431,221,63,16,1,5,1,
43,12,307,-3,87,21,1,5,1,
43,16,230,152,60,23,1,5,1,
43,17,492,160,74,23,1,5,1,
43,18,651,64,119,41,1,5,1,
43,20,459,382,83,20,1,5,1,
43,21,651,241,18,9,1,5,1,
43,22,479,118,106,28,1,5,1,
43,23,573,196,36,16,1,5,1,
43,24,591,197,53,16,1,5,1,
43,25,688,412,29,12,1,5,1,
43,26,622,295,57,17,1,5,1,
43,27,710,169,146,42,1,5,1,
43,29,567,360,68,19,1,5,1,
43,30,767,208,23,8,1,5,1,
43,31,546,367,44,11,1,5,1,
43,33,872,263,34,15,1,5,1,
43,34,813,290,103,37,1,5,1,
43,35,732,127,46,24,1,5,1,
43,37,657,187,44,18,1,5,1,
43,38,763,59,36,28,1,5,1,
43,39,731,347,42,11,1,5,1,
43,40,613,234,98,26,1,5,1,
44,2,658,304,22,13,1,5,1,
44,4,673,451,28,13,1,5,1,
44,5,515,427,39,10,1,5,1,
44,6,835,342,31,15,1,5,1,
44,8,854,336,20,16,1,5,1,
44,9,631,416,105,34,1,5,1,
44,10,744,201,44,20,1,5,1,
44,11,436,221,64,16,1,5,1,
44,12,317,-5,88,21,1,5,1,
44,16,236,151,61,22,1,5,1,
44,17,499,161,72,22,1,5,1,
44,18,669,62,105,44,1,5,1,
44,20,471,382,83,21,1,5,1,
44,22,488,118,106,28,1,5,1,
44,23,577,196,35,16,1,5,1,
44,24,597,197,52,16,1,5,1,
44,25,692,411,29,12,1,5,1,
44,26,628,295,57,16,1,5,1,
44,27,723,169,144,42,1,5,1,
44,29,573,360,67,18,1,5,1,
44,30,763,208,24,8,1,5,1,
44,31,552,367,42,11,1,5,1,
44,33,877,263,33,15,1,5,1,
44,34,823,290,100,37,1,5,1,
44,35,736,128,46,23,1,5,1,
44,37,663,187,42,19,1,5,1,
44,38,760,61,36,28,1,5,1,
44,39,728,346,41,11,1,5,1,
44,40,623,235,97,25,1,5,1,
45,2,661,304,20,12,1,5,1,
45,4,669,450,29,12,1,5,1,
45,5,511,427,38,11,1,5,1,
45,6,839,342,30,15,1,5,1,
45,8,854,336,20,15,1,5,1,
45,9,635,415,115,34,1,5,1,
45,10,748,201,44,21,1,5,1,
45,11,441,221,64,15,1,5,1,
45,12,326,-7,88,21,1,5,1,
45,16,241,149,63,23,1,5,1,
45,17,504,161,72,23,1,5,1,
45,18,683,63,97,45,1,5,1,
45,20,482,383,84,20,1,5,1,
45,22,497,118,106,28,1,5,1,
45,23,581,197,34,16,1,5,1,
45,24,603,198,51,15,1,5,1,
45,25,697,410,27,12,1,5,1,
45,26,634,295,56,16,1,5,1,
45,27,735,170,144,41,1,5,1,
45,29,579,360,66,18,1,5,1,
45,30,759,209,25,8,1,5,1,
45,31,558,367,41,11,1,5,1,
45,33,882,263,32,15,1,5,1,
45,34,831,290,99,36,1,5,1,
45,35,741,129,44,23,1,5,1,
45,37,667,188,41,18,1,5,1,
45,38,757,63,36,27,1,5,1,
45,39,724,346,42,11,1,5,1,
45,40,633,235,96,25,1,5,1,
46,2,664,304,17,12,1,5,1,
46,4,666,449,29,11,1,5,1,
46,5,507,428,36,10,1,5,1,
46,6,844,341,28,15,1,5,1,
46,8,853,335,21,15,1,5,1,
46,9,643,417,120,33,1,5,1,
46,10,753,202,42,20,1,5,1,
46,11,446,220,65,16,1,5,1,
46,16,247,148,65,23,1,5,1,
46,17,510,162,70,22,1,5,1,
46,18,694,65,94,45,1,5,1,
46,20,494,383,84,20,1,5,1,
46,22,506,118,106,28,1,5,1,
46,23,585,197,32,16,1,5,1,
46,24,609,198,50,16,1,5,1,
46,25,701,409,26,12,1,5,1,
46,26,640,295,55,16,1,5,1,
46,27,748,170,142,41,1,5,1,
46,29,585,359,65,19,1,5,1,
46,30,756,209,24,8,1,5,1,
46,31,563,367,41,10,1,5,1,
46,33,887,263,31,15,1,5,1,
46,34,840,289,98,37,1,5,1,
46,35,745,130,44,23,1,5,1,
46,37,672,189,40,18,1,5,1,
46,38,753,65,37,27,1,5,1,
46,39,721,345,41,11,1,5,1,
46,40,643,235,95,25,1,5,1,
47,2,666,303,16,13,1,5,1,
47,4,663,447,28,12,1,5,1,
47,5,504,428,34,11,1,5,1,
47,6,847,340,27,15,1,5,1,
47,8,853,333,21,16,1,5,1,
47,9,652,419,125,33,1,5,1,
47,10,756,203,42,20,1,5,1,
47,11,451,220,66,16,1,5,1,
47,16,252,147,67,23,1,5,1,
47,17,516,162,69,23,1,5,1,
47,18,704,67,92,44,1,5,1,
47,20,505,384,85,20,1,5,1,
47,22,515,118,106,28,1,5,1,
47,23,588,198,32,16,1,5,1,
47,24,615,198,49,16,1,5,1,
47,25,705,408,25,12,1,5,1,
47,26,646,295,54,16,1,5,1,
47,27,761,170,139,41,1,5,1,
47,29,591,359,64,18,1,5,1,
47,30,752,210,25,8,1,5,1,
47,31,568,367,40,10,1,5,1,
47,33,892,263,29,15,1,5,1,
47,34,848,289,97,37,1,5,1,
47,35,749,131,43,23,1,5,1,
47,37,677,189,39,18,1,5,1,
47,38,750,67,36,27,1,5,1,
47,39,720,345,37,10,1,5,1,
47,40,652,235,95,25,1,5,1,
48,2,668,303,15,12,1,5,1,
48,4,659,446,29,11,1,5,1,
48,5,500,429,33,10,1,5,1,
48,6,851,340,26,14,1,5,1,
48,8,852,332,21,16,1,5,1,
48,9,663,419,126,33,1,5,1,
48,10,760,203,40,20,1,5,1,
48,11,456,220,66,16,1,5,1,
48,16,258,145,67,24,1,5,1,
48,17,522,162,68,23,1,5,1,
48,18,714,69,89,44,1,5,1,
48,20,516,384,86,20,1,5,1,
48,22,524,118,106,28,1,5,1,
48,23,591,198,31,16,1,5,1,
48,24,621,199,48,15,1,5,1,
48,25,709,407,24,11,1,5,1,
48,26,652,295,53,16,1,5,1,
48,27,774,170,137,41,1,5,1,
48,29,597,359,63,18,1,5,1,
48,30,749,210,24,8,1,5,1,
48,31,573,366,40,11,1,5,1,
48,33,897,263,28,15,1,5,1,
48,34,857,289,94,36,1,5,1,
48,35,754,132,41,22,1,5,1,
48,37,681,190,38,18,1,5,1,
48,38,747,69,36,26,1,5,1,
48,39,719,344,33,11,1,5,1,
48,40,662,235,93,25,1,5,1,
49,2,670,303,14,12,1,5,1,
49,4,656,445,29,11,1,5,1,
49,5,498,430,30,10,1,5,1,
49,6,854,339,25,15,1,5,1,
49,8,851,332,21,15,1,5,1,
49,9,675,419,124,33,1,5,1,
49,10,764,204,39,20,1,5,1,
49,11,462,220,66,16,1,5,1,
49,16,263,143,69,25,1,5,1,
49,17,528,163,66,23,1,5,1,
49,18,723,71,87,44,1,5,1,
49,20,528,384,86,21,1,5,1,
49,22,533,118,106,28,1,5,1,
49,23,595,199,29,15,1,5,1,
49,24,626,199,48,16,1,5,1,
49,25,712,406,24,11,1,5,1,
49,26,657,295,53,16,1,5,1,
49,27,786,170,135,41,1,5,1,
49,29,602,358,62,18,1,5,1,
49,30,745,211,25,7,1,5,1,
49,31,579,366,38,11,1,5,1,
49,33,901,263,27,15,1,5,1,
49,34,865,289,92,36,1,5,1,
49,35,758,133,41,22,1,5,1,
49,37,686,191,37,17,1,5,1,
49,38,743,71,37,26,1,5,1,
49,39,719,343,28,11,1,5,1,
49,40,672,235,92,25,1,5,1,
50,2,670,303,14,12,1,5,1,
50,4,653,444,29,10,1,5,1,
50,5,496,431,27,10,1,5,1,
50,6,857,339,25,14,1,5,1,
50,8,852,331,21,16,1,5,1,
50,9,686,419,123,32,1,5,1,
50,10,768,204,37,20,1,5,1,
50,11,467,220,67,16,1,5,1,
50,16,268,141,72,26,1,5,1,
50,17,533,163,65,23,1,5,1,
50,18,733,73,84,43,1,5,1,
50,20,540,385,86,20,1,5,1,
50,22,542,118,106,29,1,5,1,
50,23,598,199,28,16,1,5,1,
50,24,632,200,46,15,1,5,1,
50,25,716,405,23,11,1,5,1,
50,26,663,295,52,15,1,5,1,
50,27,798,171,133,41,1,5,1,
50,29,608,358,61,18,1,5,1,
50,31,583,366,39,10,1,5,1,
50,33,905,263,27,15,1,5,1,
50,34,874,289,85,36,1,5,1,
50,35,762,134,40,22,1,5,1,
50,37,690,191,36,18,1,5,1,
50,38,740,73,37,25,1,5,1,
50,39,719,343,24,11,1,5,1,
50,40,681,235,92,25,1,5,1,
51,2,670,302,14,12,1,5,1,
51,4,649,443,29,10,1,5,1,
51,5,494,431,24,11,1,5,1,
51,6,860,338,24,14,1,5,1,
51,8,852,331,21,15,1,5,1,
51,9,698,418,122,33,1,5,1,
51,10,772,205,36,19,1,5,1,
51,11,472,220,68,16,1,5,1,
51,16,274,140,74,25,1,5,1,
51,17,539,164,63,23,1,5,1,
51,18,742,75,82,43,1,5,1,
51,20,552,385,86,21,1,5,1,
51,22,551,118,105,29,1,5,1,
51,23,601,200,27,15,1,5,1,
51,24,637,200,46,15,1,5,1,
51,25,719,404,23,11,1,5,1,
51,26,668,294,52,16,1,5,1,
51,27,810,171,132,41,1,5,1,
51,29,613,358,60,17,1,5,1,
51,31,588,366,38,10,1,5,1,
51,33,909,263,26,15,1,5,1,
51,34,881,289,79,35,1,5,1,
51,35,766,135,39,22,1,5,1,
51,37,694,192,35,17,1,5,1,
51,38,737,75,37,25,1,5,1,
51,39,719,342,20,11,1,5,1,
51,40,690,235,91,25,1,5,1,
52,2,670,302,14,12,1,5,1,
52,4,646,441,29,11,1,5,1,
52,5,493,432,20,12,1,5,1,
52,6,863,338,24,14,1,5,1,
52,8,853,330,20,15,1,5,1,
52,9,709,418,121,32,1,5,1,
52,10,775,206,35,19,1,5,1,
52,11,478,220,68,16,1,5,1,
52,13,707,0,15,4,1,5,1,
52,16,280,138,77,26,1,5,1,
52,17,543,165,67,21,1,5,1,
52,18,750,77,80,42,1,5,1,
52,20,563,386,87,20,1,5,1,
52,22,560,118,105,29,1,5,1,
52,23,604,200,26,16,1,5,1,
52,24,642,200,45,16,1,5,1,
52,25,723,403,22,11,1,5,1,
52,26,674,294,51,16,1,5,1,
52,27,821,172,131,40,1,5,1,
52,29,619,357,58,18,1,5,1,
52,31,593,365,38,11,1,5,1,
52,33,913,263,26,15,1,5,1,
52,34,889,289,71,35,1,5,1,
52,35,770,135,38,22,1,5,1,
52,37,698,193,35,17,1,5,1,
52,38,733,76,37,25,1,5,1,
52,39,718,342,20,10,1,5,1,
52,40,698,236,92,25,1,5,1,
53,2,670,302,14,12,1,5,1,
53,4,643,440,29,10,1,5,1,
53,5,492,433,17,12,1,5,1,
53,6,866,337,23,14,1,5,1,
53,8,853,330,21,14,1,5,1,
53,9,720,417,120,33,1,5,1,
53,10,779,206,33,19,1,5,1,
53,11,483,219,69,17,1,5,1,
53,13,708,0,17,6,1,5,1,
53,16,287,136,78,27,1,5,1,
53,17,547,166,70,20,1,5,1,
53,18,759,79,79,41,1,5,1,
53,20,576,386,86,20,1,5,1,
53,22,569,119,105,28,1,5,1,
53,23,607,201,26,15,1,5,1,
53,24,648,201,43,15,1,5,1,
53,25,726,402,22,11,1,5,1,
53,26,679,294,51,16,1,5,1,
53,27,833,172,126,40,1,5,1,
53,29,624,357,58,18,1,5,1,
53,31,598,365,37,10,1,5,1,
53,33,917,263,25,15,1,5,1,
53,34,898,289,62,34,1,5,1,
53,35,774,136,37,22,1,5,1,
53,37,702,193,34,17,1,5,1,
53,38,730,78,37,24,1,5,1,
53,40,707,236,92,25,1,5,1,
54,2,670,302,14,11,1,5,1,
54,4,639,439,29,10,1,5,1,
54,5,491,434,14,13,1,5,1,
54,6,869,336,23,14,1,5,1,
54,8,853,329,21,15,1,5,1,
54,9,731,417,119,32,1,5,1,
54,10,782,207,32,19,1,5,1,
54,11,489,219,68,17,1,5,1,
54,13,709,0,19,8,1,5,1,
54,16,294,134,81,27,1,5,1,
54,17,552,166,72,20,1,5,1,
54,18,769,81,75,41,1,5,1,
54,20,588,386,86,20,1,5,1,
54,22,578,119,105,28,1,5,1,
54,23,609,202,26,14,1,5,1,
54,24,651,201,47,16,1,5,1,
54,25,730,401,20,11,1,5,1,
54,26,684,294,51,16,1,5,1,
54,27,845,173,114,40,1,5,1,
54,29,629,357,57,17,1,5,1,
54,31,603,365,36,10,1,5,1,
54,33,921,263,24,15,1,5,1,
54,34,905,288,55,35,1,5,1,
54,35,781,136,29,24,1,5,1,
54,37,706,194,33,17,1,5,1,
54,38,727,80,37,24,1,5,1,
54,40,716,236,91,25,1,5,1,
55,2,670,301,13,12,1,5,1,
55,4,636,438,29,10,1,5,1,
55,5,490,435,12,14,1,5,1,
55,6,872,336,22,14,1,5,1,
55,8,854,328,20,15,1,5,1,
55,9,742,417,118,32,1,5,1,
55,10,785,207,31,19,1,5,1,
55,11,495,219,68,16,1,5,1,
55,13,712,0,18,9,1,5,1,
55,16,302,133,82,27,1,5,1,
55,17,557,166,75,19,1,5,1,
55,18,778,82,72,41,1,5,1,
55,20,600,386,86,21,1,5,1,
55,22,587,119,104,28,1,5,1,
55,23,611,202,27,15,1,5,1,
55,24,654,202,51,15,1,5,1,
55,25,733,400,20,11,1,5,1,
55,26,690,294,49,15,1,5,1,
55,27,856,173,104,40,1,5,1,
55,29,634,356,57,18,1,5,1,
55,31,608,364,35,11,1,5,1,
55,33,925,263,23,15,1,5,1,
55,34,913,289,47,33,1,5,1,
55,35,786,137,24,24,1,5,1,
55,37,709,195,34,16,1,5,1,
55,38,723,82,37,23,1,5,1,
55,40,725,236,91,25,1,5,1,
56,2,669,301,14,12,1,5,1,
56,4,633,437,28,10,1,5,1,
56,5,490,436,10,15,1,5,1,
56,6,875,335,21,14,1,5,1,
56,8,854,328,20,14,1,5,1,
56,9,753,416,118,32,1,5,1,
56,10,788,208,30,18,1,5,1,
56,11,500,219,69,16,1,5,1,
56,13,713,0,19,11,1,5,1,
56,16,309,131,85,28,1,5,1,
56,17,562,165,77,19,1,5,1,
56,18,785,84,71,41,1,5,1,
56,20,612,386,87,21,1,5,1,
56,22,596,119,104,28,1,5,1,
56,23,614,203,26,14,1,5,1,
56,24,658,203,54,15,1,5,1,
56,25,736,399,19,11,1,5,1,
56,26,695,294,49,15,1,5,1,
56,27,867,174,93,39,1,5,1,
56,29,639,356,56,17,1,5,1,
56,31,612,364,35,10,1,5,1,
56,33,929,263,22,14,1,5,1,
56,34,920,291,40,31,1,5,1,
56,35,788,138,24,24,1,5,1,
56,37,713,195,33,17,1,5,1,
56,38,720,83,37,23,1,5,1,
56,40,734,237,91,24,1,5,1,
57,2,669,301,14,11,1,5,1,
57,4,629,436,29,9,1,5,1,
57,5,490,437,10,15,1,5,1,
57,6,877,335,21,13,1,5,1,
57,8,854,327,20,15,1,5,1,
57,9,764,416,116,32,1,5,1,
57,10,790,208,30,19,1,5,1,
57,11,506,219,69,16,1,5,1,
57,13,714,0,20,13,1,5,1,
57,16,317,129,86,28,1,5,1,
57,17,567,165,80,19,1,5,1,
57,18,793,86,69,40,1,5,1,
57,20,624,387,87,20,1,5,1,
57,22,605,119,104,28,1,5,1,
57,23,616,203,27,15,1,5,1,
57,24,662,203,56,15,1,5,1,
57,25,739,398,18,11,1,5,1,
57,26,700,294,49,15,1,5,1,
57,27,878,174,82,40,1,5,1,
57,29,644,355,55,18,1,5,1,
57,31,617,364,34,10,1,5,1,
57,33,932,263,18,14,1,5,1,
57,34,927,295,33,26,1,5,1,
57,35,791,139,22,24,1,5,1,
57,37,716,196,34,16,1,5,1,
57,38,717,85,37,22,1,5,1,
57,40,743,237,90,24,1,5,1,
58,2,669,301,13,11,1,5,1,
58,5,490,438,11,16,1,5,1,
58,6,880,334,20,14,1,5,1,
58,8,854,327,20,14,1,5,1,
58,9,775,416,115,31,1,5,1,
58,10,793,209,29,18,1,5,1,
58,11,512,219,69,16,1,5,1,
58,13,715,0,20,15,1,5,1,
58,16,325,127,89,29,1,5,1,
58,17,573,164,80,19,1,5,1,
58,18,801,88,66,40,1,5,1,
58,20,636,387,87,20,1,5,1,
58,22,614,119,104,28,1,5,1,
58,23,618,204,27,14,1,5,1,
58,24,668,203,56,15,1,5,1,
58,25,742,397,18,11,1,5,1,
58,26,705,294,48,15,1,5,1,
58,27,889,175,71,39,1,5,1,
58,29,649,355,55,17,1,5,1,
58,31,621,363,34,10,1,5,1,
58,33,934,263,18,14,1,5,1,
58,34,934,295,26,17,1,5,1,
58,35,793,140,22,23,1,5,1,
58,37,720,196,33,17,1,5,1,
58,38,713,87,37,22,1,5,1,
58,40,752,237,89,24,1,5,1,
59,2,668,300,14,12,1,5,1,
59,5,489,440,14,16,1,5,1,
59,6,882,334,20,13,1,5,1,
59,8,854,326,19,14,1,5,1,
59,9,785,415,114,32,1,5,1,
59,10,796,210,28,18,1,5,1,
59,11,517,219,70,16,1,5,1,
59,13,715,0,21,17,1,5,1,
59,16,333,125,91,29,1,5,1,
59,17,579,164,81,19,1,5,1,
59,18,808,90,64,39,1,5,1,
59,20,648,387,87,20,1,5,1,
59,22,623,119,103,28,1,5,1,
59,23,621,204,26,14,1,5,1,
59,24,674,203,56,15,1,5,1,
59,25,744,396,18,11,1,5,1,
59,26,710,294,48,15,1,5,1,
59,27,899,175,61,33,1,5,1,
59,29,654,355,54,17,1,5,1,
59,31,626,363,33,10,1,5,1,
59,33,935,263,19,14,1,5,1,
59,35,795,141,22,23,1,5,1,
59,37,723,197,33,16,1,5,1,
59,38,710,88,37,22,1,5,1,
59,40,761,237,88,24,1,5,1,
60,2,668,300,13,11,1,5,1,
60,5,488,441,19,17,1,5,1,
60,6,884,333,20,13,1,5,1,
60,8,854,326,19,14,1,5,1,
60,9,796,415,112,31,1,5,1,
60,10,798,210,27,18,1,5,1,
60,11,523,219,70,16,1,5,1,
60,13,718,1,19,18,1,5,1,
60,16,341,123,94,30,1,5,1,
60,17,585,164,81,19,1,5,1,
60,18,816,92,61,39,1,5,1,
60,20,660,387,87,20,1,5,1,
60,22,631,119,105,28,1,5,1,
60,23,624,205,25,14,1,5,1,
60,24,680,203,56,15,1,5,1,
60,25,747,395,17,11,1,5,1,
60,26,715,293,47,16,1,5,1,
60,27,909,176,51,30,1,5,1,
60,29,658,354,54,17,1,5,1,
60,31,630,363,33,10,1,5,1,
60,33,937,263,18,14,1,5,1,
60,35,797,142,21,23,1,5,1,
60,37,727,198,32,15,1,5,1,
60,38,706,90,38,21,1,5,1,
60,40,770,237,87,24,1,5,1,
61,2,667,300,14,11,1,5,1,
61,5,488,442,21,17,1,5,1,
61,6,887,333,19,13,1,5,1,
61,8,854,325,19,14,1,5,1,
61,9,807,414,111,32,1,5,1,
61,10,801,211,26,18,1,5,1,
61,11,529,219,70,16,1,5,1,
61,13,721,3,17,18,1,5,1,
61,16,350,121,96,30,1,5,1,
61,17,592,163,80,19,1,5,1,
61,18,818,95,71,36,1,5,1,
61,20,672,387,87,21,1,5,1,
61,22,640,120,104,27,1,5,1,
61,23,624,205,30,14,1,5,1,
61,24,686,203,55,15,1,5,1,
61,25,750,394,16,11,1,5,1,
61,26,720,293,47,15,1,5,1,
61,27,920,178,40,18,1,5,1,
61,29,663,354,52,17,1,5,1,
61,31,634,362,33,10,1,5,1,
61,33,939,263,18,14,1,5,1,
61,35,799,143,21,23,1,5,1,
61,37,730,198,32,16,1,5,1,
61,38,703,91,38,21,1,5,1,
61,40,778,237,87,24,1,5,1,
62,2,667,300,13,11,1,5,1,
62,5,489,444,22,17,1,5,1,
62,6,889,332,19,13,1,5,1,
62,8,854,325,19,14,1,5,1,
62,9,817,414,110,31,1,5,1,
62,10,803,211,25,18,1,5,1,
62,11,534,218,71,17,1,5,1,
62,13,723,5,15,19,1,5,1,
62,16,359,119,98,31,1,5,1,
62,17,599,163,77,19,1,5,1,
62,18,825,97,70,35,1,5,1,
62,20,685,387,86,21,1,5,1,
62,22,649,120,103,28,1,5,1,
62,23,625,206,33,14,1,5,1,
62,24,692,203,55,16,1,5,1,
62,25,752,394,16,10,1,5,1,
62,26,725,293,46,15,1,5,1,
62,29,668,353,51,17,1,5,1,
62,31,639,362,31,10,1,5,1,
62,33,940,263,18,13,1,5,1,
62,35,801,144,20,23,1,5,1,
62,37,734,199,31,15,1,5,1,
62,38,700,93,37,20,1,5,1,
62,40,787,237,87,25,1,5,1,
63,2,666,299,16,11,1,5,1,
63,5,490,445,24,18,1,5,1,
63,6,891,332,18,13,1,5,1,
63,8,853,324,19,14,1,5,1,
63,9,827,413,109,32,1,5,1,
63,10,805,212,25,17,1,5,1,
63,11,540,218,72,17,1,5,1,
63,13,725,7,14,19,1,5,1,
63,16,368,117,101,31,1,5,1,
63,17,606,163,75,19,1,5,1,
63,18,832,98,68,35,1,5,1,
63,20,697,387,86,21,1,5,1,
63,22,660,120,97,28,1,5,1,
63,23,626,207,38,13,1,5,1,
63,24,698,203,55,16,1,5,1,
63,25,755,393,15,10,1,5,1,
63,26,730,293,45,15,1,5,1,
63,29,673,353,50,17,1,5,1,
63,31,643,361,31,10,1,5,1,
63,33,942,263,17,13,1,5,1,
63,35,802,145,21,23,1,5,1,
63,37,737,199,31,16,1,5,1,
63,38,696,94,38,20,1,5,1,
63,40,795,237,87,25,1,5,1,
64,2,664,299,19,11,1,5,1,
64,5,491,447,25,17,1,5,1,
64,6,893,331,18,13,1,5,1,
64,8,853,324,19,13,1,5,1,
64,9,838,413,107,31,1,5,1,
64,10,807,212,25,18,1,5,1,
64,11,546,218,72,17,1,5,1,
64,13,727,9,12,19,1,5,1,
64,16,377,115,104,31,1,5,1,
64,17,612,163,75,19,1,5,1,
64,18,834,101,79,32,1,5,1,
64,20,709,387,86,21,1,5,1,
64,22,672,120,88,29,1,5,1,
64,23,628,208,40,13,1,5,1,
64,24,704,204,54,15,1,5,1,
64,25,757,392,15,10,1,5,1,
64,26,735,293,44,15,1,5,1,
64,29,677,353,49,16,1,5,1,
64,31,647,361,30,10,1,5,1,
64,33,944,263,15,13,1,5,1,
64,35,803,147,23,21,1,5,1,
64,37,740,200,31,15,1,5,1,
64,38,693,96,38,19,1,5,1,
64,40,804,238,85,24,1,5,1,
65,2,661,299,23,11,1,5,1,
65,5,493,448,26,18,1,5,1,
65,6,895,331,18,12,1,5,1,
65,8,853,323,18,14,1,5,1,
65,9,848,412,106,31,1,5,1,
65,10,809,213,24,17,1,5,1,
65,11,552,218,72,17,1,5,1,
65,13,728,11,11,20,1,5,1,
65,16,387,113,107,32,1,5,1,
65,17,618,163,75,19,1,5,1,
65,18,835,104,91,30,1,5,1,
65,20,721,387,85,20,1,5,1,
65,22,683,119,79,31,1,5,1,
65,23,632,208,38,13,1,5,1,
65,24,710,204,54,15,1,5,1,
65,25,759,391,14,10,1,5,1,
65,26,739,293,44,15,1,5,1,
65,29,682,352,48,17,1,5,1,
65,31,651,361,30,9,1,5,1,
65,33,945,263,15,13,1,5,1,
65,35,801,149,31,19,1,5,1,
65,37,744,200,30,15,1,5,1,
65,38,690,97,37,19,1,5,1,
65,40,813,238,84,24,1,5,1,
66,2,657,299,28,11,1,5,1,
66,5,494,450,27,18,1,5,1,
66,6,897,330,17,13,1,5,1,
66,8,853,323,18,13,1,5,1,
66,9,858,412,101,31,1,5,1,
66,10,811,213,24,17,1,5,1,
66,11,558,218,73,17,1,5,1,
66,13,729,13,10,20,1,5,1,
66,16,397,110,110,33,1,5,1,
66,17,624,164,74,19,1,5,1,
66,18,838,105,101,29,1,5,1,
66,20,734,387,84,20,1,5,1,
66,22,687,121,86,30,1,5,1,
66,23,636,208,37,13,1,5,1,
66,24,715,204,54,15,1,5,1,
66,25,760,390,17,10,1,5,1,
66,26,744,293,43,14,1,5,1,
66,29,686,352,48,16,1,5,1,
66,31,654,360,30,10,1,5,1,
66,33,947,264,13,12,1,5,1,
66,35,803,150,32,19,1,5,1,
66,37,747,201,30,15,1,5,1,
66,38,686,98,38,19,1,5,1,
66,40,821,238,84,24,1,5,1,
67,2,654,299,31,10,1,5,1,
67,5,496,451,28,18,1,5,1,
67,6,898,330,18,12,1,5,1,
67,8,852,323,18,13,1,5,1,
67,9,868,412,92,30,1,5,1,
67,10,813,214,23,17,1,5,1,
67,11,564,218,73,16,1,5,1,
67,13,729,15,10,20,1,5,1,
67,16,407,108,113,33,1,5,1,
67,17,630,164,73,19,1,5,1,
67,18,846,105,103,29,1,5,1,
67,20,746,386,83,21,1,5,1,
67,22,692,123,91,29,1,5,1,
67,23,640,208,36,13,1,5,1,
67,24,721,204,54,15,1,5,1,
67,25,760,389,22,11,1,5,1,
67,26,749,293,42,14,1,5,1,
67,29,690,351,47,17,1,5,1,
67,31,658,360,30,9,1,5,1,
67,33,948,265,12,10,1,5,1,
67,35,807,150,30,19,1,5,1,
67,37,750,201,30,15,1,5,1,
67,38,683,100,38,18,1,5,1,
67,40,829,238,84,24,1,5,1,
68,2,650,299,34,10,1,5,1,
68,5,498,453,29,18,1,5,1,
68,6,900,329,17,13,1,5,1,
68,8,852,322,18,13,1,5,1,
68,9,878,411,82,31,1,5,1,
68,10,815,214,23,17,1,5,1,
68,11,570,217,74,17,1,5,1,
68,13,728,18,10,20,1,5,1,
68,16,418,106,115,33,1,5,1,
68,17,636,164,73,19,1,5,1,
68,18,855,105,103,29,1,5,1,
68,20,758,386,83,21,1,5,1,
68,22,700,124,90,28,1,5,1,
68,23,643,209,36,13,1,5,1,
68,24,727,204,53,15,1,5,1,
68,25,762,389,23,10,1,5,1,
68,26,753,293,42,14,1,5,1,
68,29,694,351,47,16,1,5,1,
68,31,662,359,29,10,1,5,1,
68,33,950,265,10,10,1,5,1,
68,35,810,151,30,19,1,5,1,
68,37,754,202,29,15,1,5,1,
68,38,680,101,37,18,1,5,1,
68,40,838,238,82,24,1,5,1,
69,2,647,299,35,10,1,5,1,
69,5,500,455,30,18,1,5,1,
69,6,902,329,17,12,1,5,1,
69,8,852,322,17,12,1,5,1,
69,9,887,411,73,30,1,5,1,
69,10,817,215,22,16,1,5,1,
69,11,576,217,74,17,1,5,1,
69,13,728,20,10,20,1,5,1,
69,16,429,103,118,34,1,5,1,
69,17,642,164,72,19,1,5,1,
69,18,870,106,89,29,1,5,1,
69,20,770,386,82,21,1,5,1,
69,22,708,125,89,28,1,5,1,
69,23,647,209,35,13,1,5,1,
69,24,733,204,52,15,1,5,1,
69,25,764,388,24,10,1,5,1,
69,26,757,293,42,14,1,5,1,
69,29,698,351,46,16,1,5,1,
69,31,666,359,29,10,1,5,1,
69,35,813,152,29,18,1,5,1,
69,37,757,202,29,15,1,5,1,
69,38,676,102,38,18,1,5,1,
69,40,846,238,82,24,1,5,1,
70,2,645,299,34,10,1,5,1,
70,5,502,456,31,19,1,5,1,
70,6,903,329,17,12,1,5,1,
70,8,851,321,18,13,1,5,1,
70,9,897,410,63,25,1,5,1,
70,10,818,215,23,17,1,5,1,
70,11,581,217,76,17,1,5,1,
70,13,727,22,10,20,1,5,1,
70,16,440,101,122,35,1,5,1,
70,17,647,164,73,19,1,5,1,
70,18,885,105,74,31,1,5,1,
70,20,781,386,83,21,1,5,1,
70,22,715,125,89,28,1,5,1,
70,23,650,209,34,13,1,5,1,
70,24,739,205,51,15,1,5,1,
70,25,767,388,24,10,1,5,1,
70,26,762,292,41,15,1,5,1,
70,29,702,350,45,16,1,5,1,
70,31,669,359,29,9,1,5,1,
70,35,816,152,28,19,1,5,1,
70,37,760,203,29,14,1,5,1,
70,40,854,238,81,24,1,5,1,
71,5,504,458,33,19,1,5,1,
71,6,905,328,17,12,1,5,1,
71,8,851,321,17,12,1,5,1,
71,9,907,410,53,25,1,5,1,
71,10,820,216,22,16,1,5,1,
71,11,587,217,76,17,1,5,1,
71,13,726,24,11,20,1,5,1,
71,16,450,98,127,36,1,5,1,
71,17,653,164,72,20,1,5,1,
71,18,890,107,70,29,1,5,1,
71,20,792,386,83,20,1,5,1,
71,22,723,126,87,28,1,5,1,
71,23,654,209,32,13,1,5,1,
71,24,743,206,51,15,1,5,1,
71,25,771,387,23,10,1,5,1,
71,26,766,292,40,15,1,5,1,
71,29,706,350,45,16,1,5,1,
71,31,673,358,28,10,1,5,1,
71,35,818,153,28,19,1,5,1,
71,37,763,203,28,15,1,5,1,
71,40,862,238,80,24,1,5,1,
72,5,506,459,34,19,1,5,1,
72,6,906,328,17,12,1,5,1,
72,8,850,320,17,13,1,5,1,
72,9,916,409,44,25,1,5,1,
72,10,822,217,21,15,1,5,1,
72,11,593,217,77,17,1,5,1,
72,13,725,26,11,21,1,5,1,
72,16,462,96,131,36,1,5,1,
72,17,659,165,71,19,1,5,1,
72,18,892,108,68,29,1,5,1,
72,20,804,386,82,20,1,5,1,
72,22,730,126,87,28,1,5,1,
72,23,658,210,30,12,1,5,1,
72,24,748,207,51,15,1,5,1,
72,25,774,386,23,10,1,5,1,
72,26,770,292,40,14,1,5,1,
72,29,710,349,44,17,1,5,1,
72,31,676,358,28,9,1,5,1,
72,35,821,154,27,18,1,5,1,
72,37,766,204,28,14,1,5,1,
72,40,869,238,80,24,1,5,1,
73,5,508,461,35,19,1,5,1,
73,6,907,327,17,12,1,5,1,
73,8,849,320,17,12,1,5,1,
73,9,924,418,36,15,1,5,1,
73,10,823,217,21,16,1,5,1,
73,11,599,217,77,17,1,5,1,
73,13,723,29,12,20,1,5,1,
73,16,473,93,136,37,1,5,1,
73,17,666,165,66,20,1,5,1,
73,18,898,108,62,29,1,5,1,
73,20,815,386,82,20,1,5,1,
73,22,738,127,85,28,1,5,1,
73,23,662,210,27,13,1,5,1,
73,24,752,208,51,15,1,5,1,
73,25,777,386,23,10,1,5,1,
73,26,774,292,39,14,1,5,1,
73,29,714,349,42,16,1,5,1,
73,31,680,357,27,10,1,5,1,
73,35,824,154,26,19,1,5,1,
73,37,769,204,27,14,1,5,1,
73,40,877,239,79,23,1,5,1,
74,5,511,462,36,20,1,5,1,
74,6,908,327,17,12,1,5,1,
74,8,849,320,17,12,1,5,1,
74,10,825,218,20,15,1,5,1,
74,11,605,216,78,18,1,5,1,
74,13,721,31,13,20,1,5,1,
74,16,486,91,140,37,1,5,1,
74,17,673,165,61,20,1,5,1,
74,18,911,109,49,28,1,5,1,
74,20,827,385,80,21,1,5,1,
74,22,746,127,83,28,1,5,1,
74,23,665,210,25,13,1,5,1,
74,24,757,208,50,15,1,5,1,
74,25,780,385,22,10,1,5,1,
74,26,778,292,38,14,1,5,1,
74,29,718,348,41,17,1,5,1,
74,31,683,357,27,10,1,5,1,
74,35,826,155,26,19,1,5,1,
74,37,772,205,26,14,1,5,1,
74,40,885,238,74,23,1,5,1,
75,5,513,464,38,20,1,5,1,
75,6,909,326,17,12,1,5,1,
75,8,849,319,17,12,1,5,1,
75,10,827,218,18,16,1,5,1,
75,11,611,216,78,18,1,5,1,
75,13,720,33,13,20,1,5,1,
75,16,499,89,144,37,1,5,1,
75,17,679,166,57,20,1,5,1,
75,18,926,109,34,29,1,5,1,
75,20,838,385,80,20,1,5,1,
75,22,753,128,81,28,1,5,1,
75,23,668,210,23,13,1,5,1,
75,24,762,209,49,14,1,5,1,
75,25,783,385,22,9,1,5,1,
75,26,782,292,37,14,1,5,1,
75,29,721,348,41,16,1,5,1,
75,31,687,357,26,9,1,5,1,
75,35,829,156,25,18,1,5,1,
75,37,775,205,26,14,1,5,1,
75,40,895,238,65,23,1,5,1,
76,5,516,466,39,20,1,5,1,
76,6,910,326,17,12,1,5,1,
76,8,848,319,17,12,1,5,1,
76,10,828,219,18,15,1,5,1,
76,11,617,216,79,18,1,5,1,
76,13,718,35,14,20,1,5,1,
76,16,512,86,148,38,1,5,1,
76,17,684,166,56,21,1,5,1,
76,20,849,385,79,20,1,5,1,
76,22,760,129,80,27,1,5,1,
76,23,670,211,23,13,1,5,1,
76,24,767,209,48,14,1,5,1,
76,25,786,384,21,10,1,5,1,
76,26,786,292,37,14,1,5,1,
76,29,725,348,40,16,1,5,1,
76,31,690,356,25,10,1,5,1,
76,35,831,157,25,18,1,5,1,
76,37,777,206,26,14,1,5,1,
76,40,903,238,57,23,1,5,1,
77,5,519,467,39,21,1,5,1,
77,6,912,326,16,11,1,5,1,
77,8,847,318,17,12,1,5,1,
77,10,829,219,17,15,1,5,1,
77,11,623,216,79,18,1,5,1,
77,13,716,38,15,19,1,5,1,
77,16,525,84,153,38,1,5,1,
77,17,689,167,55,20,1,5,1,
77,20,860,385,78,20,1,5,1,
77,22,767,129,79,28,1,5,1,
77,23,672,211,22,13,1,5,1,
77,24,771,209,48,14,1,5,1,
77,25,789,383,21,10,1,5,1,
77,26,790,292,35,14,1,5,1,
77,29,729,347,38,16,1,5,1,
77,31,693,356,25,9,1,5,1,
77,35,836,157,20,19,1,5,1,
77,37,780,206,25,14,1,5,1,
77,40,911,238,49,23,1,5,1,
78,5,522,469,41,20,1,5,1,
78,6,912,325,17,12,1,5,1,
78,8,846,318,18,12,1,5,1,
78,10,831,219,16,16,1,5,1,
78,11,630,216,79,18,1,5,1,
78,13,714,40,16,19,1,5,1,
78,16,540,82,156,38,1,5,1,
78,17,693,167,54,20,1,5,1,
78,20,871,384,77,20,1,5,1,
78,22,777,129,69,29,1,5,1,
78,23,675,212,20,12,1,5,1,
78,24,776,209,46,14,1,5,1,
78,25,792,383,20,10,1,5,1,
78,26,793,292,35,13,1,5,1,
78,29,733,347,36,16,1,5,1,
78,31,696,355,25,10,1,5,1,
78,35,837,157,20,20,1,5,1,
78,37,783,207,24,13,1,5,1,
78,40,918,239,42,22,1,5,1,
79,5,525,471,42,20,1,5,1,
79,6,913,325,17,11,1,5,1,
79,8,845,317,18,12,1,5,1,
79,10,829,220,20,15,1,5,1,
79,11,636,216,79,18,1,5,1,
79,13,711,42,17,19,1,5,1,
79,16,555,79,160,39,1,5,1,
79,17,698,168,53,20,1,5,1,
79,20,883,384,75,20,1,5,1,
79,22,787,129,61,29,1,5,1,
79,23,677,212,19,13,1,5,1,
79,24,782,209,44,15,1,5,1,
79,25,795,382,19,10,1,5,1,
79,26,797,291,34,14,1,5,1,
79,29,737,346,34,16,1,5,1,
79,31,700,355,23,9,1,5,1,
79,35,837,158,20,20,1,5,1,
79,37,786,207,23,14,1,5,1,
79,40,926,239,34,21,1,5,1,
80,5,528,472,43,21,1,5,1,
80,6,914,324,16,12,1,5,1,
80,8,844,317,18,12,1,5,1,
80,10,829,220,22,15,1,5,1,
80,11,643,216,78,18,1,5,1,
80,13,709,44,17,19,1,5,1,
80,16,570,77,164,39,1,5,1,
80,17,704,168,47,21,1,5,1,
80,20,891,383,69,21,1,5,1,
80,22,795,129,56,30,1,5,1,
80,23,680,212,16,13,1,5,1,
80,24,786,210,44,14,1,5,1,
80,25,797,382,19,9,1,5,1,
80,26,801,291,33,14,1,5,1,
80,29,740,346,33,16,1,5,1,
80,31,703,355,22,9,1,5,1,
80,35,837,159,20,20,1,5,1,
80,37,788,208,23,13,1,5,1,
80,40,933,241,27,15,1,5,1,
81,5,531,474,44,21,1,5,1,
81,6,915,324,16,11,1,5,1,
81,8,843,317,18,11,1,5,1,
81,10,830,221,22,14,1,5,1,
81,11,649,216,79,18,1,5,1,
81,13,706,46,18,19,1,5,1,
81,16,586,75,168,39,1,5,1,
81,17,710,168,41,22,1,5,1,
81,20,898,383,62,20,1,5,1,
81,22,801,130,53,30,1,5,1,
81,23,682,213,14,12,1,5,1,
81,24,791,210,42,14,1,5,1,
81,25,800,381,18,10,1,5,1,
81,26,804,291,33,14,1,5,1,
81,29,743,345,32,16,1,5,1,
81,31,706,354,22,9,1,5,1,
81,35,838,160,19,19,1,5,1,
81,37,791,208,22,13,1,5,1,
82,5,534,476,46,21,1,5,1,
82,6,916,324,16,11,1,5,1,
82,8,842,316,18,12,1,5,1,
82,10,832,221,21,14,1,5,1,
82,11,656,215,77,18,1,5,1,
82,13,703,48,19,19,1,5,1,
82,16,602,73,172,40,1,5,1,
82,17,715,169,35,22,1,5,1,
82,20,908,384,52,16,1,5,1,
82,22,806,131,52,30,1,5,1,
82,23,684,213,13,13,1,5,1,
82,24,795,210,41,14,1,5,1,
82,25,802,380,19,10,1,5,1,
82,26,808,291,31,14,1,5,1,
82,29,746,345,31,16,1,5,1,
82,31,708,354,22,9,1,5,1,
82,35,837,160,20,20,1,5,1,
82,37,793,208,22,14,1,5,1,
83,5,538,478,46,21,1,5,1,
83,6,916,323,16,11,1,5,1,
83,8,842,316,16,11,1,5,1,
83,10,834,221,20,15,1,5,1,
83,11,663,215,76,18,1,5,1,
83,13,700,50,20,18,1,5,1,
83,16,619,71,175,40,1,5,1,
83,17,720,169,28,23,1,5,1,
83,20,920,387,40,14,1,5,1,
83,22,811,132,50,30,1,5,1,
83,23,685,213,12,13,1,5,1,
83,24,801,210,35,15,1,5,1,
83,25,805,380,18,9,1,5,1,
83,26,811,291,30,13,1,5,1,
83,29,749,345,31,15,1,5,1,
83,31,711,353,21,9,1,5,1,
83,35,837,161,20,20,1,5,1,
83,37,796,209,20,13,1,5,1,
84,5,542,479,47,22,1,5,1,
84,6,917,323,16,11,1,5,1,
84,8,841,316,16,11,1,5,1,
84,10,835,222,20,14,1,5,1,
84,11,670,215,74,18,1,5,1,
84,13,697,52,21,18,1,5,1,
84,16,635,68,179,41,1,5,1,
84,17,724,170,23,24,1,5,1,
84,22,816,133,48,30,1,5,1,
84,23,685,214,12,13,1,5,1,
84,24,807,210,28,15,1,5,1,
84,25,807,379,18,10,1,5,1,
84,26,814,291,30,13,1,5,1,
84,29,752,344,29,16,1,5,1,
84,31,714,353,20,9,1,5,1,
84,35,837,162,19,20,1,5,1,
84,37,798,209,20,13,1,5,1,
85,5,545,481,49,22,1,5,1,
85,6,918,322,15,11,1,5,1,
85,8,841,315,15,11,1,5,1,
85,10,837,222,19,14,1,5,1,
85,11,677,215,72,18,1,5,1,
85,13,694,54,22,18,1,5,1,
85,16,652,66,183,41,1,5,1,
85,17,727,171,21,24,1,5,1,
85,22,820,135,47,29,1,5,1,
85,23,687,215,11,12,1,5,1,
85,24,812,211,23,14,1,5,1,
85,25,809,379,18,9,1,5,1,
85,26,817,291,29,13,1,5,1,
85,29,755,344,28,15,1,5,1,
85,31,717,352,18,9,1,5,1,
85,35,837,163,19,19,1,5,1,
85,37,800,210,19,13,1,5,1,
86,5,549,483,50,22,1,5,1,
86,6,918,322,16,11,1,5,1,
86,8,840,315,15,11,1,5,1,
86,10,839,223,18,13,1,5,1,
86,11,683,215,71,18,1,5,1,
86,13,691,56,22,17,1,5,1,
86,16,670,64,186,42,1,5,1,
86,17,728,172,20,23,1,5,1,
86,22,825,136,44,29,1,5,1,
86,23,687,215,12,12,1,5,1,
86,24,817,211,18,15,1,5,1,
86,25,812,378,16,9,1,5,1,
86,26,821,291,27,13,1,5,1,
86,29,758,343,26,15,1,5,1,
86,31,720,352,17,9,1,5,1,
86,35,836,164,19,19,1,5,1,
86,37,803,210,18,13,1,5,1,
87,5,553,484,51,23,1,5,1,
87,6,919,322,15,10,1,5,1,
87,8,839,315,15,11,1,5,1,
87,10,840,223,17,14,1,5,1,
87,11,690,216,69,17,1,5,1,
87,13,687,58,24,17,1,5,1,
87,16,688,62,189,42,1,5,1,
87,17,729,173,20,23,1,5,1,
87,22,829,137,43,29,1,5,1,
87,23,688,215,12,12,1,5,1,
87,24,820,211,16,14,1,5,1,
87,25,814,377,16,10,1,5,1,
87,26,823,291,27,13,1,5,1,
87,29,760,343,25,15,1,5,1,
87,31,722,351,16,9,1,5,1,
87,35,836,165,19,19,1,5,1,
87,37,805,211,17,12,1,5,1,
88,5,557,486,52,23,1,5,1,
88,6,919,321,15,11,1,5,1,
88,8,838,314,15,11,1,5,1,
88,10,842,223,16,14,1,5,1,
88,11,696,216,68,17,1,5,1,
88,13,684,60,24,17,1,5,1,
88,16,707,60,192,43,1,5,1,
88,17,730,174,19,23,1,5,1,
88,22,833,138,41,29,1,5,1,
88,23,688,215,12,12,1,5,1,
88,24,820,211,16,15,1,5,1,
88,25,816,377,16,9,1,5,1,
88,26,826,290,26,13,1,5,1,
88,29,763,342,24,15,1,5,1,
88,31,724,351,16,9,1,5,1,
88,35,835,166,19,19,1,5,1,
88,37,807,211,17,13,1,5,1,
89,5,561,488,54,23,1,5,1,
89,6,919,321,15,10,1,5,1,
89,8,838,314,15,11,1,5,1,
89,10,843,224,15,13,1,5,1,
89,11,702,216,67,17,1,5,1,
89,13,681,62,24,16,1,5,1,
89,16,725,58,197,43,1,5,1,
89,17,731,175,19,22,1,5,1,
89,22,837,139,39,29,1,5,1,
89,23,688,216,12,12,1,5,1,
89,24,821,212,16,14,1,5,1,
89,25,819,376,14,9,1,5,1,
89,26,829,290,24,13,1,5,1,
89,29,766,342,22,15,1,5,1,
89,31,726,350,15,9,1,5,1,
89,35,835,167,18,18,1,5,1,
89,37,808,211,17,13,1,5,1,
90,5,565,490,55,23,1,5,1,
90,6,920,320,15,11,1,5,1,
90,8,837,313,15,11,1,5,1,
90,10,844,224,15,14,1,5,1,
90,11,709,216,64,17,1,5,1,
90,13,677,64,25,15,1,5,1,
90,16,745,56,200,43,1,5,1,
90,17,731,176,19,22,1,5,1,
90,22,841,140,38,29,1,5,1,
90,23,688,216,12,12,1,5,1,
90,24,821,212,16,14,1,5,1,
90,25,822,375,11,10,1,5,1,
90,26,832,290,23,13,1,5,1,
90,29,768,341,21,15,1,5,1,
90,31,729,350,13,9,1,5,1,
90,35,834,168,19,18,1,5,1,
90,37,808,212,16,12,1,5,1,
91,5,570,492,56,23,1,5,1,
91,6,920,320,15,10,1,5,1,
91,8,836,313,16,11,1,5,1,
91,10,844,224,15,14,1,5,1,
91,11,715,216,63,17,1,5,1,
91,13,674,65,25,16,1,5,1,
91,16,763,54,196,44,1,5,1,
91,17,731,177,19,22,1,5,1,
91,22,845,141,36,28,1,5,1,
91,23,687,216,11,12,1,5,1,
91,24,821,212,15,15,1,5,1,
91,25,823,375,11,9,1,5,1,
91,26,835,290,21,13,1,5,1,
91,29,771,341,19,15,1,5,1,
91,31,731,349,12,9,1,5,1,
91,35,834,169,18,18,1,5,1,
91,37,807,212,17,13,1,5,1,
92,5,574,494,58,23,1,5,1,
92,6,920,320,15,10,1,5,1,
92,8,835,313,16,10,1,5,1,
92,10,844,225,15,13,1,5,1,
92,11,721,216,62,17,1,5,1,
92,13,670,67,26,15,1,5,1,
92,16,783,51,177,45,1,5,1,
92,17,731,177,19,22,1,5,1,
92,22,848,143,35,27,1,5,1,
92,23,685,217,14,12,1,5,1,
92,24,821,213,15,14,1,5,1,
92,25,825,374,11,9,1,5,1,
92,26,837,290,21,13,1,5,1,
92,29,773,340,19,15,1,5,1,
92,31,732,349,13,9,1,5,1,
92,35,833,169,18,19,1,5,1,
92,37,807,212,16,13,1,5,1,
93,5,579,496,59,24,1,5,1,
93,6,920,319,14,11,1,5,1,
93,8,834,313,16,10,1,5,1,
93,10,844,225,15,13,1,5,1,
93,11,726,217,61,17,1,5,1,
93,13,668,69,24,14,1,5,1,
93,16,803,49,157,45,1,5,1,
93,17,731,178,18,22,1,5,1,
93,22,851,144,35,27,1,5,1,
93,23,683,217,17,12,1,5,1,
93,24,821,213,15,15,1,5,1,
93,25,826,373,11,9,1,5,1,
93,26,839,290,21,12,1,5,1,
93,29,775,340,18,15,1,5,1,
93,31,734,348,12,9,1,5,1,
93,35,832,170,19,18,1,5,1,
93,37,806,213,16,13,1,5,1,
94,5,584,498,60,24,1,5,1,
94,6,920,319,14,10,1,5,1,
94,8,833,312,16,11,1,5,1,
94,10,845,226,14,13,1,5,1,
94,11,732,217,59,17,1,5,1,
94,13,666,71,22,13,1,5,1,
94,16,824,46,136,46,1,5,1,
94,17,731,179,18,22,1,5,1,
94,22,855,145,33,27,1,5,1,
94,23,680,218,21,11,1,5,1,
94,24,820,214,15,14,1,5,1,
94,25,826,373,11,9,1,5,1,
94,26,842,290,19,12,1,5,1,
94,29,776,339,18,15,1,5,1,
94,31,736,348,11,8,1,5,1,
94,35,831,171,19,18,1,5,1,
94,37,806,214,15,12,1,5,1,
95,5,589,500,61,24,1,5,1,
95,6,920,319,14,10,1,5,1,
95,8,832,312,16,10,1,5,1,
95,10,845,226,14,13,1,5,1,
95,11,738,217,57,17,1,5,1,
95,13,665,73,19,12,1,5,1,
95,16,845,47,115,43,1,5,1,
95,17,731,180,18,21,1,5,1,
95,22,858,146,32,27,1,5,1,
95,23,676,218,25,12,1,5,1,
95,24,820,214,15,14,1,5,1,
95,25,826,372,11,9,1,5,1,
95,26,844,290,19,12,1,5,1,
95,29,777,339,18,14,1,5,1,
95,31,738,347,10,9,1,5,1,
95,35,830,172,20,18,1,5,1,
95,37,805,214,15,13,1,5,1,
96,4,516,434,7,12,1,5,1,
96,5,594,502,62,24,1,5,1,
96,6,919,318,15,10,1,5,1,
96,8,831,312,16,10,1,5,1,
96,10,844,226,15,13,1,5,1,
96,11,743,217,56,17,1,5,1,
96,13,664,74,15,12,1,5,1,
96,16,868,48,92,36,1,5,1,
96,17,731,181,18,21,1,5,1,
96,22,858,148,39,26,1,5,1,
96,23,672,219,29,11,1,5,1,
96,24,820,215,15,14,1,5,1,
96,25,827,371,11,9,1,5,1,
96,26,846,289,18,13,1,5,1,
96,29,778,338,18,15,1,5,1,
96,31,739,347,10,8,1,5,1,
96,35,829,173,20,17,1,5,1,
96,37,804,215,16,12,1,5,1,
97,4,516,435,7,13,1,5,1,
97,5,599,504,63,24,1,5,1,
97,6,919,318,15,10,1,5,1,
97,8,830,311,16,10,1,5,1,
97,10,844,227,14,12,1,5,1,
97,11,749,217,54,17,1,5,1,
97,13,663,76,13,11,1,5,1,
97,16,891,52,69,23,1,5,1,
97,17,731,182,17,21,1,5,1,
97,22,861,149,35,25,1,5,1,
97,24,820,216,14,13,1,5,1,
97,25,828,371,11,8,1,5,1,
97,26,848,289,18,13,1,5,1,
97,29,779,338,18,14,1,5,1,
97,31,740,346,10,9,1,5,1,
97,35,828,174,20,17,1,5,1,
97,37,803,215,16,12,1,5,1,
98,4,516,437,7,12,1,5,1,
98,5,604,506,65,24,1,5,1,
98,6,919,318,14,9,1,5,1,
98,8,828,311,17,10,1,5,1,
98,10,844,227,14,13,1,5,1,
98,11,754,218,52,16,1,5,1,
98,13,663,77,10,11,1,5,1,
98,17,730,183,18,21,1,5,1,
98,22,866,149,33,26,1,5,1,
98,24,819,216,15,14,1,5,1,
98,25,829,370,11,9,1,5,1,
98,26,850,289,17,12,1,5,1,
98,29,780,337,18,15,1,5,1,
98,31,741,346,10,8,1,5,1,
98,35,827,174,20,18,1,5,1,
98,37,803,216,15,12,1,5,1,
99,4,516,438,8,13,1,5,1,
99,5,609,507,66,25,1,5,1,
99,6,919,317,14,10,1,5,1,
99,8,827,311,17,10,1,5,1,
99,10,844,227,14,13,1,5,1,
99,11,758,218,52,16,1,5,1,
99,13,663,78,7,11,1,5,1,
99,17,730,183,17,21,1,5,1,
99,22,869,150,32,26,1,5,1,
99,24,819,217,14,13,1,5,1,
99,25,830,369,11,9,1,5,1,
99,26,851,289,17,12,1,5,1,
99,29,781,337,18,14,1,5,1,
99,31,742,345,9,9,1,5,1,
99,35,826,175,20,17,1,5,1,
99,37,802,216,15,12,1,5,1,
100,4,516,439,8,13,1,5,1,
100,5,615,509,67,26,1,5,1,
100,6,919,317,14,9,1,5,1,
100,8,826,310,17,10,1,5,1,
100,10,844,228,13,12,1,5,1,
100,11,763,218,50,17,1,5,1,
100,13,663,79,7,11,1,5,1,
100,17,729,184,17,21,1,5,1,
100,22,872,151,31,26,1,5,1,
100,24,818,217,14,13,1,5,1,
100,25,830,369,11,8,1,5,1,
100,26,853,289,17,12,1,5,1,
100,29,782,337,17,14,1,5,1,
100,31,742,345,10,8,1,5,1,
100,35,825,176,20,17,1,5,1,
100,37,801,217,16,12,1,5,1,
101,4,516,441,9,13,1,5,1,
101,5,621,512,68,25,1,5,1,
101,6,919,316,13,10,1,5,1,
101,8,825,310,17,10,1,5,1,
101,10,843,228,14,12,1,5,1,
101,11,768,218,48,17,1,5,1,
101,13,663,80,7,11,1,5,1,
101,17,730,185,17,21,1,5,1,
101,22,873,153,34,25,1,5,1,
101,24,818,218,14,13,1,5,1,
101,25,830,368,11,9,1,5,1,
101,26,854,289,17,12,1,5,1,
101,29,782,336,18,14,1,5,1,
101,31,743,344,10,9,1,5,1,
101,35,824,177,20,16,1,5,1,
101,37,801,217,15,12,1,5,1,
102,4,516,442,11,13,1,5,1,
102,5,626,514,70,25,1,5,1,
102,6,918,316,14,10,1,5,1,
102,8,824,310,17,9,1,5,1,
102,10,843,228,13,13,1,5,1,
102,11,773,219,47,16,1,5,1,
102,13,661,81,8,11,1,5,1,
102,17,731,187,17,20,1,5,1,
102,22,875,154,32,24,1,5,1,
102,24,817,218,14,13,1,5,1,
102,25,830,367,11,9,1,5,1,
102,26,855,289,17,12,1,5,1,
102,29,783,336,17,13,1,5,1,
102,31,744,344,9,8,1,5,1,
102,33,952,267,7,6,1,5,1,
102,35,823,178,20,16,1,5,1,
102,37,800,218,15,11,1,5,1,
103,4,516,443,12,14,1,5,1,
103,5,632,516,71,25,1,5,1,
103,6,918,316,14,9,1,5,1,
103,8,822,309,18,10,1,5,1,
103,10,843,229,13,12,1,5,1,
103,11,777,219,46,16,1,5,1,
103,13,659,82,10,11,1,5,1,
103,17,732,188,16,19,1,5,1,
103,22,880,155,29,24,1,5,1,
103,24,817,219,13,13,1,5,1,
103,25,831,367,11,8,1,5,1,
103,26,857,289,16,11,1,5,1,
103,29,784,335,17,14,1,5,1,
103,31,744,343,10,9,1,5,1,
103,33,952,267,7,7,1,5,1,
103,35,822,179,20,16,1,5,1,
103,37,799,218,15,12,1,5,1,
104,4,516,445,14,14,1,5,1,
104,5,638,518,72,25,1,5,1,
104,6,918,315,13,10,1,5,1,
104,8,821,309,17,10,1,5,1,
104,10,842,229,14,12,1,5,1,
104,11,782,219,44,16,1,5,1,
104,13,657,83,13,11,1,5,1,
104,17,732,189,17,19,1,5,1,
104,22,883,155,28,25,1,5,1,
104,24,816,219,14,13,1,5,1,
104,25,832,366,10,9,1,5,1,
104,26,858,289,16,11,1,5,1,
104,29,784,335,17,13,1,5,1,
104,31,745,343,9,8,1,5,1,
104,33,951,266,8,8,1,5,1,
104,35,821,179,20,16,1,5,1,
104,37,798,219,16,11,1,5,1,
105,4,517,446,15,14,1,5,1,
105,5,644,520,74,23,1,5,1,
105,6,917,315,14,9,1,5,1,
105,8,820,309,17,9,1,5,1,
105,10,842,229,13,12,1,5,1,
105,11,786,219,43,17,1,5,1,
105,17,733,190,16,18,1,5,1,
105,22,886,156,27,25,1,5,1,
105,24,816,220,13,12,1,5,1,
105,25,831,365,11,9,1,5,1,
105,26,859,288,16,12,1,5,1,
105,29,785,334,17,14,1,5,1,
105,31,745,342,10,8,1,5,1,
105,33,950,266,9,9,1,5,1,
105,35,820,180,20,16,1,5,1,
105,37,798,219,15,11,1,5,1,
106,4,518,448,16,14,1,5,1,
106,5,651,522,72,22,1,5,1,
106,6,917,315,13,9,1,5,1,
106,8,818,309,18,9,1,5,1,
106,10,841,230,13,12,1,5,1,
106,11,790,220,42,16,1,5,1,
106,17,734,190,16,19,1,5,1,
106,22,888,157,26,24,1,5,1,
106,24,815,220,13,13,1,5,1,
106,25,832,365,10,8,1,5,1,
106,26,860,288,16,12,1,5,1,
106,29,785,334,17,13,1,5,1,
106,31,746,342,9,8,1,5,1,
106,33,949,266,10,9,1,5,1,
106,35,819,181,20,15,1,5,1,
106,37,797,220,15,11,1,5,1,
107,4,519,449,17,14,1,5,1,
107,5,657,524,70,20,1,5,1,
107,6,917,315,13,9,1,5,1,
107,8,817,308,18,10,1,5,1,
107,10,841,230,13,12,1,5,1,
107,11,794,220,41,16,1,5,1,
107,17,734,191,16,18,1,5,1,
107,22,889,158,27,24,1,5,1,
107,24,814,221,13,12,1,5,1,
107,25,832,364,10,8,1,5,1,
107,26,861,288,16,12,1,5,1,
107,29,786,333,16,14,1,5,1,
107,31,746,341,10,8,1,5,1,
107,33,948,266,11,9,1,5,1,
107,35,818,182,20,15,1,5,1,
107,37,796,220,15,11,1,5,1,
108,4,520,451,18,14,1,5,1,
108,5,663,526,72,18,1,5,1,
108,6,916,314,13,9,1,5,1,
108,8,815,308,18,9,1,5,1,
108,10,840,230,13,12,1,5,1,
108,11,798,220,39,16,1,5,1,
108,17,734,192,16,18,1,5,1,
108,22,891,159,26,24,1,5,1,
108,24,814,221,13,12,1,5,1,
108,25,833,364,10,8,1,5,1,
108,26,861,288,16,12,1,5,1,
108,29,786,333,17,13,1,5,1,
108,31,746,341,10,8,1,5,1,
108,33,947,266,12,9,1,5,1,
108,35,817,182,20,16,1,5,1,
108,37,795,220,16,11,1,5,1,
109,4,521,452,20,14,1,5,1,
109,5,670,528,73,16,1,5,1,
109,6,916,314,13,9,1,5,1,
109,10,840,231,12,11,1,5,1,
109,11,802,221,38,16,1,5,1,
109,17,734,192,16,18,1,5,1,
109,22,892,160,26,24,1,5,1,
109,24,813,222,13,12,1,5,1,
109,25,832,363,11,8,1,5,1,
109,26,862,288,16,11,1,5,1,
109,29,786,332,17,14,1,5,1,
109,31,746,340,10,8,1,5,1,
109,33,946,266,13,9,1,5,1,
109,35,816,183,19,15,1,5,1,
109,37,794,221,16,11,1,5,1,
110,4,522,454,21,14,1,5,1,
110,5,677,530,74,14,1,5,1,
110,6,915,314,13,9,1,5,1,
110,10,839,231,12,12,1,5,1,
110,11,805,221,38,16,1,5,1,
110,17,734,193,16,18,1,5,1,
110,22,894,161,26,23,1,5,1,
110,24,812,222,13,12,1,5,1,
110,25,832,362,10,8,1,5,1,
110,26,863,288,16,11,1,5,1,
110,29,786,332,17,13,1,5,1,
110,31,746,340,10,8,1,5,1,
110,33,945,266,14,9,1,5,1,
110,35,815,184,19,15,1,5,1,
110,37,793,221,16,11,1,5,1,
111,4,524,455,22,14,1,5,1,
111,5,684,532,75,12,1,5,1,
111,6,915,313,13,9,1,5,1,
111,10,838,231,12,12,1,5,1,
111,11,808,221,38,16,1,5,1,
111,17,734,193,16,18,1,5,1,
111,22,895,162,26,23,1,5,1,
111,24,811,223,13,11,1,5,1,
111,25,832,362,9,8,1,5,1,
111,26,863,288,16,11,1,5,1,
111,28,952,350,7,7,1,5,1,
111,29,786,332,17,13,1,5,1,
111,31,746,339,10,8,1,5,1,
111,33,944,266,15,9,1,5,1,
111,35,813,184,20,15,1,5,1,
111,37,792,222,16,10,1,5,1,
112,4,526,457,23,14,1,5,1,
112,5,692,535,75,9,1,5,1,
112,6,914,313,13,9,1,5,1,
112,10,837,232,12,11,1,5,1,
112,11,812,221,36,16,1,5,1,
112,17,734,194,15,17,1,5,1,
112,22,897,163,26,23,1,5,1,
112,24,810,223,13,12,1,5,1,
112,25,831,361,10,8,1,5,1,
112,26,864,288,16,11,1,5,1,
112,28,951,349,8,8,1,5,1,
112,29,787,331,16,13,1,5,1,
112,31,746,339,9,8,1,5,1,
112,33,943,266,16,9,1,5,1,
112,35,812,185,20,15,1,5,1,
112,37,792,222,15,11,1,5,1,
113,4,528,458,24,15,1,5,1,
113,6,914,313,12,8,1,5,1,
113,10,836,232,13,11,1,5,1,
113,11,816,222,33,16,1,5,1,
113,17,734,194,15,18,1,5,1,
113,22,898,164,26,22,1,5,1,
113,24,809,223,13,12,1,5,1,
113,25,832,360,10,8,1,5,1,
113,26,864,288,16,11,1,5,1,
113,28,950,348,9,9,1,5,1,
113,29,787,331,16,12,1,5,1,
113,31,746,338,9,8,1,5,1,
113,33,942,266,16,9,1,5,1,
113,35,810,186,21,14,1,5,1,
113,37,790,223,16,10,1,5,1,
114,4,530,460,25,14,1,5,1,
114,6,913,312,13,9,1,5,1,
114,10,835,232,13,12,1,5,1,
114,11,819,222,32,17,1,5,1,
114,17,733,195,15,18,1,5,1,
114,22,899,164,26,22,1,5,1,
114,24,808,224,14,11,1,5,1,
114,25,832,360,10,8,1,5,1,
114,26,865,288,15,11,1,5,1,
114,28,948,348,12,9,1,5,1,
114,29,787,330,16,13,1,5,1,
114,33,940,266,17,9,1,5,1,
114,35,809,186,21,15,1,5,1,
114,37,789,223,16,10,1,5,1,
115,4,532,461,26,15,1,5,1,
115,6,913,312,12,9,1,5,1,
115,10,834,233,13,11,1,5,1,
115,11,821,223,32,16,1,5,1,
115,17,733,196,14,17,1,5,1,
115,22,900,165,26,22,1,5,1,
115,24,807,224,14,12,1,5,1,
115,25,831,359,10,8,1,5,1,
115,26,865,287,15,11,1,5,1,
115,28,944,347,15,11,1,5,1,
115,29,787,330,16,13,1,5,1,
115,33,939,266,17,8,1,5,1,
115,35,808,187,20,14,1,5,1,
115,37,788,223,16,11,1,5,1,
116,4,534,463,27,14,1,5,1,
116,6,912,312,12,8,1,5,1,
116,10,833,233,14,11,1,5,1,
116,11,824,223,31,16,1,5,1,
116,17,732,197,15,17,1,5,1,
116,22,901,166,26,22,1,5,1,
116,24,806,225,14,11,1,5,1,
116,25,831,359,9,7,1,5,1,
116,26,865,287,16,11,1,5,1,
116,28,942,346,17,11,1,5,1,
116,29,786,329,16,13,1,5,1,
116,33,938,266,16,8,1,5,1,
116,35,806,188,21,14,1,5,1,
116,37,788,224,14,10,1,5,1,
117,4,536,464,29,15,1,5,1,
117,6,911,312,12,8,1,5,1,
117,10,832,233,14,11,1,5,1,
117,11,826,223,31,16,1,5,1,
117,17,732,197,14,17,1,5,1,
117,22,903,167,25,21,1,5,1,
117,24,805,225,14,11,1,5,1,
117,25,830,358,10,8,1,5,1,
117,26,865,287,16,11,1,5,1,
117,28,940,346,19,10,1,5,1,
117,29,786,329,16,13,1,5,1,
117,33,937,266,16,8,1,5,1,
117,35,805,188,20,15,1,5,1,
117,37,786,224,15,10,1,5,1,
118,4,539,466,29,15,1,5,1,
118,6,911,311,12,9,1,5,1,
118,10,831,234,14,10,1,5,1,
118,11,829,224,31,15,1,5,1,
118,17,731,198,14,16,1,5,1,
118,22,903,168,25,21,1,5,1,
118,24,804,226,14,11,1,5,1,
118,25,829,357,11,8,1,5,1,
118,26,866,287,15,11,1,5,1,
118,28,938,345,21,11,1,5,1,
118,29,786,329,16,12,1,5,1,
118,33,936,266,16,8,1,5,1,
118,35,804,189,20,14,1,5,1,
118,37,786,225,14,9,1,5,1,
119,4,542,467,30,15,1,5,1,
119,6,910,311,12,8,1,5,1,
119,10,830,234,14,11,1,5,1,
119,11,832,224,29,16,1,5,1,
119,17,730,198,14,17,1,5,1,
119,22,903,168,26,22,1,5,1,
119,24,803,226,14,11,1,5,1,
119,25,829,357,9,7,1,5,1,
119,26,866,287,15,11,1,5,1,
119,28,936,345,24,10,1,5,1,
119,29,786,328,15,13,1,5,1,
119,33,934,266,17,8,1,5,1,
119,37,786,225,13,10,1,5,1,
120,4,544,469,32,15,1,5,1,
120,6,909,310,12,9,1,5,1,
120,10,829,234,14,11,1,5,1,
120,11,834,224,29,16,1,5,1,
120,17,730,199,13,16,1,5,1,
120,22,905,169,24,21,1,5,1,
120,24,801,226,15,11,1,5,1,
120,25,828,356,10,8,1,5,1,
120,26,866,287,15,10,1,5,1,
120,28,934,344,25,10,1,5,1,
120,29,786,328,15,12,1,5,1,
120,33,933,266,17,8,1,5,1,
120,37,786,225,12,10,1,5,1,
121,4,547,470,32,15,1,5,1,
121,6,908,310,13,8,1,5,1,
121,10,828,235,14,10,1,5,1,
121,11,837,224,28,16,1,5,1,
121,17,729,200,14,16,1,5,1,
121,22,905,170,25,21,1,5,1,
121,24,800,227,15,11,1,5,1,
121,25,828,356,9,7,1,5,1,
121,26,866,287,15,10,1,5,1,
121,28,932,343,25,11,1,5,1,
121,29,785,327,16,13,1,5,1,
121,33,932,266,17,8,1,5,1,
121,37,784,226,14,9,1,5,1,
122,4,550,472,33,15,1,5,1,
122,6,906,310,15,8,1,5,1,
122,10,826,235,15,10,1,5,1,
122,11,840,225,27,15,1,5,1,
122,17,728,200,15,16,1,5,1,
122,22,906,171,24,21,1,5,1,
122,24,799,227,15,11,1,5,1,
122,25,827,355,10,8,1,5,1,
122,26,866,287,15,10,1,5,1,
122,28,929,343,26,10,1,5,1,
122,29,785,327,15,12,1,5,1,
122,33,931,266,16,8,1,5,1,
122,37,783,226,15,9,1,5,1,
123,4,553,473,34,15,1,5,1,
123,6,905,309,15,8,1,5,1,
123,10,825,235,15,10,1,5,1,
123,11,840,225,32,16,1,5,1,
123,17,725,201,19,16,1,5,1,
123,22,907,172,24,20,1,5,1,
123,24,797,228,16,10,1,5,1,
123,25,827,354,9,8,1,5,1,
123,26,866,287,15,10,1,5,1,
123,28,927,342,26,11,1,5,1,
123,29,784,327,16,12,1,5,1,
123,33,930,266,16,8,1,5,1,
123,37,782,226,16,10,1,5,1,
124,4,557,475,34,15,1,5,1,
124,6,903,309,16,8,1,5,1,
124,10,823,235,17,11,1,5,1,
124,11,841,225,34,16,1,5,1,
124,17,723,201,22,16,1,5,1,
124,22,907,173,24,20,1,5,1,
124,24,795,228,16,10,1,5,1,
124,26,866,286,15,11,1,5,1,
124,28,925,342,26,10,1,5,1,
124,29,784,326,15,12,1,5,1,
124,33,928,266,17,8,1,5,1,
124,37,781,227,16,9,1,5,1,
125,4,560,476,36,16,1,5,1,
125,6,902,309,15,8,1,5,1,
125,10,824,236,14,10,1,5,1,
125,11,843,226,34,15,1,5,1,
125,17,721,202,24,15,1,5,1,
125,22,908,174,24,20,1,5,1,
125,24,794,228,16,11,1,5,1,
125,26,866,286,15,11,1,5,1,
125,28,923,341,26,10,1,5,1,
125,29,783,326,15,12,1,5,1,
125,33,927,266,17,8,1,5,1,
125,37,780,227,15,9,1,5,1,
126,4,563,478,37,15,1,5,1,
126,6,901,309,15,7,1,5,1,
126,10,824,236,11,10,1,5,1,
126,11,845,226,35,15,1,5,1,
126,17,720,202,23,15,1,5,1,
126,22,908,175,24,19,1,5,1,
126,24,792,229,17,10,1,5,1,
126,26,866,286,15,10,1,5,1,
126,28,921,341,26,10,1,5,1,
126,29,783,326,15,11,1,5,1,
126,33,926,266,16,8,1,5,1,
126,37,780,227,12,10,1,5,1,
127,4,566,479,38,16,1,5,1,
127,6,899,308,15,8,1,5,1,
127,10,824,236,11,9,1,5,1,
127,11,848,226,34,15,1,5,1,
127,17,719,203,23,15,1,5,1,
127,22,908,175,24,20,1,5,1,
127,24,791,229,16,10,1,5,1,
127,26,866,286,15,10,1,5,1,
127,33,925,266,16,8,1,5,1,
127,37,780,228,12,9,1,5,1,
128,4,570,481,39,15,1,5,1,
128,6,898,308,15,8,1,5,1,
128,11,851,226,33,16,1,5,1,
128,17,718,203,22,15,1,5,1,
128,22,908,176,24,19,1,5,1,
128,24,790,229,15,10,1,5,1,
128,26,866,286,15,10,1,5,1,
128,33,924,266,16,8,1,5,1,
128,37,780,228,12,9,1,5,1,
129,4,573,482,40,16,1,5,1,
129,6,897,308,15,7,1,5,1,
129,11,853,227,33,15,1,5,1,
129,17,716,203,22,16,1,5,1,
129,22,909,177,23,19,1,5,1,
129,24,788,230,16,10,1,5,1,
129,26,866,286,15,10,1,5,1,
129,33,922,266,16,8,1,5,1,
130,4,576,483,42,17,1,5,1,
130,6,895,308,15,7,1,5,1,
130,11,855,227,33,15,1,5,1,
130,17,714,204,23,15,1,5,1,
130,22,910,178,23,19,1,5,1,
130,24,787,230,16,10,1,5,1,
130,26,866,286,14,10,1,5,1,
130,33,921,266,16,8,1,5,1,
131,4,580,484,43,17,1,5,1,
131,6,894,307,15,8,1,5,1,
131,11,858,227,32,15,1,5,1,
131,22,910,179,23,18,1,5,1,
131,24,786,230,15,9,1,5,1,
131,26,866,286,14,10,1,5,1,
131,33,920,266,16,8,1,5,1,
132,4,583,486,45,17,1,5,1,
132,6,893,307,15,8,1,5,1,
132,11,860,227,31,15,1,5,1,
132,22,910,179,23,19,1,5,1,
132,24,785,230,15,9,1,5,1,
132,26,866,286,14,9,1,5,1,
132,33,919,267,16,7,1,5,1,
133,4,587,487,46,17,1,5,1,
133,6,892,307,14,7,1,5,1,
133,11,862,228,31,14,1,5,1,
133,22,910,180,23,18,1,5,1,
133,24,783,230,16,9,1,5,1,
133,26,866,286,14,9,1,5,1,
133,33,918,267,16,7,1,5,1,
134,4,591,488,47,18,1,5,1,
134,6,890,307,15,7,1,5,1,
134,11,865,228,30,14,1,5,1,
134,22,910,181,23,18,1,5,1,
134,24,782,230,16,9,1,5,1,
134,26,866,286,14,9,1,5,1,
134,33,916,267,17,7,1,5,1,
135,4,594,490,49,18,1,5,1,
135,6,889,306,15,8,1,5,1,
135,11,866,228,30,14,1,5,1,
135,22,910,181,23,19,1,5,1,
135,24,780,230,17,9,1,5,1,
135,26,866,285,14,10,1,5,1,
135,33,915,267,17,7,1,5,1,
136,4,597,491,51,18,1,5,1,
136,6,888,306,15,8,1,5,1,
136,11,869,228,28,15,1,5,1,
136,22,910,182,23,18,1,5,1,
136,24,778,231,19,8,1,5,1,
136,26,866,285,14,10,1,5,1,
136,33,914,267,17,7,1,5,1,
137,4,601,492,52,19,1,5,1,
137,6,887,306,15,7,1,5,1,
137,11,871,228,28,15,1,5,1,
137,15,-56396,25104,0,-24560,1,5,1,
137,22,910,183,22,18,1,5,1,
137,26,866,285,13,10,1,5,1,
137,33,913,267,16,7,1,5,1,
138,4,605,494,54,18,1,5,1,
138,11,873,229,26,15,1,5,1,
138,22,910,183,22,18,1,5,1,
138,26,865,285,14,10,1,5,1,
138,33,911,267,17,7,1,5,1,
139,4,608,495,56,19,1,5,1,
139,11,875,229,24,15,1,5,1,
139,22,910,184,22,18,1,5,1,
139,26,865,285,14,9,1,5,1,
139,33,910,267,17,7,1,5,1,
140,4,612,496,58,20,1,5,1,
140,11,877,229,23,16,1,5,1,
140,22,910,185,22,18,1,5,1,
140,26,865,285,13,9,1,5,1,
141,4,615,497,61,20,1,5,1,
141,11,879,230,21,16,1,5,1,
141,22,910,185,21,18,1,5,1,
141,26,865,285,13,9,1,5,1,
142,4,619,498,62,21,1,5,1,
142,11,880,230,21,16,1,5,1,
142,22,910,186,21,18,1,5,1,
142,26,864,285,13,9,1,5,1,
143,4,622,499,65,21,1,5,1,
143,11,882,231,20,16,1,5,1,
143,22,910,186,21,18,1,5,1,
143,26,864,285,13,9,1,5,1,
144,4,626,500,67,22,1,5,1,
144,11,882,231,21,16,1,5,1,
144,22,910,187,21,18,1,5,1,
144,26,863,285,13,9,1,5,1,
145,4,631,502,68,21,1,5,1,
145,11,883,232,22,15,1,5,1,
145,22,910,188,20,17,1,5,1,
145,26,863,285,13,9,1,5,1,
146,4,635,503,70,22,1,5,1,
146,11,883,233,23,14,1,5,1,
146,22,910,188,20,18,1,5,1,
147,4,640,504,71,23,1,5,1,
147,11,884,233,22,15,1,5,1,
147,22,910,189,20,17,1,5,1,
148,4,644,506,74,22,1,5,1,
148,11,884,234,23,14,1,5,1,
148,22,909,190,20,17,1,5,1,
149,4,648,507,76,23,1,5,1,
149,11,885,234,23,14,1,5,1,
149,22,909,190,20,17,1,5,1,
150,4,653,508,78,23,1,5,1,
150,11,886,235,23,13,1,5,1,
150,22,909,191,20,17,1,5,1,
