1,1,924,374,36,19,1,5,1,
1,2,314,439,60,19,1,5,1,
1,3,486,113,36,39,1,5,1,
1,4,-31,493,94,23,1,5,1,
1,5,154,6,35,36,1,5,1,
1,6,-43,377,126,32,1,5,1,
1,7,193,466,125,53,1,5,1,
1,8,234,0,37,48,1,5,1,
1,9,331,449,30,58,1,5,1,
1,10,834,314,54,13,1,5,1,
1,11,737,375,81,25,1,5,1,
1,12,237,241,41,14,1,5,1,
1,13,208,25,41,22,1,5,1,
1,14,527,339,99,36,1,5,1,
1,15,671,456,59,56,1,5,1,
1,16,266,209,127,44,1,5,1,
1,17,0,187,69,25,1,5,1,
1,18,0,446,86,29,1,5,1,
1,19,821,326,76,16,1,5,1,
1,20,219,254,70,16,1,5,1,
1,21,43,164,73,63,1,5,1,
1,22,676,482,119,29,1,5,1,
1,23,499,127,38,41,1,5,1,
1,24,499,123,142,56,1,5,1,
1,25,125,138,102,67,1,5,1,
1,26,224,80,98,30,1,5,1,
1,27,755,161,72,25,1,5,1,
1,28,807,418,95,23,1,5,1,
1,29,458,62,66,37,1,5,1,
1,30,178,13,30,20,1,5,1,
1,31,755,129,43,17,1,5,1,
1,32,361,111,74,20,1,5,1,
1,33,683,359,15,14,1,5,1,
1,34,477,451,63,17,1,5,1,
1,35,805,-25,56,39,1,5,1,
1,36,93,408,106,51,1,5,1,
2,1,935,377,25,15,1,5,1,
2,2,308,438,60,23,1,5,1,
2,3,485,109,38,41,1,5,1,
2,4,-40,496,89,21,1,5,1,
2,5,156,3,27,37,1,5,1,
2,6,-45,376,114,34,1,5,1,
2,7,200,463,129,49,1,5,1,
2,8,232,0,46,52,1,5,1,
2,9,333,454,31,57,1,5,1,
2,10,832,314,48,13,1,5,1,
2,11,742,377,86,23,1,5,1,
2,12,239,241,46,14,1,5,1,
2,13,214,23,37,22,1,5,1,
2,14,527,337,83,36,1,5,1,
2,15,682,451,47,58,1,5,1,
2,16,278,209,123,44,1,5,1,
2,17,0,189,82,24,1,5,1,
2,18,0,444,101,28,1,5,1,
2,19,829,327,81,16,1,5,1,
2,20,228,255,67,15,1,5,1,
2,21,36,165,94,65,1,5,1,
2,22,667,480,120,29,1,5,1,
2,23,497,123,43,43,1,5,1,
2,24,505,128,152,52,1,5,1,
2,25,125,142,115,66,1,5,1,
2,26,238,84,97,27,1,5,1,
2,27,751,161,67,27,1,5,1,
2,28,793,417,103,22,1,5,1,
2,29,456,64,59,38,1,5,1,
2,30,181,11,29,22,1,5,1,
2,31,758,127,50,17,1,5,1,
2,32,366,111,75,21,1,5,1,
2,33,684,358,15,14,1,5,1,
2,34,483,452,63,17,1,5,1,
2,35,806,-30,63,43,1,5,1,
2,36,85,410,103,55,1,5,1,
3,2,302,438,59,26,1,5,1,
3,3,485,105,39,43,1,5,1,
3,4,-47,497,80,17,1,5,1,
3,5,157,0,25,37,1,5,1,
3,6,-46,377,100,32,1,5,1,
3,7,209,461,132,45,1,5,1,
3,8,233,1,53,54,1,5,1,
3,9,335,459,33,56,1,5,1,
3,10,831,314,41,12,1,5,1,
3,11,748,378,90,23,1,5,1,
3,12,241,241,51,15,1,5,1,
3,13,221,21,31,23,1,5,1,
3,14,529,335,66,35,1,5,1,
3,15,685,446,44,58,1,5,1,
3,16,292,209,119,46,1,5,1,
3,17,0,190,94,24,1,5,1,
3,18,0,443,115,26,1,5,1,
3,19,840,328,83,17,1,5,1,
3,20,237,255,63,15,1,5,1,
3,21,31,167,113,66,1,5,1,
3,22,660,477,116,30,1,5,1,
3,23,493,119,58,47,1,5,1,
3,24,513,133,161,48,1,5,1,
3,25,129,146,125,65,1,5,1,
3,26,253,86,95,24,1,5,1,
3,27,749,162,59,28,1,5,1,
3,28,781,415,106,23,1,5,1,
3,29,448,69,64,32,1,5,1,
3,30,184,10,29,21,1,5,1,
3,31,762,124,57,18,1,5,1,
3,32,372,112,75,21,1,5,1,
3,33,686,357,15,14,1,5,1,
3,34,488,453,63,17,1,5,1,
3,36,78,412,96,59,1,5,1,
4,2,297,438,57,29,1,5,1,
4,3,487,100,40,45,1,5,1,
4,5,157,-3,26,37,1,5,1,
4,6,-44,375,83,30,1,5,1,
4,7,218,459,135,41,1,5,1,
4,8,235,5,59,54,1,5,1,
4,9,333,464,43,55,1,5,1,
4,10,830,313,35,13,1,5,1,
4,11,755,380,92,21,1,5,1,
4,12,244,242,55,14,1,5,1,
4,13,227,19,28,24,1,5,1,
4,14,528,333,53,35,1,5,1,
4,15,685,443,43,55,1,5,1,
4,16,307,210,112,47,1,5,1,
4,17,0,189,106,26,1,5,1,
4,18,0,442,129,26,1,5,1,
4,19,850,329,86,17,1,5,1,
4,20,246,255,59,15,1,5,1,
4,21,31,170,128,66,1,5,1,
4,22,654,473,111,34,1,5,1,
4,23,490,114,74,48,1,5,1,
4,24,523,135,169,46,1,5,1,
4,25,135,151,132,62,1,5,1,
4,26,268,86,93,23,1,5,1,
4,27,746,163,53,29,1,5,1,
4,28,769,413,107,23,1,5,1,
4,29,441,74,67,26,1,5,1,
4,30,186,8,29,21,1,5,1,
4,31,767,121,63,19,1,5,1,
4,32,378,112,75,21,1,5,1,
4,33,686,357,18,13,1,5,1,
4,34,494,455,63,17,1,5,1,
4,36,73,415,88,61,1,5,1,
5,2,292,439,54,31,1,5,1,
5,3,488,96,43,46,1,5,1,
5,5,158,-5,26,35,1,5,1,
5,6,-41,370,65,37,1,5,1,
5,7,229,457,136,38,1,5,1,
5,8,238,11,64,51,1,5,1,
5,9,332,469,56,53,1,5,1,
5,10,830,313,28,12,1,5,1,
5,11,763,381,93,20,1,5,1,
5,12,248,242,59,15,1,5,1,
5,13,233,16,24,27,1,5,1,
5,14,528,331,41,34,1,5,1,
5,15,684,439,43,54,1,5,1,
5,16,314,211,121,48,1,5,1,
5,17,6,191,111,25,1,5,1,
5,18,15,441,128,25,1,5,1,
5,19,861,329,89,17,1,5,1,
5,20,250,255,63,15,1,5,1,
5,21,34,174,139,64,1,5,1,
5,22,649,470,104,36,1,5,1,
5,23,488,111,90,47,1,5,1,
5,24,533,136,177,45,1,5,1,
5,25,142,156,139,59,1,5,1,
5,26,281,86,93,23,1,5,1,
5,27,745,164,44,31,1,5,1,
5,28,758,410,107,24,1,5,1,
5,29,433,78,71,22,1,5,1,
5,30,185,7,37,20,1,5,1,
5,31,774,119,68,18,1,5,1,
5,32,385,111,73,23,1,5,1,
5,33,685,356,24,13,1,5,1,
5,34,500,456,63,17,1,5,1,
5,36,69,418,79,65,1,5,1,
6,2,288,440,51,34,1,5,1,
6,3,483,92,57,47,1,5,1,
6,5,160,-7,27,33,1,5,1,
6,7,241,456,135,37,1,5,1,
6,8,243,16,67,49,1,5,1,
6,9,332,474,71,50,1,5,1,
6,10,830,313,22,12,1,5,1,
6,11,772,382,93,20,1,5,1,
6,12,253,242,61,15,1,5,1,
6,13,235,11,23,31,1,5,1,
6,14,527,329,34,33,1,5,1,
6,15,683,435,41,54,1,5,1,
6,16,320,211,129,49,1,5,1,
6,17,19,193,109,23,1,5,1,
6,18,31,440,125,24,1,5,1,
6,19,873,329,86,17,1,5,1,
6,20,255,255,67,15,1,5,1,
6,21,39,178,149,62,1,5,1,
6,22,646,467,95,37,1,5,1,
6,23,487,107,106,46,1,5,1,
6,24,546,135,179,45,1,5,1,
6,25,152,162,143,54,1,5,1,
6,26,294,86,93,24,1,5,1,
6,27,744,166,37,31,1,5,1,
6,28,749,407,103,25,1,5,1,
6,29,426,78,74,21,1,5,1,
6,30,187,6,40,20,1,5,1,
6,31,782,117,73,18,1,5,1,
6,32,392,111,70,24,1,5,1,
6,33,685,355,29,13,1,5,1,
6,34,505,458,65,17,1,5,1,
6,36,68,422,67,66,1,5,1,
7,2,284,442,48,36,1,5,1,
7,3,479,88,76,47,1,5,1,
7,5,160,-9,29,31,1,5,1,
7,7,253,455,134,35,1,5,1,
7,8,248,21,71,46,1,5,1,
7,9,334,478,84,48,1,5,1,
7,10,829,312,17,12,1,5,1,
7,11,781,382,91,20,1,5,1,
7,12,259,243,63,14,1,5,1,
7,13,236,9,23,30,1,5,1,
7,14,529,328,33,32,1,5,1,
7,15,680,431,51,53,1,5,1,
7,16,327,207,133,50,1,5,1,
7,17,33,194,106,23,1,5,1,
7,18,47,439,121,24,1,5,1,
7,19,887,330,73,17,1,5,1,
7,20,260,255,70,15,1,5,1,
7,21,47,183,156,59,1,5,1,
7,22,644,463,85,39,1,5,1,
7,23,487,105,122,44,1,5,1,
7,24,561,135,177,45,1,5,1,
7,25,163,167,146,50,1,5,1,
7,26,308,87,92,24,1,5,1,
7,27,745,168,28,32,1,5,1,
7,28,740,403,100,28,1,5,1,
7,29,418,78,76,21,1,5,1,
7,30,189,4,42,20,1,5,1,
7,31,791,114,76,18,1,5,1,
7,32,400,111,66,25,1,5,1,
7,33,686,355,34,12,1,5,1,
7,34,511,459,66,17,1,5,1,
7,36,69,427,54,65,1,5,1,
8,2,281,444,44,37,1,5,1,
8,3,476,84,95,48,1,5,1,
8,5,158,-9,34,27,1,5,1,
8,7,264,454,133,35,1,5,1,
8,8,253,26,74,43,1,5,1,
8,9,338,482,96,47,1,5,1,
8,10,829,312,16,12,1,5,1,
8,11,791,382,88,20,1,5,1,
8,12,266,243,63,14,1,5,1,
8,13,236,6,25,29,1,5,1,
8,14,532,327,31,31,1,5,1,
8,15,678,427,48,51,1,5,1,
8,16,327,207,152,51,1,5,1,
8,17,46,196,102,21,1,5,1,
8,18,63,439,116,23,1,5,1,
8,19,900,330,60,17,1,5,1,
8,20,267,255,70,16,1,5,1,
8,21,56,188,161,55,1,5,1,
8,22,642,460,76,40,1,5,1,
8,23,489,102,135,44,1,5,1,
8,24,576,135,173,45,1,5,1,
8,25,175,172,147,46,1,5,1,
8,26,322,88,91,24,1,5,1,
8,27,743,170,23,32,1,5,1,
8,28,733,400,94,29,1,5,1,
8,29,412,77,74,20,1,5,1,
8,30,191,3,44,20,1,5,1,
8,31,800,112,79,17,1,5,1,
8,32,406,112,65,25,1,5,1,
8,33,687,355,39,12,1,5,1,
8,34,517,459,68,17,1,5,1,
8,36,73,431,43,66,1,5,1,
9,2,279,446,39,39,1,5,1,
9,3,475,80,113,49,1,5,1,
9,5,156,-10,41,23,1,5,1,
9,7,276,454,130,33,1,5,1,
9,8,260,31,75,39,1,5,1,
9,9,344,486,106,45,1,5,1,
9,10,828,312,17,11,1,5,1,
9,11,802,382,82,20,1,5,1,
9,12,273,243,63,14,1,5,1,
9,13,236,5,29,27,1,5,1,
9,14,535,326,31,30,1,5,1,
9,15,677,424,44,48,1,5,1,
9,16,328,207,170,51,1,5,1,
9,17,59,197,98,21,1,5,1,
9,18,79,438,111,24,1,5,1,
9,19,914,331,46,15,1,5,1,
9,20,275,255,70,16,1,5,1,
9,21,68,193,164,51,1,5,1,
9,22,642,457,64,39,1,5,1,
9,23,492,101,147,41,1,5,1,
9,24,589,137,172,45,1,5,1,
9,25,188,176,147,42,1,5,1,
9,26,335,89,91,24,1,5,1,
9,27,742,173,18,31,1,5,1,
9,28,727,396,87,31,1,5,1,
9,29,405,77,71,21,1,5,1,
9,30,194,1,45,20,1,5,1,
9,31,810,111,82,16,1,5,1,
9,32,411,114,67,24,1,5,1,
9,33,690,354,42,12,1,5,1,
9,34,524,458,68,17,1,5,1,
9,36,72,436,44,64,1,5,1,
10,2,278,449,33,40,1,5,1,
10,3,475,77,132,48,1,5,1,
10,5,154,-10,50,20,1,5,1,
10,7,288,454,128,32,1,5,1,
10,8,267,36,76,34,1,5,1,
10,9,351,492,115,40,1,5,1,
10,10,828,311,16,12,1,5,1,
10,11,813,382,75,19,1,5,1,
10,12,280,243,64,15,1,5,1,
10,13,236,3,34,27,1,5,1,
10,14,532,325,42,29,1,5,1,
10,15,675,421,41,46,1,5,1,
10,16,335,206,179,52,1,5,1,
10,17,72,198,93,20,1,5,1,
10,18,93,438,107,23,1,5,1,
10,19,928,332,32,12,1,5,1,
10,20,283,255,69,16,1,5,1,
10,21,81,198,165,48,1,5,1,
10,22,643,454,52,38,1,5,1,
10,23,498,100,156,41,1,5,1,
10,24,601,138,172,47,1,5,1,
10,25,201,179,147,41,1,5,1,
10,26,349,90,89,24,1,5,1,
10,27,743,176,17,30,1,5,1,
10,28,723,393,79,31,1,5,1,
10,29,401,76,65,24,1,5,1,
10,30,197,0,47,20,1,5,1,
10,31,821,109,82,17,1,5,1,
10,32,417,115,67,24,1,5,1,
10,33,692,354,47,12,1,5,1,
10,34,532,458,66,16,1,5,1,
10,36,72,441,46,63,1,5,1,
11,2,277,452,27,41,1,5,1,
11,3,477,74,148,48,1,5,1,
11,7,299,454,126,32,1,5,1,
11,8,274,40,76,30,1,5,1,
11,9,360,497,123,36,1,5,1,
11,10,828,311,16,12,1,5,1,
11,11,824,382,66,19,1,5,1,
11,12,288,243,64,15,1,5,1,
11,13,237,1,39,25,1,5,1,
11,14,531,324,52,28,1,5,1,
11,15,673,418,38,44,1,5,1,
11,16,339,205,192,53,1,5,1,
11,17,86,198,86,21,1,5,1,
11,18,104,437,109,23,1,5,1,
11,20,290,255,69,16,1,5,1,
11,21,95,203,165,43,1,5,1,
11,22,643,451,41,37,1,5,1,
11,23,505,99,162,41,1,5,1,
11,24,613,141,173,46,1,5,1,
11,25,216,182,144,39,1,5,1,
11,26,363,91,88,24,1,5,1,
11,27,743,179,17,29,1,5,1,
11,28,720,389,70,32,1,5,1,
11,29,397,74,59,29,1,5,1,
11,30,199,0,49,18,1,5,1,
11,31,833,109,81,16,1,5,1,
11,32,423,117,67,23,1,5,1,
11,33,696,354,49,13,1,5,1,
11,34,540,457,64,16,1,5,1,
11,36,74,446,47,61,1,5,1,
12,2,278,455,20,41,1,5,1,
12,3,481,72,163,47,1,5,1,
12,6,0,340,20,28,1,5,1,
12,7,310,452,124,32,1,5,1,
12,8,281,44,76,26,1,5,1,
12,9,371,497,127,36,1,5,1,
12,10,829,311,15,11,1,5,1,
12,11,834,381,58,20,1,5,1,
12,12,295,243,64,15,1,5,1,
12,13,237,0,45,23,1,5,1,
12,14,531,323,61,28,1,5,1,
12,15,672,415,35,42,1,5,1,
12,16,345,204,202,54,1,5,1,
12,17,98,199,80,20,1,5,1,
12,18,118,437,105,24,1,5,1,
12,20,298,255,68,16,1,5,1,
12,21,109,206,164,40,1,5,1,
12,22,642,449,33,35,1,5,1,
12,23,514,98,166,42,1,5,1,
12,24,624,144,174,46,1,5,1,
12,25,230,185,142,37,1,5,1,
12,26,376,92,87,24,1,5,1,
12,27,744,182,17,27,1,5,1,
12,28,718,386,62,32,1,5,1,
12,29,395,73,51,34,1,5,1,
12,30,202,0,51,17,1,5,1,
12,31,844,108,80,16,1,5,1,
12,32,429,118,67,23,1,5,1,
12,33,702,354,48,13,1,5,1,
12,34,548,455,60,17,1,5,1,
12,36,74,451,51,58,1,5,1,
13,2,278,459,18,41,1,5,1,
13,3,488,70,174,47,1,5,1,
13,6,0,337,32,28,1,5,1,
13,7,322,451,121,31,1,5,1,
13,8,288,46,76,24,1,5,1,
13,9,385,496,128,35,1,5,1,
13,10,828,310,16,12,1,5,1,
13,11,843,381,52,19,1,5,1,
13,12,303,243,63,15,1,5,1,
13,13,238,-1,51,21,1,5,1,
13,14,534,323,67,27,1,5,1,
13,15,670,412,35,40,1,5,1,
13,16,355,204,207,54,1,5,1,
13,17,110,198,73,20,1,5,1,
13,18,132,438,100,23,1,5,1,
13,20,306,255,67,16,1,5,1,
13,21,125,208,160,37,1,5,1,
13,22,641,447,26,33,1,5,1,
13,23,525,97,166,43,1,5,1,
13,24,636,146,174,46,1,5,1,
13,25,245,188,138,35,1,5,1,
13,26,390,92,84,26,1,5,1,
13,27,741,186,23,24,1,5,1,
13,28,717,383,53,32,1,5,1,
13,29,393,73,44,39,1,5,1,
13,30,205,-1,52,16,1,5,1,
13,31,857,108,76,16,1,5,1,
13,32,435,119,68,22,1,5,1,
13,33,708,354,46,13,1,5,1,
13,34,557,453,56,17,1,5,1,
13,36,67,456,67,55,1,5,1,
14,2,278,462,18,41,1,5,1,
14,3,497,69,182,46,1,5,1,
14,6,0,335,45,28,1,5,1,
14,7,332,450,120,30,1,5,1,
14,8,295,47,75,24,1,5,1,
14,9,400,495,126,34,1,5,1,
14,10,828,310,16,11,1,5,1,
14,11,849,380,50,20,1,5,1,
14,12,310,243,63,15,1,5,1,
14,13,240,-3,56,21,1,5,1,
14,14,542,322,63,27,1,5,1,
14,15,669,410,33,38,1,5,1,
14,16,367,205,209,54,1,5,1,
14,17,121,198,66,20,1,5,1,
14,18,144,438,97,24,1,5,1,
14,20,313,255,68,16,1,5,1,
14,21,140,210,158,35,1,5,1,
14,22,642,445,25,31,1,5,1,
14,23,537,97,165,43,1,5,1,
14,24,649,146,173,46,1,5,1,
14,25,260,189,135,35,1,5,1,
14,26,403,93,81,28,1,5,1,
14,27,740,189,28,22,1,5,1,
14,28,717,380,44,31,1,5,1,
14,29,393,74,35,41,1,5,1,
14,30,207,-3,55,17,1,5,1,
14,31,869,107,71,17,1,5,1,
14,32,441,121,68,21,1,5,1,
14,33,714,355,44,12,1,5,1,
14,34,565,451,51,17,1,5,1,
14,36,62,461,87,51,1,5,1,
15,2,278,466,19,39,1,5,1,
15,3,508,67,187,47,1,5,1,
15,6,0,332,58,32,1,5,1,
15,7,341,451,121,29,1,5,1,
15,8,303,48,74,23,1,5,1,
15,9,416,493,123,34,1,5,1,
15,10,828,310,15,11,1,5,1,
15,11,855,380,48,19,1,5,1,
15,12,317,243,63,15,1,5,1,
15,13,243,-4,59,20,1,5,1,
15,14,549,321,61,26,1,5,1,
15,15,668,407,32,37,1,5,1,
15,16,380,206,207,54,1,5,1,
15,17,128,198,65,20,1,5,1,
15,18,155,438,97,24,1,5,1,
15,20,321,255,67,16,1,5,1,
15,21,156,211,153,35,1,5,1,
15,22,644,443,24,29,1,5,1,
15,23,549,96,165,44,1,5,1,
15,24,662,146,172,46,1,5,1,
15,25,272,190,133,34,1,5,1,
15,26,416,95,78,28,1,5,1,
15,27,739,192,34,20,1,5,1,
15,28,718,378,35,29,1,5,1,
15,29,393,77,27,42,1,5,1,
15,30,211,-4,56,17,1,5,1,
15,31,880,107,65,17,1,5,1,
15,32,447,122,68,20,1,5,1,
15,33,720,355,42,12,1,5,1,
15,34,573,449,45,18,1,5,1,
15,36,59,467,106,47,1,5,1,
16,2,277,470,21,37,1,5,1,
16,3,522,67,187,48,1,5,1,
16,6,0,330,71,32,1,5,1,
16,7,350,451,121,30,1,5,1,
16,8,310,49,74,23,1,5,1,
16,9,431,492,121,33,1,5,1,
16,10,827,309,15,11,1,5,1,
16,11,860,379,47,19,1,5,1,
16,12,325,243,61,15,1,5,1,
16,13,246,-6,60,21,1,5,1,
16,14,556,320,58,26,1,5,1,
16,15,669,404,32,36,1,5,1,
16,16,394,206,202,54,1,5,1,
16,17,131,197,72,20,1,5,1,
16,18,166,438,97,24,1,5,1,
16,20,328,255,67,16,1,5,1,
16,21,172,212,149,34,1,5,1,
16,22,646,442,24,27,1,5,1,
16,23,561,96,165,44,1,5,1,
16,24,675,146,171,46,1,5,1,
16,25,284,191,132,33,1,5,1,
16,26,428,97,76,27,1,5,1,
16,27,739,196,39,17,1,5,1,
16,28,718,376,28,27,1,5,1,
16,29,392,80,22,42,1,5,1,
16,30,214,-5,57,16,1,5,1,
16,31,892,107,57,18,1,5,1,
16,32,453,123,68,19,1,5,1,
16,33,725,354,41,13,1,5,1,
16,34,577,448,46,17,1,5,1,
16,36,59,473,124,42,1,5,1,
17,2,274,474,27,35,1,5,1,
17,3,537,67,184,49,1,5,1,
17,6,0,329,83,30,1,5,1,
17,7,360,451,121,31,1,5,1,
17,8,317,50,74,22,1,5,1,
17,9,447,490,118,33,1,5,1,
17,10,826,309,16,11,1,5,1,
17,11,865,379,46,19,1,5,1,
17,12,332,243,61,15,1,5,1,
17,13,250,-7,62,20,1,5,1,
17,14,563,320,56,25,1,5,1,
17,15,671,402,32,33,1,5,1,
17,16,410,206,193,54,1,5,1,
17,17,134,197,80,20,1,5,1,
17,18,177,438,97,24,1,5,1,
17,20,335,255,67,16,1,5,1,
17,21,188,213,144,34,1,5,1,
17,22,644,440,30,26,1,5,1,
17,23,573,96,165,44,1,5,1,
17,24,689,146,169,46,1,5,1,
17,25,295,191,132,34,1,5,1,
17,26,440,99,74,27,1,5,1,
17,27,740,199,44,15,1,5,1,
17,28,719,374,21,25,1,5,1,
17,29,392,82,18,44,1,5,1,
17,30,218,-7,56,17,1,5,1,
17,31,901,107,53,19,1,5,1,
17,32,459,123,68,20,1,5,1,
17,33,730,354,40,12,1,5,1,
17,34,582,447,46,17,1,5,1,
17,36,62,476,139,39,1,5,1,
18,2,274,478,31,33,1,5,1,
18,3,554,67,178,50,1,5,1,
18,6,0,327,96,29,1,5,1,
18,7,370,450,120,31,1,5,1,
18,8,324,51,73,22,1,5,1,
18,9,462,488,116,33,1,5,1,
18,10,826,309,15,11,1,5,1,
18,11,870,378,45,19,1,5,1,
18,12,339,244,61,14,1,5,1,
18,13,258,-10,59,22,1,5,1,
18,14,570,319,53,25,1,5,1,
18,15,674,400,31,31,1,5,1,
18,16,428,205,181,54,1,5,1,
18,17,140,197,83,20,1,5,1,
18,18,189,438,95,24,1,5,1,
18,20,343,255,66,16,1,5,1,
18,21,204,214,138,34,1,5,1,
18,22,641,439,40,25,1,5,1,
18,23,586,96,164,43,1,5,1,
18,24,702,146,167,46,1,5,1,
18,25,306,191,131,34,1,5,1,
18,26,452,101,72,27,1,5,1,
18,27,743,200,43,14,1,5,1,
18,28,720,373,18,22,1,5,1,
18,29,393,86,17,44,1,5,1,
18,31,909,108,50,18,1,5,1,
18,32,465,124,68,19,1,5,1,
18,33,735,354,39,12,1,5,1,
18,34,586,446,47,16,1,5,1,
18,36,73,476,141,40,1,5,1,
19,2,275,480,33,34,1,5,1,
19,3,569,68,177,49,1,5,1,
19,6,0,326,108,28,1,5,1,
19,7,380,449,119,31,1,5,1,
19,8,331,52,73,22,1,5,1,
19,9,477,486,114,33,1,5,1,
19,10,824,308,17,11,1,5,1,
19,11,874,377,45,19,1,5,1,
19,12,346,244,61,14,1,5,1,
19,13,265,-11,58,22,1,5,1,
19,14,576,319,51,24,1,5,1,
19,15,677,398,29,31,1,5,1,
19,16,448,203,166,55,1,5,1,
19,17,148,197,84,20,1,5,1,
19,18,200,439,94,23,1,5,1,
19,20,350,255,66,16,1,5,1,
19,21,219,214,133,34,1,5,1,
19,22,640,438,48,24,1,5,1,
19,23,598,95,165,44,1,5,1,
19,24,715,146,166,46,1,5,1,
19,25,317,192,131,33,1,5,1,
19,26,463,103,71,26,1,5,1,
19,27,747,200,42,15,1,5,1,
19,28,722,372,17,20,1,5,1,
19,29,394,90,17,43,1,5,1,
19,31,916,109,44,18,1,5,1,
19,32,471,125,68,19,1,5,1,
19,33,740,354,37,12,1,5,1,
19,34,590,445,48,16,1,5,1,
19,36,86,478,139,39,1,5,1,
20,2,277,483,35,34,1,5,1,
20,3,584,68,176,50,1,5,1,
20,6,0,325,120,27,1,5,1,
20,7,390,449,118,30,1,5,1,
20,8,338,53,73,21,1,5,1,
20,9,491,485,112,32,1,5,1,
20,10,824,308,15,11,1,5,1,
20,11,879,377,44,18,1,5,1,
20,12,353,244,61,14,1,5,1,
20,14,582,318,49,24,1,5,1,
20,15,679,396,29,30,1,5,1,
20,16,469,202,149,55,1,5,1,
20,17,157,197,83,20,1,5,1,
20,18,212,438,93,24,1,5,1,
20,20,357,255,66,16,1,5,1,
20,21,235,215,125,34,1,5,1,
20,22,640,437,56,23,1,5,1,
20,23,611,95,164,44,1,5,1,
20,24,728,145,168,46,1,5,1,
20,25,328,192,130,34,1,5,1,
20,26,474,105,69,26,1,5,1,
20,27,751,201,41,14,1,5,1,
20,28,726,371,17,17,1,5,1,
20,29,393,94,20,42,1,5,1,
20,31,924,109,36,18,1,5,1,
20,32,477,125,68,19,1,5,1,
20,33,744,353,37,12,1,5,1,
20,34,595,444,48,16,1,5,1,
20,36,99,478,138,40,1,5,1,
21,2,279,485,36,35,1,5,1,
21,3,600,70,168,50,1,5,1,
21,6,0,325,131,25,1,5,1,
21,7,400,448,116,28,1,5,1,
21,8,345,54,72,20,1,5,1,
21,9,506,483,110,32,1,5,1,
21,10,824,308,14,10,1,5,1,
21,11,883,376,44,19,1,5,1,
21,12,360,244,60,14,1,5,1,
21,14,587,317,47,24,1,5,1,
21,15,680,394,29,30,1,5,1,
21,16,491,201,126,56,1,5,1,
21,17,165,197,84,20,1,5,1,
21,18,224,437,92,24,1,5,1,
21,20,364,255,66,16,1,5,1,
21,21,250,215,118,35,1,5,1,
21,22,643,436,58,23,1,5,1,
21,23,623,95,164,44,1,5,1,
21,24,741,145,166,46,1,5,1,
21,25,339,192,129,34,1,5,1,
21,26,485,106,67,26,1,5,1,
21,27,754,201,40,14,1,5,1,
21,28,726,371,21,15,1,5,1,
21,29,391,99,27,40,1,5,1,
21,31,932,110,28,17,1,5,1,
21,32,483,126,68,18,1,5,1,
21,33,748,353,37,12,1,5,1,
21,34,600,443,48,16,1,5,1,
21,36,112,478,138,41,1,5,1,
22,2,279,489,44,32,1,5,1,
22,3,613,69,176,50,1,5,1,
22,6,9,324,132,24,1,5,1,
22,7,410,444,114,29,1,5,1,
22,8,352,55,72,20,1,5,1,
22,9,519,481,108,32,1,5,1,
22,10,823,307,15,11,1,5,1,
22,11,887,376,45,18,1,5,1,
22,12,367,243,60,15,1,5,1,
22,14,593,317,44,24,1,5,1,
22,15,681,393,29,28,1,5,1,
22,16,507,203,112,55,1,5,1,
22,17,174,197,83,20,1,5,1,
22,18,236,436,90,25,1,5,1,
22,20,371,255,66,16,1,5,1,
22,21,264,216,111,34,1,5,1,
22,22,648,435,57,23,1,5,1,
22,23,635,95,165,44,1,5,1,
22,24,754,146,165,45,1,5,1,
22,25,349,191,129,33,1,5,1,
22,26,495,108,66,26,1,5,1,
22,27,758,201,39,14,1,5,1,
22,28,728,370,22,15,1,5,1,
22,29,390,103,34,38,1,5,1,
22,31,939,111,21,9,1,5,1,
22,32,489,126,68,18,1,5,1,
22,33,752,353,37,12,1,5,1,
22,34,605,442,47,16,1,5,1,
22,36,125,479,138,41,1,5,1,
23,2,280,492,51,30,1,5,1,
23,3,627,69,177,49,1,5,1,
23,6,22,323,129,24,1,5,1,
23,7,419,445,114,28,1,5,1,
23,8,360,56,71,20,1,5,1,
23,9,533,479,106,32,1,5,1,
23,10,823,307,14,11,1,5,1,
23,11,892,375,43,18,1,5,1,
23,12,374,243,60,15,1,5,1,
23,14,598,316,42,24,1,5,1,
23,15,683,391,28,28,1,5,1,
23,16,520,205,104,53,1,5,1,
23,17,183,197,82,20,1,5,1,
23,18,246,437,91,25,1,5,1,
23,20,378,255,66,16,1,5,1,
23,21,275,216,109,34,1,5,1,
23,22,653,434,56,22,1,5,1,
23,23,648,94,164,45,1,5,1,
23,24,767,146,164,45,1,5,1,
23,25,359,190,129,33,1,5,1,
23,26,505,110,65,25,1,5,1,
23,27,762,201,37,15,1,5,1,
23,28,732,369,20,15,1,5,1,
23,29,390,107,40,36,1,5,1,
23,32,495,126,68,19,1,5,1,
23,33,757,353,35,11,1,5,1,
23,34,610,441,47,16,1,5,1,
23,36,138,480,137,41,1,5,1,
24,2,282,494,57,29,1,5,1,
24,3,642,69,176,50,1,5,1,
24,6,35,323,126,23,1,5,1,
24,7,428,444,114,29,1,5,1,
24,8,367,57,70,19,1,5,1,
24,9,546,477,105,32,1,5,1,
24,10,822,307,15,10,1,5,1,
24,11,896,374,43,19,1,5,1,
24,12,381,243,59,15,1,5,1,
24,14,603,315,40,24,1,5,1,
24,15,684,389,28,28,1,5,1,
24,16,531,206,97,52,1,5,1,
24,17,191,197,83,20,1,5,1,
24,18,256,437,91,25,1,5,1,
24,20,385,255,66,16,1,5,1,
24,21,282,215,111,35,1,5,1,
24,22,658,433,55,22,1,5,1,
24,23,660,94,165,44,1,5,1,
24,24,780,146,163,45,1,5,1,
24,25,370,190,128,33,1,5,1,
24,26,515,112,64,24,1,5,1,
24,27,765,202,36,14,1,5,1,
24,28,735,368,19,15,1,5,1,
24,29,392,111,44,34,1,5,1,
24,32,501,127,69,18,1,5,1,
24,33,761,352,35,12,1,5,1,
24,34,615,440,46,16,1,5,1,
24,36,149,481,139,42,1,5,1,
25,2,286,497,57,29,1,5,1,
25,3,657,70,175,49,1,5,1,
25,6,48,322,122,23,1,5,1,
25,7,438,444,112,28,1,5,1,
25,8,374,58,70,19,1,5,1,
25,9,560,475,102,32,1,5,1,
25,10,821,307,15,10,1,5,1,
25,11,900,374,43,18,1,5,1,
25,12,388,243,59,15,1,5,1,
25,14,608,315,38,23,1,5,1,
25,15,685,387,27,27,1,5,1,
25,16,542,208,90,50,1,5,1,
25,17,202,197,78,20,1,5,1,
25,18,266,438,92,25,1,5,1,
25,20,392,255,66,16,1,5,1,
25,21,290,214,113,35,1,5,1,
25,22,663,432,54,22,1,5,1,
25,23,672,94,165,44,1,5,1,
25,24,793,146,162,45,1,5,1,
25,25,381,190,127,33,1,5,1,
25,26,525,113,62,25,1,5,1,
25,27,768,202,35,14,1,5,1,
25,28,738,366,19,15,1,5,1,
25,29,394,115,49,32,1,5,1,
25,32,506,127,68,18,1,5,1,
25,33,765,352,34,12,1,5,1,
25,34,621,439,44,16,1,5,1,
25,36,161,482,140,42,1,5,1,
26,2,290,500,58,29,1,5,1,
26,3,672,70,175,49,1,5,1,
26,6,61,322,117,23,1,5,1,
26,7,448,443,111,28,1,5,1,
26,8,381,59,69,19,1,5,1,
26,9,572,474,101,31,1,5,1,
26,10,820,306,15,11,1,5,1,
26,11,905,373,42,18,1,5,1,
26,12,395,243,59,15,1,5,1,
26,14,612,315,40,22,1,5,1,
26,15,686,386,27,26,1,5,1,
26,16,551,209,86,50,1,5,1,
26,17,213,196,72,21,1,5,1,
26,18,276,438,93,26,1,5,1,
26,20,399,255,65,16,1,5,1,
26,21,297,214,117,36,1,5,1,
26,22,668,431,53,22,1,5,1,
26,23,685,94,165,44,1,5,1,
26,24,809,144,150,46,1,5,1,
26,25,392,191,125,32,1,5,1,
26,26,535,115,60,24,1,5,1,
26,27,771,202,34,14,1,5,1,
26,28,740,366,19,14,1,5,1,
26,29,398,119,52,29,1,5,1,
26,32,513,126,65,20,1,5,1,
26,33,769,352,33,11,1,5,1,
26,34,626,438,43,16,1,5,1,
26,36,173,484,141,42,1,5,1,
27,2,293,503,61,28,1,5,1,
27,3,686,70,175,49,1,5,1,
27,6,74,322,111,23,1,5,1,
27,7,457,442,110,28,1,5,1,
27,8,388,59,69,19,1,5,1,
27,9,585,472,99,31,1,5,1,
27,10,819,306,16,10,1,5,1,
27,11,909,373,42,18,1,5,1,
27,12,402,243,58,15,1,5,1,
27,14,617,315,40,22,1,5,1,
27,15,686,384,27,26,1,5,1,
27,16,560,211,81,48,1,5,1,
27,17,224,196,66,21,1,5,1,
27,18,287,439,93,25,1,5,1,
27,20,406,255,65,16,1,5,1,
27,21,305,214,119,35,1,5,1,
27,22,672,430,52,22,1,5,1,
27,23,697,94,165,44,1,5,1,
27,24,828,143,131,45,1,5,1,
27,25,403,191,124,32,1,5,1,
27,26,544,117,59,24,1,5,1,
27,27,775,203,32,14,1,5,1,
27,28,743,365,18,14,1,5,1,
27,29,402,123,55,26,1,5,1,
27,32,519,125,61,21,1,5,1,
27,33,773,351,32,12,1,5,1,
27,34,631,437,42,16,1,5,1,
27,36,186,484,142,42,1,5,1,
28,2,298,505,62,28,1,5,1,
28,3,703,69,171,49,1,5,1,
28,6,88,322,104,23,1,5,1,
28,7,467,442,108,28,1,5,1,
28,8,394,59,70,18,1,5,1,
28,9,598,470,97,31,1,5,1,
28,10,818,306,16,10,1,5,1,
28,11,913,372,41,18,1,5,1,
28,12,409,243,58,15,1,5,1,
28,14,623,315,37,22,1,5,1,
28,15,687,382,26,26,1,5,1,
28,16,569,212,76,47,1,5,1,
28,17,232,196,64,20,1,5,1,
28,18,297,440,94,25,1,5,1,
28,20,413,255,65,16,1,5,1,
28,21,314,213,120,36,1,5,1,
28,22,677,429,51,22,1,5,1,
28,23,710,93,165,44,1,5,1,
28,24,843,143,117,46,1,5,1,
28,25,414,191,122,33,1,5,1,
28,26,554,118,57,24,1,5,1,
28,27,778,203,31,14,1,5,1,
28,28,746,364,17,14,1,5,1,
28,29,406,126,58,24,1,5,1,
28,32,526,125,57,22,1,5,1,
28,33,777,351,31,12,1,5,1,
28,34,636,436,41,16,1,5,1,
28,36,199,485,142,43,1,5,1,
29,2,303,507,63,28,1,5,1,
29,3,724,69,155,50,1,5,1,
29,6,100,322,97,23,1,5,1,
29,7,476,441,107,28,1,5,1,
29,8,401,59,69,18,1,5,1,
29,9,610,469,95,30,1,5,1,
29,10,817,305,16,10,1,5,1,
29,11,917,372,41,18,1,5,1,
29,12,415,243,59,15,1,5,1,
29,14,628,315,34,21,1,5,1,
29,15,687,381,26,25,1,5,1,
29,16,571,214,87,44,1,5,1,
29,17,238,195,65,21,1,5,1,
29,18,307,440,95,26,1,5,1,
29,20,420,255,65,16,1,5,1,
29,21,322,213,123,36,1,5,1,
29,22,682,428,49,21,1,5,1,
29,23,726,92,157,44,1,5,1,
29,24,855,144,105,45,1,5,1,
29,25,425,192,121,32,1,5,1,
29,26,563,120,55,23,1,5,1,
29,27,780,203,30,14,1,5,1,
29,28,749,363,16,14,1,5,1,
29,29,411,129,60,22,1,5,1,
29,32,532,125,53,23,1,5,1,
29,33,781,351,30,11,1,5,1,
29,34,640,435,41,16,1,5,1,
29,36,211,487,144,43,1,5,1,
30,2,308,509,64,28,1,5,1,
30,3,747,66,133,55,1,5,1,
30,6,112,322,89,24,1,5,1,
30,7,486,440,104,27,1,5,1,
30,8,407,59,70,18,1,5,1,
30,9,622,467,94,30,1,5,1,
30,10,816,305,16,10,1,5,1,
30,11,921,371,38,18,1,5,1,
30,12,422,243,58,15,1,5,1,
30,14,633,314,32,21,1,5,1,
30,15,687,379,26,25,1,5,1,
30,16,578,215,87,43,1,5,1,
30,17,244,194,66,21,1,5,1,
30,18,318,441,95,25,1,5,1,
30,20,427,255,65,16,1,5,1,
30,21,330,212,125,37,1,5,1,
30,22,686,427,49,21,1,5,1,
30,23,745,91,144,45,1,5,1,
30,24,868,144,92,45,1,5,1,
30,25,435,192,120,32,1,5,1,
30,26,572,121,54,23,1,5,1,
30,27,783,204,29,14,1,5,1,
30,28,751,362,16,14,1,5,1,
30,29,417,132,61,20,1,5,1,
30,32,537,126,52,23,1,5,1,
30,33,784,350,30,12,1,5,1,
30,34,645,434,40,16,1,5,1,
30,36,223,488,146,43,1,5,1,
31,2,313,511,66,28,1,5,1,
31,3,770,64,110,58,1,5,1,
31,6,124,322,80,24,1,5,1,
31,7,495,439,103,27,1,5,1,
31,8,414,58,69,19,1,5,1,
31,9,633,465,94,30,1,5,1,
31,10,815,305,16,10,1,5,1,
31,11,925,371,35,17,1,5,1,
31,12,429,243,58,15,1,5,1,
31,14,636,314,34,21,1,5,1,
31,15,688,378,25,24,1,5,1,
31,16,587,215,83,42,1,5,1,
31,17,251,194,67,21,1,5,1,
31,18,329,441,95,26,1,5,1,
31,20,434,255,65,16,1,5,1,
31,21,339,212,127,37,1,5,1,
31,22,691,426,47,21,1,5,1,
31,23,764,90,131,45,1,5,1,
31,24,881,145,79,45,1,5,1,
31,25,446,193,118,31,1,5,1,
31,26,580,123,52,23,1,5,1,
31,27,786,204,27,14,1,5,1,
31,28,753,361,16,14,1,5,1,
31,29,423,135,62,17,1,5,1,
31,32,542,127,52,23,1,5,1,
31,33,788,350,29,11,1,5,1,
31,34,650,433,38,16,1,5,1,
31,36,236,489,147,44,1,5,1,
32,2,318,513,67,28,1,5,1,
32,3,793,62,84,64,1,5,1,
32,6,134,323,72,24,1,5,1,
32,7,504,438,101,27,1,5,1,
32,8,420,58,70,19,1,5,1,
32,9,645,464,92,29,1,5,1,
32,10,814,305,17,9,1,5,1,
32,11,930,370,30,18,1,5,1,
32,12,436,243,57,15,1,5,1,
32,14,640,313,33,21,1,5,1,
32,15,688,376,25,24,1,5,1,
32,16,596,216,77,43,1,5,1,
32,17,257,193,68,22,1,5,1,
32,18,339,442,96,25,1,5,1,
32,20,441,255,65,16,1,5,1,
32,21,347,211,131,37,1,5,1,
32,22,695,425,46,21,1,5,1,
32,23,778,90,125,46,1,5,1,
32,24,893,145,67,45,1,5,1,
32,25,457,193,116,31,1,5,1,
32,26,587,125,56,21,1,5,1,
32,27,788,204,26,14,1,5,1,
32,28,755,360,16,14,1,5,1,
32,29,430,136,62,16,1,5,1,
32,32,546,128,52,22,1,5,1,
32,33,792,350,28,11,1,5,1,
32,34,654,432,38,16,1,5,1,
32,36,248,491,149,43,1,5,1,
33,2,323,515,69,28,1,5,1,
33,3,808,64,71,65,1,5,1,
33,6,143,324,63,24,1,5,1,
33,7,513,437,100,27,1,5,1,
33,8,427,58,69,18,1,5,1,
33,9,656,462,91,29,1,5,1,
33,10,812,304,17,10,1,5,1,
33,11,934,370,26,17,1,5,1,
33,12,442,244,58,14,1,5,1,
33,14,644,313,31,20,1,5,1,
33,15,688,374,25,24,1,5,1,
33,16,602,218,76,41,1,5,1,
33,17,265,193,67,21,1,5,1,
33,18,350,442,97,26,1,5,1,
33,20,448,255,65,16,1,5,1,
33,21,356,211,133,37,1,5,1,
33,22,699,424,45,21,1,5,1,
33,23,789,91,123,46,1,5,1,
33,24,902,146,58,45,1,5,1,
33,25,467,193,115,31,1,5,1,
33,26,594,127,59,20,1,5,1,
33,27,790,205,25,14,1,5,1,
33,28,757,359,16,14,1,5,1,
33,29,436,137,63,15,1,5,1,
33,32,551,129,51,22,1,5,1,
33,33,795,349,27,12,1,5,1,
33,34,658,431,37,16,1,5,1,
33,36,261,492,150,44,1,5,1,
34,2,329,517,70,26,1,5,1,
34,3,814,68,72,63,1,5,1,
34,6,151,324,54,26,1,5,1,
34,7,522,437,98,26,1,5,1,
34,8,433,58,70,18,1,5,1,
34,9,668,461,89,29,1,5,1,
34,10,811,304,17,10,1,5,1,
34,11,938,369,22,18,1,5,1,
34,12,449,244,57,14,1,5,1,
34,14,648,313,30,20,1,5,1,
34,15,688,373,24,23,1,5,1,
34,16,603,219,85,41,1,5,1,
34,17,271,192,68,22,1,5,1,
34,18,361,442,97,26,1,5,1,
34,20,455,255,65,16,1,5,1,
34,21,370,210,128,37,1,5,1,
34,22,703,423,44,21,1,5,1,
34,23,798,93,124,45,1,5,1,
34,24,910,147,50,34,1,5,1,
34,25,477,194,114,31,1,5,1,
34,26,602,128,61,19,1,5,1,
34,27,793,205,23,14,1,5,1,
34,28,759,358,15,14,1,5,1,
34,29,442,137,62,15,1,5,1,
34,32,555,130,51,22,1,5,1,
34,33,799,349,26,11,1,5,1,
34,34,663,430,35,16,1,5,1,
34,36,274,493,151,45,1,5,1,
35,2,335,519,71,24,1,5,1,
35,3,820,72,71,60,1,5,1,
35,6,157,325,47,26,1,5,1,
35,7,531,436,96,26,1,5,1,
35,8,439,57,71,19,1,5,1,
35,9,680,460,88,28,1,5,1,
35,10,810,304,17,9,1,5,1,
35,11,942,370,18,16,1,5,1,
35,12,456,244,56,14,1,5,1,
35,14,652,312,29,20,1,5,1,
35,15,687,372,25,22,1,5,1,
35,16,603,222,96,39,1,5,1,
35,17,278,191,68,22,1,5,1,
35,18,372,443,97,26,1,5,1,
35,20,462,255,65,15,1,5,1,
35,21,384,208,123,38,1,5,1,
35,22,707,422,43,20,1,5,1,
35,23,805,95,127,45,1,5,1,
35,24,918,149,42,23,1,5,1,
35,25,487,194,113,31,1,5,1,
35,26,612,129,59,19,1,5,1,
35,27,795,205,22,14,1,5,1,
35,28,761,357,15,14,1,5,1,
35,29,448,137,62,15,1,5,1,
35,32,558,132,55,21,1,5,1,
35,33,802,349,25,11,1,5,1,
35,34,667,429,35,15,1,5,1,
35,35,935,0,15,7,1,5,1,
35,36,287,495,153,45,1,5,1,
36,2,341,521,69,22,1,5,1,
36,3,827,75,70,59,1,5,1,
36,6,160,326,47,26,1,5,1,
36,7,539,435,95,26,1,5,1,
36,8,446,57,70,19,1,5,1,
36,9,693,459,86,28,1,5,1,
36,10,808,304,18,9,1,5,1,
36,11,946,372,14,9,1,5,1,
36,12,463,244,56,14,1,5,1,
36,14,655,312,28,20,1,5,1,
36,15,687,370,24,23,1,5,1,
36,16,606,223,103,40,1,5,1,
36,17,284,191,70,22,1,5,1,
36,18,384,444,96,26,1,5,1,
36,20,469,255,65,15,1,5,1,
36,21,395,207,121,38,1,5,1,
36,22,711,421,42,20,1,5,1,
36,23,814,97,127,43,1,5,1,
36,25,497,195,112,30,1,5,1,
36,26,621,130,58,19,1,5,1,
36,27,797,206,21,14,1,5,1,
36,28,762,356,15,14,1,5,1,
36,29,454,137,62,15,1,5,1,
36,32,562,134,58,19,1,5,1,
36,33,805,348,24,11,1,5,1,
36,34,671,428,34,15,1,5,1,
36,35,935,0,15,10,1,5,1,
36,36,301,497,153,46,1,5,1,
37,2,347,523,67,21,1,5,1,
37,3,835,78,67,58,1,5,1,
37,6,163,327,48,26,1,5,1,
37,7,547,434,95,26,1,5,1,
37,8,452,57,71,19,1,5,1,
37,9,705,459,86,27,1,5,1,
37,10,807,303,18,10,1,5,1,
37,12,469,244,56,14,1,5,1,
37,14,659,312,27,19,1,5,1,
37,15,687,369,23,22,1,5,1,
37,16,609,226,109,39,1,5,1,
37,17,291,190,70,22,1,5,1,
37,18,396,445,95,28,1,5,1,
37,20,476,255,64,15,1,5,1,
37,21,402,206,126,39,1,5,1,
37,22,715,420,41,20,1,5,1,
37,23,824,98,126,43,1,5,1,
37,25,506,195,111,30,1,5,1,
37,26,629,131,58,18,1,5,1,
37,27,798,206,20,14,1,5,1,
37,28,764,356,15,13,1,5,1,
37,29,460,137,62,15,1,5,1,
37,32,566,135,61,18,1,5,1,
37,33,808,348,24,11,1,5,1,
37,34,675,427,33,15,1,5,1,
37,35,933,0,16,12,1,5,1,
37,36,314,498,155,45,1,5,1,
38,2,353,525,66,19,1,5,1,
38,3,842,81,65,57,1,5,1,
38,6,165,328,50,26,1,5,1,
38,7,555,433,94,26,1,5,1,
38,8,459,57,70,19,1,5,1,
38,9,716,458,85,26,1,5,1,
38,10,805,303,18,9,1,5,1,
38,12,475,244,56,14,1,5,1,
38,14,662,311,26,19,1,5,1,
38,15,686,367,24,22,1,5,1,
38,16,613,229,116,37,1,5,1,
38,17,300,189,65,22,1,5,1,
38,18,406,446,96,28,1,5,1,
38,20,483,255,64,15,1,5,1,
38,21,410,205,130,40,1,5,1,
38,22,719,419,39,20,1,5,1,
38,23,833,99,126,43,1,5,1,
38,25,516,195,110,30,1,5,1,
38,26,638,132,58,18,1,5,1,
38,27,800,207,19,13,1,5,1,
38,28,765,355,15,13,1,5,1,
38,29,465,137,63,15,1,5,1,
38,32,571,136,63,17,1,5,1,
38,33,811,347,23,11,1,5,1,
38,34,679,426,32,15,1,5,1,
38,35,933,0,19,14,1,5,1,
38,36,327,500,157,43,1,5,1,
39,2,359,527,67,17,1,5,1,
39,3,849,84,62,56,1,5,1,
39,6,170,328,47,27,1,5,1,
39,7,563,432,93,26,1,5,1,
39,8,465,56,71,19,1,5,1,
39,9,727,457,84,26,1,5,1,
39,10,804,303,18,9,1,5,1,
39,12,482,244,56,14,1,5,1,
39,14,666,311,25,19,1,5,1,
39,15,686,366,23,22,1,5,1,
39,16,620,231,117,36,1,5,1,
39,17,309,188,60,22,1,5,1,
39,18,416,447,98,29,1,5,1,
39,20,490,255,64,15,1,5,1,
39,21,418,204,135,40,1,5,1,
39,22,722,418,39,20,1,5,1,
39,23,844,100,115,43,1,5,1,
39,25,525,196,110,30,1,5,1,
39,26,647,133,57,18,1,5,1,
39,27,802,207,18,14,1,5,1,
39,28,766,354,15,13,1,5,1,
39,29,471,137,63,15,1,5,1,
39,32,576,136,66,17,1,5,1,
39,33,814,347,22,11,1,5,1,
39,34,682,425,32,15,1,5,1,
39,35,932,0,22,16,1,5,1,
39,36,339,503,160,40,1,5,1,
40,2,365,529,69,15,1,5,1,
40,3,857,86,58,55,1,5,1,
40,6,174,329,44,27,1,5,1,
40,7,572,432,91,25,1,5,1,
40,8,472,56,71,19,1,5,1,
40,9,738,455,82,27,1,5,1,
40,10,802,303,19,9,1,5,1,
40,12,489,244,55,14,1,5,1,
40,14,669,311,24,18,1,5,1,
40,15,686,365,23,21,1,5,1,
40,16,629,231,116,36,1,5,1,
40,17,315,187,61,22,1,5,1,
40,18,427,449,99,29,1,5,1,
40,20,497,255,63,16,1,5,1,
40,21,426,203,140,41,1,5,1,
40,22,726,417,37,20,1,5,1,
40,23,854,100,106,43,1,5,1,
40,25,535,196,109,30,1,5,1,
40,26,655,134,57,17,1,5,1,
40,27,803,207,17,14,1,5,1,
40,28,768,353,14,13,1,5,1,
40,29,477,137,63,15,1,5,1,
40,32,582,136,66,17,1,5,1,
40,33,817,347,21,10,1,5,1,
40,34,686,424,31,15,1,5,1,
40,35,932,0,21,18,1,5,1,
40,36,352,506,163,37,1,5,1,
41,2,372,531,70,13,1,5,1,
41,3,865,89,55,54,1,5,1,
41,6,177,330,45,28,1,5,1,
41,7,580,431,89,25,1,5,1,
41,8,478,56,71,19,1,5,1,
41,9,749,454,80,26,1,5,1,
41,10,800,302,19,9,1,5,1,
41,12,495,244,55,14,1,5,1,
41,14,673,310,21,19,1,5,1,
41,15,685,364,23,20,1,5,1,
41,16,638,231,114,36,1,5,1,
41,17,320,185,63,24,1,5,1,
41,18,437,450,101,29,1,5,1,
41,20,504,255,62,16,1,5,1,
41,21,434,202,146,42,1,5,1,
41,22,729,416,37,19,1,5,1,
41,23,865,101,95,43,1,5,1,
41,25,544,196,108,30,1,5,1,
41,26,664,134,56,18,1,5,1,
41,27,805,208,16,13,1,5,1,
41,28,769,352,14,13,1,5,1,
41,29,483,137,63,15,1,5,1,
41,32,587,136,66,17,1,5,1,
41,33,820,346,19,11,1,5,1,
41,34,690,423,29,15,1,5,1,
41,35,931,0,22,20,1,5,1,
41,36,366,508,165,35,1,5,1,
42,3,872,91,52,54,1,5,1,
42,6,179,331,47,28,1,5,1,
42,7,588,430,88,25,1,5,1,
42,8,485,55,71,20,1,5,1,
42,9,759,453,79,26,1,5,1,
42,10,798,302,20,9,1,5,1,
42,12,502,244,54,14,1,5,1,
42,14,676,310,20,18,1,5,1,
42,15,685,362,22,21,1,5,1,
42,16,647,232,112,35,1,5,1,
42,17,325,184,66,24,1,5,1,
42,18,448,452,102,29,1,5,1,
42,20,511,255,62,16,1,5,1,
42,21,442,201,152,43,1,5,1,
42,22,733,415,35,19,1,5,1,
42,23,876,102,84,42,1,5,1,
42,25,554,197,107,29,1,5,1,
42,26,672,135,55,18,1,5,1,
42,27,806,208,15,14,1,5,1,
42,28,770,352,14,12,1,5,1,
42,29,489,136,63,16,1,5,1,
42,32,593,136,66,17,1,5,1,
42,33,822,346,19,11,1,5,1,
42,34,693,422,29,15,1,5,1,
42,35,931,0,21,22,1,5,1,
42,36,380,511,168,32,1,5,1,
43,3,879,94,49,53,1,5,1,
43,6,181,331,49,29,1,5,1,
43,7,596,429,86,25,1,5,1,
43,8,491,55,71,20,1,5,1,
43,9,769,451,78,26,1,5,1,
43,10,796,302,20,9,1,5,1,
43,12,508,244,54,14,1,5,1,
43,14,678,310,20,17,1,5,1,
43,15,684,361,22,21,1,5,1,
43,16,656,232,110,35,1,5,1,
43,17,331,183,68,24,1,5,1,
43,18,459,453,104,30,1,5,1,
43,20,518,255,61,16,1,5,1,
43,21,451,201,158,43,1,5,1,
43,22,736,414,34,19,1,5,1,
43,23,886,102,74,43,1,5,1,
43,25,563,197,106,29,1,5,1,
43,26,681,136,54,17,1,5,1,
43,27,807,209,15,13,1,5,1,
43,28,771,351,14,12,1,5,1,
43,29,495,137,62,15,1,5,1,
43,32,598,136,66,17,1,5,1,
43,33,825,345,18,11,1,5,1,
43,34,697,421,28,15,1,5,1,
43,35,930,0,21,24,1,5,1,
43,36,394,512,170,31,1,5,1,
44,3,883,96,49,53,1,5,1,
44,6,183,332,52,29,1,5,1,
44,7,604,428,84,25,1,5,1,
44,8,498,55,71,20,1,5,1,
44,9,780,450,76,26,1,5,1,
44,10,794,302,20,8,1,5,1,
44,12,514,244,54,14,1,5,1,
44,14,681,309,19,18,1,5,1,
44,15,684,360,22,20,1,5,1,
44,16,665,232,107,35,1,5,1,
44,17,336,182,71,25,1,5,1,
44,18,470,455,106,29,1,5,1,
44,20,525,255,61,16,1,5,1,
44,21,465,198,157,44,1,5,1,
44,22,739,413,34,19,1,5,1,
44,23,904,101,56,45,1,5,1,
44,25,575,198,98,29,1,5,1,
44,26,689,137,53,17,1,5,1,
44,27,808,209,14,14,1,5,1,
44,28,772,350,14,12,1,5,1,
44,29,501,137,62,15,1,5,1,
44,32,604,136,66,17,1,5,1,
44,33,827,345,17,11,1,5,1,
44,34,700,420,27,15,1,5,1,
44,35,930,0,20,26,1,5,1,
44,36,409,514,172,29,1,5,1,
45,3,886,99,49,52,1,5,1,
45,6,186,333,54,29,1,5,1,
45,7,612,427,82,25,1,5,1,
45,8,504,56,71,19,1,5,1,
45,9,790,449,74,25,1,5,1,
45,12,521,244,53,14,1,5,1,
45,14,684,309,17,17,1,5,1,
45,15,685,359,22,20,1,5,1,
45,16,673,233,107,34,1,5,1,
45,17,342,181,74,25,1,5,1,
45,18,482,457,106,29,1,5,1,
45,20,531,255,61,16,1,5,1,
45,21,476,196,160,45,1,5,1,
45,22,742,412,33,19,1,5,1,
45,23,909,103,51,44,1,5,1,
45,25,587,198,88,30,1,5,1,
45,26,697,137,52,18,1,5,1,
45,27,808,210,14,13,1,5,1,
45,28,773,349,14,12,1,5,1,
45,29,506,137,63,15,1,5,1,
45,32,610,136,65,17,1,5,1,
45,33,830,345,15,10,1,5,1,
45,34,703,419,27,15,1,5,1,
45,35,929,0,21,28,1,5,1,
45,36,424,516,171,27,1,5,1,
46,3,889,101,48,52,1,5,1,
46,6,189,334,56,30,1,5,1,
46,7,619,426,81,25,1,5,1,
46,8,511,56,71,19,1,5,1,
46,9,799,447,72,26,1,5,1,
46,12,527,244,53,14,1,5,1,
46,14,686,309,17,17,1,5,1,
46,15,687,358,21,19,1,5,1,
46,16,681,233,106,34,1,5,1,
46,17,348,180,77,25,1,5,1,
46,18,493,458,108,29,1,5,1,
46,20,538,256,59,15,1,5,1,
46,21,483,196,171,45,1,5,1,
46,22,745,411,33,19,1,5,1,
46,23,923,103,37,44,1,5,1,
46,25,596,198,83,30,1,5,1,
46,26,706,138,49,17,1,5,1,
46,27,808,210,14,13,1,5,1,
46,28,774,349,14,12,1,5,1,
46,29,512,137,62,15,1,5,1,
46,32,615,136,65,17,1,5,1,
46,33,832,344,15,11,1,5,1,
46,34,706,419,27,14,1,5,1,
46,35,928,0,21,30,1,5,1,
46,36,439,517,173,26,1,5,1,
47,3,892,103,47,52,1,5,1,
47,6,191,335,59,30,1,5,1,
47,7,627,425,79,25,1,5,1,
47,8,517,56,71,20,1,5,1,
47,9,809,446,69,25,1,5,1,
47,12,533,245,53,13,1,5,1,
47,14,687,309,18,17,1,5,1,
47,15,689,357,21,19,1,5,1,
47,16,689,233,104,34,1,5,1,
47,17,355,179,79,25,1,5,1,
47,18,505,460,110,28,1,5,1,
47,20,545,256,57,15,1,5,1,
47,21,492,195,178,46,1,5,1,
47,22,748,410,32,19,1,5,1,
47,25,604,199,81,30,1,5,1,
47,26,714,139,47,17,1,5,1,
47,27,808,210,13,14,1,5,1,
47,28,775,348,14,12,1,5,1,
47,29,518,137,62,15,1,5,1,
47,32,621,136,65,17,1,5,1,
47,33,834,344,14,10,1,5,1,
47,34,707,417,30,15,1,5,1,
47,35,928,0,20,32,1,5,1,
47,36,454,518,173,25,1,5,1,
48,3,894,106,47,51,1,5,1,
48,6,194,336,61,30,1,5,1,
48,7,634,424,78,25,1,5,1,
48,8,524,56,70,20,1,5,1,
48,9,818,445,68,24,1,5,1,
48,12,539,245,52,13,1,5,1,
48,14,689,309,17,16,1,5,1,
48,15,689,356,21,19,1,5,1,
48,16,698,234,100,33,1,5,1,
48,17,361,178,83,25,1,5,1,
48,18,517,461,111,29,1,5,1,
48,20,551,256,57,15,1,5,1,
48,21,501,195,186,46,1,5,1,
48,22,750,409,33,19,1,5,1,
48,25,611,200,80,29,1,5,1,
48,26,721,140,47,17,1,5,1,
48,27,808,211,13,13,1,5,1,
48,28,775,347,15,12,1,5,1,
48,29,523,137,62,15,1,5,1,
48,32,626,136,65,17,1,5,1,
48,33,835,343,14,11,1,5,1,
48,34,709,416,32,14,1,5,1,
48,35,927,1,20,33,1,5,1,
48,36,469,519,174,24,1,5,1,
49,3,896,109,46,49,1,5,1,
49,6,197,336,64,32,1,5,1,
49,7,641,423,76,24,1,5,1,
49,8,530,56,70,20,1,5,1,
49,9,827,443,66,25,1,5,1,
49,12,546,245,51,13,1,5,1,
49,14,690,308,17,17,1,5,1,
49,15,691,355,20,19,1,5,1,
49,16,706,234,97,33,1,5,1,
49,17,368,177,86,26,1,5,1,
49,18,529,462,113,29,1,5,1,
49,20,558,256,55,15,1,5,1,
49,21,512,194,192,47,1,5,1,
49,22,753,408,32,19,1,5,1,
49,25,619,201,78,28,1,5,1,
49,26,728,141,46,17,1,5,1,
49,27,807,211,14,13,1,5,1,
49,28,775,346,15,12,1,5,1,
49,29,529,137,62,15,1,5,1,
49,32,632,136,64,17,1,5,1,
49,33,837,343,13,10,1,5,1,
49,34,711,416,33,14,1,5,1,
49,35,926,3,20,33,1,5,1,
49,36,486,521,177,22,1,5,1,
50,3,897,111,46,49,1,5,1,
50,6,201,337,66,32,1,5,1,
50,7,648,422,74,24,1,5,1,
50,8,537,57,69,20,1,5,1,
50,9,836,442,64,24,1,5,1,
50,12,552,245,50,13,1,5,1,
50,14,691,308,17,16,1,5,1,
50,15,692,354,20,19,1,5,1,
50,16,714,234,95,33,1,5,1,
50,17,375,176,89,26,1,5,1,
50,18,541,464,114,29,1,5,1,
50,20,564,256,55,15,1,5,1,
50,21,523,192,199,48,1,5,1,
50,22,756,407,31,19,1,5,1,
50,25,626,201,76,29,1,5,1,
50,26,735,141,46,18,1,5,1,
50,27,807,212,13,13,1,5,1,
50,28,775,346,15,11,1,5,1,
50,29,535,137,62,15,1,5,1,
50,32,637,136,64,17,1,5,1,
50,33,838,342,13,11,1,5,1,
50,34,714,415,33,14,1,5,1,
50,35,925,5,20,33,1,5,1,
50,36,503,521,177,22,1,5,1,
51,3,899,114,45,48,1,5,1,
51,6,204,338,70,33,1,5,1,
51,7,656,421,72,24,1,5,1,
51,8,544,57,68,20,1,5,1,
51,9,845,440,62,25,1,5,1,
51,12,558,245,50,13,1,5,1,
51,14,692,308,17,16,1,5,1,
51,15,692,353,20,19,1,5,1,
51,16,721,235,93,32,1,5,1,
51,17,383,176,92,26,1,5,1,
51,18,554,464,114,29,1,5,1,
51,20,571,256,53,15,1,5,1,
51,21,535,192,204,48,1,5,1,
51,22,759,406,30,18,1,5,1,
51,25,633,202,74,28,1,5,1,
51,26,742,142,45,17,1,5,1,
51,27,806,212,14,13,1,5,1,
51,28,775,345,14,11,1,5,1,
51,29,541,137,61,16,1,5,1,
51,32,643,136,64,17,1,5,1,
51,33,839,342,13,10,1,5,1,
51,34,717,414,33,14,1,5,1,
51,35,924,7,20,33,1,5,1,
51,36,521,520,174,23,1,5,1,
52,3,900,117,44,47,1,5,1,
52,6,208,339,72,32,1,5,1,
52,7,663,420,69,24,1,5,1,
52,8,550,57,68,20,1,5,1,
52,9,853,439,60,24,1,5,1,
52,12,564,245,49,13,1,5,1,
52,14,693,307,16,16,1,5,1,
52,15,693,353,19,18,1,5,1,
52,16,729,235,90,32,1,5,1,
52,17,392,176,94,27,1,5,1,
52,18,568,463,112,28,1,5,1,
52,20,577,256,52,15,1,5,1,
52,21,547,191,210,49,1,5,1,
52,22,762,405,28,18,1,5,1,
52,25,640,202,72,28,1,5,1,
52,26,749,143,44,17,1,5,1,
52,27,806,213,13,12,1,5,1,
52,28,775,344,14,11,1,5,1,
52,29,546,137,61,16,1,5,1,
52,32,648,136,64,17,1,5,1,
52,33,839,342,14,10,1,5,1,
52,34,721,413,31,14,1,5,1,
52,35,923,9,19,33,1,5,1,
52,36,538,519,173,24,1,5,1,
53,1,950,337,9,12,1,5,1,
53,3,901,119,43,46,1,5,1,
53,6,213,339,74,33,1,5,1,
53,7,671,419,64,23,1,5,1,
53,8,557,57,67,21,1,5,1,
53,9,861,437,58,24,1,5,1,
53,12,570,245,48,13,1,5,1,
53,14,693,307,17,15,1,5,1,
53,15,693,352,20,17,1,5,1,
53,16,736,235,88,32,1,5,1,
53,17,402,177,96,27,1,5,1,
53,18,581,461,110,29,1,5,1,
53,20,583,256,51,15,1,5,1,
53,21,561,190,214,50,1,5,1,
53,22,764,404,28,18,1,5,1,
53,25,648,203,68,28,1,5,1,
53,26,756,144,42,17,1,5,1,
53,27,805,213,13,13,1,5,1,
53,28,774,343,15,11,1,5,1,
53,29,552,138,61,15,1,5,1,
53,32,654,137,63,17,1,5,1,
53,33,840,341,13,10,1,5,1,
53,34,724,413,31,13,1,5,1,
53,35,922,11,19,32,1,5,1,
53,36,555,517,170,26,1,5,1,
54,1,948,336,11,12,1,5,1,
54,3,901,122,43,45,1,5,1,
54,6,219,340,76,33,1,5,1,
54,7,679,417,61,24,1,5,1,
54,8,563,58,67,20,1,5,1,
54,9,870,436,55,24,1,5,1,
54,12,577,245,46,14,1,5,1,
54,14,695,306,16,16,1,5,1,
54,15,694,351,19,17,1,5,1,
54,16,743,236,86,32,1,5,1,
54,17,411,176,98,27,1,5,1,
54,18,594,461,109,29,1,5,1,
54,20,589,256,50,15,1,5,1,
54,21,575,188,218,50,1,5,1,
54,22,767,403,27,18,1,5,1,
54,25,655,204,66,27,1,5,1,
54,26,763,145,41,17,1,5,1,
54,27,804,213,13,13,1,5,1,
54,28,774,342,14,11,1,5,1,
54,29,558,138,60,15,1,5,1,
54,32,660,137,62,17,1,5,1,
54,33,840,341,13,10,1,5,1,
54,34,728,412,30,13,1,5,1,
54,35,921,13,19,32,1,5,1,
54,36,573,516,167,27,1,5,1,
55,1,946,336,13,12,1,5,1,
55,3,902,124,42,44,1,5,1,
55,6,224,341,78,34,1,5,1,
55,7,685,416,59,24,1,5,1,
55,8,570,58,66,21,1,5,1,
55,9,877,434,54,24,1,5,1,
55,12,582,245,47,14,1,5,1,
55,14,696,306,18,15,1,5,1,
55,15,694,350,19,17,1,5,1,
55,16,750,236,84,32,1,5,1,
55,17,421,175,100,28,1,5,1,
55,18,607,461,109,28,1,5,1,
55,20,595,256,48,15,1,5,1,
55,21,590,187,222,50,1,5,1,
55,22,770,402,25,18,1,5,1,
55,25,661,204,65,27,1,5,1,
55,26,769,146,41,16,1,5,1,
55,27,803,214,14,12,1,5,1,
55,28,774,342,14,11,1,5,1,
55,29,564,138,59,16,1,5,1,
55,32,665,137,62,17,1,5,1,
55,33,840,340,13,10,1,5,1,
55,34,731,411,30,14,1,5,1,
55,35,920,15,19,32,1,5,1,
55,36,589,514,166,29,1,5,1,
56,1,945,335,14,13,1,5,1,
56,3,902,127,42,43,1,5,1,
56,6,229,342,81,34,1,5,1,
56,7,690,415,59,23,1,5,1,
56,8,576,58,66,21,1,5,1,
56,9,884,433,52,23,1,5,1,
56,12,588,246,46,13,1,5,1,
56,14,695,305,23,16,1,5,1,
56,15,695,349,19,17,1,5,1,
56,16,758,236,79,32,1,5,1,
56,17,428,174,105,28,1,5,1,
56,18,620,461,108,28,1,5,1,
56,20,599,256,52,14,1,5,1,
56,21,605,186,226,51,1,5,1,
56,22,772,401,25,18,1,5,1,
56,25,667,205,64,27,1,5,1,
56,26,775,147,40,16,1,5,1,
56,27,802,214,14,13,1,5,1,
56,28,774,341,14,11,1,5,1,
56,29,569,138,60,16,1,5,1,
56,32,670,137,61,17,1,5,1,
56,33,840,340,13,10,1,5,1,
56,34,734,410,29,14,1,5,1,
56,35,919,17,19,32,1,5,1,
56,36,605,513,164,30,1,5,1,
57,1,943,335,16,14,1,5,1,
57,3,903,129,41,42,1,5,1,
57,6,232,343,87,35,1,5,1,
57,7,695,414,58,23,1,5,1,
57,8,583,59,64,21,1,5,1,
57,9,891,431,51,24,1,5,1,
57,12,594,246,45,13,1,5,1,
57,14,693,304,29,16,1,5,1,
57,15,695,348,19,17,1,5,1,
57,16,764,236,77,32,1,5,1,
57,17,435,173,110,28,1,5,1,
57,18,633,460,107,29,1,5,1,
57,20,604,256,53,14,1,5,1,
57,21,621,187,229,52,1,5,1,
57,22,774,401,24,17,1,5,1,
57,25,677,205,53,27,1,5,1,
57,26,782,148,39,16,1,5,1,
57,27,801,215,14,12,1,5,1,
57,28,774,340,14,11,1,5,1,
57,29,575,139,59,15,1,5,1,
57,32,676,137,60,17,1,5,1,
57,33,840,339,13,10,1,5,1,
57,34,737,410,29,13,1,5,1,
57,35,917,19,20,31,1,5,1,
57,36,623,511,160,32,1,5,1,
58,1,941,334,18,15,1,5,1,
58,3,903,131,41,42,1,5,1,
58,6,235,344,95,36,1,5,1,
58,7,701,413,56,23,1,5,1,
58,8,589,59,63,22,1,5,1,
58,9,898,430,49,23,1,5,1,
58,12,599,246,45,13,1,5,1,
58,14,692,304,35,16,1,5,1,
58,15,696,348,18,16,1,5,1,
58,16,770,237,75,31,1,5,1,
58,17,443,172,114,29,1,5,1,
58,18,646,460,106,28,1,5,1,
58,20,610,256,52,14,1,5,1,
58,21,637,190,231,52,1,5,1,
58,22,776,400,23,17,1,5,1,
58,25,687,205,44,27,1,5,1,
58,26,788,149,38,16,1,5,1,
58,27,800,215,15,12,1,5,1,
58,28,774,340,13,10,1,5,1,
58,29,580,139,59,15,1,5,1,
58,32,681,137,60,18,1,5,1,
58,33,840,339,12,10,1,5,1,
58,34,740,409,29,13,1,5,1,
58,35,916,21,20,31,1,5,1,
58,36,639,510,156,33,1,5,1,
59,1,938,334,21,14,1,5,1,
59,3,903,133,41,41,1,5,1,
59,6,239,345,102,36,1,5,1,
59,7,706,412,56,23,1,5,1,
59,8,595,60,63,21,1,5,1,
59,9,905,428,47,24,1,5,1,
59,12,605,246,44,13,1,5,1,
59,14,692,303,41,16,1,5,1,
59,15,696,347,19,16,1,5,1,
59,16,776,237,73,31,1,5,1,
59,17,452,171,116,30,1,5,1,
59,18,658,460,106,28,1,5,1,
59,20,616,256,52,14,1,5,1,
59,21,652,192,232,52,1,5,1,
59,22,779,399,22,17,1,5,1,
59,25,692,206,42,26,1,5,1,
59,26,794,150,37,15,1,5,1,
59,27,798,216,16,12,1,5,1,
59,28,774,339,13,11,1,5,1,
59,29,586,139,58,16,1,5,1,
59,32,686,138,60,17,1,5,1,
59,33,839,338,13,10,1,5,1,
59,34,743,408,28,13,1,5,1,
59,35,915,23,20,31,1,5,1,
59,36,655,508,153,35,1,5,1,
60,1,936,333,23,15,1,5,1,
60,3,904,136,40,39,1,5,1,
60,6,244,346,108,37,1,5,1,
60,7,712,411,54,22,1,5,1,
60,8,601,61,62,21,1,5,1,
60,9,912,427,45,23,1,5,1,
60,12,610,246,44,13,1,5,1,
60,14,693,303,45,15,1,5,1,
60,15,697,346,18,16,1,5,1,
60,16,782,237,71,31,1,5,1,
60,17,465,172,116,29,1,5,1,
60,18,671,459,104,28,1,5,1,
60,20,621,256,52,14,1,5,1,
60,21,668,192,237,52,1,5,1,
60,22,781,398,21,17,1,5,1,
60,25,697,207,40,26,1,5,1,
60,26,800,150,36,16,1,5,1,
60,27,797,216,16,12,1,5,1,
60,28,774,338,13,11,1,5,1,
60,29,591,139,58,16,1,5,1,
60,32,692,138,58,17,1,5,1,
60,33,839,338,13,9,1,5,1,
60,34,746,407,28,14,1,5,1,
60,35,914,25,20,31,1,5,1,
60,36,670,507,151,36,1,5,1,
61,1,934,333,25,14,1,5,1,
61,3,908,139,39,36,1,5,1,
61,6,252,347,108,37,1,5,1,
61,7,717,410,53,22,1,5,1,
61,8,607,61,61,22,1,5,1,
61,9,917,426,42,22,1,5,1,
61,12,615,246,43,13,1,5,1,
61,14,695,302,48,16,1,5,1,
61,15,697,345,18,17,1,5,1,
61,16,787,238,71,30,1,5,1,
61,17,478,172,117,29,1,5,1,
61,18,683,459,105,28,1,5,1,
61,20,627,257,51,14,1,5,1,
61,21,684,192,243,52,1,5,1,
61,22,783,397,21,17,1,5,1,
61,25,700,208,40,25,1,5,1,
61,26,805,151,37,16,1,5,1,
61,27,795,216,17,12,1,5,1,
61,28,774,338,13,10,1,5,1,
61,29,597,139,57,16,1,5,1,
61,32,697,138,58,17,1,5,1,
61,33,838,337,14,10,1,5,1,
61,34,749,407,27,13,1,5,1,
61,35,912,27,21,30,1,5,1,
61,36,685,505,150,38,1,5,1,
62,1,932,332,27,14,1,5,1,
62,3,914,142,37,33,1,5,1,
62,6,261,348,107,37,1,5,1,
62,7,722,409,52,22,1,5,1,
62,8,613,62,60,22,1,5,1,
62,9,922,425,38,22,1,5,1,
62,12,621,246,42,13,1,5,1,
62,14,697,302,52,15,1,5,1,
62,15,698,345,18,16,1,5,1,
62,16,792,238,70,30,1,5,1,
62,17,492,173,117,28,1,5,1,
62,18,695,458,105,28,1,5,1,
62,20,633,257,50,14,1,5,1,
62,21,701,191,249,52,1,5,1,
62,22,785,396,20,17,1,5,1,
62,25,704,208,39,26,1,5,1,
62,26,811,152,36,15,1,5,1,
62,27,794,217,17,12,1,5,1,
62,28,773,337,13,10,1,5,1,
62,29,602,140,56,16,1,5,1,
62,32,702,138,57,18,1,5,1,
62,33,838,337,14,9,1,5,1,
62,34,752,406,27,13,1,5,1,
62,35,911,29,21,30,1,5,1,
62,36,700,504,149,39,1,5,1,
63,1,930,332,29,14,1,5,1,
63,3,913,145,46,31,1,5,1,
63,6,271,349,106,38,1,5,1,
63,7,726,408,52,22,1,5,1,
63,8,619,62,59,22,1,5,1,
63,9,928,424,32,21,1,5,1,
63,12,626,246,42,13,1,5,1,
63,14,700,302,54,15,1,5,1,
63,15,698,344,18,16,1,5,1,
63,16,797,238,70,30,1,5,1,
63,17,505,173,117,28,1,5,1,
63,18,707,458,105,28,1,5,1,
63,20,638,257,50,14,1,5,1,
63,21,718,190,241,53,1,5,1,
63,22,786,395,20,17,1,5,1,
63,25,707,209,40,25,1,5,1,
63,26,817,153,35,15,1,5,1,
63,27,792,217,18,12,1,5,1,
63,28,773,336,12,10,1,5,1,
63,29,608,140,55,16,1,5,1,
63,32,707,139,57,17,1,5,1,
63,33,837,336,14,10,1,5,1,
63,34,756,405,22,13,1,5,1,
63,35,909,31,22,30,1,5,1,
63,36,714,503,148,40,1,5,1,
64,1,928,331,32,14,1,5,1,
64,3,914,147,46,30,1,5,1,
64,6,279,349,107,39,1,5,1,
64,7,731,407,51,22,1,5,1,
64,8,625,63,58,22,1,5,1,
64,9,934,424,26,20,1,5,1,
64,12,631,246,42,13,1,5,1,
64,14,703,302,57,15,1,5,1,
64,15,699,343,17,16,1,5,1,
64,16,802,239,69,29,1,5,1,
64,17,517,172,119,28,1,5,1,
64,18,720,458,103,28,1,5,1,
64,20,644,257,50,14,1,5,1,
64,21,735,189,225,53,1,5,1,
64,22,788,394,19,17,1,5,1,
64,25,710,210,40,24,1,5,1,
64,26,823,154,34,15,1,5,1,
64,27,791,218,18,11,1,5,1,
64,28,772,335,12,10,1,5,1,
64,29,613,140,55,16,1,5,1,
64,32,712,139,56,17,1,5,1,
64,33,836,336,15,9,1,5,1,
64,34,762,404,16,13,1,5,1,
64,35,908,33,21,29,1,5,1,
64,36,729,501,146,42,1,5,1,
65,1,926,331,33,13,1,5,1,
65,3,919,148,41,29,1,5,1,
65,6,287,350,109,40,1,5,1,
65,7,733,405,55,22,1,5,1,
65,8,631,64,57,22,1,5,1,
65,9,940,427,20,15,1,5,1,
65,12,636,246,41,13,1,5,1,
65,14,706,302,60,15,1,5,1,
65,15,699,343,18,15,1,5,1,
65,16,807,239,68,29,1,5,1,
65,17,528,171,121,29,1,5,1,
65,18,732,457,103,28,1,5,1,
65,20,649,257,50,14,1,5,1,
65,21,753,188,207,54,1,5,1,
65,22,789,394,19,16,1,5,1,
65,25,714,211,39,24,1,5,1,
65,26,828,155,34,15,1,5,1,
65,27,789,218,19,12,1,5,1,
65,28,772,334,12,10,1,5,1,
65,29,618,141,55,16,1,5,1,
65,32,717,139,56,17,1,5,1,
65,33,835,335,16,10,1,5,1,
65,34,764,403,15,13,1,5,1,
65,35,907,35,21,29,1,5,1,
65,36,744,500,143,43,1,5,1,
66,1,923,330,35,14,1,5,1,
66,3,925,149,35,28,1,5,1,
66,6,294,351,113,41,1,5,1,
66,7,733,404,62,22,1,5,1,
66,8,636,64,57,23,1,5,1,
66,12,641,247,41,12,1,5,1,
66,14,710,302,61,16,1,5,1,
66,15,700,342,17,15,1,5,1,
66,16,812,239,67,29,1,5,1,
66,17,539,170,124,29,1,5,1,
66,18,744,457,103,28,1,5,1,
66,20,654,257,50,14,1,5,1,
66,21,771,187,189,55,1,5,1,
66,22,790,393,19,16,1,5,1,
66,25,717,211,40,24,1,5,1,
66,26,833,156,34,14,1,5,1,
66,27,787,219,20,11,1,5,1,
66,28,772,334,12,10,1,5,1,
66,29,623,141,54,16,1,5,1,
66,32,722,140,55,17,1,5,1,
66,33,834,335,16,9,1,5,1,
66,34,764,402,14,13,1,5,1,
66,35,905,37,22,28,1,5,1,
66,36,759,499,141,44,1,5,1,
67,1,921,330,35,13,1,5,1,
67,3,931,150,29,26,1,5,1,
67,6,301,353,117,41,1,5,1,
67,7,735,402,66,22,1,5,1,
67,8,642,65,55,22,1,5,1,
67,12,646,247,40,12,1,5,1,
67,14,716,302,60,16,1,5,1,
67,15,701,341,17,15,1,5,1,
67,16,817,240,66,28,1,5,1,
67,17,551,169,126,29,1,5,1,
67,18,757,457,101,27,1,5,1,
67,20,660,257,49,14,1,5,1,
67,21,790,186,170,55,1,5,1,
67,22,791,392,19,16,1,5,1,
67,25,720,212,40,23,1,5,1,
67,26,839,156,33,15,1,5,1,
67,27,785,219,20,11,1,5,1,
67,28,772,333,12,10,1,5,1,
67,29,628,142,54,15,1,5,1,
67,32,727,140,54,17,1,5,1,
67,33,834,334,15,10,1,5,1,
67,34,763,400,15,14,1,5,1,
67,35,904,39,21,28,1,5,1,
67,36,773,497,139,44,1,5,1,
68,1,919,329,34,14,1,5,1,
68,3,935,151,25,26,1,5,1,
68,6,309,354,121,42,1,5,1,
68,7,739,402,67,22,1,5,1,
68,8,647,66,55,22,1,5,1,
68,12,651,246,40,13,1,5,1,
68,14,721,302,60,15,1,5,1,
68,15,701,341,17,15,1,5,1,
68,16,821,240,65,28,1,5,1,
68,17,562,168,129,30,1,5,1,
68,18,768,456,102,28,1,5,1,
68,20,665,257,49,14,1,5,1,
68,21,808,185,152,47,1,5,1,
68,22,792,391,18,16,1,5,1,
68,25,723,213,40,23,1,5,1,
68,26,844,157,32,15,1,5,1,
68,28,772,332,12,10,1,5,1,
68,29,633,142,54,16,1,5,1,
68,32,731,140,55,17,1,5,1,
68,33,833,334,16,9,1,5,1,
68,34,762,399,15,14,1,5,1,
68,35,902,40,22,29,1,5,1,
68,36,787,496,136,43,1,5,1,
69,1,917,329,34,13,1,5,1,
69,3,940,152,20,26,1,5,1,
69,6,316,355,125,43,1,5,1,
69,7,744,401,67,22,1,5,1,
69,8,653,66,52,23,1,5,1,
69,12,655,246,41,13,1,5,1,
69,14,726,302,59,15,1,5,1,
69,15,702,340,16,15,1,5,1,
69,16,826,240,64,28,1,5,1,
69,17,574,167,132,30,1,5,1,
69,18,780,456,101,27,1,5,1,
69,20,670,257,49,14,1,5,1,
69,21,826,184,134,43,1,5,1,
69,22,792,390,19,16,1,5,1,
69,25,729,213,34,23,1,5,1,
69,26,849,158,31,14,1,5,1,
69,28,771,332,12,10,1,5,1,
69,29,638,142,53,16,1,5,1,
69,32,736,141,53,17,1,5,1,
69,33,831,333,17,9,1,5,1,
69,34,762,398,14,14,1,5,1,
69,35,900,42,23,28,1,5,1,
69,36,801,495,134,43,1,5,1,
70,1,915,328,34,14,1,5,1,
70,6,325,356,129,44,1,5,1,
70,7,751,400,64,22,1,5,1,
70,8,660,66,49,23,1,5,1,
70,12,659,246,41,13,1,5,1,
70,14,732,302,58,15,1,5,1,
70,15,702,340,17,14,1,5,1,
70,16,832,240,61,28,1,5,1,
70,17,588,167,132,30,1,5,1,
70,18,793,456,100,27,1,5,1,
70,20,676,257,48,14,1,5,1,
70,21,847,184,113,35,1,5,1,
70,22,793,389,18,16,1,5,1,
70,25,733,214,32,23,1,5,1,
70,26,855,159,30,14,1,5,1,
70,28,771,331,12,10,1,5,1,
70,29,643,143,52,16,1,5,1,
70,32,741,141,52,17,1,5,1,
70,33,830,333,17,9,1,5,1,
70,34,761,397,15,14,1,5,1,
70,35,899,44,22,28,1,5,1,
70,36,815,493,131,43,1,5,1,
71,1,912,328,35,13,1,5,1,
71,6,334,358,132,44,1,5,1,
71,7,757,400,63,21,1,5,1,
71,8,665,67,48,23,1,5,1,
71,12,665,246,39,13,1,5,1,
71,14,738,302,57,15,1,5,1,
71,15,703,339,16,14,1,5,1,
71,16,837,241,59,27,1,5,1,
71,17,601,166,134,30,1,5,1,
71,18,805,455,99,28,1,5,1,
71,20,681,257,48,14,1,5,1,
71,21,867,186,93,25,1,5,1,
71,22,793,388,19,16,1,5,1,
71,25,737,214,31,23,1,5,1,
71,26,862,160,28,14,1,5,1,
71,28,771,331,12,10,1,5,1,
71,29,648,143,52,16,1,5,1,
71,32,746,141,51,17,1,5,1,
71,33,829,332,17,9,1,5,1,
71,34,761,396,14,13,1,5,1,
71,35,897,46,23,27,1,5,1,
71,36,830,492,127,42,1,5,1,
72,1,910,328,35,12,1,5,1,
72,6,343,359,136,45,1,5,1,
72,7,761,400,67,22,1,5,1,
72,8,670,68,47,23,1,5,1,
72,12,669,247,40,12,1,5,1,
72,14,743,302,56,15,1,5,1,
72,15,703,338,17,15,1,5,1,
72,16,841,241,59,27,1,5,1,
72,17,614,165,136,31,1,5,1,
72,18,816,455,99,27,1,5,1,
72,20,686,257,48,14,1,5,1,
72,22,794,387,18,16,1,5,1,
72,25,740,215,30,22,1,5,1,
72,26,867,161,27,14,1,5,1,
72,28,770,330,13,10,1,5,1,
72,29,653,144,51,15,1,5,1,
72,32,750,141,52,17,1,5,1,
72,33,828,332,17,9,1,5,1,
72,34,760,395,14,13,1,5,1,
72,35,896,48,22,27,1,5,1,
72,36,842,491,117,41,1,5,1,
73,1,908,327,35,13,1,5,1,
73,6,351,360,142,46,1,5,1,
73,7,765,400,70,22,1,5,1,
73,8,674,69,47,23,1,5,1,
73,12,673,247,40,11,1,5,1,
73,14,748,302,56,15,1,5,1,
73,15,704,338,16,14,1,5,1,
73,16,845,241,58,27,1,5,1,
73,17,624,164,139,31,1,5,1,
73,18,826,454,100,28,1,5,1,
73,20,690,257,49,14,1,5,1,
73,22,794,386,19,16,1,5,1,
73,25,742,216,30,21,1,5,1,
73,26,872,162,26,14,1,5,1,
73,28,770,330,12,9,1,5,1,
73,29,657,144,51,16,1,5,1,
73,32,754,142,52,17,1,5,1,
73,33,827,332,17,8,1,5,1,
73,34,760,394,14,13,1,5,1,
73,35,894,49,23,27,1,5,1,
73,36,854,489,106,42,1,5,1,
74,1,906,327,35,12,1,5,1,
74,6,359,362,149,47,1,5,1,
74,7,771,400,69,21,1,5,1,
74,8,679,70,46,23,1,5,1,
74,12,677,247,41,11,1,5,1,
74,14,752,302,56,15,1,5,1,
74,15,704,337,16,14,1,5,1,
74,16,848,242,58,26,1,5,1,
74,17,637,164,143,31,1,5,1,
74,18,838,454,100,27,1,5,1,
74,20,695,258,49,13,1,5,1,
74,22,795,385,18,16,1,5,1,
74,25,745,216,30,22,1,5,1,
74,26,876,163,25,14,1,5,1,
74,28,769,329,13,10,1,5,1,
74,29,661,145,52,15,1,5,1,
74,32,759,142,51,17,1,5,1,
74,33,825,331,18,9,1,5,1,
74,34,759,393,14,13,1,5,1,
74,35,892,51,24,27,1,5,1,
74,36,866,488,94,40,1,5,1,
75,1,903,326,35,13,1,5,1,
75,6,369,363,153,48,1,5,1,
75,7,777,399,68,22,1,5,1,
75,8,683,71,46,23,1,5,1,
75,12,680,247,43,12,1,5,1,
75,14,758,302,55,15,1,5,1,
75,15,704,337,16,14,1,5,1,
75,16,852,242,57,27,1,5,1,
75,17,651,163,144,31,1,5,1,
75,18,849,454,100,27,1,5,1,
75,20,700,258,49,14,1,5,1,
75,22,795,384,18,16,1,5,1,
75,25,747,217,30,21,1,5,1,
75,26,880,164,25,13,1,5,1,
75,28,769,329,13,9,1,5,1,
75,29,666,145,51,16,1,5,1,
75,32,763,142,50,18,1,5,1,
75,34,758,392,14,13,1,5,1,
75,35,891,53,23,26,1,5,1,
75,36,879,486,81,40,1,5,1,
76,1,901,326,35,12,1,5,1,
76,6,379,365,158,48,1,5,1,
76,7,783,399,67,21,1,5,1,
76,8,687,72,45,23,1,5,1,
76,12,684,247,43,13,1,5,1,
76,14,763,302,53,15,1,5,1,
76,15,704,336,15,14,1,5,1,
76,16,856,243,55,26,1,5,1,
76,17,664,162,146,32,1,5,1,
76,18,860,453,99,27,1,5,1,
76,20,705,258,49,14,1,5,1,
76,22,795,384,18,15,1,5,1,
76,25,749,218,30,21,1,5,1,
76,26,883,164,26,13,1,5,1,
76,28,768,328,13,10,1,5,1,
76,29,670,146,51,15,1,5,1,
76,32,767,143,50,17,1,5,1,
76,34,758,391,14,13,1,5,1,
76,35,889,54,24,26,1,5,1,
76,36,890,486,70,38,1,5,1,
77,1,899,325,35,13,1,5,1,
77,6,390,366,163,50,1,5,1,
77,7,789,398,65,21,1,5,1,
77,8,692,74,44,23,1,5,1,
77,12,688,247,44,13,1,5,1,
77,14,767,302,53,15,1,5,1,
77,15,703,336,16,13,1,5,1,
77,16,860,243,54,26,1,5,1,
77,17,678,162,146,32,1,5,1,
77,18,871,453,89,27,1,5,1,
77,20,710,258,49,14,1,5,1,
77,22,795,383,18,15,1,5,1,
77,25,752,218,30,21,1,5,1,
77,26,886,165,26,13,1,5,1,
77,28,768,328,13,9,1,5,1,
77,29,675,146,50,16,1,5,1,
77,32,771,144,50,17,1,5,1,
77,34,757,390,15,13,1,5,1,
77,35,887,56,24,26,1,5,1,
77,36,903,490,57,32,1,5,1,
78,1,897,325,35,12,1,5,1,
78,6,401,368,168,50,1,5,1,
78,7,794,398,65,21,1,5,1,
78,8,696,75,43,23,1,5,1,
78,12,693,247,43,13,1,5,1,
78,14,772,302,52,15,1,5,1,
78,15,702,335,20,14,1,5,1,
78,16,863,243,54,26,1,5,1,
78,17,692,162,148,32,1,5,1,
78,18,883,452,77,27,1,5,1,
78,20,715,258,49,14,1,5,1,
78,22,795,382,18,15,1,5,1,
78,25,754,219,30,20,1,5,1,
78,26,890,166,26,13,1,5,1,
78,28,767,327,14,9,1,5,1,
78,29,679,147,50,15,1,5,1,
78,32,775,144,50,17,1,5,1,
78,34,756,389,15,13,1,5,1,
78,35,886,58,23,25,1,5,1,
78,36,915,492,45,26,1,5,1,
79,1,894,325,35,12,1,5,1,
79,6,412,369,174,52,1,5,1,
79,7,800,397,64,21,1,5,1,
79,8,700,76,43,23,1,5,1,
79,12,698,247,43,13,1,5,1,
79,14,777,302,51,15,1,5,1,
79,15,700,334,22,14,1,5,1,
79,16,867,244,52,25,1,5,1,
79,17,706,162,149,31,1,5,1,
79,18,894,452,66,26,1,5,1,
79,20,720,258,49,14,1,5,1,
79,22,795,381,17,15,1,5,1,
79,25,756,219,30,21,1,5,1,
79,26,894,166,26,13,1,5,1,
79,28,766,327,14,9,1,5,1,
79,29,684,147,49,16,1,5,1,
79,32,779,145,49,16,1,5,1,
79,34,755,388,16,12,1,5,1,
79,35,884,59,24,26,1,5,1,
80,6,423,371,180,52,1,5,1,
80,7,805,397,64,21,1,5,1,
80,8,704,77,42,23,1,5,1,
80,12,702,248,46,12,1,5,1,
80,14,782,301,50,15,1,5,1,
80,15,699,334,22,13,1,5,1,
80,16,870,244,52,25,1,5,1,
80,17,719,161,151,32,1,5,1,
80,18,904,452,56,25,1,5,1,
80,20,725,258,49,14,1,5,1,
80,22,794,380,18,15,1,5,1,
80,25,758,220,31,20,1,5,1,
80,26,898,167,25,13,1,5,1,
80,28,765,326,14,9,1,5,1,
80,29,688,148,49,15,1,5,1,
80,32,783,145,49,17,1,5,1,
80,34,754,387,16,12,1,5,1,
80,35,882,61,24,25,1,5,1,
81,6,434,372,188,54,1,5,1,
81,7,810,396,63,21,1,5,1,
81,8,708,78,41,23,1,5,1,
81,12,705,248,48,12,1,5,1,
81,14,786,301,50,15,1,5,1,
81,15,698,333,21,13,1,5,1,
81,16,873,244,52,25,1,5,1,
81,17,732,160,153,33,1,5,1,
81,18,914,454,46,21,1,5,1,
81,20,729,258,50,14,1,5,1,
81,22,794,379,18,15,1,5,1,
81,25,760,220,32,20,1,5,1,
81,26,901,168,26,13,1,5,1,
81,28,764,326,14,9,1,5,1,
81,29,692,149,49,14,1,5,1,
81,32,786,146,50,16,1,5,1,
81,34,753,386,16,12,1,5,1,
81,35,880,62,25,25,1,5,1,
82,6,446,374,194,55,1,5,1,
82,7,816,396,62,20,1,5,1,
82,8,711,80,41,22,1,5,1,
82,12,710,248,49,12,1,5,1,
82,14,790,301,50,15,1,5,1,
82,15,697,333,17,13,1,5,1,
82,16,877,245,50,24,1,5,1,
82,17,747,160,154,32,1,5,1,
82,18,925,458,35,12,1,5,1,
82,20,734,258,50,14,1,5,1,
82,22,794,378,17,15,1,5,1,
82,25,763,221,31,19,1,5,1,
82,26,905,168,25,13,1,5,1,
82,28,764,325,13,9,1,5,1,
82,29,696,149,49,15,1,5,1,
82,32,790,146,50,17,1,5,1,
82,34,752,385,15,12,1,5,1,
82,35,879,64,24,25,1,5,1,
83,6,459,376,201,56,1,5,1,
83,7,821,395,61,21,1,5,1,
83,8,714,81,41,22,1,5,1,
83,12,715,248,49,12,1,5,1,
83,14,794,301,50,15,1,5,1,
83,15,698,332,14,13,1,5,1,
83,16,880,245,49,24,1,5,1,
83,17,761,159,155,33,1,5,1,
83,20,739,258,50,14,1,5,1,
83,22,794,378,17,14,1,5,1,
83,25,765,221,32,20,1,5,1,
83,26,909,169,25,13,1,5,1,
83,28,763,325,13,9,1,5,1,
83,29,700,150,49,14,1,5,1,
83,32,794,147,49,16,1,5,1,
83,34,751,384,15,12,1,5,1,
83,35,877,65,24,25,1,5,1,
84,6,472,378,208,57,1,5,1,
84,7,826,395,61,20,1,5,1,
84,8,718,82,40,22,1,5,1,
84,12,720,248,49,12,1,5,1,
84,14,799,301,49,15,1,5,1,
84,15,698,332,15,12,1,5,1,
84,16,883,245,48,24,1,5,1,
84,17,776,159,155,33,1,5,1,
84,20,744,258,50,14,1,5,1,
84,22,794,377,17,14,1,5,1,
84,25,767,222,32,19,1,5,1,
84,26,912,170,25,12,1,5,1,
84,28,762,325,13,8,1,5,1,
84,29,705,150,48,15,1,5,1,
84,32,798,147,49,16,1,5,1,
84,34,750,383,15,12,1,5,1,
85,6,484,379,217,59,1,5,1,
85,7,830,394,62,21,1,5,1,
85,8,721,83,40,22,1,5,1,
85,12,725,248,49,12,1,5,1,
85,14,802,301,50,15,1,5,1,
85,15,699,331,14,13,1,5,1,
85,16,886,246,48,23,1,5,1,
85,17,789,159,157,33,1,5,1,
85,20,748,258,51,14,1,5,1,
85,22,794,376,17,15,1,5,1,
85,25,769,222,33,19,1,5,1,
85,26,917,170,20,13,1,5,1,
85,28,762,324,12,9,1,5,1,
85,29,708,151,49,14,1,5,1,
85,32,802,147,47,17,1,5,1,
85,34,750,382,14,12,1,5,1,
86,6,500,381,223,60,1,5,1,
86,7,835,394,61,20,1,5,1,
86,8,726,85,38,21,1,5,1,
86,12,731,248,48,12,1,5,1,
86,14,807,301,49,15,1,5,1,
86,15,699,331,15,12,1,5,1,
86,16,890,246,45,24,1,5,1,
86,17,805,159,154,33,1,5,1,
86,20,754,258,49,14,1,5,1,
86,22,793,375,17,15,1,5,1,
86,25,772,222,32,20,1,5,1,
86,26,922,171,16,13,1,5,1,
86,28,761,324,13,8,1,5,1,
86,29,713,151,47,15,1,5,1,
86,32,807,148,45,16,1,5,1,
86,34,749,381,14,12,1,5,1,
87,6,513,383,233,61,1,5,1,
87,7,840,393,61,21,1,5,1,
87,8,729,86,38,21,1,5,1,
87,12,736,248,48,12,1,5,1,
87,14,811,301,48,14,1,5,1,
87,15,700,330,14,13,1,5,1,
87,16,892,246,46,24,1,5,1,
87,17,819,159,141,32,1,5,1,
87,20,759,258,48,14,1,5,1,
87,22,793,375,17,14,1,5,1,
87,25,774,223,32,19,1,5,1,
87,26,924,172,17,13,1,5,1,
87,28,760,323,13,9,1,5,1,
87,29,717,152,47,14,1,5,1,
87,32,810,148,46,17,1,5,1,
87,34,748,381,14,11,1,5,1,
88,6,528,385,242,63,1,5,1,
88,7,845,393,60,20,1,5,1,
88,8,733,87,37,21,1,5,1,
88,12,741,248,48,12,1,5,1,
88,14,814,301,53,14,1,5,1,
88,15,700,330,14,12,1,5,1,
88,16,894,247,46,23,1,5,1,
88,17,833,158,127,33,1,5,1,
88,20,765,258,45,13,1,5,1,
88,22,793,374,17,14,1,5,1,
88,25,777,223,32,19,1,5,1,
88,26,925,173,21,12,1,5,1,
88,28,759,323,13,8,1,5,1,
88,29,721,152,46,15,1,5,1,
88,32,813,149,46,16,1,5,1,
88,34,747,380,15,11,1,5,1,
89,6,544,387,251,64,1,5,1,
89,7,850,392,59,21,1,5,1,
89,8,736,88,36,21,1,5,1,
89,12,746,248,49,12,1,5,1,
89,14,816,301,59,14,1,5,1,
89,15,700,329,14,13,1,5,1,
89,16,896,247,47,23,1,5,1,
89,17,848,157,112,33,1,5,1,
89,20,771,258,42,13,1,5,1,
89,22,793,373,16,14,1,5,1,
89,25,779,224,33,18,1,5,1,
89,26,928,173,18,13,1,5,1,
89,28,758,322,14,9,1,5,1,
89,29,725,153,45,14,1,5,1,
89,32,817,149,44,16,1,5,1,
89,34,746,379,15,11,1,5,1,
90,6,561,390,260,65,1,5,1,
90,7,855,392,60,20,1,5,1,
90,8,740,89,35,21,1,5,1,
90,12,751,248,49,12,1,5,1,
90,14,818,301,65,14,1,5,1,
90,15,699,329,15,12,1,5,1,
90,16,899,248,46,22,1,5,1,
90,17,863,156,97,30,1,5,1,
90,20,777,258,39,13,1,5,1,
90,22,792,372,16,14,1,5,1,
90,25,781,224,33,18,1,5,1,
90,26,931,174,16,13,1,5,1,
90,28,757,322,15,8,1,5,1,
90,29,729,153,44,15,1,5,1,
90,32,822,149,39,17,1,5,1,
90,34,745,378,15,11,1,5,1,
91,6,579,392,269,67,1,5,1,
91,7,859,391,61,21,1,5,1,
91,8,744,90,33,20,1,5,1,
91,12,757,248,48,12,1,5,1,
91,14,822,301,69,14,1,5,1,
91,15,699,328,14,13,1,5,1,
91,16,902,248,44,22,1,5,1,
91,17,879,156,81,25,1,5,1,
91,20,783,258,37,13,1,5,1,
91,22,791,371,17,14,1,5,1,
91,25,784,224,33,19,1,5,1,
91,26,932,175,16,13,1,5,1,
91,28,755,322,16,8,1,5,1,
91,29,733,154,43,14,1,5,1,
91,32,826,150,40,16,1,5,1,
91,34,744,377,15,11,1,5,1,
92,6,598,394,278,69,1,5,1,
92,7,864,391,60,20,1,5,1,
92,8,748,91,32,20,1,5,1,
92,12,762,248,48,12,1,5,1,
92,14,828,301,69,14,1,5,1,
92,15,699,328,14,12,1,5,1,
92,16,906,248,42,22,1,5,1,
92,17,896,156,64,19,1,5,1,
92,20,788,258,33,13,1,5,1,
92,22,791,371,16,13,1,5,1,
92,25,787,225,32,18,1,5,1,
92,26,935,176,16,12,1,5,1,
92,28,754,321,16,8,1,5,1,
92,29,737,154,43,15,1,5,1,
92,32,829,150,41,17,1,5,1,
92,34,743,376,15,11,1,5,1,
93,6,616,397,289,70,1,5,1,
93,7,870,391,58,20,1,5,1,
93,8,751,91,31,21,1,5,1,
93,12,767,248,49,12,1,5,1,
93,14,833,301,70,14,1,5,1,
93,15,698,328,14,11,1,5,1,
93,16,909,248,41,22,1,5,1,
93,17,911,159,49,12,1,5,1,
93,20,794,258,28,13,1,5,1,
93,22,790,370,16,14,1,5,1,
93,25,790,225,32,18,1,5,1,
93,26,936,176,16,13,1,5,1,
93,28,752,321,17,8,1,5,1,
93,29,741,155,41,14,1,5,1,
93,32,833,151,36,16,1,5,1,
93,34,742,376,15,10,1,5,1,
94,6,636,399,299,72,1,5,1,
94,7,875,390,57,20,1,5,1,
94,8,755,92,29,21,1,5,1,
94,12,772,248,49,12,1,5,1,
94,14,840,301,68,14,1,5,1,
94,15,698,327,14,12,1,5,1,
94,16,912,249,39,21,1,5,1,
94,20,800,258,23,13,1,5,1,
94,22,789,369,17,14,1,5,1,
94,25,792,225,32,18,1,5,1,
94,26,937,177,16,13,1,5,1,
94,28,751,320,16,8,1,5,1,
94,29,745,155,40,15,1,5,1,
94,32,836,151,38,17,1,5,1,
94,34,741,375,15,11,1,5,1,
95,6,655,403,303,70,1,5,1,
95,7,880,390,56,20,1,5,1,
95,8,758,93,28,21,1,5,1,
95,12,777,248,50,12,1,5,1,
95,14,845,301,69,14,1,5,1,
95,15,698,327,13,11,1,5,1,
95,16,914,249,38,21,1,5,1,
95,20,803,259,23,12,1,5,1,
95,22,789,368,17,14,1,5,1,
95,25,795,226,31,18,1,5,1,
95,26,940,178,15,12,1,5,1,
95,28,749,320,17,8,1,5,1,
95,29,748,156,40,14,1,5,1,
95,32,838,152,39,16,1,5,1,
95,34,740,374,15,11,1,5,1,
96,6,678,406,281,67,1,5,1,
96,7,888,389,48,20,1,5,1,
96,8,760,95,29,20,1,5,1,
96,12,782,248,51,12,1,5,1,
96,14,851,301,69,14,1,5,1,
96,15,697,326,14,12,1,5,1,
96,16,917,249,37,21,1,5,1,
96,20,807,259,20,12,1,5,1,
96,22,788,368,17,13,1,5,1,
96,25,797,226,32,18,1,5,1,
96,26,940,179,16,12,1,5,1,
96,28,748,320,17,8,1,5,1,
96,29,751,156,40,15,1,5,1,
96,32,842,152,34,17,1,5,1,
97,6,701,405,259,67,1,5,1,
97,7,896,388,39,19,1,5,1,
97,8,763,96,27,21,1,5,1,
97,12,787,248,49,12,1,5,1,
97,14,857,301,68,14,1,5,1,
97,15,696,326,14,11,1,5,1,
97,16,919,249,36,21,1,5,1,
97,20,809,259,22,12,1,5,1,
97,22,787,367,17,13,1,5,1,
97,25,799,226,32,18,1,5,1,
97,26,943,180,15,11,1,5,1,
97,28,746,319,17,8,1,5,1,
97,29,754,157,40,14,1,5,1,
97,32,845,153,36,16,1,5,1,
98,6,728,405,232,67,1,5,1,
98,7,903,386,31,20,1,5,1,
98,8,766,97,26,20,1,5,1,
98,12,794,248,44,12,1,5,1,
98,14,862,301,70,14,1,5,1,
98,15,696,325,14,12,1,5,1,
98,16,923,249,33,21,1,5,1,
98,20,810,259,25,12,1,5,1,
98,22,786,366,18,13,1,5,1,
98,25,803,227,29,18,1,5,1,
98,26,943,180,15,12,1,5,1,
98,28,745,319,17,8,1,5,1,
98,29,758,158,38,14,1,5,1,
98,32,847,153,35,17,1,5,1,
99,6,751,405,209,67,1,5,1,
99,7,907,385,29,20,1,5,1,
99,8,768,98,25,21,1,5,1,
99,12,801,248,38,12,1,5,1,
99,14,868,301,71,14,1,5,1,
99,15,695,325,14,11,1,5,1,
99,16,925,249,32,21,1,5,1,
99,20,811,259,27,12,1,5,1,
99,22,785,366,18,13,1,5,1,
99,25,805,227,28,18,1,5,1,
99,26,944,181,15,12,1,5,1,
99,28,743,319,18,7,1,5,1,
99,29,761,158,37,15,1,5,1,
99,32,851,154,32,17,1,5,1,
100,6,775,405,185,59,1,5,1,
100,7,909,384,28,20,1,5,1,
100,8,772,99,22,21,1,5,1,
100,12,807,248,32,12,1,5,1,
100,14,874,301,70,14,1,5,1,
100,15,695,325,14,11,1,5,1,
100,16,927,250,30,21,1,5,1,
100,20,813,259,27,12,1,5,1,
100,22,784,365,18,13,1,5,1,
100,25,808,228,27,17,1,5,1,
100,26,944,182,15,12,1,5,1,
100,29,765,159,35,14,1,5,1,
100,32,855,154,26,17,1,5,1,
101,6,795,406,165,59,1,5,1,
101,7,908,382,28,22,1,5,1,
101,8,774,100,21,21,1,5,1,
101,12,812,249,29,11,1,5,1,
101,14,881,301,67,14,1,5,1,
101,15,694,324,15,11,1,5,1,
101,16,930,250,27,21,1,5,1,
101,20,816,259,26,12,1,5,1,
101,22,783,364,19,13,1,5,1,
101,25,810,228,26,17,1,5,1,
101,26,946,182,13,12,1,5,1,
101,29,768,159,34,15,1,5,1,
101,32,858,155,26,17,1,5,1,
102,6,817,410,143,55,1,5,1,
102,7,909,381,27,21,1,5,1,
102,8,777,101,19,21,1,5,1,
102,12,817,249,24,12,1,5,1,
102,14,887,301,66,14,1,5,1,
102,15,693,324,15,11,1,5,1,
102,16,930,250,26,20,1,5,1,
102,20,819,259,25,12,1,5,1,
102,25,812,228,26,18,1,5,1,
102,26,948,183,12,12,1,5,1,
102,29,771,160,34,14,1,5,1,
102,32,859,155,27,17,1,5,1,
103,6,836,412,124,49,1,5,1,
103,7,909,380,28,21,1,5,1,
103,8,778,102,19,21,1,5,1,
103,12,820,249,23,12,1,5,1,
103,14,893,301,63,14,1,5,1,
103,15,692,323,16,11,1,5,1,
103,16,928,249,26,21,1,5,1,
103,20,821,259,25,12,1,5,1,
103,25,814,229,25,17,1,5,1,
103,26,950,184,10,11,1,5,1,
103,29,773,160,34,15,1,5,1,
103,32,861,156,26,17,1,5,1,
104,6,859,418,101,38,1,5,1,
104,7,908,379,27,21,1,5,1,
104,8,781,103,16,22,1,5,1,
104,12,822,249,22,12,1,5,1,
104,14,901,301,56,14,1,5,1,
104,15,692,323,15,11,1,5,1,
104,16,926,249,28,21,1,5,1,
104,20,824,259,24,12,1,5,1,
104,25,817,229,24,17,1,5,1,
104,26,950,185,10,11,1,5,1,
104,29,776,161,32,15,1,5,1,
104,32,863,157,25,17,1,5,1,
105,7,906,378,27,21,1,5,1,
105,8,782,104,16,22,1,5,1,
105,12,824,250,21,11,1,5,1,
105,14,909,301,49,14,1,5,1,
105,16,923,249,32,20,1,5,1,
105,20,827,259,23,12,1,5,1,
105,25,819,229,23,17,1,5,1,
105,26,950,185,9,12,1,5,1,
105,29,779,162,31,14,1,5,1,
105,32,865,157,24,17,1,5,1,
106,7,905,377,28,21,1,5,1,
106,8,783,106,16,21,1,5,1,
106,12,826,250,21,11,1,5,1,
106,14,916,301,43,15,1,5,1,
106,16,919,249,38,20,1,5,1,
106,20,829,259,23,12,1,5,1,
106,25,821,229,23,17,1,5,1,
106,26,950,186,9,12,1,5,1,
106,29,781,162,30,15,1,5,1,
106,32,867,158,23,16,1,5,1,
107,7,904,376,29,21,1,5,1,
107,8,784,107,16,21,1,5,1,
107,12,828,250,20,11,1,5,1,
107,14,923,301,36,15,1,5,1,
107,16,916,249,41,20,1,5,1,
107,20,831,259,23,12,1,5,1,
107,25,822,230,24,15,1,5,1,
107,26,950,187,9,11,1,5,1,
107,29,783,163,30,14,1,5,1,
107,32,869,159,22,16,1,5,1,
108,7,903,375,30,20,1,5,1,
108,8,785,109,16,20,1,5,1,
108,12,831,250,18,11,1,5,1,
108,14,930,301,29,15,1,5,1,
108,16,913,249,43,20,1,5,1,
108,20,834,259,22,12,1,5,1,
108,25,826,230,22,16,1,5,1,
108,26,951,188,8,11,1,5,1,
108,29,786,164,28,14,1,5,1,
108,32,871,159,21,16,1,5,1,
109,7,901,374,31,20,1,5,1,
109,8,786,110,16,20,1,5,1,
109,12,832,250,19,11,1,5,1,
109,14,936,301,24,15,1,5,1,
109,16,913,248,40,20,1,5,1,
109,20,836,260,22,11,1,5,1,
109,25,828,230,21,16,1,5,1,
109,26,951,190,8,9,1,5,1,
109,29,788,164,27,15,1,5,1,
109,32,873,160,20,16,1,5,1,
110,7,900,373,31,20,1,5,1,
110,8,787,111,16,20,1,5,1,
110,12,834,250,18,12,1,5,1,
110,14,940,301,20,14,1,5,1,
110,16,912,248,37,19,1,5,1,
110,20,838,260,22,11,1,5,1,
110,25,828,231,21,16,1,5,1,
110,26,951,191,9,9,1,5,1,
110,29,791,165,25,14,1,5,1,
110,32,874,160,20,17,1,5,1,
111,7,899,372,30,20,1,5,1,
111,8,786,112,16,21,1,5,1,
111,12,836,250,18,12,1,5,1,
111,14,943,301,17,14,1,5,1,
111,16,910,247,35,19,1,5,1,
111,20,840,260,22,11,1,5,1,
111,25,828,231,20,16,1,5,1,
111,26,951,192,9,9,1,5,1,
111,29,793,165,23,15,1,5,1,
111,32,876,161,18,16,1,5,1,
112,7,898,371,30,20,1,5,1,
112,8,785,112,16,22,1,5,1,
112,12,838,251,17,11,1,5,1,
112,14,946,302,14,12,1,5,1,
112,16,908,246,35,19,1,5,1,
112,20,842,260,22,11,1,5,1,
112,25,828,232,20,15,1,5,1,
112,26,950,193,9,8,1,5,1,
112,29,796,166,21,15,1,5,1,
112,32,878,161,17,17,1,5,1,
113,7,897,370,29,19,1,5,1,
113,8,784,113,16,23,1,5,1,
113,12,839,251,17,11,1,5,1,
113,14,948,303,12,11,1,5,1,
113,16,906,246,36,18,1,5,1,
113,20,844,260,22,11,1,5,1,
113,25,828,232,20,15,1,5,1,
113,26,950,193,9,9,1,5,1,
113,29,797,167,20,14,1,5,1,
113,32,879,162,16,16,1,5,1,
114,7,895,369,30,19,1,5,1,
114,8,783,114,16,23,1,5,1,
114,12,841,251,17,11,1,5,1,
114,14,950,304,10,10,1,5,1,
114,16,903,246,39,18,1,5,1,
114,20,847,260,19,11,1,5,1,
114,25,828,232,20,16,1,5,1,
114,26,950,194,9,9,1,5,1,
114,29,799,167,19,15,1,5,1,
114,32,879,163,16,16,1,5,1,
115,7,894,368,30,19,1,5,1,
115,8,782,115,17,23,1,5,1,
115,12,842,251,17,11,1,5,1,
115,14,952,304,8,10,1,5,1,
115,16,902,247,40,18,1,5,1,
115,20,850,260,17,11,1,5,1,
115,25,828,233,19,15,1,5,1,
115,26,950,194,10,10,1,5,1,
115,29,801,168,18,15,1,5,1,
115,32,879,163,16,17,1,5,1,
116,7,895,368,27,18,1,5,1,
116,8,781,117,18,22,1,5,1,
116,12,844,251,16,11,1,5,1,
116,16,899,247,41,18,1,5,1,
116,20,852,260,15,11,1,5,1,
116,25,829,233,19,15,1,5,1,
116,26,948,195,11,9,1,5,1,
116,29,802,169,17,15,1,5,1,
116,32,879,164,16,16,1,5,1,
117,7,896,367,23,18,1,5,1,
117,8,780,118,18,22,1,5,1,
117,12,845,251,16,11,1,5,1,
117,16,897,248,40,17,1,5,1,
117,20,851,260,15,11,1,5,1,
117,25,829,234,18,15,1,5,1,
117,26,948,195,11,10,1,5,1,
117,29,803,170,17,14,1,5,1,
117,32,879,165,16,16,1,5,1,
118,7,898,367,21,17,1,5,1,
118,8,779,120,18,21,1,5,1,
118,12,846,251,16,11,1,5,1,
118,16,895,248,38,17,1,5,1,
118,20,851,260,15,11,1,5,1,
118,25,828,234,18,15,1,5,1,
118,26,947,196,12,9,1,5,1,
118,29,805,170,14,15,1,5,1,
118,32,879,165,15,16,1,5,1,
119,7,899,367,20,16,1,5,1,
119,8,778,121,18,21,1,5,1,
119,12,848,252,16,10,1,5,1,
119,16,893,248,37,17,1,5,1,
119,20,850,260,16,11,1,5,1,
119,25,827,235,19,14,1,5,1,
119,26,947,196,12,10,1,5,1,
119,29,805,171,13,14,1,5,1,
119,32,878,166,16,16,1,5,1,
120,7,899,367,20,16,1,5,1,
120,8,776,122,19,22,1,5,1,
120,12,849,252,16,10,1,5,1,
120,16,891,248,36,17,1,5,1,
120,20,850,260,15,11,1,5,1,
120,25,827,235,19,14,1,5,1,
120,26,945,196,14,11,1,5,1,
120,29,804,171,14,14,1,5,1,
120,32,877,166,16,16,1,5,1,
121,7,899,366,20,16,1,5,1,
121,8,775,124,19,21,1,5,1,
121,12,850,252,16,10,1,5,1,
121,16,889,248,36,17,1,5,1,
121,20,850,261,15,10,1,5,1,
121,25,826,235,20,15,1,5,1,
121,26,944,197,15,10,1,5,1,
121,29,802,172,15,14,1,5,1,
121,32,876,167,17,16,1,5,1,
122,7,898,365,21,16,1,5,1,
122,8,774,125,19,21,1,5,1,
122,12,852,252,15,10,1,5,1,
122,16,887,249,36,16,1,5,1,
122,20,849,261,15,10,1,5,1,
122,25,826,236,20,14,1,5,1,
122,26,944,197,14,11,1,5,1,
122,29,801,172,15,15,1,5,1,
122,32,875,167,18,16,1,5,1,
123,7,898,364,21,16,1,5,1,
123,8,772,126,20,21,1,5,1,
123,12,853,252,15,10,1,5,1,
123,16,885,249,36,16,1,5,1,
123,20,849,261,15,10,1,5,1,
123,25,825,236,20,14,1,5,1,
123,26,942,198,15,10,1,5,1,
123,29,800,173,16,14,1,5,1,
123,32,871,167,23,17,1,5,1,
124,7,898,364,20,15,1,5,1,
124,8,771,127,20,21,1,5,1,
124,12,854,252,15,10,1,5,1,
124,16,882,249,37,16,1,5,1,
124,20,848,261,15,10,1,5,1,
124,25,824,236,21,14,1,5,1,
124,26,940,199,17,10,1,5,1,
124,29,798,174,18,14,1,5,1,
124,32,869,168,26,16,1,5,1,
125,7,897,363,21,16,1,5,1,
125,8,769,129,21,20,1,5,1,
125,12,856,252,14,10,1,5,1,
125,16,879,249,39,16,1,5,1,
125,20,848,261,14,10,1,5,1,
125,25,823,236,21,14,1,5,1,
125,26,939,199,17,10,1,5,1,
125,29,797,174,18,15,1,5,1,
125,32,867,168,28,17,1,5,1,
126,7,896,362,22,16,1,5,1,
126,8,768,130,20,20,1,5,1,
126,12,857,252,14,10,1,5,1,
126,16,876,249,40,16,1,5,1,
126,20,847,261,15,10,1,5,1,
126,25,822,237,21,13,1,5,1,
126,26,938,200,16,10,1,5,1,
126,29,795,175,19,15,1,5,1,
126,32,865,169,29,17,1,5,1,
127,7,896,361,21,16,1,5,1,
127,8,766,131,21,20,1,5,1,
127,12,858,252,14,11,1,5,1,
127,14,951,300,8,9,1,5,1,
127,16,873,250,41,15,1,5,1,
127,20,847,261,14,10,1,5,1,
127,25,821,237,22,14,1,5,1,
127,26,936,201,17,9,1,5,1,
127,29,794,176,19,14,1,5,1,
127,32,863,170,29,16,1,5,1,
128,7,895,361,22,15,1,5,1,
128,8,764,132,21,20,1,5,1,
128,12,859,253,14,10,1,5,1,
128,14,948,298,11,12,1,5,1,
128,16,871,250,41,15,1,5,1,
128,20,846,261,14,10,1,5,1,
128,25,820,237,22,14,1,5,1,
128,26,934,201,18,10,1,5,1,
128,29,792,177,20,14,1,5,1,
128,32,861,171,29,16,1,5,1,
129,7,894,360,23,15,1,5,1,
129,8,763,134,21,19,1,5,1,
129,12,860,253,14,10,1,5,1,
129,14,949,299,10,11,1,5,1,
129,16,868,250,41,16,1,5,1,
129,20,845,261,14,10,1,5,1,
129,25,819,237,22,14,1,5,1,
129,26,933,202,17,10,1,5,1,
129,29,791,178,19,14,1,5,1,
129,32,859,171,29,17,1,5,1,
130,7,894,359,22,15,1,5,1,
130,8,761,135,21,19,1,5,1,
130,12,861,253,14,10,1,5,1,
130,14,948,299,11,11,1,5,1,
130,16,866,250,40,16,1,5,1,
130,20,845,261,14,10,1,5,1,
130,25,818,238,21,13,1,5,1,
130,26,931,203,17,9,1,5,1,
130,29,789,178,20,14,1,5,1,
130,32,857,172,28,16,1,5,1,
131,7,893,358,22,15,1,5,1,
131,8,760,136,20,18,1,5,1,
131,12,862,253,14,10,1,5,1,
131,14,947,299,12,11,1,5,1,
131,16,863,250,40,16,1,5,1,
131,20,844,261,14,10,1,5,1,
131,25,817,238,21,13,1,5,1,
131,26,930,203,17,10,1,5,1,
131,29,787,179,20,14,1,5,1,
131,32,855,173,28,16,1,5,1,
132,7,893,358,22,14,1,5,1,
132,8,760,138,16,17,1,5,1,
132,12,863,253,14,10,1,5,1,
132,14,946,298,13,12,1,5,1,
132,16,861,251,39,15,1,5,1,
132,20,844,262,13,9,1,5,1,
132,25,816,238,21,13,1,5,1,
132,26,928,204,17,9,1,5,1,
132,29,786,180,20,14,1,5,1,
132,32,853,174,28,16,1,5,1,
133,7,892,357,22,15,1,5,1,
133,8,761,139,13,17,1,5,1,
133,12,864,253,14,10,1,5,1,
133,14,943,297,16,12,1,5,1,
133,16,859,251,38,15,1,5,1,
133,20,843,262,14,9,1,5,1,
133,25,816,239,20,12,1,5,1,
133,26,926,204,17,10,1,5,1,
133,29,784,181,20,13,1,5,1,
133,32,851,175,27,15,1,5,1,
134,7,891,356,22,15,1,5,1,
134,8,761,140,13,16,1,5,1,
134,12,865,253,13,10,1,5,1,
134,14,940,296,19,12,1,5,1,
134,16,857,251,37,15,1,5,1,
134,20,843,262,13,9,1,5,1,
134,25,815,239,20,13,1,5,1,
134,26,925,205,17,9,1,5,1,
134,29,783,182,19,13,1,5,1,
134,32,850,175,26,16,1,5,1,
135,7,890,355,23,15,1,5,1,
135,8,761,141,13,16,1,5,1,
135,12,865,253,13,10,1,5,1,
135,14,938,296,21,12,1,5,1,
135,16,854,251,38,15,1,5,1,
135,20,842,262,13,9,1,5,1,
135,25,814,239,20,13,1,5,1,
135,26,924,206,16,9,1,5,1,
135,29,781,182,20,13,1,5,1,
135,32,848,176,26,15,1,5,1,
136,7,889,355,23,14,1,5,1,
136,8,761,142,13,16,1,5,1,
136,12,866,253,12,10,1,5,1,
136,14,935,295,24,12,1,5,1,
136,16,852,251,37,15,1,5,1,
136,20,841,262,14,9,1,5,1,
136,25,813,239,20,13,1,5,1,
136,26,922,206,16,9,1,5,1,
136,29,780,183,19,13,1,5,1,
136,32,846,177,26,15,1,5,1,
137,3,947,210,13,11,1,5,1,
137,7,888,354,23,14,1,5,1,
137,8,761,143,13,16,1,5,1,
137,12,866,253,13,10,1,5,1,
137,14,933,295,26,12,1,5,1,
137,16,850,252,36,14,1,5,1,
137,20,841,262,13,9,1,5,1,
137,25,813,240,19,12,1,5,1,
137,26,920,207,17,9,1,5,1,
137,29,778,184,19,12,1,5,1,
137,32,844,178,26,15,1,5,1,
138,3,943,210,16,12,1,5,1,
138,7,887,353,24,14,1,5,1,
138,8,761,144,13,16,1,5,1,
138,12,866,253,13,9,1,5,1,
138,14,931,295,27,11,1,5,1,
138,16,848,252,36,14,1,5,1,
138,20,840,262,13,9,1,5,1,
138,25,812,240,19,12,1,5,1,
138,26,918,207,17,9,1,5,1,
138,29,777,184,19,13,1,5,1,
139,3,939,209,20,13,1,5,1,
139,7,886,353,24,14,1,5,1,
139,8,761,145,13,15,1,5,1,
139,12,866,253,12,9,1,5,1,
139,14,929,294,26,12,1,5,1,
139,16,846,252,35,14,1,5,1,
139,20,839,262,13,9,1,5,1,
139,25,811,240,20,13,1,5,1,
139,26,917,208,17,9,1,5,1,
139,29,775,185,20,12,1,5,1,
140,3,936,209,23,14,1,5,1,
140,7,885,352,24,14,1,5,1,
140,8,761,146,12,15,1,5,1,
140,12,865,254,13,9,1,5,1,
140,14,928,294,25,12,1,5,1,
140,16,844,252,35,14,1,5,1,
140,20,838,262,13,9,1,5,1,
140,25,810,240,20,13,1,5,1,
140,26,915,209,17,8,1,5,1,
140,29,773,186,20,12,1,5,1,
141,3,932,209,27,14,1,5,1,
141,7,884,351,24,14,1,5,1,
141,8,761,146,12,16,1,5,1,
141,12,865,254,13,9,1,5,1,
141,14,926,294,24,11,1,5,1,
141,16,842,252,34,14,1,5,1,
141,20,838,262,13,9,1,5,1,
141,25,809,241,20,12,1,5,1,
141,26,913,209,17,8,1,5,1,
142,3,928,210,31,14,1,5,1,
142,7,883,351,24,13,1,5,1,
142,12,865,254,12,9,1,5,1,
142,14,926,294,22,11,1,5,1,
142,16,841,252,33,14,1,5,1,
142,20,837,262,13,9,1,5,1,
142,25,808,241,20,12,1,5,1,
142,26,911,210,18,8,1,5,1,
143,3,925,210,34,14,1,5,1,
143,7,882,350,24,14,1,5,1,
143,12,865,254,12,9,1,5,1,
143,14,926,294,20,11,1,5,1,
143,16,839,253,33,13,1,5,1,
143,20,836,262,13,9,1,5,1,
143,25,807,241,20,12,1,5,1,
143,26,910,210,17,8,1,5,1,
144,3,922,211,37,14,1,5,1,
144,7,881,350,24,13,1,5,1,
144,12,865,254,12,9,1,5,1,
144,14,923,294,21,11,1,5,1,
144,16,837,253,32,13,1,5,1,
144,20,836,262,12,9,1,5,1,
144,25,806,241,20,12,1,5,1,
144,26,908,211,18,8,1,5,1,
145,3,918,211,41,14,1,5,1,
145,7,880,349,24,13,1,5,1,
145,12,865,254,12,9,1,5,1,
145,14,921,293,23,11,1,5,1,
145,16,835,253,32,13,1,5,1,
145,20,835,262,13,9,1,5,1,
145,25,806,242,19,11,1,5,1,
145,26,905,211,19,8,1,5,1,
146,3,915,212,44,13,1,5,1,
146,7,879,348,24,14,1,5,1,
146,12,865,254,12,9,1,5,1,
146,14,921,293,22,11,1,5,1,
146,16,835,253,29,13,1,5,1,
146,20,834,263,13,8,1,5,1,
146,25,805,242,19,11,1,5,1,
146,26,902,212,21,7,1,5,1,
147,3,915,212,44,14,1,5,1,
147,7,878,348,24,13,1,5,1,
147,12,865,255,12,8,1,5,1,
147,14,921,293,20,11,1,5,1,
147,16,834,253,28,13,1,5,1,
147,20,834,263,12,8,1,5,1,
147,25,804,242,19,12,1,5,1,
147,26,900,212,21,8,1,5,1,
148,3,914,212,44,14,1,5,1,
148,7,877,347,23,13,1,5,1,
148,12,866,255,12,8,1,5,1,
148,14,918,293,21,11,1,5,1,
148,16,832,253,27,13,1,5,1,
148,20,833,263,12,8,1,5,1,
148,25,803,242,19,12,1,5,1,
148,26,898,212,21,8,1,5,1,
149,3,912,212,41,15,1,5,1,
149,7,876,347,23,13,1,5,1,
149,12,866,255,12,9,1,5,1,
149,14,916,293,23,10,1,5,1,
149,16,831,253,25,13,1,5,1,
149,20,832,263,13,8,1,5,1,
149,25,802,242,19,12,1,5,1,
149,26,896,213,20,7,1,5,1,
150,3,909,213,41,14,1,5,1,
150,7,875,346,23,13,1,5,1,
150,12,867,255,11,9,1,5,1,
150,14,914,292,24,11,1,5,1,
150,16,830,254,25,12,1,5,1,
150,20,831,263,13,8,1,5,1,
150,25,801,243,19,11,1,5,1,
150,26,894,213,20,8,1,5,1,
