1,1,303,410,43,19,1,5,1,
1,2,798,117,151,46,1,5,1,
1,3,188,157,65,30,1,5,1,
1,4,525,177,64,19,1,5,1,
1,5,382,353,12,15,1,5,1,
1,6,168,495,52,15,1,5,1,
1,7,0,59,52,21,1,5,1,
1,8,194,393,59,32,1,5,1,
1,9,0,131,126,43,1,5,1,
1,10,720,159,30,18,1,5,1,
1,11,734,266,58,12,1,5,1,
1,12,128,368,46,11,1,5,1,
1,14,620,145,89,35,1,5,1,
1,15,445,122,159,42,1,5,1,
1,16,279,36,68,28,1,5,1,
1,17,601,487,126,35,1,5,1,
1,19,843,404,68,28,1,5,1,
1,20,204,248,26,13,1,5,1,
1,21,315,108,59,19,1,5,1,
1,22,52,230,39,24,1,5,1,
1,23,402,169,98,38,1,5,1,
1,24,809,41,15,22,1,5,1,
1,26,298,320,38,9,1,5,1,
1,27,438,173,15,18,1,5,1,
1,28,506,451,41,14,1,5,1,
1,29,227,11,35,36,1,5,1,
1,30,398,37,58,65,1,5,1,
1,31,741,409,32,10,1,5,1,
1,32,892,200,65,13,1,5,1,
1,33,447,-18,31,37,1,5,1,
1,34,51,396,139,65,1,5,1,
1,35,939,437,20,20,1,5,1,
1,36,0,458,58,46,1,5,1,
1,37,546,330,87,21,1,5,1,
1,38,638,127,70,17,1,5,1,
1,39,296,272,33,29,1,5,1,
2,1,295,409,49,19,1,5,1,
2,2,802,111,157,49,1,5,1,
2,3,191,159,69,29,1,5,1,
2,4,534,178,60,18,1,5,1,
2,5,382,354,11,14,1,5,1,
2,6,162,495,54,15,1,5,1,
2,7,0,58,60,24,1,5,1,
2,8,207,390,47,31,1,5,1,
2,9,0,129,139,47,1,5,1,
2,10,711,158,39,18,1,5,1,
2,11,729,266,56,12,1,5,1,
2,12,121,368,48,12,1,5,1,
2,14,617,146,81,36,1,5,1,
2,15,452,122,166,42,1,5,1,
2,16,285,38,69,28,1,5,1,
2,17,592,485,131,34,1,5,1,
2,19,841,402,57,27,1,5,1,
2,20,198,248,32,13,1,5,1,
2,21,323,109,58,19,1,5,1,
2,22,53,229,36,26,1,5,1,
2,23,396,168,89,43,1,5,1,
2,24,809,43,14,22,1,5,1,
2,26,291,320,41,9,1,5,1,
2,27,438,174,14,18,1,5,1,
2,28,512,451,38,13,1,5,1,
2,29,226,12,29,39,1,5,1,
2,30,397,39,47,69,1,5,1,
2,31,734,409,37,9,1,5,1,
2,32,901,200,58,13,1,5,1,
2,33,446,-21,37,37,1,5,1,
2,34,40,397,137,72,1,5,1,
2,35,938,436,21,20,1,5,1,
2,36,0,452,72,46,1,5,1,
2,37,540,329,85,22,1,5,1,
2,38,643,126,71,17,1,5,1,
2,39,295,272,34,30,1,5,1,
3,1,287,408,54,19,1,5,1,
3,2,807,106,153,52,1,5,1,
3,3,196,161,70,29,1,5,1,
3,4,544,178,55,19,1,5,1,
3,5,382,355,11,14,1,5,1,
3,6,155,494,57,17,1,5,1,
3,7,6,60,62,24,1,5,1,
3,8,221,386,32,30,1,5,1,
3,9,0,128,152,50,1,5,1,
3,10,700,158,47,17,1,5,1,
3,11,725,265,53,12,1,5,1,
3,12,113,368,50,14,1,5,1,
3,14,615,147,70,37,1,5,1,
3,15,461,122,171,43,1,5,1,
3,16,292,42,68,26,1,5,1,
3,17,583,481,132,36,1,5,1,
3,18,656,0,38,10,1,5,1,
3,19,832,399,61,27,1,5,1,
3,20,192,248,38,13,1,5,1,
3,21,332,111,56,19,1,5,1,
3,22,55,228,35,29,1,5,1,
3,23,392,168,77,48,1,5,1,
3,24,808,44,15,22,1,5,1,
3,25,768,0,56,12,1,5,1,
3,26,285,320,41,10,1,5,1,
3,27,439,175,13,19,1,5,1,
3,28,519,450,34,14,1,5,1,
3,29,224,13,24,43,1,5,1,
3,30,395,42,38,71,1,5,1,
3,31,728,408,39,10,1,5,1,
3,32,911,200,49,13,1,5,1,
3,33,446,-25,44,38,1,5,1,
3,34,31,399,130,78,1,5,1,
3,35,937,435,22,20,1,5,1,
3,36,0,447,87,50,1,5,1,
3,37,534,329,83,21,1,5,1,
3,38,648,126,72,16,1,5,1,
3,39,296,272,35,32,1,5,1,
4,1,278,408,59,18,1,5,1,
4,2,815,100,145,55,1,5,1,
4,3,201,163,72,28,1,5,1,
4,4,554,178,48,20,1,5,1,
4,5,382,356,12,15,1,5,1,
4,6,148,493,59,21,1,5,1,
4,7,15,63,60,23,1,5,1,
4,8,228,384,27,27,1,5,1,
4,9,3,131,161,48,1,5,1,
4,10,689,158,55,18,1,5,1,
4,11,722,265,49,12,1,5,1,
4,12,105,369,51,15,1,5,1,
4,14,613,149,60,37,1,5,1,
4,15,472,121,172,44,1,5,1,
4,16,299,45,68,24,1,5,1,
4,17,574,477,133,40,1,5,1,
4,18,659,0,42,11,1,5,1,
4,19,824,397,64,25,1,5,1,
4,20,186,248,42,13,1,5,1,
4,21,341,112,54,20,1,5,1,
4,22,58,227,34,32,1,5,1,
4,23,390,169,63,51,1,5,1,
4,24,807,46,14,22,1,5,1,
4,25,759,0,64,17,1,5,1,
4,26,279,321,41,9,1,5,1,
4,27,441,177,13,18,1,5,1,
4,28,526,450,29,13,1,5,1,
4,29,223,15,20,46,1,5,1,
4,30,395,46,31,73,1,5,1,
4,31,722,407,41,10,1,5,1,
4,32,920,200,40,13,1,5,1,
4,34,24,402,122,83,1,5,1,
4,35,935,433,24,20,1,5,1,
4,36,0,442,101,56,1,5,1,
4,37,530,328,78,21,1,5,1,
4,38,654,125,71,17,1,5,1,
4,39,298,273,36,32,1,5,1,
5,1,269,408,64,19,1,5,1,
5,2,825,96,135,55,1,5,1,
5,3,206,166,73,27,1,5,1,
5,4,563,179,40,20,1,5,1,
5,5,383,357,12,15,1,5,1,
5,6,141,493,60,24,1,5,1,
5,7,24,65,58,22,1,5,1,
5,8,229,381,26,26,1,5,1,
5,9,19,136,156,44,1,5,1,
5,10,677,159,62,19,1,5,1,
5,11,719,264,45,12,1,5,1,
5,12,97,369,52,16,1,5,1,
5,14,614,151,47,37,1,5,1,
5,15,485,123,171,44,1,5,1,
5,16,306,48,67,23,1,5,1,
5,17,567,472,130,45,1,5,1,
5,18,661,0,46,12,1,5,1,
5,19,817,394,65,25,1,5,1,
5,20,179,248,47,13,1,5,1,
5,21,349,114,53,20,1,5,1,
5,22,61,227,34,35,1,5,1,
5,23,389,172,50,53,1,5,1,
5,24,805,47,18,23,1,5,1,
5,25,751,0,65,22,1,5,1,
5,26,273,321,41,10,1,5,1,
5,27,442,178,14,18,1,5,1,
5,28,533,450,24,13,1,5,1,
5,29,223,18,19,48,1,5,1,
5,30,396,50,30,74,1,5,1,
5,31,716,405,42,11,1,5,1,
5,32,930,200,30,13,1,5,1,
5,34,20,406,110,88,1,5,1,
5,35,930,431,29,21,1,5,1,
5,36,3,437,113,57,1,5,1,
5,37,526,326,73,22,1,5,1,
5,38,660,125,69,17,1,5,1,
5,39,293,274,45,33,1,5,1,
6,1,260,408,67,20,1,5,1,
6,2,837,90,123,57,1,5,1,
6,3,212,169,74,26,1,5,1,
6,4,571,179,33,21,1,5,1,
6,5,383,359,12,13,1,5,1,
6,6,133,494,62,26,1,5,1,
6,7,33,68,55,21,1,5,1,
6,8,233,378,25,26,1,5,1,
6,9,34,141,152,41,1,5,1,
6,10,664,157,67,25,1,5,1,
6,11,718,264,40,12,1,5,1,
6,12,89,371,53,16,1,5,1,
6,14,614,153,37,37,1,5,1,
6,15,498,123,166,45,1,5,1,
6,16,313,52,67,21,1,5,1,
6,17,562,468,124,49,1,5,1,
6,18,666,0,44,14,1,5,1,
6,19,811,392,63,24,1,5,1,
6,20,172,248,51,13,1,5,1,
6,21,357,116,52,19,1,5,1,
6,22,58,227,45,38,1,5,1,
6,23,387,176,39,53,1,5,1,
6,24,802,49,20,23,1,5,1,
6,25,744,0,65,28,1,5,1,
6,26,267,321,41,11,1,5,1,
6,27,442,180,18,17,1,5,1,
6,28,539,449,18,12,1,5,1,
6,29,224,21,19,50,1,5,1,
6,30,399,56,29,73,1,5,1,
6,31,710,403,43,12,1,5,1,
6,32,939,200,21,13,1,5,1,
6,34,18,410,96,92,1,5,1,
6,35,923,430,36,20,1,5,1,
6,36,11,432,120,54,1,5,1,
6,37,524,325,65,21,1,5,1,
6,38,667,125,66,17,1,5,1,
6,39,289,275,61,35,1,5,1,
7,1,250,408,70,22,1,5,1,
7,2,851,87,109,53,1,5,1,
7,3,218,172,75,24,1,5,1,
7,4,576,180,32,21,1,5,1,
7,5,382,360,12,12,1,5,1,
7,6,125,495,63,28,1,5,1,
7,7,42,70,51,20,1,5,1,
7,8,237,375,25,26,1,5,1,
7,9,50,146,147,38,1,5,1,
7,10,652,157,71,29,1,5,1,
7,11,716,264,35,11,1,5,1,
7,12,81,372,54,16,1,5,1,
7,14,613,156,29,35,1,5,1,
7,15,512,123,159,46,1,5,1,
7,16,319,53,66,21,1,5,1,
7,17,557,463,117,52,1,5,1,
7,18,671,0,42,16,1,5,1,
7,19,810,390,53,23,1,5,1,
7,20,164,248,55,14,1,5,1,
7,21,365,117,52,19,1,5,1,
7,22,57,228,55,40,1,5,1,
7,23,385,180,31,53,1,5,1,
7,24,799,51,21,24,1,5,1,
7,25,738,0,64,34,1,5,1,
7,26,261,322,41,10,1,5,1,
7,27,442,181,22,17,1,5,1,
7,28,544,448,13,12,1,5,1,
7,29,227,25,18,52,1,5,1,
7,30,402,63,28,69,1,5,1,
7,31,705,401,43,13,1,5,1,
7,32,947,200,13,13,1,5,1,
7,34,18,415,80,95,1,5,1,
7,35,917,428,42,21,1,5,1,
7,36,22,428,123,51,1,5,1,
7,37,523,324,58,21,1,5,1,
7,38,673,125,63,17,1,5,1,
7,39,287,275,74,38,1,5,1,
8,1,240,407,73,27,1,5,1,
8,2,868,84,92,48,1,5,1,
8,3,225,175,74,22,1,5,1,
8,4,580,182,32,20,1,5,1,
8,5,380,361,13,12,1,5,1,
8,6,118,496,64,31,1,5,1,
8,7,50,73,48,18,1,5,1,
8,8,236,372,34,26,1,5,1,
8,9,64,149,143,35,1,5,1,
8,10,640,158,73,33,1,5,1,
8,11,716,263,29,12,1,5,1,
8,12,73,374,54,15,1,5,1,
8,14,613,159,24,33,1,5,1,
8,15,528,121,148,49,1,5,1,
8,16,325,54,65,22,1,5,1,
8,17,554,458,108,55,1,5,1,
8,18,675,0,41,17,1,5,1,
8,19,807,387,48,23,1,5,1,
8,20,157,248,58,14,1,5,1,
8,21,372,119,53,18,1,5,1,
8,22,57,229,64,42,1,5,1,
8,23,385,184,27,54,1,5,1,
8,24,795,53,23,24,1,5,1,
8,25,733,0,63,39,1,5,1,
8,26,255,322,41,10,1,5,1,
8,27,443,183,26,16,1,5,1,
8,28,546,447,11,13,1,5,1,
8,29,225,30,24,52,1,5,1,
8,30,398,70,38,64,1,5,1,
8,31,700,399,43,14,1,5,1,
8,34,22,420,61,97,1,5,1,
8,35,911,426,48,21,1,5,1,
8,36,33,424,126,47,1,5,1,
8,37,522,323,50,21,1,5,1,
8,38,680,125,58,17,1,5,1,
8,39,285,277,88,39,1,5,1,
9,1,229,408,76,29,1,5,1,
9,2,888,82,72,44,1,5,1,
9,3,232,176,74,22,1,5,1,
9,4,584,183,33,20,1,5,1,
9,5,378,362,12,11,1,5,1,
9,6,110,498,64,33,1,5,1,
9,7,58,75,44,16,1,5,1,
9,8,237,369,42,26,1,5,1,
9,9,75,149,141,37,1,5,1,
9,10,628,161,75,33,1,5,1,
9,11,716,264,25,11,1,5,1,
9,12,65,376,54,15,1,5,1,
9,14,614,162,23,31,1,5,1,
9,15,545,118,135,52,1,5,1,
9,16,330,55,64,23,1,5,1,
9,17,552,454,98,56,1,5,1,
9,18,679,0,41,18,1,5,1,
9,19,804,385,45,22,1,5,1,
9,20,149,248,61,14,1,5,1,
9,21,380,120,52,18,1,5,1,
9,22,59,231,71,44,1,5,1,
9,23,387,189,26,52,1,5,1,
9,24,791,55,24,25,1,5,1,
9,25,729,0,61,44,1,5,1,
9,26,249,322,40,11,1,5,1,
9,27,445,185,30,14,1,5,1,
9,28,547,445,11,15,1,5,1,
9,29,225,35,29,52,1,5,1,
9,30,397,76,47,60,1,5,1,
9,31,695,397,42,15,1,5,1,
9,34,25,427,56,97,1,5,1,
9,35,907,425,52,20,1,5,1,
9,36,45,421,128,43,1,5,1,
9,37,523,322,41,20,1,5,1,
9,38,687,126,53,17,1,5,1,
9,39,285,280,102,38,1,5,1,
10,1,219,409,77,33,1,5,1,
10,3,239,177,72,22,1,5,1,
10,4,587,184,36,19,1,5,1,
10,5,376,362,12,12,1,5,1,
10,6,102,501,64,35,1,5,1,
10,7,66,77,39,15,1,5,1,
10,8,240,366,48,25,1,5,1,
10,9,87,150,139,37,1,5,1,
10,10,616,164,76,34,1,5,1,
10,11,717,264,20,11,1,5,1,
10,12,58,377,52,15,1,5,1,
10,14,616,164,23,30,1,5,1,
10,15,563,116,119,55,1,5,1,
10,16,337,57,62,23,1,5,1,
10,17,552,450,86,56,1,5,1,
10,18,683,0,40,20,1,5,1,
10,19,801,383,41,22,1,5,1,
10,20,142,248,63,14,1,5,1,
10,21,388,122,51,18,1,5,1,
10,22,62,233,78,45,1,5,1,
10,23,389,195,26,49,1,5,1,
10,24,789,58,23,24,1,5,1,
10,25,727,0,58,48,1,5,1,
10,26,244,322,39,11,1,5,1,
10,27,447,186,34,14,1,5,1,
10,28,548,443,11,18,1,5,1,
10,29,225,40,35,52,1,5,1,
10,30,397,83,56,54,1,5,1,
10,31,691,395,40,16,1,5,1,
10,34,23,434,58,95,1,5,1,
10,35,903,423,56,21,1,5,1,
10,36,59,418,128,38,1,5,1,
10,37,524,321,33,20,1,5,1,
10,38,693,125,47,19,1,5,1,
10,39,286,283,117,37,1,5,1,
11,1,208,410,79,36,1,5,1,
11,3,245,178,73,21,1,5,1,
11,4,591,186,37,18,1,5,1,
11,5,375,363,11,13,1,5,1,
11,6,95,504,63,36,1,5,1,
11,7,73,79,35,14,1,5,1,
11,8,243,364,55,24,1,5,1,
11,9,99,152,137,35,1,5,1,
11,10,606,167,74,34,1,5,1,
11,11,715,264,20,11,1,5,1,
11,12,51,378,51,16,1,5,1,
11,14,619,166,22,28,1,5,1,
11,15,581,115,101,58,1,5,1,
11,16,343,58,62,23,1,5,1,
11,17,553,446,73,57,1,5,1,
11,18,686,0,40,21,1,5,1,
11,19,799,382,38,20,1,5,1,
11,20,134,248,65,14,1,5,1,
11,21,396,123,50,18,1,5,1,
11,22,67,235,82,46,1,5,1,
11,23,386,201,32,46,1,5,1,
11,24,786,60,24,24,1,5,1,
11,25,725,0,57,53,1,5,1,
11,26,239,323,37,11,1,5,1,
11,27,451,187,34,14,1,5,1,
11,28,548,441,12,19,1,5,1,
11,29,226,46,41,50,1,5,1,
11,30,398,88,63,50,1,5,1,
11,31,688,393,38,16,1,5,1,
11,34,22,442,59,93,1,5,1,
11,35,899,422,60,22,1,5,1,
11,36,72,416,128,35,1,5,1,
11,37,523,321,27,19,1,5,1,
11,38,698,125,44,20,1,5,1,
11,39,291,285,128,37,1,5,1,
12,1,198,412,79,38,1,5,1,
12,3,252,179,72,21,1,5,1,
12,4,595,187,39,18,1,5,1,
12,5,374,364,12,14,1,5,1,
12,6,88,507,62,36,1,5,1,
12,7,80,80,30,14,1,5,1,
12,8,249,362,59,22,1,5,1,
12,9,112,153,133,35,1,5,1,
12,10,596,171,72,33,1,5,1,
12,11,713,264,21,11,1,5,1,
12,12,44,379,49,17,1,5,1,
12,14,618,169,28,26,1,5,1,
12,15,599,115,81,59,1,5,1,
12,16,349,60,61,22,1,5,1,
12,17,554,442,62,57,1,5,1,
12,18,690,0,39,23,1,5,1,
12,19,797,380,34,20,1,5,1,
12,20,127,248,67,14,1,5,1,
12,21,403,124,50,17,1,5,1,
12,22,73,238,86,46,1,5,1,
12,23,384,207,42,41,1,5,1,
12,24,783,62,24,23,1,5,1,
12,25,724,0,53,57,1,5,1,
12,26,234,323,36,12,1,5,1,
12,27,456,188,34,13,1,5,1,
12,28,547,439,14,18,1,5,1,
12,29,229,52,44,49,1,5,1,
12,30,401,94,69,45,1,5,1,
12,31,684,391,36,15,1,5,1,
12,32,951,203,8,12,1,5,1,
12,34,22,452,60,87,1,5,1,
12,35,895,420,60,22,1,5,1,
12,36,86,415,126,31,1,5,1,
12,37,522,320,21,18,1,5,1,
12,38,701,126,43,21,1,5,1,
12,39,297,286,138,36,1,5,1,
13,1,188,415,79,40,1,5,1,
13,3,259,181,72,20,1,5,1,
13,4,599,188,41,17,1,5,1,
13,5,375,364,12,15,1,5,1,
13,6,85,511,56,33,1,5,1,
13,7,86,81,24,13,1,5,1,
13,8,255,360,64,21,1,5,1,
13,9,124,155,131,34,1,5,1,
13,10,588,174,67,32,1,5,1,
13,11,712,264,20,11,1,5,1,
13,12,38,380,47,17,1,5,1,
13,14,617,171,36,24,1,5,1,
13,15,616,116,61,60,1,5,1,
13,16,355,61,61,22,1,5,1,
13,17,557,438,48,56,1,5,1,
13,18,692,0,40,25,1,5,1,
13,19,795,378,32,20,1,5,1,
13,20,120,247,67,14,1,5,1,
13,21,411,125,49,17,1,5,1,
13,22,79,242,89,44,1,5,1,
13,23,385,212,49,37,1,5,1,
13,24,780,65,24,22,1,5,1,
13,25,725,0,43,60,1,5,1,
13,26,230,324,33,12,1,5,1,
13,27,462,188,31,14,1,5,1,
13,28,546,437,17,18,1,5,1,
13,29,232,58,48,46,1,5,1,
13,30,404,98,75,41,1,5,1,
13,31,681,389,33,15,1,5,1,
13,32,948,203,11,13,1,5,1,
13,34,10,462,75,79,1,5,1,
13,35,891,419,59,21,1,5,1,
13,36,100,414,123,28,1,5,1,
13,37,522,319,19,18,1,5,1,
13,38,705,127,42,20,1,5,1,
13,39,306,286,144,36,1,5,1,
14,1,178,418,79,42,1,5,1,
14,3,267,183,71,19,1,5,1,
14,4,604,189,42,17,1,5,1,
14,5,373,366,15,15,1,5,1,
14,6,79,515,53,29,1,5,1,
14,7,92,82,18,12,1,5,1,
14,8,262,358,67,20,1,5,1,
14,9,136,156,128,33,1,5,1,
14,10,581,178,62,31,1,5,1,
14,11,711,264,18,11,1,5,1,
14,12,33,381,44,18,1,5,1,
14,14,617,173,43,23,1,5,1,
14,15,626,118,53,59,1,5,1,
14,16,361,62,60,22,1,5,1,
14,17,556,435,40,54,1,5,1,
14,18,694,0,41,27,1,5,1,
14,19,793,377,29,19,1,5,1,
14,20,113,247,68,14,1,5,1,
14,21,418,126,49,17,1,5,1,
14,22,87,245,90,44,1,5,1,
14,23,386,216,57,35,1,5,1,
14,24,778,67,23,22,1,5,1,
14,25,726,5,35,57,1,5,1,
14,26,227,324,30,13,1,5,1,
14,27,466,189,31,13,1,5,1,
14,28,543,436,21,17,1,5,1,
14,29,236,64,51,43,1,5,1,
14,30,409,103,79,36,1,5,1,
14,31,679,387,30,14,1,5,1,
14,32,943,203,16,13,1,5,1,
14,34,0,473,101,68,1,5,1,
14,35,887,417,58,21,1,5,1,
14,36,114,413,121,25,1,5,1,
14,37,523,318,19,18,1,5,1,
14,38,708,128,43,20,1,5,1,
14,39,318,285,146,36,1,5,1,
15,1,168,421,79,44,1,5,1,
15,3,274,185,70,18,1,5,1,
15,4,609,190,43,16,1,5,1,
15,5,372,367,20,16,1,5,1,
15,6,73,519,50,25,1,5,1,
15,7,97,82,15,11,1,5,1,
15,8,270,357,70,19,1,5,1,
15,9,150,159,124,31,1,5,1,
15,10,575,181,56,30,1,5,1,
15,11,710,264,17,11,1,5,1,
15,12,29,383,40,18,1,5,1,
15,14,618,174,50,22,1,5,1,
15,15,627,123,59,56,1,5,1,
15,16,367,63,59,22,1,5,1,
15,17,557,432,30,51,1,5,1,
15,18,698,0,41,29,1,5,1,
15,19,791,375,27,19,1,5,1,
15,20,106,247,68,14,1,5,1,
15,21,425,127,48,17,1,5,1,
15,22,96,248,90,44,1,5,1,
15,23,390,220,62,32,1,5,1,
15,24,777,69,19,22,1,5,1,
15,25,725,11,29,53,1,5,1,
15,26,225,325,26,12,1,5,1,
15,27,470,190,31,13,1,5,1,
15,28,543,434,18,17,1,5,1,
15,29,240,70,55,40,1,5,1,
15,30,414,106,84,33,1,5,1,
15,31,677,386,26,13,1,5,1,
15,32,936,204,23,13,1,5,1,
15,34,0,487,121,53,1,5,1,
15,35,883,416,58,20,1,5,1,
15,36,128,412,117,24,1,5,1,
15,37,525,318,18,17,1,5,1,
15,38,712,129,43,20,1,5,1,
15,39,331,284,146,35,1,5,1,
16,1,159,424,77,46,1,5,1,
16,3,282,186,69,16,1,5,1,
16,4,614,191,44,16,1,5,1,
16,5,371,369,26,15,1,5,1,
16,6,69,523,46,21,1,5,1,
16,7,98,81,14,12,1,5,1,
16,8,279,356,71,18,1,5,1,
16,9,164,161,119,29,1,5,1,
16,10,570,184,50,30,1,5,1,
16,11,709,264,16,11,1,5,1,
16,12,25,384,37,18,1,5,1,
16,14,621,175,53,21,1,5,1,
16,15,630,127,63,53,1,5,1,
16,16,373,64,59,22,1,5,1,
16,17,558,429,25,49,1,5,1,
16,18,703,2,39,28,1,5,1,
16,19,791,374,21,18,1,5,1,
16,20,100,246,67,15,1,5,1,
16,21,432,129,48,16,1,5,1,
16,22,105,251,90,43,1,5,1,
16,23,395,224,66,29,1,5,1,
16,24,776,72,16,21,1,5,1,
16,25,725,16,24,49,1,5,1,
16,26,224,326,22,12,1,5,1,
16,27,474,191,31,13,1,5,1,
16,28,542,432,17,17,1,5,1,
16,29,246,75,56,37,1,5,1,
16,30,420,109,87,30,1,5,1,
16,31,676,384,22,12,1,5,1,
16,32,931,205,28,13,1,5,1,
16,34,0,488,132,55,1,5,1,
16,35,879,414,58,21,1,5,1,
16,36,142,411,113,25,1,5,1,
16,37,525,317,22,18,1,5,1,
16,38,715,129,43,20,1,5,1,
16,39,345,283,145,35,1,5,1,
17,1,151,428,74,48,1,5,1,
17,3,288,186,69,17,1,5,1,
17,4,622,191,38,17,1,5,1,
17,5,372,370,32,15,1,5,1,
17,6,65,527,41,17,1,5,1,
17,7,98,80,14,12,1,5,1,
17,8,288,355,73,18,1,5,1,
17,9,178,161,112,29,1,5,1,
17,10,567,188,42,28,1,5,1,
17,11,708,264,15,11,1,5,1,
17,12,23,385,32,19,1,5,1,
17,13,850,0,21,7,1,5,1,
17,14,627,176,52,21,1,5,1,
17,15,629,131,76,50,1,5,1,
17,16,379,66,58,21,1,5,1,
17,17,560,427,25,45,1,5,1,
17,18,707,3,39,29,1,5,1,
17,19,792,373,21,17,1,5,1,
17,20,94,246,65,14,1,5,1,
17,21,439,130,48,16,1,5,1,
17,22,114,255,89,42,1,5,1,
17,23,401,226,70,27,1,5,1,
17,24,775,75,13,20,1,5,1,
17,25,725,20,25,47,1,5,1,
17,26,223,326,18,13,1,5,1,
17,27,479,191,30,13,1,5,1,
17,28,542,430,14,17,1,5,1,
17,29,252,80,57,34,1,5,1,
17,30,426,112,90,27,1,5,1,
17,31,675,383,19,11,1,5,1,
17,32,927,205,32,13,1,5,1,
17,34,8,488,134,55,1,5,1,
17,35,875,413,57,20,1,5,1,
17,36,155,411,109,25,1,5,1,
17,37,523,317,29,17,1,5,1,
17,38,719,130,43,20,1,5,1,
17,39,360,283,143,35,1,5,1,
18,1,143,432,71,49,1,5,1,
18,3,295,187,68,16,1,5,1,
18,4,629,191,32,17,1,5,1,
18,5,375,372,36,14,1,5,1,
18,7,96,79,15,12,1,5,1,
18,8,298,354,73,17,1,5,1,
18,9,191,161,107,28,1,5,1,
18,10,565,191,35,26,1,5,1,
18,11,707,265,15,10,1,5,1,
18,12,22,387,26,19,1,5,1,
18,13,854,0,21,8,1,5,1,
18,14,632,177,52,20,1,5,1,
18,15,630,135,88,47,1,5,1,
18,16,384,67,58,21,1,5,1,
18,17,564,425,23,41,1,5,1,
18,18,711,5,38,29,1,5,1,
18,19,794,372,21,17,1,5,1,
18,20,89,245,62,15,1,5,1,
18,21,446,130,47,17,1,5,1,
18,22,124,258,87,41,1,5,1,
18,23,407,228,73,24,1,5,1,
18,24,774,77,12,19,1,5,1,
18,25,725,24,27,45,1,5,1,
18,26,223,327,14,13,1,5,1,
18,27,483,192,30,13,1,5,1,
18,28,541,429,13,16,1,5,1,
18,29,258,85,58,30,1,5,1,
18,30,433,114,92,25,1,5,1,
18,31,675,382,15,10,1,5,1,
18,32,923,205,37,14,1,5,1,
18,34,18,489,132,54,1,5,1,
18,35,871,412,57,19,1,5,1,
18,36,168,411,104,25,1,5,1,
18,37,523,316,34,17,1,5,1,
18,38,723,131,42,19,1,5,1,
18,39,374,283,141,34,1,5,1,
19,1,137,436,66,51,1,5,1,
19,3,301,187,68,16,1,5,1,
19,4,636,192,26,17,1,5,1,
19,5,378,373,41,13,1,5,1,
19,7,94,78,18,12,1,5,1,
19,8,307,353,74,17,1,5,1,
19,9,200,159,104,29,1,5,1,
19,10,564,194,28,25,1,5,1,
19,11,707,265,13,10,1,5,1,
19,12,22,388,19,20,1,5,1,
19,13,858,0,21,10,1,5,1,
19,14,637,178,52,20,1,5,1,
19,15,637,137,88,46,1,5,1,
19,16,390,68,57,21,1,5,1,
19,17,561,423,32,38,1,5,1,
19,18,715,6,39,28,1,5,1,
19,19,797,371,20,17,1,5,1,
19,20,84,245,59,15,1,5,1,
19,21,453,131,46,16,1,5,1,
19,22,133,262,85,38,1,5,1,
19,23,415,229,75,23,1,5,1,
19,24,772,78,13,20,1,5,1,
19,25,724,28,27,43,1,5,1,
19,26,223,328,13,13,1,5,1,
19,27,487,193,30,12,1,5,1,
19,28,542,427,10,16,1,5,1,
19,29,265,89,58,27,1,5,1,
19,30,442,114,90,26,1,5,1,
19,31,674,381,12,10,1,5,1,
19,32,919,206,37,14,1,5,1,
19,34,28,491,131,52,1,5,1,
19,35,868,410,55,20,1,5,1,
19,36,180,412,99,25,1,5,1,
19,37,525,316,38,17,1,5,1,
19,38,726,131,42,20,1,5,1,
19,39,388,283,140,35,1,5,1,
20,1,132,441,60,52,1,5,1,
20,3,308,187,67,16,1,5,1,
20,4,643,192,18,18,1,5,1,
20,5,382,373,45,14,1,5,1,
20,7,89,76,24,12,1,5,1,
20,8,317,353,74,16,1,5,1,
20,9,208,157,103,29,1,5,1,
20,10,563,196,21,25,1,5,1,
20,11,707,265,12,10,1,5,1,
20,12,20,390,18,19,1,5,1,
20,13,862,0,21,11,1,5,1,
20,14,642,178,52,20,1,5,1,
20,15,645,139,86,45,1,5,1,
20,16,395,70,57,20,1,5,1,
20,17,558,422,41,33,1,5,1,
20,18,720,8,34,29,1,5,1,
20,19,801,371,18,16,1,5,1,
20,20,80,245,55,15,1,5,1,
20,21,460,132,46,16,1,5,1,
20,22,140,266,84,34,1,5,1,
20,23,422,229,79,23,1,5,1,
20,24,771,80,13,19,1,5,1,
20,25,722,31,27,42,1,5,1,
20,26,223,328,13,13,1,5,1,
20,27,491,193,29,13,1,5,1,
20,28,542,426,10,15,1,5,1,
20,29,272,93,57,24,1,5,1,
20,30,451,115,89,25,1,5,1,
20,31,674,380,10,9,1,5,1,
20,32,918,207,31,13,1,5,1,
20,34,37,492,129,51,1,5,1,
20,35,864,409,55,19,1,5,1,
20,36,193,413,92,25,1,5,1,
20,37,527,316,42,16,1,5,1,
20,38,730,132,40,20,1,5,1,
20,39,402,283,138,35,1,5,1,
21,1,128,445,54,53,1,5,1,
21,3,314,187,67,16,1,5,1,
21,4,645,193,18,18,1,5,1,
21,5,387,373,48,14,1,5,1,
21,7,84,72,29,16,1,5,1,
21,8,328,352,72,17,1,5,1,
21,9,216,156,102,29,1,5,1,
21,10,562,199,16,24,1,5,1,
21,11,706,265,12,10,1,5,1,
21,12,18,392,18,19,1,5,1,
21,13,863,0,23,13,1,5,1,
21,14,647,179,52,20,1,5,1,
21,15,653,141,85,43,1,5,1,
21,16,401,71,56,20,1,5,1,
21,17,556,420,50,30,1,5,1,
21,18,724,10,32,29,1,5,1,
21,19,804,370,17,16,1,5,1,
21,20,78,244,50,16,1,5,1,
21,21,467,133,45,16,1,5,1,
21,22,147,269,84,30,1,5,1,
21,23,431,231,75,22,1,5,1,
21,24,769,82,14,19,1,5,1,
21,25,720,34,25,41,1,5,1,
21,26,223,329,14,13,1,5,1,
21,27,496,194,28,12,1,5,1,
21,28,543,424,9,15,1,5,1,
21,29,279,97,57,21,1,5,1,
21,30,459,115,88,26,1,5,1,
21,31,673,379,10,9,1,5,1,
21,32,918,207,25,14,1,5,1,
21,34,46,495,124,49,1,5,1,
21,35,860,408,55,18,1,5,1,
21,36,204,414,87,25,1,5,1,
21,37,530,316,46,16,1,5,1,
21,38,733,133,40,20,1,5,1,
21,39,416,283,135,34,1,5,1,
22,1,126,450,46,53,1,5,1,
22,3,320,187,67,16,1,5,1,
22,4,647,194,19,17,1,5,1,
22,5,393,374,51,13,1,5,1,
22,7,82,70,28,16,1,5,1,
22,8,338,352,71,17,1,5,1,
22,9,223,156,103,28,1,5,1,
22,10,562,202,16,22,1,5,1,
22,11,705,264,13,10,1,5,1,
22,12,16,393,19,20,1,5,1,
22,13,864,0,26,15,1,5,1,
22,14,652,180,52,19,1,5,1,
22,15,661,143,83,42,1,5,1,
22,16,406,72,56,20,1,5,1,
22,17,556,420,58,26,1,5,1,
22,18,727,12,31,29,1,5,1,
22,19,805,369,18,15,1,5,1,
22,20,76,244,44,16,1,5,1,
22,21,474,134,44,16,1,5,1,
22,22,153,272,84,26,1,5,1,
22,23,439,232,73,22,1,5,1,
22,24,768,84,13,18,1,5,1,
22,25,718,37,22,41,1,5,1,
22,26,223,330,14,13,1,5,1,
22,27,500,195,27,12,1,5,1,
22,28,543,423,10,14,1,5,1,
22,29,287,100,54,19,1,5,1,
22,30,467,116,88,25,1,5,1,
22,31,673,378,10,9,1,5,1,
22,32,917,208,20,13,1,5,1,
22,34,55,497,123,47,1,5,1,
22,35,856,407,55,18,1,5,1,
22,36,215,414,84,25,1,5,1,
22,37,533,316,49,16,1,5,1,
22,38,736,134,41,19,1,5,1,
22,39,430,282,133,34,1,5,1,
23,1,125,455,37,53,1,5,1,
23,3,326,187,66,16,1,5,1,
23,4,650,195,18,17,1,5,1,
23,5,400,374,51,14,1,5,1,
23,7,80,67,26,17,1,5,1,
23,8,348,352,70,17,1,5,1,
23,9,231,155,103,29,1,5,1,
23,10,563,204,15,21,1,5,1,
23,11,704,264,12,10,1,5,1,
23,12,14,395,19,20,1,5,1,
23,13,869,0,23,16,1,5,1,
23,14,657,180,52,20,1,5,1,
23,15,669,144,80,42,1,5,1,
23,16,412,73,55,20,1,5,1,
23,17,556,420,66,24,1,5,1,
23,18,730,14,30,29,1,5,1,
23,19,807,368,17,15,1,5,1,
23,20,75,244,38,15,1,5,1,
23,21,481,135,43,15,1,5,1,
23,22,160,275,83,23,1,5,1,
23,23,447,232,72,22,1,5,1,
23,24,766,86,14,18,1,5,1,
23,25,717,41,20,39,1,5,1,
23,26,223,331,14,13,1,5,1,
23,27,503,195,28,12,1,5,1,
23,28,543,421,10,15,1,5,1,
23,29,294,103,53,16,1,5,1,
23,30,475,117,87,25,1,5,1,
23,31,672,377,10,9,1,5,1,
23,32,916,209,18,12,1,5,1,
23,33,588,0,30,10,1,5,1,
23,34,63,499,121,45,1,5,1,
23,35,852,406,54,17,1,5,1,
23,36,226,412,81,28,1,5,1,
23,37,537,316,52,16,1,5,1,
23,38,739,135,41,19,1,5,1,
23,39,443,282,131,34,1,5,1,
24,1,127,461,28,52,1,5,1,
24,3,332,187,66,16,1,5,1,
24,4,652,196,19,17,1,5,1,
24,5,407,374,52,14,1,5,1,
24,7,79,65,23,16,1,5,1,
24,8,358,352,68,18,1,5,1,
24,9,239,155,103,29,1,5,1,
24,10,566,207,14,20,1,5,1,
24,11,703,264,12,10,1,5,1,
24,12,12,397,19,20,1,5,1,
24,13,873,0,21,18,1,5,1,
24,14,663,181,51,19,1,5,1,
24,15,676,146,79,41,1,5,1,
24,16,417,75,55,19,1,5,1,
24,17,558,420,73,23,1,5,1,
24,18,733,16,30,29,1,5,1,
24,19,808,367,17,15,1,5,1,
24,20,75,243,30,16,1,5,1,
24,21,487,136,43,15,1,5,1,
24,22,167,277,81,20,1,5,1,
24,23,455,233,71,21,1,5,1,
24,24,764,87,14,18,1,5,1,
24,25,716,44,20,38,1,5,1,
24,26,223,331,14,15,1,5,1,
24,27,507,196,27,12,1,5,1,
24,28,544,420,9,14,1,5,1,
24,29,301,105,51,14,1,5,1,
24,30,483,118,87,24,1,5,1,
24,31,672,376,9,9,1,5,1,
24,32,915,210,17,12,1,5,1,
24,33,593,0,30,12,1,5,1,
24,34,72,502,120,42,1,5,1,
24,35,849,404,53,18,1,5,1,
24,36,237,411,77,30,1,5,1,
24,37,542,316,53,16,1,5,1,
24,38,743,136,39,19,1,5,1,
24,39,456,282,129,33,1,5,1,
25,1,126,466,28,51,1,5,1,
25,3,337,187,66,16,1,5,1,
25,4,654,197,19,16,1,5,1,
25,5,414,375,52,14,1,5,1,
25,7,79,63,19,16,1,5,1,
25,8,368,353,66,18,1,5,1,
25,9,247,154,103,29,1,5,1,
25,10,565,209,19,19,1,5,1,
25,11,702,264,12,10,1,5,1,
25,12,10,398,20,21,1,5,1,
25,13,875,0,22,20,1,5,1,
25,14,668,182,51,18,1,5,1,
25,15,686,147,71,41,1,5,1,
25,16,422,76,54,19,1,5,1,
25,17,560,420,79,22,1,5,1,
25,18,736,18,29,29,1,5,1,
25,19,809,366,17,15,1,5,1,
25,20,75,243,23,15,1,5,1,
25,21,494,137,42,15,1,5,1,
25,22,174,277,79,20,1,5,1,
25,23,463,233,69,22,1,5,1,
25,24,762,89,15,18,1,5,1,
25,25,716,48,19,36,1,5,1,
25,26,222,332,14,15,1,5,1,
25,27,512,197,25,11,1,5,1,
25,28,544,418,10,14,1,5,1,
25,29,309,104,47,14,1,5,1,
25,30,491,118,86,25,1,5,1,
25,31,671,375,10,9,1,5,1,
25,32,914,210,17,12,1,5,1,
25,33,596,0,31,14,1,5,1,
25,34,81,504,120,40,1,5,1,
25,35,845,403,53,17,1,5,1,
25,36,246,412,76,30,1,5,1,
25,37,547,316,53,15,1,5,1,
25,38,746,137,39,18,1,5,1,
25,39,469,282,127,33,1,5,1,
26,1,126,471,29,50,1,5,1,
26,3,342,186,66,17,1,5,1,
26,4,657,198,19,16,1,5,1,
26,5,421,375,53,15,1,5,1,
26,7,78,61,17,15,1,5,1,
26,8,377,353,65,18,1,5,1,
26,9,254,154,104,29,1,5,1,
26,10,565,211,25,19,1,5,1,
26,11,701,265,12,10,1,5,1,
26,12,9,401,19,20,1,5,1,
26,13,875,0,25,21,1,5,1,
26,14,673,182,50,19,1,5,1,
26,15,693,148,68,41,1,5,1,
26,16,428,77,53,19,1,5,1,
26,17,567,419,78,23,1,5,1,
26,18,738,21,29,27,1,5,1,
26,19,811,365,17,14,1,5,1,
26,20,74,242,22,16,1,5,1,
26,21,500,138,41,15,1,5,1,
26,22,181,277,76,20,1,5,1,
26,23,471,234,67,21,1,5,1,
26,24,761,91,14,17,1,5,1,
26,25,717,52,18,34,1,5,1,
26,26,220,333,14,15,1,5,1,
26,27,515,197,25,12,1,5,1,
26,28,544,417,10,14,1,5,1,
26,29,316,103,44,14,1,5,1,
26,30,499,119,85,24,1,5,1,
26,31,671,374,9,9,1,5,1,
26,32,913,211,17,12,1,5,1,
26,33,599,0,32,16,1,5,1,
26,34,88,508,126,36,1,5,1,
26,35,841,402,53,17,1,5,1,
26,36,253,413,78,31,1,5,1,
26,37,553,315,51,16,1,5,1,
26,38,749,138,39,18,1,5,1,
26,39,482,282,125,33,1,5,1,
27,1,127,477,30,47,1,5,1,
27,3,348,186,65,17,1,5,1,
27,4,659,199,19,16,1,5,1,
27,5,428,376,54,14,1,5,1,
27,7,77,58,16,16,1,5,1,
27,8,385,354,66,18,1,5,1,
27,9,262,153,104,30,1,5,1,
27,10,566,213,30,18,1,5,1,
27,11,701,265,11,10,1,5,1,
27,12,7,402,20,20,1,5,1,
27,13,878,0,25,23,1,5,1,
27,14,678,183,49,18,1,5,1,
27,15,700,150,66,40,1,5,1,
27,16,433,78,52,19,1,5,1,
27,17,574,419,77,22,1,5,1,
27,18,741,23,29,27,1,5,1,
27,19,812,364,17,14,1,5,1,
27,20,73,242,22,16,1,5,1,
27,21,506,138,41,16,1,5,1,
27,22,188,277,72,20,1,5,1,
27,23,478,234,66,21,1,5,1,
27,24,759,92,15,18,1,5,1,
27,25,717,56,20,32,1,5,1,
27,26,216,334,17,15,1,5,1,
27,27,519,198,24,11,1,5,1,
27,28,544,415,10,14,1,5,1,
27,29,321,102,44,14,1,5,1,
27,30,507,119,84,25,1,5,1,
27,31,670,373,9,9,1,5,1,
27,32,911,211,18,12,1,5,1,
27,33,601,0,34,18,1,5,1,
27,34,95,512,133,32,1,5,1,
27,35,838,401,52,17,1,5,1,
27,36,260,415,80,32,1,5,1,
27,37,558,315,50,16,1,5,1,
27,38,752,139,39,18,1,5,1,
27,39,495,282,123,32,1,5,1,
28,1,125,482,36,45,1,5,1,
28,3,354,186,65,18,1,5,1,
28,4,662,200,19,15,1,5,1,
28,5,436,376,54,15,1,5,1,
28,7,76,56,16,16,1,5,1,
28,8,393,354,68,19,1,5,1,
28,9,269,153,106,29,1,5,1,
28,10,569,214,34,18,1,5,1,
28,11,701,266,10,10,1,5,1,
28,12,6,404,20,21,1,5,1,
28,13,880,3,26,22,1,5,1,
28,14,684,183,47,19,1,5,1,
28,15,706,152,65,39,1,5,1,
28,16,438,79,52,19,1,5,1,
28,17,581,418,76,22,1,5,1,
28,18,743,25,29,27,1,5,1,
28,19,813,363,17,14,1,5,1,
28,20,71,241,23,16,1,5,1,
28,21,512,139,41,15,1,5,1,
28,22,195,278,68,20,1,5,1,
28,23,486,235,64,20,1,5,1,
28,24,757,94,15,17,1,5,1,
28,25,714,60,27,29,1,5,1,
28,26,213,335,18,16,1,5,1,
28,27,522,198,23,12,1,5,1,
28,28,544,414,10,13,1,5,1,
28,29,325,101,45,14,1,5,1,
28,30,515,120,82,24,1,5,1,
28,31,669,372,10,9,1,5,1,
28,32,910,212,18,12,1,5,1,
28,33,604,0,35,19,1,5,1,
28,34,102,516,140,28,1,5,1,
28,35,834,400,52,16,1,5,1,
28,36,267,417,82,32,1,5,1,
28,37,563,315,50,15,1,5,1,
28,38,755,139,39,18,1,5,1,
28,39,507,282,122,32,1,5,1,
29,1,125,486,39,45,1,5,1,
29,3,360,187,64,17,1,5,1,
29,4,664,201,19,15,1,5,1,
29,5,443,377,54,14,1,5,1,
29,7,75,53,16,16,1,5,1,
29,8,402,355,68,19,1,5,1,
29,9,280,152,100,29,1,5,1,
29,10,572,216,38,17,1,5,1,
29,11,701,266,10,10,1,5,1,
29,12,5,406,20,21,1,5,1,
29,13,883,5,26,22,1,5,1,
29,14,689,184,46,18,1,5,1,
29,15,711,153,64,39,1,5,1,
29,16,443,80,51,19,1,5,1,
29,17,587,417,76,22,1,5,1,
29,18,746,27,29,26,1,5,1,
29,19,814,362,17,14,1,5,1,
29,20,69,241,24,16,1,5,1,
29,21,518,140,40,15,1,5,1,
29,22,202,278,62,20,1,5,1,
29,23,493,235,63,21,1,5,1,
29,24,755,95,15,17,1,5,1,
29,25,713,64,34,26,1,5,1,
29,26,209,336,20,16,1,5,1,
29,27,525,199,24,11,1,5,1,
29,28,544,412,9,14,1,5,1,
29,29,329,100,46,14,1,5,1,
29,30,522,120,82,25,1,5,1,
29,31,669,371,9,9,1,5,1,
29,32,909,212,17,12,1,5,1,
29,33,606,0,37,21,1,5,1,
29,35,830,399,52,16,1,5,1,
29,36,274,418,84,33,1,5,1,
29,37,569,314,49,16,1,5,1,
29,38,758,140,39,18,1,5,1,
29,39,519,281,120,32,1,5,1,
30,1,127,490,40,45,1,5,1,
30,3,366,187,63,17,1,5,1,
30,4,667,201,19,15,1,5,1,
30,5,450,377,55,15,1,5,1,
30,7,74,51,17,16,1,5,1,
30,8,410,356,69,18,1,5,1,
30,9,291,150,94,30,1,5,1,
30,10,576,218,42,15,1,5,1,
30,11,701,266,10,10,1,5,1,
30,12,3,408,20,21,1,5,1,
30,13,886,7,26,21,1,5,1,
30,14,694,184,45,19,1,5,1,
30,15,717,155,63,38,1,5,1,
30,16,448,81,50,19,1,5,1,
30,17,593,417,76,22,1,5,1,
30,18,748,29,29,26,1,5,1,
30,19,815,361,17,14,1,5,1,
30,20,68,240,23,17,1,5,1,
30,21,524,141,39,15,1,5,1,
30,22,208,278,57,21,1,5,1,
30,23,500,236,61,20,1,5,1,
30,24,753,97,16,17,1,5,1,
30,25,712,67,40,24,1,5,1,
30,26,206,337,20,16,1,5,1,
30,27,529,200,22,11,1,5,1,
30,28,543,411,12,13,1,5,1,
30,29,333,100,47,14,1,5,1,
30,30,530,121,81,24,1,5,1,
30,31,668,370,10,9,1,5,1,
30,32,907,213,18,12,1,5,1,
30,33,608,0,39,23,1,5,1,
30,35,827,398,51,16,1,5,1,
30,36,279,421,93,31,1,5,1,
30,37,574,314,48,15,1,5,1,
30,38,761,141,39,17,1,5,1,
30,39,529,282,125,32,1,5,1,
31,1,129,493,42,47,1,5,1,
31,3,371,187,63,18,1,5,1,
31,4,669,202,19,15,1,5,1,
31,5,458,378,55,14,1,5,1,
31,7,73,48,17,17,1,5,1,
31,8,419,356,70,19,1,5,1,
31,9,302,149,86,29,1,5,1,
31,10,581,219,45,15,1,5,1,
31,11,701,266,10,10,1,5,1,
31,12,1,409,21,22,1,5,1,
31,13,889,9,26,21,1,5,1,
31,14,698,185,45,18,1,5,1,
31,15,723,156,62,38,1,5,1,
31,16,453,82,49,19,1,5,1,
31,17,600,416,74,22,1,5,1,
31,18,751,31,29,25,1,5,1,
31,19,816,360,17,14,1,5,1,
31,20,66,240,24,17,1,5,1,
31,21,530,142,38,15,1,5,1,
31,22,216,278,51,21,1,5,1,
31,23,507,236,59,20,1,5,1,
31,24,750,98,18,17,1,5,1,
31,25,712,71,47,21,1,5,1,
31,26,202,338,22,17,1,5,1,
31,27,532,200,22,11,1,5,1,
31,28,542,410,14,13,1,5,1,
31,29,337,99,48,14,1,5,1,
31,30,537,122,81,24,1,5,1,
31,31,667,369,11,9,1,5,1,
31,32,906,214,18,11,1,5,1,
31,33,610,0,41,25,1,5,1,
31,35,823,397,51,15,1,5,1,
31,36,285,423,102,29,1,5,1,
31,37,579,314,47,15,1,5,1,
31,38,762,142,44,17,1,5,1,
31,39,540,283,128,32,1,5,1,
32,1,131,497,44,46,1,5,1,
32,3,377,189,63,17,1,5,1,
32,4,672,203,19,14,1,5,1,
32,5,466,378,55,15,1,5,1,
32,7,73,45,17,18,1,5,1,
32,8,427,358,71,19,1,5,1,
32,9,308,148,87,29,1,5,1,
32,10,587,220,48,14,1,5,1,
32,11,700,266,11,9,1,5,1,
32,12,0,411,21,22,1,5,1,
32,13,892,11,27,20,1,5,1,
32,14,704,185,40,19,1,5,1,
32,15,728,158,61,37,1,5,1,
32,16,457,83,49,19,1,5,1,
32,17,606,415,74,22,1,5,1,
32,18,753,33,30,25,1,5,1,
32,19,817,359,16,14,1,5,1,
32,20,64,239,25,17,1,5,1,
32,21,536,143,38,14,1,5,1,
32,22,222,278,43,22,1,5,1,
32,23,513,236,59,20,1,5,1,
32,24,747,99,21,17,1,5,1,
32,25,714,74,51,19,1,5,1,
32,26,200,339,20,17,1,5,1,
32,27,535,201,21,11,1,5,1,
32,28,540,409,17,12,1,5,1,
32,29,342,98,49,14,1,5,1,
32,30,545,122,80,24,1,5,1,
32,31,666,368,12,9,1,5,1,
32,32,905,214,17,12,1,5,1,
32,33,612,0,43,27,1,5,1,
32,35,820,396,50,15,1,5,1,
32,36,294,424,105,29,1,5,1,
32,37,584,314,47,15,1,5,1,
32,38,764,144,49,16,1,5,1,
32,39,552,283,129,32,1,5,1,
33,1,133,501,47,42,1,5,1,
33,3,383,189,63,16,1,5,1,
33,4,674,204,19,14,1,5,1,
33,5,473,379,57,14,1,5,1,
33,7,72,43,17,17,1,5,1,
33,8,436,360,71,19,1,5,1,
33,9,316,148,88,30,1,5,1,
33,10,593,220,51,14,1,5,1,
33,11,699,266,12,9,1,5,1,
33,12,0,413,19,23,1,5,1,
33,13,894,13,28,20,1,5,1,
33,14,710,186,35,19,1,5,1,
33,15,730,160,68,36,1,5,1,
33,16,462,84,49,19,1,5,1,
33,17,612,414,74,22,1,5,1,
33,18,755,35,31,24,1,5,1,
33,19,818,358,16,14,1,5,1,
33,20,62,239,25,17,1,5,1,
33,21,542,144,37,14,1,5,1,
33,22,228,279,35,21,1,5,1,
33,23,520,237,57,19,1,5,1,
33,24,744,100,23,17,1,5,1,
33,25,716,77,56,17,1,5,1,
33,26,197,340,20,18,1,5,1,
33,27,538,201,21,11,1,5,1,
33,28,537,408,20,12,1,5,1,
33,29,347,97,49,14,1,5,1,
33,30,552,123,80,24,1,5,1,
33,31,664,367,14,9,1,5,1,
33,32,903,215,17,11,1,5,1,
33,33,614,0,45,29,1,5,1,
33,35,816,395,50,15,1,5,1,
33,36,305,425,106,29,1,5,1,
33,37,589,313,46,15,1,5,1,
33,38,766,146,54,15,1,5,1,
33,39,564,283,129,32,1,5,1,
34,1,136,505,47,39,1,5,1,
34,3,390,189,63,15,1,5,1,
34,4,677,204,19,14,1,5,1,
34,5,481,379,57,15,1,5,1,
34,7,71,40,18,18,1,5,1,
34,8,444,361,74,18,1,5,1,
34,9,322,147,91,31,1,5,1,
34,10,600,220,53,13,1,5,1,
34,11,698,266,13,9,1,5,1,
34,12,0,415,17,23,1,5,1,
34,13,897,15,29,20,1,5,1,
34,14,713,186,35,20,1,5,1,
34,15,735,161,68,35,1,5,1,
34,16,467,85,48,19,1,5,1,
34,17,618,414,73,22,1,5,1,
34,18,757,37,32,23,1,5,1,
34,19,818,357,16,14,1,5,1,
34,20,60,238,26,18,1,5,1,
34,21,547,145,37,14,1,5,1,
34,22,233,279,30,22,1,5,1,
34,23,526,237,56,20,1,5,1,
34,24,741,101,25,17,1,5,1,
34,25,720,78,57,17,1,5,1,
34,26,194,341,20,18,1,5,1,
34,27,541,202,19,11,1,5,1,
34,28,535,407,21,12,1,5,1,
34,29,352,96,49,14,1,5,1,
34,30,559,124,79,23,1,5,1,
34,31,662,367,14,8,1,5,1,
34,32,902,215,17,11,1,5,1,
34,33,615,0,48,31,1,5,1,
34,35,813,394,49,15,1,5,1,
34,36,315,426,108,29,1,5,1,
34,37,594,313,45,15,1,5,1,
34,38,769,147,59,14,1,5,1,
34,39,576,282,129,33,1,5,1,
35,1,139,509,49,35,1,5,1,
35,3,396,188,63,16,1,5,1,
35,4,679,205,19,14,1,5,1,
35,5,489,380,57,14,1,5,1,
35,7,70,37,18,18,1,5,1,
35,8,453,361,77,19,1,5,1,
35,9,328,146,93,31,1,5,1,
35,10,609,219,50,14,1,5,1,
35,11,697,266,13,9,1,5,1,
35,12,-1,417,17,24,1,5,1,
35,13,900,17,29,19,1,5,1,
35,14,717,187,34,19,1,5,1,
35,15,742,162,65,35,1,5,1,
35,16,471,86,48,19,1,5,1,
35,17,625,413,71,22,1,5,1,
35,18,760,39,32,23,1,5,1,
35,19,819,357,16,13,1,5,1,
35,20,58,238,26,18,1,5,1,
35,21,553,145,36,15,1,5,1,
35,22,234,279,30,23,1,5,1,
35,23,533,237,54,20,1,5,1,
35,24,738,103,25,16,1,5,1,
35,25,724,78,58,17,1,5,1,
35,26,190,342,22,19,1,5,1,
35,27,544,203,19,11,1,5,1,
35,28,533,406,22,11,1,5,1,
35,29,357,95,49,14,1,5,1,
35,30,567,124,78,24,1,5,1,
35,31,660,366,15,8,1,5,1,
35,32,901,216,16,11,1,5,1,
35,33,618,0,48,32,1,5,1,
35,35,809,393,50,14,1,5,1,
35,36,326,426,109,30,1,5,1,
35,37,599,313,44,15,1,5,1,
35,38,773,147,62,14,1,5,1,
35,39,589,282,127,33,1,5,1,
36,1,142,514,51,30,1,5,1,
36,3,402,187,62,16,1,5,1,
36,4,682,206,18,13,1,5,1,
36,5,497,380,58,15,1,5,1,
36,7,70,34,18,19,1,5,1,
36,8,464,361,77,18,1,5,1,
36,9,333,145,97,31,1,5,1,
36,10,616,220,50,13,1,5,1,
36,11,696,266,13,9,1,5,1,
36,12,-3,419,17,24,1,5,1,
36,13,903,19,30,18,1,5,1,
36,14,721,188,33,19,1,5,1,
36,15,748,163,63,35,1,5,1,
36,16,476,87,47,19,1,5,1,
36,17,632,412,69,22,1,5,1,
36,18,763,41,31,22,1,5,1,
36,19,818,355,17,13,1,5,1,
36,20,56,238,26,17,1,5,1,
36,21,557,147,38,13,1,5,1,
36,22,236,279,30,23,1,5,1,
36,23,539,238,52,19,1,5,1,
36,24,735,104,25,16,1,5,1,
36,25,729,79,57,17,1,5,1,
36,26,184,343,27,20,1,5,1,
36,27,547,203,18,11,1,5,1,
36,28,530,405,23,11,1,5,1,
36,29,362,94,50,14,1,5,1,
36,30,574,125,77,23,1,5,1,
36,31,658,365,15,8,1,5,1,
36,32,899,216,17,11,1,5,1,
36,33,622,0,48,34,1,5,1,
36,35,806,392,49,14,1,5,1,
36,36,337,427,110,29,1,5,1,
36,37,603,312,44,15,1,5,1,
36,38,778,147,62,14,1,5,1,
36,39,602,282,126,33,1,5,1,
37,1,145,518,54,26,1,5,1,
37,3,409,186,61,16,1,5,1,
37,4,684,206,18,14,1,5,1,
37,5,505,380,58,15,1,5,1,
37,7,69,31,18,19,1,5,1,
37,8,475,360,76,19,1,5,1,
37,9,338,143,102,32,1,5,1,
37,10,624,220,49,14,1,5,1,
37,11,695,266,13,9,1,5,1,
37,12,-5,421,17,24,1,5,1,
37,13,907,20,29,19,1,5,1,
37,14,724,188,33,19,1,5,1,
37,15,754,164,62,34,1,5,1,
37,16,480,88,47,19,1,5,1,
37,17,638,411,68,22,1,5,1,
37,18,766,42,31,23,1,5,1,
37,19,818,354,17,13,1,5,1,
37,20,54,237,27,18,1,5,1,
37,21,562,148,41,13,1,5,1,
37,22,237,279,31,23,1,5,1,
37,23,545,238,50,19,1,5,1,
37,24,732,105,25,16,1,5,1,
37,25,733,80,58,16,1,5,1,
37,26,178,345,32,20,1,5,1,
37,27,549,204,19,10,1,5,1,
37,28,528,404,23,11,1,5,1,
37,29,367,93,50,14,1,5,1,
37,30,581,125,76,24,1,5,1,
37,31,656,364,15,8,1,5,1,
37,32,898,217,17,11,1,5,1,
37,33,626,2,48,34,1,5,1,
37,35,802,391,49,14,1,5,1,
37,36,348,427,112,30,1,5,1,
37,37,608,312,43,15,1,5,1,
37,38,783,147,62,14,1,5,1,
37,39,614,282,125,33,1,5,1,
38,1,148,522,58,22,1,5,1,
38,3,415,185,60,16,1,5,1,
38,4,687,207,18,13,1,5,1,
38,5,514,380,58,15,1,5,1,
38,7,68,28,19,20,1,5,1,
38,8,487,360,74,18,1,5,1,
38,9,343,142,106,32,1,5,1,
38,10,631,220,48,14,1,5,1,
38,11,693,266,14,9,1,5,1,
38,13,910,22,29,18,1,5,1,
38,14,727,189,33,19,1,5,1,
38,15,760,165,60,34,1,5,1,
38,16,484,91,49,17,1,5,1,
38,17,644,410,67,22,1,5,1,
38,18,769,44,30,22,1,5,1,
38,19,818,353,17,13,1,5,1,
38,20,52,237,27,18,1,5,1,
38,21,567,149,42,12,1,5,1,
38,22,239,279,31,23,1,5,1,
38,23,550,238,50,19,1,5,1,
38,24,729,107,25,15,1,5,1,
38,25,738,80,57,17,1,5,1,
38,26,172,346,35,21,1,5,1,
38,27,552,204,18,11,1,5,1,
38,28,526,403,23,11,1,5,1,
38,29,372,92,50,14,1,5,1,
38,30,589,126,74,23,1,5,1,
38,31,654,363,16,8,1,5,1,
38,32,897,217,17,11,1,5,1,
38,33,630,4,47,33,1,5,1,
38,35,799,390,48,14,1,5,1,
38,36,359,428,113,29,1,5,1,
38,37,614,312,40,15,1,5,1,
38,38,789,147,61,14,1,5,1,
38,39,627,282,123,32,1,5,1,
39,1,153,526,60,18,1,5,1,
39,3,422,184,58,16,1,5,1,
39,4,689,208,18,13,1,5,1,
39,5,522,381,58,15,1,5,1,
39,7,68,25,18,20,1,5,1,
39,8,497,359,74,19,1,5,1,
39,9,350,141,109,33,1,5,1,
39,10,638,220,48,14,1,5,1,
39,11,692,266,14,9,1,5,1,
39,13,914,23,28,19,1,5,1,
39,14,731,190,31,18,1,5,1,
39,15,765,167,59,33,1,5,1,
39,16,489,92,51,16,1,5,1,
39,17,650,410,66,21,1,5,1,
39,18,772,45,29,22,1,5,1,
39,19,818,352,17,13,1,5,1,
39,20,50,236,27,19,1,5,1,
39,21,574,149,40,12,1,5,1,
39,22,241,279,31,24,1,5,1,
39,23,556,239,48,18,1,5,1,
39,24,726,108,25,15,1,5,1,
39,25,742,81,58,16,1,5,1,
39,26,168,348,34,21,1,5,1,
39,27,554,205,18,10,1,5,1,
39,28,523,402,24,10,1,5,1,
39,29,377,91,50,14,1,5,1,
39,30,596,126,73,24,1,5,1,
39,31,652,363,16,8,1,5,1,
39,32,895,218,17,10,1,5,1,
39,33,634,6,47,33,1,5,1,
39,35,795,389,48,14,1,5,1,
39,36,371,428,113,30,1,5,1,
39,37,618,312,40,14,1,5,1,
39,38,794,147,60,14,1,5,1,
39,39,640,282,121,32,1,5,1,
40,3,427,184,58,16,1,5,1,
40,4,692,208,17,13,1,5,1,
40,5,530,381,59,15,1,5,1,
40,7,67,22,19,20,1,5,1,
40,8,508,359,72,18,1,5,1,
40,9,357,140,111,33,1,5,1,
40,10,645,220,48,14,1,5,1,
40,11,691,266,13,9,1,5,1,
40,13,917,25,28,18,1,5,1,
40,14,734,190,31,19,1,5,1,
40,15,771,168,57,32,1,5,1,
40,16,494,94,52,14,1,5,1,
40,17,656,409,64,21,1,5,1,
40,18,774,47,29,22,1,5,1,
40,19,819,351,16,13,1,5,1,
40,20,48,236,28,19,1,5,1,
40,21,580,149,40,13,1,5,1,
40,22,242,279,32,24,1,5,1,
40,23,561,238,48,18,1,5,1,
40,24,723,109,25,15,1,5,1,
40,25,747,81,57,17,1,5,1,
40,26,164,349,33,22,1,5,1,
40,27,557,205,17,11,1,5,1,
40,28,520,401,25,10,1,5,1,
40,29,382,90,51,14,1,5,1,
40,30,603,127,72,23,1,5,1,
40,31,650,362,16,8,1,5,1,
40,32,893,218,18,11,1,5,1,
40,33,639,8,45,33,1,5,1,
40,35,792,388,48,14,1,5,1,
40,36,383,429,114,29,1,5,1,
40,37,623,311,38,15,1,5,1,
40,38,799,147,60,14,1,5,1,
40,39,652,282,120,32,1,5,1,
41,3,431,183,60,16,1,5,1,
41,4,694,209,17,13,1,5,1,
41,5,538,382,60,15,1,5,1,
41,7,67,19,19,21,1,5,1,
41,8,518,358,72,19,1,5,1,
41,9,364,139,114,33,1,5,1,
41,10,652,221,48,13,1,5,1,
41,11,689,266,14,9,1,5,1,
41,13,921,26,26,18,1,5,1,
41,14,738,191,29,18,1,5,1,
41,15,776,169,56,32,1,5,1,
41,16,499,94,53,14,1,5,1,
41,17,662,408,63,21,1,5,1,
41,18,777,48,28,22,1,5,1,
41,19,819,351,16,12,1,5,1,
41,20,46,235,28,19,1,5,1,
41,21,586,150,39,12,1,5,1,
41,22,243,279,33,24,1,5,1,
41,23,568,237,47,18,1,5,1,
41,24,720,111,25,15,1,5,1,
41,25,751,82,57,16,1,5,1,
41,26,160,350,32,23,1,5,1,
41,27,559,206,18,10,1,5,1,
41,28,518,400,25,10,1,5,1,
41,29,387,88,51,15,1,5,1,
41,30,610,128,71,23,1,5,1,
41,31,648,361,16,8,1,5,1,
41,32,891,219,19,10,1,5,1,
41,33,643,10,45,32,1,5,1,
41,36,395,429,114,30,1,5,1,
41,37,627,311,37,15,1,5,1,
41,38,804,147,59,14,1,5,1,
41,39,663,282,120,32,1,5,1,
42,3,436,183,60,16,1,5,1,
42,4,696,209,16,13,1,5,1,
42,5,546,382,61,15,1,5,1,
42,7,67,16,19,21,1,5,1,
42,8,528,358,71,18,1,5,1,
42,9,371,138,117,33,1,5,1,
42,10,659,221,47,13,1,5,1,
42,11,688,266,14,9,1,5,1,
42,13,924,28,26,18,1,5,1,
42,14,741,191,28,19,1,5,1,
42,15,782,170,54,32,1,5,1,
42,16,505,94,53,13,1,5,1,
42,17,668,407,61,21,1,5,1,
42,18,780,49,27,22,1,5,1,
42,19,819,350,16,13,1,5,1,
42,20,44,234,29,20,1,5,1,
42,21,591,150,40,12,1,5,1,
42,22,244,279,34,25,1,5,1,
42,23,574,237,47,18,1,5,1,
42,25,756,82,55,16,1,5,1,
42,26,155,352,33,23,1,5,1,
42,27,562,206,17,11,1,5,1,
42,28,515,399,26,10,1,5,1,
42,29,392,87,52,15,1,5,1,
42,30,617,128,70,23,1,5,1,
42,31,646,360,17,8,1,5,1,
42,32,890,219,18,11,1,5,1,
42,33,647,12,44,32,1,5,1,
42,36,407,429,115,30,1,5,1,
42,37,631,311,37,14,1,5,1,
42,38,809,147,59,14,1,5,1,
42,39,675,282,119,31,1,5,1,
43,3,441,182,61,17,1,5,1,
43,4,699,210,15,12,1,5,1,
43,5,555,383,60,15,1,5,1,
43,7,66,13,20,21,1,5,1,
43,8,538,358,71,18,1,5,1,
43,9,378,137,120,33,1,5,1,
43,10,666,221,47,14,1,5,1,
43,11,687,266,14,9,1,5,1,
43,13,927,29,25,18,1,5,1,
43,14,744,192,27,18,1,5,1,
43,15,787,171,52,31,1,5,1,
43,16,509,94,54,13,1,5,1,
43,17,673,407,61,21,1,5,1,
43,18,783,51,26,22,1,5,1,
43,19,819,349,16,13,1,5,1,
43,20,42,234,29,20,1,5,1,
43,21,597,150,39,13,1,5,1,
43,22,246,279,34,25,1,5,1,
43,23,580,236,47,18,1,5,1,
43,25,761,82,55,17,1,5,1,
43,26,151,353,32,24,1,5,1,
43,27,564,207,16,10,1,5,1,
43,28,512,398,27,10,1,5,1,
43,29,397,86,52,15,1,5,1,
43,30,624,129,68,23,1,5,1,
43,31,644,360,17,7,1,5,1,
43,32,888,220,19,10,1,5,1,
43,33,651,14,43,32,1,5,1,
43,36,419,430,115,29,1,5,1,
43,37,635,311,36,14,1,5,1,
43,38,814,147,58,14,1,5,1,
43,39,686,282,118,31,1,5,1,
44,3,445,182,63,16,1,5,1,
44,4,701,210,15,13,1,5,1,
44,5,563,383,61,15,1,5,1,
44,7,66,9,20,22,1,5,1,
44,8,548,357,71,19,1,5,1,
44,9,386,136,123,33,1,5,1,
44,10,673,221,46,14,1,5,1,
44,11,685,266,14,9,1,5,1,
44,13,930,30,25,18,1,5,1,
44,14,747,193,26,18,1,5,1,
44,15,792,171,51,32,1,5,1,
44,16,514,94,54,13,1,5,1,
44,17,679,406,59,21,1,5,1,
44,18,785,52,25,22,1,5,1,
44,19,819,348,16,13,1,5,1,
44,20,40,233,29,21,1,5,1,
44,21,603,151,38,12,1,5,1,
44,22,247,280,35,25,1,5,1,
44,23,586,236,46,17,1,5,1,
44,25,765,83,55,17,1,5,1,
44,26,146,355,32,24,1,5,1,
44,27,567,207,15,11,1,5,1,
44,28,509,398,27,9,1,5,1,
44,29,402,85,53,15,1,5,1,
44,30,630,129,67,24,1,5,1,
44,31,642,359,17,8,1,5,1,
44,32,885,220,20,10,1,5,1,
44,33,655,15,41,32,1,5,1,
44,36,431,430,116,30,1,5,1,
44,37,639,310,35,15,1,5,1,
44,38,819,147,57,14,1,5,1,
44,39,698,282,117,31,1,5,1,
45,3,450,181,63,17,1,5,1,
45,4,703,211,15,12,1,5,1,
45,5,572,384,61,15,1,5,1,
45,7,66,6,20,22,1,5,1,
45,8,558,357,70,18,1,5,1,
45,9,394,135,125,34,1,5,1,
45,10,680,221,46,14,1,5,1,
45,11,684,266,14,9,1,5,1,
45,13,933,32,24,18,1,5,1,
45,14,750,193,25,18,1,5,1,
45,15,798,172,48,31,1,5,1,
45,16,519,94,53,13,1,5,1,
45,17,685,405,58,21,1,5,1,
45,18,788,54,24,21,1,5,1,
45,19,819,348,16,12,1,5,1,
45,20,37,233,31,20,1,5,1,
45,21,609,151,38,13,1,5,1,
45,22,248,280,36,25,1,5,1,
45,23,592,237,44,16,1,5,1,
45,25,769,84,55,16,1,5,1,
45,26,143,356,30,25,1,5,1,
45,27,569,208,15,10,1,5,1,
45,28,506,397,28,9,1,5,1,
45,29,407,84,54,15,1,5,1,
45,30,637,130,66,23,1,5,1,
45,31,640,358,17,8,1,5,1,
45,32,883,221,20,10,1,5,1,
45,33,659,17,40,32,1,5,1,
45,36,444,430,116,30,1,5,1,
45,37,643,310,34,14,1,5,1,
45,38,824,147,56,14,1,5,1,
45,39,710,282,116,31,1,5,1,
46,3,455,181,64,16,1,5,1,
46,4,705,212,15,12,1,5,1,
46,5,580,384,62,15,1,5,1,
46,7,66,2,20,23,1,5,1,
46,8,568,357,69,18,1,5,1,
46,9,402,134,128,34,1,5,1,
46,10,686,222,46,13,1,5,1,
46,11,682,266,15,8,1,5,1,
46,13,936,33,23,18,1,5,1,
46,14,753,194,24,18,1,5,1,
46,15,802,173,47,31,1,5,1,
46,16,524,94,53,13,1,5,1,
46,17,690,405,57,20,1,5,1,
46,18,790,55,23,22,1,5,1,
46,19,819,347,16,12,1,5,1,
46,20,35,232,31,21,1,5,1,
46,21,615,152,37,12,1,5,1,
46,22,250,280,36,25,1,5,1,
46,23,598,237,43,16,1,5,1,
46,25,773,85,56,16,1,5,1,
46,26,139,358,29,25,1,5,1,
46,27,571,208,14,10,1,5,1,
46,28,503,396,28,9,1,5,1,
46,29,412,83,55,15,1,5,1,
46,30,644,131,64,23,1,5,1,
46,31,638,358,17,7,1,5,1,
46,32,880,221,21,10,1,5,1,
46,33,663,19,39,32,1,5,1,
46,36,456,430,116,30,1,5,1,
46,37,647,310,33,14,1,5,1,
46,38,829,147,54,14,1,5,1,
46,39,722,282,114,31,1,5,1,
47,3,460,181,65,16,1,5,1,
47,4,707,212,14,12,1,5,1,
47,5,589,384,63,16,1,5,1,
47,7,66,0,21,22,1,5,1,
47,8,578,356,68,18,1,5,1,
47,9,413,135,128,34,1,5,1,
47,10,693,222,45,13,1,5,1,
47,13,939,35,20,17,1,5,1,
47,14,756,194,23,18,1,5,1,
47,15,807,174,45,31,1,5,1,
47,16,529,94,53,13,1,5,1,
47,17,695,404,56,20,1,5,1,
47,18,792,56,23,22,1,5,1,
47,19,819,346,16,12,1,5,1,
47,20,33,231,32,22,1,5,1,
47,21,620,152,37,12,1,5,1,
47,22,251,280,38,26,1,5,1,
47,23,603,237,42,16,1,5,1,
47,25,777,85,56,17,1,5,1,
47,26,135,360,29,26,1,5,1,
47,27,573,209,14,10,1,5,1,
47,28,499,396,29,8,1,5,1,
47,29,417,82,56,15,1,5,1,
47,30,650,131,63,24,1,5,1,
47,31,636,357,17,7,1,5,1,
47,32,878,222,21,9,1,5,1,
47,33,667,21,37,32,1,5,1,
47,36,469,430,116,30,1,5,1,
47,37,651,310,32,13,1,5,1,
47,38,834,147,53,14,1,5,1,
47,39,733,281,114,32,1,5,1,
48,3,465,180,66,17,1,5,1,
48,4,709,213,14,11,1,5,1,
48,5,598,385,63,15,1,5,1,
48,7,67,-3,20,22,1,5,1,
48,8,586,357,71,18,1,5,1,
48,9,424,136,128,34,1,5,1,
48,10,700,222,45,13,1,5,1,
48,13,941,36,19,18,1,5,1,
48,14,759,195,22,18,1,5,1,
48,15,812,175,43,30,1,5,1,
48,16,534,94,52,14,1,5,1,
48,17,700,403,54,20,1,5,1,
48,18,794,58,22,22,1,5,1,
48,19,819,345,15,12,1,5,1,
48,20,31,231,33,21,1,5,1,
48,21,626,153,35,12,1,5,1,
48,22,253,280,39,26,1,5,1,
48,23,608,237,40,16,1,5,1,
48,25,781,86,57,17,1,5,1,
48,26,132,361,27,27,1,5,1,
48,27,575,209,13,10,1,5,1,
48,28,496,395,30,8,1,5,1,
48,29,422,81,58,16,1,5,1,
48,30,656,132,62,23,1,5,1,
48,32,875,222,22,10,1,5,1,
48,33,670,23,36,31,1,5,1,
48,36,481,430,116,30,1,5,1,
48,37,655,309,30,14,1,5,1,
48,38,838,147,52,15,1,5,1,
48,39,744,281,113,32,1,5,1,
49,3,471,180,65,17,1,5,1,
49,4,711,213,13,12,1,5,1,
49,5,607,385,63,15,1,5,1,
49,7,68,-6,20,22,1,5,1,
49,8,597,356,68,18,1,5,1,
49,9,433,135,130,34,1,5,1,
49,10,706,222,45,13,1,5,1,
49,13,944,38,16,17,1,5,1,
49,14,761,196,21,17,1,5,1,
49,15,816,176,42,30,1,5,1,
49,16,539,94,52,14,1,5,1,
49,17,706,402,52,20,1,5,1,
49,18,796,59,21,22,1,5,1,
49,19,819,345,15,12,1,5,1,
49,20,29,230,33,22,1,5,1,
49,21,631,153,35,12,1,5,1,
49,22,255,280,39,27,1,5,1,
49,23,613,238,39,16,1,5,1,
49,25,784,86,59,17,1,5,1,
49,26,128,363,27,28,1,5,1,
49,27,577,210,12,10,1,5,1,
49,28,492,394,31,8,1,5,1,
49,29,427,81,59,15,1,5,1,
49,30,662,133,61,23,1,5,1,
49,32,872,223,23,9,1,5,1,
49,33,674,24,35,32,1,5,1,
49,36,494,430,116,30,1,5,1,
49,37,658,309,30,14,1,5,1,
49,38,843,147,51,15,1,5,1,
49,39,755,281,112,31,1,5,1,
50,3,476,180,66,17,1,5,1,
50,4,713,214,13,11,1,5,1,
50,5,615,386,64,15,1,5,1,
50,7,71,-10,18,23,1,5,1,
50,8,605,356,71,18,1,5,1,
50,9,442,134,132,35,1,5,1,
50,10,713,222,44,14,1,5,1,
50,13,946,39,14,18,1,5,1,
50,14,764,196,20,17,1,5,1,
50,15,820,177,40,29,1,5,1,
50,16,544,94,51,14,1,5,1,
50,17,711,401,51,20,1,5,1,
50,18,798,61,20,21,1,5,1,
50,19,818,344,15,12,1,5,1,
50,20,27,229,34,23,1,5,1,
50,21,636,154,35,12,1,5,1,
50,22,257,280,40,27,1,5,1,
50,23,618,238,38,16,1,5,1,
50,25,789,87,58,17,1,5,1,
50,26,125,365,26,29,1,5,1,
50,27,579,210,11,10,1,5,1,
50,28,488,394,32,8,1,5,1,
50,29,432,79,60,16,1,5,1,
50,30,668,134,60,23,1,5,1,
50,32,870,223,23,9,1,5,1,
50,33,677,26,34,32,1,5,1,
50,36,507,430,115,30,1,5,1,
50,37,662,309,28,13,1,5,1,
50,38,847,147,50,15,1,5,1,
50,39,766,281,112,31,1,5,1,
51,3,482,180,66,17,1,5,1,
51,4,715,214,13,12,1,5,1,
51,5,625,386,63,15,1,5,1,
51,7,72,-14,17,23,1,5,1,
51,8,617,355,67,18,1,5,1,
51,9,451,133,135,35,1,5,1,
51,10,719,223,43,13,1,5,1,
51,13,949,41,11,17,1,5,1,
51,14,766,197,20,17,1,5,1,
51,15,824,178,39,29,1,5,1,
51,16,549,94,50,14,1,5,1,
51,17,716,400,49,20,1,5,1,
51,18,803,61,16,23,1,5,1,
51,19,818,343,15,12,1,5,1,
51,20,25,229,35,22,1,5,1,
51,21,641,154,35,12,1,5,1,
51,22,259,280,42,28,1,5,1,
51,23,623,238,36,16,1,5,1,
51,25,793,87,58,18,1,5,1,
51,26,123,367,25,30,1,5,1,
51,27,581,211,10,9,1,5,1,
51,28,484,393,32,8,1,5,1,
51,29,438,78,61,16,1,5,1,
51,30,674,134,58,23,1,5,1,
51,32,867,223,23,10,1,5,1,
51,33,681,28,32,31,1,5,1,
51,36,519,430,115,30,1,5,1,
51,37,665,309,28,13,1,5,1,
51,38,852,147,47,15,1,5,1,
51,39,778,281,109,31,1,5,1,
52,3,487,179,67,17,1,5,1,
52,4,717,215,12,11,1,5,1,
52,5,634,386,64,16,1,5,1,
52,8,627,355,65,17,1,5,1,
52,9,460,132,137,35,1,5,1,
52,10,725,223,43,13,1,5,1,
52,13,952,42,8,17,1,5,1,
52,14,768,198,19,17,1,5,1,
52,15,828,179,37,29,1,5,1,
52,16,554,94,49,14,1,5,1,
52,17,720,399,49,20,1,5,1,
52,18,804,61,16,25,1,5,1,
52,19,818,343,14,11,1,5,1,
52,20,24,228,34,23,1,5,1,
52,21,647,154,33,12,1,5,1,
52,22,259,280,47,28,1,5,1,
52,23,627,239,35,15,1,5,1,
52,25,799,88,52,17,1,5,1,
52,26,120,369,27,31,1,5,1,
52,27,582,211,10,10,1,5,1,
52,28,480,393,33,8,1,5,1,
52,29,443,77,62,16,1,5,1,
52,30,680,135,57,23,1,5,1,
52,32,864,224,24,9,1,5,1,
52,33,684,29,30,32,1,5,1,
52,36,532,430,114,29,1,5,1,
52,37,668,308,27,14,1,5,1,
52,38,857,147,44,15,1,5,1,
52,39,789,281,108,31,1,5,1,
53,3,493,178,67,17,1,5,1,
53,4,718,215,12,11,1,5,1,
53,5,642,386,65,16,1,5,1,
53,8,634,355,69,18,1,5,1,
53,9,469,131,140,35,1,5,1,
53,10,732,223,42,13,1,5,1,
53,14,770,198,19,17,1,5,1,
53,15,832,180,36,28,1,5,1,
53,16,558,94,49,15,1,5,1,
53,17,725,399,47,19,1,5,1,
53,18,804,61,16,27,1,5,1,
53,19,817,342,15,11,1,5,1,
53,20,22,227,35,23,1,5,1,
53,21,653,155,31,11,1,5,1,
53,22,261,280,49,29,1,5,1,
53,23,631,239,35,15,1,5,1,
53,25,805,88,46,17,1,5,1,
53,26,119,371,28,32,1,5,1,
53,27,583,212,9,10,1,5,1,
53,28,476,392,33,8,1,5,1,
53,29,449,76,63,16,1,5,1,
53,30,686,136,55,23,1,5,1,
53,32,861,224,24,9,1,5,1,
53,33,687,31,29,32,1,5,1,
53,36,545,430,113,29,1,5,1,
53,37,672,308,25,13,1,5,1,
53,38,861,147,42,15,1,5,1,
53,39,800,281,107,31,1,5,1,
54,3,498,178,68,16,1,5,1,
54,4,719,216,13,11,1,5,1,
54,5,652,387,64,16,1,5,1,
54,8,643,356,72,17,1,5,1,
54,9,479,130,142,36,1,5,1,
54,10,738,223,41,13,1,5,1,
54,14,773,199,18,16,1,5,1,
54,15,836,181,35,27,1,5,1,
54,16,563,94,48,15,1,5,1,
54,17,729,398,47,20,1,5,1,
54,18,804,62,16,27,1,5,1,
54,19,817,341,14,12,1,5,1,
54,20,20,226,37,24,1,5,1,
54,21,658,155,30,12,1,5,1,
54,22,263,281,52,29,1,5,1,
54,23,636,239,33,15,1,5,1,
54,25,811,87,39,19,1,5,1,
54,26,120,374,28,31,1,5,1,
54,27,584,213,9,9,1,5,1,
54,28,472,392,33,8,1,5,1,
54,29,455,75,63,16,1,5,1,
54,30,692,137,54,23,1,5,1,
54,32,858,225,25,9,1,5,1,
54,33,691,33,26,31,1,5,1,
54,36,557,430,114,29,1,5,1,
54,37,677,308,21,13,1,5,1,
54,38,866,147,39,16,1,5,1,
54,39,806,281,118,31,1,5,1,
55,3,504,178,68,16,1,5,1,
55,4,721,216,12,11,1,5,1,
55,5,662,388,62,15,1,5,1,
55,8,654,355,68,18,1,5,1,
55,9,489,129,143,36,1,5,1,
55,10,744,223,40,13,1,5,1,
55,14,774,199,18,16,1,5,1,
55,15,838,182,39,26,1,5,1,
55,16,568,94,47,16,1,5,1,
55,17,734,397,45,20,1,5,1,
55,18,803,64,16,27,1,5,1,
55,19,816,341,15,11,1,5,1,
55,20,19,226,37,24,1,5,1,
55,21,663,156,29,12,1,5,1,
55,22,265,281,55,29,1,5,1,
55,23,641,239,31,15,1,5,1,
55,25,816,86,33,21,1,5,1,
55,26,122,378,28,29,1,5,1,
55,27,585,213,8,10,1,5,1,
55,28,468,392,34,8,1,5,1,
55,29,461,74,64,16,1,5,1,
55,30,697,137,53,23,1,5,1,
55,32,855,225,25,9,1,5,1,
55,33,694,34,25,32,1,5,1,
55,36,570,429,112,30,1,5,1,
55,37,682,308,17,13,1,5,1,
55,38,870,147,36,16,1,5,1,
55,39,814,282,125,31,1,5,1,
56,3,510,178,68,16,1,5,1,
56,4,722,217,12,10,1,5,1,
56,5,672,388,61,16,1,5,1,
56,8,662,355,72,18,1,5,1,
56,9,499,128,146,36,1,5,1,
56,10,751,223,36,13,1,5,1,
56,14,775,200,18,16,1,5,1,
56,15,841,183,43,25,1,5,1,
56,16,573,94,46,16,1,5,1,
56,17,740,397,42,19,1,5,1,
56,18,802,65,19,27,1,5,1,
56,19,816,340,15,11,1,5,1,
56,20,18,225,37,24,1,5,1,
56,21,668,157,28,11,1,5,1,
56,22,267,281,58,30,1,5,1,
56,23,646,240,29,15,1,5,1,
56,25,822,86,25,22,1,5,1,
56,26,119,381,35,28,1,5,1,
56,27,586,214,7,10,1,5,1,
56,28,464,392,34,8,1,5,1,
56,29,467,73,65,17,1,5,1,
56,30,703,138,51,23,1,5,1,
56,32,852,226,25,8,1,5,1,
56,33,696,36,24,32,1,5,1,
56,36,582,429,112,30,1,5,1,
56,37,687,309,12,12,1,5,1,
56,38,874,147,33,17,1,5,1,
56,39,826,282,126,31,1,5,1,
57,3,516,178,67,16,1,5,1,
57,4,723,217,12,11,1,5,1,
57,5,681,388,60,16,1,5,1,
57,8,671,356,73,18,1,5,1,
57,9,509,126,148,37,1,5,1,
57,10,759,223,30,13,1,5,1,
57,14,777,200,18,16,1,5,1,
57,15,845,184,44,25,1,5,1,
57,16,577,95,45,16,1,5,1,
57,17,747,396,35,19,1,5,1,
57,18,801,67,19,27,1,5,1,
57,19,815,339,16,11,1,5,1,
57,20,17,224,38,25,1,5,1,
57,21,672,157,28,12,1,5,1,
57,22,271,280,61,30,1,5,1,
57,23,650,240,28,15,1,5,1,
57,25,827,85,20,23,1,5,1,
57,26,118,384,45,26,1,5,1,
57,27,586,215,8,9,1,5,1,
57,28,460,392,34,8,1,5,1,
57,29,473,72,65,17,1,5,1,
57,30,712,138,42,25,1,5,1,
57,32,849,226,26,9,1,5,1,
57,33,699,38,22,32,1,5,1,
57,36,595,429,111,29,1,5,1,
57,37,687,309,13,12,1,5,1,
57,38,877,148,31,16,1,5,1,
57,39,838,282,121,31,1,5,1,
58,3,522,178,67,16,1,5,1,
58,4,724,218,13,10,1,5,1,
58,5,690,388,60,15,1,5,1,
58,8,682,356,72,18,1,5,1,
58,9,520,126,150,36,1,5,1,
58,10,766,223,24,13,1,5,1,
58,14,778,201,18,16,1,5,1,
58,15,852,185,39,24,1,5,1,
58,16,582,95,44,16,1,5,1,
58,17,753,395,30,19,1,5,1,
58,18,799,69,20,26,1,5,1,
58,19,814,339,16,11,1,5,1,
58,20,16,223,39,25,1,5,1,
58,21,677,158,27,11,1,5,1,
58,22,276,280,64,30,1,5,1,
58,23,654,240,26,15,1,5,1,
58,25,829,85,17,25,1,5,1,
58,26,122,386,48,26,1,5,1,
58,27,586,215,8,9,1,5,1,
58,28,455,392,34,8,1,5,1,
58,29,479,72,66,17,1,5,1,
58,30,719,139,36,25,1,5,1,
58,32,846,226,26,9,1,5,1,
58,33,702,40,20,31,1,5,1,
58,36,608,429,110,29,1,5,1,
58,37,688,308,13,13,1,5,1,
58,38,882,147,26,17,1,5,1,
58,39,851,282,109,31,1,5,1,
59,3,528,178,67,16,1,5,1,
59,4,725,218,12,10,1,5,1,
59,5,699,388,59,15,1,5,1,
59,8,692,356,72,18,1,5,1,
59,9,530,125,152,37,1,5,1,
59,10,772,224,18,12,1,5,1,
59,14,778,201,18,16,1,5,1,
59,15,857,185,36,25,1,5,1,
59,16,586,95,43,17,1,5,1,
59,17,757,394,28,19,1,5,1,
59,18,798,71,20,26,1,5,1,
59,19,813,338,17,11,1,5,1,
59,20,16,222,40,26,1,5,1,
59,21,681,158,26,12,1,5,1,
59,22,282,280,67,29,1,5,1,
59,23,658,241,24,14,1,5,1,
59,25,828,85,17,26,1,5,1,
59,26,127,388,50,26,1,5,1,
59,27,587,215,8,10,1,5,1,
59,28,451,392,34,8,1,5,1,
59,29,485,71,67,17,1,5,1,
59,30,723,140,34,25,1,5,1,
59,32,843,227,26,8,1,5,1,
59,33,704,42,19,31,1,5,1,
59,36,620,428,109,29,1,5,1,
59,37,688,308,13,12,1,5,1,
59,38,888,146,21,18,1,5,1,
59,39,864,282,96,31,1,5,1,
60,3,534,178,67,16,1,5,1,
60,4,726,218,12,11,1,5,1,
60,5,708,388,58,15,1,5,1,
60,8,703,356,70,17,1,5,1,
60,9,541,124,154,37,1,5,1,
60,10,775,224,17,13,1,5,1,
60,14,779,202,18,16,1,5,1,
60,15,861,186,34,25,1,5,1,
60,16,590,96,43,17,1,5,1,
60,17,761,393,26,19,1,5,1,
60,18,796,73,21,25,1,5,1,
60,19,812,337,17,11,1,5,1,
60,20,16,222,40,26,1,5,1,
60,21,685,159,26,12,1,5,1,
60,22,287,280,68,30,1,5,1,
60,23,661,241,23,14,1,5,1,
60,25,826,86,19,26,1,5,1,
60,26,133,390,52,27,1,5,1,
60,27,587,216,8,9,1,5,1,
60,28,447,392,33,8,1,5,1,
60,29,492,71,67,17,1,5,1,
60,30,727,141,33,25,1,5,1,
60,32,840,227,26,8,1,5,1,
60,33,706,44,19,31,1,5,1,
60,36,633,428,108,29,1,5,1,
60,37,689,308,13,12,1,5,1,
60,38,892,146,18,18,1,5,1,
60,39,877,282,83,31,1,5,1,
61,3,540,178,66,16,1,5,1,
61,4,726,219,12,11,1,5,1,
61,5,717,388,57,15,1,5,1,
61,8,713,356,70,17,1,5,1,
61,9,551,123,157,38,1,5,1,
61,10,778,225,16,12,1,5,1,
61,14,779,203,18,15,1,5,1,
61,15,865,187,32,24,1,5,1,
61,16,595,96,41,17,1,5,1,
61,17,764,392,24,18,1,5,1,
61,18,795,75,20,25,1,5,1,
61,19,811,337,17,10,1,5,1,
61,20,15,221,42,26,1,5,1,
61,21,689,160,25,11,1,5,1,
61,22,292,280,70,31,1,5,1,
61,23,665,241,21,15,1,5,1,
61,25,824,87,24,27,1,5,1,
61,26,138,392,54,27,1,5,1,
61,27,588,217,7,9,1,5,1,
61,28,444,393,32,8,1,5,1,
61,29,498,70,68,17,1,5,1,
61,30,731,142,31,25,1,5,1,
61,32,837,228,26,8,1,5,1,
61,33,708,45,18,31,1,5,1,
61,36,645,427,107,29,1,5,1,
61,37,688,307,13,12,1,5,1,
61,38,892,146,19,19,1,5,1,
61,39,889,282,71,28,1,5,1,
62,3,546,178,66,16,1,5,1,
62,4,726,219,12,12,1,5,1,
62,5,725,387,56,15,1,5,1,
62,8,723,356,69,17,1,5,1,
62,9,562,122,159,38,1,5,1,
62,10,780,225,16,12,1,5,1,
62,14,780,203,17,16,1,5,1,
62,15,869,187,30,25,1,5,1,
62,16,599,97,40,17,1,5,1,
62,17,767,390,23,19,1,5,1,
62,18,793,77,21,24,1,5,1,
62,19,810,336,17,11,1,5,1,
62,20,15,220,42,27,1,5,1,
62,21,693,160,25,12,1,5,1,
62,22,296,280,73,31,1,5,1,
62,23,668,242,20,14,1,5,1,
62,25,820,87,30,28,1,5,1,
62,26,144,393,56,28,1,5,1,
62,27,588,217,7,9,1,5,1,
62,28,440,393,32,8,1,5,1,
62,29,505,70,68,17,1,5,1,
62,30,734,143,30,24,1,5,1,
62,32,834,228,27,8,1,5,1,
62,33,709,47,18,31,1,5,1,
62,36,657,427,106,29,1,5,1,
62,37,686,306,16,12,1,5,1,
62,38,892,146,19,19,1,5,1,
62,39,901,285,59,25,1,5,1,
63,3,552,178,65,16,1,5,1,
63,4,727,220,11,11,1,5,1,
63,5,734,387,55,15,1,5,1,
63,8,730,356,74,18,1,5,1,
63,9,574,121,162,38,1,5,1,
63,10,782,226,16,12,1,5,1,
63,14,780,204,18,15,1,5,1,
63,15,872,188,30,24,1,5,1,
63,16,603,98,39,17,1,5,1,
63,17,770,389,20,19,1,5,1,
63,18,791,78,22,25,1,5,1,
63,19,809,335,17,11,1,5,1,
63,20,15,219,43,28,1,5,1,
63,21,697,161,24,12,1,5,1,
63,22,300,280,76,32,1,5,1,
63,23,671,242,18,14,1,5,1,
63,25,817,89,32,27,1,5,1,
63,26,151,395,58,29,1,5,1,
63,27,588,218,8,9,1,5,1,
63,28,436,393,31,9,1,5,1,
63,29,511,69,68,18,1,5,1,
63,30,738,144,29,24,1,5,1,
63,32,831,228,27,8,1,5,1,
63,33,711,49,17,31,1,5,1,
63,36,669,426,105,29,1,5,1,
63,37,684,305,19,12,1,5,1,
63,38,892,146,18,20,1,5,1,
63,39,912,287,48,23,1,5,1,
64,3,558,178,65,16,1,5,1,
64,4,727,221,11,11,1,5,1,
64,5,742,387,55,15,1,5,1,
64,8,739,356,77,18,1,5,1,
64,9,586,120,164,38,1,5,1,
64,10,785,226,15,12,1,5,1,
64,14,780,204,18,16,1,5,1,
64,15,875,189,29,24,1,5,1,
64,16,607,98,38,18,1,5,1,
64,17,771,388,20,19,1,5,1,
64,18,790,80,21,24,1,5,1,
64,19,807,335,17,10,1,5,1,
64,20,15,218,43,28,1,5,1,
64,21,701,162,23,11,1,5,1,
64,22,305,281,79,32,1,5,1,
64,23,674,242,17,14,1,5,1,
64,25,814,90,33,27,1,5,1,
64,26,157,397,60,29,1,5,1,
64,27,589,218,7,9,1,5,1,
64,28,433,394,30,8,1,5,1,
64,29,518,69,68,17,1,5,1,
64,30,741,145,28,24,1,5,1,
64,32,828,229,27,8,1,5,1,
64,33,711,51,17,31,1,5,1,
64,36,681,426,104,29,1,5,1,
64,37,683,305,19,11,1,5,1,
64,38,891,147,19,20,1,5,1,
65,3,564,178,64,16,1,5,1,
65,4,727,221,12,11,1,5,1,
65,5,750,386,54,15,1,5,1,
65,8,749,355,77,18,1,5,1,
65,9,597,119,165,38,1,5,1,
65,10,787,226,14,12,1,5,1,
65,14,781,205,17,15,1,5,1,
65,15,877,190,30,23,1,5,1,
65,16,611,99,37,17,1,5,1,
65,17,773,387,20,19,1,5,1,
65,18,788,82,21,24,1,5,1,
65,19,806,334,17,10,1,5,1,
65,20,15,217,44,29,1,5,1,
65,21,705,163,22,11,1,5,1,
65,22,309,281,82,32,1,5,1,
65,23,675,243,19,14,1,5,1,
65,25,811,92,33,27,1,5,1,
65,26,164,399,63,30,1,5,1,
65,27,589,218,7,9,1,5,1,
65,28,430,394,29,9,1,5,1,
65,29,525,69,68,17,1,5,1,
65,30,744,146,27,24,1,5,1,
65,32,825,229,27,8,1,5,1,
65,33,712,53,16,30,1,5,1,
65,36,693,425,103,29,1,5,1,
65,37,682,304,19,12,1,5,1,
65,38,891,148,18,19,1,5,1,
66,3,570,179,63,15,1,5,1,
66,4,728,221,11,11,1,5,1,
66,5,758,386,54,15,1,5,1,
66,8,760,355,74,18,1,5,1,
66,9,608,118,168,39,1,5,1,
66,10,789,227,14,12,1,5,1,
66,14,781,205,17,16,1,5,1,
66,15,880,190,29,24,1,5,1,
66,16,614,100,37,17,1,5,1,
66,17,774,386,20,18,1,5,1,
66,18,786,84,21,23,1,5,1,
66,19,805,334,17,10,1,5,1,
66,20,15,216,45,29,1,5,1,
66,21,708,163,22,11,1,5,1,
66,22,314,281,86,33,1,5,1,
66,23,678,243,18,14,1,5,1,
66,25,808,94,34,26,1,5,1,
66,26,171,401,65,30,1,5,1,
66,27,589,219,7,9,1,5,1,
66,28,426,394,29,9,1,5,1,
66,29,531,68,69,18,1,5,1,
66,30,747,147,26,24,1,5,1,
66,32,822,230,27,7,1,5,1,
66,33,713,55,16,30,1,5,1,
66,36,704,425,103,28,1,5,1,
66,37,681,304,19,12,1,5,1,
66,38,891,149,18,19,1,5,1,
67,3,576,179,63,16,1,5,1,
67,4,728,222,11,10,1,5,1,
67,5,766,386,53,14,1,5,1,
67,8,771,354,71,18,1,5,1,
67,9,620,118,169,39,1,5,1,
67,10,791,227,13,12,1,5,1,
67,13,953,72,6,12,1,5,1,
67,14,781,206,17,15,1,5,1,
67,15,882,191,29,23,1,5,1,
67,16,618,100,36,18,1,5,1,
67,17,775,385,20,18,1,5,1,
67,18,784,86,22,23,1,5,1,
67,19,804,333,17,10,1,5,1,
67,20,15,215,46,30,1,5,1,
67,21,711,164,22,11,1,5,1,
67,22,319,281,89,34,1,5,1,
67,23,679,243,21,14,1,5,1,
67,25,805,96,34,26,1,5,1,
67,26,178,403,68,31,1,5,1,
67,27,589,219,7,9,1,5,1,
67,28,423,394,28,10,1,5,1,
67,29,538,68,69,18,1,5,1,
67,30,750,148,25,24,1,5,1,
67,32,819,230,27,7,1,5,1,
67,33,713,57,17,30,1,5,1,
67,36,716,424,101,28,1,5,1,
67,37,680,304,19,11,1,5,1,
67,38,890,150,18,19,1,5,1,
68,3,582,179,62,16,1,5,1,
68,4,728,222,11,11,1,5,1,
68,5,775,385,51,15,1,5,1,
68,8,782,353,66,17,1,5,1,
68,9,632,117,170,39,1,5,1,
68,10,792,228,13,11,1,5,1,
68,13,951,73,8,13,1,5,1,
68,14,781,207,17,14,1,5,1,
68,15,884,192,29,23,1,5,1,
68,16,623,100,31,19,1,5,1,
68,17,776,384,20,18,1,5,1,
68,18,782,87,22,23,1,5,1,
68,19,802,333,17,9,1,5,1,
68,20,15,213,47,31,1,5,1,
68,21,715,165,21,11,1,5,1,
68,22,324,281,93,34,1,5,1,
68,23,679,243,24,13,1,5,1,
68,25,802,97,35,26,1,5,1,
68,26,186,406,70,30,1,5,1,
68,27,589,220,7,8,1,5,1,
68,28,420,395,27,10,1,5,1,
68,29,545,68,69,17,1,5,1,
68,30,753,149,24,24,1,5,1,
68,32,816,230,27,8,1,5,1,
68,33,714,59,16,29,1,5,1,
68,36,728,423,99,28,1,5,1,
68,37,679,303,19,12,1,5,1,
68,38,889,151,18,19,1,5,1,
69,3,588,179,61,16,1,5,1,
69,4,728,223,11,10,1,5,1,
69,5,780,385,57,15,1,5,1,
69,8,793,352,61,17,1,5,1,
69,9,644,117,170,39,1,5,1,
69,10,793,228,13,12,1,5,1,
69,13,950,73,9,15,1,5,1,
69,14,781,207,17,15,1,5,1,
69,15,885,192,29,23,1,5,1,
69,16,628,101,26,19,1,5,1,
69,17,777,383,20,18,1,5,1,
69,18,780,89,22,23,1,5,1,
69,19,801,332,17,10,1,5,1,
69,20,16,212,48,32,1,5,1,
69,21,718,165,21,11,1,5,1,
69,22,330,281,97,35,1,5,1,
69,23,682,243,21,13,1,5,1,
69,25,798,99,36,25,1,5,1,
69,26,194,408,73,31,1,5,1,
69,27,588,220,7,8,1,5,1,
69,28,417,395,26,10,1,5,1,
69,29,552,68,69,17,1,5,1,
69,30,755,150,24,23,1,5,1,
69,32,813,231,27,7,1,5,1,
69,33,715,62,16,28,1,5,1,
69,36,739,423,98,28,1,5,1,
69,37,678,303,19,11,1,5,1,
69,38,889,152,17,18,1,5,1,
70,3,594,179,60,16,1,5,1,
70,4,729,223,10,11,1,5,1,
70,5,788,385,57,15,1,5,1,
70,8,802,351,57,18,1,5,1,
70,9,657,117,170,39,1,5,1,
70,10,794,229,13,11,1,5,1,
70,13,948,74,11,15,1,5,1,
70,14,781,208,16,14,1,5,1,
70,15,886,193,29,23,1,5,1,
70,16,632,101,21,20,1,5,1,
70,17,778,382,20,18,1,5,1,
70,18,779,91,21,22,1,5,1,
70,19,800,331,17,10,1,5,1,
70,20,16,211,49,32,1,5,1,
70,21,722,166,20,11,1,5,1,
70,22,336,281,100,36,1,5,1,
70,23,686,244,17,12,1,5,1,
70,25,795,101,36,25,1,5,1,
70,26,202,410,76,32,1,5,1,
70,27,587,220,8,9,1,5,1,
70,28,414,396,26,10,1,5,1,
70,29,559,67,69,18,1,5,1,
70,30,758,152,23,22,1,5,1,
70,33,716,64,16,27,1,5,1,
70,36,751,422,96,28,1,5,1,
70,37,676,303,20,11,1,5,1,
70,38,888,153,18,18,1,5,1,
71,3,601,180,56,16,1,5,1,
71,4,729,224,11,10,1,5,1,
71,5,796,385,57,15,1,5,1,
71,8,810,351,57,17,1,5,1,
71,9,669,116,171,40,1,5,1,
71,10,795,229,13,11,1,5,1,
71,13,946,76,14,15,1,5,1,
71,14,781,208,16,15,1,5,1,
71,15,887,193,30,23,1,5,1,
71,16,636,102,16,21,1,5,1,
71,17,779,380,20,19,1,5,1,
71,18,777,92,21,22,1,5,1,
71,19,798,331,17,10,1,5,1,
71,20,17,210,50,32,1,5,1,
71,21,725,167,20,11,1,5,1,
71,22,342,282,105,35,1,5,1,
71,23,688,244,17,12,1,5,1,
71,25,792,102,36,25,1,5,1,
71,26,211,412,79,33,1,5,1,
71,27,585,221,11,8,1,5,1,
71,28,412,396,24,11,1,5,1,
71,29,566,67,68,18,1,5,1,
71,30,761,153,22,22,1,5,1,
71,33,717,65,15,28,1,5,1,
71,36,762,421,95,28,1,5,1,
71,37,675,302,20,11,1,5,1,
71,38,887,154,18,18,1,5,1,
72,3,609,180,51,17,1,5,1,
72,4,729,224,11,10,1,5,1,
72,5,805,384,56,15,1,5,1,
72,8,818,350,56,18,1,5,1,
72,9,682,116,172,39,1,5,1,
72,10,796,230,13,11,1,5,1,
72,13,945,76,14,17,1,5,1,
72,14,781,209,16,14,1,5,1,
72,15,889,194,29,23,1,5,1,
72,16,639,103,13,21,1,5,1,
72,17,780,380,20,18,1,5,1,
72,18,775,94,21,22,1,5,1,
72,19,797,330,17,10,1,5,1,
72,20,18,209,51,33,1,5,1,
72,21,728,167,19,11,1,5,1,
72,22,348,282,109,36,1,5,1,
72,23,691,244,15,13,1,5,1,
72,25,789,104,36,24,1,5,1,
72,26,221,415,81,33,1,5,1,
72,28,409,397,24,11,1,5,1,
72,29,573,67,67,18,1,5,1,
72,30,764,154,20,22,1,5,1,
72,33,717,66,15,28,1,5,1,
72,36,773,421,93,27,1,5,1,
72,37,674,302,19,11,1,5,1,
72,38,886,155,18,18,1,5,1,
73,3,617,180,45,17,1,5,1,
73,4,729,224,10,10,1,5,1,
73,5,813,384,56,15,1,5,1,
73,8,826,350,56,17,1,5,1,
73,9,695,115,172,40,1,5,1,
73,10,797,230,13,11,1,5,1,
73,13,943,75,16,19,1,5,1,
73,14,780,209,16,14,1,5,1,
73,15,890,195,29,22,1,5,1,
73,16,641,104,11,22,1,5,1,
73,17,780,379,20,17,1,5,1,
73,18,773,95,21,22,1,5,1,
73,19,796,330,17,9,1,5,1,
73,20,19,207,52,34,1,5,1,
73,21,731,168,18,11,1,5,1,
73,22,355,282,113,37,1,5,1,
73,23,693,244,15,13,1,5,1,
73,25,786,106,37,23,1,5,1,
73,26,230,417,85,34,1,5,1,
73,28,406,398,24,11,1,5,1,
73,29,580,67,66,19,1,5,1,
73,30,766,155,20,22,1,5,1,
73,33,717,68,15,28,1,5,1,
73,36,784,420,92,27,1,5,1,
73,37,672,302,20,11,1,5,1,
73,38,886,155,17,19,1,5,1,
74,3,624,181,40,17,1,5,1,
74,4,729,225,10,10,1,5,1,
74,5,821,384,56,15,1,5,1,
74,8,834,350,55,17,1,5,1,
74,9,707,114,173,41,1,5,1,
74,10,797,230,13,11,1,5,1,
74,13,941,77,18,19,1,5,1,
74,14,780,210,16,14,1,5,1,
74,15,891,196,28,22,1,5,1,
74,16,641,105,12,22,1,5,1,
74,17,781,378,20,17,1,5,1,
74,18,772,97,20,21,1,5,1,
74,19,794,329,17,10,1,5,1,
74,20,21,206,53,35,1,5,1,
74,21,734,168,18,11,1,5,1,
74,22,361,282,119,38,1,5,1,
74,23,694,245,15,12,1,5,1,
74,25,782,107,38,23,1,5,1,
74,26,240,420,88,34,1,5,1,
74,28,404,398,23,12,1,5,1,
74,29,587,67,65,19,1,5,1,
74,30,768,156,20,21,1,5,1,
74,33,717,69,15,28,1,5,1,
74,36,795,419,90,28,1,5,1,
74,37,670,302,21,10,1,5,1,
74,38,885,156,17,18,1,5,1,
75,3,630,181,37,18,1,5,1,
75,4,729,225,10,10,1,5,1,
75,5,831,383,50,15,1,5,1,
75,8,842,349,54,17,1,5,1,
75,9,720,114,173,40,1,5,1,
75,10,798,231,13,11,1,5,1,
75,13,939,79,18,18,1,5,1,
75,14,780,210,16,14,1,5,1,
75,15,892,196,28,22,1,5,1,
75,16,641,107,12,21,1,5,1,
75,17,782,377,19,17,1,5,1,
75,18,770,99,21,20,1,5,1,
75,19,793,329,17,9,1,5,1,
75,20,22,204,54,36,1,5,1,
75,21,737,169,17,11,1,5,1,
75,22,369,282,123,39,1,5,1,
75,23,696,245,14,12,1,5,1,
75,25,779,108,38,23,1,5,1,
75,26,250,422,92,35,1,5,1,
75,28,401,399,22,12,1,5,1,
75,29,594,67,64,19,1,5,1,
75,30,770,157,19,21,1,5,1,
75,33,717,71,15,28,1,5,1,
75,36,806,419,88,27,1,5,1,
75,37,669,301,21,11,1,5,1,
75,38,884,157,18,18,1,5,1,
76,3,636,182,31,17,1,5,1,
76,4,729,226,10,9,1,5,1,
76,5,840,382,45,15,1,5,1,
76,8,850,349,52,17,1,5,1,
76,9,733,113,173,41,1,5,1,
76,10,798,231,13,11,1,5,1,
76,13,937,80,18,19,1,5,1,
76,14,779,211,16,14,1,5,1,
76,15,893,197,28,22,1,5,1,
76,16,641,108,11,21,1,5,1,
76,17,782,376,20,17,1,5,1,
76,18,768,100,21,21,1,5,1,
76,19,792,328,16,10,1,5,1,
76,20,24,203,55,36,1,5,1,
76,21,740,170,16,11,1,5,1,
76,22,376,282,129,39,1,5,1,
76,23,697,245,14,12,1,5,1,
76,25,776,110,38,23,1,5,1,
76,26,261,425,95,35,1,5,1,
76,28,399,400,21,12,1,5,1,
76,29,601,67,62,20,1,5,1,
76,30,771,158,20,21,1,5,1,
76,33,717,73,15,27,1,5,1,
76,36,816,418,87,27,1,5,1,
76,37,667,301,21,11,1,5,1,
76,38,883,158,18,18,1,5,1,
77,3,642,182,24,17,1,5,1,
77,4,728,226,11,10,1,5,1,
77,5,849,381,38,15,1,5,1,
77,8,857,348,52,17,1,5,1,
77,9,746,113,173,41,1,5,1,
77,10,798,232,13,10,1,5,1,
77,13,936,82,17,18,1,5,1,
77,14,779,211,15,14,1,5,1,
77,15,893,198,28,21,1,5,1,
77,16,641,110,11,21,1,5,1,
77,17,782,375,20,17,1,5,1,
77,18,767,102,20,20,1,5,1,
77,19,790,328,17,9,1,5,1,
77,20,27,201,56,37,1,5,1,
77,21,744,171,14,10,1,5,1,
77,22,384,283,134,39,1,5,1,
77,23,698,245,14,12,1,5,1,
77,25,773,111,38,23,1,5,1,
77,26,272,427,100,36,1,5,1,
77,28,396,401,21,12,1,5,1,
77,29,608,67,60,21,1,5,1,
77,30,773,158,19,22,1,5,1,
77,33,717,74,15,27,1,5,1,
77,36,827,417,84,27,1,5,1,
77,37,666,301,21,10,1,5,1,
77,38,882,159,18,17,1,5,1,
78,3,647,183,18,16,1,5,1,
78,4,728,226,11,10,1,5,1,
78,5,856,380,32,15,1,5,1,
78,8,865,348,50,17,1,5,1,
78,9,759,113,172,41,1,5,1,
78,10,798,232,13,10,1,5,1,
78,13,934,84,17,18,1,5,1,
78,14,778,212,16,13,1,5,1,
78,15,894,198,28,22,1,5,1,
78,16,640,111,12,21,1,5,1,
78,17,783,374,19,17,1,5,1,
78,18,765,103,20,20,1,5,1,
78,19,789,327,16,9,1,5,1,
78,20,29,200,57,38,1,5,1,
78,21,747,171,12,11,1,5,1,
78,22,392,283,139,40,1,5,1,
78,23,699,246,14,11,1,5,1,
78,25,769,113,39,22,1,5,1,
78,26,284,430,103,36,1,5,1,
78,28,394,401,21,14,1,5,1,
78,29,615,67,57,22,1,5,1,
78,30,772,159,20,22,1,5,1,
78,33,717,76,15,27,1,5,1,
78,36,837,416,82,27,1,5,1,
78,37,664,301,22,10,1,5,1,
78,38,880,160,19,17,1,5,1,
79,3,648,183,17,17,1,5,1,
79,4,728,227,10,9,1,5,1,
79,5,863,379,25,15,1,5,1,
79,8,872,348,48,16,1,5,1,
79,9,773,112,170,42,1,5,1,
79,10,798,232,13,11,1,5,1,
79,13,932,86,17,17,1,5,1,
79,14,778,212,15,14,1,5,1,
79,15,895,199,27,21,1,5,1,
79,16,640,112,11,21,1,5,1,
79,17,783,373,19,17,1,5,1,
79,18,763,105,20,19,1,5,1,
79,19,787,327,17,9,1,5,1,
79,20,32,198,58,39,1,5,1,
79,21,749,172,12,11,1,5,1,
79,22,401,283,144,41,1,5,1,
79,23,700,246,14,12,1,5,1,
79,25,766,114,39,22,1,5,1,
79,26,297,433,107,36,1,5,1,
79,28,391,402,21,14,1,5,1,
79,29,621,68,55,22,1,5,1,
79,30,771,160,21,22,1,5,1,
79,33,717,78,15,26,1,5,1,
79,36,847,415,80,26,1,5,1,
79,37,662,300,22,11,1,5,1,
79,38,879,161,19,17,1,5,1,
80,3,648,183,17,18,1,5,1,
80,4,728,227,10,9,1,5,1,
80,5,868,378,21,15,1,5,1,
80,8,880,347,46,17,1,5,1,
80,9,786,112,169,41,1,5,1,
80,10,798,233,12,10,1,5,1,
80,13,930,87,18,18,1,5,1,
80,14,777,213,15,13,1,5,1,
80,15,895,200,27,21,1,5,1,
80,16,639,113,11,21,1,5,1,
80,17,783,372,19,17,1,5,1,
80,18,762,106,20,19,1,5,1,
80,19,786,326,17,9,1,5,1,
80,20,35,196,59,40,1,5,1,
80,21,751,173,11,10,1,5,1,
80,22,410,283,150,42,1,5,1,
80,23,700,246,15,12,1,5,1,
80,25,763,115,39,22,1,5,1,
80,26,310,436,111,36,1,5,1,
80,28,389,403,20,14,1,5,1,
80,29,628,68,52,23,1,5,1,
80,30,770,161,21,22,1,5,1,
80,33,716,79,15,27,1,5,1,
80,36,857,414,77,26,1,5,1,
80,37,660,300,23,10,1,5,1,
80,38,878,162,19,17,1,5,1,
81,3,647,183,17,19,1,5,1,
81,4,727,227,10,10,1,5,1,
81,5,871,377,21,15,1,5,1,
81,8,887,347,45,16,1,5,1,
81,9,799,112,160,41,1,5,1,
81,10,797,233,12,10,1,5,1,
81,13,928,89,18,17,1,5,1,
81,14,776,214,15,13,1,5,1,
81,15,895,200,27,21,1,5,1,
81,16,638,115,11,20,1,5,1,
81,17,783,371,19,17,1,5,1,
81,18,760,107,20,19,1,5,1,
81,19,784,326,17,9,1,5,1,
81,20,38,195,61,40,1,5,1,
81,21,753,173,10,11,1,5,1,
81,22,419,283,156,43,1,5,1,
81,23,701,246,14,12,1,5,1,
81,25,759,117,40,21,1,5,1,
81,26,323,439,116,36,1,5,1,
81,28,387,404,19,14,1,5,1,
81,29,634,69,49,24,1,5,1,
81,30,768,161,25,23,1,5,1,
81,33,716,81,15,26,1,5,1,
81,36,867,413,75,26,1,5,1,
81,37,659,300,22,10,1,5,1,
81,38,877,162,19,17,1,5,1,
82,3,646,184,17,19,1,5,1,
82,4,727,228,10,9,1,5,1,
82,5,874,376,20,15,1,5,1,
82,8,894,346,43,17,1,5,1,
82,9,812,111,148,42,1,5,1,
82,10,796,233,12,11,1,5,1,
82,13,926,90,18,18,1,5,1,
82,14,776,214,15,13,1,5,1,
82,15,895,201,27,21,1,5,1,
82,16,637,116,12,20,1,5,1,
82,17,783,370,19,17,1,5,1,
82,18,759,109,19,19,1,5,1,
82,19,783,326,17,8,1,5,1,
82,20,42,193,62,41,1,5,1,
82,21,755,174,10,11,1,5,1,
82,22,429,284,162,42,1,5,1,
82,23,701,246,14,12,1,5,1,
82,25,758,118,36,21,1,5,1,
82,26,338,442,119,36,1,5,1,
82,28,385,405,19,15,1,5,1,
82,29,640,70,46,24,1,5,1,
82,30,766,162,27,23,1,5,1,
82,33,716,83,14,25,1,5,1,
82,36,876,412,73,26,1,5,1,
82,37,657,300,23,10,1,5,1,
82,38,876,163,19,17,1,5,1,
83,3,644,184,20,20,1,5,1,
83,4,726,228,10,9,1,5,1,
83,5,878,375,19,14,1,5,1,
83,8,900,346,42,16,1,5,1,
83,9,825,111,135,42,1,5,1,
83,10,795,234,12,10,1,5,1,
83,13,924,92,17,17,1,5,1,
83,14,775,214,15,13,1,5,1,
83,15,895,202,26,20,1,5,1,
83,16,636,118,13,20,1,5,1,
83,17,783,369,19,17,1,5,1,
83,18,757,110,19,19,1,5,1,
83,19,781,325,17,9,1,5,1,
83,20,45,191,64,42,1,5,1,
83,21,756,175,10,10,1,5,1,
83,22,439,284,168,43,1,5,1,
83,23,702,247,14,11,1,5,1,
83,25,755,119,35,21,1,5,1,
83,26,352,445,124,36,1,5,1,
83,28,382,406,19,15,1,5,1,
83,29,645,71,44,24,1,5,1,
83,30,765,164,26,22,1,5,1,
83,33,715,84,15,26,1,5,1,
83,36,885,412,71,25,1,5,1,
83,37,655,299,23,10,1,5,1,
83,38,875,164,19,17,1,5,1,
84,3,644,185,19,19,1,5,1,
84,4,726,228,10,9,1,5,1,
84,5,881,374,18,14,1,5,1,
84,8,907,345,40,17,1,5,1,
84,9,839,111,121,42,1,5,1,
84,10,795,234,11,10,1,5,1,
84,13,922,94,17,17,1,5,1,
84,14,774,215,16,13,1,5,1,
84,15,895,202,26,21,1,5,1,
84,16,635,119,13,20,1,5,1,
84,17,783,369,20,16,1,5,1,
84,18,756,111,19,19,1,5,1,
84,19,780,325,17,8,1,5,1,
84,20,47,189,68,44,1,5,1,
84,21,757,176,10,10,1,5,1,
84,22,450,284,173,44,1,5,1,
84,23,702,247,14,11,1,5,1,
84,25,753,120,34,21,1,5,1,
84,26,368,447,128,37,1,5,1,
84,28,380,407,19,15,1,5,1,
84,29,650,72,42,24,1,5,1,
84,30,763,165,26,22,1,5,1,
84,33,715,86,14,25,1,5,1,
84,36,893,411,66,25,1,5,1,
84,37,653,299,23,10,1,5,1,
84,38,873,165,20,16,1,5,1,
85,3,644,187,19,18,1,5,1,
85,4,725,229,10,9,1,5,1,
85,5,883,373,18,14,1,5,1,
85,8,913,345,39,16,1,5,1,
85,9,851,111,109,42,1,5,1,
85,10,794,235,12,9,1,5,1,
85,13,920,95,17,17,1,5,1,
85,14,773,215,16,13,1,5,1,
85,15,895,203,26,20,1,5,1,
85,16,634,120,13,20,1,5,1,
85,17,783,368,24,16,1,5,1,
85,18,754,113,19,18,1,5,1,
85,19,778,324,17,9,1,5,1,
85,20,51,187,70,45,1,5,1,
85,21,759,176,10,11,1,5,1,
85,22,462,284,179,45,1,5,1,
85,23,702,247,14,11,1,5,1,
85,25,750,121,34,21,1,5,1,
85,26,384,450,132,36,1,5,1,
85,28,378,408,18,16,1,5,1,
85,29,655,73,41,24,1,5,1,
85,30,762,166,25,22,1,5,1,
85,33,714,87,15,25,1,5,1,
85,36,903,410,57,25,1,5,1,
85,37,651,299,24,10,1,5,1,
85,38,872,166,20,16,1,5,1,
86,3,644,188,16,18,1,5,1,
86,4,725,229,9,9,1,5,1,
86,5,885,372,18,14,1,5,1,
86,8,919,344,38,16,1,5,1,
86,9,865,111,95,42,1,5,1,
86,10,793,235,12,10,1,5,1,
86,13,918,97,17,16,1,5,1,
86,14,772,216,16,12,1,5,1,
86,15,895,204,26,20,1,5,1,
86,16,633,121,13,20,1,5,1,
86,17,781,368,29,16,1,5,1,
86,18,753,114,18,18,1,5,1,
86,19,776,324,18,8,1,5,1,
86,20,55,185,72,46,1,5,1,
86,21,759,177,10,10,1,5,1,
86,22,473,284,185,46,1,5,1,
86,23,703,247,14,11,1,5,1,
86,25,747,122,34,21,1,5,1,
86,26,402,453,135,35,1,5,1,
86,28,376,409,18,16,1,5,1,
86,29,660,74,40,24,1,5,1,
86,30,761,167,25,22,1,5,1,
86,33,714,89,14,25,1,5,1,
86,36,912,409,48,25,1,5,1,
86,37,649,299,24,9,1,5,1,
86,38,870,166,21,17,1,5,1,
87,3,642,188,17,18,1,5,1,
87,4,724,230,10,8,1,5,1,
87,5,887,371,18,14,1,5,1,
87,8,925,344,34,16,1,5,1,
87,9,878,111,82,37,1,5,1,
87,10,792,235,12,10,1,5,1,
87,13,915,98,18,17,1,5,1,
87,14,771,216,17,13,1,5,1,
87,15,894,204,26,20,1,5,1,
87,16,632,123,13,19,1,5,1,
87,17,779,367,32,16,1,5,1,
87,19,775,324,18,8,1,5,1,
87,20,59,182,75,47,1,5,1,
87,21,758,178,11,10,1,5,1,
87,22,486,285,191,46,1,5,1,
87,23,703,248,14,11,1,5,1,
87,25,745,124,33,20,1,5,1,
87,26,420,454,138,36,1,5,1,
87,28,374,410,17,17,1,5,1,
87,29,664,76,39,24,1,5,1,
87,30,759,168,25,22,1,5,1,
87,33,713,90,14,25,1,5,1,
87,36,920,408,40,24,1,5,1,
87,37,647,298,23,10,1,5,1,
87,38,869,167,20,16,1,5,1,
88,3,641,189,16,18,1,5,1,
88,4,723,230,10,8,1,5,1,
88,5,889,370,18,14,1,5,1,
88,8,930,343,30,16,1,5,1,
88,9,891,110,69,25,1,5,1,
88,10,791,236,12,9,1,5,1,
88,13,914,100,15,16,1,5,1,
88,14,770,217,17,12,1,5,1,
88,15,893,205,28,19,1,5,1,
88,16,630,124,16,19,1,5,1,
88,17,777,366,33,16,1,5,1,
88,19,774,324,18,7,1,5,1,
88,20,63,180,79,48,1,5,1,
88,21,758,178,10,11,1,5,1,
88,22,497,285,199,47,1,5,1,
88,23,703,248,14,11,1,5,1,
88,25,742,125,34,19,1,5,1,
88,26,438,455,141,36,1,5,1,
88,28,372,412,17,16,1,5,1,
88,29,668,77,38,24,1,5,1,
88,30,758,170,24,20,1,5,1,
88,33,713,92,13,24,1,5,1,
88,36,927,408,33,23,1,5,1,
88,37,645,298,24,10,1,5,1,
88,38,867,168,22,16,1,5,1,
89,3,639,190,17,18,1,5,1,
89,4,723,230,9,9,1,5,1,
89,5,890,369,19,14,1,5,1,
89,8,936,343,24,16,1,5,1,
89,9,904,111,56,20,1,5,1,
89,10,790,236,12,10,1,5,1,
89,13,913,102,12,15,1,5,1,
89,14,769,217,17,12,1,5,1,
89,15,891,205,31,20,1,5,1,
89,16,628,125,16,19,1,5,1,
89,17,775,365,33,16,1,5,1,
89,19,772,323,19,8,1,5,1,
89,20,68,178,83,49,1,5,1,
89,21,757,179,11,11,1,5,1,
89,22,511,285,205,48,1,5,1,
89,23,703,248,13,11,1,5,1,
89,25,739,126,34,19,1,5,1,
89,26,458,456,142,36,1,5,1,
89,28,370,413,17,17,1,5,1,
89,29,672,79,37,24,1,5,1,
89,30,756,171,25,20,1,5,1,
89,33,712,93,14,24,1,5,1,
89,36,935,412,25,17,1,5,1,
89,37,643,298,24,9,1,5,1,
89,38,864,168,26,17,1,5,1,
90,3,638,191,17,18,1,5,1,
90,4,722,231,10,8,1,5,1,
90,5,892,368,18,13,1,5,1,
90,8,941,342,19,16,1,5,1,
90,10,789,237,12,9,1,5,1,
90,13,912,104,11,14,1,5,1,
90,14,768,218,17,12,1,5,1,
90,15,890,206,31,19,1,5,1,
90,16,626,127,17,18,1,5,1,
90,17,773,365,34,15,1,5,1,
90,19,770,323,19,8,1,5,1,
90,20,72,175,91,51,1,5,1,
90,21,757,180,10,11,1,5,1,
90,22,524,285,212,49,1,5,1,
90,23,703,248,13,11,1,5,1,
90,26,478,457,143,36,1,5,1,
90,28,368,414,17,17,1,5,1,
90,29,676,81,35,23,1,5,1,
90,30,755,172,24,20,1,5,1,
90,33,711,95,14,24,1,5,1,
90,37,642,298,23,9,1,5,1,
90,38,860,169,31,16,1,5,1,
91,3,636,192,18,18,1,5,1,
91,4,721,231,10,8,1,5,1,
91,5,893,367,18,13,1,5,1,
91,8,946,345,14,11,1,5,1,
91,10,788,237,12,9,1,5,1,
91,13,911,105,11,15,1,5,1,
91,14,767,218,17,12,1,5,1,
91,15,888,207,31,19,1,5,1,
91,16,624,128,18,18,1,5,1,
91,17,771,364,34,15,1,5,1,
91,19,769,322,19,8,1,5,1,
91,20,77,173,99,52,1,5,1,
91,21,757,181,10,10,1,5,1,
91,22,538,285,219,51,1,5,1,
91,23,702,249,13,10,1,5,1,
91,26,497,457,145,36,1,5,1,
91,28,366,415,17,18,1,5,1,
91,29,679,82,34,24,1,5,1,
91,30,753,173,24,20,1,5,1,
91,33,710,96,15,24,1,5,1,
91,38,855,170,35,16,1,5,1,
92,3,635,193,18,18,1,5,1,
92,4,721,231,9,8,1,5,1,
92,5,895,366,17,13,1,5,1,
92,10,787,237,12,9,1,5,1,
92,13,909,107,13,14,1,5,1,
92,14,766,219,17,11,1,5,1,
92,15,887,207,31,19,1,5,1,
92,16,622,129,19,18,1,5,1,
92,17,770,362,32,16,1,5,1,
92,19,767,322,19,8,1,5,1,
92,20,82,170,108,54,1,5,1,
92,21,757,181,10,11,1,5,1,
92,22,552,286,227,51,1,5,1,
92,23,701,249,13,10,1,5,1,
92,26,517,457,146,37,1,5,1,
92,28,365,416,16,18,1,5,1,
92,29,682,84,34,24,1,5,1,
92,30,752,174,24,19,1,5,1,
92,33,710,98,14,23,1,5,1,
92,38,850,171,39,16,1,5,1,
93,3,633,194,19,18,1,5,1,
93,4,720,232,10,8,1,5,1,
93,5,896,365,18,13,1,5,1,
93,10,786,238,12,9,1,5,1,
93,13,908,108,13,14,1,5,1,
93,14,765,219,17,12,1,5,1,
93,15,885,208,31,19,1,5,1,
93,16,620,131,19,17,1,5,1,
93,17,769,361,29,16,1,5,1,
93,19,765,322,19,7,1,5,1,
93,20,90,167,113,55,1,5,1,
93,21,756,182,10,11,1,5,1,
93,22,567,286,235,52,1,5,1,
93,23,701,249,13,10,1,5,1,
93,26,538,458,146,36,1,5,1,
93,28,363,418,15,18,1,5,1,
93,29,686,86,32,23,1,5,1,
93,30,751,175,23,19,1,5,1,
93,33,709,99,14,23,1,5,1,
93,38,846,172,41,15,1,5,1,
94,3,632,195,18,18,1,5,1,
94,4,719,232,10,8,1,5,1,
94,5,897,364,17,13,1,5,1,
94,10,785,238,12,9,1,5,1,
94,13,906,109,14,15,1,5,1,
94,14,763,220,18,11,1,5,1,
94,15,883,209,31,18,1,5,1,
94,16,619,132,19,17,1,5,1,
94,17,767,360,29,15,1,5,1,
94,20,98,164,120,57,1,5,1,
94,21,756,183,10,10,1,5,1,
94,22,582,286,243,53,1,5,1,
94,23,700,249,13,11,1,5,1,
94,26,558,458,147,36,1,5,1,
94,28,361,419,16,19,1,5,1,
94,29,689,87,31,23,1,5,1,
94,30,749,176,23,19,1,5,1,
94,33,708,101,15,22,1,5,1,
95,3,631,196,18,17,1,5,1,
95,4,718,232,10,8,1,5,1,
95,5,897,363,18,13,1,5,1,
95,10,784,238,11,9,1,5,1,
95,13,904,111,15,14,1,5,1,
95,14,762,220,18,11,1,5,1,
95,15,880,209,32,19,1,5,1,
95,16,617,133,19,17,1,5,1,
95,17,766,360,28,14,1,5,1,
95,20,105,161,129,59,1,5,1,
95,21,756,184,9,10,1,5,1,
95,22,597,286,253,54,1,5,1,
95,23,700,249,12,11,1,5,1,
95,26,577,458,149,36,1,5,1,
95,28,359,420,16,20,1,5,1,
95,29,692,89,31,22,1,5,1,
95,30,748,177,23,19,1,5,1,
95,33,707,102,15,23,1,5,1,
96,3,629,197,18,17,1,5,1,
96,4,717,233,10,7,1,5,1,
96,5,898,362,17,13,1,5,1,
96,10,783,239,11,8,1,5,1,
96,13,902,112,15,14,1,5,1,
96,14,761,221,17,11,1,5,1,
96,15,878,210,30,18,1,5,1,
96,16,615,134,19,17,1,5,1,
96,17,764,359,29,14,1,5,1,
96,20,113,158,139,60,1,5,1,
96,21,755,185,10,10,1,5,1,
96,22,614,287,261,55,1,5,1,
96,23,699,250,13,10,1,5,1,
96,26,597,458,149,36,1,5,1,
96,28,357,422,16,19,1,5,1,
96,29,695,90,31,22,1,5,1,
96,30,747,178,22,18,1,5,1,
96,33,706,103,15,23,1,5,1,
97,3,628,198,18,16,1,5,1,
97,4,717,233,10,8,1,5,1,
97,5,899,362,17,12,1,5,1,
97,10,782,239,11,8,1,5,1,
97,13,901,113,15,14,1,5,1,
97,14,760,221,17,11,1,5,1,
97,15,877,210,28,19,1,5,1,
97,17,763,358,28,15,1,5,1,
97,20,122,155,150,62,1,5,1,
97,21,755,185,10,10,1,5,1,
97,22,631,287,271,56,1,5,1,
97,23,699,250,12,10,1,5,1,
97,26,618,457,149,37,1,5,1,
97,28,356,423,15,20,1,5,1,
97,29,699,91,29,22,1,5,1,
97,30,745,179,23,18,1,5,1,
97,33,706,105,14,22,1,5,1,
98,3,627,198,18,17,1,5,1,
98,5,899,361,17,12,1,5,1,
98,10,781,239,11,9,1,5,1,
98,13,899,114,15,14,1,5,1,
98,14,758,221,18,11,1,5,1,
98,15,876,211,27,18,1,5,1,
98,17,761,357,29,15,1,5,1,
98,20,131,151,162,64,1,5,1,
98,21,755,186,9,10,1,5,1,
98,22,648,287,281,57,1,5,1,
98,23,698,250,13,10,1,5,1,
98,26,638,457,150,37,1,5,1,
98,28,354,425,15,20,1,5,1,
98,29,702,92,27,23,1,5,1,
98,30,744,180,22,18,1,5,1,
98,33,705,106,15,22,1,5,1,
99,3,625,199,19,16,1,5,1,
99,5,899,360,17,12,1,5,1,
99,10,779,239,12,9,1,5,1,
99,13,898,116,13,13,1,5,1,
99,14,757,222,18,11,1,5,1,
99,15,874,212,28,18,1,5,1,
99,17,759,357,29,14,1,5,1,
99,20,141,148,174,65,1,5,1,
99,21,754,187,10,10,1,5,1,
99,22,665,287,293,59,1,5,1,
99,23,698,250,12,10,1,5,1,
99,26,658,457,150,37,1,5,1,
99,28,352,426,15,21,1,5,1,
99,29,705,94,26,22,1,5,1,
99,30,742,181,23,17,1,5,1,
99,33,704,107,15,22,1,5,1,
100,3,624,200,18,16,1,5,1,
100,5,900,359,16,12,1,5,1,
100,10,778,240,12,8,1,5,1,
100,13,897,117,13,13,1,5,1,
100,14,756,222,18,11,1,5,1,
100,15,873,212,27,18,1,5,1,
100,17,758,356,28,14,1,5,1,
100,20,153,144,185,68,1,5,1,
100,21,754,187,9,10,1,5,1,
100,22,683,288,277,59,1,5,1,
100,23,697,250,13,10,1,5,1,
100,26,678,457,151,37,1,5,1,
100,28,351,427,14,22,1,5,1,
100,29,708,95,25,22,1,5,1,
100,30,741,181,22,18,1,5,1,
100,33,703,109,15,21,1,5,1,
101,3,622,201,19,15,1,5,1,
101,5,900,358,16,12,1,5,1,
101,10,777,240,12,8,1,5,1,
101,13,895,118,13,13,1,5,1,
101,14,754,223,18,10,1,5,1,
101,15,872,213,27,17,1,5,1,
101,17,756,355,29,14,1,5,1,
101,20,167,140,196,70,1,5,1,
101,21,753,188,10,10,1,5,1,
101,22,703,288,257,61,1,5,1,
101,23,696,251,13,9,1,5,1,
101,26,699,457,151,37,1,5,1,
101,28,349,429,14,22,1,5,1,
101,29,709,97,29,21,1,5,1,
101,30,740,182,22,18,1,5,1,
101,33,702,110,15,21,1,5,1,
102,3,621,201,18,16,1,5,1,
102,5,900,357,16,12,1,5,1,
102,10,776,240,11,9,1,5,1,
102,13,894,119,13,13,1,5,1,
102,15,870,214,27,17,1,5,1,
102,17,754,354,29,14,1,5,1,
102,20,180,135,211,73,1,5,1,
102,21,753,189,9,9,1,5,1,
102,22,724,288,236,63,1,5,1,
102,23,696,251,12,9,1,5,1,
102,26,720,457,151,37,1,5,1,
102,28,348,431,14,22,1,5,1,
102,29,709,99,35,20,1,5,1,
102,30,739,183,21,17,1,5,1,
103,3,618,202,21,15,1,5,1,
103,5,900,356,16,12,1,5,1,
103,10,775,241,11,8,1,5,1,
103,13,892,120,14,13,1,5,1,
103,15,869,214,27,17,1,5,1,
103,17,753,354,29,13,1,5,1,
103,20,191,132,234,76,1,5,1,
103,21,752,190,10,9,1,5,1,
103,22,743,289,217,63,1,5,1,
103,23,695,251,13,9,1,5,1,
103,26,739,457,152,36,1,5,1,
103,28,346,432,14,23,1,5,1,
103,29,711,101,37,19,1,5,1,
103,30,737,184,22,17,1,5,1,
104,2,952,210,7,12,1,5,1,
104,3,616,202,22,15,1,5,1,
104,5,899,355,17,12,1,5,1,
104,10,774,241,11,8,1,5,1,
104,13,891,121,14,13,1,5,1,
104,15,868,215,26,16,1,5,1,
104,17,751,353,29,14,1,5,1,
104,20,205,128,252,78,1,5,1,
104,21,752,190,9,9,1,5,1,
104,22,763,289,197,60,1,5,1,
104,23,694,251,13,10,1,5,1,
104,26,758,455,154,37,1,5,1,
104,28,345,434,13,24,1,5,1,
104,29,714,102,37,19,1,5,1,
104,30,736,185,21,17,1,5,1,
105,2,950,211,9,11,1,5,1,
105,3,614,203,23,15,1,5,1,
105,5,899,354,16,12,1,5,1,
105,10,772,241,12,8,1,5,1,
105,13,889,122,14,13,1,5,1,
105,15,866,215,27,17,1,5,1,
105,17,749,352,29,14,1,5,1,
105,20,224,123,268,81,1,5,1,
105,21,751,191,9,9,1,5,1,
105,22,786,292,174,58,1,5,1,
105,23,694,251,13,10,1,5,1,
105,26,779,454,154,37,1,5,1,
105,28,343,436,14,24,1,5,1,
105,29,718,103,35,19,1,5,1,
105,30,735,186,21,16,1,5,1,
106,2,948,210,11,13,1,5,1,
106,3,611,203,25,15,1,5,1,
106,5,899,354,16,11,1,5,1,
106,10,771,242,12,7,1,5,1,
106,13,888,123,14,13,1,5,1,
106,15,865,216,26,16,1,5,1,
106,17,748,352,29,13,1,5,1,
106,20,243,118,286,84,1,5,1,
106,21,751,192,8,9,1,5,1,
106,22,809,293,151,59,1,5,1,
106,23,693,252,14,9,1,5,1,
106,26,797,454,159,37,1,5,1,
106,28,342,437,13,25,1,5,1,
106,29,722,104,34,19,1,5,1,
106,30,733,186,21,17,1,5,1,
107,2,945,209,14,14,1,5,1,
107,3,609,204,26,15,1,5,1,
107,5,898,353,16,11,1,5,1,
107,10,770,242,11,8,1,5,1,
107,13,886,124,14,13,1,5,1,
107,15,863,216,27,17,1,5,1,
107,17,746,351,29,13,1,5,1,
107,20,264,112,306,88,1,5,1,
107,21,750,192,9,9,1,5,1,
107,22,833,297,127,46,1,5,1,
107,23,692,252,14,9,1,5,1,
107,26,816,454,144,37,1,5,1,
107,28,341,439,12,25,1,5,1,
107,29,725,105,33,18,1,5,1,
107,30,732,187,21,16,1,5,1,
108,2,943,210,16,14,1,5,1,
108,3,607,205,26,14,1,5,1,
108,5,898,352,15,11,1,5,1,
108,10,768,242,12,8,1,5,1,
108,13,885,125,14,13,1,5,1,
108,15,862,217,26,16,1,5,1,
108,17,744,350,30,13,1,5,1,
108,20,285,106,329,91,1,5,1,
108,21,749,193,9,9,1,5,1,
108,23,691,252,14,9,1,5,1,
108,26,834,455,126,36,1,5,1,
108,28,339,441,13,26,1,5,1,
108,29,729,105,31,19,1,5,1,
108,30,731,188,21,16,1,5,1,
109,2,940,210,20,14,1,5,1,
109,3,605,205,26,15,1,5,1,
109,5,898,351,15,11,1,5,1,
109,10,767,242,12,8,1,5,1,
109,13,883,127,14,12,1,5,1,
109,15,860,217,27,16,1,5,1,
109,17,742,350,30,13,1,5,1,
109,20,308,100,354,95,1,5,1,
109,21,749,194,9,8,1,5,1,
109,23,689,252,15,9,1,5,1,
109,26,853,456,107,35,1,5,1,
109,28,338,443,12,26,1,5,1,
109,29,732,106,30,19,1,5,1,
109,30,729,189,21,15,1,5,1,
110,2,938,211,21,14,1,5,1,
110,3,603,206,26,14,1,5,1,
110,5,897,350,15,11,1,5,1,
110,10,766,243,12,7,1,5,1,
110,15,859,218,26,16,1,5,1,
110,17,740,349,30,13,1,5,1,
110,20,332,92,382,100,1,5,1,
110,21,749,194,8,9,1,5,1,
110,23,688,252,15,9,1,5,1,
110,26,872,458,88,35,1,5,1,
110,28,337,445,12,27,1,5,1,
110,29,735,107,30,19,1,5,1,
110,30,728,189,21,16,1,5,1,
111,2,936,211,23,14,1,5,1,
111,3,600,207,27,13,1,5,1,
111,5,896,349,15,11,1,5,1,
111,10,764,243,12,7,1,5,1,
111,15,858,218,26,16,1,5,1,
111,17,739,349,30,12,1,5,1,
111,20,356,84,417,104,1,5,1,
111,21,748,195,9,8,1,5,1,
111,23,687,252,15,9,1,5,1,
111,26,892,461,68,25,1,5,1,
111,28,336,447,12,27,1,5,1,
111,29,739,108,24,19,1,5,1,
111,30,727,190,20,16,1,5,1,
112,2,933,212,26,13,1,5,1,
112,3,598,207,27,14,1,5,1,
112,5,896,349,15,11,1,5,1,
112,10,763,243,12,8,1,5,1,
112,15,856,219,26,15,1,5,1,
112,17,737,348,30,13,1,5,1,
112,20,382,74,458,110,1,5,1,
112,21,748,195,8,9,1,5,1,
112,23,686,252,15,9,1,5,1,
112,28,334,449,13,28,1,5,1,
112,29,744,109,19,19,1,5,1,
112,30,725,191,21,15,1,5,1,
113,2,931,212,28,14,1,5,1,
113,3,596,208,27,13,1,5,1,
113,5,895,348,15,11,1,5,1,
113,10,762,243,12,8,1,5,1,
113,15,855,219,26,16,1,5,1,
113,17,735,347,30,13,1,5,1,
113,20,411,64,503,116,1,5,1,
113,21,747,196,9,8,1,5,1,
113,23,685,253,15,8,1,5,1,
113,28,333,451,13,29,1,5,1,
113,29,748,110,15,20,1,5,1,
113,30,724,192,21,15,1,5,1,
114,2,928,212,31,14,1,5,1,
114,3,594,208,27,14,1,5,1,
114,5,894,347,15,11,1,5,1,
114,10,760,244,12,7,1,5,1,
114,15,853,220,26,15,1,5,1,
114,17,733,347,30,12,1,5,1,
114,20,440,53,519,123,1,5,1,
114,21,747,197,8,8,1,5,1,
114,23,684,253,15,8,1,5,1,
114,28,332,453,13,29,1,5,1,
114,29,747,111,15,20,1,5,1,
114,30,722,192,21,15,1,5,1,
115,2,926,213,32,14,1,5,1,
115,3,592,209,27,13,1,5,1,
115,5,893,346,15,11,1,5,1,
115,10,759,244,12,7,1,5,1,
115,15,852,220,26,15,1,5,1,
115,20,474,41,486,130,1,5,1,
115,21,746,197,8,8,1,5,1,
115,23,683,253,15,9,1,5,1,
115,28,331,455,13,30,1,5,1,
115,29,746,112,14,20,1,5,1,
115,30,721,193,21,15,1,5,1,
116,2,924,213,32,14,1,5,1,
116,3,589,209,28,13,1,5,1,
116,5,892,346,15,10,1,5,1,
116,10,757,244,13,7,1,5,1,
116,15,849,221,28,14,1,5,1,
116,20,506,28,454,138,1,5,1,
116,21,745,198,9,8,1,5,1,
116,23,681,253,16,9,1,5,1,
116,28,330,457,13,31,1,5,1,
116,29,745,113,15,20,1,5,1,
116,30,719,194,21,14,1,5,1,
117,2,920,214,34,13,1,5,1,
117,3,587,210,28,13,1,5,1,
117,5,891,345,15,10,1,5,1,
117,10,756,244,12,7,1,5,1,
117,15,848,221,28,15,1,5,1,
117,20,543,19,417,142,1,5,1,
117,21,745,198,8,8,1,5,1,
117,23,680,253,16,9,1,5,1,
117,28,329,459,13,32,1,5,1,
117,29,741,114,20,21,1,5,1,
117,30,718,194,21,15,1,5,1,
118,2,919,214,33,14,1,5,1,
118,3,584,210,29,13,1,5,1,
118,5,888,344,18,11,1,5,1,
118,10,754,245,13,7,1,5,1,
118,15,846,222,28,14,1,5,1,
118,20,583,21,377,128,1,5,1,
118,21,744,199,8,8,1,5,1,
118,23,679,253,15,9,1,5,1,
118,28,328,461,13,33,1,5,1,
118,29,737,115,25,21,1,5,1,
118,30,716,195,21,15,1,5,1,
119,2,915,215,34,13,1,5,1,
119,3,581,211,31,13,1,5,1,
119,5,884,343,22,11,1,5,1,
119,10,753,245,12,7,1,5,1,
119,15,844,222,29,14,1,5,1,
119,20,632,4,328,138,1,5,1,
119,21,743,199,9,8,1,5,1,
119,28,327,464,14,33,1,5,1,
119,29,732,116,31,21,1,5,1,
119,30,715,196,20,14,1,5,1,
120,2,913,215,34,13,1,5,1,
120,3,579,211,31,13,1,5,1,
120,5,879,342,27,11,1,5,1,
120,10,751,245,13,7,1,5,1,
120,15,842,223,30,14,1,5,1,
120,20,678,-20,282,142,1,5,1,
120,21,743,200,8,8,1,5,1,
120,28,326,466,14,35,1,5,1,
120,29,727,117,36,22,1,5,1,
120,30,714,196,19,15,1,5,1,
121,2,910,216,35,13,1,5,1,
121,5,876,342,29,10,1,5,1,
121,10,750,245,13,7,1,5,1,
121,15,840,223,30,14,1,5,1,
121,20,729,-50,231,164,1,5,1,
121,28,326,468,13,36,1,5,1,
121,29,722,119,40,21,1,5,1,
121,30,712,197,19,14,1,5,1,
122,2,908,216,35,13,1,5,1,
122,5,872,341,31,10,1,5,1,
122,10,748,245,13,7,1,5,1,
122,15,838,223,30,14,1,5,1,
122,28,325,471,14,36,1,5,1,
122,29,717,120,44,21,1,5,1,
122,30,711,198,18,13,1,5,1,
123,2,905,217,36,13,1,5,1,
123,5,869,340,31,10,1,5,1,
123,10,747,246,13,6,1,5,1,
123,15,836,224,30,14,1,5,1,
123,28,324,473,15,38,1,5,1,
123,29,713,121,46,22,1,5,1,
123,30,710,198,18,14,1,5,1,
124,2,903,217,35,13,1,5,1,
124,5,865,339,32,11,1,5,1,
124,10,745,246,14,7,1,5,1,
124,15,834,224,31,14,1,5,1,
124,28,324,475,14,39,1,5,1,
124,29,709,122,47,22,1,5,1,
125,2,900,217,37,13,1,5,1,
125,5,862,339,33,10,1,5,1,
125,10,744,246,14,7,1,5,1,
125,15,832,225,31,13,1,5,1,
125,28,323,477,15,41,1,5,1,
125,29,705,124,49,21,1,5,1,
126,2,898,218,37,13,1,5,1,
126,5,858,338,35,10,1,5,1,
126,10,742,246,15,7,1,5,1,
126,15,830,225,32,13,1,5,1,
126,28,323,479,15,43,1,5,1,
126,29,701,125,50,21,1,5,1,
127,2,895,218,38,13,1,5,1,
127,5,855,337,35,11,1,5,1,
127,10,741,246,15,7,1,5,1,
127,15,829,225,31,14,1,5,1,
127,28,322,481,16,45,1,5,1,
127,29,697,126,51,21,1,5,1,
128,2,893,219,37,12,1,5,1,
128,5,852,337,35,10,1,5,1,
128,15,827,226,31,13,1,5,1,
128,28,322,483,16,47,1,5,1,
128,29,694,127,51,21,1,5,1,
129,2,890,219,38,12,1,5,1,
129,5,848,336,36,10,1,5,1,
129,15,825,226,31,13,1,5,1,
129,28,322,486,16,48,1,5,1,
129,29,690,129,51,20,1,5,1,
130,2,888,220,38,12,1,5,1,
130,5,845,335,36,11,1,5,1,
130,15,823,227,32,12,1,5,1,
130,28,322,488,16,50,1,5,1,
130,29,686,130,52,20,1,5,1,
131,2,885,220,39,12,1,5,1,
131,5,841,335,37,10,1,5,1,
131,15,821,227,32,13,1,5,1,
131,28,321,491,17,52,1,5,1,
131,29,682,131,52,20,1,5,1,
132,2,883,220,38,12,1,5,1,
132,5,838,334,37,10,1,5,1,
132,15,819,227,32,13,1,5,1,
132,28,322,494,16,49,1,5,1,
132,29,678,132,53,20,1,5,1,
133,2,881,221,38,12,1,5,1,
133,5,835,333,37,11,1,5,1,
133,15,817,228,33,12,1,5,1,
133,28,322,496,17,48,1,5,1,
133,29,674,133,53,20,1,5,1,
134,2,878,221,39,12,1,5,1,
134,5,832,333,36,10,1,5,1,
134,12,-23129,-15098,0,0,1,5,1,
134,15,815,228,33,12,1,5,1,
134,28,322,500,18,44,1,5,1,
134,29,671,135,52,19,1,5,1,
135,2,876,222,38,11,1,5,1,
135,5,828,332,36,10,1,5,1,
135,15,814,229,32,12,1,5,1,
135,28,322,503,18,41,1,5,1,
135,29,667,136,52,19,1,5,1,
136,2,873,222,38,12,1,5,1,
136,5,825,332,36,10,1,5,1,
136,15,812,229,32,12,1,5,1,
136,28,323,507,18,37,1,5,1,
136,29,663,137,52,18,1,5,1,
137,2,871,223,38,11,1,5,1,
137,5,822,331,36,10,1,5,1,
137,15,810,229,32,12,1,5,1,
137,28,323,510,10,34,1,5,1,
137,29,659,138,52,18,1,5,1,
138,2,868,223,39,11,1,5,1,
138,5,819,330,36,10,1,5,1,
138,28,323,514,11,30,1,5,1,
138,29,656,139,51,18,1,5,1,
139,5,816,330,36,10,1,5,1,
139,28,324,516,12,28,1,5,1,
139,29,652,140,52,18,1,5,1,
140,5,812,329,38,10,1,5,1,
140,28,324,519,14,25,1,5,1,
140,29,648,141,53,18,1,5,1,
141,5,809,329,38,10,1,5,1,
141,27,426,222,13,7,1,5,1,
141,28,325,522,15,22,1,5,1,
141,29,645,142,54,17,1,5,1,
142,5,805,328,39,10,1,5,1,
142,27,425,222,13,6,1,5,1,
142,28,325,526,17,18,1,5,1,
142,29,641,143,54,17,1,5,1,
143,5,801,328,40,10,1,5,1,
143,27,424,221,13,7,1,5,1,
143,29,637,144,55,17,1,5,1,
144,5,797,327,41,10,1,5,1,
144,27,424,221,12,7,1,5,1,
144,29,634,145,54,17,1,5,1,
145,5,793,327,43,9,1,5,1,
145,27,423,220,12,8,1,5,1,
145,29,630,146,55,16,1,5,1,
146,5,788,326,45,10,1,5,1,
146,27,422,220,12,7,1,5,1,
146,29,626,147,56,16,1,5,1,
146,36,945,343,14,10,1,5,1,
147,5,783,326,47,9,1,5,1,
147,27,422,219,11,8,1,5,1,
147,29,623,148,55,16,1,5,1,
147,36,940,342,19,12,1,5,1,
148,5,780,326,46,9,1,5,1,
148,27,421,219,11,7,1,5,1,
148,29,619,149,55,16,1,5,1,
148,36,934,341,25,12,1,5,1,
149,5,775,325,47,9,1,5,1,
149,27,421,218,10,8,1,5,1,
149,29,616,150,53,15,1,5,1,
149,36,928,341,31,12,1,5,1,
150,5,771,325,48,8,1,5,1,
150,27,420,218,10,8,1,5,1,
150,29,612,151,54,15,1,5,1,
150,36,922,340,37,13,1,5,1,
