1,1,151,137,52,18,1,5,1,
1,2,626,458,64,23,1,5,1,
1,3,237,0,35,20,1,5,1,
1,4,923,55,36,36,1,5,1,
1,5,687,214,117,27,1,5,1,
1,6,430,0,32,57,1,5,1,
1,7,55,382,21,20,1,5,1,
1,8,263,33,74,24,1,5,1,
1,9,64,19,150,55,1,5,1,
1,10,322,244,37,25,1,5,1,
1,11,318,43,160,59,1,5,1,
1,12,799,131,125,27,1,5,1,
1,13,268,278,23,18,1,5,1,
1,14,713,13,103,27,1,5,1,
1,15,342,295,44,10,1,5,1,
1,16,439,416,49,73,1,5,1,
2,1,146,135,51,19,1,5,1,
2,2,624,455,60,26,1,5,1,
2,3,229,0,42,20,1,5,1,
2,4,922,58,37,35,1,5,1,
2,5,697,214,117,28,1,5,1,
2,6,430,0,29,63,1,5,1,
2,7,54,383,20,21,1,5,1,
2,8,269,34,74,25,1,5,1,
2,9,43,25,167,49,1,5,1,
2,10,327,244,32,26,1,5,1,
2,11,307,34,161,69,1,5,1,
2,12,809,129,134,27,1,5,1,
2,13,268,278,22,19,1,5,1,
2,14,721,11,107,26,1,5,1,
2,15,347,295,45,11,1,5,1,
2,16,439,419,41,82,1,5,1,
3,1,140,133,51,19,1,5,1,
3,2,622,452,55,29,1,5,1,
3,3,220,0,56,20,1,5,1,
3,4,920,53,39,43,1,5,1,
3,5,708,215,114,28,1,5,1,
3,6,430,0,29,68,1,5,1,
3,7,52,385,20,21,1,5,1,
3,8,275,35,74,25,1,5,1,
3,9,20,25,185,49,1,5,1,
3,10,329,243,30,26,1,5,1,
3,11,298,25,158,79,1,5,1,
3,12,821,127,138,27,1,5,1,
3,13,268,279,22,20,1,5,1,
3,14,730,10,109,25,1,5,1,
3,15,351,296,47,11,1,5,1,
3,16,439,423,38,91,1,5,1,
4,1,134,130,50,20,1,5,1,
4,2,621,449,49,30,1,5,1,
4,3,211,0,61,19,1,5,1,
4,4,920,58,30,40,1,5,1,
4,5,721,215,109,28,1,5,1,
4,6,432,0,27,74,1,5,1,
4,7,51,387,19,21,1,5,1,
4,8,282,37,73,25,1,5,1,
4,9,0,24,196,48,1,5,1,
4,10,327,242,30,27,1,5,1,
4,11,290,11,154,92,1,5,1,
4,12,836,125,124,28,1,5,1,
4,13,268,280,22,20,1,5,1,
4,14,741,9,108,25,1,5,1,
4,15,357,297,46,11,1,5,1,
4,16,437,427,40,101,1,5,1,
5,1,129,128,49,21,1,5,1,
5,2,620,446,44,31,1,5,1,
5,3,208,0,56,23,1,5,1,
5,4,922,63,30,36,1,5,1,
5,5,729,216,112,29,1,5,1,
5,6,434,1,26,78,1,5,1,
5,7,50,389,19,21,1,5,1,
5,8,288,39,73,24,1,5,1,
5,9,-9,21,197,49,1,5,1,
5,10,324,241,29,28,1,5,1,
5,11,283,0,150,101,1,5,1,
5,12,849,124,111,28,1,5,1,
5,13,269,280,22,20,1,5,1,
5,14,751,8,107,26,1,5,1,
5,15,362,297,47,12,1,5,1,
5,16,437,432,42,110,1,5,1,
6,1,122,125,51,22,1,5,1,
6,2,621,444,37,31,1,5,1,
6,3,206,0,49,27,1,5,1,
6,4,925,67,29,33,1,5,1,
6,5,739,218,112,28,1,5,1,
6,6,433,7,30,76,1,5,1,
6,7,48,391,20,22,1,5,1,
6,8,293,41,73,24,1,5,1,
6,9,-35,16,213,53,1,5,1,
6,10,320,242,29,28,1,5,1,
6,11,283,-14,138,112,1,5,1,
6,12,865,123,95,28,1,5,1,
6,13,269,281,22,20,1,5,1,
6,14,762,8,103,26,1,5,1,
6,15,368,298,46,12,1,5,1,
6,16,439,439,44,104,1,5,1,
7,1,114,123,54,22,1,5,1,
7,2,622,441,30,31,1,5,1,
7,3,206,0,39,32,1,5,1,
7,4,931,72,28,29,1,5,1,
7,5,751,218,107,28,1,5,1,
7,6,429,15,41,72,1,5,1,
7,7,46,394,21,21,1,5,1,
7,8,298,44,74,23,1,5,1,
7,9,-63,14,228,53,1,5,1,
7,10,310,241,37,29,1,5,1,
7,11,289,-29,117,121,1,5,1,
7,12,884,123,76,27,1,5,1,
7,13,269,281,22,21,1,5,1,
7,14,775,8,96,26,1,5,1,
7,15,374,299,46,11,1,5,1,
7,16,440,447,48,97,1,5,1,
8,1,107,121,54,23,1,5,1,
8,2,622,439,25,30,1,5,1,
8,3,204,0,32,37,1,5,1,
8,4,930,75,30,26,1,5,1,
8,5,763,218,103,28,1,5,1,
8,6,426,23,52,66,1,5,1,
8,7,46,396,22,21,1,5,1,
8,8,302,46,75,23,1,5,1,
8,9,-93,13,244,51,1,5,1,
8,10,298,241,51,29,1,5,1,
8,11,291,-45,101,131,1,5,1,
8,12,903,125,57,21,1,5,1,
8,13,269,282,21,21,1,5,1,
8,14,787,8,88,28,1,5,1,
8,15,380,300,44,11,1,5,1,
8,16,435,456,62,88,1,5,1,
9,1,103,118,50,23,1,5,1,
9,2,623,437,20,29,1,5,1,
9,3,203,0,25,42,1,5,1,
9,4,930,79,30,23,1,5,1,
9,5,775,218,98,28,1,5,1,
9,6,426,32,60,58,1,5,1,
9,7,46,399,22,20,1,5,1,
9,8,307,48,75,22,1,5,1,
9,9,-125,2,259,61,1,5,1,
9,10,284,240,68,30,1,5,1,
9,11,292,-61,84,139,1,5,1,
9,13,268,281,23,22,1,5,1,
9,14,800,8,77,29,1,5,1,
9,15,387,302,41,10,1,5,1,
9,16,432,466,82,78,1,5,1,
10,1,101,116,44,23,1,5,1,
10,2,623,436,16,27,1,5,1,
10,3,203,0,21,47,1,5,1,
10,4,931,81,29,19,1,5,1,
10,5,785,219,95,27,1,5,1,
10,6,427,39,67,51,1,5,1,
10,7,46,400,23,21,1,5,1,
10,8,311,49,76,23,1,5,1,
10,9,-158,-9,276,71,1,5,1,
10,10,273,240,78,31,1,5,1,
10,11,289,-77,74,148,1,5,1,
10,13,266,282,23,22,1,5,1,
10,14,812,7,66,33,1,5,1,
10,15,393,302,39,10,1,5,1,
10,16,431,477,106,67,1,5,1,
11,1,92,112,46,25,1,5,1,
11,2,625,435,14,24,1,5,1,
11,3,205,4,20,49,1,5,1,
11,4,938,82,22,14,1,5,1,
11,5,796,219,88,27,1,5,1,
11,6,431,45,68,47,1,5,1,
11,7,46,402,23,21,1,5,1,
11,8,316,50,75,23,1,5,1,
11,9,-193,-22,291,82,1,5,1,
11,10,266,239,80,32,1,5,1,
11,11,304,-93,44,155,1,5,1,
11,13,265,282,24,22,1,5,1,
11,14,823,7,58,35,1,5,1,
11,15,400,302,35,10,1,5,1,
11,16,433,490,130,54,1,5,1,
12,1,89,108,44,27,1,5,1,
12,2,626,434,14,22,1,5,1,
12,3,208,8,19,50,1,5,1,
12,5,807,219,82,27,1,5,1,
12,6,436,48,67,47,1,5,1,
12,7,46,404,24,21,1,5,1,
12,8,321,51,74,23,1,5,1,
12,9,-229,-36,307,94,1,5,1,
12,10,259,239,81,32,1,5,1,
12,11,305,-109,29,162,1,5,1,
12,13,264,282,24,23,1,5,1,
12,14,830,8,54,36,1,5,1,
12,15,406,301,31,11,1,5,1,
12,16,436,503,155,41,1,5,1,
13,1,88,105,39,28,1,5,1,
13,2,626,432,14,22,1,5,1,
13,3,208,12,23,51,1,5,1,
13,5,816,219,78,27,1,5,1,
13,6,442,51,64,46,1,5,1,
13,7,47,406,24,21,1,5,1,
13,8,325,51,73,25,1,5,1,
13,10,252,238,80,33,1,5,1,
13,11,302,-124,32,167,1,5,1,
13,13,264,282,24,24,1,5,1,
13,14,836,10,52,36,1,5,1,
13,15,412,301,27,10,1,5,1,
14,1,88,101,33,30,1,5,1,
14,2,626,431,15,22,1,5,1,
14,3,206,16,32,52,1,5,1,
14,5,823,219,76,27,1,5,1,
14,6,448,53,61,46,1,5,1,
14,7,47,407,25,22,1,5,1,
14,8,330,52,70,25,1,5,1,
14,10,246,237,80,34,1,5,1,
14,13,263,283,25,24,1,5,1,
14,14,841,12,51,36,1,5,1,
14,15,416,301,24,10,1,5,1,
15,1,88,98,28,30,1,5,1,
15,2,627,429,14,22,1,5,1,
15,3,206,21,39,52,1,5,1,
15,5,831,220,73,27,1,5,1,
15,6,453,56,59,46,1,5,1,
15,7,48,409,26,22,1,5,1,
15,8,335,52,67,27,1,5,1,
15,10,240,236,79,35,1,5,1,
15,13,263,283,26,24,1,5,1,
15,14,846,15,50,36,1,5,1,
15,15,420,301,23,9,1,5,1,
16,1,87,95,28,31,1,5,1,
16,2,627,427,14,22,1,5,1,
16,3,207,25,45,53,1,5,1,
16,5,837,220,72,27,1,5,1,
16,6,458,58,56,46,1,5,1,
16,7,49,411,26,22,1,5,1,
16,8,340,53,63,27,1,5,1,
16,10,234,236,78,35,1,5,1,
16,13,264,283,26,25,1,5,1,
16,14,850,17,50,36,1,5,1,
16,15,423,300,21,10,1,5,1,
17,1,88,92,28,30,1,5,1,
17,2,627,425,14,22,1,5,1,
17,3,209,31,51,51,1,5,1,
17,5,844,220,70,27,1,5,1,
17,6,464,61,52,45,1,5,1,
17,7,50,413,27,23,1,5,1,
17,8,345,53,58,29,1,5,1,
17,10,230,235,73,36,1,5,1,
17,13,264,284,27,25,1,5,1,
17,14,856,19,47,36,1,5,1,
17,15,427,300,19,10,1,5,1,
18,1,89,90,29,29,1,5,1,
18,2,627,424,14,21,1,5,1,
18,3,212,37,56,49,1,5,1,
18,5,851,221,68,26,1,5,1,
18,6,469,64,49,45,1,5,1,
18,7,51,414,28,24,1,5,1,
18,8,351,54,52,29,1,5,1,
18,10,226,234,69,38,1,5,1,
18,13,263,284,31,26,1,5,1,
18,14,860,22,47,35,1,5,1,
18,15,430,300,18,9,1,5,1,
19,1,92,88,29,28,1,5,1,
19,2,626,422,15,21,1,5,1,
19,3,216,43,60,46,1,5,1,
19,5,858,221,66,26,1,5,1,
19,6,474,67,46,44,1,5,1,
19,7,52,416,29,24,1,5,1,
19,8,357,55,46,30,1,5,1,
19,10,225,233,61,39,1,5,1,
19,13,262,285,42,26,1,5,1,
19,14,865,24,46,35,1,5,1,
19,15,433,300,17,9,1,5,1,
20,1,93,86,32,27,1,5,1,
20,2,626,421,15,20,1,5,1,
20,3,221,48,63,45,1,5,1,
20,5,864,221,65,26,1,5,1,
20,6,479,70,43,43,1,5,1,
20,7,53,418,30,24,1,5,1,
20,8,362,56,39,31,1,5,1,
20,10,224,232,54,41,1,5,1,
20,13,259,285,57,27,1,5,1,
20,14,870,26,44,35,1,5,1,
20,15,435,299,16,10,1,5,1,
21,1,92,85,43,24,1,5,1,
21,2,626,419,14,20,1,5,1,
21,3,227,54,65,41,1,5,1,
21,5,871,222,62,25,1,5,1,
21,6,484,72,39,43,1,5,1,
21,7,54,420,31,25,1,5,1,
21,8,368,57,32,32,1,5,1,
21,10,222,231,46,42,1,5,1,
21,13,257,285,72,27,1,5,1,
21,14,874,29,43,34,1,5,1,
21,15,438,299,15,10,1,5,1,
22,1,91,83,56,23,1,5,1,
22,2,625,417,15,20,1,5,1,
22,3,233,59,68,39,1,5,1,
22,5,877,222,61,26,1,5,1,
22,6,488,75,37,42,1,5,1,
22,7,55,422,32,25,1,5,1,
22,8,373,59,25,31,1,5,1,
22,10,222,230,45,43,1,5,1,
22,13,257,285,86,28,1,5,1,
22,14,879,31,41,34,1,5,1,
22,15,440,299,14,9,1,5,1,
23,1,90,82,69,23,1,5,1,
23,2,625,416,15,19,1,5,1,
23,3,240,65,69,34,1,5,1,
23,5,883,222,59,26,1,5,1,
23,6,491,78,35,41,1,5,1,
23,7,57,425,33,25,1,5,1,
23,8,378,60,19,32,1,5,1,
23,10,220,229,49,45,1,5,1,
23,13,258,285,100,28,1,5,1,
23,14,883,33,40,33,1,5,1,
23,15,442,299,13,9,1,5,1,
24,1,93,81,72,23,1,5,1,
24,2,624,414,16,20,1,5,1,
24,3,247,69,70,33,1,5,1,
24,5,889,223,57,25,1,5,1,
24,6,495,80,32,41,1,5,1,
24,7,58,427,35,25,1,5,1,
24,8,381,62,16,31,1,5,1,
24,10,218,229,55,45,1,5,1,
24,13,262,285,110,28,1,5,1,
24,14,887,36,39,32,1,5,1,
24,15,444,298,12,10,1,5,1,
25,1,101,80,70,23,1,5,1,
25,2,624,413,15,18,1,5,1,
25,3,257,74,67,31,1,5,1,
25,5,896,223,54,25,1,5,1,
25,6,499,83,29,40,1,5,1,
25,7,60,429,36,26,1,5,1,
25,8,379,64,18,30,1,5,1,
25,10,216,228,68,47,1,5,1,
25,13,268,285,119,28,1,5,1,
25,14,891,38,39,33,1,5,1,
25,15,446,298,11,10,1,5,1,
26,1,112,78,67,24,1,5,1,
26,2,623,411,16,18,1,5,1,
26,3,268,79,63,28,1,5,1,
26,5,903,223,51,25,1,5,1,
26,6,503,86,26,39,1,5,1,
26,7,62,432,38,25,1,5,1,
26,8,377,67,20,27,1,5,1,
26,10,212,227,86,48,1,5,1,
26,13,279,285,122,28,1,5,1,
26,14,894,42,41,31,1,5,1,
26,15,449,298,9,9,1,5,1,
27,1,118,77,69,23,1,5,1,
27,2,622,410,17,18,1,5,1,
27,3,275,82,63,27,1,5,1,
27,5,908,223,50,25,1,5,1,
27,6,505,88,25,39,1,5,1,
27,7,64,434,40,26,1,5,1,
27,8,374,68,25,27,1,5,1,
27,10,208,226,105,49,1,5,1,
27,13,287,285,128,27,1,5,1,
27,14,895,44,44,31,1,5,1,
27,15,449,298,9,9,1,5,1,
28,1,127,75,69,24,1,5,1,
28,2,621,409,18,17,1,5,1,
28,3,287,86,58,24,1,5,1,
28,5,914,224,46,24,1,5,1,
28,6,509,92,22,37,1,5,1,
28,7,67,437,41,25,1,5,1,
28,8,371,71,30,25,1,5,1,
28,10,207,224,121,51,1,5,1,
28,13,302,284,125,28,1,5,1,
28,14,898,48,44,29,1,5,1,
28,15,450,298,9,9,1,5,1,
28,16,789,529,51,14,1,5,1,
29,1,133,73,71,24,1,5,1,
29,2,620,407,18,17,1,5,1,
29,3,294,89,56,23,1,5,1,
29,5,918,224,42,24,1,5,1,
29,6,510,94,22,37,1,5,1,
29,7,69,438,43,27,1,5,1,
29,8,366,72,36,24,1,5,1,
29,10,208,222,135,53,1,5,1,
29,13,312,286,127,27,1,5,1,
29,14,901,51,45,27,1,5,1,
29,15,450,298,9,9,1,5,1,
29,16,797,523,49,20,1,5,1,
30,1,139,72,74,24,1,5,1,
30,2,619,406,18,17,1,5,1,
30,3,301,92,55,22,1,5,1,
30,5,922,224,38,25,1,5,1,
30,6,512,96,20,36,1,5,1,
30,7,72,440,45,28,1,5,1,
30,8,361,74,41,23,1,5,1,
30,10,210,219,156,54,1,5,1,
30,13,323,286,129,28,1,5,1,
30,14,904,52,45,28,1,5,1,
30,15,450,298,9,9,1,5,1,
30,16,804,517,47,26,1,5,1,
31,1,146,70,76,25,1,5,1,
31,2,618,405,19,16,1,5,1,
31,3,309,95,51,20,1,5,1,
31,5,926,226,34,20,1,5,1,
31,6,514,98,19,36,1,5,1,
31,7,75,443,46,27,1,5,1,
31,8,356,76,47,21,1,5,1,
31,10,213,214,177,56,1,5,1,
31,13,336,286,128,27,1,5,1,
31,14,908,54,43,27,1,5,1,
31,15,448,297,10,10,1,5,1,
31,16,810,512,46,31,1,5,1,
32,1,153,69,78,24,1,5,1,
32,2,617,403,19,17,1,5,1,
32,3,317,97,47,20,1,5,1,
32,5,931,227,29,19,1,5,1,
32,6,516,101,17,35,1,5,1,
32,7,78,445,48,28,1,5,1,
32,8,351,78,51,19,1,5,1,
32,10,217,210,198,58,1,5,1,
32,13,348,286,127,27,1,5,1,
32,14,913,56,41,27,1,5,1,
32,15,445,297,14,10,1,5,1,
32,16,816,506,44,37,1,5,1,
33,1,161,67,80,25,1,5,1,
33,2,616,402,19,16,1,5,1,
33,3,325,100,42,18,1,5,1,
33,5,937,228,23,19,1,5,1,
33,6,516,103,17,34,1,5,1,
33,7,81,447,50,29,1,5,1,
33,8,346,79,55,18,1,5,1,
33,10,225,208,216,57,1,5,1,
33,13,362,285,124,27,1,5,1,
33,14,917,57,40,27,1,5,1,
33,15,442,297,17,9,1,5,1,
33,16,821,501,44,42,1,5,1,
34,1,168,65,82,25,1,5,1,
34,2,614,401,20,16,1,5,1,
34,3,332,102,38,17,1,5,1,
34,5,941,229,19,18,1,5,1,
34,6,516,105,17,34,1,5,1,
34,7,84,449,53,30,1,5,1,
34,8,341,81,59,17,1,5,1,
34,10,233,205,233,57,1,5,1,
34,13,374,285,123,26,1,5,1,
34,14,921,59,38,27,1,5,1,
34,15,438,297,21,9,1,5,1,
34,16,826,496,43,47,1,5,1,
35,1,176,64,84,25,1,5,1,
35,2,613,400,20,15,1,5,1,
35,3,339,103,32,16,1,5,1,
35,6,517,107,16,34,1,5,1,
35,7,88,452,54,30,1,5,1,
35,8,336,82,61,15,1,5,1,
35,10,246,203,244,57,1,5,1,
35,13,388,284,120,27,1,5,1,
35,14,925,61,34,26,1,5,1,
35,15,434,297,25,9,1,5,1,
35,16,830,491,43,52,1,5,1,
36,1,183,62,87,26,1,5,1,
36,2,611,398,21,16,1,5,1,
36,3,345,103,28,16,1,5,1,
36,6,517,109,16,33,1,5,1,
36,7,92,454,56,31,1,5,1,
36,8,331,82,64,15,1,5,1,
36,10,259,201,254,58,1,5,1,
36,13,400,284,118,26,1,5,1,
36,14,928,62,31,27,1,5,1,
36,15,430,297,28,9,1,5,1,
36,16,833,486,44,57,1,5,1,
37,1,192,61,89,25,1,5,1,
37,2,610,397,21,16,1,5,1,
37,3,351,103,23,16,1,5,1,
37,6,517,112,16,32,1,5,1,
37,7,96,457,59,31,1,5,1,
37,8,327,82,65,15,1,5,1,
37,10,276,201,258,58,1,5,1,
37,13,413,284,115,26,1,5,1,
37,14,932,64,28,26,1,5,1,
37,15,426,296,30,9,1,5,1,
37,16,838,481,42,58,1,5,1,
38,1,200,59,91,26,1,5,1,
38,2,608,396,22,15,1,5,1,
38,3,355,102,20,16,1,5,1,
38,6,516,114,16,31,1,5,1,
38,7,100,459,61,32,1,5,1,
38,8,322,81,67,15,1,5,1,
38,10,293,201,263,58,1,5,1,
38,13,424,284,114,25,1,5,1,
38,14,935,65,25,27,1,5,1,
38,15,421,296,33,9,1,5,1,
38,16,842,476,40,57,1,5,1,
39,1,210,58,91,26,1,5,1,
39,2,606,395,22,15,1,5,1,
39,3,359,101,18,16,1,5,1,
39,6,516,116,15,31,1,5,1,
39,7,105,462,63,33,1,5,1,
39,8,318,80,67,15,1,5,1,
39,10,316,201,261,58,1,5,1,
39,13,438,284,110,25,1,5,1,
39,14,939,67,21,26,1,5,1,
39,15,416,296,34,9,1,5,1,
39,16,845,472,39,54,1,5,1,
40,1,225,56,86,26,1,5,1,
40,2,604,394,23,14,1,5,1,
40,3,359,100,21,16,1,5,1,
40,6,515,119,16,29,1,5,1,
40,7,112,467,63,31,1,5,1,
40,8,315,79,63,15,1,5,1,
40,10,347,200,251,59,1,5,1,
40,13,457,284,100,25,1,5,1,
40,14,944,69,16,26,1,5,1,
40,15,411,295,34,9,1,5,1,
40,16,847,467,39,50,1,5,1,
41,1,232,54,90,27,1,5,1,
41,2,603,393,23,14,1,5,1,
41,3,358,98,27,16,1,5,1,
41,6,515,120,15,30,1,5,1,
41,7,115,469,68,32,1,5,1,
41,8,311,78,64,15,1,5,1,
41,10,362,200,256,59,1,5,1,
41,13,466,284,100,25,1,5,1,
41,14,946,70,14,25,1,5,1,
41,15,407,295,35,9,1,5,1,
41,16,850,463,38,49,1,5,1,
42,1,239,52,94,27,1,5,1,
42,2,601,392,24,14,1,5,1,
42,3,358,97,33,16,1,5,1,
42,6,514,122,15,29,1,5,1,
42,7,120,471,70,34,1,5,1,
42,8,308,76,63,16,1,5,1,
42,10,376,201,259,58,1,5,1,
42,13,474,284,100,24,1,5,1,
42,14,948,72,12,24,1,5,1,
42,15,402,294,37,9,1,5,1,
42,16,853,460,38,48,1,5,1,
43,1,247,51,97,26,1,5,1,
43,2,599,391,24,13,1,5,1,
43,3,358,96,40,16,1,5,1,
43,6,513,124,15,28,1,5,1,
43,7,125,474,73,34,1,5,1,
43,8,305,74,62,17,1,5,1,
43,10,396,201,257,58,1,5,1,
43,13,485,283,97,25,1,5,1,
43,15,397,294,38,8,1,5,1,
43,16,859,457,39,45,1,5,1,
44,1,255,49,101,27,1,5,1,
44,2,597,390,25,13,1,5,1,
44,3,359,95,46,15,1,5,1,
44,6,512,126,15,28,1,5,1,
44,7,130,476,77,36,1,5,1,
44,8,303,73,60,17,1,5,1,
44,10,413,202,258,57,1,5,1,
44,13,494,283,96,25,1,5,1,
44,15,392,293,39,8,1,5,1,
44,16,858,454,44,43,1,5,1,
45,1,265,47,103,27,1,5,1,
45,2,595,389,25,13,1,5,1,
45,3,360,93,52,16,1,5,1,
45,6,511,127,16,28,1,5,1,
45,7,136,479,80,36,1,5,1,
45,8,302,71,56,19,1,5,1,
45,10,435,202,254,57,1,5,1,
45,13,505,283,93,24,1,5,1,
45,15,388,292,38,9,1,5,1,
45,16,859,451,47,41,1,5,1,
46,1,273,45,108,28,1,5,1,
46,2,593,388,26,13,1,5,1,
46,3,362,91,58,16,1,5,1,
46,6,509,129,18,27,1,5,1,
46,7,142,482,83,37,1,5,1,
46,8,300,68,54,22,1,5,1,
46,10,455,202,251,57,1,5,1,
46,13,514,283,91,24,1,5,1,
46,15,384,292,38,8,1,5,1,
46,16,863,448,47,40,1,5,1,
47,1,282,43,112,28,1,5,1,
47,2,591,387,26,13,1,5,1,
47,3,365,90,63,16,1,5,1,
47,6,507,131,19,27,1,5,1,
47,7,148,485,86,38,1,5,1,
47,8,300,65,49,25,1,5,1,
47,10,476,203,247,56,1,5,1,
47,13,524,283,88,23,1,5,1,
47,15,380,291,37,9,1,5,1,
47,16,868,446,46,38,1,5,1,
48,1,291,42,115,28,1,5,1,
48,2,589,386,26,13,1,5,1,
48,3,369,89,67,16,1,5,1,
48,6,505,133,21,26,1,5,1,
48,7,155,488,89,38,1,5,1,
48,8,299,62,45,27,1,5,1,
48,10,498,203,242,56,1,5,1,
48,11,879,0,80,27,1,5,1,
48,13,534,283,85,23,1,5,1,
48,15,376,290,37,9,1,5,1,
48,16,874,443,44,37,1,5,1,
49,1,302,41,117,29,1,5,1,
49,2,587,385,26,13,1,5,1,
49,3,374,88,70,17,1,5,1,
49,6,503,135,22,25,1,5,1,
49,7,163,491,92,39,1,5,1,
49,8,297,60,42,27,1,5,1,
49,10,520,204,237,55,1,5,1,
49,11,887,0,72,31,1,5,1,
49,13,545,283,81,23,1,5,1,
49,15,372,290,35,8,1,5,1,
49,16,880,440,41,37,1,5,1,
50,1,314,40,118,29,1,5,1,
50,2,585,384,27,12,1,5,1,
50,3,380,88,71,16,1,5,1,
50,6,501,137,23,24,1,5,1,
50,7,171,495,95,39,1,5,1,
50,8,294,57,41,28,1,5,1,
50,10,542,205,231,54,1,5,1,
50,11,894,0,66,35,1,5,1,
50,13,554,283,78,22,1,5,1,
50,15,369,289,33,8,1,5,1,
50,16,885,437,40,36,1,5,1,
51,1,326,40,119,28,1,5,1,
51,2,582,383,28,12,1,5,1,
51,3,387,87,72,16,1,5,1,
51,6,499,138,24,24,1,5,1,
51,7,179,499,98,39,1,5,1,
51,8,292,55,40,28,1,5,1,
51,10,563,205,225,54,1,5,1,
51,11,901,0,59,39,1,5,1,
51,13,564,282,74,23,1,5,1,
51,15,367,288,30,8,1,5,1,
51,16,891,435,37,35,1,5,1,
52,1,338,39,121,29,1,5,1,
52,2,580,382,28,12,1,5,1,
52,3,394,86,73,17,1,5,1,
52,6,496,140,26,23,1,5,1,
52,7,187,502,102,40,1,5,1,
52,8,290,52,39,29,1,5,1,
52,10,582,206,221,53,1,5,1,
52,11,908,0,52,43,1,5,1,
52,13,572,282,72,22,1,5,1,
52,15,364,287,29,8,1,5,1,
52,16,895,432,35,35,1,5,1,
53,1,350,38,122,29,1,5,1,
53,2,578,382,28,11,1,5,1,
53,3,401,86,74,16,1,5,1,
53,6,493,142,28,23,1,5,1,
53,7,195,505,106,38,1,5,1,
53,8,288,50,38,29,1,5,1,
53,10,602,206,217,53,1,5,1,
53,11,915,0,45,47,1,5,1,
53,13,581,282,68,22,1,5,1,
53,15,362,287,26,8,1,5,1,
53,16,899,430,34,33,1,5,1,
54,1,362,38,123,29,1,5,1,
54,2,575,381,29,11,1,5,1,
54,3,408,85,76,17,1,5,1,
54,6,490,143,30,23,1,5,1,
54,7,204,509,110,34,1,5,1,
54,8,286,47,37,30,1,5,1,
54,10,621,207,212,52,1,5,1,
54,11,921,0,39,51,1,5,1,
54,13,589,282,66,22,1,5,1,
54,15,361,286,23,9,1,5,1,
54,16,902,428,33,33,1,5,1,
55,1,376,37,122,29,1,5,1,
55,2,573,380,29,11,1,5,1,
55,3,416,85,76,16,1,5,1,
55,6,486,145,33,22,1,5,1,
55,7,214,513,108,31,1,5,1,
55,8,284,44,37,31,1,5,1,
55,10,641,207,206,52,1,5,1,
55,11,926,0,34,55,1,5,1,
55,13,597,282,63,21,1,5,1,
55,15,360,286,20,8,1,5,1,
55,16,904,425,34,32,1,5,1,
56,1,387,36,125,30,1,5,1,
56,2,570,379,30,11,1,5,1,
56,3,423,84,77,17,1,5,1,
56,6,482,146,36,22,1,5,1,
56,7,223,516,107,28,1,5,1,
56,8,282,41,36,32,1,5,1,
56,10,658,208,203,51,1,5,1,
56,11,932,0,28,58,1,5,1,
56,13,604,282,61,21,1,5,1,
56,15,359,286,18,8,1,5,1,
56,16,907,423,33,32,1,5,1,
57,1,401,36,124,29,1,5,1,
57,2,568,378,30,11,1,5,1,
57,3,431,84,77,16,1,5,1,
57,6,478,148,40,20,1,5,1,
57,7,234,520,108,24,1,5,1,
57,8,280,38,35,33,1,5,1,
57,10,678,208,197,52,1,5,1,
57,11,936,0,24,62,1,5,1,
57,13,612,282,57,21,1,5,1,
57,15,358,286,15,9,1,5,1,
57,16,909,421,33,31,1,5,1,
58,1,414,36,125,29,1,5,1,
58,2,565,378,31,10,1,5,1,
58,3,439,83,78,17,1,5,1,
58,6,473,150,44,19,1,5,1,
58,7,244,524,113,20,1,5,1,
58,8,278,35,35,33,1,5,1,
58,10,695,209,193,51,1,5,1,
58,11,940,0,20,60,1,5,1,
58,13,618,282,56,20,1,5,1,
58,15,357,286,14,9,1,5,1,
58,16,911,418,32,31,1,5,1,
59,1,427,35,126,30,1,5,1,
59,2,563,377,30,10,1,5,1,
59,3,446,83,79,17,1,5,1,
59,6,468,151,47,19,1,5,1,
59,7,255,528,117,16,1,5,1,
59,8,276,32,34,34,1,5,1,
59,10,713,210,187,50,1,5,1,
59,13,625,281,53,21,1,5,1,
59,15,355,286,14,9,1,5,1,
59,16,913,416,32,30,1,5,1,
60,1,438,35,128,30,1,5,1,
60,3,453,83,80,16,1,5,1,
60,6,464,153,50,17,1,5,1,
60,8,274,29,34,35,1,5,1,
60,10,728,210,185,50,1,5,1,
60,13,631,281,51,20,1,5,1,
60,15,354,286,14,9,1,5,1,
60,16,915,414,31,30,1,5,1,
61,1,449,35,131,29,1,5,1,
61,3,460,83,82,16,1,5,1,
61,6,459,154,54,16,1,5,1,
61,8,272,26,34,36,1,5,1,
61,10,741,211,184,49,1,5,1,
61,13,636,281,50,20,1,5,1,
61,15,352,286,14,9,1,5,1,
61,16,916,412,31,30,1,5,1,
62,1,460,34,133,30,1,5,1,
62,3,466,82,84,17,1,5,1,
62,6,455,155,56,16,1,5,1,
62,8,271,22,33,38,1,5,1,
62,10,754,211,177,50,1,5,1,
62,13,640,281,49,20,1,5,1,
62,15,351,286,14,10,1,5,1,
62,16,918,410,30,30,1,5,1,
63,1,472,34,135,30,1,5,1,
63,3,474,82,84,17,1,5,1,
63,6,450,157,59,14,1,5,1,
63,8,269,19,33,39,1,5,1,
63,10,771,212,163,50,1,5,1,
63,13,646,281,44,20,1,5,1,
63,15,349,287,14,9,1,5,1,
63,16,919,408,30,29,1,5,1,
64,1,485,34,135,30,1,5,1,
64,3,481,82,85,17,1,5,1,
64,6,446,158,60,12,1,5,1,
64,8,268,15,32,41,1,5,1,
64,10,790,214,146,49,1,5,1,
64,13,653,281,39,19,1,5,1,
64,15,348,287,14,9,1,5,1,
64,16,919,406,30,29,1,5,1,
65,1,499,33,134,31,1,5,1,
65,3,490,82,84,17,1,5,1,
65,6,442,158,61,12,1,5,1,
65,8,266,12,32,41,1,5,1,
65,10,812,215,128,49,1,5,1,
65,13,659,281,35,19,1,5,1,
65,15,347,287,13,9,1,5,1,
65,16,920,404,29,28,1,5,1,
66,1,512,34,134,30,1,5,1,
66,3,497,82,85,17,1,5,1,
66,6,439,158,61,12,1,5,1,
66,8,265,8,30,43,1,5,1,
66,10,831,216,115,48,1,5,1,
66,13,664,281,32,19,1,5,1,
66,15,345,287,14,10,1,5,1,
66,16,920,402,29,28,1,5,1,
67,1,526,34,133,31,1,5,1,
67,3,506,82,84,17,1,5,1,
67,6,435,157,61,12,1,5,1,
67,8,263,4,30,44,1,5,1,
67,10,849,217,101,47,1,5,1,
67,13,669,281,29,18,1,5,1,
67,15,344,287,13,10,1,5,1,
67,16,921,400,28,28,1,5,1,
68,1,538,34,133,31,1,5,1,
68,3,513,82,85,18,1,5,1,
68,6,433,156,59,13,1,5,1,
68,8,262,0,29,45,1,5,1,
68,10,862,218,94,46,1,5,1,
68,13,673,281,27,18,1,5,1,
68,15,343,287,13,10,1,5,1,
68,16,921,398,28,28,1,5,1,
69,1,553,35,131,31,1,5,1,
69,3,522,82,84,18,1,5,1,
69,6,430,156,58,12,1,5,1,
69,8,261,-2,28,44,1,5,1,
69,10,875,219,84,45,1,5,1,
69,13,677,281,24,18,1,5,1,
69,15,342,288,12,10,1,5,1,
69,16,921,396,28,27,1,5,1,
70,1,565,35,131,32,1,5,1,
70,3,530,83,83,17,1,5,1,
70,6,428,155,56,13,1,5,1,
70,8,259,-6,28,45,1,5,1,
70,10,885,220,74,44,1,5,1,
70,13,680,281,23,17,1,5,1,
70,15,341,288,12,10,1,5,1,
70,16,921,395,28,26,1,5,1,
71,1,580,36,128,31,1,5,1,
71,3,539,83,81,18,1,5,1,
71,6,426,154,53,13,1,5,1,
71,8,258,-10,27,46,1,5,1,
71,10,895,221,65,44,1,5,1,
71,13,684,281,19,17,1,5,1,
71,15,339,288,12,10,1,5,1,
71,16,921,393,27,26,1,5,1,
72,1,593,37,127,31,1,5,1,
72,3,547,83,81,19,1,5,1,
72,6,425,152,50,14,1,5,1,
72,8,257,-14,26,47,1,5,1,
72,10,903,222,57,42,1,5,1,
72,13,686,281,18,17,1,5,1,
72,15,338,288,12,10,1,5,1,
72,16,919,391,29,25,1,5,1,
73,1,606,38,125,31,1,5,1,
73,3,555,84,80,18,1,5,1,
73,6,424,151,46,14,1,5,1,
73,8,257,-18,24,48,1,5,1,
73,10,911,223,49,40,1,5,1,
73,13,685,281,19,17,1,5,1,
73,15,337,288,12,11,1,5,1,
73,16,917,389,31,25,1,5,1,
74,1,619,38,123,32,1,5,1,
74,3,563,84,78,19,1,5,1,
74,6,423,150,43,14,1,5,1,
74,8,262,-23,18,50,1,5,1,
74,10,918,225,42,38,1,5,1,
74,13,683,281,22,16,1,5,1,
74,15,336,288,11,11,1,5,1,
74,16,910,387,39,26,1,5,1,
75,1,632,39,121,32,1,5,1,
75,3,571,85,77,19,1,5,1,
75,6,423,148,38,15,1,5,1,
75,8,261,-27,17,51,1,5,1,
75,10,925,228,35,35,1,5,1,
75,13,681,281,23,16,1,5,1,
75,15,335,289,11,10,1,5,1,
75,16,906,385,45,26,1,5,1,
76,1,644,40,120,32,1,5,1,
76,3,578,86,76,18,1,5,1,
76,6,424,147,33,16,1,5,1,
76,8,261,-32,16,52,1,5,1,
76,10,931,229,29,34,1,5,1,
76,13,679,281,26,16,1,5,1,
76,15,334,289,11,11,1,5,1,
76,16,902,384,49,25,1,5,1,
77,1,657,41,117,32,1,5,1,
77,3,586,86,75,19,1,5,1,
77,6,424,145,29,17,1,5,1,
77,8,260,-36,15,53,1,5,1,
77,10,934,230,26,33,1,5,1,
77,13,677,281,28,16,1,5,1,
77,15,334,289,11,11,1,5,1,
77,16,898,382,51,25,1,5,1,
78,1,669,43,116,31,1,5,1,
78,3,593,87,74,19,1,5,1,
78,6,424,143,25,19,1,5,1,
78,10,937,231,23,32,1,5,1,
78,13,674,281,30,15,1,5,1,
78,15,333,289,11,11,1,5,1,
78,16,894,380,52,25,1,5,1,
79,1,681,44,114,31,1,5,1,
79,3,601,88,72,19,1,5,1,
79,6,424,142,21,19,1,5,1,
79,13,672,281,31,15,1,5,1,
79,15,332,289,12,12,1,5,1,
79,16,890,379,53,24,1,5,1,
80,1,690,45,114,31,1,5,1,
80,3,606,88,72,20,1,5,1,
80,6,423,140,20,20,1,5,1,
80,13,670,281,32,15,1,5,1,
80,15,331,290,12,11,1,5,1,
80,16,886,377,54,24,1,5,1,
81,1,699,46,115,31,1,5,1,
81,3,612,89,72,20,1,5,1,
81,6,422,139,19,20,1,5,1,
81,13,667,281,33,14,1,5,1,
81,15,331,290,12,11,1,5,1,
81,16,882,375,55,25,1,5,1,
82,1,711,47,112,32,1,5,1,
82,3,619,90,70,20,1,5,1,
82,6,422,137,17,21,1,5,1,
82,13,665,281,33,14,1,5,1,
82,15,330,290,12,12,1,5,1,
82,16,878,374,54,24,1,5,1,
83,1,721,48,111,32,1,5,1,
83,3,625,90,69,21,1,5,1,
83,6,421,135,16,22,1,5,1,
83,13,662,281,34,14,1,5,1,
83,15,330,290,12,12,1,5,1,
83,16,874,372,55,24,1,5,1,
84,1,732,50,108,32,1,5,1,
84,3,632,91,67,21,1,5,1,
84,6,421,134,16,21,1,5,1,
84,13,660,281,34,14,1,5,1,
84,15,330,290,12,12,1,5,1,
84,16,870,371,55,23,1,5,1,
85,1,744,51,104,32,1,5,1,
85,3,639,92,64,21,1,5,1,
85,6,421,132,16,22,1,5,1,
85,13,657,281,35,14,1,5,1,
85,15,329,291,13,12,1,5,1,
85,16,866,369,54,23,1,5,1,
86,1,754,52,102,32,1,5,1,
86,3,645,93,63,21,1,5,1,
86,6,421,131,16,22,1,5,1,
86,13,655,281,35,13,1,5,1,
86,15,329,291,13,12,1,5,1,
86,16,862,368,54,22,1,5,1,
87,1,765,54,99,32,1,5,1,
87,3,651,94,61,22,1,5,1,
87,6,421,129,16,22,1,5,1,
87,13,652,281,35,13,1,5,1,
87,15,329,291,13,13,1,5,1,
87,16,858,367,54,21,1,5,1,
88,1,775,55,96,32,1,5,1,
88,3,658,95,58,22,1,5,1,
88,6,421,127,16,23,1,5,1,
88,13,649,281,36,13,1,5,1,
88,15,329,291,14,13,1,5,1,
88,16,854,365,53,21,1,5,1,
89,1,785,57,93,32,1,5,1,
89,3,663,96,57,22,1,5,1,
89,6,421,125,17,24,1,5,1,
89,13,647,281,36,13,1,5,1,
89,15,329,292,14,12,1,5,1,
89,16,850,364,53,21,1,5,1,
90,1,795,58,90,33,1,5,1,
90,3,669,97,54,22,1,5,1,
90,6,421,123,17,24,1,5,1,
90,13,644,281,36,13,1,5,1,
90,15,330,292,13,13,1,5,1,
90,16,846,363,53,20,1,5,1,
91,1,805,60,86,32,1,5,1,
91,3,675,99,52,22,1,5,1,
91,6,422,122,17,24,1,5,1,
91,13,642,281,36,12,1,5,1,
91,15,330,292,14,13,1,5,1,
91,16,842,362,53,19,1,5,1,
92,1,813,61,85,33,1,5,1,
92,3,680,100,47,22,1,5,1,
92,6,423,120,17,24,1,5,1,
92,13,639,281,36,12,1,5,1,
92,15,330,292,15,14,1,5,1,
92,16,838,360,53,20,1,5,1,
93,1,823,63,82,32,1,5,1,
93,3,686,101,43,23,1,5,1,
93,6,423,118,18,25,1,5,1,
93,13,636,280,37,13,1,5,1,
93,14,953,147,7,12,1,5,1,
93,15,331,293,14,13,1,5,1,
93,16,834,359,53,19,1,5,1,
94,1,833,65,78,32,1,5,1,
94,3,692,102,40,23,1,5,1,
94,6,424,116,18,25,1,5,1,
94,13,634,280,36,13,1,5,1,
94,14,952,148,7,12,1,5,1,
94,15,332,293,14,14,1,5,1,
94,16,830,358,51,18,1,5,1,
95,1,842,67,75,31,1,5,1,
95,3,697,103,37,23,1,5,1,
95,6,425,114,18,25,1,5,1,
95,13,631,280,36,13,1,5,1,
95,14,950,148,9,13,1,5,1,
95,15,333,293,14,14,1,5,1,
95,16,826,357,51,17,1,5,1,
96,1,850,69,72,31,1,5,1,
96,3,702,105,34,23,1,5,1,
96,6,426,112,19,25,1,5,1,
96,13,628,280,36,13,1,5,1,
96,14,949,148,10,14,1,5,1,
96,15,333,294,16,14,1,5,1,
96,16,822,356,51,17,1,5,1,
97,1,858,71,70,30,1,5,1,
97,3,706,106,32,23,1,5,1,
97,6,426,110,20,26,1,5,1,
97,13,626,280,36,13,1,5,1,
97,14,947,149,13,14,1,5,1,
97,15,334,294,16,14,1,5,1,
97,16,818,355,51,16,1,5,1,
98,1,866,72,67,31,1,5,1,
98,3,709,108,31,23,1,5,1,
98,6,427,108,21,26,1,5,1,
98,13,623,280,36,12,1,5,1,
98,14,946,150,13,14,1,5,1,
98,15,334,294,17,15,1,5,1,
98,16,814,354,50,16,1,5,1,
99,1,873,74,65,31,1,5,1,
99,3,713,109,28,23,1,5,1,
99,6,427,105,23,27,1,5,1,
99,13,620,280,36,12,1,5,1,
99,14,944,151,15,13,1,5,1,
99,15,334,294,19,15,1,5,1,
99,16,810,353,50,16,1,5,1,
100,1,881,76,61,30,1,5,1,
100,3,716,111,27,23,1,5,1,
100,6,427,103,25,28,1,5,1,
100,13,618,280,36,12,1,5,1,
100,14,943,152,16,13,1,5,1,
100,15,335,295,20,15,1,5,1,
100,16,806,352,50,15,1,5,1,
101,1,887,78,60,30,1,5,1,
101,3,719,113,25,22,1,5,1,
101,6,428,101,27,28,1,5,1,
101,13,615,280,36,12,1,5,1,
101,14,941,150,18,16,1,5,1,
101,15,336,295,21,15,1,5,1,
101,16,802,351,50,15,1,5,1,
102,1,894,79,64,30,1,5,1,
102,3,722,114,23,23,1,5,1,
102,6,429,99,29,28,1,5,1,
102,13,612,280,36,12,1,5,1,
102,14,939,151,20,16,1,5,1,
102,15,337,295,22,16,1,5,1,
102,16,798,350,50,15,1,5,1,
103,1,898,81,62,29,1,5,1,
103,3,725,115,19,23,1,5,1,
103,6,430,97,31,28,1,5,1,
103,13,610,280,36,12,1,5,1,
103,14,938,152,21,16,1,5,1,
103,15,338,296,23,15,1,5,1,
103,16,794,349,50,15,1,5,1,
104,1,903,84,57,27,1,5,1,
104,3,728,117,15,23,1,5,1,
104,6,431,94,33,29,1,5,1,
104,13,607,280,36,12,1,5,1,
104,14,936,153,21,16,1,5,1,
104,15,339,296,24,16,1,5,1,
104,16,790,348,49,14,1,5,1,
105,1,906,86,54,26,1,5,1,
105,3,726,118,15,23,1,5,1,
105,6,432,92,36,30,1,5,1,
105,11,945,149,14,21,1,5,1,
105,13,604,280,37,12,1,5,1,
105,14,934,154,22,15,1,5,1,
105,15,340,296,26,17,1,5,1,
105,16,786,347,50,14,1,5,1,
106,1,913,88,47,25,1,5,1,
106,3,724,120,17,23,1,5,1,
106,6,434,90,38,29,1,5,1,
106,11,942,149,17,23,1,5,1,
106,13,601,280,36,12,1,5,1,
106,14,932,155,22,15,1,5,1,
106,15,342,297,28,16,1,5,1,
106,16,782,347,49,13,1,5,1,
107,1,921,89,39,16,1,5,1,
107,2,430,375,18,12,1,5,1,
107,3,720,121,21,23,1,5,1,
107,6,435,87,41,30,1,5,1,
107,11,939,147,20,26,1,5,1,
107,13,598,280,37,12,1,5,1,
107,14,930,156,23,15,1,5,1,
107,15,344,297,29,17,1,5,1,
107,16,778,346,49,13,1,5,1,
108,1,931,91,29,14,1,5,1,
108,2,429,376,16,12,1,5,1,
108,3,715,123,27,23,1,5,1,
108,6,437,85,43,30,1,5,1,
108,11,936,149,23,25,1,5,1,
108,13,595,281,36,11,1,5,1,
108,14,928,157,23,15,1,5,1,
108,15,346,298,31,16,1,5,1,
108,16,774,345,48,13,1,5,1,
109,2,428,376,15,13,1,5,1,
109,3,709,125,33,22,1,5,1,
109,6,439,82,45,31,1,5,1,
109,10,944,250,15,15,1,5,1,
109,11,933,148,26,27,1,5,1,
109,13,592,281,36,12,1,5,1,
109,14,925,158,24,15,1,5,1,
109,15,348,298,32,17,1,5,1,
109,16,770,344,47,13,1,5,1,
110,2,427,377,14,13,1,5,1,
110,3,703,127,39,22,1,5,1,
110,6,441,80,48,30,1,5,1,
110,10,943,250,16,16,1,5,1,
110,11,930,150,29,27,1,5,1,
110,13,588,281,37,12,1,5,1,
110,14,923,159,24,15,1,5,1,
110,15,351,298,33,18,1,5,1,
110,16,766,343,47,12,1,5,1,
111,2,426,378,14,13,1,5,1,
111,3,698,129,42,21,1,5,1,
111,6,444,77,50,31,1,5,1,
111,10,941,249,18,17,1,5,1,
111,11,926,150,33,28,1,5,1,
111,13,584,281,39,12,1,5,1,
111,14,921,160,24,14,1,5,1,
111,15,353,299,36,17,1,5,1,
111,16,762,343,47,11,1,5,1,
112,2,425,379,13,13,1,5,1,
112,3,692,130,46,22,1,5,1,
112,6,446,75,53,31,1,5,1,
112,10,939,249,20,19,1,5,1,
112,11,923,150,36,29,1,5,1,
112,13,579,281,41,12,1,5,1,
112,14,919,161,24,14,1,5,1,
112,15,355,299,38,18,1,5,1,
112,16,758,342,47,11,1,5,1,
113,2,425,379,11,14,1,5,1,
113,3,686,132,49,21,1,5,1,
113,6,449,72,56,32,1,5,1,
113,10,936,247,23,22,1,5,1,
113,11,919,152,40,29,1,5,1,
113,13,574,281,43,12,1,5,1,
113,14,917,162,24,14,1,5,1,
113,15,358,300,40,18,1,5,1,
113,16,755,341,46,12,1,5,1,
114,2,424,380,11,14,1,5,1,
114,3,681,134,50,21,1,5,1,
114,6,452,70,58,31,1,5,1,
114,10,935,248,24,21,1,5,1,
114,11,916,154,43,28,1,5,1,
114,13,568,281,46,11,1,5,1,
114,14,915,163,24,14,1,5,1,
114,15,361,300,42,19,1,5,1,
114,16,751,341,46,11,1,5,1,
115,2,423,381,11,14,1,5,1,
115,3,676,136,51,21,1,5,1,
115,6,455,67,61,32,1,5,1,
115,10,936,247,23,22,1,5,1,
115,11,913,150,46,34,1,5,1,
115,13,563,281,47,11,1,5,1,
115,14,912,164,24,13,1,5,1,
115,15,364,301,44,18,1,5,1,
115,16,747,340,45,11,1,5,1,
116,2,423,382,10,15,1,5,1,
116,3,670,138,52,20,1,5,1,
116,6,458,64,64,33,1,5,1,
116,10,938,247,22,21,1,5,1,
116,11,912,152,44,33,1,5,1,
116,13,557,281,49,11,1,5,1,
116,14,910,164,24,14,1,5,1,
116,15,367,301,47,19,1,5,1,
116,16,743,339,45,11,1,5,1,
117,2,423,383,10,15,1,5,1,
117,3,665,140,53,20,1,5,1,
117,6,461,61,68,33,1,5,1,
117,10,940,247,20,20,1,5,1,
117,11,911,154,38,32,1,5,1,
117,13,552,280,50,12,1,5,1,
117,14,907,165,25,14,1,5,1,
117,15,371,301,49,20,1,5,1,
117,16,739,339,45,10,1,5,1,
118,2,422,384,10,15,1,5,1,
118,3,659,142,54,19,1,5,1,
118,5,952,251,7,8,1,5,1,
118,6,464,59,72,33,1,5,1,
118,10,944,248,16,19,1,5,1,
118,11,911,157,31,29,1,5,1,
118,13,547,280,50,11,1,5,1,
118,14,904,166,26,14,1,5,1,
118,15,374,302,52,20,1,5,1,
118,16,735,338,45,10,1,5,1,
119,2,422,385,10,15,1,5,1,
119,3,653,145,56,16,1,5,1,
119,5,948,250,11,9,1,5,1,
119,6,468,56,75,34,1,5,1,
119,10,943,249,17,18,1,5,1,
119,11,911,159,29,28,1,5,1,
119,13,541,280,51,11,1,5,1,
119,14,901,167,27,13,1,5,1,
119,15,379,302,53,21,1,5,1,
119,16,731,337,45,10,1,5,1,
120,2,422,386,10,15,1,5,1,
120,3,648,147,54,15,1,5,1,
120,5,946,249,13,10,1,5,1,
120,6,474,53,76,32,1,5,1,
120,10,940,251,20,16,1,5,1,
120,11,910,161,29,27,1,5,1,
120,13,536,279,47,11,1,5,1,
120,14,898,168,27,13,1,5,1,
120,15,385,303,54,20,1,5,1,
120,16,727,337,43,9,1,5,1,
121,2,422,387,10,15,1,5,1,
121,3,643,149,54,13,1,5,1,
121,5,943,249,16,11,1,5,1,
121,6,478,50,79,33,1,5,1,
121,10,942,251,18,13,1,5,1,
121,11,909,162,29,27,1,5,1,
121,13,532,278,46,11,1,5,1,
121,14,895,169,28,13,1,5,1,
121,15,389,304,57,20,1,5,1,
121,16,724,336,42,10,1,5,1,
122,2,421,388,11,15,1,5,1,
122,3,638,150,55,12,1,5,1,
122,5,940,249,19,11,1,5,1,
122,6,482,47,83,34,1,5,1,
122,11,909,163,28,27,1,5,1,
122,13,527,277,46,11,1,5,1,
122,14,893,170,28,12,1,5,1,
122,15,393,304,60,21,1,5,1,
122,16,720,336,43,9,1,5,1,
123,2,421,389,11,16,1,5,1,
123,3,633,151,56,11,1,5,1,
123,5,938,249,21,11,1,5,1,
123,6,486,44,87,35,1,5,1,
123,11,908,164,27,27,1,5,1,
123,13,523,276,46,12,1,5,1,
123,14,890,170,29,13,1,5,1,
123,15,397,305,64,21,1,5,1,
123,16,716,335,44,9,1,5,1,
124,2,421,389,12,17,1,5,1,
124,3,629,151,56,11,1,5,1,
124,5,936,249,23,11,1,5,1,
124,6,490,42,92,35,1,5,1,
124,11,907,165,27,27,1,5,1,
124,13,520,275,44,13,1,5,1,
124,14,887,171,29,13,1,5,1,
124,15,402,305,67,22,1,5,1,
124,16,712,335,44,9,1,5,1,
125,2,421,390,12,17,1,5,1,
125,3,625,151,55,11,1,5,1,
125,5,933,249,26,11,1,5,1,
125,6,495,39,95,35,1,5,1,
125,11,906,166,27,26,1,5,1,
125,13,517,273,42,14,1,5,1,
125,15,407,306,71,22,1,5,1,
125,16,708,334,44,9,1,5,1,
126,2,422,391,11,17,1,5,1,
126,3,622,151,53,11,1,5,1,
126,5,931,250,28,10,1,5,1,
126,6,500,36,99,36,1,5,1,
126,11,905,167,26,26,1,5,1,
126,13,514,272,40,15,1,5,1,
126,15,412,306,75,23,1,5,1,
126,16,704,333,45,10,1,5,1,
127,2,422,392,12,18,1,5,1,
127,3,618,151,52,11,1,5,1,
127,5,928,250,31,10,1,5,1,
127,6,505,33,103,37,1,5,1,
127,11,904,168,27,26,1,5,1,
127,13,512,270,37,16,1,5,1,
127,15,417,307,79,23,1,5,1,
127,16,701,333,44,9,1,5,1,
128,2,422,393,13,18,1,5,1,
128,3,616,151,49,11,1,5,1,
128,5,925,250,35,11,1,5,1,
128,6,511,30,107,37,1,5,1,
128,11,903,170,27,25,1,5,1,
128,13,511,268,32,17,1,5,1,
128,15,424,307,82,24,1,5,1,
128,16,697,332,44,9,1,5,1,
129,2,422,394,13,18,1,5,1,
129,3,614,151,46,10,1,5,1,
129,5,922,250,37,11,1,5,1,
129,6,516,27,112,38,1,5,1,
129,11,901,171,28,25,1,5,1,
129,13,510,266,29,18,1,5,1,
129,15,430,308,86,24,1,5,1,
129,16,693,332,44,9,1,5,1,
130,2,423,395,13,18,1,5,1,
130,3,613,150,42,11,1,5,1,
130,5,919,250,38,11,1,5,1,
130,6,523,24,115,38,1,5,1,
130,11,900,172,28,24,1,5,1,
130,13,510,264,24,18,1,5,1,
130,15,437,309,90,24,1,5,1,
130,16,689,331,44,9,1,5,1,
131,2,423,396,14,19,1,5,1,
131,3,612,150,38,11,1,5,1,
131,5,917,251,38,10,1,5,1,
131,6,529,21,119,39,1,5,1,
131,11,899,173,28,24,1,5,1,
131,13,510,262,20,19,1,5,1,
131,15,444,309,95,25,1,5,1,
131,16,686,331,44,9,1,5,1,
132,2,423,397,15,19,1,5,1,
132,3,612,150,33,10,1,5,1,
132,6,536,18,123,39,1,5,1,
132,11,897,174,29,24,1,5,1,
132,13,510,260,16,19,1,5,1,
132,15,451,310,99,25,1,5,1,
132,16,682,330,44,9,1,5,1,
133,2,424,399,16,19,1,5,1,
133,3,612,150,28,10,1,5,1,
133,6,542,15,128,39,1,5,1,
133,11,896,175,29,23,1,5,1,
133,13,510,258,12,19,1,5,1,
133,15,459,311,104,25,1,5,1,
133,16,678,330,44,9,1,5,1,
134,2,424,400,17,19,1,5,1,
134,3,613,149,23,11,1,5,1,
134,6,549,11,132,41,1,5,1,
134,11,895,176,28,22,1,5,1,
134,13,510,257,11,19,1,5,1,
134,15,466,311,110,26,1,5,1,
134,16,675,330,43,8,1,5,1,
135,2,424,401,19,19,1,5,1,
135,3,613,148,20,12,1,5,1,
135,6,556,8,136,41,1,5,1,
135,11,894,177,28,22,1,5,1,
135,13,510,255,12,19,1,5,1,
135,15,474,312,115,26,1,5,1,
135,16,671,329,44,9,1,5,1,
136,2,425,402,19,20,1,5,1,
136,3,613,148,16,11,1,5,1,
136,6,563,5,141,41,1,5,1,
136,11,891,178,31,21,1,5,1,
136,13,510,253,14,19,1,5,1,
136,15,483,313,120,26,1,5,1,
136,16,667,329,44,8,1,5,1,
137,2,426,403,20,20,1,5,1,
137,3,614,147,13,12,1,5,1,
137,6,571,2,145,42,1,5,1,
137,11,887,178,35,22,1,5,1,
137,13,511,252,17,18,1,5,1,
137,15,492,313,126,27,1,5,1,
137,16,664,328,43,9,1,5,1,
138,2,426,404,22,21,1,5,1,
138,3,614,147,15,12,1,5,1,
138,6,580,0,148,41,1,5,1,
138,11,884,179,39,22,1,5,1,
138,13,510,251,22,17,1,5,1,
138,15,503,314,129,27,1,5,1,
138,16,660,328,43,8,1,5,1,
139,2,427,405,23,21,1,5,1,
139,3,614,146,19,13,1,5,1,
139,6,588,0,153,38,1,5,1,
139,11,881,179,43,22,1,5,1,
139,13,510,251,27,15,1,5,1,
139,15,512,315,136,27,1,5,1,
139,16,656,327,44,9,1,5,1,
140,2,428,407,24,21,1,5,1,
140,3,615,146,23,12,1,5,1,
140,6,598,-3,156,38,1,5,1,
140,11,878,180,46,22,1,5,1,
140,13,510,250,31,14,1,5,1,
140,15,524,315,140,28,1,5,1,
140,16,653,327,43,9,1,5,1,
141,2,429,408,26,21,1,5,1,
141,3,614,146,30,13,1,5,1,
141,6,606,-6,160,38,1,5,1,
141,11,875,181,48,22,1,5,1,
141,13,511,250,36,12,1,5,1,
141,15,535,316,145,28,1,5,1,
141,16,649,327,43,8,1,5,1,
142,2,430,409,27,22,1,5,1,
142,3,614,146,36,13,1,5,1,
142,6,616,-9,160,38,1,5,1,
142,11,872,181,48,22,1,5,1,
142,13,512,250,40,12,1,5,1,
142,15,548,316,148,29,1,5,1,
142,16,645,326,43,9,1,5,1,
143,2,431,410,29,22,1,5,1,
143,3,614,146,43,13,1,5,1,
143,6,625,-11,160,38,1,5,1,
143,11,869,182,49,22,1,5,1,
143,13,514,250,43,12,1,5,1,
143,15,559,317,154,29,1,5,1,
143,16,642,326,43,8,1,5,1,
144,2,433,412,29,22,1,5,1,
144,3,615,145,49,14,1,5,1,
144,6,636,-14,159,37,1,5,1,
144,11,866,183,49,22,1,5,1,
144,13,517,249,45,12,1,5,1,
144,15,573,317,157,30,1,5,1,
144,16,638,326,42,8,1,5,1,
145,2,434,413,31,22,1,5,1,
145,3,616,145,55,14,1,5,1,
145,6,647,-16,161,35,1,5,1,
145,11,863,184,49,21,1,5,1,
145,13,520,249,48,12,1,5,1,
145,15,588,318,160,30,1,5,1,
145,16,635,325,41,9,1,5,1,
146,2,436,415,32,22,1,5,1,
146,3,619,145,59,14,1,5,1,
146,6,657,-19,165,35,1,5,1,
146,11,860,185,49,21,1,5,1,
146,13,522,249,51,12,1,5,1,
146,15,602,318,164,31,1,5,1,
146,16,631,325,42,8,1,5,1,
147,2,437,416,34,23,1,5,1,
147,3,621,145,64,14,1,5,1,
147,11,857,186,49,21,1,5,1,
147,13,525,249,54,12,1,5,1,
147,15,616,319,168,30,1,5,1,
147,16,627,325,42,8,1,5,1,
148,2,439,417,36,23,1,5,1,
148,3,624,145,68,15,1,5,1,
148,11,854,187,49,20,1,5,1,
148,13,528,249,56,12,1,5,1,
148,15,629,319,173,31,1,5,1,
148,16,624,324,42,9,1,5,1,
149,2,441,418,37,24,1,5,1,
149,3,628,145,70,15,1,5,1,
149,11,851,188,50,20,1,5,1,
149,13,531,249,59,12,1,5,1,
149,15,642,320,179,31,1,5,1,
149,16,620,324,43,8,1,5,1,
150,2,442,420,39,23,1,5,1,
150,3,632,146,72,14,1,5,1,
150,11,847,188,51,20,1,5,1,
150,13,535,249,61,12,1,5,1,
150,15,656,320,184,32,1,5,1,
150,16,617,324,42,8,1,5,1,
