1,1,69,33,46,23,1,5,1,
1,2,600,368,54,29,1,5,1,
1,3,899,308,28,14,1,5,1,
1,4,857,23,98,33,1,5,1,
1,5,138,55,75,18,1,5,1,
1,6,-13,352,65,32,1,5,1,
1,7,731,47,133,59,1,5,1,
1,8,883,485,75,25,1,5,1,
1,9,480,350,38,13,1,5,1,
1,10,751,456,14,24,1,5,1,
1,11,691,355,139,34,1,5,1,
1,12,735,460,216,67,1,5,1,
1,13,73,429,73,51,1,5,1,
1,14,102,318,70,19,1,5,1,
1,15,526,40,92,55,1,5,1,
1,16,187,280,47,39,1,5,1,
1,17,401,4,104,31,1,5,1,
1,18,541,0,51,13,1,5,1,
1,19,161,267,42,14,1,5,1,
1,20,131,496,67,34,1,5,1,
1,21,435,88,114,30,1,5,1,
1,22,485,0,112,27,1,5,1,
1,23,558,396,36,15,1,5,1,
1,24,193,81,56,36,1,5,1,
1,25,368,491,50,39,1,5,1,
1,26,873,48,86,24,1,5,1,
1,27,357,202,60,16,1,5,1,
1,28,633,341,31,10,1,5,1,
1,29,836,117,98,28,1,5,1,
1,30,701,391,75,26,1,5,1,
1,31,578,127,125,34,1,5,1,
1,32,222,478,48,16,1,5,1,
2,1,65,30,46,23,1,5,1,
2,2,601,370,62,28,1,5,1,
2,3,906,308,21,14,1,5,1,
2,4,849,23,99,36,1,5,1,
2,5,132,53,75,19,1,5,1,
2,6,-21,354,61,30,1,5,1,
2,7,724,52,122,58,1,5,1,
2,8,879,482,72,27,1,5,1,
2,9,485,350,37,13,1,5,1,
2,10,751,458,15,25,1,5,1,
2,11,699,357,142,33,1,5,1,
2,12,726,453,204,74,1,5,1,
2,13,66,433,70,53,1,5,1,
2,14,95,318,68,21,1,5,1,
2,15,524,31,82,63,1,5,1,
2,16,184,282,47,40,1,5,1,
2,17,411,4,105,31,1,5,1,
2,18,546,0,52,12,1,5,1,
2,19,154,267,48,14,1,5,1,
2,20,121,498,68,37,1,5,1,
2,21,425,88,115,28,1,5,1,
2,22,499,0,114,25,1,5,1,
2,23,557,394,31,16,1,5,1,
2,24,184,86,66,31,1,5,1,
2,25,369,485,40,44,1,5,1,
2,26,879,46,81,24,1,5,1,
2,27,349,202,63,16,1,5,1,
2,28,630,341,29,11,1,5,1,
2,29,844,113,109,30,1,5,1,
2,30,706,393,80,25,1,5,1,
2,31,570,126,120,34,1,5,1,
2,32,227,479,47,16,1,5,1,
3,1,62,28,44,23,1,5,1,
3,2,604,372,69,27,1,5,1,
3,3,908,308,20,13,1,5,1,
3,4,843,24,97,39,1,5,1,
3,5,125,50,76,22,1,5,1,
3,6,-26,357,51,30,1,5,1,
3,7,718,59,111,53,1,5,1,
3,8,876,479,67,28,1,5,1,
3,9,490,350,36,13,1,5,1,
3,10,750,460,19,26,1,5,1,
3,11,708,358,145,32,1,5,1,
3,12,719,445,187,79,1,5,1,
3,13,62,438,63,54,1,5,1,
3,14,88,319,64,21,1,5,1,
3,15,524,22,69,70,1,5,1,
3,16,182,284,47,41,1,5,1,
3,17,422,5,105,32,1,5,1,
3,18,551,0,52,12,1,5,1,
3,19,147,267,53,13,1,5,1,
3,20,112,501,66,40,1,5,1,
3,21,415,85,115,31,1,5,1,
3,22,515,-4,115,26,1,5,1,
3,23,557,392,26,17,1,5,1,
3,24,174,89,75,28,1,5,1,
3,25,368,480,33,47,1,5,1,
3,26,886,44,74,24,1,5,1,
3,27,342,202,63,16,1,5,1,
3,28,628,341,26,11,1,5,1,
3,29,854,109,106,31,1,5,1,
3,30,712,394,83,24,1,5,1,
3,31,563,123,113,36,1,5,1,
3,32,232,481,47,16,1,5,1,
4,1,59,25,41,23,1,5,1,
4,2,607,374,76,26,1,5,1,
4,3,908,307,20,14,1,5,1,
4,4,837,25,94,40,1,5,1,
4,5,119,47,76,25,1,5,1,
4,7,715,65,97,50,1,5,1,
4,8,874,477,61,28,1,5,1,
4,9,495,350,35,13,1,5,1,
4,10,749,462,25,27,1,5,1,
4,11,719,359,145,32,1,5,1,
4,12,714,438,168,82,1,5,1,
4,13,60,442,54,56,1,5,1,
4,14,83,320,59,22,1,5,1,
4,15,527,11,56,77,1,5,1,
4,16,182,286,47,42,1,5,1,
4,17,433,6,106,31,1,5,1,
4,18,557,0,51,12,1,5,1,
4,19,139,267,58,13,1,5,1,
4,20,104,504,63,39,1,5,1,
4,21,406,81,114,34,1,5,1,
4,22,532,-11,108,28,1,5,1,
4,23,557,391,21,16,1,5,1,
4,24,163,89,85,27,1,5,1,
4,25,368,474,26,49,1,5,1,
4,26,894,43,66,22,1,5,1,
4,27,337,201,60,17,1,5,1,
4,28,627,341,21,12,1,5,1,
4,29,867,106,93,30,1,5,1,
4,30,719,396,85,23,1,5,1,
4,31,557,119,104,39,1,5,1,
4,32,236,483,46,16,1,5,1,
5,1,56,21,39,24,1,5,1,
5,2,612,375,80,26,1,5,1,
5,3,907,307,20,14,1,5,1,
5,4,833,27,88,41,1,5,1,
5,5,113,45,75,26,1,5,1,
5,7,713,70,83,48,1,5,1,
5,8,873,474,55,28,1,5,1,
5,9,501,350,30,12,1,5,1,
5,10,749,465,31,28,1,5,1,
5,11,731,359,141,32,1,5,1,
5,12,712,431,146,83,1,5,1,
5,13,61,447,42,57,1,5,1,
5,14,78,321,53,22,1,5,1,
5,15,530,-1,53,85,1,5,1,
5,16,181,287,48,43,1,5,1,
5,17,445,7,106,29,1,5,1,
5,18,563,0,49,13,1,5,1,
5,19,131,267,62,13,1,5,1,
5,20,100,508,56,36,1,5,1,
5,21,397,76,112,37,1,5,1,
5,22,547,-21,106,34,1,5,1,
5,23,556,389,17,17,1,5,1,
5,24,152,88,93,27,1,5,1,
5,25,369,469,24,49,1,5,1,
5,26,903,42,57,19,1,5,1,
5,27,332,200,57,17,1,5,1,
5,28,627,342,17,12,1,5,1,
5,29,879,103,81,29,1,5,1,
5,30,726,398,86,21,1,5,1,
5,31,552,115,95,41,1,5,1,
5,32,241,485,45,16,1,5,1,
6,1,53,18,36,24,1,5,1,
6,2,617,377,85,25,1,5,1,
6,3,906,307,23,14,1,5,1,
6,4,829,28,83,43,1,5,1,
6,5,108,41,73,29,1,5,1,
6,7,712,74,69,47,1,5,1,
6,8,873,472,48,28,1,5,1,
6,9,508,349,24,12,1,5,1,
6,10,750,467,37,29,1,5,1,
6,11,743,360,136,31,1,5,1,
6,12,711,425,125,82,1,5,1,
6,13,60,452,40,58,1,5,1,
6,14,75,322,46,23,1,5,1,
6,15,529,-16,56,95,1,5,1,
6,16,179,287,53,44,1,5,1,
6,17,456,4,106,31,1,5,1,
6,18,570,0,46,14,1,5,1,
6,19,123,267,65,14,1,5,1,
6,20,93,512,52,32,1,5,1,
6,21,388,71,110,43,1,5,1,
6,23,556,387,13,17,1,5,1,
6,24,140,86,101,28,1,5,1,
6,25,371,465,24,47,1,5,1,
6,26,912,41,48,18,1,5,1,
6,27,327,199,55,17,1,5,1,
6,28,627,342,12,13,1,5,1,
6,29,892,100,68,27,1,5,1,
6,30,734,399,86,20,1,5,1,
6,31,549,110,85,44,1,5,1,
6,32,245,487,46,16,1,5,1,
7,1,50,15,34,24,1,5,1,
7,2,624,379,87,23,1,5,1,
7,3,904,307,27,13,1,5,1,
7,4,826,31,76,42,1,5,1,
7,5,104,38,69,30,1,5,1,
7,7,713,78,55,45,1,5,1,
7,8,873,470,41,27,1,5,1,
7,9,513,349,19,12,1,5,1,
7,10,752,470,42,29,1,5,1,
7,11,757,360,127,31,1,5,1,
7,12,712,418,104,82,1,5,1,
7,13,60,457,41,59,1,5,1,
7,14,74,324,37,23,1,5,1,
7,15,530,-31,59,104,1,5,1,
7,16,178,288,57,45,1,5,1,
7,17,467,2,107,30,1,5,1,
7,18,577,0,41,15,1,5,1,
7,19,115,267,67,16,1,5,1,
7,20,87,517,48,27,1,5,1,
7,21,380,65,108,49,1,5,1,
7,23,557,385,13,17,1,5,1,
7,24,128,83,108,30,1,5,1,
7,25,375,460,22,46,1,5,1,
7,26,922,42,38,13,1,5,1,
7,27,324,197,50,18,1,5,1,
7,28,626,343,13,13,1,5,1,
7,29,907,97,53,25,1,5,1,
7,30,743,400,84,19,1,5,1,
7,31,547,104,74,48,1,5,1,
7,32,251,487,42,17,1,5,1,
8,1,48,11,31,25,1,5,1,
8,2,631,381,89,22,1,5,1,
8,3,902,306,27,14,1,5,1,
8,4,824,33,68,43,1,5,1,
8,5,100,34,66,32,1,5,1,
8,7,712,82,43,44,1,5,1,
8,8,874,469,34,25,1,5,1,
8,9,518,349,15,11,1,5,1,
8,10,755,473,47,29,1,5,1,
8,11,771,360,119,31,1,5,1,
8,12,714,413,83,78,1,5,1,
8,13,62,462,43,59,1,5,1,
8,14,74,325,28,23,1,5,1,
8,15,534,-47,61,113,1,5,1,
8,16,176,288,64,46,1,5,1,
8,17,478,1,108,29,1,5,1,
8,18,583,0,38,16,1,5,1,
8,19,106,266,70,19,1,5,1,
8,20,82,523,43,21,1,5,1,
8,21,373,57,104,55,1,5,1,
8,23,558,384,13,17,1,5,1,
8,24,115,79,115,32,1,5,1,
8,25,374,456,28,44,1,5,1,
8,26,932,42,28,10,1,5,1,
8,27,321,196,46,19,1,5,1,
8,28,626,343,13,14,1,5,1,
8,30,751,401,84,19,1,5,1,
8,31,548,98,61,52,1,5,1,
8,32,257,487,38,20,1,5,1,
9,1,46,8,29,25,1,5,1,
9,2,640,382,88,22,1,5,1,
9,3,900,306,28,13,1,5,1,
9,4,823,35,59,44,1,5,1,
9,5,98,31,60,33,1,5,1,
9,7,711,85,34,44,1,5,1,
9,8,873,468,31,22,1,5,1,
9,9,519,348,18,12,1,5,1,
9,10,759,476,52,29,1,5,1,
9,11,786,360,107,31,1,5,1,
9,12,715,408,65,74,1,5,1,
9,13,67,468,43,57,1,5,1,
9,14,73,327,27,23,1,5,1,
9,15,531,-64,72,121,1,5,1,
9,16,174,288,74,48,1,5,1,
9,17,489,0,109,28,1,5,1,
9,18,589,0,33,19,1,5,1,
9,19,98,266,71,21,1,5,1,
9,21,366,48,100,62,1,5,1,
9,23,560,382,12,17,1,5,1,
9,24,102,76,120,34,1,5,1,
9,25,373,453,36,41,1,5,1,
9,27,320,195,39,19,1,5,1,
9,28,627,344,13,15,1,5,1,
9,30,760,401,83,19,1,5,1,
9,31,550,91,48,57,1,5,1,
9,32,263,487,33,24,1,5,1,
10,1,45,5,25,25,1,5,1,
10,2,648,383,88,21,1,5,1,
10,3,899,306,27,13,1,5,1,
10,4,823,38,50,43,1,5,1,
10,5,96,27,55,35,1,5,1,
10,6,0,390,23,25,1,5,1,
10,7,711,88,27,44,1,5,1,
10,8,871,466,31,22,1,5,1,
10,9,519,348,22,11,1,5,1,
10,10,763,479,56,28,1,5,1,
10,11,799,360,98,31,1,5,1,
10,12,714,403,52,70,1,5,1,
10,13,64,474,55,54,1,5,1,
10,14,73,328,27,23,1,5,1,
10,15,525,-80,92,127,1,5,1,
10,16,170,288,96,49,1,5,1,
10,17,501,0,108,26,1,5,1,
10,18,595,0,28,21,1,5,1,
10,19,90,267,72,22,1,5,1,
10,21,359,40,96,65,1,5,1,
10,23,560,381,16,16,1,5,1,
10,24,88,72,126,36,1,5,1,
10,25,372,450,44,38,1,5,1,
10,27,319,193,34,20,1,5,1,
10,28,627,345,14,15,1,5,1,
10,30,768,401,82,19,1,5,1,
10,31,553,84,44,61,1,5,1,
10,32,267,488,32,25,1,5,1,
11,1,45,2,21,25,1,5,1,
11,2,658,383,84,21,1,5,1,
11,3,897,305,27,13,1,5,1,
11,4,823,42,41,41,1,5,1,
11,5,95,24,48,34,1,5,1,
11,6,0,387,41,30,1,5,1,
11,7,712,92,27,43,1,5,1,
11,8,868,464,32,22,1,5,1,
11,9,519,347,26,12,1,5,1,
11,10,769,483,59,27,1,5,1,
11,11,810,359,92,31,1,5,1,
11,12,716,399,37,64,1,5,1,
11,13,63,480,75,49,1,5,1,
11,14,73,330,28,22,1,5,1,
11,15,521,-96,122,131,1,5,1,
11,16,170,288,108,50,1,5,1,
11,17,513,-6,107,30,1,5,1,
11,18,599,0,24,24,1,5,1,
11,19,82,268,72,24,1,5,1,
11,21,353,31,90,69,1,5,1,
11,23,560,380,20,15,1,5,1,
11,24,74,68,131,38,1,5,1,
11,25,373,447,51,35,1,5,1,
11,27,320,192,25,20,1,5,1,
11,28,626,345,18,16,1,5,1,
11,30,776,401,82,20,1,5,1,
11,31,552,76,46,65,1,5,1,
11,32,270,490,35,25,1,5,1,
12,1,43,0,21,24,1,5,1,
12,2,669,383,78,21,1,5,1,
12,3,895,305,27,13,1,5,1,
12,4,824,45,31,40,1,5,1,
12,5,96,21,40,34,1,5,1,
12,6,0,387,62,31,1,5,1,
12,7,715,96,26,41,1,5,1,
12,8,866,462,32,21,1,5,1,
12,9,519,347,30,11,1,5,1,
12,10,775,486,62,26,1,5,1,
12,11,820,359,87,30,1,5,1,
12,12,719,396,36,58,1,5,1,
12,13,65,485,93,44,1,5,1,
12,14,73,331,31,22,1,5,1,
12,16,175,290,111,51,1,5,1,
12,17,524,-10,103,30,1,5,1,
12,18,604,0,19,28,1,5,1,
12,19,75,269,71,25,1,5,1,
12,21,348,22,84,72,1,5,1,
12,23,560,378,25,15,1,5,1,
12,24,60,63,135,41,1,5,1,
12,25,376,444,56,32,1,5,1,
12,27,321,191,21,20,1,5,1,
12,28,626,346,23,16,1,5,1,
12,30,785,402,80,19,1,5,1,
12,31,553,67,47,70,1,5,1,
12,32,272,493,39,24,1,5,1,
13,1,42,-3,22,23,1,5,1,
13,2,679,383,74,20,1,5,1,
13,3,893,305,27,12,1,5,1,
13,4,822,49,26,37,1,5,1,
13,5,97,18,32,34,1,5,1,
13,6,0,387,83,31,1,5,1,
13,7,717,100,28,39,1,5,1,
13,8,864,460,32,21,1,5,1,
13,9,520,346,34,11,1,5,1,
13,10,783,490,62,23,1,5,1,
13,11,829,358,83,30,1,5,1,
13,12,723,393,35,53,1,5,1,
13,13,69,490,110,39,1,5,1,
13,14,71,332,37,22,1,5,1,
13,16,177,291,122,52,1,5,1,
13,17,534,-14,102,31,1,5,1,
13,18,607,1,16,29,1,5,1,
13,19,67,270,70,27,1,5,1,
13,21,345,13,76,75,1,5,1,
13,23,561,377,29,14,1,5,1,
13,24,46,59,138,43,1,5,1,
13,25,379,442,61,29,1,5,1,
13,27,319,189,22,21,1,5,1,
13,28,626,347,29,16,1,5,1,
13,30,795,402,74,19,1,5,1,
13,31,555,57,49,75,1,5,1,
13,32,275,495,42,24,1,5,1,
14,1,41,-6,23,23,1,5,1,
14,2,687,383,72,20,1,5,1,
14,3,890,304,28,13,1,5,1,
14,4,822,52,22,35,1,5,1,
14,5,99,16,24,32,1,5,1,
14,6,0,387,106,30,1,5,1,
14,7,715,105,39,34,1,5,1,
14,8,861,458,33,21,1,5,1,
14,9,521,345,37,12,1,5,1,
14,10,790,493,63,21,1,5,1,
14,11,837,358,80,30,1,5,1,
14,12,726,391,36,47,1,5,1,
14,13,76,492,125,37,1,5,1,
14,14,72,333,40,22,1,5,1,
14,16,180,292,132,53,1,5,1,
14,17,544,-17,106,30,1,5,1,
14,18,609,3,15,29,1,5,1,
14,19,60,272,69,27,1,5,1,
14,21,344,3,66,79,1,5,1,
14,23,562,377,33,12,1,5,1,
14,24,32,53,140,46,1,5,1,
14,25,383,441,65,25,1,5,1,
14,27,318,188,22,21,1,5,1,
14,28,627,348,34,17,1,5,1,
14,30,803,402,73,18,1,5,1,
14,31,554,47,57,80,1,5,1,
14,32,279,498,44,23,1,5,1,
15,1,43,-9,21,23,1,5,1,
15,2,695,382,70,20,1,5,1,
15,3,888,304,27,12,1,5,1,
15,4,822,55,21,34,1,5,1,
15,5,98,14,25,30,1,5,1,
15,6,0,386,128,30,1,5,1,
15,7,715,109,49,31,1,5,1,
15,8,859,457,32,20,1,5,1,
15,9,525,345,37,11,1,5,1,
15,10,799,496,62,19,1,5,1,
15,11,845,357,77,30,1,5,1,
15,12,722,389,49,40,1,5,1,
15,13,87,492,136,36,1,5,1,
15,14,74,334,44,22,1,5,1,
15,16,185,293,139,54,1,5,1,
15,18,611,6,14,29,1,5,1,
15,19,54,274,66,28,1,5,1,
15,21,344,-3,55,78,1,5,1,
15,23,564,376,37,12,1,5,1,
15,24,19,48,141,48,1,5,1,
15,25,388,439,68,23,1,5,1,
15,27,318,186,23,22,1,5,1,
15,28,629,350,40,16,1,5,1,
15,30,810,401,72,19,1,5,1,
15,31,549,38,80,82,1,5,1,
15,32,283,500,46,23,1,5,1,
16,1,47,-13,16,24,1,5,1,
16,2,700,382,75,20,1,5,1,
16,3,886,304,27,12,1,5,1,
16,4,821,57,21,34,1,5,1,
16,5,99,12,25,29,1,5,1,
16,6,4,385,146,29,1,5,1,
16,7,716,112,58,28,1,5,1,
16,8,857,455,32,20,1,5,1,
16,9,529,344,36,12,1,5,1,
16,10,807,499,61,17,1,5,1,
16,11,852,357,75,29,1,5,1,
16,12,719,387,63,35,1,5,1,
16,13,103,492,140,35,1,5,1,
16,14,77,335,47,22,1,5,1,
16,16,189,295,149,54,1,5,1,
16,18,613,8,13,29,1,5,1,
16,19,49,276,62,28,1,5,1,
16,21,348,-12,41,79,1,5,1,
16,23,567,376,39,11,1,5,1,
16,24,5,42,142,50,1,5,1,
16,25,394,438,71,21,1,5,1,
16,27,318,185,23,22,1,5,1,
16,28,632,351,44,16,1,5,1,
16,30,817,401,72,19,1,5,1,
16,31,545,29,105,84,1,5,1,
16,32,287,502,48,23,1,5,1,
17,1,44,-18,13,27,1,5,1,
17,2,707,382,75,20,1,5,1,
17,3,884,303,27,12,1,5,1,
17,4,820,59,21,33,1,5,1,
17,5,100,11,26,26,1,5,1,
17,6,22,384,147,29,1,5,1,
17,7,721,114,60,27,1,5,1,
17,8,854,453,33,20,1,5,1,
17,9,533,344,36,11,1,5,1,
17,10,816,502,58,15,1,5,1,
17,11,853,357,87,29,1,5,1,
17,12,718,386,75,30,1,5,1,
17,13,124,492,137,35,1,5,1,
17,14,80,336,50,23,1,5,1,
17,16,195,296,158,56,1,5,1,
17,18,614,11,13,28,1,5,1,
17,19,44,278,58,28,1,5,1,
17,21,347,-21,39,81,1,5,1,
17,23,570,376,42,11,1,5,1,
17,24,0,36,134,53,1,5,1,
17,25,400,437,73,20,1,5,1,
17,27,319,184,24,22,1,5,1,
17,28,635,352,49,15,1,5,1,
17,30,824,401,72,19,1,5,1,
17,31,542,21,132,85,1,5,1,
17,32,292,504,49,22,1,5,1,
18,2,714,381,75,21,1,5,1,
18,3,881,303,28,12,1,5,1,
18,4,819,61,22,33,1,5,1,
18,5,101,10,27,23,1,5,1,
18,6,43,383,144,29,1,5,1,
18,7,727,116,61,26,1,5,1,
18,8,852,451,32,20,1,5,1,
18,9,537,343,35,12,1,5,1,
18,10,825,504,54,13,1,5,1,
18,11,855,357,99,30,1,5,1,
18,12,719,385,86,29,1,5,1,
18,13,144,492,136,35,1,5,1,
18,14,84,336,52,24,1,5,1,
18,16,201,297,168,57,1,5,1,
18,18,616,13,12,28,1,5,1,
18,19,40,281,53,27,1,5,1,
18,21,346,-30,41,82,1,5,1,
18,23,574,375,44,12,1,5,1,
18,24,-3,29,123,56,1,5,1,
18,25,407,437,74,19,1,5,1,
18,27,316,182,29,23,1,5,1,
18,28,640,353,52,15,1,5,1,
18,30,831,401,72,19,1,5,1,
18,31,542,14,157,83,1,5,1,
18,32,297,506,51,22,1,5,1,
19,2,721,381,76,21,1,5,1,
19,3,879,303,28,11,1,5,1,
19,4,819,63,21,33,1,5,1,
19,5,98,8,34,21,1,5,1,
19,6,63,382,142,28,1,5,1,
19,7,732,118,65,26,1,5,1,
19,8,850,450,32,19,1,5,1,
19,9,540,343,36,11,1,5,1,
19,10,835,504,48,13,1,5,1,
19,11,860,357,99,30,1,5,1,
19,12,721,384,96,29,1,5,1,
19,13,163,492,135,36,1,5,1,
19,14,88,337,55,24,1,5,1,
19,16,207,299,179,57,1,5,1,
19,18,617,16,12,28,1,5,1,
19,19,37,283,48,27,1,5,1,
19,21,349,-39,40,82,1,5,1,
19,23,578,375,45,12,1,5,1,
19,24,-13,22,119,58,1,5,1,
19,25,415,436,73,19,1,5,1,
19,27,313,181,40,23,1,5,1,
19,28,645,354,55,15,1,5,1,
19,30,838,401,72,18,1,5,1,
19,31,543,7,182,81,1,5,1,
19,32,302,508,53,22,1,5,1,
20,2,728,381,77,20,1,5,1,
20,3,876,302,28,12,1,5,1,
20,4,818,65,21,32,1,5,1,
20,5,98,7,38,21,1,5,1,
20,6,83,381,140,28,1,5,1,
20,7,736,120,71,26,1,5,1,
20,8,847,448,33,19,1,5,1,
20,9,545,342,33,11,1,5,1,
20,10,844,504,43,13,1,5,1,
20,11,869,357,91,30,1,5,1,
20,12,724,383,107,30,1,5,1,
20,13,182,492,135,36,1,5,1,
20,14,92,338,58,24,1,5,1,
20,16,214,300,190,59,1,5,1,
20,18,618,18,12,28,1,5,1,
20,19,36,286,40,26,1,5,1,
20,21,352,-47,29,81,1,5,1,
20,23,583,375,45,12,1,5,1,
20,24,-21,15,112,61,1,5,1,
20,25,422,435,73,19,1,5,1,
20,27,312,180,51,23,1,5,1,
20,28,651,355,57,14,1,5,1,
20,30,845,401,71,18,1,5,1,
20,31,547,2,205,77,1,5,1,
20,32,307,510,54,22,1,5,1,
21,2,735,381,77,20,1,5,1,
21,3,874,302,28,11,1,5,1,
21,4,817,67,22,32,1,5,1,
21,5,99,5,42,21,1,5,1,
21,6,103,380,137,28,1,5,1,
21,7,741,122,77,25,1,5,1,
21,8,845,446,32,19,1,5,1,
21,9,549,342,31,11,1,5,1,
21,10,852,503,37,13,1,5,1,
21,11,877,357,83,30,1,5,1,
21,12,729,382,114,30,1,5,1,
21,13,199,492,137,36,1,5,1,
21,14,97,339,60,24,1,5,1,
21,16,222,302,202,59,1,5,1,
21,18,619,21,12,27,1,5,1,
21,19,35,289,33,24,1,5,1,
21,21,347,-55,42,79,1,5,1,
21,23,589,375,43,11,1,5,1,
21,24,-27,8,104,62,1,5,1,
21,25,430,434,72,19,1,5,1,
21,27,312,179,60,23,1,5,1,
21,28,657,356,59,14,1,5,1,
21,30,852,401,70,18,1,5,1,
21,31,553,0,225,70,1,5,1,
21,32,313,512,55,22,1,5,1,
22,2,742,380,77,21,1,5,1,
22,3,872,302,28,11,1,5,1,
22,4,815,69,23,31,1,5,1,
22,5,102,3,43,22,1,5,1,
22,6,123,379,134,27,1,5,1,
22,7,747,125,82,23,1,5,1,
22,8,842,445,33,19,1,5,1,
22,9,553,341,30,11,1,5,1,
22,10,860,502,30,12,1,5,1,
22,11,886,356,74,30,1,5,1,
22,12,738,382,115,30,1,5,1,
22,13,218,492,137,36,1,5,1,
22,14,102,340,63,24,1,5,1,
22,16,230,303,215,61,1,5,1,
22,18,620,23,11,27,1,5,1,
22,19,35,292,26,22,1,5,1,
22,23,594,375,43,11,1,5,1,
22,24,-31,1,92,64,1,5,1,
22,25,438,433,70,19,1,5,1,
22,27,313,178,70,23,1,5,1,
22,28,665,357,58,13,1,5,1,
22,30,860,400,68,19,1,5,1,
22,31,562,-2,242,61,1,5,1,
22,32,319,514,57,22,1,5,1,
23,2,749,380,78,21,1,5,1,
23,3,869,301,28,12,1,5,1,
23,4,814,70,23,32,1,5,1,
23,5,104,2,45,21,1,5,1,
23,6,142,378,132,27,1,5,1,
23,7,753,126,88,23,1,5,1,
23,8,840,443,33,19,1,5,1,
23,9,556,341,30,11,1,5,1,
23,10,868,500,22,13,1,5,1,
23,11,894,356,66,28,1,5,1,
23,12,748,381,115,31,1,5,1,
23,13,235,492,139,36,1,5,1,
23,14,107,340,65,25,1,5,1,
23,16,240,305,227,61,1,5,1,
23,18,620,25,12,27,1,5,1,
23,19,34,294,23,21,1,5,1,
23,23,599,375,42,11,1,5,1,
23,24,-34,-4,81,63,1,5,1,
23,25,445,432,70,19,1,5,1,
23,27,316,178,78,22,1,5,1,
23,28,672,357,58,13,1,5,1,
23,30,867,400,67,19,1,5,1,
23,31,574,-3,255,55,1,5,1,
23,32,324,515,59,23,1,5,1,
24,2,757,380,77,20,1,5,1,
24,3,867,301,28,11,1,5,1,
24,4,813,72,23,31,1,5,1,
24,5,106,0,48,22,1,5,1,
24,6,161,377,130,27,1,5,1,
24,7,761,127,91,22,1,5,1,
24,8,837,442,33,18,1,5,1,
24,9,560,340,28,11,1,5,1,
24,10,875,498,15,15,1,5,1,
24,11,903,357,57,26,1,5,1,
24,12,759,381,113,30,1,5,1,
24,13,254,492,139,35,1,5,1,
24,14,113,341,68,25,1,5,1,
24,16,250,301,244,63,1,5,1,
24,18,621,28,11,26,1,5,1,
24,19,34,297,22,19,1,5,1,
24,23,605,374,40,11,1,5,1,
24,24,-33,-10,65,62,1,5,1,
24,25,453,431,68,19,1,5,1,
24,27,320,177,85,23,1,5,1,
24,28,680,357,57,13,1,5,1,
24,30,874,400,65,18,1,5,1,
24,31,590,-2,262,51,1,5,1,
24,32,331,517,59,23,1,5,1,
25,2,765,380,75,20,1,5,1,
25,3,864,301,29,11,1,5,1,
25,4,812,74,23,31,1,5,1,
25,5,109,0,50,20,1,5,1,
25,6,179,376,128,26,1,5,1,
25,7,771,127,90,22,1,5,1,
25,8,835,440,33,18,1,5,1,
25,9,563,340,28,11,1,5,1,
25,10,877,495,14,18,1,5,1,
25,11,912,359,48,24,1,5,1,
25,12,770,381,111,30,1,5,1,
25,13,272,491,140,36,1,5,1,
25,14,119,342,70,25,1,5,1,
25,16,262,298,258,65,1,5,1,
25,18,621,30,11,26,1,5,1,
25,19,33,299,24,17,1,5,1,
25,23,610,374,39,11,1,5,1,
25,24,-31,-15,49,60,1,5,1,
25,25,460,430,68,19,1,5,1,
25,27,325,177,90,22,1,5,1,
25,28,689,357,53,13,1,5,1,
25,30,882,399,62,19,1,5,1,
25,31,608,0,264,47,1,5,1,
25,32,337,519,61,22,1,5,1,
26,2,773,380,74,20,1,5,1,
26,3,862,300,28,11,1,5,1,
26,4,811,76,23,30,1,5,1,
26,5,111,0,52,19,1,5,1,
26,6,198,374,124,27,1,5,1,
26,7,781,127,90,22,1,5,1,
26,8,832,439,33,17,1,5,1,
26,9,566,340,28,10,1,5,1,
26,10,878,493,14,18,1,5,1,
26,11,922,362,38,19,1,5,1,
26,12,780,381,110,30,1,5,1,
26,13,291,491,139,35,1,5,1,
26,14,125,342,74,26,1,5,1,
26,16,279,298,266,65,1,5,1,
26,18,621,32,11,26,1,5,1,
26,19,32,300,27,17,1,5,1,
26,23,616,374,36,11,1,5,1,
26,25,468,429,66,19,1,5,1,
26,27,332,177,94,22,1,5,1,
26,28,697,357,49,13,1,5,1,
26,30,889,399,60,19,1,5,1,
26,31,630,0,259,46,1,5,1,
26,32,343,521,63,22,1,5,1,
27,2,780,379,73,20,1,5,1,
27,3,859,300,29,11,1,5,1,
27,4,810,78,23,30,1,5,1,
27,5,114,0,55,18,1,5,1,
27,6,216,374,122,27,1,5,1,
27,7,789,127,97,21,1,5,1,
27,8,830,437,33,18,1,5,1,
27,9,570,339,25,11,1,5,1,
27,10,881,493,14,16,1,5,1,
27,12,790,381,109,29,1,5,1,
27,13,310,490,139,35,1,5,1,
27,14,131,343,77,26,1,5,1,
27,16,297,298,271,66,1,5,1,
27,18,621,35,12,25,1,5,1,
27,19,32,300,29,17,1,5,1,
27,23,621,373,33,11,1,5,1,
27,25,474,428,67,19,1,5,1,
27,27,339,177,97,22,1,5,1,
27,28,705,357,45,13,1,5,1,
27,30,895,399,60,18,1,5,1,
27,31,654,0,247,46,1,5,1,
27,32,350,523,63,20,1,5,1,
28,2,788,379,71,20,1,5,1,
28,3,857,300,28,11,1,5,1,
28,4,808,80,23,29,1,5,1,
28,5,118,-1,56,18,1,5,1,
28,6,234,374,119,27,1,5,1,
28,7,799,126,100,22,1,5,1,
28,8,827,436,33,17,1,5,1,
28,9,574,339,23,10,1,5,1,
28,10,883,491,15,16,1,5,1,
28,12,801,380,107,30,1,5,1,
28,13,329,489,138,35,1,5,1,
28,14,139,344,78,26,1,5,1,
28,16,315,299,276,66,1,5,1,
28,18,622,37,11,25,1,5,1,
28,19,32,300,30,17,1,5,1,
28,23,626,373,31,10,1,5,1,
28,25,482,428,66,18,1,5,1,
28,27,348,177,97,23,1,5,1,
28,28,714,356,39,13,1,5,1,
28,30,901,398,58,19,1,5,1,
28,31,689,0,221,47,1,5,1,
28,32,357,525,64,18,1,5,1,
29,2,795,379,70,20,1,5,1,
29,3,854,300,29,10,1,5,1,
29,4,807,81,23,30,1,5,1,
29,5,121,-2,58,17,1,5,1,
29,6,250,374,118,26,1,5,1,
29,7,809,125,101,22,1,5,1,
29,8,825,434,33,17,1,5,1,
29,9,577,338,21,11,1,5,1,
29,10,885,490,15,15,1,5,1,
29,12,811,380,105,30,1,5,1,
29,13,347,488,138,35,1,5,1,
29,14,146,344,81,26,1,5,1,
29,16,334,300,279,65,1,5,1,
29,18,622,39,11,25,1,5,1,
29,19,33,301,31,17,1,5,1,
29,23,630,372,30,11,1,5,1,
29,24,0,-26,26,40,1,5,1,
29,25,488,429,67,17,1,5,1,
29,27,358,177,95,23,1,5,1,
29,28,720,356,37,13,1,5,1,
29,30,907,398,52,18,1,5,1,
29,31,712,0,219,46,1,5,1,
29,32,364,526,65,17,1,5,1,
30,2,804,379,66,19,1,5,1,
30,3,852,299,28,11,1,5,1,
30,4,806,83,23,29,1,5,1,
30,5,125,-3,60,17,1,5,1,
30,6,267,374,114,27,1,5,1,
30,7,821,125,98,22,1,5,1,
30,8,822,433,33,17,1,5,1,
30,9,580,338,20,10,1,5,1,
30,10,887,488,14,16,1,5,1,
30,12,821,380,104,29,1,5,1,
30,13,367,487,136,35,1,5,1,
30,14,154,345,84,26,1,5,1,
30,16,357,300,277,65,1,5,1,
30,18,622,41,10,25,1,5,1,
30,19,34,301,32,17,1,5,1,
30,23,634,372,29,10,1,5,1,
30,25,496,429,66,17,1,5,1,
30,27,369,178,93,23,1,5,1,
30,28,725,355,37,13,1,5,1,
30,30,914,397,46,19,1,5,1,
30,31,736,0,212,47,1,5,1,
30,32,371,528,64,15,1,5,1,
31,2,811,378,64,20,1,5,1,
31,3,849,299,29,11,1,5,1,
31,4,804,85,24,28,1,5,1,
31,5,128,-4,62,17,1,5,1,
31,6,283,375,112,26,1,5,1,
31,7,831,124,99,22,1,5,1,
31,8,820,432,33,16,1,5,1,
31,9,583,337,19,11,1,5,1,
31,10,889,486,14,16,1,5,1,
31,12,831,379,102,30,1,5,1,
31,13,386,485,135,35,1,5,1,
31,14,162,346,86,26,1,5,1,
31,16,380,300,274,64,1,5,1,
31,18,622,43,10,25,1,5,1,
31,19,35,301,33,18,1,5,1,
31,23,638,371,28,10,1,5,1,
31,25,503,429,66,17,1,5,1,
31,27,378,179,92,22,1,5,1,
31,28,730,355,36,13,1,5,1,
31,30,919,397,41,18,1,5,1,
31,31,757,0,202,48,1,5,1,
31,32,378,530,63,14,1,5,1,
32,2,818,378,63,19,1,5,1,
32,3,846,299,29,10,1,5,1,
32,4,803,87,24,28,1,5,1,
32,5,132,-5,64,17,1,5,1,
32,6,299,376,108,27,1,5,1,
32,7,842,124,99,22,1,5,1,
32,8,817,430,33,17,1,5,1,
32,9,585,337,18,10,1,5,1,
32,10,890,485,14,15,1,5,1,
32,12,841,379,100,29,1,5,1,
32,13,405,484,133,35,1,5,1,
32,14,170,346,88,27,1,5,1,
32,16,402,298,277,65,1,5,1,
32,18,621,46,11,24,1,5,1,
32,19,36,302,34,17,1,5,1,
32,23,641,370,28,11,1,5,1,
32,25,511,428,65,17,1,5,1,
32,27,388,179,91,23,1,5,1,
32,28,735,355,35,12,1,5,1,
32,30,925,397,35,18,1,5,1,
32,31,776,0,184,49,1,5,1,
32,32,385,532,63,12,1,5,1,
33,2,825,378,61,19,1,5,1,
33,3,844,299,29,10,1,5,1,
33,4,802,88,23,28,1,5,1,
33,5,137,-6,63,17,1,5,1,
33,6,314,378,105,26,1,5,1,
33,7,853,124,99,22,1,5,1,
33,8,815,429,33,16,1,5,1,
33,9,588,336,17,10,1,5,1,
33,10,892,483,14,16,1,5,1,
33,12,850,379,100,29,1,5,1,
33,13,423,483,133,34,1,5,1,
33,14,179,347,89,27,1,5,1,
33,16,424,297,278,66,1,5,1,
33,18,621,48,11,23,1,5,1,
33,19,38,302,34,18,1,5,1,
33,23,645,370,27,10,1,5,1,
33,25,518,428,64,17,1,5,1,
33,27,397,180,90,22,1,5,1,
33,28,740,354,35,12,1,5,1,
33,30,931,396,29,18,1,5,1,
33,31,792,0,168,53,1,5,1,
33,32,393,533,63,11,1,5,1,
34,2,831,377,61,19,1,5,1,
34,3,841,298,29,10,1,5,1,
34,4,800,90,24,27,1,5,1,
34,6,329,379,101,28,1,5,1,
34,7,863,123,96,23,1,5,1,
34,8,812,428,33,16,1,5,1,
34,9,590,336,16,10,1,5,1,
34,10,893,482,14,15,1,5,1,
34,12,859,378,99,29,1,5,1,
34,13,442,482,131,34,1,5,1,
34,14,189,348,90,27,1,5,1,
34,16,445,301,283,66,1,5,1,
34,18,621,50,10,23,1,5,1,
34,19,39,302,36,18,1,5,1,
34,23,648,369,26,11,1,5,1,
34,25,525,427,63,17,1,5,1,
34,27,406,180,90,22,1,5,1,
34,28,744,354,35,12,1,5,1,
34,30,936,398,24,14,1,5,1,
34,31,808,0,152,55,1,5,1,
34,32,400,535,64,9,1,5,1,
35,2,837,377,60,19,1,5,1,
35,3,839,298,29,10,1,5,1,
35,4,799,92,23,27,1,5,1,
35,6,341,381,102,28,1,5,1,
35,7,874,123,86,22,1,5,1,
35,8,810,426,33,16,1,5,1,
35,9,592,335,16,10,1,5,1,
35,10,894,480,14,15,1,5,1,
35,12,868,378,91,29,1,5,1,
35,13,460,481,130,34,1,5,1,
35,14,198,348,91,28,1,5,1,
35,16,465,307,290,64,1,5,1,
35,18,621,52,10,23,1,5,1,
35,19,41,302,37,18,1,5,1,
35,23,651,369,26,10,1,5,1,
35,25,532,426,62,17,1,5,1,
35,27,415,181,89,22,1,5,1,
35,28,749,353,34,12,1,5,1,
35,30,942,400,18,9,1,5,1,
35,31,818,0,142,56,1,5,1,
36,2,843,376,59,19,1,5,1,
36,3,836,298,29,10,1,5,1,
36,4,797,93,24,27,1,5,1,
36,6,352,382,106,29,1,5,1,
36,7,884,123,76,22,1,5,1,
36,8,807,425,33,16,1,5,1,
36,9,594,335,15,10,1,5,1,
36,10,896,478,13,16,1,5,1,
36,12,877,378,83,28,1,5,1,
36,13,477,480,130,34,1,5,1,
36,14,207,349,93,28,1,5,1,
36,16,485,308,297,65,1,5,1,
36,18,620,54,10,23,1,5,1,
36,19,42,303,39,18,1,5,1,
36,23,654,368,26,10,1,5,1,
36,25,538,425,62,17,1,5,1,
36,27,424,181,88,22,1,5,1,
36,28,753,353,34,12,1,5,1,
36,31,836,0,124,57,1,5,1,
37,2,849,376,58,19,1,5,1,
37,3,834,298,29,9,1,5,1,
37,4,796,95,24,26,1,5,1,
37,6,364,384,109,30,1,5,1,
37,7,895,122,65,23,1,5,1,
37,8,805,424,33,15,1,5,1,
37,9,596,334,14,10,1,5,1,
37,10,897,477,13,15,1,5,1,
37,12,885,377,75,29,1,5,1,
37,13,494,479,134,34,1,5,1,
37,14,216,350,95,28,1,5,1,
37,16,505,308,303,66,1,5,1,
37,18,620,56,10,22,1,5,1,
37,19,44,303,40,18,1,5,1,
37,23,657,368,25,10,1,5,1,
37,25,544,424,62,17,1,5,1,
37,27,432,182,88,21,1,5,1,
37,28,757,352,34,12,1,5,1,
37,31,854,0,106,46,1,5,1,
38,2,855,375,57,19,1,5,1,
38,3,831,297,29,10,1,5,1,
38,4,794,96,24,26,1,5,1,
38,6,376,386,112,30,1,5,1,
38,7,905,122,55,20,1,5,1,
38,8,802,422,33,16,1,5,1,
38,9,598,334,13,10,1,5,1,
38,10,898,475,13,15,1,5,1,
38,12,895,377,65,27,1,5,1,
38,13,512,480,135,33,1,5,1,
38,14,225,351,98,28,1,5,1,
38,16,527,308,308,67,1,5,1,
38,18,619,58,10,22,1,5,1,
38,19,46,303,42,19,1,5,1,
38,23,660,367,25,10,1,5,1,
38,25,551,424,60,16,1,5,1,
38,27,442,182,86,22,1,5,1,
38,28,762,352,33,12,1,5,1,
38,31,873,0,87,33,1,5,1,
39,2,861,375,56,19,1,5,1,
39,3,828,297,30,10,1,5,1,
39,4,793,98,24,26,1,5,1,
39,6,389,388,115,31,1,5,1,
39,7,916,122,44,14,1,5,1,
39,8,800,421,33,15,1,5,1,
39,9,600,333,12,10,1,5,1,
39,10,898,474,14,15,1,5,1,
39,12,904,376,56,28,1,5,1,
39,13,530,480,136,34,1,5,1,
39,14,235,351,100,29,1,5,1,
39,16,550,309,313,66,1,5,1,
39,18,619,60,9,22,1,5,1,
39,19,48,303,43,19,1,5,1,
39,23,663,366,24,11,1,5,1,
39,25,558,423,59,16,1,5,1,
39,27,451,183,85,21,1,5,1,
39,28,767,351,32,12,1,5,1,
40,2,868,374,54,19,1,5,1,
40,3,826,297,29,10,1,5,1,
40,4,791,99,24,26,1,5,1,
40,6,403,390,118,31,1,5,1,
40,7,928,124,32,9,1,5,1,
40,8,797,420,33,15,1,5,1,
40,9,602,333,11,10,1,5,1,
40,10,899,472,14,15,1,5,1,
40,12,913,380,47,23,1,5,1,
40,13,549,480,135,34,1,5,1,
40,14,246,352,101,29,1,5,1,
40,16,574,309,316,67,1,5,1,
40,18,618,62,10,21,1,5,1,
40,19,51,304,44,19,1,5,1,
40,23,666,366,23,10,1,5,1,
40,25,565,422,57,16,1,5,1,
40,27,460,183,84,22,1,5,1,
40,28,771,351,32,12,1,5,1,
41,2,874,374,52,18,1,5,1,
41,3,823,297,29,9,1,5,1,
41,4,789,101,24,25,1,5,1,
41,6,418,393,122,30,1,5,1,
41,8,795,419,32,14,1,5,1,
41,9,604,332,10,10,1,5,1,
41,10,900,470,13,15,1,5,1,
41,12,923,381,37,20,1,5,1,
41,13,570,480,132,34,1,5,1,
41,14,258,353,101,29,1,5,1,
41,16,601,309,317,68,1,5,1,
41,18,617,64,10,21,1,5,1,
41,19,53,304,45,19,1,5,1,
41,23,670,365,22,10,1,5,1,
41,25,572,421,56,16,1,5,1,
41,27,470,184,81,21,1,5,1,
41,28,776,350,30,12,1,5,1,
42,2,878,374,53,18,1,5,1,
42,3,821,297,29,9,1,5,1,
42,4,788,102,24,25,1,5,1,
42,6,429,395,129,30,1,5,1,
42,8,792,418,33,14,1,5,1,
42,9,605,332,10,10,1,5,1,
42,10,901,469,13,15,1,5,1,
42,12,929,383,31,13,1,5,1,
42,13,583,481,138,33,1,5,1,
42,14,266,354,105,29,1,5,1,
42,16,619,309,328,68,1,5,1,
42,18,616,65,11,22,1,5,1,
42,19,55,304,47,20,1,5,1,
42,23,672,365,22,10,1,5,1,
42,25,577,420,56,16,1,5,1,
42,27,477,184,82,21,1,5,1,
42,28,779,350,31,12,1,5,1,
43,2,883,373,52,18,1,5,1,
43,3,818,296,29,10,1,5,1,
43,4,786,104,25,24,1,5,1,
43,6,443,395,134,30,1,5,1,
43,8,790,417,33,14,1,5,1,
43,9,606,332,10,9,1,5,1,
43,10,901,467,13,15,1,5,1,
43,13,600,481,139,34,1,5,1,
43,14,276,354,108,30,1,5,1,
43,16,641,309,318,69,1,5,1,
43,18,615,67,11,21,1,5,1,
43,19,58,304,48,20,1,5,1,
43,23,674,364,22,10,1,5,1,
43,25,582,420,57,15,1,5,1,
43,27,485,185,81,21,1,5,1,
43,28,783,349,31,12,1,5,1,
44,2,888,373,51,18,1,5,1,
44,3,815,296,30,9,1,5,1,
44,4,784,105,25,24,1,5,1,
44,6,458,395,138,30,1,5,1,
44,9,607,331,10,10,1,5,1,
44,10,902,466,13,14,1,5,1,
44,13,616,481,141,34,1,5,1,
44,14,286,355,111,30,1,5,1,
44,16,664,308,296,71,1,5,1,
44,18,615,69,11,21,1,5,1,
44,19,61,305,50,20,1,5,1,
44,23,677,364,21,10,1,5,1,
44,25,588,419,56,15,1,5,1,
44,27,493,185,80,21,1,5,1,
44,28,787,349,30,12,1,5,1,
45,2,893,372,50,18,1,5,1,
45,3,813,296,30,9,1,5,1,
45,4,782,106,26,25,1,5,1,
45,6,473,394,141,30,1,5,1,
45,9,608,331,10,9,1,5,1,
45,10,901,463,13,16,1,5,1,
45,13,632,481,143,34,1,5,1,
45,14,296,356,115,30,1,5,1,
45,16,685,308,275,71,1,5,1,
45,18,614,70,11,21,1,5,1,
45,19,63,305,52,20,1,5,1,
45,23,679,363,21,10,1,5,1,
45,25,593,418,56,16,1,5,1,
45,27,500,186,80,20,1,5,1,
45,28,790,349,31,11,1,5,1,
46,2,898,372,49,18,1,5,1,
46,3,810,296,30,9,1,5,1,
46,4,780,108,26,24,1,5,1,
46,6,490,395,143,30,1,5,1,
46,9,609,330,9,10,1,5,1,
46,10,899,461,15,17,1,5,1,
46,13,650,481,143,34,1,5,1,
46,14,307,357,117,30,1,5,1,
46,16,710,308,250,72,1,5,1,
46,18,613,72,11,21,1,5,1,
46,19,66,305,54,20,1,5,1,
46,23,681,363,21,9,1,5,1,
46,25,599,417,55,16,1,5,1,
46,27,508,186,79,21,1,5,1,
46,28,794,348,30,12,1,5,1,
47,2,903,371,47,18,1,5,1,
47,3,808,296,29,9,1,5,1,
47,4,778,109,26,24,1,5,1,
47,6,507,396,146,31,1,5,1,
47,9,610,330,9,9,1,5,1,
47,10,898,458,15,18,1,5,1,
47,13,667,481,145,34,1,5,1,
47,14,319,358,119,31,1,5,1,
47,16,733,310,227,52,1,5,1,
47,18,611,74,12,20,1,5,1,
47,19,70,305,54,21,1,5,1,
47,23,684,362,20,10,1,5,1,
47,25,604,416,55,16,1,5,1,
47,27,515,187,78,20,1,5,1,
47,28,798,348,29,11,1,5,1,
48,2,909,370,44,19,1,5,1,
48,3,805,295,30,9,1,5,1,
48,4,777,110,26,24,1,5,1,
48,6,524,397,148,32,1,5,1,
48,9,611,329,9,10,1,5,1,
48,10,897,457,15,16,1,5,1,
48,13,685,482,145,33,1,5,1,
48,14,331,357,122,32,1,5,1,
48,16,758,312,202,51,1,5,1,
48,18,610,76,12,19,1,5,1,
48,19,73,306,56,20,1,5,1,
48,23,686,361,20,10,1,5,1,
48,25,610,415,54,16,1,5,1,
48,27,523,187,77,20,1,5,1,
48,28,801,347,29,12,1,5,1,
49,2,913,370,44,18,1,5,1,
49,3,802,295,30,9,1,5,1,
49,4,775,112,26,23,1,5,1,
49,6,540,399,152,33,1,5,1,
49,9,611,329,9,9,1,5,1,
49,10,896,455,15,16,1,5,1,
49,13,702,482,147,34,1,5,1,
49,14,342,357,126,31,1,5,1,
49,16,782,320,178,44,1,5,1,
49,18,609,77,13,20,1,5,1,
49,19,76,306,58,21,1,5,1,
49,23,689,361,19,10,1,5,1,
49,25,616,415,52,15,1,5,1,
49,27,531,188,75,20,1,5,1,
49,28,805,347,29,11,1,5,1,
50,2,917,369,42,18,1,5,1,
50,3,800,295,29,9,1,5,1,
50,4,773,113,26,23,1,5,1,
50,6,558,399,157,34,1,5,1,
50,9,612,328,9,10,1,5,1,
50,10,896,453,14,16,1,5,1,
50,13,721,482,146,34,1,5,1,
50,14,358,358,121,32,1,5,1,
50,16,810,322,150,41,1,5,1,
50,18,608,79,13,19,1,5,1,
50,19,80,306,59,21,1,5,1,
50,23,691,360,18,10,1,5,1,
50,25,622,414,51,15,1,5,1,
50,26,950,106,9,13,1,5,1,
50,27,539,188,74,20,1,5,1,
50,28,809,346,28,12,1,5,1,
51,2,922,369,38,18,1,5,1,
51,3,797,295,30,8,1,5,1,
51,4,768,114,30,23,1,5,1,
51,6,578,399,157,34,1,5,1,
51,9,612,328,9,9,1,5,1,
51,10,895,452,15,15,1,5,1,
51,13,740,482,146,34,1,5,1,
51,14,375,360,115,34,1,5,1,
51,16,838,322,122,39,1,5,1,
51,18,606,81,13,19,1,5,1,
51,19,84,307,61,21,1,5,1,
51,23,693,360,18,9,1,5,1,
51,25,628,413,48,15,1,5,1,
51,26,945,105,14,15,1,5,1,
51,27,548,189,68,20,1,5,1,
51,28,812,346,31,11,1,5,1,
52,2,927,368,33,18,1,5,1,
52,3,794,295,30,8,1,5,1,
52,4,764,116,34,22,1,5,1,
52,6,600,399,154,33,1,5,1,
52,9,612,328,9,9,1,5,1,
52,10,894,450,15,15,1,5,1,
52,13,760,482,144,34,1,5,1,
52,14,390,360,113,37,1,5,1,
52,18,604,82,14,19,1,5,1,
52,19,88,307,62,21,1,5,1,
52,23,696,359,17,10,1,5,1,
52,25,634,412,48,15,1,5,1,
52,26,939,105,20,17,1,5,1,
52,27,558,190,61,20,1,5,1,
52,28,815,345,31,12,1,5,1,
53,2,931,368,29,17,1,5,1,
53,3,792,294,29,9,1,5,1,
53,6,620,398,151,32,1,5,1,
53,10,893,449,15,15,1,5,1,
53,13,776,482,146,34,1,5,1,
53,14,402,361,115,38,1,5,1,
53,18,603,84,14,18,1,5,1,
53,19,91,307,65,22,1,5,1,
53,23,697,359,17,9,1,5,1,
53,25,638,411,48,15,1,5,1,
53,26,933,105,26,18,1,5,1,
53,27,567,190,53,21,1,5,1,
53,28,819,345,28,11,1,5,1,
54,2,934,367,26,18,1,5,1,
54,3,789,294,30,9,1,5,1,
54,6,636,398,158,33,1,5,1,
54,10,892,447,16,15,1,5,1,
54,13,791,483,150,33,1,5,1,
54,14,411,363,121,39,1,5,1,
54,18,601,85,15,18,1,5,1,
54,19,95,307,67,22,1,5,1,
54,23,699,358,17,10,1,5,1,
54,25,642,410,48,15,1,5,1,
54,26,930,106,29,19,1,5,1,
54,27,574,191,50,21,1,5,1,
54,28,823,345,24,11,1,5,1,
55,2,938,368,22,16,1,5,1,
55,3,787,294,30,8,1,5,1,
55,6,652,398,166,34,1,5,1,
55,10,891,446,16,15,1,5,1,
55,13,807,483,152,33,1,5,1,
55,14,422,364,125,41,1,5,1,
55,19,99,308,69,22,1,5,1,
55,23,701,357,16,10,1,5,1,
55,25,648,409,44,15,1,5,1,
55,26,926,107,33,19,1,5,1,
55,27,581,192,46,21,1,5,1,
55,28,828,344,19,11,1,5,1,
56,2,943,371,17,12,1,5,1,
56,6,667,400,177,34,1,5,1,
56,10,890,444,16,15,1,5,1,
56,13,824,483,136,34,1,5,1,
56,14,432,366,131,43,1,5,1,
56,19,103,308,71,22,1,5,1,
56,23,703,357,14,10,1,5,1,
56,25,653,407,42,16,1,5,1,
56,26,922,108,37,19,1,5,1,
56,27,586,192,45,21,1,5,1,
56,28,833,343,15,12,1,5,1,
57,6,682,402,189,35,1,5,1,
57,10,889,443,16,15,1,5,1,
57,13,839,483,121,34,1,5,1,
57,14,442,368,138,44,1,5,1,
57,19,107,308,73,23,1,5,1,
57,23,705,356,13,10,1,5,1,
57,25,658,406,39,16,1,5,1,
57,26,918,109,41,19,1,5,1,
57,27,590,193,44,21,1,5,1,
57,28,833,342,14,12,1,5,1,
58,6,697,405,203,36,1,5,1,
58,10,888,441,17,16,1,5,1,
58,13,855,484,105,33,1,5,1,
58,14,453,369,144,47,1,5,1,
58,19,112,309,75,22,1,5,1,
58,23,707,356,12,9,1,5,1,
58,25,662,405,38,16,1,5,1,
58,26,915,108,44,22,1,5,1,
58,27,595,194,42,21,1,5,1,
58,28,833,342,14,11,1,5,1,
59,6,714,405,215,41,1,5,1,
59,10,887,439,17,16,1,5,1,
59,13,870,486,90,31,1,5,1,
59,14,464,371,151,48,1,5,1,
59,19,116,309,77,23,1,5,1,
59,23,708,355,12,10,1,5,1,
59,25,666,404,36,16,1,5,1,
59,26,911,107,48,24,1,5,1,
59,27,599,195,41,20,1,5,1,
59,28,833,341,14,12,1,5,1,
60,6,734,406,225,44,1,5,1,
60,10,885,438,18,16,1,5,1,
60,13,889,487,71,27,1,5,1,
60,14,476,373,159,50,1,5,1,
60,19,121,309,79,23,1,5,1,
60,23,710,355,11,9,1,5,1,
60,25,671,403,34,16,1,5,1,
60,26,907,109,49,23,1,5,1,
60,27,603,196,40,20,1,5,1,
60,28,833,340,14,12,1,5,1,
61,6,753,408,207,46,1,5,1,
61,10,884,437,18,15,1,5,1,
61,13,905,491,55,16,1,5,1,
61,14,488,375,168,53,1,5,1,
61,19,126,309,81,24,1,5,1,
61,23,711,354,11,10,1,5,1,
61,25,674,402,33,16,1,5,1,
61,26,904,110,49,23,1,5,1,
61,27,607,197,38,20,1,5,1,
61,28,832,340,15,11,1,5,1,
62,6,777,411,183,48,1,5,1,
62,10,883,435,17,16,1,5,1,
62,14,502,378,175,54,1,5,1,
62,19,131,310,83,23,1,5,1,
62,23,712,353,11,10,1,5,1,
62,25,679,400,28,17,1,5,1,
62,26,900,112,48,22,1,5,1,
62,27,612,198,36,19,1,5,1,
62,28,832,339,14,11,1,5,1,
63,6,799,414,161,37,1,5,1,
63,10,881,434,18,15,1,5,1,
63,14,515,380,185,57,1,5,1,
63,19,136,310,85,24,1,5,1,
63,23,713,353,11,9,1,5,1,
63,25,683,399,25,17,1,5,1,
63,26,896,113,49,22,1,5,1,
63,27,615,199,35,19,1,5,1,
63,28,832,339,14,11,1,5,1,
64,6,822,417,138,39,1,5,1,
64,10,880,432,18,16,1,5,1,
64,14,528,382,197,60,1,5,1,
64,19,142,310,87,24,1,5,1,
64,23,714,352,10,10,1,5,1,
64,25,687,398,22,17,1,5,1,
64,26,893,115,48,22,1,5,1,
64,27,619,199,33,20,1,5,1,
64,28,832,338,13,11,1,5,1,
65,6,846,420,114,42,1,5,1,
65,10,878,431,19,15,1,5,1,
65,14,542,385,209,62,1,5,1,
65,19,147,311,89,24,1,5,1,
65,23,715,352,10,9,1,5,1,
65,25,690,397,20,17,1,5,1,
65,26,889,116,49,22,1,5,1,
65,27,622,200,32,19,1,5,1,
65,28,831,337,14,11,1,5,1,
66,6,873,424,87,39,1,5,1,
66,10,877,430,18,15,1,5,1,
66,14,558,388,220,64,1,5,1,
66,19,153,311,91,24,1,5,1,
66,23,716,351,10,10,1,5,1,
66,25,693,395,18,18,1,5,1,
66,26,886,117,48,22,1,5,1,
66,27,626,201,30,19,1,5,1,
66,28,831,337,13,10,1,5,1,
67,10,875,428,19,15,1,5,1,
67,14,574,391,234,67,1,5,1,
67,19,159,311,93,25,1,5,1,
67,23,716,351,10,9,1,5,1,
67,25,696,394,16,18,1,5,1,
67,26,882,119,48,21,1,5,1,
67,27,629,202,29,18,1,5,1,
67,28,830,336,13,11,1,5,1,
68,10,874,427,18,15,1,5,1,
68,14,590,394,249,70,1,5,1,
68,19,165,312,95,24,1,5,1,
68,23,716,350,10,9,1,5,1,
68,25,698,393,15,17,1,5,1,
68,26,879,120,48,21,1,5,1,
68,27,632,203,28,18,1,5,1,
68,28,829,335,14,11,1,5,1,
69,10,871,426,20,14,1,5,1,
69,14,609,397,264,73,1,5,1,
69,19,171,312,98,25,1,5,1,
69,23,717,349,10,10,1,5,1,
69,25,700,392,14,17,1,5,1,
69,26,875,121,48,21,1,5,1,
69,27,636,203,26,19,1,5,1,
69,28,829,335,13,10,1,5,1,
70,10,868,424,22,15,1,5,1,
70,14,627,401,281,74,1,5,1,
70,19,177,312,100,26,1,5,1,
70,23,717,349,10,9,1,5,1,
70,25,701,390,14,18,1,5,1,
70,26,872,122,47,21,1,5,1,
70,27,638,204,25,18,1,5,1,
70,28,828,334,13,11,1,5,1,
71,10,863,423,26,15,1,5,1,
71,14,645,404,301,77,1,5,1,
71,19,183,312,103,26,1,5,1,
71,23,717,348,10,10,1,5,1,
71,25,703,389,13,18,1,5,1,
71,26,868,124,48,20,1,5,1,
71,27,641,205,24,18,1,5,1,
71,28,827,334,13,10,1,5,1,
72,10,859,422,29,14,1,5,1,
72,14,665,408,295,78,1,5,1,
72,19,190,313,105,26,1,5,1,
72,23,718,348,9,9,1,5,1,
72,25,703,388,13,17,1,5,1,
72,26,865,125,47,20,1,5,1,
72,27,644,206,22,17,1,5,1,
72,28,826,333,14,10,1,5,1,
73,10,856,420,31,15,1,5,1,
73,14,687,412,273,77,1,5,1,
73,19,197,313,107,26,1,5,1,
73,23,717,347,10,9,1,5,1,
73,25,704,387,13,17,1,5,1,
73,26,862,126,47,20,1,5,1,
73,27,646,206,21,18,1,5,1,
73,28,825,332,14,11,1,5,1,
74,10,853,419,33,15,1,5,1,
74,14,711,417,249,78,1,5,1,
74,19,204,313,109,27,1,5,1,
74,23,717,347,9,9,1,5,1,
74,25,704,386,13,17,1,5,1,
74,27,648,207,21,17,1,5,1,
74,28,824,332,14,10,1,5,1,
75,10,850,418,33,14,1,5,1,
75,14,737,421,223,65,1,5,1,
75,19,211,314,112,26,1,5,1,
75,25,705,385,12,16,1,5,1,
75,27,651,208,19,17,1,5,1,
75,28,823,331,14,10,1,5,1,
76,10,847,417,34,14,1,5,1,
76,14,758,425,202,63,1,5,1,
76,19,217,314,115,27,1,5,1,
76,25,705,384,12,16,1,5,1,
76,27,652,208,19,17,1,5,1,
76,28,822,331,15,10,1,5,1,
77,10,844,415,35,15,1,5,1,
77,14,782,429,178,64,1,5,1,
77,19,223,314,119,27,1,5,1,
77,25,705,383,12,16,1,5,1,
77,27,654,209,18,17,1,5,1,
77,28,821,330,15,10,1,5,1,
78,10,840,414,37,15,1,5,1,
78,14,805,433,155,65,1,5,1,
78,19,230,315,122,27,1,5,1,
78,25,705,382,12,16,1,5,1,
78,27,656,210,17,16,1,5,1,
78,28,820,330,15,10,1,5,1,
79,10,837,413,37,15,1,5,1,
79,14,836,438,124,65,1,5,1,
79,19,237,315,125,28,1,5,1,
79,25,705,380,13,17,1,5,1,
79,27,657,210,17,17,1,5,1,
79,28,819,329,15,10,1,5,1,
80,10,834,412,37,15,1,5,1,
80,19,244,315,129,28,1,5,1,
80,25,705,379,13,17,1,5,1,
80,27,659,211,16,16,1,5,1,
80,28,818,329,15,10,1,5,1,
81,10,831,411,38,15,1,5,1,
81,19,251,316,132,28,1,5,1,
81,25,705,378,13,17,1,5,1,
81,27,660,212,15,16,1,5,1,
81,28,817,328,16,10,1,5,1,
82,10,828,410,38,14,1,5,1,
82,19,258,316,136,28,1,5,1,
82,25,705,377,12,17,1,5,1,
82,27,661,212,15,16,1,5,1,
82,28,815,328,17,9,1,5,1,
82,32,849,535,29,8,1,5,1,
83,10,825,408,37,15,1,5,1,
83,19,267,317,138,28,1,5,1,
83,25,705,376,12,17,1,5,1,
83,27,662,213,14,16,1,5,1,
83,28,814,327,16,10,1,5,1,
83,32,854,533,26,10,1,5,1,
84,10,822,407,37,15,1,5,1,
84,19,275,317,142,28,1,5,1,
84,25,704,375,13,17,1,5,1,
84,27,662,214,15,15,1,5,1,
84,28,813,327,16,9,1,5,1,
84,32,857,531,24,12,1,5,1,
85,10,819,406,37,14,1,5,1,
85,19,286,317,142,29,1,5,1,
85,25,704,374,13,17,1,5,1,
85,27,663,214,14,16,1,5,1,
85,28,812,326,16,10,1,5,1,
85,32,860,528,22,15,1,5,1,
86,10,816,405,36,14,1,5,1,
86,19,296,318,144,29,1,5,1,
86,25,704,373,13,16,1,5,1,
86,27,663,215,14,15,1,5,1,
86,28,811,326,16,9,1,5,1,
86,32,862,525,22,18,1,5,1,
87,10,813,404,36,14,1,5,1,
87,19,306,318,146,29,1,5,1,
87,25,703,372,13,16,1,5,1,
87,27,663,216,14,15,1,5,1,
87,28,809,325,17,9,1,5,1,
87,32,862,522,23,21,1,5,1,
88,19,315,318,149,30,1,5,1,
88,25,703,371,13,16,1,5,1,
88,27,663,216,14,15,1,5,1,
88,28,808,325,16,9,1,5,1,
88,32,863,520,24,23,1,5,1,
89,19,323,319,153,29,1,5,1,
89,25,702,370,13,16,1,5,1,
89,27,663,217,14,14,1,5,1,
89,28,807,324,16,9,1,5,1,
89,32,864,517,24,26,1,5,1,
90,19,332,319,156,30,1,5,1,
90,25,701,370,14,15,1,5,1,
90,27,663,217,14,15,1,5,1,
90,28,805,324,17,9,1,5,1,
90,32,866,514,23,29,1,5,1,
91,19,342,319,159,30,1,5,1,
91,25,701,369,14,15,1,5,1,
91,27,663,218,14,14,1,5,1,
91,28,804,324,17,8,1,5,1,
91,32,867,511,23,32,1,5,1,
92,19,350,320,164,30,1,5,1,
92,25,700,368,15,15,1,5,1,
92,27,663,218,13,15,1,5,1,
92,28,803,323,17,9,1,5,1,
92,32,868,508,23,35,1,5,1,
93,19,360,320,167,30,1,5,1,
93,25,699,367,15,15,1,5,1,
93,27,663,219,13,14,1,5,1,
93,28,801,323,18,8,1,5,1,
93,32,871,506,21,34,1,5,1,
94,19,371,320,169,31,1,5,1,
94,25,698,366,16,15,1,5,1,
94,27,662,219,13,14,1,5,1,
94,28,800,322,17,9,1,5,1,
94,32,873,503,20,34,1,5,1,
95,19,381,321,172,30,1,5,1,
95,25,697,365,16,15,1,5,1,
95,27,662,220,13,14,1,5,1,
95,28,799,322,17,8,1,5,1,
95,32,875,500,18,34,1,5,1,
96,19,392,321,175,31,1,5,1,
96,25,696,364,17,15,1,5,1,
96,27,661,221,14,13,1,5,1,
96,28,797,321,18,9,1,5,1,
96,32,875,498,19,33,1,5,1,
97,19,404,321,176,31,1,5,1,
97,25,695,363,17,15,1,5,1,
97,27,661,221,13,14,1,5,1,
97,28,796,321,17,9,1,5,1,
97,32,876,495,18,33,1,5,1,
98,19,416,321,178,31,1,5,1,
98,25,694,363,17,14,1,5,1,
98,27,660,222,14,13,1,5,1,
98,28,794,321,18,8,1,5,1,
98,32,876,492,19,33,1,5,1,
99,19,427,321,181,32,1,5,1,
99,25,692,362,19,14,1,5,1,
99,27,659,222,15,13,1,5,1,
99,28,792,320,19,9,1,5,1,
99,32,877,490,18,32,1,5,1,
100,19,440,322,182,31,1,5,1,
100,25,691,361,19,14,1,5,1,
100,27,659,223,14,13,1,5,1,
100,28,790,320,19,8,1,5,1,
100,32,877,487,18,32,1,5,1,
101,19,452,322,184,31,1,5,1,
101,25,689,360,20,14,1,5,1,
101,27,658,223,15,13,1,5,1,
101,28,789,319,19,9,1,5,1,
101,32,877,485,18,31,1,5,1,
102,19,464,322,186,32,1,5,1,
102,25,688,360,20,13,1,5,1,
102,27,657,224,16,12,1,5,1,
102,28,787,319,20,8,1,5,1,
102,32,877,483,18,31,1,5,1,
103,19,477,322,187,32,1,5,1,
103,25,686,359,21,13,1,5,1,
103,27,656,224,16,13,1,5,1,
103,28,785,319,20,8,1,5,1,
103,32,877,480,18,31,1,5,1,
104,19,489,322,189,32,1,5,1,
104,25,685,358,21,13,1,5,1,
104,27,655,225,17,12,1,5,1,
104,28,784,318,20,8,1,5,1,
104,32,877,478,18,30,1,5,1,
105,19,502,322,190,32,1,5,1,
105,25,683,357,22,13,1,5,1,
105,27,654,225,17,12,1,5,1,
105,28,781,318,21,8,1,5,1,
105,32,877,476,18,29,1,5,1,
106,19,516,322,190,32,1,5,1,
106,25,681,357,23,12,1,5,1,
106,27,653,226,18,12,1,5,1,
106,28,779,318,21,7,1,5,1,
106,32,877,473,18,30,1,5,1,
107,19,528,322,192,33,1,5,1,
107,25,679,356,24,13,1,5,1,
107,27,652,226,18,12,1,5,1,
107,32,876,471,18,29,1,5,1,
108,2,948,334,11,9,1,5,1,
108,19,540,322,194,33,1,5,1,
108,25,677,355,25,13,1,5,1,
108,27,651,226,18,12,1,5,1,
108,32,876,469,18,29,1,5,1,
109,2,943,333,16,10,1,5,1,
109,19,554,323,194,32,1,5,1,
109,25,676,354,25,13,1,5,1,
109,27,649,227,20,11,1,5,1,
109,32,875,467,19,28,1,5,1,
110,2,939,333,20,11,1,5,1,
110,19,568,323,194,32,1,5,1,
110,25,674,354,25,12,1,5,1,
110,27,648,227,20,12,1,5,1,
110,32,874,464,19,29,1,5,1,
111,2,935,332,24,11,1,5,1,
111,19,581,323,195,32,1,5,1,
111,25,672,353,26,12,1,5,1,
111,27,647,228,20,11,1,5,1,
111,32,874,462,18,28,1,5,1,
112,2,932,332,27,12,1,5,1,
112,19,596,323,194,32,1,5,1,
112,25,670,353,26,12,1,5,1,
112,27,645,228,21,11,1,5,1,
112,32,873,460,19,28,1,5,1,
113,2,928,331,31,12,1,5,1,
113,19,609,323,196,32,1,5,1,
113,25,668,352,27,12,1,5,1,
113,27,643,229,22,11,1,5,1,
113,32,872,458,19,27,1,5,1,
114,2,924,331,35,12,1,5,1,
114,19,623,323,196,32,1,5,1,
114,25,666,351,27,12,1,5,1,
114,27,642,229,22,11,1,5,1,
114,30,948,341,11,8,1,5,1,
114,32,871,456,19,27,1,5,1,
115,2,921,330,38,12,1,5,1,
115,19,640,323,193,33,1,5,1,
115,27,640,229,22,11,1,5,1,
115,30,944,341,15,8,1,5,1,
115,32,870,454,20,26,1,5,1,
116,2,917,330,42,11,1,5,1,
116,19,653,323,194,33,1,5,1,
116,27,638,230,23,10,1,5,1,
116,30,941,340,18,10,1,5,1,
116,32,869,452,20,26,1,5,1,
117,2,914,329,45,12,1,5,1,
117,19,667,323,194,33,1,5,1,
117,27,636,230,24,11,1,5,1,
117,30,938,339,21,10,1,5,1,
117,32,867,450,21,25,1,5,1,
118,2,910,329,49,11,1,5,1,
118,19,681,323,195,33,1,5,1,
118,27,634,231,25,10,1,5,1,
118,30,934,339,25,11,1,5,1,
118,32,866,448,21,25,1,5,1,
119,2,907,328,53,12,1,5,1,
119,19,695,323,195,33,1,5,1,
119,27,633,231,24,10,1,5,1,
119,30,931,338,28,11,1,5,1,
119,32,865,446,21,25,1,5,1,
120,2,903,328,54,11,1,5,1,
120,19,708,323,196,33,1,5,1,
120,27,631,231,25,10,1,5,1,
120,30,928,338,32,11,1,5,1,
120,32,863,445,23,24,1,5,1,
121,2,900,327,53,11,1,5,1,
121,19,722,323,197,33,1,5,1,
121,27,629,232,25,10,1,5,1,
121,30,924,337,35,11,1,5,1,
121,32,861,443,23,24,1,5,1,
122,2,896,327,53,11,1,5,1,
122,19,737,323,196,33,1,5,1,
122,27,627,232,26,10,1,5,1,
122,30,921,337,38,11,1,5,1,
122,32,859,441,24,23,1,5,1,
123,2,892,326,53,11,1,5,1,
123,5,768,0,33,9,1,5,1,
123,19,753,323,194,33,1,5,1,
123,27,625,232,26,10,1,5,1,
123,32,858,439,24,23,1,5,1,
124,2,889,326,52,11,1,5,1,
124,5,772,0,33,11,1,5,1,
124,19,767,323,192,33,1,5,1,
124,27,623,233,27,9,1,5,1,
124,32,856,437,25,23,1,5,1,
125,2,885,325,53,11,1,5,1,
125,5,773,0,35,12,1,5,1,
125,19,780,323,180,33,1,5,1,
125,27,621,233,27,9,1,5,1,
125,32,854,436,25,22,1,5,1,
126,2,882,325,52,11,1,5,1,
126,5,776,0,36,14,1,5,1,
126,19,794,323,166,33,1,5,1,
126,27,618,233,28,10,1,5,1,
126,32,852,434,26,22,1,5,1,
127,2,879,325,52,10,1,5,1,
127,5,778,0,38,16,1,5,1,
127,19,808,323,152,34,1,5,1,
127,27,616,234,29,9,1,5,1,
127,32,850,432,27,22,1,5,1,
128,2,875,324,52,11,1,5,1,
128,5,779,0,40,18,1,5,1,
128,19,821,323,139,27,1,5,1,
128,27,614,234,29,9,1,5,1,
128,32,848,431,27,21,1,5,1,
129,2,872,324,52,10,1,5,1,
129,5,780,0,42,19,1,5,1,
129,19,836,325,124,25,1,5,1,
129,32,845,429,28,21,1,5,1,
130,5,782,0,43,21,1,5,1,
130,19,848,328,112,22,1,5,1,
130,32,843,427,29,22,1,5,1,
131,5,782,0,46,23,1,5,1,
131,19,857,328,103,22,1,5,1,
131,32,841,426,30,21,1,5,1,
132,5,783,0,48,25,1,5,1,
132,19,868,329,92,21,1,5,1,
132,32,839,424,31,22,1,5,1,
133,5,783,0,51,26,1,5,1,
133,19,878,331,82,18,1,5,1,
133,32,836,423,32,22,1,5,1,
134,5,784,0,52,28,1,5,1,
134,19,890,331,70,15,1,5,1,
134,32,834,421,33,22,1,5,1,
135,5,785,0,54,30,1,5,1,
135,32,832,420,33,22,1,5,1,
136,5,785,0,56,32,1,5,1,
136,32,829,418,35,22,1,5,1,
137,5,787,0,56,34,1,5,1,
137,32,827,417,35,22,1,5,1,
138,5,788,0,57,35,1,5,1,
138,32,824,415,37,23,1,5,1,
139,5,788,0,59,37,1,5,1,
139,32,822,414,37,22,1,5,1,
140,5,791,0,58,39,1,5,1,
140,32,819,413,38,22,1,5,1,
141,5,794,0,57,41,1,5,1,
141,32,816,411,39,23,1,5,1,
142,5,797,1,56,42,1,5,1,
142,32,814,410,40,22,1,5,1,
143,5,801,3,53,42,1,5,1,
143,32,811,409,40,22,1,5,1,
144,5,804,5,52,41,1,5,1,
144,18,402,92,19,20,1,5,1,
144,32,808,407,41,22,1,5,1,
145,5,808,7,49,41,1,5,1,
145,18,402,91,17,20,1,5,1,
145,32,806,406,40,21,1,5,1,
146,5,812,9,46,41,1,5,1,
146,18,401,89,17,21,1,5,1,
146,32,803,405,41,20,1,5,1,
147,5,816,11,43,41,1,5,1,
147,18,401,88,15,20,1,5,1,
147,32,800,404,41,20,1,5,1,
148,5,819,13,42,41,1,5,1,
148,18,400,86,15,21,1,5,1,
148,32,797,402,41,20,1,5,1,
149,5,822,15,40,40,1,5,1,
149,18,400,85,13,21,1,5,1,
149,32,795,401,40,19,1,5,1,
150,5,825,17,38,40,1,5,1,
150,18,400,83,12,21,1,5,1,
150,32,792,400,40,19,1,5,1,
