1,1,584,519,68,24,1,5,1,
1,2,463,417,57,16,1,5,1,
1,3,18,402,47,12,1,5,1,
1,4,933,12,26,37,1,5,1,
1,5,280,0,70,44,1,5,1,
1,6,778,71,105,28,1,5,1,
1,7,463,97,27,34,1,5,1,
1,8,-32,488,80,26,1,5,1,
1,9,709,250,101,28,1,5,1,
1,10,805,498,67,18,1,5,1,
1,11,638,62,167,37,1,5,1,
1,12,166,446,43,29,1,5,1,
1,13,81,287,92,34,1,5,1,
1,14,1,502,91,18,1,5,1,
1,15,429,45,74,19,1,5,1,
1,16,451,249,25,22,1,5,1,
1,17,581,160,199,55,1,5,1,
1,18,0,281,46,42,1,5,1,
1,19,927,236,32,12,1,5,1,
1,20,657,53,55,23,1,5,1,
1,21,345,169,63,14,1,5,1,
1,22,838,68,121,44,1,5,1,
1,23,492,430,73,19,1,5,1,
2,1,591,522,67,21,1,5,1,
2,2,472,419,55,14,1,5,1,
2,3,29,403,39,12,1,5,1,
2,4,930,17,29,37,1,5,1,
2,5,273,0,86,47,1,5,1,
2,6,768,71,99,31,1,5,1,
2,7,464,93,28,34,1,5,1,
2,8,-45,487,93,25,1,5,1,
2,9,713,250,114,29,1,5,1,
2,10,818,497,56,17,1,5,1,
2,11,657,57,165,39,1,5,1,
2,12,164,444,51,27,1,5,1,
2,13,80,286,106,33,1,5,1,
2,14,15,502,81,18,1,5,1,
2,15,422,45,75,19,1,5,1,
2,16,449,250,35,21,1,5,1,
2,17,576,160,170,59,1,5,1,
2,18,0,281,54,40,1,5,1,
2,19,926,236,33,13,1,5,1,
2,20,660,51,59,24,1,5,1,
2,21,354,169,61,14,1,5,1,
2,22,828,71,131,46,1,5,1,
2,23,498,429,74,19,1,5,1,
3,1,598,525,66,18,1,5,1,
3,2,480,420,55,13,1,5,1,
3,3,38,403,32,13,1,5,1,
3,4,928,20,31,37,1,5,1,
3,5,279,0,90,49,1,5,1,
3,6,759,72,94,33,1,5,1,
3,7,463,89,32,33,1,5,1,
3,8,-58,487,104,20,1,5,1,
3,9,717,250,127,30,1,5,1,
3,10,830,495,45,18,1,5,1,
3,11,678,56,156,39,1,5,1,
3,12,165,442,57,26,1,5,1,
3,13,86,286,114,31,1,5,1,
3,14,25,502,73,19,1,5,1,
3,15,416,45,74,20,1,5,1,
3,16,450,251,43,21,1,5,1,
3,17,573,160,145,62,1,5,1,
3,18,0,281,68,39,1,5,1,
3,19,924,237,26,13,1,5,1,
3,20,663,48,63,25,1,5,1,
3,21,362,169,60,14,1,5,1,
3,22,819,65,140,57,1,5,1,
3,23,504,429,75,19,1,5,1,
4,1,603,529,67,14,1,5,1,
4,2,487,420,55,13,1,5,1,
4,3,42,403,32,13,1,5,1,
4,4,927,20,32,40,1,5,1,
4,5,287,6,92,45,1,5,1,
4,6,751,74,89,35,1,5,1,
4,7,460,85,45,34,1,5,1,
4,8,-73,487,116,20,1,5,1,
4,9,722,250,139,31,1,5,1,
4,10,839,494,36,19,1,5,1,
4,11,698,56,146,39,1,5,1,
4,12,167,441,62,24,1,5,1,
4,13,93,285,120,31,1,5,1,
4,14,34,503,66,18,1,5,1,
4,15,410,44,74,22,1,5,1,
4,16,453,252,49,21,1,5,1,
4,17,571,160,123,66,1,5,1,
4,18,0,282,82,37,1,5,1,
4,19,921,238,23,13,1,5,1,
4,20,667,46,65,25,1,5,1,
4,21,369,169,60,15,1,5,1,
4,22,811,59,148,67,1,5,1,
4,23,510,429,76,20,1,5,1,
5,1,609,531,67,12,1,5,1,
5,2,495,419,53,14,1,5,1,
5,3,46,404,31,13,1,5,1,
5,4,926,18,30,44,1,5,1,
5,5,297,12,92,40,1,5,1,
5,6,744,75,84,37,1,5,1,
5,7,459,82,57,33,1,5,1,
5,9,729,251,150,31,1,5,1,
5,10,847,492,29,20,1,5,1,
5,11,719,57,132,40,1,5,1,
5,12,169,440,66,22,1,5,1,
5,13,101,285,126,30,1,5,1,
5,14,42,504,59,18,1,5,1,
5,15,405,42,72,27,1,5,1,
5,16,457,253,55,20,1,5,1,
5,17,571,162,101,68,1,5,1,
5,18,0,282,97,36,1,5,1,
5,19,920,239,18,13,1,5,1,
5,20,671,44,67,24,1,5,1,
5,21,376,170,60,14,1,5,1,
5,22,806,61,140,70,1,5,1,
5,23,516,429,77,20,1,5,1,
6,1,615,533,65,11,1,5,1,
6,2,502,419,52,13,1,5,1,
6,3,49,404,30,14,1,5,1,
6,4,927,24,28,40,1,5,1,
6,5,306,17,93,36,1,5,1,
6,6,738,78,78,37,1,5,1,
6,7,459,79,70,33,1,5,1,
6,9,737,251,158,31,1,5,1,
6,10,851,491,27,20,1,5,1,
6,11,734,58,128,40,1,5,1,
6,12,173,439,69,21,1,5,1,
6,13,110,285,130,29,1,5,1,
6,14,49,503,53,21,1,5,1,
6,15,401,41,69,32,1,5,1,
6,16,463,253,59,20,1,5,1,
6,17,573,165,79,68,1,5,1,
6,18,0,282,111,36,1,5,1,
6,19,919,240,16,13,1,5,1,
6,20,676,42,68,24,1,5,1,
6,21,384,170,59,14,1,5,1,
6,22,801,64,127,72,1,5,1,
6,23,522,429,77,21,1,5,1,
7,1,620,533,64,11,1,5,1,
7,2,509,418,52,13,1,5,1,
7,3,55,405,24,14,1,5,1,
7,4,929,29,28,37,1,5,1,
7,5,315,23,93,32,1,5,1,
7,6,734,80,69,38,1,5,1,
7,7,460,76,83,33,1,5,1,
7,9,748,251,163,31,1,5,1,
7,10,854,489,27,20,1,5,1,
7,11,746,59,129,39,1,5,1,
7,12,177,438,71,20,1,5,1,
7,13,121,284,132,29,1,5,1,
7,14,56,503,45,22,1,5,1,
7,15,398,40,64,37,1,5,1,
7,16,469,254,64,20,1,5,1,
7,17,571,169,63,67,1,5,1,
7,18,0,283,126,34,1,5,1,
7,19,918,240,16,13,1,5,1,
7,20,681,40,69,23,1,5,1,
7,21,391,170,59,14,1,5,1,
7,22,798,68,111,72,1,5,1,
7,23,528,429,78,22,1,5,1,
8,1,626,534,64,10,1,5,1,
8,2,516,418,52,13,1,5,1,
8,3,60,405,20,16,1,5,1,
8,4,931,34,28,34,1,5,1,
8,5,326,28,91,28,1,5,1,
8,6,731,83,60,38,1,5,1,
8,7,463,73,95,33,1,5,1,
8,9,760,251,166,31,1,5,1,
8,10,857,488,26,19,1,5,1,
8,11,757,60,131,38,1,5,1,
8,12,182,437,73,18,1,5,1,
8,13,134,284,131,28,1,5,1,
8,14,63,502,36,26,1,5,1,
8,15,396,40,58,41,1,5,1,
8,16,477,254,67,19,1,5,1,
8,17,570,174,48,64,1,5,1,
8,18,0,283,141,34,1,5,1,
8,19,917,241,16,12,1,5,1,
8,20,687,40,68,19,1,5,1,
8,21,399,171,58,14,1,5,1,
8,22,797,73,94,71,1,5,1,
8,23,534,430,78,21,1,5,1,
9,1,632,535,64,9,1,5,1,
9,2,524,417,50,13,1,5,1,
9,3,63,406,18,16,1,5,1,
9,4,934,38,26,31,1,5,1,
9,5,335,31,91,25,1,5,1,
9,6,729,86,51,38,1,5,1,
9,7,468,71,104,32,1,5,1,
9,9,774,250,166,32,1,5,1,
9,10,860,486,25,20,1,5,1,
9,11,774,61,118,39,1,5,1,
9,12,187,436,74,18,1,5,1,
9,13,146,284,131,27,1,5,1,
9,14,69,502,30,29,1,5,1,
9,15,394,40,52,46,1,5,1,
9,16,486,254,70,19,1,5,1,
9,17,571,179,39,60,1,5,1,
9,18,0,284,155,32,1,5,1,
9,19,916,241,16,12,1,5,1,
9,20,693,39,67,17,1,5,1,
9,21,406,171,58,14,1,5,1,
9,22,797,78,78,69,1,5,1,
9,23,540,430,79,22,1,5,1,
10,1,638,536,65,8,1,5,1,
10,2,531,416,49,13,1,5,1,
10,3,64,406,18,18,1,5,1,
10,4,937,41,23,29,1,5,1,
10,5,345,32,90,24,1,5,1,
10,6,728,90,42,37,1,5,1,
10,7,474,69,113,32,1,5,1,
10,9,789,250,162,32,1,5,1,
10,10,863,485,23,19,1,5,1,
10,11,794,59,99,45,1,5,1,
10,12,193,436,73,17,1,5,1,
10,13,159,283,130,27,1,5,1,
10,14,75,502,24,33,1,5,1,
10,15,394,42,44,48,1,5,1,
10,16,495,254,73,18,1,5,1,
10,17,573,184,38,57,1,5,1,
10,18,6,284,163,32,1,5,1,
10,19,915,241,15,12,1,5,1,
10,20,700,38,64,16,1,5,1,
10,21,413,172,57,13,1,5,1,
10,22,799,84,62,65,1,5,1,
10,23,546,431,79,22,1,5,1,
11,1,644,537,65,7,1,5,1,
11,2,538,416,48,13,1,5,1,
11,3,65,407,17,19,1,5,1,
11,4,939,44,21,26,1,5,1,
11,5,354,32,90,24,1,5,1,
11,6,728,94,33,35,1,5,1,
11,7,483,68,119,31,1,5,1,
11,9,806,250,153,32,1,5,1,
11,10,866,483,22,20,1,5,1,
11,11,809,59,90,47,1,5,1,
11,12,199,436,73,16,1,5,1,
11,13,172,283,128,27,1,5,1,
11,14,75,503,23,36,1,5,1,
11,15,394,43,37,52,1,5,1,
11,16,506,254,73,18,1,5,1,
11,17,577,189,36,53,1,5,1,
11,18,18,284,164,32,1,5,1,
11,19,913,242,16,12,1,5,1,
11,20,707,38,60,16,1,5,1,
11,21,420,172,57,14,1,5,1,
11,22,798,91,49,60,1,5,1,
11,23,552,432,80,21,1,5,1,
12,1,650,538,65,6,1,5,1,
12,2,544,415,49,13,1,5,1,
12,3,65,408,18,19,1,5,1,
12,4,940,47,20,23,1,5,1,
12,5,363,32,89,25,1,5,1,
12,6,727,97,26,34,1,5,1,
12,7,493,67,123,31,1,5,1,
12,9,823,250,136,32,1,5,1,
12,10,869,482,21,19,1,5,1,
12,11,819,61,88,47,1,5,1,
12,12,205,435,72,16,1,5,1,
12,13,186,283,125,26,1,5,1,
12,14,75,504,23,37,1,5,1,
12,15,395,46,29,53,1,5,1,
12,16,517,254,71,18,1,5,1,
12,17,577,193,40,50,1,5,1,
12,18,32,284,163,31,1,5,1,
12,19,912,242,16,12,1,5,1,
12,20,713,39,57,15,1,5,1,
12,21,427,172,56,14,1,5,1,
12,22,798,96,38,57,1,5,1,
12,23,558,432,80,22,1,5,1,
13,2,551,415,48,13,1,5,1,
13,3,66,410,17,18,1,5,1,
13,5,372,33,89,24,1,5,1,
13,6,726,101,20,32,1,5,1,
13,7,504,66,125,32,1,5,1,
13,9,841,250,119,32,1,5,1,
13,10,871,480,21,20,1,5,1,
13,11,828,63,87,46,1,5,1,
13,12,212,435,69,16,1,5,1,
13,13,199,283,122,26,1,5,1,
13,14,75,507,24,36,1,5,1,
13,15,394,49,24,55,1,5,1,
13,16,527,254,71,18,1,5,1,
13,17,572,198,54,46,1,5,1,
13,18,46,285,161,30,1,5,1,
13,19,911,242,16,12,1,5,1,
13,20,720,38,52,16,1,5,1,
13,21,434,173,56,13,1,5,1,
13,22,798,102,33,51,1,5,1,
13,23,564,433,81,22,1,5,1,
14,2,557,414,49,13,1,5,1,
14,3,66,411,18,19,1,5,1,
14,5,380,33,89,24,1,5,1,
14,6,726,105,20,29,1,5,1,
14,7,516,66,125,32,1,5,1,
14,9,857,250,103,32,1,5,1,
14,10,873,478,21,20,1,5,1,
14,11,836,66,86,45,1,5,1,
14,12,218,435,67,17,1,5,1,
14,13,211,283,119,26,1,5,1,
14,14,75,509,24,34,1,5,1,
14,15,394,52,18,56,1,5,1,
14,16,537,254,71,18,1,5,1,
14,17,570,202,66,43,1,5,1,
14,18,60,285,159,30,1,5,1,
14,19,909,242,17,12,1,5,1,
14,20,727,38,46,17,1,5,1,
14,21,441,173,55,14,1,5,1,
14,22,800,107,32,47,1,5,1,
14,23,570,433,82,23,1,5,1,
15,2,563,414,49,13,1,5,1,
15,3,67,412,18,19,1,5,1,
15,5,389,33,89,24,1,5,1,
15,6,728,108,19,28,1,5,1,
15,7,531,66,121,33,1,5,1,
15,9,869,250,91,32,1,5,1,
15,10,875,477,21,20,1,5,1,
15,11,845,68,85,44,1,5,1,
15,12,225,435,64,17,1,5,1,
15,13,224,283,115,26,1,5,1,
15,14,75,511,25,32,1,5,1,
15,15,394,56,18,56,1,5,1,
15,16,547,254,70,19,1,5,1,
15,17,569,206,78,39,1,5,1,
15,18,75,285,155,30,1,5,1,
15,19,908,243,17,11,1,5,1,
15,20,733,36,40,20,1,5,1,
15,21,447,174,55,13,1,5,1,
15,22,803,112,32,42,1,5,1,
15,23,576,434,83,23,1,5,1,
16,2,570,413,48,13,1,5,1,
16,3,68,413,18,20,1,5,1,
16,5,398,33,89,25,1,5,1,
16,6,729,111,19,26,1,5,1,
16,7,546,66,115,34,1,5,1,
16,9,879,251,81,31,1,5,1,
16,10,877,475,20,20,1,5,1,
16,11,854,70,83,43,1,5,1,
16,12,231,436,60,16,1,5,1,
16,13,237,283,109,26,1,5,1,
16,14,76,513,24,31,1,5,1,
16,15,395,61,18,54,1,5,1,
16,16,558,255,69,18,1,5,1,
16,17,571,210,87,35,1,5,1,
16,18,91,285,150,29,1,5,1,
16,19,906,243,17,12,1,5,1,
16,20,740,35,32,23,1,5,1,
16,21,454,174,54,14,1,5,1,
16,22,804,117,34,37,1,5,1,
16,23,582,434,83,24,1,5,1,
17,2,576,413,49,13,1,5,1,
17,3,69,415,18,19,1,5,1,
17,5,407,33,88,25,1,5,1,
17,6,732,113,18,25,1,5,1,
17,7,562,66,107,35,1,5,1,
17,9,890,251,70,31,1,5,1,
17,10,878,474,21,19,1,5,1,
17,11,863,72,82,43,1,5,1,
17,12,238,436,55,17,1,5,1,
17,13,250,283,103,27,1,5,1,
17,14,78,515,23,29,1,5,1,
17,15,398,65,16,54,1,5,1,
17,16,568,255,68,18,1,5,1,
17,17,574,212,96,33,1,5,1,
17,18,107,285,144,29,1,5,1,
17,19,904,243,18,12,1,5,1,
17,20,746,34,25,26,1,5,1,
17,21,461,175,54,13,1,5,1,
17,22,801,121,44,33,1,5,1,
17,23,589,435,83,24,1,5,1,
18,2,583,413,48,12,1,5,1,
18,3,70,416,18,20,1,5,1,
18,5,415,34,89,24,1,5,1,
18,6,735,115,17,24,1,5,1,
18,7,574,67,106,35,1,5,1,
18,9,900,251,60,31,1,5,1,
18,10,879,472,21,20,1,5,1,
18,11,871,74,82,42,1,5,1,
18,12,245,436,50,18,1,5,1,
18,13,262,283,97,27,1,5,1,
18,14,78,517,23,27,1,5,1,
18,15,396,70,22,52,1,5,1,
18,16,578,255,67,18,1,5,1,
18,17,578,214,104,31,1,5,1,
18,18,122,285,138,29,1,5,1,
18,19,903,244,17,11,1,5,1,
18,20,752,34,19,29,1,5,1,
18,21,467,175,54,13,1,5,1,
18,22,804,122,44,33,1,5,1,
18,23,595,436,84,24,1,5,1,
19,2,589,412,49,13,1,5,1,
19,3,70,417,19,20,1,5,1,
19,5,424,34,89,24,1,5,1,
19,6,736,117,18,24,1,5,1,
19,7,586,69,105,34,1,5,1,
19,9,910,252,50,26,1,5,1,
19,10,881,471,20,19,1,5,1,
19,11,880,76,79,41,1,5,1,
19,12,251,435,44,21,1,5,1,
19,13,273,283,90,28,1,5,1,
19,14,78,520,24,24,1,5,1,
19,15,394,75,29,49,1,5,1,
19,16,587,255,67,17,1,5,1,
19,17,583,214,112,31,1,5,1,
19,18,136,285,132,29,1,5,1,
19,19,901,244,18,11,1,5,1,
19,20,754,34,17,31,1,5,1,
19,21,474,175,53,14,1,5,1,
19,22,808,124,42,32,1,5,1,
19,23,601,436,86,24,1,5,1,
20,2,595,412,49,13,1,5,1,
20,3,71,419,19,20,1,5,1,
20,5,433,33,89,24,1,5,1,
20,6,738,119,18,23,1,5,1,
20,7,598,71,104,33,1,5,1,
20,9,921,256,39,16,1,5,1,
20,10,882,469,20,20,1,5,1,
20,11,888,78,72,41,1,5,1,
20,12,257,435,38,23,1,5,1,
20,13,284,283,83,29,1,5,1,
20,14,77,522,27,22,1,5,1,
20,15,394,80,34,47,1,5,1,
20,16,597,255,67,17,1,5,1,
20,17,590,214,118,30,1,5,1,
20,18,151,285,124,29,1,5,1,
20,19,899,244,18,11,1,5,1,
20,20,754,36,17,31,1,5,1,
20,21,480,176,53,13,1,5,1,
20,22,811,125,41,32,1,5,1,
20,23,607,437,87,24,1,5,1,
21,2,602,412,49,12,1,5,1,
21,3,72,420,19,21,1,5,1,
21,5,442,33,89,24,1,5,1,
21,6,740,120,17,23,1,5,1,
21,7,609,72,104,33,1,5,1,
21,10,883,468,20,19,1,5,1,
21,11,897,80,63,40,1,5,1,
21,12,262,435,32,25,1,5,1,
21,13,291,283,84,29,1,5,1,
21,14,78,525,26,19,1,5,1,
21,15,394,84,40,44,1,5,1,
21,16,607,255,66,17,1,5,1,
21,17,599,214,119,30,1,5,1,
21,18,165,285,115,29,1,5,1,
21,19,897,245,18,11,1,5,1,
21,20,755,38,16,31,1,5,1,
21,21,487,176,52,13,1,5,1,
21,22,815,126,40,33,1,5,1,
21,23,614,438,87,24,1,5,1,
22,2,608,411,49,13,1,5,1,
22,3,74,421,19,21,1,5,1,
22,5,450,33,89,23,1,5,1,
22,6,741,122,18,23,1,5,1,
22,7,621,74,102,32,1,5,1,
22,10,884,466,20,19,1,5,1,
22,11,905,81,55,39,1,5,1,
22,12,267,435,26,28,1,5,1,
22,13,298,284,84,29,1,5,1,
22,14,79,526,26,18,1,5,1,
22,15,395,89,44,41,1,5,1,
22,16,616,255,66,17,1,5,1,
22,17,608,214,118,30,1,5,1,
22,18,176,285,112,29,1,5,1,
22,19,895,245,18,11,1,5,1,
22,20,755,41,16,30,1,5,1,
22,21,493,177,52,13,1,5,1,
22,22,818,128,39,32,1,5,1,
22,23,620,438,88,25,1,5,1,
23,2,615,411,49,13,1,5,1,
23,3,75,423,19,21,1,5,1,
23,5,458,32,90,24,1,5,1,
23,6,743,124,17,22,1,5,1,
23,7,632,75,101,32,1,5,1,
23,10,885,464,20,20,1,5,1,
23,11,913,83,47,37,1,5,1,
23,12,270,436,25,29,1,5,1,
23,13,307,284,79,29,1,5,1,
23,14,80,529,13,15,1,5,1,
23,15,396,93,49,38,1,5,1,
23,16,625,255,66,17,1,5,1,
23,17,618,215,118,29,1,5,1,
23,18,185,285,111,30,1,5,1,
23,19,893,245,18,11,1,5,1,
23,20,755,43,16,30,1,5,1,
23,21,499,177,52,13,1,5,1,
23,22,821,129,39,31,1,5,1,
23,23,627,439,89,25,1,5,1,
24,2,621,411,49,12,1,5,1,
24,3,76,424,19,21,1,5,1,
24,5,467,32,90,24,1,5,1,
24,6,744,125,17,22,1,5,1,
24,7,643,76,100,32,1,5,1,
24,10,885,463,20,19,1,5,1,
24,11,920,85,40,37,1,5,1,
24,12,271,437,25,30,1,5,1,
24,13,318,283,70,30,1,5,1,
24,15,399,98,52,34,1,5,1,
24,16,635,255,64,17,1,5,1,
24,17,627,215,118,30,1,5,1,
24,18,195,286,108,29,1,5,1,
24,19,890,245,19,11,1,5,1,
24,20,755,45,16,30,1,5,1,
24,21,506,177,51,14,1,5,1,
24,22,824,130,39,31,1,5,1,
24,23,633,440,90,26,1,5,1,
25,2,627,410,49,13,1,5,1,
25,3,77,426,20,21,1,5,1,
25,5,475,32,91,24,1,5,1,
25,6,745,127,17,22,1,5,1,
25,7,654,78,99,31,1,5,1,
25,10,886,461,20,20,1,5,1,
25,11,928,87,32,36,1,5,1,
25,12,272,439,26,29,1,5,1,
25,13,325,284,68,30,1,5,1,
25,15,402,102,56,31,1,5,1,
25,16,644,255,64,17,1,5,1,
25,17,636,215,118,30,1,5,1,
25,18,203,286,109,29,1,5,1,
25,19,888,246,19,10,1,5,1,
25,20,755,47,16,30,1,5,1,
25,21,512,178,51,13,1,5,1,
25,22,826,132,39,30,1,5,1,
25,23,640,441,91,26,1,5,1,
26,2,634,410,48,13,1,5,1,
26,3,78,427,21,21,1,5,1,
26,5,484,31,90,24,1,5,1,
26,6,747,128,17,22,1,5,1,
26,7,665,79,98,31,1,5,1,
26,10,886,460,20,19,1,5,1,
26,11,935,88,25,36,1,5,1,
26,12,273,440,27,30,1,5,1,
26,13,331,284,69,31,1,5,1,
26,15,405,105,59,28,1,5,1,
26,16,653,256,64,16,1,5,1,
26,17,646,215,116,30,1,5,1,
26,18,211,286,109,30,1,5,1,
26,19,885,246,20,10,1,5,1,
26,20,756,49,15,29,1,5,1,
26,21,518,178,50,13,1,5,1,
26,22,829,133,39,30,1,5,1,
26,23,646,441,92,27,1,5,1,
27,2,640,410,49,12,1,5,1,
27,3,79,429,22,21,1,5,1,
27,5,492,31,91,24,1,5,1,
27,6,748,130,17,21,1,5,1,
27,7,676,80,96,31,1,5,1,
27,10,887,458,20,19,1,5,1,
27,12,274,442,28,30,1,5,1,
27,13,335,284,72,32,1,5,1,
27,15,409,109,61,24,1,5,1,
27,16,662,256,63,16,1,5,1,
27,17,655,215,116,30,1,5,1,
27,18,218,286,111,30,1,5,1,
27,19,883,246,20,11,1,5,1,
27,20,756,51,15,29,1,5,1,
27,21,524,179,50,13,1,5,1,
27,22,832,134,38,30,1,5,1,
27,23,653,442,93,27,1,5,1,
28,2,646,410,49,12,1,5,1,
28,3,80,430,23,22,1,5,1,
28,5,500,31,92,24,1,5,1,
28,6,749,131,17,21,1,5,1,
28,7,687,81,95,31,1,5,1,
28,10,887,457,20,19,1,5,1,
28,12,275,443,30,30,1,5,1,
28,13,340,284,74,32,1,5,1,
28,15,414,112,61,21,1,5,1,
28,16,671,256,62,16,1,5,1,
28,17,664,215,117,30,1,5,1,
28,18,225,286,113,30,1,5,1,
28,19,880,247,21,10,1,5,1,
28,20,756,54,15,28,1,5,1,
28,21,530,179,50,13,1,5,1,
28,22,835,136,37,29,1,5,1,
28,23,659,443,95,27,1,5,1,
29,2,653,409,48,13,1,5,1,
29,3,82,432,23,21,1,5,1,
29,5,509,31,92,24,1,5,1,
29,6,750,133,17,21,1,5,1,
29,7,698,83,93,30,1,5,1,
29,10,887,455,20,19,1,5,1,
29,12,277,445,30,30,1,5,1,
29,13,345,285,77,32,1,5,1,
29,15,419,115,62,19,1,5,1,
29,16,679,256,62,16,1,5,1,
29,17,673,216,117,29,1,5,1,
29,18,233,286,114,30,1,5,1,
29,19,878,247,21,10,1,5,1,
29,20,756,56,15,28,1,5,1,
29,21,536,179,49,13,1,5,1,
29,22,838,137,37,29,1,5,1,
29,23,666,444,96,27,1,5,1,
30,2,659,409,49,12,1,5,1,
30,3,83,433,25,22,1,5,1,
30,5,518,30,91,25,1,5,1,
30,6,751,134,17,21,1,5,1,
30,7,708,84,92,30,1,5,1,
30,10,888,454,19,19,1,5,1,
30,12,278,446,32,31,1,5,1,
30,13,350,285,80,33,1,5,1,
30,15,424,117,62,17,1,5,1,
30,16,688,256,62,16,1,5,1,
30,17,682,216,117,29,1,5,1,
30,18,241,286,115,31,1,5,1,
30,19,875,247,22,10,1,5,1,
30,20,755,58,15,27,1,5,1,
30,21,542,180,49,13,1,5,1,
30,22,840,138,37,29,1,5,1,
30,23,673,445,97,27,1,5,1,
31,2,665,409,49,12,1,5,1,
31,3,85,434,25,23,1,5,1,
31,5,527,30,91,25,1,5,1,
31,6,752,136,16,20,1,5,1,
31,7,719,85,90,30,1,5,1,
31,10,888,452,19,19,1,5,1,
31,12,280,448,32,31,1,5,1,
31,13,355,285,83,34,1,5,1,
31,15,430,118,62,16,1,5,1,
31,16,697,256,61,16,1,5,1,
31,17,692,216,115,29,1,5,1,
31,18,249,286,116,31,1,5,1,
31,19,872,247,22,10,1,5,1,
31,20,755,60,15,27,1,5,1,
31,21,548,180,49,13,1,5,1,
31,22,843,139,36,29,1,5,1,
31,23,680,446,98,27,1,5,1,
32,2,672,408,48,13,1,5,1,
32,3,87,436,25,22,1,5,1,
32,5,535,30,91,25,1,5,1,
32,6,753,137,16,20,1,5,1,
32,7,729,86,88,30,1,5,1,
32,10,888,451,19,19,1,5,1,
32,12,281,449,34,32,1,5,1,
32,13,361,285,86,35,1,5,1,
32,15,435,118,61,15,1,5,1,
32,16,706,256,59,16,1,5,1,
32,17,701,216,114,29,1,5,1,
32,18,257,286,117,31,1,5,1,
32,19,869,248,23,9,1,5,1,
32,20,755,62,15,27,1,5,1,
32,21,553,180,49,13,1,5,1,
32,22,846,140,35,29,1,5,1,
32,23,687,447,99,27,1,5,1,
33,2,678,408,48,12,1,5,1,
33,3,89,437,26,23,1,5,1,
33,5,544,30,91,25,1,5,1,
33,6,754,139,16,19,1,5,1,
33,7,739,87,87,30,1,5,1,
33,10,888,449,19,19,1,5,1,
33,12,283,451,35,32,1,5,1,
33,13,367,285,88,35,1,5,1,
33,15,440,118,61,15,1,5,1,
33,16,714,256,59,16,1,5,1,
33,17,710,216,114,30,1,5,1,
33,18,265,286,118,32,1,5,1,
33,19,867,248,22,9,1,5,1,
33,20,755,64,14,26,1,5,1,
33,21,559,181,48,12,1,5,1,
33,22,848,141,35,28,1,5,1,
33,23,694,448,100,28,1,5,1,
34,2,684,408,48,12,1,5,1,
34,3,91,439,27,23,1,5,1,
34,5,553,30,91,25,1,5,1,
34,6,755,140,15,19,1,5,1,
34,7,750,89,84,29,1,5,1,
34,10,887,448,19,18,1,5,1,
34,12,285,452,36,32,1,5,1,
34,13,374,286,91,35,1,5,1,
34,15,445,117,61,15,1,5,1,
34,16,723,256,58,16,1,5,1,
34,17,720,216,112,30,1,5,1,
34,18,274,286,118,32,1,5,1,
34,19,864,248,23,10,1,5,1,
34,20,755,66,14,26,1,5,1,
34,21,565,181,48,13,1,5,1,
34,22,851,143,35,27,1,5,1,
34,23,702,448,101,29,1,5,1,
35,2,690,408,48,12,1,5,1,
35,3,93,440,27,24,1,5,1,
35,5,561,31,91,24,1,5,1,
35,6,755,141,16,20,1,5,1,
35,7,760,89,80,31,1,5,1,
35,10,887,446,19,19,1,5,1,
35,12,286,454,38,32,1,5,1,
35,13,380,286,95,37,1,5,1,
35,15,450,117,61,15,1,5,1,
35,16,731,256,57,16,1,5,1,
35,17,728,216,113,30,1,5,1,
35,18,282,287,120,31,1,5,1,
35,19,861,248,23,10,1,5,1,
35,20,754,67,15,26,1,5,1,
35,21,571,182,47,12,1,5,1,
35,22,853,144,35,27,1,5,1,
35,23,709,449,102,29,1,5,1,
36,2,696,407,49,13,1,5,1,
36,3,96,442,27,23,1,5,1,
36,5,570,31,91,24,1,5,1,
36,6,756,143,16,19,1,5,1,
36,7,770,91,78,30,1,5,1,
36,10,887,445,18,18,1,5,1,
36,12,288,456,39,32,1,5,1,
36,13,386,286,100,38,1,5,1,
36,15,454,117,62,15,1,5,1,
36,16,739,256,57,16,1,5,1,
36,17,737,217,113,29,1,5,1,
36,18,290,287,122,32,1,5,1,
36,19,858,249,24,9,1,5,1,
36,20,754,69,14,26,1,5,1,
36,21,577,182,46,12,1,5,1,
36,22,857,145,32,27,1,5,1,
36,23,716,450,103,29,1,5,1,
37,2,703,407,48,12,1,5,1,
37,3,98,444,28,23,1,5,1,
37,5,579,31,90,24,1,5,1,
37,6,756,144,16,19,1,5,1,
37,7,779,92,77,30,1,5,1,
37,10,886,444,19,18,1,5,1,
37,12,290,457,40,33,1,5,1,
37,13,389,286,115,39,1,5,1,
37,15,459,116,62,15,1,5,1,
37,16,747,256,57,16,1,5,1,
37,17,746,217,112,29,1,5,1,
37,18,298,287,124,32,1,5,1,
37,19,855,249,24,9,1,5,1,
37,20,754,71,13,25,1,5,1,
37,21,583,182,45,13,1,5,1,
37,22,860,145,31,28,1,5,1,
37,23,724,452,103,28,1,5,1,
38,2,709,407,48,12,1,5,1,
38,3,101,445,28,24,1,5,1,
38,5,588,31,90,24,1,5,1,
38,6,757,145,15,19,1,5,1,
38,7,788,93,76,30,1,5,1,
38,10,886,442,18,18,1,5,1,
38,12,293,459,41,33,1,5,1,
38,13,392,287,130,38,1,5,1,
38,15,464,116,62,15,1,5,1,
38,16,756,257,54,15,1,5,1,
38,17,755,217,112,29,1,5,1,
38,18,305,287,128,32,1,5,1,
38,19,852,249,24,9,1,5,1,
38,20,753,73,14,25,1,5,1,
38,21,588,183,45,12,1,5,1,
38,22,862,147,33,25,1,5,1,
38,23,731,453,104,27,1,5,1,
39,2,715,407,48,12,1,5,1,
39,3,103,447,29,24,1,5,1,
39,5,596,31,90,25,1,5,1,
39,6,757,147,15,18,1,5,1,
39,7,797,95,74,29,1,5,1,
39,10,885,441,18,18,1,5,1,
39,12,295,460,42,34,1,5,1,
39,13,395,287,145,39,1,5,1,
39,15,468,116,63,15,1,5,1,
39,16,763,257,54,16,1,5,1,
39,17,764,217,111,29,1,5,1,
39,18,312,287,132,32,1,5,1,
39,19,849,249,24,9,1,5,1,
39,20,753,75,13,24,1,5,1,
39,21,594,183,43,12,1,5,1,
39,22,865,147,33,25,1,5,1,
39,23,739,454,105,27,1,5,1,
40,2,721,406,48,12,1,5,1,
40,3,106,448,29,25,1,5,1,
40,5,605,31,90,25,1,5,1,
40,6,758,148,15,18,1,5,1,
40,7,806,96,72,30,1,5,1,
40,10,884,439,18,18,1,5,1,
40,12,297,462,44,34,1,5,1,
40,13,401,287,156,39,1,5,1,
40,15,473,115,64,16,1,5,1,
40,16,771,257,53,16,1,5,1,
40,17,773,217,111,29,1,5,1,
40,18,320,287,134,33,1,5,1,
40,19,846,249,25,9,1,5,1,
40,20,752,76,14,25,1,5,1,
40,21,599,184,43,12,1,5,1,
40,22,866,148,38,24,1,5,1,
40,23,746,455,106,27,1,5,1,
41,2,727,406,48,12,1,5,1,
41,3,108,450,31,25,1,5,1,
41,5,614,31,89,25,1,5,1,
41,6,758,149,15,18,1,5,1,
41,7,814,97,71,30,1,5,1,
41,10,884,438,17,17,1,5,1,
41,12,299,464,45,34,1,5,1,
41,13,410,287,163,39,1,5,1,
41,15,478,115,64,16,1,5,1,
41,16,778,257,53,16,1,5,1,
41,17,781,217,111,29,1,5,1,
41,18,329,287,136,33,1,5,1,
41,19,843,250,25,9,1,5,1,
41,20,752,78,13,24,1,5,1,
41,21,605,184,42,12,1,5,1,
41,22,870,149,36,24,1,5,1,
41,23,754,456,107,27,1,5,1,
42,2,733,406,48,12,1,5,1,
42,3,111,452,32,25,1,5,1,
42,5,622,32,89,24,1,5,1,
42,6,759,150,14,18,1,5,1,
42,7,823,99,69,29,1,5,1,
42,10,883,437,18,17,1,5,1,
42,12,302,466,46,34,1,5,1,
42,13,420,287,169,39,1,5,1,
42,15,483,115,64,15,1,5,1,
42,16,786,257,52,16,1,5,1,
42,17,790,218,111,29,1,5,1,
42,18,337,287,139,33,1,5,1,
42,19,840,250,25,9,1,5,1,
42,20,751,79,13,25,1,5,1,
42,21,610,184,41,13,1,5,1,
42,22,874,149,34,25,1,5,1,
42,23,762,457,108,27,1,5,1,
43,2,740,406,48,12,1,5,1,
43,3,114,453,32,26,1,5,1,
43,5,631,32,88,25,1,5,1,
43,6,759,152,15,17,1,5,1,
43,7,831,100,68,29,1,5,1,
43,10,882,435,18,17,1,5,1,
43,12,304,467,48,35,1,5,1,
43,13,432,286,171,40,1,5,1,
43,15,488,115,64,15,1,5,1,
43,16,793,257,52,16,1,5,1,
43,17,798,218,112,29,1,5,1,
43,18,346,287,141,33,1,5,1,
43,19,837,250,25,9,1,5,1,
43,20,750,81,15,24,1,5,1,
43,21,615,185,41,12,1,5,1,
43,22,877,150,33,24,1,5,1,
43,23,769,458,109,27,1,5,1,
44,2,746,405,48,12,1,5,1,
44,3,117,455,33,26,1,5,1,
44,5,639,32,89,25,1,5,1,
44,6,758,153,15,17,1,5,1,
44,7,839,101,66,29,1,5,1,
44,10,881,434,19,17,1,5,1,
44,12,307,469,49,35,1,5,1,
44,13,447,286,168,40,1,5,1,
44,15,493,114,64,16,1,5,1,
44,16,801,257,50,16,1,5,1,
44,17,806,218,112,29,1,5,1,
44,18,356,287,142,33,1,5,1,
44,19,834,250,25,9,1,5,1,
44,20,749,82,15,25,1,5,1,
44,21,620,185,40,12,1,5,1,
44,22,881,151,30,24,1,5,1,
44,23,777,458,110,28,1,5,1,
45,2,752,405,48,12,1,5,1,
45,3,120,457,34,26,1,5,1,
45,5,648,32,88,25,1,5,1,
45,6,758,154,15,17,1,5,1,
45,7,847,103,64,28,1,5,1,
45,10,880,432,19,17,1,5,1,
45,12,310,471,50,35,1,5,1,
45,13,463,286,163,39,1,5,1,
45,15,497,114,65,16,1,5,1,
45,16,808,257,50,16,1,5,1,
45,17,815,218,111,29,1,5,1,
45,18,366,287,142,33,1,5,1,
45,19,830,251,26,8,1,5,1,
45,20,748,84,15,24,1,5,1,
45,21,625,186,40,12,1,5,1,
45,22,886,151,27,25,1,5,1,
45,23,785,459,110,28,1,5,1,
46,2,758,405,48,12,1,5,1,
46,3,123,458,35,27,1,5,1,
46,5,657,33,87,24,1,5,1,
46,6,758,155,15,17,1,5,1,
46,7,855,104,62,28,1,5,1,
46,10,879,431,19,17,1,5,1,
46,12,313,473,51,35,1,5,1,
46,13,479,286,160,39,1,5,1,
46,15,502,114,65,16,1,5,1,
46,16,815,257,49,16,1,5,1,
46,17,824,218,110,30,1,5,1,
46,18,376,287,143,33,1,5,1,
46,19,827,251,26,8,1,5,1,
46,20,746,86,16,24,1,5,1,
46,21,630,186,39,12,1,5,1,
46,22,886,152,28,25,1,5,1,
46,23,793,460,111,27,1,5,1,
47,2,764,405,48,12,1,5,1,
47,3,126,460,36,27,1,5,1,
47,5,665,33,87,25,1,5,1,
47,6,758,156,14,17,1,5,1,
47,7,863,105,59,29,1,5,1,
47,10,878,430,20,16,1,5,1,
47,12,316,474,53,36,1,5,1,
47,13,494,286,158,39,1,5,1,
47,15,507,114,65,16,1,5,1,
47,16,822,257,48,16,1,5,1,
47,17,833,219,109,29,1,5,1,
47,18,387,287,143,33,1,5,1,
47,19,824,251,26,8,1,5,1,
47,20,745,88,16,23,1,5,1,
47,21,635,187,38,12,1,5,1,
47,22,887,152,28,26,1,5,1,
47,23,802,461,111,27,1,5,1,
48,2,770,405,48,12,1,5,1,
48,3,130,462,37,27,1,5,1,
48,5,673,33,87,25,1,5,1,
48,6,758,157,14,17,1,5,1,
48,7,871,106,56,29,1,5,1,
48,10,877,428,20,17,1,5,1,
48,12,319,476,54,36,1,5,1,
48,13,509,286,157,38,1,5,1,
48,15,512,114,66,16,1,5,1,
48,16,829,258,47,15,1,5,1,
48,17,841,219,109,29,1,5,1,
48,18,397,287,144,33,1,5,1,
48,19,821,251,26,8,1,5,1,
48,20,744,89,16,23,1,5,1,
48,21,640,187,37,12,1,5,1,
48,22,888,153,27,25,1,5,1,
48,23,810,462,111,27,1,5,1,
49,2,776,404,48,12,1,5,1,
49,3,133,464,38,27,1,5,1,
49,5,682,34,85,24,1,5,1,
49,6,758,159,13,16,1,5,1,
49,7,878,108,54,28,1,5,1,
49,10,876,427,20,17,1,5,1,
49,12,322,478,56,36,1,5,1,
49,13,524,286,155,38,1,5,1,
49,15,517,114,66,15,1,5,1,
49,16,836,258,45,15,1,5,1,
49,17,850,219,108,29,1,5,1,
49,18,408,287,144,33,1,5,1,
49,19,818,251,26,9,1,5,1,
49,20,742,91,17,23,1,5,1,
49,21,645,188,36,11,1,5,1,
49,22,888,154,28,25,1,5,1,
49,23,818,463,112,26,1,5,1,
50,2,783,404,47,12,1,5,1,
50,3,137,466,38,27,1,5,1,
50,5,690,34,85,25,1,5,1,
50,6,757,160,14,16,1,5,1,
50,7,885,109,52,28,1,5,1,
50,10,874,426,21,16,1,5,1,
50,12,325,480,57,36,1,5,1,
50,13,538,286,154,38,1,5,1,
50,15,523,114,65,15,1,5,1,
50,16,842,258,45,15,1,5,1,
50,17,858,219,101,29,1,5,1,
50,18,419,287,143,33,1,5,1,
50,19,814,251,27,9,1,5,1,
50,20,741,92,17,23,1,5,1,
50,21,649,188,35,12,1,5,1,
50,22,889,155,27,25,1,5,1,
50,23,826,464,112,26,1,5,1,
51,2,789,404,47,12,1,5,1,
51,3,140,467,40,28,1,5,1,
51,5,699,34,84,25,1,5,1,
51,6,757,161,13,16,1,5,1,
51,7,889,111,57,26,1,5,1,
51,10,873,425,21,16,1,5,1,
51,12,328,482,59,36,1,5,1,
51,13,553,286,153,37,1,5,1,
51,15,528,113,65,16,1,5,1,
51,16,849,258,44,15,1,5,1,
51,17,867,219,93,29,1,5,1,
51,18,430,287,143,33,1,5,1,
51,19,811,252,27,8,1,5,1,
51,20,739,94,18,22,1,5,1,
51,21,654,189,34,11,1,5,1,
51,22,890,156,27,25,1,5,1,
51,23,834,465,113,26,1,5,1,
52,2,795,404,47,12,1,5,1,
52,3,144,469,41,28,1,5,1,
52,5,707,35,84,25,1,5,1,
52,6,756,162,14,16,1,5,1,
52,7,892,113,62,26,1,5,1,
52,10,872,423,21,16,1,5,1,
52,12,332,483,60,38,1,5,1,
52,13,567,286,152,37,1,5,1,
52,15,533,113,65,16,1,5,1,
52,16,855,258,44,15,1,5,1,
52,17,875,219,85,29,1,5,1,
52,18,440,287,144,33,1,5,1,
52,19,808,252,27,8,1,5,1,
52,20,738,96,17,22,1,5,1,
52,21,658,189,34,12,1,5,1,
52,22,890,157,27,24,1,5,1,
52,23,843,466,112,25,1,5,1,
53,2,801,404,47,12,1,5,1,
53,3,148,471,42,29,1,5,1,
53,5,715,36,83,24,1,5,1,
53,6,756,163,13,15,1,5,1,
53,7,897,114,62,25,1,5,1,
53,10,870,422,21,16,1,5,1,
53,12,336,485,61,38,1,5,1,
53,13,581,286,151,37,1,5,1,
53,15,538,113,65,16,1,5,1,
53,16,861,258,43,15,1,5,1,
53,17,883,220,77,28,1,5,1,
53,18,451,287,144,33,1,5,1,
53,19,805,252,27,8,1,5,1,
53,20,736,97,18,22,1,5,1,
53,21,663,190,32,11,1,5,1,
53,22,891,158,26,24,1,5,1,
53,23,851,467,108,25,1,5,1,
54,2,807,403,47,12,1,5,1,
54,3,152,473,43,29,1,5,1,
54,5,723,36,83,25,1,5,1,
54,6,755,164,13,15,1,5,1,
54,7,905,115,55,26,1,5,1,
54,10,869,421,21,15,1,5,1,
54,12,339,487,64,38,1,5,1,
54,13,595,286,150,37,1,5,1,
54,15,543,113,65,16,1,5,1,
54,16,867,258,43,15,1,5,1,
54,17,890,220,70,30,1,5,1,
54,18,462,287,144,33,1,5,1,
54,19,801,252,28,8,1,5,1,
54,20,735,99,18,21,1,5,1,
54,21,667,190,31,12,1,5,1,
54,22,892,159,26,24,1,5,1,
54,23,860,467,100,26,1,5,1,
55,2,813,403,47,12,1,5,1,
55,3,156,475,44,29,1,5,1,
55,5,731,36,82,25,1,5,1,
55,6,754,165,13,15,1,5,1,
55,7,916,115,44,27,1,5,1,
55,10,867,420,22,15,1,5,1,
55,12,343,489,65,38,1,5,1,
55,13,609,286,149,36,1,5,1,
55,15,548,113,65,16,1,5,1,
55,16,873,258,42,15,1,5,1,
55,17,896,222,64,24,1,5,1,
55,18,473,287,143,33,1,5,1,
55,19,798,252,27,8,1,5,1,
55,20,733,100,18,21,1,5,1,
55,21,672,190,29,12,1,5,1,
55,22,892,160,26,24,1,5,1,
55,23,868,468,92,25,1,5,1,
56,2,819,403,47,12,1,5,1,
56,3,160,477,45,30,1,5,1,
56,5,740,36,78,25,1,5,1,
56,6,754,166,12,15,1,5,1,
56,7,927,116,33,28,1,5,1,
56,10,866,418,21,16,1,5,1,
56,12,347,491,66,38,1,5,1,
56,13,623,285,147,37,1,5,1,
56,15,553,113,65,16,1,5,1,
56,16,879,258,41,15,1,5,1,
56,17,900,223,60,23,1,5,1,
56,18,484,287,143,33,1,5,1,
56,19,795,253,27,7,1,5,1,
56,20,731,102,19,21,1,5,1,
56,21,675,191,29,12,1,5,1,
56,22,892,161,26,23,1,5,1,
56,23,876,468,84,26,1,5,1,
57,2,825,403,47,12,1,5,1,
57,3,165,479,46,30,1,5,1,
57,5,751,35,72,26,1,5,1,
57,6,753,167,13,15,1,5,1,
57,7,939,117,21,28,1,5,1,
57,10,864,417,22,15,1,5,1,
57,12,351,493,68,38,1,5,1,
57,13,637,285,146,37,1,5,1,
57,15,558,113,65,16,1,5,1,
57,16,886,258,39,14,1,5,1,
57,17,907,224,53,18,1,5,1,
57,18,495,287,143,33,1,5,1,
57,19,792,253,27,7,1,5,1,
57,20,729,103,19,21,1,5,1,
57,21,680,191,26,12,1,5,1,
57,22,893,162,26,23,1,5,1,
57,23,885,469,75,26,1,5,1,
58,1,944,537,16,6,1,5,1,
58,2,831,403,47,12,1,5,1,
58,3,169,481,47,30,1,5,1,
58,5,761,34,66,28,1,5,1,
58,6,752,168,13,15,1,5,1,
58,7,947,119,13,26,1,5,1,
58,10,862,416,22,15,1,5,1,
58,12,355,495,70,39,1,5,1,
58,13,650,285,146,37,1,5,1,
58,15,563,113,65,16,1,5,1,
58,16,891,258,39,14,1,5,1,
58,17,914,225,46,15,1,5,1,
58,18,506,287,143,33,1,5,1,
58,19,788,253,28,8,1,5,1,
58,20,727,105,20,20,1,5,1,
58,21,683,192,26,12,1,5,1,
58,22,893,163,26,23,1,5,1,
58,23,893,470,67,23,1,5,1,
59,1,946,535,14,8,1,5,1,
59,2,838,403,46,11,1,5,1,
59,3,174,483,48,31,1,5,1,
59,5,772,34,60,29,1,5,1,
59,6,751,169,13,14,1,5,1,
59,10,860,415,22,14,1,5,1,
59,12,360,497,71,39,1,5,1,
59,13,666,285,142,36,1,5,1,
59,15,569,113,64,16,1,5,1,
59,16,898,258,37,14,1,5,1,
59,18,518,287,141,33,1,5,1,
59,20,726,106,19,20,1,5,1,
59,21,688,192,23,12,1,5,1,
59,22,893,164,26,22,1,5,1,
59,23,903,470,57,23,1,5,1,
60,1,946,533,14,10,1,5,1,
60,2,843,402,47,12,1,5,1,
60,3,178,485,50,31,1,5,1,
60,5,778,35,59,29,1,5,1,
60,6,750,170,14,14,1,5,1,
60,10,856,414,26,14,1,5,1,
60,12,364,499,73,39,1,5,1,
60,13,677,285,144,36,1,5,1,
60,15,573,113,65,16,1,5,1,
60,16,902,259,38,14,1,5,1,
60,18,527,287,143,33,1,5,1,
60,20,724,107,20,20,1,5,1,
60,21,690,193,24,12,1,5,1,
60,22,893,165,25,22,1,5,1,
60,23,909,471,51,19,1,5,1,
61,1,939,532,21,11,1,5,1,
61,2,848,402,48,12,1,5,1,
61,3,182,487,52,32,1,5,1,
61,5,783,36,59,30,1,5,1,
61,6,749,171,14,14,1,5,1,
61,10,852,412,30,15,1,5,1,
61,12,368,500,75,40,1,5,1,
61,13,688,285,145,36,1,5,1,
61,15,577,113,65,16,1,5,1,
61,16,906,259,38,14,1,5,1,
61,18,536,287,144,33,1,5,1,
61,20,722,109,20,19,1,5,1,
61,21,693,193,23,12,1,5,1,
61,22,893,165,25,23,1,5,1,
61,23,916,471,44,18,1,5,1,
62,1,940,534,20,9,1,5,1,
62,2,854,402,47,12,1,5,1,
62,3,187,489,53,32,1,5,1,
62,5,789,38,58,29,1,5,1,
62,6,748,172,14,14,1,5,1,
62,10,847,411,35,15,1,5,1,
62,12,372,502,77,41,1,5,1,
62,13,701,285,144,36,1,5,1,
62,15,582,113,65,17,1,5,1,
62,16,912,259,37,14,1,5,1,
62,18,547,287,144,33,1,5,1,
62,20,720,110,21,19,1,5,1,
62,21,696,194,22,12,1,5,1,
62,22,893,166,25,23,1,5,1,
62,23,924,473,36,13,1,5,1,
63,1,943,534,17,9,1,5,1,
63,2,859,402,48,12,1,5,1,
63,3,192,491,54,33,1,5,1,
63,5,796,39,56,29,1,5,1,
63,6,747,173,14,14,1,5,1,
63,10,842,410,39,15,1,5,1,
63,12,377,504,78,39,1,5,1,
63,13,714,285,144,36,1,5,1,
63,15,587,113,65,17,1,5,1,
63,16,917,259,36,14,1,5,1,
63,18,557,287,144,33,1,5,1,
63,20,718,111,21,19,1,5,1,
63,21,699,195,21,11,1,5,1,
63,22,893,167,24,22,1,5,1,
64,2,865,402,48,11,1,5,1,
64,3,198,494,55,33,1,5,1,
64,5,803,40,50,30,1,5,1,
64,6,746,174,13,13,1,5,1,
64,10,837,409,43,14,1,5,1,
64,12,382,506,80,37,1,5,1,
64,13,727,285,143,36,1,5,1,
64,15,592,113,65,17,1,5,1,
64,16,922,259,35,13,1,5,1,
64,18,568,287,144,33,1,5,1,
64,20,717,113,20,18,1,5,1,
64,21,702,195,21,11,1,5,1,
64,22,893,168,24,22,1,5,1,
65,2,871,402,48,11,1,5,1,
65,3,202,496,57,33,1,5,1,
65,5,810,41,47,31,1,5,1,
65,6,747,175,11,13,1,5,1,
65,10,831,408,47,14,1,5,1,
65,12,386,508,81,35,1,5,1,
65,13,739,285,143,36,1,5,1,
65,15,597,113,65,17,1,5,1,
65,16,926,259,33,13,1,5,1,
65,18,578,287,144,33,1,5,1,
65,21,704,196,21,11,1,5,1,
65,22,893,169,24,22,1,5,1,
66,2,876,401,48,12,1,5,1,
66,3,208,498,58,34,1,5,1,
66,5,816,42,44,32,1,5,1,
66,6,746,176,12,12,1,5,1,
66,10,826,407,50,14,1,5,1,
66,12,391,510,80,33,1,5,1,
66,13,751,285,143,35,1,5,1,
66,15,601,113,66,17,1,5,1,
66,16,930,259,30,14,1,5,1,
66,18,588,287,144,33,1,5,1,
66,21,707,196,19,12,1,5,1,
66,22,892,170,24,21,1,5,1,
67,2,881,401,49,12,1,5,1,
67,3,212,500,61,35,1,5,1,
67,5,821,43,42,33,1,5,1,
67,6,746,176,11,13,1,5,1,
67,10,821,406,52,14,1,5,1,
67,12,396,512,80,32,1,5,1,
67,13,761,285,144,35,1,5,1,
67,15,606,113,65,17,1,5,1,
67,16,933,260,27,14,1,5,1,
67,18,597,287,146,33,1,5,1,
67,21,710,197,18,11,1,5,1,
67,22,892,171,24,21,1,5,1,
68,2,887,401,49,12,1,5,1,
68,3,218,502,62,36,1,5,1,
68,5,826,45,41,32,1,5,1,
68,6,745,177,11,13,1,5,1,
68,10,817,406,52,12,1,5,1,
68,12,401,514,80,30,1,5,1,
68,13,774,285,143,35,1,5,1,
68,15,611,113,66,16,1,5,1,
68,16,937,260,23,12,1,5,1,
68,18,608,287,145,33,1,5,1,
68,21,712,197,17,12,1,5,1,
68,22,892,172,23,21,1,5,1,
69,2,893,401,48,12,1,5,1,
69,3,224,505,63,36,1,5,1,
69,5,830,47,40,32,1,5,1,
69,6,744,178,12,12,1,5,1,
69,10,812,405,53,12,1,5,1,
69,12,406,516,82,28,1,5,1,
69,13,786,285,142,35,1,5,1,
69,15,615,112,67,16,1,5,1,
69,16,940,261,20,9,1,5,1,
69,18,618,287,145,33,1,5,1,
69,21,715,198,16,11,1,5,1,
69,22,891,173,23,20,1,5,1,
70,2,899,401,48,11,1,5,1,
70,3,230,507,65,36,1,5,1,
70,5,835,49,38,31,1,5,1,
70,6,743,179,12,12,1,5,1,
70,10,808,404,52,12,1,5,1,
70,12,412,518,83,26,1,5,1,
70,13,800,285,140,35,1,5,1,
70,15,621,111,66,17,1,5,1,
70,16,944,262,16,6,1,5,1,
70,18,630,287,143,33,1,5,1,
70,21,717,199,15,11,1,5,1,
70,22,890,173,23,21,1,5,1,
71,2,904,401,48,11,1,5,1,
71,3,236,509,67,34,1,5,1,
71,5,838,51,38,31,1,5,1,
71,6,743,179,12,13,1,5,1,
71,10,804,403,52,12,1,5,1,
71,12,417,520,86,24,1,5,1,
71,13,811,285,140,35,1,5,1,
71,15,626,111,65,17,1,5,1,
71,18,639,287,144,33,1,5,1,
71,21,719,199,15,11,1,5,1,
71,22,890,174,23,21,1,5,1,
72,2,910,400,47,12,1,5,1,
72,3,242,512,66,31,1,5,1,
72,5,842,53,37,30,1,5,1,
72,6,741,180,14,13,1,5,1,
72,10,799,402,52,12,1,5,1,
72,12,423,522,87,22,1,5,1,
72,13,823,285,136,34,1,5,1,
72,15,631,111,65,18,1,5,1,
72,18,650,287,143,33,1,5,1,
72,21,721,200,14,11,1,5,1,
72,22,889,175,22,20,1,5,1,
73,2,915,400,44,12,1,5,1,
73,3,248,514,69,29,1,5,1,
73,5,846,54,36,31,1,5,1,
73,6,740,181,15,12,1,5,1,
73,12,428,524,90,20,1,5,1,
73,13,834,285,126,34,1,5,1,
73,15,636,112,64,17,1,5,1,
73,18,660,287,142,33,1,5,1,
73,21,723,200,13,11,1,5,1,
73,22,888,176,23,20,1,5,1,
74,2,921,400,39,11,1,5,1,
74,3,253,517,72,27,1,5,1,
74,5,850,56,35,31,1,5,1,
74,6,738,182,16,12,1,5,1,
74,12,434,526,92,18,1,5,1,
74,13,846,285,114,34,1,5,1,
74,15,641,112,63,17,1,5,1,
74,18,670,287,142,33,1,5,1,
74,21,725,201,12,11,1,5,1,
74,22,887,177,23,20,1,5,1,
75,2,926,400,34,11,1,5,1,
75,3,258,520,74,24,1,5,1,
75,5,853,58,34,30,1,5,1,
75,6,737,182,16,12,1,5,1,
75,12,440,529,94,15,1,5,1,
75,13,857,285,103,34,1,5,1,
75,15,646,112,62,17,1,5,1,
75,18,680,287,142,33,1,5,1,
75,21,727,201,11,11,1,5,1,
75,22,887,177,22,20,1,5,1,
76,2,932,399,28,12,1,5,1,
76,3,265,523,76,21,1,5,1,
76,5,857,60,33,30,1,5,1,
76,6,736,183,15,12,1,5,1,
76,13,869,285,91,34,1,5,1,
76,15,651,112,61,18,1,5,1,
76,18,690,287,141,33,1,5,1,
76,21,728,202,11,11,1,5,1,
76,22,886,178,22,20,1,5,1,
77,2,937,401,23,10,1,5,1,
77,3,272,526,79,18,1,5,1,
77,5,860,61,32,30,1,5,1,
77,6,734,184,16,12,1,5,1,
77,13,880,285,80,34,1,5,1,
77,15,655,113,61,17,1,5,1,
77,18,699,287,141,33,1,5,1,
77,21,729,202,11,11,1,5,1,
77,22,885,179,22,19,1,5,1,
78,2,942,401,18,8,1,5,1,
78,3,279,528,81,16,1,5,1,
78,5,863,63,31,30,1,5,1,
78,6,732,185,17,11,1,5,1,
78,13,891,287,69,31,1,5,1,
78,15,660,113,60,17,1,5,1,
78,18,709,287,140,32,1,5,1,
78,21,730,203,10,11,1,5,1,
78,22,884,180,22,19,1,5,1,
79,3,287,530,83,14,1,5,1,
79,5,866,65,31,29,1,5,1,
79,6,730,185,18,12,1,5,1,
79,13,902,288,58,27,1,5,1,
79,15,665,113,58,18,1,5,1,
79,18,719,287,140,32,1,5,1,
79,21,730,203,11,11,1,5,1,
79,22,883,181,23,18,1,5,1,
80,5,869,66,31,29,1,5,1,
80,6,729,186,18,12,1,5,1,
80,13,913,292,47,16,1,5,1,
80,15,669,114,58,17,1,5,1,
80,18,728,287,140,32,1,5,1,
80,21,731,204,10,11,1,5,1,
80,22,882,181,23,19,1,5,1,
81,5,871,68,31,29,1,5,1,
81,6,727,187,18,11,1,5,1,
81,15,673,114,57,18,1,5,1,
81,18,736,287,140,32,1,5,1,
81,21,730,205,11,10,1,5,1,
81,22,881,182,23,19,1,5,1,
82,5,873,69,31,29,1,5,1,
82,6,725,187,19,12,1,5,1,
82,15,677,115,57,17,1,5,1,
82,18,745,287,140,32,1,5,1,
82,21,730,205,11,10,1,5,1,
82,22,880,183,24,18,1,5,1,
83,5,876,71,31,28,1,5,1,
83,6,722,188,21,11,1,5,1,
83,15,681,115,56,18,1,5,1,
83,18,753,287,141,32,1,5,1,
83,21,730,205,11,11,1,5,1,
83,22,879,183,24,19,1,5,1,
84,5,878,73,31,28,1,5,1,
84,6,720,189,21,11,1,5,1,
84,15,685,115,55,18,1,5,1,
84,18,763,287,139,32,1,5,1,
84,21,730,206,10,10,1,5,1,
84,22,878,184,24,18,1,5,1,
85,5,880,74,32,28,1,5,1,
85,6,718,189,22,11,1,5,1,
85,15,689,116,54,18,1,5,1,
85,18,771,287,140,32,1,5,1,
85,21,730,206,10,11,1,5,1,
85,22,877,185,24,18,1,5,1,
86,5,883,76,31,27,1,5,1,
86,6,716,190,22,11,1,5,1,
86,15,693,116,53,18,1,5,1,
86,18,781,287,138,32,1,5,1,
86,21,729,207,11,10,1,5,1,
86,22,876,185,24,18,1,5,1,
87,5,886,77,30,28,1,5,1,
87,15,697,117,51,18,1,5,1,
87,18,790,287,137,32,1,5,1,
87,21,729,208,10,10,1,5,1,
87,22,875,186,24,18,1,5,1,
88,5,888,79,30,27,1,5,1,
88,15,701,117,50,18,1,5,1,
88,18,799,287,136,31,1,5,1,
88,21,728,208,11,10,1,5,1,
88,22,874,187,24,17,1,5,1,
89,5,891,80,29,27,1,5,1,
89,15,705,118,48,18,1,5,1,
89,18,808,287,135,31,1,5,1,
89,21,727,209,11,10,1,5,1,
89,22,873,187,24,18,1,5,1,
90,5,894,82,28,27,1,5,1,
90,15,709,118,46,19,1,5,1,
90,18,818,287,133,31,1,5,1,
90,21,726,209,12,10,1,5,1,
90,22,871,188,25,17,1,5,1,
91,5,896,83,28,27,1,5,1,
91,15,713,118,44,21,1,5,1,
91,18,826,287,133,31,1,5,1,
91,21,725,210,13,10,1,5,1,
91,22,869,189,26,17,1,5,1,
92,5,899,84,27,27,1,5,1,
92,15,716,119,43,20,1,5,1,
92,18,834,287,125,31,1,5,1,
92,21,724,210,14,10,1,5,1,
92,22,867,189,28,18,1,5,1,
93,5,901,86,26,26,1,5,1,
93,15,720,119,41,21,1,5,1,
93,18,843,287,117,31,1,5,1,
93,21,723,211,14,10,1,5,1,
93,22,866,190,28,18,1,5,1,
94,5,903,87,26,27,1,5,1,
94,15,723,120,40,21,1,5,1,
94,18,852,287,108,31,1,5,1,
94,21,723,211,13,10,1,5,1,
94,22,864,190,28,19,1,5,1,
95,5,905,89,25,26,1,5,1,
95,15,725,121,41,20,1,5,1,
95,18,860,286,100,31,1,5,1,
95,21,724,212,10,9,1,5,1,
95,22,863,191,28,20,1,5,1,
96,5,907,90,25,26,1,5,1,
96,15,727,122,42,20,1,5,1,
96,18,868,286,92,31,1,5,1,
96,21,725,212,10,10,1,5,1,
96,22,863,192,25,20,1,5,1,
97,5,909,92,25,25,1,5,1,
97,15,730,124,42,19,1,5,1,
97,18,878,286,82,31,1,5,1,
97,21,727,213,10,9,1,5,1,
97,22,862,193,23,19,1,5,1,
98,5,910,93,25,25,1,5,1,
98,15,732,124,43,19,1,5,1,
98,18,886,286,74,31,1,5,1,
98,21,727,213,12,9,1,5,1,
98,22,862,194,21,19,1,5,1,
99,5,912,95,25,24,1,5,1,
99,15,735,125,43,19,1,5,1,
99,18,895,287,65,30,1,5,1,
99,21,727,214,14,9,1,5,1,
99,22,861,195,19,18,1,5,1,
100,5,914,96,25,24,1,5,1,
100,15,737,126,44,18,1,5,1,
100,18,904,288,56,25,1,5,1,
100,21,727,214,15,9,1,5,1,
100,22,861,197,16,17,1,5,1,
101,5,915,98,26,23,1,5,1,
101,15,740,127,43,18,1,5,1,
101,18,911,290,49,21,1,5,1,
101,21,727,215,16,8,1,5,1,
101,22,861,198,15,16,1,5,1,
102,5,917,99,26,23,1,5,1,
102,15,742,128,44,18,1,5,1,
102,18,919,293,41,14,1,5,1,
102,21,728,215,16,9,1,5,1,
102,22,860,199,15,15,1,5,1,
103,5,918,100,27,23,1,5,1,
103,15,745,129,43,17,1,5,1,
103,21,729,216,16,8,1,5,1,
103,22,860,200,15,15,1,5,1,
104,5,920,101,27,23,1,5,1,
104,15,748,129,42,18,1,5,1,
104,21,730,216,16,8,1,5,1,
104,22,860,200,15,15,1,5,1,
105,5,921,102,28,23,1,5,1,
105,15,750,130,42,17,1,5,1,
105,21,732,216,15,8,1,5,1,
105,22,860,201,14,14,1,5,1,
106,5,923,104,28,22,1,5,1,
106,15,753,130,41,18,1,5,1,
106,21,733,216,15,9,1,5,1,
106,22,859,201,15,15,1,5,1,
107,5,925,105,27,22,1,5,1,
107,15,756,131,40,17,1,5,1,
107,21,735,217,14,8,1,5,1,
108,5,926,106,29,22,1,5,1,
108,15,758,131,40,18,1,5,1,
108,21,736,217,13,8,1,5,1,
109,1,952,459,7,9,1,5,1,
109,5,928,107,28,22,1,5,1,
109,15,761,132,39,18,1,5,1,
109,21,737,217,13,9,1,5,1,
110,1,951,457,9,11,1,5,1,
110,5,929,108,30,22,1,5,1,
110,15,763,133,39,17,1,5,1,
110,21,739,218,11,8,1,5,1,
111,1,949,456,10,12,1,5,1,
111,5,931,109,28,21,1,5,1,
111,15,766,133,37,18,1,5,1,
111,21,740,218,11,8,1,5,1,
112,1,947,454,12,14,1,5,1,
112,5,934,111,25,20,1,5,1,
112,15,769,134,36,17,1,5,1,
112,21,741,218,10,8,1,5,1,
113,1,945,453,14,16,1,5,1,
113,5,936,112,23,20,1,5,1,
113,15,772,135,34,17,1,5,1,
114,1,943,452,16,15,1,5,1,
114,5,938,112,22,21,1,5,1,
114,15,774,135,34,17,1,5,1,
115,1,941,450,18,17,1,5,1,
115,5,941,113,19,21,1,5,1,
115,15,776,136,34,17,1,5,1,
116,1,939,449,20,17,1,5,1,
116,5,943,114,17,21,1,5,1,
116,15,779,136,32,18,1,5,1,
117,1,938,448,21,17,1,5,1,
117,5,944,115,16,21,1,5,1,
117,15,781,137,32,17,1,5,1,
118,1,936,446,23,18,1,5,1,
118,5,946,116,14,20,1,5,1,
118,10,678,400,36,15,1,5,1,
118,15,783,137,31,18,1,5,1,
119,1,934,445,25,17,1,5,1,
119,5,947,117,13,20,1,5,1,
119,10,678,402,42,14,1,5,1,
119,15,785,138,30,18,1,5,1,
120,1,932,444,27,19,1,5,1,
120,5,949,119,11,19,1,5,1,
120,10,679,403,46,13,1,5,1,
120,15,788,139,28,17,1,5,1,
121,1,930,443,29,20,1,5,1,
121,5,950,120,10,16,1,5,1,
121,10,680,404,50,13,1,5,1,
121,15,790,140,27,17,1,5,1,
122,1,928,441,31,21,1,5,1,
122,5,952,121,8,16,1,5,1,
122,10,682,405,53,12,1,5,1,
122,15,792,140,26,17,1,5,1,
123,10,684,406,56,12,1,5,1,
123,15,794,141,25,17,1,5,1,
124,10,686,406,59,12,1,5,1,
124,15,795,142,25,17,1,5,1,
125,10,689,407,61,11,1,5,1,
125,15,797,142,24,17,1,5,1,
126,10,692,408,62,10,1,5,1,
126,15,799,143,23,17,1,5,1,
127,10,696,408,63,11,1,5,1,
127,15,800,143,23,17,1,5,1,
128,10,699,408,64,11,1,5,1,
128,15,802,144,22,17,1,5,1,
129,10,702,409,66,10,1,5,1,
129,15,803,144,21,18,1,5,1,
130,10,706,409,66,11,1,5,1,
130,15,804,145,21,18,1,5,1,
131,10,710,409,66,11,1,5,1,
131,15,806,146,20,17,1,5,1,
132,10,714,409,67,11,1,5,1,
132,15,807,146,20,18,1,5,1,
133,10,719,410,66,10,1,5,1,
133,15,808,147,20,18,1,5,1,
134,10,723,410,66,10,1,5,1,
134,15,809,148,20,17,1,5,1,
135,10,728,410,66,11,1,5,1,
135,15,810,149,19,17,1,5,1,
136,10,732,410,66,11,1,5,1,
136,15,811,149,19,17,1,5,1,
137,10,736,410,66,11,1,5,1,
137,15,812,150,19,17,1,5,1,
138,10,740,411,66,10,1,5,1,
138,15,813,151,19,16,1,5,1,
139,10,746,411,65,10,1,5,1,
139,15,814,152,18,16,1,5,1,
140,10,750,411,65,11,1,5,1,
140,15,815,152,18,17,1,5,1,
141,10,754,411,65,11,1,5,1,
142,10,759,411,64,11,1,5,1,
143,10,763,411,64,11,1,5,1,
144,10,767,411,64,11,1,5,1,
145,10,771,411,64,11,1,5,1,
146,10,776,411,63,11,1,5,1,
147,10,780,411,63,11,1,5,1,
148,10,784,411,63,11,1,5,1,
149,10,788,411,62,11,1,5,1,
150,10,793,411,61,11,1,5,1,
