1,1,431,466,76,56,1,5,1,
1,2,50,24,29,29,1,5,1,
1,3,419,40,69,25,1,5,1,
1,4,399,133,79,21,1,5,1,
1,5,687,134,94,27,1,5,1,
1,7,9,348,77,26,1,5,1,
1,8,0,396,185,47,1,5,1,
1,9,489,173,38,22,1,5,1,
1,10,682,369,52,28,1,5,1,
1,11,0,6,106,73,1,5,1,
1,12,373,41,35,26,1,5,1,
1,13,413,351,49,20,1,5,1,
1,14,458,203,75,24,1,5,1,
1,15,121,290,110,29,1,5,1,
1,16,481,442,26,18,1,5,1,
1,17,841,454,73,31,1,5,1,
1,18,324,338,16,12,1,5,1,
1,19,526,48,49,32,1,5,1,
1,20,876,53,15,20,1,5,1,
1,21,873,443,51,16,1,5,1,
1,22,526,9,38,52,1,5,1,
1,23,148,13,66,17,1,5,1,
1,24,579,258,29,20,1,5,1,
1,25,95,348,49,37,1,5,1,
2,1,433,469,84,59,1,5,1,
2,2,52,20,30,30,1,5,1,
2,3,425,42,70,24,1,5,1,
2,4,409,133,80,22,1,5,1,
2,5,696,134,87,28,1,5,1,
2,7,9,347,87,26,1,5,1,
2,8,0,396,200,44,1,5,1,
2,9,490,171,32,23,1,5,1,
2,10,682,367,41,27,1,5,1,
2,11,0,5,124,78,1,5,1,
2,12,371,36,32,29,1,5,1,
2,13,408,352,46,22,1,5,1,
2,14,449,205,80,23,1,5,1,
2,15,126,290,117,28,1,5,1,
2,16,486,441,21,18,1,5,1,
2,17,839,451,65,31,1,5,1,
2,18,322,339,16,12,1,5,1,
2,19,527,46,57,31,1,5,1,
2,20,873,55,18,20,1,5,1,
2,21,865,443,58,16,1,5,1,
2,22,526,13,44,52,1,5,1,
2,23,140,12,70,17,1,5,1,
2,24,580,258,23,19,1,5,1,
2,25,99,347,47,36,1,5,1,
3,1,436,474,92,60,1,5,1,
3,2,55,17,30,28,1,5,1,
3,3,431,44,70,24,1,5,1,
3,4,420,134,81,21,1,5,1,
3,5,704,135,82,29,1,5,1,
3,7,11,346,96,25,1,5,1,
3,8,0,396,213,42,1,5,1,
3,9,492,169,25,24,1,5,1,
3,10,680,365,34,26,1,5,1,
3,11,0,12,142,74,1,5,1,
3,12,371,31,26,32,1,5,1,
3,13,403,353,43,24,1,5,1,
3,14,440,206,83,22,1,5,1,
3,15,132,289,122,28,1,5,1,
3,16,491,441,16,16,1,5,1,
3,17,839,448,55,31,1,5,1,
3,18,320,340,16,12,1,5,1,
3,19,528,43,65,32,1,5,1,
3,20,870,57,20,20,1,5,1,
3,21,857,442,64,16,1,5,1,
3,22,528,19,49,50,1,5,1,
3,23,132,9,73,19,1,5,1,
3,24,580,257,23,20,1,5,1,
3,25,105,346,44,36,1,5,1,
4,1,440,480,98,60,1,5,1,
4,2,52,15,37,25,1,5,1,
4,3,437,46,71,23,1,5,1,
4,4,432,134,81,21,1,5,1,
4,5,711,135,76,31,1,5,1,
4,7,15,345,102,25,1,5,1,
4,8,18,396,208,41,1,5,1,
4,9,493,167,23,25,1,5,1,
4,10,680,362,26,26,1,5,1,
4,11,0,18,158,72,1,5,1,
4,12,371,26,21,33,1,5,1,
4,13,399,354,39,26,1,5,1,
4,14,431,207,86,22,1,5,1,
4,15,140,289,124,27,1,5,1,
4,16,494,441,14,15,1,5,1,
4,17,839,446,46,30,1,5,1,
4,18,318,341,15,12,1,5,1,
4,19,530,41,73,30,1,5,1,
4,20,865,59,23,21,1,5,1,
4,21,849,442,69,15,1,5,1,
4,22,530,24,55,48,1,5,1,
4,23,124,6,76,22,1,5,1,
4,24,579,257,24,20,1,5,1,
4,25,101,345,54,35,1,5,1,
5,1,445,487,103,56,1,5,1,
5,2,51,12,48,24,1,5,1,
5,3,444,48,70,22,1,5,1,
5,4,444,134,81,21,1,5,1,
5,5,719,135,69,33,1,5,1,
5,7,19,344,108,24,1,5,1,
5,8,39,396,198,42,1,5,1,
5,9,493,165,24,26,1,5,1,
5,10,682,361,25,24,1,5,1,
5,11,0,22,174,70,1,5,1,
5,12,371,21,19,35,1,5,1,
5,13,396,355,34,29,1,5,1,
5,14,422,208,88,21,1,5,1,
5,15,149,289,126,27,1,5,1,
5,16,494,441,14,14,1,5,1,
5,17,836,443,44,29,1,5,1,
5,18,317,341,13,14,1,5,1,
5,19,534,40,78,28,1,5,1,
5,20,860,61,26,21,1,5,1,
5,21,841,440,73,16,1,5,1,
5,22,533,30,61,45,1,5,1,
5,23,115,3,79,25,1,5,1,
5,24,580,256,24,21,1,5,1,
5,25,96,343,70,35,1,5,1,
6,1,449,496,111,47,1,5,1,
6,2,51,10,58,24,1,5,1,
6,3,451,51,69,20,1,5,1,
6,4,457,134,80,20,1,5,1,
6,5,727,136,60,33,1,5,1,
6,7,26,343,110,24,1,5,1,
6,8,60,397,187,42,1,5,1,
6,9,494,163,24,26,1,5,1,
6,10,685,359,25,24,1,5,1,
6,11,0,19,189,75,1,5,1,
6,12,371,15,19,37,1,5,1,
6,13,394,357,29,31,1,5,1,
6,14,414,208,88,22,1,5,1,
6,15,159,288,126,27,1,5,1,
6,16,495,440,13,15,1,5,1,
6,17,828,440,51,29,1,5,1,
6,18,317,342,11,15,1,5,1,
6,19,540,40,82,25,1,5,1,
6,20,855,64,28,20,1,5,1,
6,21,834,438,75,17,1,5,1,
6,22,537,36,65,41,1,5,1,
6,23,107,0,81,28,1,5,1,
6,24,581,256,25,21,1,5,1,
6,25,93,342,84,34,1,5,1,
7,1,455,505,119,38,1,5,1,
7,2,52,8,67,23,1,5,1,
7,3,458,53,68,19,1,5,1,
7,4,469,133,80,21,1,5,1,
7,5,733,137,54,34,1,5,1,
7,6,493,0,62,15,1,5,1,
7,7,33,343,113,23,1,5,1,
7,8,78,397,180,43,1,5,1,
7,9,496,162,24,26,1,5,1,
7,10,690,358,23,22,1,5,1,
7,11,0,21,203,75,1,5,1,
7,12,372,10,19,37,1,5,1,
7,13,394,360,22,31,1,5,1,
7,14,405,209,89,21,1,5,1,
7,15,169,288,125,26,1,5,1,
7,16,494,440,15,15,1,5,1,
7,17,820,438,58,28,1,5,1,
7,18,316,343,12,15,1,5,1,
7,19,546,39,85,24,1,5,1,
7,20,850,66,30,20,1,5,1,
7,21,827,437,76,17,1,5,1,
7,22,541,42,70,36,1,5,1,
7,23,103,-4,78,30,1,5,1,
7,24,577,256,33,22,1,5,1,
7,25,92,341,97,33,1,5,1,
8,1,463,513,123,30,1,5,1,
8,2,57,6,70,23,1,5,1,
8,3,464,55,68,17,1,5,1,
8,4,479,133,82,20,1,5,1,
8,5,739,138,49,34,1,5,1,
8,6,502,0,60,16,1,5,1,
8,7,42,342,113,22,1,5,1,
8,8,94,398,176,42,1,5,1,
8,9,497,160,26,26,1,5,1,
8,10,690,356,29,22,1,5,1,
8,11,19,30,198,66,1,5,1,
8,12,374,6,19,36,1,5,1,
8,13,393,363,19,32,1,5,1,
8,14,397,209,88,21,1,5,1,
8,15,181,288,122,26,1,5,1,
8,16,493,440,19,15,1,5,1,
8,17,812,435,63,27,1,5,1,
8,18,317,344,11,15,1,5,1,
8,19,553,37,86,24,1,5,1,
8,20,846,68,30,20,1,5,1,
8,21,820,435,76,18,1,5,1,
8,22,547,48,73,32,1,5,1,
8,23,99,-9,74,34,1,5,1,
8,24,574,256,44,22,1,5,1,
8,25,93,340,107,32,1,5,1,
9,1,473,514,126,29,1,5,1,
9,2,65,4,69,24,1,5,1,
9,3,470,55,68,19,1,5,1,
9,4,490,132,83,21,1,5,1,
9,5,743,139,47,34,1,5,1,
9,6,508,0,62,17,1,5,1,
9,7,51,341,112,22,1,5,1,
9,8,108,398,174,42,1,5,1,
9,9,495,159,32,25,1,5,1,
9,10,689,355,39,21,1,5,1,
9,11,41,37,189,61,1,5,1,
9,12,374,1,22,36,1,5,1,
9,13,392,366,19,33,1,5,1,
9,14,389,209,87,21,1,5,1,
9,15,192,288,120,25,1,5,1,
9,16,490,441,24,14,1,5,1,
9,17,804,433,67,26,1,5,1,
9,18,318,346,11,14,1,5,1,
9,19,561,34,87,25,1,5,1,
9,20,842,70,29,20,1,5,1,
9,21,814,433,75,19,1,5,1,
9,22,553,53,76,28,1,5,1,
9,23,92,-14,74,36,1,5,1,
9,24,573,256,54,22,1,5,1,
9,25,97,339,115,32,1,5,1,
10,1,483,515,128,28,1,5,1,
10,2,73,1,68,25,1,5,1,
10,3,476,55,68,20,1,5,1,
10,4,501,131,85,21,1,5,1,
10,5,747,141,44,33,1,5,1,
10,6,514,0,65,18,1,5,1,
10,7,60,341,111,21,1,5,1,
10,8,123,399,170,42,1,5,1,
10,9,494,158,40,24,1,5,1,
10,10,691,355,46,20,1,5,1,
10,11,63,43,179,58,1,5,1,
10,12,373,-1,30,32,1,5,1,
10,13,393,369,19,34,1,5,1,
10,14,382,209,85,21,1,5,1,
10,15,203,288,117,25,1,5,1,
10,16,486,441,29,14,1,5,1,
10,17,799,430,65,26,1,5,1,
10,18,316,347,15,14,1,5,1,
10,19,568,31,88,26,1,5,1,
10,20,838,73,29,19,1,5,1,
10,21,809,431,73,20,1,5,1,
10,22,560,58,78,25,1,5,1,
10,23,85,-20,73,40,1,5,1,
10,24,572,256,65,23,1,5,1,
10,25,102,338,122,31,1,5,1,
11,1,494,517,129,26,1,5,1,
11,2,81,0,67,24,1,5,1,
11,3,481,55,69,20,1,5,1,
11,4,512,130,86,21,1,5,1,
11,5,751,142,41,33,1,5,1,
11,6,522,0,64,19,1,5,1,
11,7,70,340,109,21,1,5,1,
11,8,136,399,168,43,1,5,1,
11,9,493,157,49,24,1,5,1,
11,10,693,354,54,20,1,5,1,
11,11,84,50,170,53,1,5,1,
11,12,373,-4,37,30,1,5,1,
11,13,394,372,20,35,1,5,1,
11,14,374,208,84,21,1,5,1,
11,15,214,287,113,26,1,5,1,
11,16,481,441,34,14,1,5,1,
11,17,794,428,62,25,1,5,1,
11,18,316,349,19,13,1,5,1,
11,19,576,28,89,27,1,5,1,
11,20,834,75,29,19,1,5,1,
11,21,804,429,70,21,1,5,1,
11,22,566,63,81,21,1,5,1,
11,23,79,-25,71,41,1,5,1,
11,24,573,256,75,23,1,5,1,
11,25,109,337,126,30,1,5,1,
12,1,505,518,130,25,1,5,1,
12,2,89,0,67,22,1,5,1,
12,3,486,55,70,21,1,5,1,
12,4,524,130,86,21,1,5,1,
12,5,755,143,38,33,1,5,1,
12,6,530,0,64,20,1,5,1,
12,7,80,340,106,21,1,5,1,
12,8,150,399,166,44,1,5,1,
12,9,493,157,58,24,1,5,1,
12,10,697,354,61,20,1,5,1,
12,11,105,56,159,49,1,5,1,
12,12,374,-6,43,27,1,5,1,
12,13,392,376,26,35,1,5,1,
12,14,368,208,80,21,1,5,1,
12,15,226,287,108,26,1,5,1,
12,16,477,442,37,14,1,5,1,
12,17,790,426,59,24,1,5,1,
12,18,316,350,25,12,1,5,1,
12,19,583,25,91,27,1,5,1,
12,20,830,77,29,18,1,5,1,
12,21,801,427,65,21,1,5,1,
12,22,574,64,81,20,1,5,1,
12,24,575,256,84,23,1,5,1,
12,25,117,336,129,30,1,5,1,
13,1,517,519,130,24,1,5,1,
13,2,100,-2,58,22,1,5,1,
13,3,490,55,72,21,1,5,1,
13,4,536,129,87,22,1,5,1,
13,5,759,144,35,33,1,5,1,
13,6,537,0,64,21,1,5,1,
13,7,91,339,101,21,1,5,1,
13,8,166,402,157,43,1,5,1,
13,9,494,157,66,23,1,5,1,
13,10,706,354,58,19,1,5,1,
13,11,125,62,148,44,1,5,1,
13,12,377,-8,48,24,1,5,1,
13,13,391,380,35,34,1,5,1,
13,14,362,207,77,22,1,5,1,
13,15,237,287,102,27,1,5,1,
13,16,471,443,41,13,1,5,1,
13,17,786,424,56,24,1,5,1,
13,18,318,351,28,11,1,5,1,
13,19,591,22,93,28,1,5,1,
13,20,826,79,29,18,1,5,1,
13,21,798,425,60,21,1,5,1,
13,22,582,64,80,20,1,5,1,
13,24,578,255,93,25,1,5,1,
13,25,126,336,131,29,1,5,1,
14,1,529,520,130,23,1,5,1,
14,2,108,-6,55,23,1,5,1,
14,3,495,55,72,21,1,5,1,
14,4,548,129,87,22,1,5,1,
14,5,763,146,33,32,1,5,1,
14,6,543,0,65,22,1,5,1,
14,7,101,339,97,21,1,5,1,
14,8,173,404,166,43,1,5,1,
14,9,495,157,74,23,1,5,1,
14,10,716,353,53,19,1,5,1,
14,11,145,66,137,41,1,5,1,
14,12,380,-9,55,20,1,5,1,
14,13,391,384,45,32,1,5,1,
14,14,357,206,72,23,1,5,1,
14,15,249,287,95,27,1,5,1,
14,16,466,443,44,14,1,5,1,
14,17,782,422,54,23,1,5,1,
14,18,322,351,25,12,1,5,1,
14,19,598,20,95,28,1,5,1,
14,20,822,81,29,18,1,5,1,
14,21,796,424,55,20,1,5,1,
14,22,590,64,78,20,1,5,1,
14,24,582,255,100,25,1,5,1,
14,25,136,335,132,28,1,5,1,
15,1,540,520,131,23,1,5,1,
15,2,114,-10,52,24,1,5,1,
15,3,499,55,73,22,1,5,1,
15,4,560,129,87,21,1,5,1,
15,5,766,147,31,32,1,5,1,
15,6,549,0,66,23,1,5,1,
15,7,111,339,91,21,1,5,1,
15,8,178,405,178,43,1,5,1,
15,9,497,157,80,23,1,5,1,
15,10,724,353,50,19,1,5,1,
15,11,162,67,126,39,1,5,1,
15,12,385,-9,60,18,1,5,1,
15,13,392,388,55,30,1,5,1,
15,14,353,205,68,23,1,5,1,
15,15,259,287,89,27,1,5,1,
15,16,460,443,47,14,1,5,1,
15,17,781,420,48,23,1,5,1,
15,18,327,352,21,13,1,5,1,
15,19,604,18,99,27,1,5,1,
15,20,819,83,28,17,1,5,1,
15,21,794,423,50,19,1,5,1,
15,22,598,64,77,21,1,5,1,
15,24,588,256,105,25,1,5,1,
15,25,147,334,131,28,1,5,1,
16,1,553,521,130,22,1,5,1,
16,2,120,-14,49,25,1,5,1,
16,3,504,56,73,21,1,5,1,
16,4,572,128,87,22,1,5,1,
16,5,770,148,29,32,1,5,1,
16,6,556,0,66,24,1,5,1,
16,7,122,339,84,21,1,5,1,
16,8,189,406,181,42,1,5,1,
16,9,501,157,84,22,1,5,1,
16,10,732,352,46,19,1,5,1,
16,11,179,65,114,39,1,5,1,
16,13,396,392,63,28,1,5,1,
16,14,350,204,61,23,1,5,1,
16,15,270,288,80,27,1,5,1,
16,16,455,444,48,14,1,5,1,
16,17,781,419,42,22,1,5,1,
16,18,331,352,17,14,1,5,1,
16,19,611,17,103,27,1,5,1,
16,20,815,85,28,17,1,5,1,
16,21,792,421,47,20,1,5,1,
16,22,606,64,76,21,1,5,1,
16,24,595,256,109,26,1,5,1,
16,25,158,334,129,28,1,5,1,
17,1,565,521,130,22,1,5,1,
17,3,510,56,72,21,1,5,1,
17,4,584,128,87,22,1,5,1,
17,5,774,149,27,31,1,5,1,
17,6,561,0,68,25,1,5,1,
17,7,131,339,78,22,1,5,1,
17,8,201,406,184,42,1,5,1,
17,9,505,156,88,22,1,5,1,
17,10,740,351,42,19,1,5,1,
17,11,195,62,101,40,1,5,1,
17,13,401,395,69,27,1,5,1,
17,14,349,203,54,24,1,5,1,
17,15,277,288,77,27,1,5,1,
17,16,449,444,50,15,1,5,1,
17,17,781,418,37,21,1,5,1,
17,18,334,353,16,14,1,5,1,
17,19,616,16,107,26,1,5,1,
17,20,811,86,28,18,1,5,1,
17,21,789,420,46,19,1,5,1,
17,22,613,64,75,22,1,5,1,
17,24,603,257,112,26,1,5,1,
17,25,169,334,127,27,1,5,1,
18,1,577,521,130,22,1,5,1,
18,3,515,57,72,21,1,5,1,
18,4,596,128,88,22,1,5,1,
18,5,775,149,28,31,1,5,1,
18,6,566,0,70,27,1,5,1,
18,7,141,340,70,21,1,5,1,
18,8,213,406,186,42,1,5,1,
18,9,509,155,91,23,1,5,1,
18,10,744,350,45,19,1,5,1,
18,11,207,58,93,41,1,5,1,
18,13,408,398,73,26,1,5,1,
18,14,347,202,48,24,1,5,1,
18,15,283,287,80,27,1,5,1,
18,16,444,444,51,16,1,5,1,
18,17,779,416,35,21,1,5,1,
18,18,336,354,16,14,1,5,1,
18,19,622,15,111,26,1,5,1,
18,20,807,88,28,17,1,5,1,
18,21,786,419,45,18,1,5,1,
18,22,621,64,74,22,1,5,1,
18,24,612,257,113,26,1,5,1,
18,25,181,333,124,27,1,5,1,
19,1,590,521,129,22,1,5,1,
19,3,521,57,70,21,1,5,1,
19,4,608,128,88,22,1,5,1,
19,5,776,149,29,31,1,5,1,
19,6,562,0,80,28,1,5,1,
19,7,150,340,61,22,1,5,1,
19,8,226,403,187,43,1,5,1,
19,9,514,154,95,23,1,5,1,
19,10,750,349,44,19,1,5,1,
19,11,217,54,89,42,1,5,1,
19,13,417,400,74,27,1,5,1,
19,14,347,201,39,24,1,5,1,
19,15,289,288,82,26,1,5,1,
19,16,438,445,52,16,1,5,1,
19,17,776,415,35,20,1,5,1,
19,18,338,355,15,15,1,5,1,
19,19,629,13,112,27,1,5,1,
19,20,803,90,29,17,1,5,1,
19,21,782,417,45,19,1,5,1,
19,22,628,64,73,23,1,5,1,
19,24,622,258,112,26,1,5,1,
19,25,192,333,121,27,1,5,1,
20,1,603,521,127,22,1,5,1,
20,3,527,58,68,21,1,5,1,
20,4,621,128,87,22,1,5,1,
20,5,777,149,28,32,1,5,1,
20,6,569,0,80,29,1,5,1,
20,7,159,340,52,22,1,5,1,
20,8,242,401,185,43,1,5,1,
20,9,519,153,98,23,1,5,1,
20,10,757,349,41,18,1,5,1,
20,11,222,51,93,42,1,5,1,
20,13,426,402,77,27,1,5,1,
20,14,348,200,29,25,1,5,1,
20,15,296,288,84,28,1,5,1,
20,16,433,445,52,17,1,5,1,
20,17,773,413,36,20,1,5,1,
20,18,340,356,15,15,1,5,1,
20,19,637,13,112,27,1,5,1,
20,20,800,92,28,16,1,5,1,
20,21,779,416,44,18,1,5,1,
20,22,636,65,70,22,1,5,1,
20,24,634,259,108,26,1,5,1,
20,25,205,333,115,27,1,5,1,
21,1,615,520,126,23,1,5,1,
21,3,532,59,67,21,1,5,1,
21,4,633,128,87,22,1,5,1,
21,5,776,150,28,32,1,5,1,
21,6,577,0,78,31,1,5,1,
21,7,167,341,42,23,1,5,1,
21,8,257,400,183,42,1,5,1,
21,9,523,150,102,25,1,5,1,
21,10,763,348,39,18,1,5,1,
21,11,227,49,98,42,1,5,1,
21,13,435,404,79,28,1,5,1,
21,14,347,199,28,25,1,5,1,
21,15,303,289,84,28,1,5,1,
21,16,428,446,51,18,1,5,1,
21,17,770,411,36,20,1,5,1,
21,18,341,357,16,15,1,5,1,
21,19,646,12,110,27,1,5,1,
21,20,796,94,28,16,1,5,1,
21,21,775,414,44,18,1,5,1,
21,22,644,65,68,23,1,5,1,
21,24,647,259,101,26,1,5,1,
21,25,216,333,110,27,1,5,1,
22,1,628,520,123,23,1,5,1,
22,3,538,59,65,21,1,5,1,
22,4,646,128,85,22,1,5,1,
22,5,776,151,27,32,1,5,1,
22,6,582,0,79,32,1,5,1,
22,7,175,341,34,24,1,5,1,
22,8,272,399,181,42,1,5,1,
22,9,529,149,104,25,1,5,1,
22,10,770,347,35,18,1,5,1,
22,11,232,46,104,43,1,5,1,
22,13,444,406,82,29,1,5,1,
22,14,346,197,29,26,1,5,1,
22,15,310,289,84,29,1,5,1,
22,16,423,447,50,19,1,5,1,
22,17,767,409,37,20,1,5,1,
22,18,343,358,15,15,1,5,1,
22,19,656,12,105,27,1,5,1,
22,20,792,95,28,16,1,5,1,
22,21,772,413,44,17,1,5,1,
22,22,651,65,66,24,1,5,1,
22,24,660,259,93,26,1,5,1,
22,25,228,333,104,28,1,5,1,
23,1,640,519,122,24,1,5,1,
23,3,544,59,62,22,1,5,1,
23,4,659,127,82,23,1,5,1,
23,5,775,153,27,31,1,5,1,
23,6,590,0,77,34,1,5,1,
23,7,182,341,28,26,1,5,1,
23,8,287,398,179,42,1,5,1,
23,9,534,149,107,24,1,5,1,
23,10,776,347,32,17,1,5,1,
23,11,237,43,109,43,1,5,1,
23,13,454,409,85,29,1,5,1,
23,14,346,196,30,27,1,5,1,
23,15,315,289,87,29,1,5,1,
23,16,418,448,49,19,1,5,1,
23,17,764,408,37,19,1,5,1,
23,18,344,359,16,16,1,5,1,
23,19,665,12,103,27,1,5,1,
23,20,788,97,28,15,1,5,1,
23,21,768,411,44,18,1,5,1,
23,22,658,66,64,24,1,5,1,
23,24,673,259,83,25,1,5,1,
23,25,239,334,97,27,1,5,1,
24,1,653,519,119,24,1,5,1,
24,3,549,59,61,23,1,5,1,
24,4,672,127,78,23,1,5,1,
24,5,774,154,27,31,1,5,1,
24,6,597,0,75,35,1,5,1,
24,7,181,341,29,27,1,5,1,
24,8,303,397,176,42,1,5,1,
24,9,541,148,108,25,1,5,1,
24,10,782,346,29,17,1,5,1,
24,11,243,40,115,44,1,5,1,
24,13,464,411,88,30,1,5,1,
24,14,347,195,31,27,1,5,1,
24,15,321,289,89,29,1,5,1,
24,16,414,449,47,20,1,5,1,
24,17,761,406,37,19,1,5,1,
24,18,345,360,16,16,1,5,1,
24,19,675,12,101,27,1,5,1,
24,20,785,99,27,15,1,5,1,
24,21,765,410,43,17,1,5,1,
24,22,665,67,62,24,1,5,1,
24,24,686,259,72,25,1,5,1,
24,25,250,334,89,28,1,5,1,
25,1,665,518,117,25,1,5,1,
25,3,554,59,59,24,1,5,1,
25,4,686,127,72,23,1,5,1,
25,5,773,156,27,30,1,5,1,
25,6,605,0,73,37,1,5,1,
25,7,181,342,29,28,1,5,1,
25,8,317,396,174,42,1,5,1,
25,9,548,147,109,25,1,5,1,
25,10,787,345,26,17,1,5,1,
25,11,249,37,120,45,1,5,1,
25,13,474,414,90,31,1,5,1,
25,14,342,194,40,28,1,5,1,
25,15,326,289,92,29,1,5,1,
25,16,410,450,45,21,1,5,1,
25,17,758,404,37,19,1,5,1,
25,18,347,361,16,17,1,5,1,
25,19,684,11,99,29,1,5,1,
25,20,781,100,27,15,1,5,1,
25,21,761,409,43,16,1,5,1,
25,22,671,68,61,24,1,5,1,
25,24,699,259,59,25,1,5,1,
25,25,258,335,86,28,1,5,1,
26,1,678,517,113,26,1,5,1,
26,3,560,60,56,24,1,5,1,
26,4,699,128,67,23,1,5,1,
26,5,772,157,28,30,1,5,1,
26,6,612,1,71,37,1,5,1,
26,7,181,343,29,28,1,5,1,
26,8,332,396,171,40,1,5,1,
26,9,555,147,110,25,1,5,1,
26,10,792,344,23,17,1,5,1,
26,11,256,34,125,45,1,5,1,
26,13,484,418,94,31,1,5,1,
26,14,338,193,54,28,1,5,1,
26,15,331,289,95,30,1,5,1,
26,16,407,451,42,23,1,5,1,
26,17,755,403,37,18,1,5,1,
26,18,348,362,17,17,1,5,1,
26,19,694,11,95,30,1,5,1,
26,20,777,102,28,14,1,5,1,
26,21,758,407,43,17,1,5,1,
26,22,678,69,58,25,1,5,1,
26,24,710,259,48,25,1,5,1,
26,25,264,335,88,29,1,5,1,
27,1,690,516,110,27,1,5,1,
27,3,565,61,54,25,1,5,1,
27,4,710,128,64,24,1,5,1,
27,5,771,159,28,29,1,5,1,
27,6,619,3,69,37,1,5,1,
27,7,181,344,30,28,1,5,1,
27,8,347,395,167,40,1,5,1,
27,9,562,146,111,26,1,5,1,
27,10,796,343,21,17,1,5,1,
27,11,262,32,132,45,1,5,1,
27,13,494,422,100,30,1,5,1,
27,14,336,192,67,28,1,5,1,
27,15,336,289,99,30,1,5,1,
27,16,404,452,39,24,1,5,1,
27,17,752,401,37,18,1,5,1,
27,18,349,363,18,17,1,5,1,
27,19,703,11,93,30,1,5,1,
27,20,774,103,27,15,1,5,1,
27,21,755,406,42,16,1,5,1,
27,22,684,70,57,25,1,5,1,
27,24,717,259,44,24,1,5,1,
27,25,270,336,86,30,1,5,1,
28,1,702,515,107,28,1,5,1,
28,3,570,62,52,25,1,5,1,
28,4,720,130,63,23,1,5,1,
28,5,770,160,29,29,1,5,1,
28,6,626,5,67,37,1,5,1,
28,7,181,344,30,30,1,5,1,
28,8,362,394,164,40,1,5,1,
28,9,570,146,111,26,1,5,1,
28,10,800,343,19,16,1,5,1,
28,11,270,29,136,45,1,5,1,
28,13,506,426,104,30,1,5,1,
28,14,337,190,75,30,1,5,1,
28,15,342,289,102,30,1,5,1,
28,16,402,454,35,24,1,5,1,
28,17,748,400,38,17,1,5,1,
28,18,349,365,23,16,1,5,1,
28,19,711,11,92,31,1,5,1,
28,20,770,105,27,14,1,5,1,
28,21,751,405,42,16,1,5,1,
28,22,690,71,55,25,1,5,1,
28,24,723,259,41,24,1,5,1,
28,25,275,338,86,30,1,5,1,
29,1,713,514,105,29,1,5,1,
29,3,574,63,50,25,1,5,1,
29,4,729,131,62,23,1,5,1,
29,5,769,161,29,29,1,5,1,
29,6,632,7,66,37,1,5,1,
29,7,182,345,30,30,1,5,1,
29,8,376,393,161,40,1,5,1,
29,9,578,145,111,26,1,5,1,
29,10,803,342,18,16,1,5,1,
29,11,278,26,142,46,1,5,1,
29,13,519,429,107,30,1,5,1,
29,14,341,190,76,30,1,5,1,
29,15,348,290,105,30,1,5,1,
29,16,400,455,31,25,1,5,1,
29,17,745,398,38,17,1,5,1,
29,18,350,366,28,16,1,5,1,
29,19,720,12,89,31,1,5,1,
29,20,767,106,26,14,1,5,1,
29,21,748,404,42,15,1,5,1,
29,22,696,72,53,25,1,5,1,
29,24,729,260,38,23,1,5,1,
29,25,278,339,90,30,1,5,1,
30,1,725,512,102,31,1,5,1,
30,3,579,64,48,26,1,5,1,
30,4,739,132,60,23,1,5,1,
30,5,767,163,30,28,1,5,1,
30,6,639,8,64,37,1,5,1,
30,7,182,347,31,30,1,5,1,
30,8,390,392,158,39,1,5,1,
30,9,586,146,110,26,1,5,1,
30,10,805,341,18,16,1,5,1,
30,11,286,23,147,46,1,5,1,
30,13,532,432,112,30,1,5,1,
30,14,344,190,79,31,1,5,1,
30,15,354,290,109,30,1,5,1,
30,16,399,457,27,26,1,5,1,
30,17,742,397,37,17,1,5,1,
30,18,351,367,34,16,1,5,1,
30,19,728,12,88,32,1,5,1,
30,20,763,108,27,13,1,5,1,
30,21,745,402,41,16,1,5,1,
30,22,699,75,58,24,1,5,1,
30,24,734,260,36,23,1,5,1,
30,25,282,340,95,30,1,5,1,
31,1,736,511,99,32,1,5,1,
31,3,583,65,47,26,1,5,1,
31,4,748,133,58,23,1,5,1,
31,5,766,164,29,28,1,5,1,
31,6,647,9,58,39,1,5,1,
31,7,183,348,31,30,1,5,1,
31,8,404,391,155,39,1,5,1,
31,9,593,145,111,27,1,5,1,
31,10,807,340,18,16,1,5,1,
31,11,295,20,152,47,1,5,1,
31,13,546,435,115,29,1,5,1,
31,14,346,191,85,30,1,5,1,
31,15,360,290,113,30,1,5,1,
31,16,399,458,22,28,1,5,1,
31,17,739,396,37,16,1,5,1,
31,18,354,369,38,15,1,5,1,
31,19,736,13,86,32,1,5,1,
31,20,760,109,26,14,1,5,1,
31,21,741,401,42,15,1,5,1,
31,22,703,78,64,21,1,5,1,
31,24,739,260,33,23,1,5,1,
31,25,287,340,98,31,1,5,1,
32,1,747,510,96,33,1,5,1,
32,3,587,67,45,25,1,5,1,
32,4,757,134,57,23,1,5,1,
32,5,765,166,27,27,1,5,1,
32,6,654,11,55,39,1,5,1,
32,7,184,349,32,30,1,5,1,
32,8,418,390,152,39,1,5,1,
32,9,602,145,111,26,1,5,1,
32,10,809,339,18,16,1,5,1,
32,11,303,17,158,48,1,5,1,
32,13,561,438,118,29,1,5,1,
32,14,349,189,92,32,1,5,1,
32,15,367,290,115,30,1,5,1,
32,16,399,460,17,28,1,5,1,
32,17,734,393,40,17,1,5,1,
32,18,358,369,39,16,1,5,1,
32,19,746,12,79,34,1,5,1,
32,20,756,110,26,14,1,5,1,
32,21,738,400,41,15,1,5,1,
32,22,708,80,68,19,1,5,1,
32,24,743,260,32,23,1,5,1,
32,25,292,341,101,31,1,5,1,
33,1,757,508,94,35,1,5,1,
33,3,589,70,50,23,1,5,1,
33,4,766,135,55,22,1,5,1,
33,5,764,167,26,27,1,5,1,
33,6,659,13,55,39,1,5,1,
33,7,186,350,31,31,1,5,1,
33,8,432,389,148,38,1,5,1,
33,9,610,144,111,27,1,5,1,
33,10,811,339,17,15,1,5,1,
33,11,313,14,163,48,1,5,1,
33,13,576,440,122,29,1,5,1,
33,14,354,188,97,32,1,5,1,
33,15,375,290,117,31,1,5,1,
33,16,398,462,15,29,1,5,1,
33,17,728,391,42,17,1,5,1,
33,18,363,370,40,16,1,5,1,
33,19,757,10,71,37,1,5,1,
33,20,753,112,26,13,1,5,1,
33,21,734,399,42,14,1,5,1,
33,22,713,80,73,18,1,5,1,
33,24,748,261,29,22,1,5,1,
33,25,298,342,103,31,1,5,1,
34,1,768,507,91,35,1,5,1,
34,3,592,72,53,22,1,5,1,
34,4,775,137,54,21,1,5,1,
34,5,765,169,24,25,1,5,1,
34,6,665,15,54,39,1,5,1,
34,7,186,351,33,31,1,5,1,
34,8,445,388,145,38,1,5,1,
34,9,618,143,110,28,1,5,1,
34,10,812,338,18,15,1,5,1,
34,11,323,12,168,48,1,5,1,
34,13,592,442,124,29,1,5,1,
34,14,359,186,102,33,1,5,1,
34,15,383,290,119,30,1,5,1,
34,16,397,463,15,30,1,5,1,
34,17,723,390,44,16,1,5,1,
34,18,367,371,42,16,1,5,1,
34,19,767,10,66,38,1,5,1,
34,20,749,113,26,13,1,5,1,
34,21,730,397,42,15,1,5,1,
34,22,720,79,77,18,1,5,1,
34,24,752,261,28,22,1,5,1,
34,25,304,342,106,32,1,5,1,
35,1,777,506,89,34,1,5,1,
35,3,596,74,54,21,1,5,1,
35,4,783,138,53,21,1,5,1,
35,5,767,170,23,24,1,5,1,
35,6,669,18,54,37,1,5,1,
35,7,187,352,33,32,1,5,1,
35,8,458,387,142,38,1,5,1,
35,9,626,143,109,28,1,5,1,
35,10,813,337,18,15,1,5,1,
35,11,334,9,172,48,1,5,1,
35,13,609,444,126,30,1,5,1,
35,14,366,184,105,34,1,5,1,
35,15,390,290,121,32,1,5,1,
35,16,396,465,15,31,1,5,1,
35,17,718,388,44,15,1,5,1,
35,18,372,372,43,16,1,5,1,
35,19,774,11,64,39,1,5,1,
35,20,746,114,25,13,1,5,1,
35,21,726,396,42,14,1,5,1,
35,22,727,78,78,19,1,5,1,
35,24,751,261,36,22,1,5,1,
35,25,310,343,108,32,1,5,1,
36,1,787,504,87,34,1,5,1,
36,3,600,75,54,21,1,5,1,
36,4,791,139,52,21,1,5,1,
36,5,768,171,23,24,1,5,1,
36,6,674,20,54,37,1,5,1,
36,7,188,353,34,32,1,5,1,
36,8,468,387,146,37,1,5,1,
36,9,635,143,108,28,1,5,1,
36,10,814,336,18,15,1,5,1,
36,11,345,5,177,50,1,5,1,
36,13,626,446,129,30,1,5,1,
36,14,372,181,112,34,1,5,1,
36,15,398,291,123,33,1,5,1,
36,16,395,467,15,32,1,5,1,
36,17,714,387,44,15,1,5,1,
36,18,377,373,44,16,1,5,1,
36,19,780,13,63,38,1,5,1,
36,20,742,116,26,12,1,5,1,
36,21,723,395,41,14,1,5,1,
36,22,735,78,78,19,1,5,1,
36,24,750,262,45,22,1,5,1,
36,25,316,344,111,32,1,5,1,
37,1,795,503,88,33,1,5,1,
37,3,604,77,57,19,1,5,1,
37,4,799,140,51,21,1,5,1,
37,5,769,172,23,24,1,5,1,
37,6,679,22,53,36,1,5,1,
37,7,189,354,35,33,1,5,1,
37,8,478,385,148,38,1,5,1,
37,9,643,143,108,28,1,5,1,
37,10,816,335,19,15,1,5,1,
37,11,356,2,182,50,1,5,1,
37,13,644,447,129,29,1,5,1,
37,14,380,177,118,35,1,5,1,
37,15,404,291,127,33,1,5,1,
37,16,394,469,15,32,1,5,1,
37,17,709,386,44,14,1,5,1,
37,18,383,374,44,16,1,5,1,
37,19,786,15,62,38,1,5,1,
37,20,739,117,25,12,1,5,1,
37,21,720,394,41,14,1,5,1,
37,22,742,78,78,19,1,5,1,
37,24,754,262,45,22,1,5,1,
37,25,323,344,113,33,1,5,1,
38,1,804,501,87,33,1,5,1,
38,3,608,78,60,18,1,5,1,
38,4,807,141,50,21,1,5,1,
38,5,769,173,23,23,1,5,1,
38,6,684,24,53,36,1,5,1,
38,7,190,355,36,33,1,5,1,
38,8,489,383,149,38,1,5,1,
38,9,651,143,107,28,1,5,1,
38,10,816,334,23,15,1,5,1,
38,11,368,0,187,49,1,5,1,
38,13,664,447,125,29,1,5,1,
38,14,389,175,124,35,1,5,1,
38,15,413,291,129,33,1,5,1,
38,16,394,471,14,33,1,5,1,
38,17,705,385,44,14,1,5,1,
38,18,388,375,46,17,1,5,1,
38,19,792,17,60,37,1,5,1,
38,20,735,118,26,12,1,5,1,
38,21,716,393,41,14,1,5,1,
38,22,750,78,78,19,1,5,1,
38,24,758,262,45,21,1,5,1,
38,25,330,344,115,33,1,5,1,
39,1,812,500,86,32,1,5,1,
39,3,612,78,63,17,1,5,1,
39,4,814,142,49,21,1,5,1,
39,5,770,174,23,23,1,5,1,
39,6,689,26,53,35,1,5,1,
39,7,191,356,37,34,1,5,1,
39,8,499,381,150,38,1,5,1,
39,9,659,143,107,28,1,5,1,
39,10,816,333,28,15,1,5,1,
39,11,379,0,193,47,1,5,1,
39,13,683,447,121,28,1,5,1,
39,14,399,173,129,36,1,5,1,
39,15,420,292,134,33,1,5,1,
39,16,393,474,15,33,1,5,1,
39,17,701,384,44,13,1,5,1,
39,18,393,376,47,17,1,5,1,
39,19,798,19,59,37,1,5,1,
39,20,732,119,25,12,1,5,1,
39,21,713,392,40,13,1,5,1,
39,22,757,78,79,19,1,5,1,
39,24,763,262,44,21,1,5,1,
39,25,338,345,117,33,1,5,1,
40,1,821,499,85,31,1,5,1,
40,3,617,78,66,17,1,5,1,
40,4,822,143,48,21,1,5,1,
40,5,771,175,22,23,1,5,1,
40,6,693,28,53,34,1,5,1,
40,7,192,357,39,35,1,5,1,
40,8,511,379,149,38,1,5,1,
40,9,667,143,106,28,1,5,1,
40,10,818,333,29,14,1,5,1,
40,11,391,-1,198,46,1,5,1,
40,13,703,445,114,28,1,5,1,
40,14,409,171,134,36,1,5,1,
40,15,429,292,136,34,1,5,1,
40,16,393,476,15,34,1,5,1,
40,17,697,383,43,13,1,5,1,
40,18,399,377,48,17,1,5,1,
40,19,806,19,52,39,1,5,1,
40,20,728,120,26,12,1,5,1,
40,21,710,391,40,13,1,5,1,
40,22,765,78,79,19,1,5,1,
40,24,768,262,42,21,1,5,1,
40,25,345,345,120,33,1,5,1,
41,1,830,497,82,32,1,5,1,
41,3,623,77,67,16,1,5,1,
41,4,829,145,47,20,1,5,1,
41,5,772,176,22,22,1,5,1,
41,6,698,30,52,34,1,5,1,
41,7,193,358,41,35,1,5,1,
41,8,522,379,148,37,1,5,1,
41,9,675,143,105,28,1,5,1,
41,10,822,332,28,15,1,5,1,
41,11,403,-3,204,46,1,5,1,
41,13,722,442,106,29,1,5,1,
41,14,419,170,139,36,1,5,1,
41,15,438,293,137,33,1,5,1,
41,16,392,478,15,35,1,5,1,
41,17,693,382,43,13,1,5,1,
41,18,405,378,50,17,1,5,1,
41,19,816,19,42,41,1,5,1,
41,20,725,122,25,11,1,5,1,
41,21,707,390,39,13,1,5,1,
41,22,773,78,79,18,1,5,1,
41,24,773,262,40,21,1,5,1,
41,25,352,345,123,33,1,5,1,
42,1,839,496,80,31,1,5,1,
42,3,628,77,67,16,1,5,1,
42,4,836,146,45,20,1,5,1,
42,5,772,177,22,22,1,5,1,
42,6,703,32,52,33,1,5,1,
42,7,194,359,42,36,1,5,1,
42,8,534,378,146,37,1,5,1,
42,9,684,143,102,28,1,5,1,
42,10,826,332,27,14,1,5,1,
42,11,415,-5,210,46,1,5,1,
42,13,741,439,96,29,1,5,1,
42,14,429,170,144,35,1,5,1,
42,15,450,293,134,33,1,5,1,
42,16,392,481,15,35,1,5,1,
42,17,689,381,43,13,1,5,1,
42,18,411,379,51,17,1,5,1,
42,19,828,18,32,45,1,5,1,
42,20,722,123,25,11,1,5,1,
42,21,704,390,39,12,1,5,1,
42,22,780,77,79,19,1,5,1,
42,24,778,262,38,21,1,5,1,
42,25,359,345,127,33,1,5,1,
43,1,848,495,77,30,1,5,1,
43,3,634,77,66,16,1,5,1,
43,4,844,147,43,20,1,5,1,
43,5,772,178,22,22,1,5,1,
43,6,706,35,56,31,1,5,1,
43,7,195,360,45,37,1,5,1,
43,8,546,378,143,37,1,5,1,
43,9,692,143,101,28,1,5,1,
43,10,830,331,26,14,1,5,1,
43,11,428,-7,215,47,1,5,1,
43,13,758,436,86,28,1,5,1,
43,14,440,170,147,36,1,5,1,
43,15,461,292,132,33,1,5,1,
43,16,391,483,16,36,1,5,1,
43,17,686,380,42,12,1,5,1,
43,18,417,380,53,16,1,5,1,
43,19,830,19,31,47,1,5,1,
43,21,700,389,39,12,1,5,1,
43,22,788,77,79,19,1,5,1,
43,24,783,262,36,21,1,5,1,
43,25,366,344,131,33,1,5,1,
44,1,857,493,73,30,1,5,1,
44,3,639,78,66,15,1,5,1,
44,4,850,148,42,20,1,5,1,
44,5,773,179,21,21,1,5,1,
44,6,707,38,62,30,1,5,1,
44,7,197,361,47,37,1,5,1,
44,8,558,377,139,37,1,5,1,
44,9,700,143,99,28,1,5,1,
44,10,834,331,24,14,1,5,1,
44,11,442,-17,210,49,1,5,1,
44,13,772,434,82,28,1,5,1,
44,14,451,170,151,37,1,5,1,
44,15,472,292,130,32,1,5,1,
44,16,391,485,16,37,1,5,1,
44,17,682,379,42,12,1,5,1,
44,18,423,381,55,16,1,5,1,
44,19,831,21,31,48,1,5,1,
44,21,697,388,39,12,1,5,1,
44,22,796,78,75,19,1,5,1,
44,24,787,262,34,21,1,5,1,
44,25,374,344,132,31,1,5,1,
45,1,865,491,71,30,1,5,1,
45,3,645,78,65,16,1,5,1,
45,4,857,149,40,19,1,5,1,
45,5,772,179,22,22,1,5,1,
45,6,713,40,59,28,1,5,1,
45,7,198,363,51,37,1,5,1,
45,8,570,377,136,37,1,5,1,
45,9,708,143,97,28,1,5,1,
45,10,837,330,24,14,1,5,1,
45,11,454,-12,224,46,1,5,1,
45,13,785,432,79,28,1,5,1,
45,14,462,171,154,37,1,5,1,
45,15,483,291,127,32,1,5,1,
45,16,391,488,17,38,1,5,1,
45,17,678,378,42,12,1,5,1,
45,18,430,382,56,16,1,5,1,
45,19,832,24,30,47,1,5,1,
45,21,694,387,38,12,1,5,1,
45,22,804,80,71,19,1,5,1,
45,24,791,262,33,21,1,5,1,
45,25,383,343,132,32,1,5,1,
46,1,873,490,69,29,1,5,1,
46,3,650,78,64,16,1,5,1,
46,4,863,150,39,19,1,5,1,
46,5,772,180,21,22,1,5,1,
46,6,720,40,56,29,1,5,1,
46,7,200,364,55,37,1,5,1,
46,8,582,376,132,37,1,5,1,
46,9,716,144,95,28,1,5,1,
46,10,840,330,23,14,1,5,1,
46,13,797,430,76,28,1,5,1,
46,14,474,172,155,38,1,5,1,
46,15,495,291,123,32,1,5,1,
46,16,391,490,17,39,1,5,1,
46,17,674,377,41,12,1,5,1,
46,18,437,383,57,16,1,5,1,
46,19,833,29,29,45,1,5,1,
46,21,691,386,38,12,1,5,1,
46,22,812,80,65,19,1,5,1,
46,24,795,263,31,20,1,5,1,
46,25,393,342,130,32,1,5,1,
47,1,881,488,66,29,1,5,1,
47,3,656,78,63,16,1,5,1,
47,4,869,151,39,19,1,5,1,
47,5,772,181,21,21,1,5,1,
47,6,726,41,54,29,1,5,1,
47,7,202,365,58,38,1,5,1,
47,8,593,376,128,36,1,5,1,
47,9,724,143,93,28,1,5,1,
47,10,844,329,21,14,1,5,1,
47,13,809,428,72,27,1,5,1,
47,14,487,172,153,39,1,5,1,
47,15,506,291,120,31,1,5,1,
47,16,391,493,18,39,1,5,1,
47,17,670,376,41,12,1,5,1,
47,18,444,384,59,16,1,5,1,
47,19,834,33,29,43,1,5,1,
47,21,688,385,38,12,1,5,1,
47,22,819,79,62,21,1,5,1,
47,24,799,263,30,19,1,5,1,
47,25,403,342,127,32,1,5,1,
48,1,888,487,65,28,1,5,1,
48,3,661,78,62,17,1,5,1,
48,4,876,152,32,20,1,5,1,
48,5,771,182,21,21,1,5,1,
48,6,731,42,53,30,1,5,1,
48,7,205,366,61,38,1,5,1,
48,8,604,375,124,36,1,5,1,
48,9,733,142,90,28,1,5,1,
48,10,847,329,20,14,1,5,1,
48,13,820,426,70,27,1,5,1,
48,14,499,173,154,38,1,5,1,
48,15,516,291,117,31,1,5,1,
48,16,391,496,18,40,1,5,1,
48,17,666,375,41,12,1,5,1,
48,18,451,385,60,16,1,5,1,
48,19,836,37,28,41,1,5,1,
48,21,685,384,37,12,1,5,1,
48,22,825,80,61,21,1,5,1,
48,24,802,263,29,19,1,5,1,
48,25,413,342,124,31,1,5,1,
49,1,896,485,61,28,1,5,1,
49,3,666,78,62,17,1,5,1,
49,4,882,153,29,20,1,5,1,
49,5,771,183,20,21,1,5,1,
49,6,736,44,51,29,1,5,1,
49,7,208,367,64,39,1,5,1,
49,8,617,374,116,36,1,5,1,
49,9,742,141,86,29,1,5,1,
49,10,850,328,19,14,1,5,1,
49,13,831,424,67,27,1,5,1,
49,14,512,173,154,38,1,5,1,
49,15,527,290,114,31,1,5,1,
49,16,391,498,19,41,1,5,1,
49,17,662,375,41,11,1,5,1,
49,18,459,385,61,16,1,5,1,
49,19,837,39,29,41,1,5,1,
49,21,682,384,37,11,1,5,1,
49,22,831,81,60,21,1,5,1,
49,24,806,263,27,19,1,5,1,
49,25,423,341,122,31,1,5,1,
50,1,903,484,57,27,1,5,1,
50,3,671,78,61,17,1,5,1,
50,4,886,154,28,20,1,5,1,
50,5,770,184,21,20,1,5,1,
50,6,741,45,50,29,1,5,1,
50,7,211,368,67,40,1,5,1,
50,8,628,373,112,36,1,5,1,
50,9,750,142,84,29,1,5,1,
50,10,853,328,18,13,1,5,1,
50,13,842,422,64,27,1,5,1,
50,14,526,173,152,38,1,5,1,
50,15,537,290,111,31,1,5,1,
50,16,391,501,20,42,1,5,1,
50,17,658,374,41,11,1,5,1,
50,18,466,386,63,16,1,5,1,
50,19,839,42,28,40,1,5,1,
50,21,679,383,37,11,1,5,1,
50,22,836,82,60,21,1,5,1,
50,24,809,263,26,19,1,5,1,
50,25,433,341,119,31,1,5,1,
51,1,910,482,50,28,1,5,1,
51,3,676,78,60,18,1,5,1,
51,4,891,156,26,19,1,5,1,
51,5,770,184,20,21,1,5,1,
51,6,746,46,49,29,1,5,1,
51,7,215,370,69,40,1,5,1,
51,8,638,372,108,36,1,5,1,
51,9,757,142,82,29,1,5,1,
51,10,856,327,17,14,1,5,1,
51,13,852,420,61,27,1,5,1,
51,14,539,172,151,39,1,5,1,
51,15,547,290,108,30,1,5,1,
51,16,391,504,21,39,1,5,1,
51,17,655,373,40,11,1,5,1,
51,18,474,387,63,16,1,5,1,
51,19,840,44,27,40,1,5,1,
51,21,676,382,36,11,1,5,1,
51,22,841,83,60,21,1,5,1,
51,24,813,263,24,19,1,5,1,
51,25,443,341,117,30,1,5,1,
52,1,917,480,43,28,1,5,1,
52,3,681,78,59,18,1,5,1,
52,4,895,157,26,19,1,5,1,
52,5,769,185,21,20,1,5,1,
52,6,751,48,48,29,1,5,1,
52,7,219,371,71,41,1,5,1,
52,8,648,371,104,36,1,5,1,
52,9,764,143,80,29,1,5,1,
52,10,858,327,17,13,1,5,1,
52,13,861,418,61,26,1,5,1,
52,14,553,172,149,39,1,5,1,
52,15,558,290,103,30,1,5,1,
52,16,391,507,23,37,1,5,1,
52,17,651,372,40,11,1,5,1,
52,18,483,388,63,16,1,5,1,
52,19,840,46,28,41,1,5,1,
52,21,673,381,36,11,1,5,1,
52,22,847,84,58,21,1,5,1,
52,24,816,263,22,19,1,5,1,
52,25,452,340,115,30,1,5,1,
53,1,923,479,37,27,1,5,1,
53,3,686,79,58,17,1,5,1,
53,4,899,158,25,19,1,5,1,
53,5,768,186,22,20,1,5,1,
53,6,756,49,46,29,1,5,1,
53,7,223,372,73,41,1,5,1,
53,8,658,370,99,36,1,5,1,
53,9,771,143,78,29,1,5,1,
53,10,859,326,18,14,1,5,1,
53,13,870,416,59,26,1,5,1,
53,14,567,173,147,38,1,5,1,
53,15,567,290,100,30,1,5,1,
53,16,391,510,24,34,1,5,1,
53,17,647,371,40,12,1,5,1,
53,18,491,388,64,17,1,5,1,
53,19,841,49,27,40,1,5,1,
53,22,853,85,56,21,1,5,1,
53,24,819,263,21,19,1,5,1,
53,25,461,340,112,30,1,5,1,
54,1,929,477,31,27,1,5,1,
54,3,691,79,56,18,1,5,1,
54,4,902,159,25,19,1,5,1,
54,5,767,187,22,20,1,5,1,
54,6,760,50,45,29,1,5,1,
54,7,227,373,76,42,1,5,1,
54,8,667,370,95,34,1,5,1,
54,9,777,144,77,28,1,5,1,
54,10,861,326,18,13,1,5,1,
54,13,878,415,58,25,1,5,1,
54,14,579,173,147,38,1,5,1,
54,15,576,289,97,30,1,5,1,
54,16,392,513,25,31,1,5,1,
54,17,643,371,40,11,1,5,1,
54,18,499,389,65,17,1,5,1,
54,19,841,51,27,40,1,5,1,
54,22,858,86,55,21,1,5,1,
54,24,821,263,21,19,1,5,1,
54,25,470,340,110,30,1,5,1,
55,1,935,476,25,26,1,5,1,
55,3,696,79,55,18,1,5,1,
55,4,906,161,24,18,1,5,1,
55,5,766,188,23,19,1,5,1,
55,6,765,52,44,29,1,5,1,
55,7,232,374,77,43,1,5,1,
55,8,676,369,91,34,1,5,1,
55,9,784,144,75,29,1,5,1,
55,10,863,326,17,12,1,5,1,
55,13,887,413,56,25,1,5,1,
55,14,593,173,144,38,1,5,1,
55,15,587,290,89,29,1,5,1,
55,16,392,516,26,28,1,5,1,
55,17,639,370,40,11,1,5,1,
55,18,508,390,65,17,1,5,1,
55,19,841,53,27,40,1,5,1,
55,22,864,87,51,21,1,5,1,
55,24,822,263,21,19,1,5,1,
55,25,479,340,106,29,1,5,1,
56,1,941,474,19,27,1,5,1,
56,3,701,79,53,19,1,5,1,
56,4,910,162,22,18,1,5,1,
56,5,765,188,24,20,1,5,1,
56,6,769,53,43,29,1,5,1,
56,7,236,376,80,44,1,5,1,
56,8,685,368,86,34,1,5,1,
56,9,790,145,74,28,1,5,1,
56,10,864,325,18,13,1,5,1,
56,13,896,411,53,25,1,5,1,
56,14,606,173,142,39,1,5,1,
56,15,597,289,85,29,1,5,1,
56,16,393,519,27,25,1,5,1,
56,17,636,369,40,11,1,5,1,
56,18,516,390,67,18,1,5,1,
56,19,840,55,27,40,1,5,1,
56,22,869,87,49,22,1,5,1,
56,24,824,263,21,19,1,5,1,
56,25,488,340,103,29,1,5,1,
57,3,706,80,51,19,1,5,1,
57,4,913,163,22,18,1,5,1,
57,5,764,189,24,19,1,5,1,
57,6,773,54,42,29,1,5,1,
57,7,241,377,82,45,1,5,1,
57,8,693,367,81,33,1,5,1,
57,9,796,145,72,29,1,5,1,
57,10,866,325,17,12,1,5,1,
57,13,904,409,51,25,1,5,1,
57,14,620,173,139,39,1,5,1,
57,15,606,289,81,29,1,5,1,
57,16,394,523,28,21,1,5,1,
57,17,632,369,40,10,1,5,1,
57,18,525,391,67,19,1,5,1,
57,19,840,58,26,40,1,5,1,
57,22,875,88,45,22,1,5,1,
57,24,826,263,20,18,1,5,1,
57,25,496,340,99,28,1,5,1,
58,3,710,80,50,19,1,5,1,
58,4,915,164,22,18,1,5,1,
58,5,763,190,24,19,1,5,1,
58,6,778,56,40,28,1,5,1,
58,7,246,378,84,46,1,5,1,
58,8,701,366,76,33,1,5,1,
58,9,802,146,71,28,1,5,1,
58,10,867,324,17,13,1,5,1,
58,13,912,408,47,24,1,5,1,
58,14,632,174,137,38,1,5,1,
58,15,615,289,75,28,1,5,1,
58,16,395,526,26,18,1,5,1,
58,17,628,368,40,10,1,5,1,
58,18,535,392,66,20,1,5,1,
58,19,839,60,26,40,1,5,1,
58,22,879,89,43,22,1,5,1,
58,24,827,264,20,17,1,5,1,
58,25,505,338,94,29,1,5,1,
59,3,715,80,48,20,1,5,1,
59,4,918,165,21,18,1,5,1,
59,5,761,191,25,19,1,5,1,
59,6,782,57,39,29,1,5,1,
59,7,250,380,88,46,1,5,1,
59,8,707,364,78,33,1,5,1,
59,9,808,146,69,29,1,5,1,
59,10,868,324,17,12,1,5,1,
59,13,919,406,41,24,1,5,1,
59,14,645,174,135,38,1,5,1,
59,15,622,289,73,28,1,5,1,
59,17,625,368,39,10,1,5,1,
59,18,545,393,65,21,1,5,1,
59,19,838,63,26,39,1,5,1,
59,22,884,90,40,22,1,5,1,
59,24,828,264,21,17,1,5,1,
59,25,515,337,87,28,1,5,1,
60,3,719,81,47,20,1,5,1,
60,4,920,166,21,18,1,5,1,
60,5,760,192,26,18,1,5,1,
60,6,785,58,39,29,1,5,1,
60,7,254,382,93,46,1,5,1,
60,8,714,363,76,33,1,5,1,
60,9,814,147,67,28,1,5,1,
60,10,869,323,17,13,1,5,1,
60,13,926,405,34,24,1,5,1,
60,14,657,174,133,38,1,5,1,
60,15,628,289,72,28,1,5,1,
60,17,621,367,39,10,1,5,1,
60,18,553,394,66,22,1,5,1,
60,19,838,65,26,38,1,5,1,
60,22,888,91,38,22,1,5,1,
60,24,830,264,20,17,1,5,1,
60,25,525,336,80,28,1,5,1,
61,3,723,81,46,20,1,5,1,
61,4,922,168,21,17,1,5,1,
61,5,759,192,25,19,1,5,1,
61,6,789,60,38,28,1,5,1,
61,7,258,383,97,47,1,5,1,
61,8,721,362,74,33,1,5,1,
61,9,819,148,66,28,1,5,1,
61,10,870,323,16,12,1,5,1,
61,13,933,403,27,24,1,5,1,
61,14,669,175,131,37,1,5,1,
61,15,634,288,71,28,1,5,1,
61,17,617,366,40,10,1,5,1,
61,18,561,395,67,23,1,5,1,
61,19,838,68,25,37,1,5,1,
61,22,892,92,36,22,1,5,1,
61,24,831,264,20,17,1,5,1,
61,25,535,335,74,29,1,5,1,
62,3,727,82,45,20,1,5,1,
62,4,924,169,21,17,1,5,1,
62,5,757,193,26,18,1,5,1,
62,6,793,61,37,28,1,5,1,
62,7,262,385,102,47,1,5,1,
62,8,729,361,70,32,1,5,1,
62,9,825,148,65,28,1,5,1,
62,10,870,323,16,12,1,5,1,
62,13,940,408,20,16,1,5,1,
62,14,682,175,128,37,1,5,1,
62,15,641,288,69,28,1,5,1,
62,17,613,366,40,10,1,5,1,
62,18,569,396,68,24,1,5,1,
62,19,838,71,25,35,1,5,1,
62,22,896,93,34,22,1,5,1,
62,24,832,264,20,17,1,5,1,
62,25,544,334,70,29,1,5,1,
63,3,731,83,43,20,1,5,1,
63,4,925,170,21,17,1,5,1,
63,5,756,194,26,18,1,5,1,
63,6,797,63,36,27,1,5,1,
63,7,266,387,108,47,1,5,1,
63,8,736,360,68,32,1,5,1,
63,9,831,149,63,28,1,5,1,
63,10,870,322,17,12,1,5,1,
63,14,698,175,114,38,1,5,1,
63,15,648,288,67,27,1,5,1,
63,17,610,365,39,10,1,5,1,
63,18,577,398,70,24,1,5,1,
63,19,839,73,25,35,1,5,1,
63,22,899,94,33,22,1,5,1,
63,24,833,264,19,17,1,5,1,
63,25,553,333,65,28,1,5,1,
64,3,735,83,42,21,1,5,1,
64,4,927,171,21,17,1,5,1,
64,5,754,195,27,17,1,5,1,
64,6,800,64,36,28,1,5,1,
64,7,271,389,112,47,1,5,1,
64,8,742,359,66,32,1,5,1,
64,9,835,150,63,27,1,5,1,
64,10,871,322,16,11,1,5,1,
64,14,710,176,108,37,1,5,1,
64,15,654,288,65,27,1,5,1,
64,17,606,365,39,9,1,5,1,
64,18,584,399,74,25,1,5,1,
64,19,839,75,25,35,1,5,1,
64,22,902,95,31,22,1,5,1,
64,24,834,264,19,17,1,5,1,
64,25,559,332,64,28,1,5,1,
65,3,738,84,41,20,1,5,1,
65,4,929,172,20,16,1,5,1,
65,5,752,195,28,18,1,5,1,
65,6,804,65,34,28,1,5,1,
65,7,275,391,118,47,1,5,1,
65,8,748,358,63,31,1,5,1,
65,9,840,150,62,28,1,5,1,
65,10,872,321,16,12,1,5,1,
65,14,722,176,103,38,1,5,1,
65,15,660,288,64,27,1,5,1,
65,17,602,364,39,10,1,5,1,
65,18,591,401,79,25,1,5,1,
65,19,840,78,24,33,1,5,1,
65,22,905,96,30,22,1,5,1,
65,24,835,264,19,17,1,5,1,
65,25,564,332,63,27,1,5,1,
66,3,742,85,40,20,1,5,1,
66,4,930,173,21,16,1,5,1,
66,5,750,196,28,17,1,5,1,
66,6,807,67,34,27,1,5,1,
66,7,285,392,112,51,1,5,1,
66,8,754,357,61,31,1,5,1,
66,9,845,151,61,27,1,5,1,
66,10,872,321,17,11,1,5,1,
66,14,732,177,100,37,1,5,1,
66,15,667,288,61,26,1,5,1,
66,17,599,364,39,9,1,5,1,
66,18,600,404,81,23,1,5,1,
66,19,840,80,24,32,1,5,1,
66,22,908,97,29,22,1,5,1,
66,24,836,264,19,17,1,5,1,
66,25,570,331,60,27,1,5,1,
67,3,746,85,38,21,1,5,1,
67,4,931,174,21,16,1,5,1,
67,5,748,197,29,17,1,5,1,
67,6,811,68,32,27,1,5,1,
67,7,296,392,104,56,1,5,1,
67,8,760,357,58,30,1,5,1,
67,9,850,152,60,26,1,5,1,
67,10,873,320,16,12,1,5,1,
67,14,742,178,97,37,1,5,1,
67,15,673,288,58,26,1,5,1,
67,17,595,363,39,10,1,5,1,
67,18,609,407,84,22,1,5,1,
67,19,841,82,24,32,1,5,1,
67,22,911,99,28,21,1,5,1,
67,24,837,264,18,17,1,5,1,
67,25,574,331,65,26,1,5,1,
68,3,749,86,37,21,1,5,1,
68,4,933,175,20,16,1,5,1,
68,5,746,197,29,17,1,5,1,
68,6,814,69,32,27,1,5,1,
68,7,304,393,107,58,1,5,1,
68,8,766,356,56,30,1,5,1,
68,9,855,152,59,27,1,5,1,
68,10,873,320,16,12,1,5,1,
68,14,752,179,93,36,1,5,1,
68,15,679,288,56,25,1,5,1,
68,17,591,363,39,9,1,5,1,
68,18,619,409,84,21,1,5,1,
68,19,843,85,23,30,1,5,1,
68,22,913,100,27,22,1,5,1,
68,24,837,265,19,16,1,5,1,
68,25,576,330,72,26,1,5,1,
69,3,752,87,37,21,1,5,1,
69,4,934,176,20,16,1,5,1,
69,5,744,198,30,17,1,5,1,
69,6,817,71,31,26,1,5,1,
69,7,309,396,114,57,1,5,1,
69,8,771,355,54,29,1,5,1,
69,9,860,153,58,26,1,5,1,
69,10,873,320,16,11,1,5,1,
69,14,761,180,91,36,1,5,1,
69,15,684,288,55,25,1,5,1,
69,17,588,363,38,8,1,5,1,
69,18,630,411,83,19,1,5,1,
69,19,844,87,23,29,1,5,1,
69,22,915,101,27,22,1,5,1,
69,24,838,265,18,16,1,5,1,
69,25,577,330,80,25,1,5,1,
70,3,756,88,35,21,1,5,1,
70,4,935,177,20,16,1,5,1,
70,5,742,199,30,16,1,5,1,
70,6,820,72,31,27,1,5,1,
70,7,314,398,120,58,1,5,1,
70,8,776,354,52,29,1,5,1,
70,9,865,154,56,26,1,5,1,
70,10,873,319,16,11,1,5,1,
70,14,770,181,89,35,1,5,1,
70,15,689,288,53,25,1,5,1,
70,17,584,362,39,9,1,5,1,
70,18,642,412,80,18,1,5,1,
70,19,845,89,23,28,1,5,1,
70,22,917,102,26,22,1,5,1,
70,24,838,265,19,16,1,5,1,
70,25,579,329,88,25,1,5,1,
71,3,759,89,34,20,1,5,1,
71,4,936,178,20,16,1,5,1,
71,5,740,200,31,16,1,5,1,
71,6,824,73,29,27,1,5,1,
71,7,319,401,128,58,1,5,1,
71,8,781,353,50,29,1,5,1,
71,9,870,154,55,26,1,5,1,
71,10,874,319,15,11,1,5,1,
71,14,779,182,86,35,1,5,1,
71,15,695,287,51,25,1,5,1,
71,17,580,362,39,9,1,5,1,
71,18,655,411,74,18,1,5,1,
71,19,847,91,22,27,1,5,1,
71,22,920,104,24,21,1,5,1,
71,24,839,265,18,16,1,5,1,
71,25,584,329,89,25,1,5,1,
72,3,762,89,32,21,1,5,1,
72,4,937,179,20,15,1,5,1,
72,5,738,200,31,16,1,5,1,
72,6,827,75,28,26,1,5,1,
72,7,324,403,136,58,1,5,1,
72,8,786,352,47,29,1,5,1,
72,9,874,155,55,26,1,5,1,
72,10,874,318,15,11,1,5,1,
72,14,788,183,82,34,1,5,1,
72,15,700,287,48,25,1,5,1,
72,17,577,361,38,9,1,5,1,
72,18,667,410,69,18,1,5,1,
72,19,848,92,23,28,1,5,1,
72,22,922,105,24,21,1,5,1,
72,24,839,265,19,16,1,5,1,
72,25,590,329,88,25,1,5,1,
73,3,765,90,31,21,1,5,1,
73,4,938,180,19,15,1,5,1,
73,5,736,201,31,16,1,5,1,
73,6,830,76,27,26,1,5,1,
73,7,330,406,143,58,1,5,1,
73,8,791,351,44,28,1,5,1,
73,9,879,156,53,25,1,5,1,
73,10,874,318,15,11,1,5,1,
73,14,796,184,80,34,1,5,1,
73,15,705,287,46,24,1,5,1,
73,17,573,361,38,9,1,5,1,
73,18,677,410,67,17,1,5,1,
73,19,849,94,23,27,1,5,1,
73,22,924,106,23,21,1,5,1,
73,24,840,265,18,15,1,5,1,
73,25,595,329,88,24,1,5,1,
74,3,768,91,30,21,1,5,1,
74,4,939,181,19,15,1,5,1,
74,5,734,201,31,16,1,5,1,
74,6,833,77,26,26,1,5,1,
74,7,337,408,149,59,1,5,1,
74,8,796,350,41,28,1,5,1,
74,9,883,156,53,26,1,5,1,
74,10,874,318,15,10,1,5,1,
74,14,803,185,78,34,1,5,1,
74,15,710,287,43,24,1,5,1,
74,17,569,361,38,8,1,5,1,
74,18,687,409,65,17,1,5,1,
74,19,851,95,22,27,1,5,1,
74,22,925,107,22,21,1,5,1,
74,24,840,265,18,15,1,5,1,
74,25,601,329,88,24,1,5,1,
75,3,771,92,28,21,1,5,1,
75,4,939,182,19,15,1,5,1,
75,5,731,202,33,15,1,5,1,
75,6,836,79,25,25,1,5,1,
75,7,345,410,154,60,1,5,1,
75,8,800,349,39,28,1,5,1,
75,9,888,157,51,25,1,5,1,
75,10,873,317,15,11,1,5,1,
75,14,811,186,75,33,1,5,1,
75,15,714,286,41,24,1,5,1,
75,17,565,361,39,8,1,5,1,
75,18,696,408,64,18,1,5,1,
75,19,852,97,22,26,1,5,1,
75,22,927,108,21,22,1,5,1,
75,24,840,265,18,15,1,5,1,
75,25,606,329,88,24,1,5,1,
76,3,774,93,26,21,1,5,1,
76,4,938,183,19,16,1,5,1,
76,5,729,203,33,15,1,5,1,
76,6,838,80,25,26,1,5,1,
76,7,354,412,159,61,1,5,1,
76,8,804,348,38,28,1,5,1,
76,9,892,158,51,25,1,5,1,
76,10,874,317,15,10,1,5,1,
76,14,818,187,73,33,1,5,1,
76,15,718,286,40,24,1,5,1,
76,17,562,360,38,9,1,5,1,
76,18,705,407,63,18,1,5,1,
76,19,853,98,22,27,1,5,1,
76,22,929,110,20,21,1,5,1,
76,24,840,265,18,15,1,5,1,
76,25,613,328,86,25,1,5,1,
77,3,776,94,26,21,1,5,1,
77,4,938,184,18,16,1,5,1,
77,5,727,203,33,15,1,5,1,
77,6,841,81,23,26,1,5,1,
77,7,362,414,166,62,1,5,1,
77,8,808,348,35,27,1,5,1,
77,9,896,158,50,25,1,5,1,
77,10,874,317,14,10,1,5,1,
77,14,825,187,71,33,1,5,1,
77,15,722,286,38,23,1,5,1,
77,17,558,360,38,8,1,5,1,
77,18,714,406,61,18,1,5,1,
77,19,854,100,22,26,1,5,1,
77,22,930,111,19,21,1,5,1,
77,24,840,265,18,15,1,5,1,
77,25,620,328,84,24,1,5,1,
78,3,779,95,24,21,1,5,1,
78,4,938,186,17,15,1,5,1,
78,5,725,204,33,15,1,5,1,
78,6,844,83,22,25,1,5,1,
78,7,372,417,171,62,1,5,1,
78,8,812,347,33,26,1,5,1,
78,9,900,159,50,24,1,5,1,
78,10,874,316,14,11,1,5,1,
78,14,832,188,69,33,1,5,1,
78,15,726,286,35,23,1,5,1,
78,17,554,360,38,8,1,5,1,
78,18,723,405,59,18,1,5,1,
78,19,855,101,22,26,1,5,1,
78,22,931,112,19,21,1,5,1,
78,24,840,265,18,15,1,5,1,
78,25,627,328,81,24,1,5,1,
79,3,781,96,23,21,1,5,1,
79,4,939,187,16,15,1,5,1,
79,5,722,204,34,15,1,5,1,
79,6,846,84,22,25,1,5,1,
79,7,384,418,169,68,1,5,1,
79,8,813,346,34,26,1,5,1,
79,9,904,160,49,24,1,5,1,
79,10,872,316,15,10,1,5,1,
79,14,839,189,66,32,1,5,1,
79,15,730,286,33,22,1,5,1,
79,17,550,360,38,8,1,5,1,
79,18,731,404,59,18,1,5,1,
79,19,856,103,21,25,1,5,1,
79,22,931,114,19,20,1,5,1,
79,24,840,265,18,15,1,5,1,
79,25,633,328,79,24,1,5,1,
80,3,783,97,22,21,1,5,1,
80,4,939,188,16,15,1,5,1,
80,5,720,205,34,15,1,5,1,
80,6,848,85,22,25,1,5,1,
80,7,396,420,172,71,1,5,1,
80,8,815,345,33,26,1,5,1,
80,9,908,160,50,24,1,5,1,
80,10,871,315,15,11,1,5,1,
80,14,845,190,64,32,1,5,1,
80,15,734,285,31,23,1,5,1,
80,17,546,359,39,9,1,5,1,
80,18,740,404,56,17,1,5,1,
80,19,857,104,21,25,1,5,1,
80,22,932,115,18,20,1,5,1,
80,24,840,265,18,15,1,5,1,
80,25,640,327,76,24,1,5,1,
81,3,785,98,21,21,1,5,1,
81,4,939,189,16,14,1,5,1,
81,5,718,206,34,14,1,5,1,
81,6,851,86,21,25,1,5,1,
81,7,405,423,180,72,1,5,1,
81,8,816,344,33,26,1,5,1,
81,9,912,161,47,24,1,5,1,
81,10,871,315,14,10,1,5,1,
81,14,852,191,61,31,1,5,1,
81,15,737,285,30,23,1,5,1,
81,17,542,359,38,9,1,5,1,
81,18,749,403,54,17,1,5,1,
81,19,858,106,21,24,1,5,1,
81,22,932,116,18,21,1,5,1,
81,24,840,265,18,15,1,5,1,
81,25,647,327,73,24,1,5,1,
82,3,789,98,17,22,1,5,1,
82,4,938,190,17,14,1,5,1,
82,6,853,88,20,24,1,5,1,
82,7,413,427,190,71,1,5,1,
82,8,817,343,32,26,1,5,1,
82,9,915,162,45,23,1,5,1,
82,10,870,314,14,11,1,5,1,
82,14,858,192,59,31,1,5,1,
82,15,741,285,28,22,1,5,1,
82,17,538,360,38,8,1,5,1,
82,18,757,402,52,16,1,5,1,
82,19,859,107,21,24,1,5,1,
82,22,932,117,18,21,1,5,1,
82,24,839,265,19,15,1,5,1,
82,25,653,327,71,23,1,5,1,
83,3,789,99,16,23,1,5,1,
83,4,938,191,17,14,1,5,1,
83,6,855,89,20,25,1,5,1,
83,7,422,430,199,72,1,5,1,
83,8,818,342,32,26,1,5,1,
83,9,919,162,41,23,1,5,1,
83,10,869,314,16,10,1,5,1,
83,14,863,193,58,30,1,5,1,
83,15,743,285,28,22,1,5,1,
83,17,534,360,38,8,1,5,1,
83,18,764,401,51,16,1,5,1,
83,19,859,108,22,25,1,5,1,
83,22,932,118,18,21,1,5,1,
83,24,839,266,19,14,1,5,1,
83,25,658,327,69,23,1,5,1,
84,3,789,100,15,23,1,5,1,
84,4,938,192,16,13,1,5,1,
84,6,856,90,20,25,1,5,1,
84,7,431,434,209,71,1,5,1,
84,8,818,342,32,24,1,5,1,
84,9,923,163,37,23,1,5,1,
84,10,867,314,18,10,1,5,1,
84,14,869,194,56,30,1,5,1,
84,15,746,285,26,21,1,5,1,
84,17,530,360,37,8,1,5,1,
84,18,771,400,50,16,1,5,1,
84,19,860,109,21,25,1,5,1,
84,22,932,120,18,20,1,5,1,
84,24,839,266,18,14,1,5,1,
84,25,664,326,67,24,1,5,1,
85,3,788,101,14,24,1,5,1,
85,4,938,193,16,13,1,5,1,
85,6,857,91,20,25,1,5,1,
85,7,441,437,218,70,1,5,1,
85,8,819,341,31,24,1,5,1,
85,9,926,164,34,22,1,5,1,
85,10,866,313,18,10,1,5,1,
85,14,874,194,54,30,1,5,1,
85,15,747,285,27,21,1,5,1,
85,17,526,360,37,9,1,5,1,
85,18,778,399,48,16,1,5,1,
85,19,861,111,21,24,1,5,1,
85,22,932,121,17,20,1,5,1,
85,24,838,266,19,13,1,5,1,
85,25,669,326,65,23,1,5,1,
86,3,785,102,18,25,1,5,1,
86,4,937,193,17,14,1,5,1,
86,6,858,93,20,24,1,5,1,
86,7,453,441,226,70,1,5,1,
86,8,819,340,31,24,1,5,1,
86,9,930,164,30,22,1,5,1,
86,10,865,313,18,10,1,5,1,
86,14,879,195,52,30,1,5,1,
86,15,749,284,26,22,1,5,1,
86,17,523,361,35,8,1,5,1,
86,18,785,397,47,17,1,5,1,
86,19,861,112,21,24,1,5,1,
86,22,931,122,18,20,1,5,1,
86,24,838,266,19,13,1,5,1,
86,25,674,326,63,23,1,5,1,
87,3,783,104,21,24,1,5,1,
87,4,937,194,16,13,1,5,1,
87,6,859,94,20,24,1,5,1,
87,7,465,445,234,69,1,5,1,
87,8,819,339,31,24,1,5,1,
87,9,934,165,26,22,1,5,1,
87,10,863,313,19,9,1,5,1,
87,14,884,196,50,29,1,5,1,
87,15,750,284,26,21,1,5,1,
87,17,519,361,34,8,1,5,1,
87,18,792,396,45,17,1,5,1,
87,19,862,113,20,24,1,5,1,
87,22,931,123,17,20,1,5,1,
87,24,837,266,20,13,1,5,1,
87,25,679,326,61,22,1,5,1,
88,3,779,105,25,24,1,5,1,
88,4,937,195,16,13,1,5,1,
88,6,860,95,20,25,1,5,1,
88,7,479,448,241,69,1,5,1,
88,8,820,338,30,24,1,5,1,
88,9,939,165,21,22,1,5,1,
88,10,862,312,18,10,1,5,1,
88,14,889,197,48,29,1,5,1,
88,15,752,284,25,21,1,5,1,
88,17,517,361,31,9,1,5,1,
88,18,798,395,44,16,1,5,1,
88,19,862,115,20,23,1,5,1,
88,22,930,125,17,20,1,5,1,
88,24,836,266,20,13,1,5,1,
88,25,684,325,58,23,1,5,1,
89,3,775,106,30,24,1,5,1,
89,4,937,196,16,12,1,5,1,
89,6,861,96,20,25,1,5,1,
89,7,493,452,248,68,1,5,1,
89,8,820,338,30,23,1,5,1,
89,9,944,166,16,16,1,5,1,
89,10,860,312,19,9,1,5,1,
89,14,894,198,46,28,1,5,1,
89,15,753,284,25,21,1,5,1,
89,17,515,362,28,9,1,5,1,
89,18,805,394,42,16,1,5,1,
89,19,862,116,20,23,1,5,1,
89,22,930,126,16,20,1,5,1,
89,24,835,266,21,13,1,5,1,
89,25,689,325,56,22,1,5,1,
90,3,771,108,35,23,1,5,1,
90,4,937,196,15,13,1,5,1,
90,6,860,97,20,25,1,5,1,
90,7,508,455,254,68,1,5,1,
90,8,819,337,30,23,1,5,1,
90,10,859,311,18,10,1,5,1,
90,14,899,198,44,29,1,5,1,
90,15,754,284,25,20,1,5,1,
90,17,513,362,26,9,1,5,1,
90,18,811,393,40,16,1,5,1,
90,19,862,117,20,23,1,5,1,
90,22,929,127,16,20,1,5,1,
90,24,834,266,22,13,1,5,1,
90,25,694,325,53,22,1,5,1,
91,3,768,109,37,24,1,5,1,
91,4,936,197,16,12,1,5,1,
91,6,860,99,20,25,1,5,1,
91,7,522,458,261,67,1,5,1,
91,8,819,336,30,23,1,5,1,
91,10,857,311,19,9,1,5,1,
91,14,903,199,43,28,1,5,1,
91,15,755,284,25,20,1,5,1,
91,17,512,362,23,10,1,5,1,
91,18,816,392,40,16,1,5,1,
91,19,862,118,20,23,1,5,1,
91,22,928,129,16,19,1,5,1,
91,24,833,266,22,13,1,5,1,
91,25,698,324,51,22,1,5,1,
92,3,765,110,38,24,1,5,1,
92,4,936,198,16,12,1,5,1,
92,6,860,100,20,25,1,5,1,
92,7,539,460,262,64,1,5,1,
92,8,819,335,29,23,1,5,1,
92,10,856,311,18,9,1,5,1,
92,14,907,200,41,28,1,5,1,
92,15,756,284,25,20,1,5,1,
92,17,511,363,20,10,1,5,1,
92,18,822,391,38,16,1,5,1,
92,19,862,120,20,23,1,5,1,
92,22,927,130,16,19,1,5,1,
92,24,832,266,22,13,1,5,1,
92,25,702,324,49,22,1,5,1,
93,3,762,112,38,23,1,5,1,
93,4,936,198,15,12,1,5,1,
93,6,860,101,20,25,1,5,1,
93,7,555,458,264,65,1,5,1,
93,8,818,335,29,22,1,5,1,
93,10,854,310,19,10,1,5,1,
93,14,911,201,40,27,1,5,1,
93,15,756,283,25,20,1,5,1,
93,17,510,363,17,10,1,5,1,
93,18,827,390,37,16,1,5,1,
93,19,862,121,20,23,1,5,1,
93,22,926,131,16,19,1,5,1,
93,24,831,266,23,13,1,5,1,
93,25,706,324,47,21,1,5,1,
94,3,759,113,38,23,1,5,1,
94,4,936,199,15,12,1,5,1,
94,6,860,103,20,24,1,5,1,
94,7,574,456,261,64,1,5,1,
94,8,818,334,28,22,1,5,1,
94,10,852,310,19,9,1,5,1,
94,14,914,202,39,27,1,5,1,
94,15,757,283,25,20,1,5,1,
94,17,510,364,13,10,1,5,1,
94,18,833,389,35,16,1,5,1,
94,19,862,122,19,23,1,5,1,
94,22,924,132,17,19,1,5,1,
94,24,829,266,25,13,1,5,1,
94,25,710,323,45,22,1,5,1,
95,3,756,115,38,22,1,5,1,
95,4,936,200,15,12,1,5,1,
95,6,860,104,19,24,1,5,1,
95,7,592,455,258,63,1,5,1,
95,8,817,333,28,22,1,5,1,
95,10,850,310,20,9,1,5,1,
95,14,918,202,38,27,1,5,1,
95,15,758,283,24,19,1,5,1,
95,17,510,364,10,11,1,5,1,
95,18,838,388,34,15,1,5,1,
95,19,862,123,19,23,1,5,1,
95,22,923,134,17,18,1,5,1,
95,24,825,267,30,12,1,5,1,
95,25,714,323,43,21,1,5,1,
96,3,753,116,38,23,1,5,1,
96,4,935,201,15,11,1,5,1,
96,6,860,105,19,25,1,5,1,
96,7,611,454,252,61,1,5,1,
96,8,816,332,28,22,1,5,1,
96,10,848,309,20,9,1,5,1,
96,14,921,203,37,27,1,5,1,
96,15,758,283,24,19,1,5,1,
96,17,510,365,9,11,1,5,1,
96,18,843,387,33,15,1,5,1,
96,19,861,124,19,23,1,5,1,
96,22,922,135,17,18,1,5,1,
96,24,821,267,35,12,1,5,1,
96,25,717,323,41,21,1,5,1,
97,3,750,118,38,22,1,5,1,
97,4,935,201,15,12,1,5,1,
97,6,859,107,20,24,1,5,1,
97,7,629,454,245,60,1,5,1,
97,8,818,332,27,21,1,5,1,
97,10,846,309,21,9,1,5,1,
97,14,924,204,35,26,1,5,1,
97,15,759,283,24,19,1,5,1,
97,17,510,366,10,11,1,5,1,
97,18,848,386,32,15,1,5,1,
97,19,861,126,19,22,1,5,1,
97,22,920,136,18,18,1,5,1,
97,24,821,267,33,12,1,5,1,
97,25,720,322,41,21,1,5,1,
98,1,948,400,11,11,1,5,1,
98,3,747,119,37,22,1,5,1,
98,4,935,202,15,11,1,5,1,
98,6,859,108,19,24,1,5,1,
98,7,647,454,242,60,1,5,1,
98,8,819,331,27,21,1,5,1,
98,10,844,309,21,8,1,5,1,
98,14,927,205,32,25,1,5,1,
98,15,759,283,24,18,1,5,1,
98,17,510,366,11,12,1,5,1,
98,18,852,385,31,15,1,5,1,
98,19,860,127,19,22,1,5,1,
98,22,918,137,19,18,1,5,1,
98,24,821,267,30,12,1,5,1,
98,25,723,322,40,20,1,5,1,
99,1,945,397,14,14,1,5,1,
99,3,744,120,37,22,1,5,1,
99,4,934,202,15,12,1,5,1,
99,6,859,110,19,23,1,5,1,
99,7,665,454,240,60,1,5,1,
99,8,819,330,27,21,1,5,1,
99,10,843,308,20,9,1,5,1,
99,14,930,205,29,26,1,5,1,
99,15,760,283,23,18,1,5,1,
99,17,509,367,14,11,1,5,1,
99,18,857,384,30,15,1,5,1,
99,19,860,128,18,22,1,5,1,
99,22,918,138,17,18,1,5,1,
99,24,820,267,27,12,1,5,1,
99,25,726,322,38,20,1,5,1,
100,1,942,396,17,15,1,5,1,
100,3,743,122,34,21,1,5,1,
100,4,934,203,15,11,1,5,1,
100,6,858,111,19,23,1,5,1,
100,7,682,454,239,59,1,5,1,
100,8,819,329,27,21,1,5,1,
100,10,841,308,20,9,1,5,1,
100,14,931,206,28,25,1,5,1,
100,15,760,282,23,19,1,5,1,
100,17,509,367,16,12,1,5,1,
100,18,862,383,28,15,1,5,1,
100,19,859,129,19,22,1,5,1,
100,22,917,140,16,17,1,5,1,
100,24,819,267,25,12,1,5,1,
100,25,729,321,37,20,1,5,1,
101,1,939,394,20,16,1,5,1,
101,3,743,124,28,20,1,5,1,
101,4,934,204,14,11,1,5,1,
101,6,858,112,18,23,1,5,1,
101,7,701,453,236,60,1,5,1,
101,8,819,329,26,20,1,5,1,
101,10,839,308,20,8,1,5,1,
101,14,933,207,26,25,1,5,1,
101,15,760,282,23,18,1,5,1,
101,17,509,368,18,12,1,5,1,
101,18,866,382,27,14,1,5,1,
101,19,859,131,18,21,1,5,1,
101,22,915,141,17,17,1,5,1,
101,24,815,267,28,12,1,5,1,
101,25,732,320,36,20,1,5,1,
102,1,936,393,23,18,1,5,1,
102,3,741,125,26,20,1,5,1,
102,4,933,204,15,11,1,5,1,
102,6,857,114,19,22,1,5,1,
102,7,718,453,234,60,1,5,1,
102,8,819,328,26,20,1,5,1,
102,10,837,307,20,9,1,5,1,
102,14,935,207,24,25,1,5,1,
102,15,761,282,23,18,1,5,1,
102,17,510,369,20,12,1,5,1,
102,18,870,381,26,14,1,5,1,
102,19,858,132,18,21,1,5,1,
102,22,914,142,17,17,1,5,1,
102,24,811,267,32,12,1,5,1,
102,25,736,319,34,19,1,5,1,
103,1,932,392,27,18,1,5,1,
103,3,739,126,25,20,1,5,1,
103,4,933,205,14,11,1,5,1,
103,6,857,115,18,23,1,5,1,
103,7,734,453,225,59,1,5,1,
103,8,819,328,26,19,1,5,1,
103,10,835,307,20,8,1,5,1,
103,14,937,208,22,25,1,5,1,
103,15,761,282,23,18,1,5,1,
103,17,511,369,21,13,1,5,1,
103,18,874,380,25,14,1,5,1,
103,19,857,133,18,21,1,5,1,
103,22,912,143,18,17,1,5,1,
103,24,811,267,31,12,1,5,1,
103,25,740,318,32,19,1,5,1,
104,1,929,390,30,19,1,5,1,
104,3,737,127,25,20,1,5,1,
104,4,932,205,14,11,1,5,1,
104,6,856,116,18,23,1,5,1,
104,7,752,452,208,60,1,5,1,
104,8,818,327,26,20,1,5,1,
104,10,833,307,21,8,1,5,1,
104,14,938,209,22,24,1,5,1,
104,15,761,282,23,18,1,5,1,
104,17,512,370,23,13,1,5,1,
104,18,878,379,23,14,1,5,1,
104,19,857,134,17,21,1,5,1,
104,22,910,144,20,17,1,5,1,
104,24,810,267,29,11,1,5,1,
104,25,746,317,28,19,1,5,1,
105,1,926,389,33,18,1,5,1,
105,3,735,128,25,20,1,5,1,
105,4,932,206,13,11,1,5,1,
105,6,856,117,17,23,1,5,1,
105,7,769,452,191,59,1,5,1,
105,8,818,326,25,20,1,5,1,
105,10,831,306,21,9,1,5,1,
105,14,940,209,20,24,1,5,1,
105,15,761,282,22,17,1,5,1,
105,17,513,371,25,13,1,5,1,
105,18,881,378,23,14,1,5,1,
105,19,856,135,17,21,1,5,1,
105,22,908,145,20,17,1,5,1,
105,24,808,267,28,11,1,5,1,
105,25,751,316,24,20,1,5,1,
106,1,923,388,37,18,1,5,1,
106,3,733,130,26,19,1,5,1,
106,4,931,207,14,10,1,5,1,
106,6,855,119,18,22,1,5,1,
106,7,787,451,173,59,1,5,1,
106,8,818,326,25,19,1,5,1,
106,10,829,306,20,8,1,5,1,
106,14,941,210,19,24,1,5,1,
106,15,761,282,22,17,1,5,1,
106,17,515,372,26,13,1,5,1,
106,18,885,377,22,14,1,5,1,
106,19,855,136,18,21,1,5,1,
106,22,907,146,20,17,1,5,1,
106,24,806,267,28,11,1,5,1,
106,25,752,316,23,19,1,5,1,
107,1,920,386,39,18,1,5,1,
107,3,730,131,27,19,1,5,1,
107,4,930,207,14,11,1,5,1,
107,6,854,120,18,22,1,5,1,
107,7,803,450,157,60,1,5,1,
107,8,817,325,25,19,1,5,1,
107,10,827,306,20,8,1,5,1,
107,14,943,211,17,23,1,5,1,
107,15,761,282,22,17,1,5,1,
107,17,516,373,28,13,1,5,1,
107,18,888,376,21,14,1,5,1,
107,19,854,137,18,21,1,5,1,
107,22,905,147,20,17,1,5,1,
107,24,802,267,31,11,1,5,1,
107,25,753,315,23,19,1,5,1,
108,1,916,385,43,19,1,5,1,
108,3,728,132,27,19,1,5,1,
108,4,929,208,14,10,1,5,1,
108,6,853,121,19,22,1,5,1,
108,7,820,450,140,59,1,5,1,
108,8,816,325,25,18,1,5,1,
108,10,825,306,21,8,1,5,1,
108,14,944,211,16,23,1,5,1,
108,15,761,282,21,16,1,5,1,
108,17,518,373,29,13,1,5,1,
108,18,891,375,20,14,1,5,1,
108,19,853,139,18,19,1,5,1,
108,22,903,148,21,17,1,5,1,
108,24,802,267,29,11,1,5,1,
108,25,753,315,23,19,1,5,1,
109,1,913,384,45,18,1,5,1,
109,4,928,208,14,11,1,5,1,
109,6,852,122,19,22,1,5,1,
109,7,837,449,123,59,1,5,1,
109,8,815,324,25,19,1,5,1,
109,10,823,305,21,8,1,5,1,
109,14,945,212,15,23,1,5,1,
109,15,760,282,22,16,1,5,1,
109,17,520,374,30,13,1,5,1,
109,18,895,374,19,14,1,5,1,
109,19,852,140,19,19,1,5,1,
109,22,901,149,21,17,1,5,1,
109,24,799,267,30,11,1,5,1,
109,25,754,315,23,18,1,5,1,
110,1,909,383,46,18,1,5,1,
110,4,927,209,13,10,1,5,1,
110,6,851,124,19,21,1,5,1,
110,7,853,448,107,53,1,5,1,
110,8,815,324,24,18,1,5,1,
110,10,820,305,22,8,1,5,1,
110,15,760,281,21,17,1,5,1,
110,17,522,375,32,13,1,5,1,
110,18,897,373,19,14,1,5,1,
110,19,851,141,19,19,1,5,1,
110,22,899,150,21,17,1,5,1,
110,24,797,267,30,11,1,5,1,
110,25,754,314,23,19,1,5,1,
111,1,906,382,46,18,1,5,1,
111,4,926,210,13,10,1,5,1,
111,6,850,125,19,21,1,5,1,
111,7,867,453,93,45,1,5,1,
111,8,814,323,24,18,1,5,1,
111,10,818,305,22,8,1,5,1,
111,15,760,281,21,17,1,5,1,
111,17,524,376,34,13,1,5,1,
111,18,899,372,18,14,1,5,1,
111,19,850,142,19,19,1,5,1,
111,22,896,151,23,17,1,5,1,
111,24,795,267,30,11,1,5,1,
111,25,754,314,23,18,1,5,1,
112,1,903,380,45,18,1,5,1,
112,4,925,210,13,10,1,5,1,
112,6,850,126,18,21,1,5,1,
112,7,882,454,78,35,1,5,1,
112,8,813,323,24,17,1,5,1,
112,9,950,189,9,14,1,5,1,
112,10,816,304,22,8,1,5,1,
112,15,759,281,21,16,1,5,1,
112,17,526,377,36,13,1,5,1,
112,18,901,371,18,14,1,5,1,
112,19,849,143,19,19,1,5,1,
112,22,894,152,23,17,1,5,1,
112,24,793,267,30,11,1,5,1,
112,25,755,313,22,18,1,5,1,
113,1,900,379,45,18,1,5,1,
113,4,924,211,13,9,1,5,1,
113,6,849,127,19,21,1,5,1,
113,8,812,322,24,18,1,5,1,
113,9,948,188,11,16,1,5,1,
113,10,814,304,22,8,1,5,1,
113,15,759,281,20,16,1,5,1,
113,17,529,377,37,14,1,5,1,
113,18,903,370,18,13,1,5,1,
113,19,848,144,19,19,1,5,1,
113,22,892,153,23,16,1,5,1,
113,24,790,267,31,11,1,5,1,
113,25,755,313,22,18,1,5,1,
114,1,897,378,44,17,1,5,1,
114,4,923,211,13,10,1,5,1,
114,6,848,128,19,21,1,5,1,
114,8,811,321,25,18,1,5,1,
114,9,945,188,14,17,1,5,1,
114,10,812,304,22,8,1,5,1,
114,15,758,281,20,16,1,5,1,
114,17,532,378,38,14,1,5,1,
114,18,905,369,17,13,1,5,1,
114,19,847,145,19,19,1,5,1,
114,22,891,155,21,15,1,5,1,
114,24,788,267,31,11,1,5,1,
114,25,755,313,22,17,1,5,1,
115,1,894,377,44,17,1,5,1,
115,4,922,212,13,9,1,5,1,
115,6,847,130,19,20,1,5,1,
115,8,809,321,26,17,1,5,1,
115,9,943,187,16,18,1,5,1,
115,10,810,304,22,7,1,5,1,
115,15,757,281,21,16,1,5,1,
115,17,534,379,40,14,1,5,1,
115,18,906,368,18,13,1,5,1,
115,19,846,146,19,19,1,5,1,
115,22,890,156,20,14,1,5,1,
115,24,787,267,30,11,1,5,1,
115,25,755,312,22,18,1,5,1,
116,1,891,376,43,17,1,5,1,
116,4,921,212,13,10,1,5,1,
116,6,846,131,19,20,1,5,1,
116,8,808,320,26,18,1,5,1,
116,9,941,188,18,18,1,5,1,
116,10,808,303,21,8,1,5,1,
116,15,757,281,20,15,1,5,1,
116,17,537,380,41,14,1,5,1,
116,18,908,367,17,13,1,5,1,
116,19,845,147,19,18,1,5,1,
116,22,889,156,19,15,1,5,1,
116,24,784,267,31,11,1,5,1,
116,25,755,312,21,17,1,5,1,
117,1,887,375,44,17,1,5,1,
117,4,920,213,13,9,1,5,1,
117,6,845,132,19,20,1,5,1,
117,8,807,320,26,17,1,5,1,
117,9,939,188,21,18,1,5,1,
117,10,806,303,21,8,1,5,1,
117,15,756,281,20,15,1,5,1,
117,17,541,381,42,13,1,5,1,
117,18,909,366,17,13,1,5,1,
117,19,844,148,19,18,1,5,1,
117,22,887,157,20,14,1,5,1,
117,24,782,267,31,11,1,5,1,
117,25,755,312,21,17,1,5,1,
118,1,884,374,44,16,1,5,1,
118,4,919,213,13,10,1,5,1,
118,6,844,133,19,20,1,5,1,
118,8,806,319,26,17,1,5,1,
118,9,937,189,22,18,1,5,1,
118,10,804,303,21,7,1,5,1,
118,15,756,281,19,15,1,5,1,
118,17,544,382,44,13,1,5,1,
118,18,910,365,17,13,1,5,1,
118,19,843,149,19,18,1,5,1,
118,22,885,157,21,15,1,5,1,
118,24,780,267,31,11,1,5,1,
118,25,754,311,22,17,1,5,1,
119,1,881,373,43,16,1,5,1,
119,4,918,214,13,9,1,5,1,
119,6,843,134,19,19,1,5,1,
119,8,804,319,27,17,1,5,1,
119,9,934,189,25,19,1,5,1,
119,15,755,281,19,15,1,5,1,
119,17,547,382,45,14,1,5,1,
119,18,911,364,17,13,1,5,1,
119,19,842,150,19,18,1,5,1,
119,22,883,158,22,15,1,5,1,
119,24,778,268,31,10,1,5,1,
119,25,754,311,21,17,1,5,1,
120,1,878,372,43,16,1,5,1,
120,4,918,214,12,9,1,5,1,
120,6,842,135,19,19,1,5,1,
120,8,803,319,26,16,1,5,1,
120,9,932,190,27,18,1,5,1,
120,15,754,281,20,15,1,5,1,
120,17,551,383,46,14,1,5,1,
120,18,912,363,17,13,1,5,1,
120,19,840,151,21,18,1,5,1,
120,22,881,158,23,16,1,5,1,
120,24,776,268,31,10,1,5,1,
120,25,754,311,20,16,1,5,1,
121,1,875,371,43,16,1,5,1,
121,4,917,215,12,8,1,5,1,
121,6,841,136,19,19,1,5,1,
121,8,802,318,26,16,1,5,1,
121,9,929,191,30,18,1,5,1,
121,15,753,280,21,15,1,5,1,
121,17,554,384,48,14,1,5,1,
121,18,913,363,17,12,1,5,1,
121,19,838,152,22,18,1,5,1,
121,22,879,159,23,15,1,5,1,
121,25,753,310,21,17,1,5,1,
122,1,872,370,42,16,1,5,1,
122,4,916,215,12,8,1,5,1,
122,6,838,137,22,19,1,5,1,
122,8,800,318,27,16,1,5,1,
122,9,927,192,32,17,1,5,1,
122,15,752,280,21,15,1,5,1,
122,17,558,385,49,14,1,5,1,
122,18,914,362,17,12,1,5,1,
122,19,837,153,22,18,1,5,1,
122,22,877,160,23,15,1,5,1,
122,25,753,310,20,16,1,5,1,
123,1,869,369,43,16,1,5,1,
123,4,914,216,14,8,1,5,1,
123,6,835,138,25,19,1,5,1,
123,8,799,317,27,16,1,5,1,
123,9,924,192,35,18,1,5,1,
123,15,751,280,21,15,1,5,1,
123,17,562,385,51,14,1,5,1,
123,18,915,361,16,12,1,5,1,
123,19,835,154,22,18,1,5,1,
123,22,875,161,24,15,1,5,1,
123,25,752,309,20,17,1,5,1,
124,1,866,368,42,15,1,5,1,
124,4,913,216,14,8,1,5,1,
124,6,834,139,25,19,1,5,1,
124,8,797,317,27,16,1,5,1,
124,9,921,191,38,19,1,5,1,
124,15,751,280,21,15,1,5,1,
124,17,566,386,52,14,1,5,1,
124,18,915,360,17,12,1,5,1,
124,19,834,155,21,17,1,5,1,
124,22,872,162,25,15,1,5,1,
124,25,751,309,20,16,1,5,1,
125,1,863,367,42,15,1,5,1,
125,4,912,216,14,9,1,5,1,
125,6,832,140,25,19,1,5,1,
125,8,796,316,27,16,1,5,1,
125,9,918,192,41,19,1,5,1,
125,15,750,280,21,14,1,5,1,
125,17,570,387,53,14,1,5,1,
125,18,916,359,17,12,1,5,1,
125,19,832,156,21,17,1,5,1,
125,22,870,163,25,15,1,5,1,
125,25,750,309,20,16,1,5,1,
126,1,861,366,41,15,1,5,1,
126,4,910,217,14,8,1,5,1,
126,6,830,141,24,19,1,5,1,
126,8,794,316,27,15,1,5,1,
126,9,916,193,40,19,1,5,1,
126,15,749,280,21,14,1,5,1,
126,17,575,388,54,14,1,5,1,
126,18,916,358,17,12,1,5,1,
126,19,831,157,20,17,1,5,1,
126,22,868,164,24,14,1,5,1,
126,25,750,308,20,16,1,5,1,
127,1,858,366,40,14,1,5,1,
127,4,909,217,14,9,1,5,1,
127,6,829,143,22,18,1,5,1,
127,8,793,315,27,16,1,5,1,
127,9,913,194,40,18,1,5,1,
127,15,747,280,23,14,1,5,1,
127,17,579,389,55,13,1,5,1,
127,18,917,357,16,13,1,5,1,
127,19,830,158,19,17,1,5,1,
127,22,866,165,24,14,1,5,1,
127,25,748,308,21,15,1,5,1,
128,1,855,365,40,14,1,5,1,
128,4,908,218,14,8,1,5,1,
128,6,827,144,22,18,1,5,1,
128,8,791,315,28,15,1,5,1,
128,9,911,194,39,19,1,5,1,
128,14,949,224,10,19,1,5,1,
128,15,745,280,24,14,1,5,1,
128,17,584,389,56,14,1,5,1,
128,18,917,357,16,12,1,5,1,
128,19,828,159,20,16,1,5,1,
128,22,864,165,24,15,1,5,1,
128,25,747,308,22,15,1,5,1,
129,1,852,364,40,14,1,5,1,
129,4,906,218,14,8,1,5,1,
129,6,826,145,21,18,1,5,1,
129,8,789,315,28,15,1,5,1,
129,9,908,195,39,18,1,5,1,
129,14,947,225,12,18,1,5,1,
129,15,744,280,24,14,1,5,1,
129,17,589,390,56,13,1,5,1,
129,18,917,356,16,12,1,5,1,
129,19,827,160,19,16,1,5,1,
129,22,862,166,24,14,1,5,1,
129,25,746,307,23,15,1,5,1,
130,1,849,363,40,14,1,5,1,
130,4,905,219,14,8,1,5,1,
130,6,824,146,21,17,1,5,1,
130,8,787,314,29,15,1,5,1,
130,9,906,196,39,18,1,5,1,
130,14,945,225,14,18,1,5,1,
130,15,743,280,24,13,1,5,1,
130,17,594,391,57,13,1,5,1,
130,18,917,355,16,12,1,5,1,
130,19,825,161,20,16,1,5,1,
130,22,860,167,24,14,1,5,1,
130,25,745,307,23,15,1,5,1,
131,1,846,362,39,14,1,5,1,
131,4,904,219,13,8,1,5,1,
131,8,785,314,29,14,1,5,1,
131,9,903,196,39,18,1,5,1,
131,14,943,225,16,19,1,5,1,
131,15,741,280,25,13,1,5,1,
131,17,599,391,58,14,1,5,1,
131,18,917,354,16,12,1,5,1,
131,22,857,168,25,14,1,5,1,
131,25,744,307,23,15,1,5,1,
132,1,844,361,38,14,1,5,1,
132,4,902,220,14,8,1,5,1,
132,8,783,313,30,15,1,5,1,
132,9,900,197,40,18,1,5,1,
132,14,942,226,18,18,1,5,1,
132,15,740,280,24,13,1,5,1,
132,17,604,392,58,13,1,5,1,
132,18,917,353,16,12,1,5,1,
132,22,855,169,25,14,1,5,1,
132,25,742,306,24,15,1,5,1,
133,1,841,360,39,14,1,5,1,
133,4,901,220,14,8,1,5,1,
133,8,781,313,30,15,1,5,1,
133,9,897,198,41,17,1,5,1,
133,14,940,226,19,18,1,5,1,
133,15,738,279,25,14,1,5,1,
133,17,608,393,60,13,1,5,1,
133,18,917,353,16,11,1,5,1,
133,22,852,170,26,13,1,5,1,
133,25,741,306,25,15,1,5,1,
134,1,838,360,39,13,1,5,1,
134,4,899,221,15,7,1,5,1,
134,8,779,313,30,14,1,5,1,
134,9,894,198,42,18,1,5,1,
134,14,938,227,21,18,1,5,1,
134,15,737,279,25,14,1,5,1,
134,17,613,393,61,13,1,5,1,
134,18,917,352,15,11,1,5,1,
134,22,850,170,26,14,1,5,1,
134,25,739,306,26,14,1,5,1,
135,1,835,359,39,13,1,5,1,
135,4,898,221,14,8,1,5,1,
135,8,777,312,31,14,1,5,1,
135,9,892,199,41,17,1,5,1,
135,12,952,116,7,10,1,5,1,
135,14,936,227,23,18,1,5,1,
135,15,735,279,25,13,1,5,1,
135,17,619,394,61,13,1,5,1,
135,18,916,351,16,11,1,5,1,
135,25,738,305,26,15,1,5,1,
136,1,833,358,38,13,1,5,1,
136,4,896,221,15,8,1,5,1,
136,8,775,312,31,14,1,5,1,
136,9,889,200,42,17,1,5,1,
136,12,948,115,11,13,1,5,1,
136,14,934,228,25,17,1,5,1,
136,15,733,279,26,13,1,5,1,
136,17,624,394,61,13,1,5,1,
136,18,916,350,15,12,1,5,1,
136,25,736,305,26,14,1,5,1,
137,1,830,357,38,13,1,5,1,
137,4,894,222,15,8,1,5,1,
137,8,772,312,32,13,1,5,1,
137,9,886,200,42,17,1,5,1,
137,12,945,116,15,14,1,5,1,
137,14,932,228,27,17,1,5,1,
137,15,731,279,27,13,1,5,1,
137,17,629,395,62,12,1,5,1,
137,18,916,349,15,12,1,5,1,
137,25,734,305,27,14,1,5,1,
138,1,827,357,38,12,1,5,1,
138,4,893,222,15,8,1,5,1,
138,8,770,311,32,14,1,5,1,
138,9,884,201,41,17,1,5,1,
138,12,941,115,18,16,1,5,1,
138,14,930,229,29,17,1,5,1,
138,15,730,279,26,13,1,5,1,
138,17,635,395,62,13,1,5,1,
138,18,915,349,15,11,1,5,1,
138,25,733,305,26,13,1,5,1,
139,1,825,356,37,13,1,5,1,
139,4,891,223,15,7,1,5,1,
139,8,768,311,32,14,1,5,1,
139,9,881,202,42,16,1,5,1,
139,12,937,116,22,17,1,5,1,
139,14,928,229,30,17,1,5,1,
139,15,728,279,27,13,1,5,1,
139,17,641,395,62,13,1,5,1,
139,18,915,348,14,11,1,5,1,
139,25,731,304,27,14,1,5,1,
140,1,822,355,37,13,1,5,1,
140,4,889,223,15,8,1,5,1,
140,8,766,310,32,14,1,5,1,
140,9,880,203,39,15,1,5,1,
140,12,934,118,25,16,1,5,1,
140,14,926,229,30,17,1,5,1,
140,15,726,279,27,13,1,5,1,
140,17,646,396,63,12,1,5,1,
140,18,914,347,15,11,1,5,1,
140,25,729,304,27,14,1,5,1,
141,1,819,355,37,12,1,5,1,
141,4,888,224,15,7,1,5,1,
141,8,764,310,32,14,1,5,1,
141,9,880,203,35,15,1,5,1,
141,12,931,118,28,17,1,5,1,
141,14,924,230,30,17,1,5,1,
141,15,724,279,28,12,1,5,1,
141,17,652,396,62,12,1,5,1,
141,18,913,347,15,10,1,5,1,
141,25,727,304,28,13,1,5,1,
142,1,816,354,38,12,1,5,1,
142,4,886,224,15,7,1,5,1,
142,8,762,310,32,13,1,5,1,
142,9,880,204,31,14,1,5,1,
142,12,927,118,32,19,1,5,1,
142,14,922,230,30,17,1,5,1,
142,15,723,279,27,12,1,5,1,
142,17,658,396,62,13,1,5,1,
142,18,913,346,15,10,1,5,1,
142,25,725,303,28,14,1,5,1,
143,1,814,353,37,12,1,5,1,
143,4,884,224,15,8,1,5,1,
143,8,759,309,33,14,1,5,1,
143,9,880,205,28,14,1,5,1,
143,12,924,119,33,19,1,5,1,
143,13,953,323,6,7,1,5,1,
143,14,920,231,30,16,1,5,1,
143,15,720,279,28,12,1,5,1,
143,17,664,396,61,13,1,5,1,
143,18,913,345,14,11,1,5,1,
143,21,465,381,14,13,1,5,1,
143,25,721,303,31,13,1,5,1,
144,1,811,353,36,11,1,5,1,
144,4,883,225,14,7,1,5,1,
144,8,757,309,33,13,1,5,1,
144,9,880,205,26,15,1,5,1,
144,12,921,121,32,18,1,5,1,
144,13,948,323,11,8,1,5,1,
144,14,916,231,32,16,1,5,1,
144,15,718,279,29,12,1,5,1,
144,17,671,396,60,13,1,5,1,
144,18,913,345,14,10,1,5,1,
144,21,465,382,16,13,1,5,1,
144,25,719,303,32,13,1,5,1,
145,1,808,352,37,11,1,5,1,
145,4,881,225,14,7,1,5,1,
145,8,755,309,33,13,1,5,1,
145,9,879,206,26,15,1,5,1,
145,12,918,123,31,17,1,5,1,
145,13,944,322,15,8,1,5,1,
145,14,913,232,33,16,1,5,1,
145,15,716,279,29,12,1,5,1,
145,17,677,396,59,13,1,5,1,
145,18,912,344,14,10,1,5,1,
145,21,465,383,18,13,1,5,1,
145,25,717,302,32,14,1,5,1,
146,1,805,351,37,12,1,5,1,
146,4,879,225,14,7,1,5,1,
146,8,752,308,33,13,1,5,1,
146,9,878,206,27,15,1,5,1,
146,12,914,124,31,18,1,5,1,
146,13,940,322,19,9,1,5,1,
146,14,910,232,34,16,1,5,1,
146,15,714,279,30,12,1,5,1,
146,17,683,396,59,13,1,5,1,
146,18,912,343,13,10,1,5,1,
146,21,465,383,20,14,1,5,1,
146,25,715,302,32,13,1,5,1,
147,1,803,351,36,11,1,5,1,
147,4,877,226,15,7,1,5,1,
147,8,750,308,33,13,1,5,1,
147,9,876,207,28,15,1,5,1,
147,12,911,125,31,18,1,5,1,
147,13,936,321,23,9,1,5,1,
147,14,908,233,33,15,1,5,1,
147,15,712,279,30,11,1,5,1,
147,17,689,396,58,13,1,5,1,
147,18,911,343,14,10,1,5,1,
147,21,466,384,21,14,1,5,1,
147,25,712,302,33,13,1,5,1,
148,1,800,350,36,11,1,5,1,
148,4,876,226,14,7,1,5,1,
148,8,748,308,33,12,1,5,1,
148,9,874,208,30,14,1,5,1,
148,12,908,127,30,17,1,5,1,
148,13,932,321,27,8,1,5,1,
148,14,905,233,33,16,1,5,1,
148,15,710,279,30,11,1,5,1,
148,17,695,396,57,13,1,5,1,
148,18,911,342,14,10,1,5,1,
148,21,467,385,22,14,1,5,1,
148,25,710,302,33,12,1,5,1,
149,4,874,226,14,7,1,5,1,
149,8,745,307,34,13,1,5,1,
149,9,872,209,31,13,1,5,1,
149,12,904,128,31,17,1,5,1,
149,13,928,320,32,9,1,5,1,
149,14,903,234,32,15,1,5,1,
149,15,708,278,29,12,1,5,1,
149,17,701,396,56,13,1,5,1,
149,18,912,342,13,9,1,5,1,
149,21,468,386,24,14,1,5,1,
149,25,708,301,33,13,1,5,1,
150,4,872,227,15,7,1,5,1,
150,8,742,307,35,13,1,5,1,
150,9,870,209,31,14,1,5,1,
150,12,901,130,31,17,1,5,1,
150,13,924,320,33,8,1,5,1,
150,14,900,234,33,15,1,5,1,
150,15,706,278,30,12,1,5,1,
150,17,706,396,57,13,1,5,1,
150,18,912,341,13,10,1,5,1,
150,21,469,387,25,14,1,5,1,
150,25,706,301,33,13,1,5,1,
