1,1,27,316,141,28,1,5,1,
1,2,720,0,35,19,1,5,1,
1,3,219,392,151,48,1,5,1,
1,4,0,393,95,33,1,5,1,
1,5,242,476,17,38,1,5,1,
1,6,918,369,36,12,1,5,1,
1,7,330,255,73,17,1,5,1,
1,8,38,398,132,35,1,5,1,
1,9,25,33,28,24,1,5,1,
2,1,37,316,138,28,1,5,1,
2,2,720,0,35,25,1,5,1,
2,3,202,395,163,45,1,5,1,
2,4,0,391,107,33,1,5,1,
2,5,241,478,17,42,1,5,1,
2,6,913,368,38,12,1,5,1,
2,7,335,255,74,17,1,5,1,
2,8,25,398,139,38,1,5,1,
2,9,22,35,32,21,1,5,1,
3,1,45,316,136,28,1,5,1,
3,2,721,0,36,30,1,5,1,
3,3,187,398,174,42,1,5,1,
3,4,0,389,120,33,1,5,1,
3,5,240,480,18,45,1,5,1,
3,6,909,367,40,12,1,5,1,
3,7,339,255,76,17,1,5,1,
3,8,11,399,148,40,1,5,1,
3,9,16,37,39,19,1,5,1,
4,1,57,316,129,29,1,5,1,
4,2,721,0,35,35,1,5,1,
4,3,173,400,180,40,1,5,1,
4,4,0,386,132,35,1,5,1,
4,5,240,483,18,47,1,5,1,
4,6,904,366,41,12,1,5,1,
4,7,346,255,74,17,1,5,1,
4,8,0,400,150,42,1,5,1,
4,9,9,39,47,17,1,5,1,
5,1,67,316,123,29,1,5,1,
5,2,723,0,33,40,1,5,1,
5,3,162,400,182,39,1,5,1,
5,4,0,385,144,36,1,5,1,
5,5,241,485,18,50,1,5,1,
5,6,900,365,42,13,1,5,1,
5,7,352,255,73,17,1,5,1,
5,8,-2,401,144,45,1,5,1,
5,9,2,39,54,16,1,5,1,
6,1,80,316,111,30,1,5,1,
6,2,724,0,33,44,1,5,1,
6,3,153,399,180,39,1,5,1,
6,4,3,383,152,36,1,5,1,
6,5,242,489,18,50,1,5,1,
6,6,896,364,42,13,1,5,1,
6,7,360,254,69,17,1,5,1,
6,8,-15,402,147,46,1,5,1,
6,9,0,37,56,18,1,5,1,
7,1,91,317,101,30,1,5,1,
7,2,725,0,32,47,1,5,1,
7,3,146,397,175,40,1,5,1,
7,4,13,382,152,34,1,5,1,
7,5,242,492,19,51,1,5,1,
7,6,891,363,43,13,1,5,1,
7,7,366,255,69,16,1,5,1,
7,8,-27,403,150,46,1,5,1,
7,9,-7,35,63,20,1,5,1,
8,1,104,317,87,31,1,5,1,
8,2,726,0,32,51,1,5,1,
8,3,142,394,163,42,1,5,1,
8,4,25,380,150,33,1,5,1,
8,5,243,497,20,46,1,5,1,
8,6,887,362,43,13,1,5,1,
8,7,374,255,67,16,1,5,1,
8,8,-39,404,149,45,1,5,1,
8,9,-15,34,69,20,1,5,1,
9,1,115,318,74,32,1,5,1,
9,2,727,0,31,55,1,5,1,
9,3,140,390,150,44,1,5,1,
9,4,37,379,147,31,1,5,1,
9,5,242,501,23,43,1,5,1,
9,6,883,361,43,13,1,5,1,
9,7,380,255,67,16,1,5,1,
9,8,-50,405,148,50,1,5,1,
9,9,-24,33,76,20,1,5,1,
10,1,126,320,61,32,1,5,1,
10,2,728,0,31,58,1,5,1,
10,3,140,386,131,45,1,5,1,
10,4,52,378,140,29,1,5,1,
10,5,242,507,24,37,1,5,1,
10,6,879,360,42,12,1,5,1,
10,7,387,255,66,16,1,5,1,
10,8,-60,407,143,54,1,5,1,
10,9,-33,30,82,23,1,5,1,
11,1,133,321,51,33,1,5,1,
11,2,728,0,31,62,1,5,1,
11,3,143,382,112,48,1,5,1,
11,4,64,378,136,26,1,5,1,
11,5,241,512,29,32,1,5,1,
11,6,875,359,42,12,1,5,1,
11,7,393,255,66,16,1,5,1,
11,8,-70,409,140,58,1,5,1,
11,9,-41,26,87,27,1,5,1,
12,1,139,322,57,34,1,5,1,
12,2,729,0,29,65,1,5,1,
12,3,141,378,95,52,1,5,1,
12,4,78,378,128,24,1,5,1,
12,5,241,518,36,26,1,5,1,
12,6,871,358,41,12,1,5,1,
12,7,400,255,63,16,1,5,1,
12,8,-77,412,131,62,1,5,1,
12,9,-50,23,91,30,1,5,1,
13,1,140,323,65,34,1,5,1,
13,2,729,2,29,66,1,5,1,
13,3,140,374,81,55,1,5,1,
13,4,90,378,122,24,1,5,1,
13,5,241,524,45,20,1,5,1,
13,6,866,357,42,12,1,5,1,
13,7,406,255,62,16,1,5,1,
13,8,-82,414,123,66,1,5,1,
13,9,-59,19,95,33,1,5,1,
14,1,138,324,73,34,1,5,1,
14,2,729,7,28,65,1,5,1,
14,3,141,370,63,57,1,5,1,
14,4,103,378,113,24,1,5,1,
14,5,241,530,54,14,1,5,1,
14,6,862,356,41,12,1,5,1,
14,7,413,256,61,15,1,5,1,
14,9,-67,15,97,36,1,5,1,
15,1,137,325,79,34,1,5,1,
15,2,728,11,29,64,1,5,1,
15,3,144,366,47,59,1,5,1,
15,4,114,378,106,25,1,5,1,
15,6,858,355,42,12,1,5,1,
15,7,418,256,62,15,1,5,1,
16,1,138,326,87,35,1,5,1,
16,2,728,14,28,64,1,5,1,
16,3,149,362,39,60,1,5,1,
16,4,123,379,99,25,1,5,1,
16,6,854,355,42,11,1,5,1,
16,7,423,256,64,15,1,5,1,
17,1,139,327,90,35,1,5,1,
17,2,728,17,27,64,1,5,1,
17,3,155,359,38,61,1,5,1,
17,4,131,379,101,26,1,5,1,
17,6,850,354,43,12,1,5,1,
17,7,426,256,67,15,1,5,1,
18,1,141,328,93,35,1,5,1,
18,2,727,21,27,63,1,5,1,
18,3,156,355,48,62,1,5,1,
18,4,139,380,101,25,1,5,1,
18,6,846,353,44,12,1,5,1,
18,7,431,256,68,15,1,5,1,
19,1,145,329,94,35,1,5,1,
19,2,726,25,27,62,1,5,1,
19,3,153,352,62,61,1,5,1,
19,4,146,380,103,25,1,5,1,
19,6,843,352,43,12,1,5,1,
19,7,436,256,69,15,1,5,1,
20,1,148,329,98,35,1,5,1,
20,2,725,29,26,60,1,5,1,
20,3,149,348,77,62,1,5,1,
20,4,152,379,106,26,1,5,1,
20,6,839,351,43,12,1,5,1,
20,7,441,257,69,14,1,5,1,
21,1,152,329,108,35,1,5,1,
21,2,724,33,26,59,1,5,1,
21,3,145,345,92,60,1,5,1,
21,4,157,379,111,25,1,5,1,
21,6,835,351,43,11,1,5,1,
21,7,446,257,70,14,1,5,1,
22,1,156,329,118,35,1,5,1,
22,2,723,37,25,58,1,5,1,
22,3,143,343,106,58,1,5,1,
22,4,163,379,115,25,1,5,1,
22,6,831,350,43,11,1,5,1,
22,7,452,257,67,14,1,5,1,
23,1,158,328,131,35,1,5,1,
23,2,722,40,25,57,1,5,1,
23,3,143,340,117,56,1,5,1,
23,4,169,379,119,24,1,5,1,
23,5,355,535,33,8,1,5,1,
23,6,827,349,43,12,1,5,1,
23,7,457,257,64,14,1,5,1,
23,8,0,477,44,32,1,5,1,
24,1,161,327,142,35,1,5,1,
24,2,721,45,26,55,1,5,1,
24,3,146,338,126,52,1,5,1,
24,4,178,379,119,24,1,5,1,
24,5,357,534,39,9,1,5,1,
24,6,823,348,42,11,1,5,1,
24,7,465,257,57,14,1,5,1,
24,8,0,476,56,34,1,5,1,
25,1,165,325,151,36,1,5,1,
25,2,719,50,27,52,1,5,1,
25,3,152,337,131,47,1,5,1,
25,4,187,379,118,25,1,5,1,
25,5,360,532,44,11,1,5,1,
25,6,819,348,41,10,1,5,1,
25,7,474,257,49,14,1,5,1,
25,8,0,475,58,41,1,5,1,
26,1,170,325,159,35,1,5,1,
26,2,718,54,27,51,1,5,1,
26,3,160,335,135,43,1,5,1,
26,4,197,380,117,25,1,5,1,
26,5,363,531,49,12,1,5,1,
26,6,816,347,39,10,1,5,1,
26,7,482,257,41,14,1,5,1,
26,8,0,476,66,45,1,5,1,
27,1,178,324,162,35,1,5,1,
27,2,716,58,28,49,1,5,1,
27,3,169,334,136,38,1,5,1,
27,4,207,380,115,25,1,5,1,
27,5,364,529,56,14,1,5,1,
27,6,812,346,39,10,1,5,1,
27,7,489,257,33,14,1,5,1,
27,8,0,477,76,46,1,5,1,
28,1,186,325,165,34,1,5,1,
28,2,715,61,28,48,1,5,1,
28,3,178,334,138,33,1,5,1,
28,4,216,380,114,26,1,5,1,
28,5,364,528,64,15,1,5,1,
28,6,808,346,39,9,1,5,1,
28,7,496,257,26,14,1,5,1,
28,8,0,479,85,46,1,5,1,
29,1,197,325,164,34,1,5,1,
29,2,713,64,29,48,1,5,1,
29,3,188,333,138,29,1,5,1,
29,4,226,381,113,26,1,5,1,
29,5,365,527,71,16,1,5,1,
29,6,805,345,38,10,1,5,1,
29,7,501,257,21,14,1,5,1,
29,8,0,481,95,46,1,5,1,
30,1,208,325,164,35,1,5,1,
30,2,711,68,30,46,1,5,1,
30,3,199,332,138,26,1,5,1,
30,4,234,381,113,26,1,5,1,
30,5,367,526,76,17,1,5,1,
30,6,801,344,38,10,1,5,1,
30,7,506,257,15,14,1,5,1,
30,8,0,482,104,48,1,5,1,
31,1,220,325,163,35,1,5,1,
31,2,710,71,29,45,1,5,1,
31,3,210,332,136,25,1,5,1,
31,4,243,382,113,26,1,5,1,
31,5,366,525,85,18,1,5,1,
31,6,797,344,38,9,1,5,1,
31,7,506,257,14,14,1,5,1,
31,8,0,484,114,48,1,5,1,
32,1,231,326,162,35,1,5,1,
32,2,708,74,30,44,1,5,1,
32,3,222,331,134,25,1,5,1,
32,4,252,382,112,27,1,5,1,
32,5,374,524,85,19,1,5,1,
32,6,794,343,37,9,1,5,1,
32,7,504,257,15,14,1,5,1,
32,8,0,486,124,49,1,5,1,
33,1,242,326,162,35,1,5,1,
33,2,706,77,30,43,1,5,1,
33,3,234,331,131,25,1,5,1,
33,4,260,383,113,26,1,5,1,
33,5,382,523,84,19,1,5,1,
33,6,790,343,37,9,1,5,1,
33,7,501,258,18,13,1,5,1,
33,8,0,482,133,56,1,5,1,
34,1,253,326,162,36,1,5,1,
34,2,704,80,31,42,1,5,1,
34,3,245,331,128,25,1,5,1,
34,4,268,383,114,27,1,5,1,
34,5,390,522,84,19,1,5,1,
34,6,787,342,36,9,1,5,1,
34,7,496,258,24,13,1,5,1,
34,8,7,484,136,58,1,5,1,
35,1,264,327,160,37,1,5,1,
35,2,702,83,31,41,1,5,1,
35,3,257,332,124,24,1,5,1,
35,4,277,384,113,27,1,5,1,
35,5,398,521,84,20,1,5,1,
35,6,783,341,36,9,1,5,1,
35,7,492,258,29,13,1,5,1,
35,8,17,485,135,58,1,5,1,
36,1,276,327,157,38,1,5,1,
36,2,699,85,32,41,1,5,1,
36,3,269,332,121,24,1,5,1,
36,4,285,384,114,27,1,5,1,
36,5,406,521,83,19,1,5,1,
36,6,779,341,37,8,1,5,1,
36,7,488,258,32,13,1,5,1,
36,8,26,487,136,56,1,5,1,
37,1,289,328,151,40,1,5,1,
37,2,696,88,33,40,1,5,1,
37,3,280,332,118,25,1,5,1,
37,4,294,385,114,27,1,5,1,
37,5,414,521,83,19,1,5,1,
37,6,776,340,36,9,1,5,1,
37,7,483,259,36,12,1,5,1,
37,8,36,489,135,54,1,5,1,
38,1,302,329,149,40,1,5,1,
38,2,694,91,33,39,1,5,1,
38,3,291,332,116,25,1,5,1,
38,4,302,386,115,27,1,5,1,
38,5,422,520,83,19,1,5,1,
38,6,772,340,36,8,1,5,1,
38,7,478,259,40,13,1,5,1,
38,8,45,491,133,52,1,5,1,
39,1,315,330,147,40,1,5,1,
39,2,691,93,34,38,1,5,1,
39,3,301,333,115,24,1,5,1,
39,4,311,386,115,27,1,5,1,
39,5,430,520,82,18,1,5,1,
39,6,769,339,35,8,1,5,1,
39,7,473,259,43,13,1,5,1,
39,8,55,493,133,51,1,5,1,
40,1,325,331,149,40,1,5,1,
40,2,688,96,36,37,1,5,1,
40,3,309,333,117,25,1,5,1,
40,4,318,387,117,27,1,5,1,
40,5,437,519,83,19,1,5,1,
40,6,765,339,36,8,1,5,1,
40,7,468,259,46,13,1,5,1,
40,8,63,496,135,48,1,5,1,
41,1,335,331,151,42,1,5,1,
41,2,685,98,36,37,1,5,1,
41,3,319,333,116,25,1,5,1,
41,4,327,387,118,28,1,5,1,
41,5,446,518,81,19,1,5,1,
41,6,762,338,35,8,1,5,1,
41,7,462,259,49,13,1,5,1,
41,8,72,499,135,45,1,5,1,
42,1,343,332,156,42,1,5,1,
42,2,682,101,37,35,1,5,1,
42,3,327,333,117,25,1,5,1,
42,4,335,388,119,27,1,5,1,
42,5,454,517,80,19,1,5,1,
42,6,759,338,34,8,1,5,1,
42,7,456,260,52,12,1,5,1,
42,8,80,502,137,42,1,5,1,
43,1,350,333,161,42,1,5,1,
43,2,680,103,37,35,1,5,1,
43,3,335,334,118,25,1,5,1,
43,4,343,388,121,28,1,5,1,
43,5,462,517,80,18,1,5,1,
43,6,755,337,35,8,1,5,1,
43,7,451,260,54,12,1,5,1,
43,8,89,505,142,39,1,5,1,
44,1,357,334,167,41,1,5,1,
44,2,677,105,38,34,1,5,1,
44,3,343,334,120,25,1,5,1,
44,4,350,389,123,27,1,5,1,
44,5,469,516,80,18,1,5,1,
44,6,752,337,34,7,1,5,1,
44,7,446,260,56,12,1,5,1,
44,8,97,508,148,36,1,5,1,
45,1,365,334,172,42,1,5,1,
45,2,674,107,38,34,1,5,1,
45,3,351,334,121,25,1,5,1,
45,4,358,389,125,28,1,5,1,
45,5,477,515,78,18,1,5,1,
45,6,748,336,35,8,1,5,1,
45,7,440,260,58,12,1,5,1,
45,8,106,511,154,33,1,5,1,
46,1,373,335,176,41,1,5,1,
46,2,670,110,40,32,1,5,1,
46,3,360,334,122,25,1,5,1,
46,4,367,389,126,28,1,5,1,
46,5,485,513,77,18,1,5,1,
46,6,745,336,34,7,1,5,1,
46,7,435,260,59,12,1,5,1,
46,8,115,514,160,30,1,5,1,
47,1,382,334,179,41,1,5,1,
47,2,667,112,40,32,1,5,1,
47,3,370,334,121,25,1,5,1,
47,4,377,390,126,27,1,5,1,
47,5,495,512,73,18,1,5,1,
47,7,430,260,59,12,1,5,1,
47,8,126,518,165,26,1,5,1,
48,1,388,334,184,40,1,5,1,
48,2,664,114,41,31,1,5,1,
48,3,377,334,124,26,1,5,1,
48,4,384,390,128,27,1,5,1,
48,5,502,511,72,18,1,5,1,
48,7,425,260,59,12,1,5,1,
49,1,394,334,187,41,1,5,1,
49,2,661,115,42,32,1,5,1,
49,3,383,335,127,25,1,5,1,
49,4,390,390,132,27,1,5,1,
49,5,507,509,73,20,1,5,1,
49,7,421,260,60,12,1,5,1,
50,1,401,334,192,41,1,5,1,
50,2,658,117,43,31,1,5,1,
50,3,390,335,130,25,1,5,1,
50,4,397,390,135,27,1,5,1,
50,5,513,508,73,20,1,5,1,
50,7,417,260,60,12,1,5,1,
51,1,410,333,194,41,1,5,1,
51,2,655,119,43,30,1,5,1,
51,3,398,335,132,25,1,5,1,
51,4,405,390,137,28,1,5,1,
51,5,520,507,72,20,1,5,1,
51,7,413,259,59,13,1,5,1,
52,1,419,333,196,41,1,5,1,
52,2,652,120,44,31,1,5,1,
52,3,406,335,133,25,1,5,1,
52,4,413,391,139,27,1,5,1,
52,5,526,505,72,21,1,5,1,
52,7,410,259,57,13,1,5,1,
53,1,430,333,196,41,1,5,1,
53,2,649,122,44,30,1,5,1,
53,3,414,335,135,25,1,5,1,
53,4,421,391,140,27,1,5,1,
53,5,533,504,70,21,1,5,1,
53,7,407,259,56,12,1,5,1,
54,1,442,332,194,41,1,5,1,
54,2,646,124,44,29,1,5,1,
54,3,424,335,134,25,1,5,1,
54,4,430,391,141,27,1,5,1,
54,5,540,502,69,22,1,5,1,
54,7,405,259,52,12,1,5,1,
55,1,454,332,193,40,1,5,1,
55,2,643,126,44,28,1,5,1,
55,3,433,335,134,25,1,5,1,
55,4,439,391,142,27,1,5,1,
55,5,546,501,68,21,1,5,1,
55,7,403,259,49,12,1,5,1,
56,1,466,332,191,40,1,5,1,
56,2,640,127,45,28,1,5,1,
56,3,441,334,136,26,1,5,1,
56,4,448,391,142,27,1,5,1,
56,5,553,499,66,22,1,5,1,
56,7,403,258,44,13,1,5,1,
57,1,480,331,187,40,1,5,1,
57,2,636,129,46,28,1,5,1,
57,3,451,334,135,26,1,5,1,
57,4,458,390,142,28,1,5,1,
57,5,560,497,64,22,1,5,1,
57,7,401,258,40,13,1,5,1,
58,1,492,331,185,39,1,5,1,
58,2,633,131,46,27,1,5,1,
58,3,461,334,134,26,1,5,1,
58,4,468,390,141,28,1,5,1,
58,5,566,496,63,22,1,5,1,
58,7,399,258,37,13,1,5,1,
59,1,504,330,183,40,1,5,1,
59,2,630,132,46,27,1,5,1,
59,3,470,334,134,26,1,5,1,
59,4,477,390,142,28,1,5,1,
59,5,572,494,61,22,1,5,1,
59,7,397,258,35,13,1,5,1,
60,1,521,330,175,39,1,5,1,
60,2,627,135,45,25,1,5,1,
60,3,482,334,131,26,1,5,1,
60,4,490,390,138,28,1,5,1,
60,5,580,492,58,22,1,5,1,
60,7,395,258,32,13,1,5,1,
61,1,532,330,173,38,1,5,1,
61,2,623,136,46,25,1,5,1,
61,3,491,334,130,26,1,5,1,
61,4,499,390,138,28,1,5,1,
61,5,585,491,57,22,1,5,1,
61,7,394,257,30,14,1,5,1,
62,1,543,329,171,39,1,5,1,
62,2,620,137,46,25,1,5,1,
62,3,500,334,129,26,1,5,1,
62,4,508,390,137,27,1,5,1,
62,5,591,489,54,22,1,5,1,
62,7,393,257,27,14,1,5,1,
63,1,556,329,167,38,1,5,1,
63,2,617,139,46,24,1,5,1,
63,3,510,334,125,25,1,5,1,
63,4,518,389,136,28,1,5,1,
63,5,597,487,52,23,1,5,1,
63,7,391,257,26,13,1,5,1,
64,1,566,329,165,38,1,5,1,
64,2,614,140,46,24,1,5,1,
64,3,519,334,122,25,1,5,1,
64,4,527,389,135,28,1,5,1,
64,5,602,485,49,23,1,5,1,
64,7,391,257,24,13,1,5,1,
65,1,577,329,161,37,1,5,1,
65,2,610,141,48,24,1,5,1,
65,3,528,334,119,25,1,5,1,
65,4,536,388,134,28,1,5,1,
65,5,607,483,48,24,1,5,1,
65,7,391,257,21,13,1,5,1,
66,1,590,328,156,37,1,5,1,
66,2,607,143,47,22,1,5,1,
66,3,540,334,113,24,1,5,1,
66,4,547,388,131,28,1,5,1,
66,5,613,481,44,24,1,5,1,
66,7,391,256,18,14,1,5,1,
67,1,600,328,154,37,1,5,1,
67,2,604,144,47,22,1,5,1,
67,3,549,333,110,25,1,5,1,
67,4,556,387,130,28,1,5,1,
67,5,618,480,42,23,1,5,1,
67,7,393,256,16,14,1,5,1,
68,1,611,327,150,37,1,5,1,
68,2,600,145,48,22,1,5,1,
68,3,559,333,106,24,1,5,1,
68,4,565,387,129,28,1,5,1,
68,5,623,478,40,24,1,5,1,
68,7,395,256,16,14,1,5,1,
69,1,624,327,144,36,1,5,1,
69,2,597,147,48,21,1,5,1,
69,3,570,332,100,24,1,5,1,
69,4,576,386,126,28,1,5,1,
69,5,628,476,37,23,1,5,1,
69,7,395,256,22,14,1,5,1,
70,1,634,326,141,36,1,5,1,
70,2,593,148,49,21,1,5,1,
70,3,578,332,98,24,1,5,1,
70,4,584,386,125,27,1,5,1,
70,5,632,474,36,24,1,5,1,
70,7,395,256,29,14,1,5,1,
71,1,645,326,137,36,1,5,1,
71,2,590,149,49,21,1,5,1,
71,3,587,331,94,24,1,5,1,
71,4,594,385,122,28,1,5,1,
71,5,636,472,34,24,1,5,1,
71,7,394,256,37,14,1,5,1,
72,1,655,325,134,36,1,5,1,
72,2,586,151,50,20,1,5,1,
72,3,596,330,90,24,1,5,1,
72,4,603,385,120,27,1,5,1,
72,5,640,470,32,24,1,5,1,
72,7,394,255,44,15,1,5,1,
73,1,664,325,131,35,1,5,1,
73,2,583,152,50,19,1,5,1,
73,3,603,330,87,23,1,5,1,
73,4,612,384,118,27,1,5,1,
73,5,644,468,30,24,1,5,1,
73,7,393,255,52,15,1,5,1,
74,1,679,324,122,35,1,5,1,
74,2,579,153,49,19,1,5,1,
74,3,616,329,79,23,1,5,1,
74,4,626,383,111,27,1,5,1,
74,5,649,466,27,23,1,5,1,
74,7,394,255,57,15,1,5,1,
75,1,693,324,114,34,1,5,1,
75,2,576,155,47,18,1,5,1,
75,3,626,328,73,23,1,5,1,
75,4,638,383,106,26,1,5,1,
75,5,654,464,24,22,1,5,1,
75,7,398,255,59,15,1,5,1,
76,1,704,323,109,34,1,5,1,
76,2,572,156,47,18,1,5,1,
76,3,634,328,69,22,1,5,1,
76,4,649,382,101,26,1,5,1,
76,5,657,462,23,21,1,5,1,
76,7,402,255,61,15,1,5,1,
77,1,711,323,108,33,1,5,1,
77,2,569,157,48,17,1,5,1,
77,3,640,327,67,23,1,5,1,
77,4,656,381,100,27,1,5,1,
77,5,660,460,21,22,1,5,1,
77,7,405,255,65,15,1,5,1,
78,1,718,322,106,34,1,5,1,
78,2,565,158,49,17,1,5,1,
78,3,645,327,66,22,1,5,1,
78,4,662,381,100,26,1,5,1,
78,5,662,459,21,21,1,5,1,
78,7,409,255,68,15,1,5,1,
79,1,728,322,102,33,1,5,1,
79,2,561,159,49,17,1,5,1,
79,3,652,326,62,22,1,5,1,
79,4,671,380,100,26,1,5,1,
79,5,665,457,20,21,1,5,1,
79,7,415,255,68,15,1,5,1,
80,1,736,321,100,33,1,5,1,
80,2,557,160,50,16,1,5,1,
80,3,659,326,58,21,1,5,1,
80,4,679,379,99,26,1,5,1,
80,5,667,455,19,21,1,5,1,
80,7,420,254,70,16,1,5,1,
81,1,742,321,99,32,1,5,1,
81,2,554,161,50,16,1,5,1,
81,3,664,325,57,22,1,5,1,
81,4,685,379,99,25,1,5,1,
81,5,669,453,19,21,1,5,1,
81,7,425,254,72,16,1,5,1,
82,1,748,320,98,33,1,5,1,
82,2,550,161,52,16,1,5,1,
82,3,668,325,56,21,1,5,1,
82,4,691,378,100,26,1,5,1,
82,5,671,452,18,20,1,5,1,
82,7,429,254,75,16,1,5,1,
83,1,754,320,97,32,1,5,1,
83,2,546,162,53,16,1,5,1,
83,3,673,324,53,21,1,5,1,
83,4,697,378,100,25,1,5,1,
83,5,672,450,18,21,1,5,1,
83,7,434,254,78,16,1,5,1,
84,1,760,320,95,31,1,5,1,
84,2,542,163,54,15,1,5,1,
84,3,677,323,52,22,1,5,1,
84,4,703,377,100,26,1,5,1,
84,5,674,448,17,21,1,5,1,
84,7,439,254,80,16,1,5,1,
85,1,766,319,94,32,1,5,1,
85,2,538,164,56,15,1,5,1,
85,3,681,323,51,21,1,5,1,
85,4,709,376,100,26,1,5,1,
85,5,676,446,16,21,1,5,1,
85,7,444,254,83,17,1,5,1,
86,1,773,319,97,31,1,5,1,
86,2,534,165,56,14,1,5,1,
86,3,686,322,49,21,1,5,1,
86,4,716,376,99,25,1,5,1,
86,5,678,445,14,20,1,5,1,
86,7,450,254,84,17,1,5,1,
87,1,778,319,97,30,1,5,1,
87,2,530,165,57,15,1,5,1,
87,3,689,322,48,20,1,5,1,
87,4,723,375,97,26,1,5,1,
87,5,679,443,13,21,1,5,1,
87,7,456,254,86,17,1,5,1,
88,1,783,318,97,31,1,5,1,
88,2,527,166,57,14,1,5,1,
88,3,694,321,45,21,1,5,1,
88,4,731,374,94,26,1,5,1,
88,5,681,441,12,21,1,5,1,
88,7,462,254,88,17,1,5,1,
89,1,790,318,95,30,1,5,1,
89,2,523,167,58,13,1,5,1,
89,3,698,321,43,20,1,5,1,
89,4,739,374,91,25,1,5,1,
89,5,681,439,12,21,1,5,1,
89,7,469,253,89,17,1,5,1,
90,1,796,318,93,29,1,5,1,
90,2,519,168,59,12,1,5,1,
90,3,702,320,41,20,1,5,1,
90,4,747,373,87,25,1,5,1,
90,5,681,438,12,20,1,5,1,
90,7,476,253,90,17,1,5,1,
91,1,802,317,92,30,1,5,1,
91,2,516,168,58,12,1,5,1,
91,3,706,320,39,20,1,5,1,
91,4,755,372,84,25,1,5,1,
91,5,681,436,12,21,1,5,1,
91,7,482,253,92,17,1,5,1,
92,1,809,317,89,29,1,5,1,
92,2,513,169,58,11,1,5,1,
92,3,710,319,37,20,1,5,1,
92,4,763,371,80,25,1,5,1,
92,5,681,434,12,21,1,5,1,
92,7,489,253,93,17,1,5,1,
93,1,815,317,87,29,1,5,1,
93,2,510,169,57,11,1,5,1,
93,3,714,319,34,19,1,5,1,
93,4,770,371,77,24,1,5,1,
93,5,681,433,12,20,1,5,1,
93,7,496,253,95,17,1,5,1,
94,1,821,316,85,29,1,5,1,
94,2,508,169,56,11,1,5,1,
94,3,717,318,33,19,1,5,1,
94,4,776,370,75,24,1,5,1,
94,5,681,431,11,20,1,5,1,
94,7,503,253,97,17,1,5,1,
95,1,828,316,82,28,1,5,1,
95,2,506,169,54,10,1,5,1,
95,3,720,318,32,19,1,5,1,
95,4,783,369,73,24,1,5,1,
95,5,680,430,12,20,1,5,1,
95,7,510,253,98,17,1,5,1,
96,1,835,315,78,29,1,5,1,
96,2,504,168,52,11,1,5,1,
96,3,724,317,29,19,1,5,1,
96,4,789,368,69,24,1,5,1,
96,5,680,428,12,20,1,5,1,
96,7,518,253,99,17,1,5,1,
97,1,840,315,77,28,1,5,1,
97,2,503,168,50,10,1,5,1,
97,3,726,317,29,18,1,5,1,
97,4,795,367,66,24,1,5,1,
97,5,679,427,12,19,1,5,1,
97,7,525,252,101,18,1,5,1,
98,1,846,315,74,28,1,5,1,
98,2,503,167,46,11,1,5,1,
98,3,729,316,27,19,1,5,1,
98,4,801,367,64,23,1,5,1,
98,5,679,425,12,19,1,5,1,
98,7,533,252,102,18,1,5,1,
99,1,852,314,71,28,1,5,1,
99,2,503,166,42,11,1,5,1,
99,3,732,316,26,18,1,5,1,
99,4,806,366,62,23,1,5,1,
99,5,679,424,11,18,1,5,1,
99,7,540,252,104,19,1,5,1,
100,1,857,314,69,27,1,5,1,
100,2,503,165,38,11,1,5,1,
100,3,734,315,26,18,1,5,1,
100,4,812,365,59,24,1,5,1,
100,5,678,422,12,19,1,5,1,
100,7,547,252,107,19,1,5,1,
101,1,863,314,68,27,1,5,1,
101,2,503,164,34,12,1,5,1,
101,3,735,315,27,18,1,5,1,
101,4,817,364,58,24,1,5,1,
101,5,678,421,12,18,1,5,1,
101,7,556,252,107,18,1,5,1,
102,1,868,314,66,27,1,5,1,
102,2,502,163,31,12,1,5,1,
102,3,737,315,27,17,1,5,1,
102,4,823,364,55,22,1,5,1,
102,5,676,420,13,17,1,5,1,
102,7,566,252,107,18,1,5,1,
103,1,873,314,64,26,1,5,1,
103,2,502,162,28,13,1,5,1,
103,3,739,314,26,17,1,5,1,
103,4,827,363,54,23,1,5,1,
103,5,673,418,16,17,1,5,1,
103,7,574,252,108,18,1,5,1,
104,1,878,313,60,26,1,5,1,
104,2,503,161,23,14,1,5,1,
104,3,741,314,25,17,1,5,1,
104,4,832,362,51,23,1,5,1,
104,5,669,417,20,17,1,5,1,
104,7,583,252,109,18,1,5,1,
105,1,884,313,57,26,1,5,1,
105,2,503,160,21,14,1,5,1,
105,3,743,314,24,16,1,5,1,
105,4,836,361,49,23,1,5,1,
105,5,665,416,24,16,1,5,1,
105,7,590,252,111,18,1,5,1,
106,1,889,313,54,25,1,5,1,
106,2,502,159,20,15,1,5,1,
106,3,745,313,23,17,1,5,1,
106,4,840,361,48,22,1,5,1,
106,5,661,414,28,17,1,5,1,
106,7,598,252,113,18,1,5,1,
107,1,895,312,51,26,1,5,1,
107,2,502,158,17,15,1,5,1,
107,3,748,313,21,16,1,5,1,
107,4,844,360,46,22,1,5,1,
107,5,656,413,33,16,1,5,1,
107,7,607,251,113,19,1,5,1,
108,1,900,312,48,25,1,5,1,
108,2,502,157,15,15,1,5,1,
108,3,750,312,20,16,1,5,1,
108,4,848,359,44,22,1,5,1,
108,5,651,412,37,15,1,5,1,
108,7,616,251,113,19,1,5,1,
109,1,905,311,45,25,1,5,1,
109,2,502,156,14,15,1,5,1,
109,3,752,312,19,16,1,5,1,
109,4,852,358,42,22,1,5,1,
109,5,646,411,41,15,1,5,1,
109,7,624,251,114,19,1,5,1,
109,9,17950,15289,-16990,-14745,1,5,1,
110,1,910,311,42,25,1,5,1,
110,2,502,155,13,15,1,5,1,
110,3,753,311,18,16,1,5,1,
110,4,857,357,40,22,1,5,1,
110,5,641,410,44,14,1,5,1,
110,7,635,251,115,19,1,5,1,
110,9,12307,10596,-11347,-10052,1,5,1,
111,1,914,311,39,24,1,5,1,
111,2,503,153,12,16,1,5,1,
111,3,753,311,19,16,1,5,1,
111,4,860,357,39,21,1,5,1,
111,5,636,410,46,12,1,5,1,
111,7,645,251,117,19,1,5,1,
112,1,917,310,38,24,1,5,1,
112,2,503,152,13,16,1,5,1,
112,3,756,311,17,15,1,5,1,
112,4,863,356,39,21,1,5,1,
112,5,631,409,48,12,1,5,1,
112,7,653,251,120,19,1,5,1,
113,1,919,310,39,24,1,5,1,
113,2,504,151,13,16,1,5,1,
113,3,757,311,21,15,1,5,1,
113,4,866,355,38,21,1,5,1,
113,5,626,409,50,11,1,5,1,
113,7,663,251,121,19,1,5,1,
114,1,921,310,38,23,1,5,1,
114,2,504,150,15,16,1,5,1,
114,3,757,310,22,15,1,5,1,
114,4,869,355,36,21,1,5,1,
114,5,622,408,50,10,1,5,1,
114,7,671,250,124,20,1,5,1,
115,1,923,310,36,23,1,5,1,
115,2,504,148,16,17,1,5,1,
115,3,756,310,24,15,1,5,1,
115,4,872,354,34,21,1,5,1,
115,5,617,408,51,9,1,5,1,
115,7,680,250,126,20,1,5,1,
116,1,925,309,34,23,1,5,1,
116,2,505,147,17,17,1,5,1,
116,3,757,310,25,15,1,5,1,
116,4,876,353,31,21,1,5,1,
116,5,612,407,52,9,1,5,1,
116,7,690,250,127,20,1,5,1,
117,1,928,309,31,23,1,5,1,
117,2,506,146,17,17,1,5,1,
117,3,758,310,25,14,1,5,1,
117,4,879,352,29,21,1,5,1,
117,5,608,407,52,8,1,5,1,
117,7,699,250,129,20,1,5,1,
118,1,930,309,30,22,1,5,1,
118,2,506,144,19,18,1,5,1,
118,3,760,309,24,15,1,5,1,
118,4,883,351,26,21,1,5,1,
118,5,603,407,52,8,1,5,1,
118,7,708,250,131,20,1,5,1,
119,1,934,308,26,23,1,5,1,
119,2,506,143,22,18,1,5,1,
119,3,762,309,23,14,1,5,1,
119,4,884,351,26,20,1,5,1,
119,5,599,406,51,9,1,5,1,
119,7,719,250,131,20,1,5,1,
120,1,936,308,24,22,1,5,1,
120,2,506,142,24,18,1,5,1,
120,3,764,309,23,14,1,5,1,
120,4,885,350,25,20,1,5,1,
120,5,595,406,51,9,1,5,1,
120,7,729,250,132,20,1,5,1,
121,1,938,307,22,23,1,5,1,
121,2,507,141,26,18,1,5,1,
121,3,767,308,21,14,1,5,1,
121,4,885,349,26,20,1,5,1,
121,5,590,406,51,9,1,5,1,
121,7,739,250,133,20,1,5,1,
122,1,938,307,21,22,1,5,1,
122,2,507,139,29,19,1,5,1,
122,3,769,308,20,14,1,5,1,
122,4,886,348,25,20,1,5,1,
122,5,586,407,49,8,1,5,1,
122,7,750,250,134,20,1,5,1,
123,1,938,307,21,22,1,5,1,
123,2,508,138,31,19,1,5,1,
123,3,771,308,18,13,1,5,1,
123,4,887,348,25,19,1,5,1,
123,5,583,407,48,9,1,5,1,
123,7,760,249,135,21,1,5,1,
124,1,938,306,21,22,1,5,1,
124,2,509,137,34,19,1,5,1,
124,3,773,307,16,14,1,5,1,
124,4,888,347,25,19,1,5,1,
124,5,580,408,46,8,1,5,1,
124,7,770,249,136,21,1,5,1,
125,1,937,306,22,22,1,5,1,
125,2,510,135,36,19,1,5,1,
125,3,772,307,16,14,1,5,1,
125,4,889,346,24,19,1,5,1,
125,5,577,408,44,9,1,5,1,
125,7,781,249,136,21,1,5,1,
126,1,937,306,22,21,1,5,1,
126,2,512,134,38,19,1,5,1,
126,3,770,306,18,14,1,5,1,
126,4,889,346,25,19,1,5,1,
126,5,575,409,41,9,1,5,1,
126,7,792,249,136,21,1,5,1,
127,1,936,305,23,21,1,5,1,
127,2,513,132,41,20,1,5,1,
127,3,769,306,19,14,1,5,1,
127,4,889,345,25,19,1,5,1,
127,5,573,409,38,10,1,5,1,
127,7,802,249,137,21,1,5,1,
128,1,935,305,24,21,1,5,1,
128,2,515,131,43,20,1,5,1,
128,3,766,306,21,13,1,5,1,
128,4,889,344,24,19,1,5,1,
128,5,572,409,34,11,1,5,1,
128,7,814,249,135,21,1,5,1,
129,1,933,305,27,20,1,5,1,
129,2,516,130,46,19,1,5,1,
129,3,764,305,23,14,1,5,1,
129,4,889,343,24,19,1,5,1,
129,5,571,409,30,13,1,5,1,
129,7,825,249,134,21,1,5,1,
130,1,932,304,27,21,1,5,1,
130,2,518,128,49,20,1,5,1,
130,3,762,305,26,13,1,5,1,
130,4,889,343,24,18,1,5,1,
130,5,570,410,26,13,1,5,1,
130,7,835,249,125,21,1,5,1,
131,1,931,304,28,20,1,5,1,
131,2,520,127,51,20,1,5,1,
131,3,760,305,28,13,1,5,1,
131,4,889,342,24,18,1,5,1,
131,5,569,410,23,15,1,5,1,
131,7,848,249,112,21,1,5,1,
132,1,929,303,30,20,1,5,1,
132,2,522,126,54,20,1,5,1,
132,3,758,304,30,13,1,5,1,
132,4,889,341,23,18,1,5,1,
132,5,569,411,19,15,1,5,1,
132,7,858,249,102,21,1,5,1,
133,1,928,303,31,20,1,5,1,
133,2,525,124,56,20,1,5,1,
133,3,756,304,31,13,1,5,1,
133,4,889,341,23,18,1,5,1,
133,5,569,412,16,16,1,5,1,
133,7,869,249,91,21,1,5,1,
134,1,926,303,33,19,1,5,1,
134,2,528,123,58,20,1,5,1,
134,3,754,304,31,12,1,5,1,
134,4,889,340,23,18,1,5,1,
134,5,569,413,12,17,1,5,1,
134,7,881,249,79,20,1,5,1,
135,1,925,302,34,20,1,5,1,
135,2,530,122,62,20,1,5,1,
135,3,752,303,32,13,1,5,1,
135,4,888,339,23,18,1,5,1,
135,5,570,414,13,17,1,5,1,
135,7,892,249,68,21,1,5,1,
136,1,923,302,36,19,1,5,1,
136,2,533,121,64,20,1,5,1,
136,3,749,303,33,12,1,5,1,
136,4,888,339,22,17,1,5,1,
136,5,570,415,17,18,1,5,1,
136,7,902,250,58,17,1,5,1,
137,1,921,302,38,19,1,5,1,
137,2,536,119,67,20,1,5,1,
137,3,747,303,33,12,1,5,1,
137,4,887,338,23,17,1,5,1,
137,5,571,416,20,19,1,5,1,
137,7,914,252,46,13,1,5,1,
138,1,920,301,39,19,1,5,1,
138,2,539,118,70,20,1,5,1,
138,3,745,302,33,13,1,5,1,
138,4,887,338,22,17,1,5,1,
138,5,571,417,24,19,1,5,1,
138,7,924,254,36,9,1,5,1,
139,1,918,301,40,19,1,5,1,
139,2,542,117,72,20,1,5,1,
139,3,743,302,33,12,1,5,1,
139,4,886,337,22,17,1,5,1,
139,5,570,419,29,18,1,5,1,
140,1,916,301,40,18,1,5,1,
140,2,546,115,74,20,1,5,1,
140,3,741,302,33,12,1,5,1,
140,4,886,336,22,17,1,5,1,
140,5,570,420,33,19,1,5,1,
141,1,914,301,41,18,1,5,1,
141,2,549,114,78,20,1,5,1,
141,3,738,301,35,12,1,5,1,
141,4,885,336,22,16,1,5,1,
141,5,571,421,36,19,1,5,1,
142,1,912,300,42,18,1,5,1,
142,2,552,113,81,20,1,5,1,
142,3,736,301,35,12,1,5,1,
142,4,885,335,21,17,1,5,1,
142,5,572,423,39,19,1,5,1,
143,1,910,300,42,18,1,5,1,
143,2,556,112,83,20,1,5,1,
143,3,734,301,35,12,1,5,1,
143,4,884,335,21,16,1,5,1,
143,5,573,424,43,19,1,5,1,
144,1,908,300,42,17,1,5,1,
144,2,560,111,86,20,1,5,1,
144,3,731,301,36,11,1,5,1,
144,4,883,334,21,16,1,5,1,
144,5,575,425,46,19,1,5,1,
145,1,906,299,42,18,1,5,1,
145,2,563,110,90,20,1,5,1,
145,3,729,300,36,12,1,5,1,
145,4,882,334,21,16,1,5,1,
145,5,577,427,49,19,1,5,1,
146,1,904,299,42,17,1,5,1,
146,2,569,108,90,20,1,5,1,
146,3,727,300,35,11,1,5,1,
146,4,882,333,20,16,1,5,1,
146,5,581,428,50,19,1,5,1,
147,1,902,299,42,17,1,5,1,
147,2,573,107,93,20,1,5,1,
147,3,724,300,36,11,1,5,1,
147,4,881,332,21,16,1,5,1,
147,5,583,430,54,18,1,5,1,
148,1,899,298,44,17,1,5,1,
148,2,578,106,95,20,1,5,1,
148,3,722,300,36,11,1,5,1,
148,4,880,332,21,15,1,5,1,
148,5,586,431,56,18,1,5,1,
149,1,897,298,44,17,1,5,1,
149,2,583,105,97,19,1,5,1,
149,3,719,299,37,11,1,5,1,
149,4,879,331,21,16,1,5,1,
149,5,590,432,58,18,1,5,1,
150,1,894,298,45,16,1,5,1,
150,2,588,104,99,19,1,5,1,
150,3,717,299,37,11,1,5,1,
150,4,878,331,22,15,1,5,1,
150,5,593,434,60,17,1,5,1,
