1,1,529,386,11,13,1,5,1,
1,2,725,239,26,13,1,5,1,
1,3,390,244,28,24,1,5,1,
1,4,756,459,54,84,1,5,1,
1,5,675,77,126,33,1,5,1,
1,6,87,295,67,12,1,5,1,
1,7,699,436,133,28,1,5,1,
1,8,275,166,48,20,1,5,1,
1,9,629,283,52,14,1,5,1,
1,10,376,446,90,22,1,5,1,
1,11,876,285,49,18,1,5,1,
1,12,17,527,55,15,1,5,1,
1,13,902,236,58,17,1,5,1,
1,14,663,434,68,46,1,5,1,
1,15,34,365,114,84,1,5,1,
1,16,548,430,28,29,1,5,1,
1,17,616,165,23,16,1,5,1,
1,18,484,69,180,62,1,5,1,
1,19,774,479,61,15,1,5,1,
1,20,-33,492,99,23,1,5,1,
1,21,0,49,39,35,1,5,1,
1,22,351,365,44,11,1,5,1,
1,23,430,335,79,33,1,5,1,
1,24,928,228,31,24,1,5,1,
1,26,496,7,89,41,1,5,1,
1,27,161,0,36,65,1,5,1,
1,28,482,236,49,13,1,5,1,
1,29,470,0,37,36,1,5,1,
1,30,322,110,73,25,1,5,1,
1,31,637,296,133,29,1,5,1,
1,32,769,284,80,16,1,5,1,
1,33,343,187,55,12,1,5,1,
1,34,0,461,90,70,1,5,1,
1,35,9,411,109,34,1,5,1,
1,36,525,1,61,55,1,5,1,
1,37,483,124,126,36,1,5,1,
1,38,18,59,148,53,1,5,1,
1,39,747,25,26,21,1,5,1,
1,40,339,441,97,23,1,5,1,
1,41,717,0,36,20,1,5,1,
1,42,141,129,44,14,1,5,1,
1,43,563,186,27,23,1,5,1,
1,44,593,178,77,17,1,5,1,
1,45,246,381,71,30,1,5,1,
1,46,29,266,60,21,1,5,1,
1,47,64,389,57,20,1,5,1,
2,1,529,384,15,12,1,5,1,
2,2,725,238,17,14,1,5,1,
2,3,386,244,38,25,1,5,1,
2,4,755,462,56,81,1,5,1,
2,5,699,77,113,33,1,5,1,
2,6,79,295,59,13,1,5,1,
2,7,691,434,121,27,1,5,1,
2,8,276,166,33,21,1,5,1,
2,9,643,283,41,15,1,5,1,
2,10,388,447,84,21,1,5,1,
2,11,874,285,33,17,1,5,1,
2,12,30,530,45,13,1,5,1,
2,13,921,236,39,17,1,5,1,
2,14,664,429,46,46,1,5,1,
2,15,38,371,81,83,1,5,1,
2,16,548,427,18,25,1,5,1,
2,17,611,164,30,15,1,5,1,
2,18,503,67,182,58,1,5,1,
2,19,789,482,52,14,1,5,1,
2,20,-45,491,100,25,1,5,1,
2,21,0,48,22,40,1,5,1,
2,22,360,364,42,10,1,5,1,
2,23,433,338,88,31,1,5,1,
2,24,923,227,37,24,1,5,1,
2,26,490,0,74,46,1,5,1,
2,27,155,6,51,63,1,5,1,
2,28,491,237,48,13,1,5,1,
2,29,469,0,29,43,1,5,1,
2,30,332,113,69,23,1,5,1,
2,31,648,296,134,31,1,5,1,
2,32,765,284,70,15,1,5,1,
2,33,337,187,51,12,1,5,1,
2,34,0,469,67,67,1,5,1,
2,35,1,412,101,36,1,5,1,
2,36,524,-3,75,51,1,5,1,
2,37,503,123,124,34,1,5,1,
2,38,46,70,133,44,1,5,1,
2,39,754,28,20,19,1,5,1,
2,40,353,442,91,23,1,5,1,
2,41,713,0,36,26,1,5,1,
2,42,150,128,43,15,1,5,1,
2,43,562,187,20,23,1,5,1,
2,44,588,178,69,16,1,5,1,
2,45,249,379,77,28,1,5,1,
2,46,30,266,43,21,1,5,1,
2,47,58,391,49,20,1,5,1,
3,1,529,383,20,12,1,5,1,
3,2,724,238,17,13,1,5,1,
3,3,382,243,51,26,1,5,1,
3,4,756,463,58,81,1,5,1,
3,5,715,77,108,34,1,5,1,
3,6,73,296,55,12,1,5,1,
3,7,684,431,116,29,1,5,1,
3,8,275,167,27,21,1,5,1,
3,9,651,284,35,14,1,5,1,
3,10,396,448,82,21,1,5,1,
3,11,873,285,25,16,1,5,1,
3,12,37,531,41,12,1,5,1,
3,13,928,236,32,17,1,5,1,
3,14,663,424,37,46,1,5,1,
3,15,44,375,71,84,1,5,1,
3,16,549,424,18,23,1,5,1,
3,17,605,163,36,15,1,5,1,
3,18,511,66,196,57,1,5,1,
3,19,799,484,48,12,1,5,1,
3,20,-56,491,103,29,1,5,1,
3,21,0,49,23,43,1,5,1,
3,22,367,364,41,10,1,5,1,
3,23,436,339,97,31,1,5,1,
3,24,919,226,41,25,1,5,1,
3,26,489,-10,62,53,1,5,1,
3,27,155,12,60,61,1,5,1,
3,28,497,237,49,13,1,5,1,
3,29,467,0,25,49,1,5,1,
3,30,339,114,68,23,1,5,1,
3,31,657,297,137,31,1,5,1,
3,32,762,284,64,15,1,5,1,
3,33,332,187,49,13,1,5,1,
3,34,-1,474,53,68,1,5,1,
3,35,0,413,92,38,1,5,1,
3,36,525,-7,85,49,1,5,1,
3,37,515,122,131,34,1,5,1,
3,38,64,75,127,40,1,5,1,
3,39,757,30,18,20,1,5,1,
3,40,362,443,90,22,1,5,1,
3,41,710,0,34,31,1,5,1,
3,42,155,128,46,15,1,5,1,
3,43,561,188,17,24,1,5,1,
3,44,583,177,67,17,1,5,1,
3,45,253,378,82,26,1,5,1,
3,46,31,266,34,21,1,5,1,
3,47,54,393,45,20,1,5,1,
4,1,531,382,23,11,1,5,1,
4,2,725,237,17,14,1,5,1,
4,3,381,243,64,26,1,5,1,
4,4,759,466,59,78,1,5,1,
4,5,729,78,103,34,1,5,1,
4,6,67,296,52,13,1,5,1,
4,7,679,428,110,30,1,5,1,
4,8,274,167,21,23,1,5,1,
4,9,659,285,28,14,1,5,1,
4,10,403,449,81,20,1,5,1,
4,11,874,285,24,16,1,5,1,
4,12,42,532,39,11,1,5,1,
4,13,935,238,25,10,1,5,1,
4,14,663,420,29,44,1,5,1,
4,15,42,379,74,84,1,5,1,
4,16,551,422,18,22,1,5,1,
4,17,599,163,41,15,1,5,1,
4,18,517,64,212,57,1,5,1,
4,19,808,484,44,13,1,5,1,
4,20,-68,492,106,32,1,5,1,
4,21,0,50,26,47,1,5,1,
4,22,373,363,42,10,1,5,1,
4,23,440,341,104,30,1,5,1,
4,24,916,226,44,25,1,5,1,
4,26,488,-23,51,62,1,5,1,
4,27,156,17,69,60,1,5,1,
4,28,503,238,51,13,1,5,1,
4,29,466,1,20,55,1,5,1,
4,30,346,115,67,24,1,5,1,
4,31,667,298,138,31,1,5,1,
4,32,760,284,57,14,1,5,1,
4,33,327,187,47,14,1,5,1,
4,34,-1,479,40,64,1,5,1,
4,35,-5,414,87,39,1,5,1,
4,36,530,-11,89,48,1,5,1,
4,37,526,121,139,34,1,5,1,
4,38,81,80,122,37,1,5,1,
4,39,759,32,16,20,1,5,1,
4,40,370,442,90,22,1,5,1,
4,41,709,0,30,37,1,5,1,
4,42,158,128,52,15,1,5,1,
4,43,560,189,17,25,1,5,1,
4,44,576,177,70,17,1,5,1,
4,45,257,377,87,25,1,5,1,
4,46,30,265,33,22,1,5,1,
4,47,50,394,41,21,1,5,1,
5,1,533,382,26,10,1,5,1,
5,2,726,236,18,14,1,5,1,
5,3,382,243,75,26,1,5,1,
5,4,753,469,72,75,1,5,1,
5,5,742,79,99,34,1,5,1,
5,6,62,296,48,13,1,5,1,
5,7,674,425,103,33,1,5,1,
5,8,274,167,19,24,1,5,1,
5,9,665,285,23,15,1,5,1,
5,10,410,448,80,21,1,5,1,
5,11,875,285,24,16,1,5,1,
5,12,47,533,35,11,1,5,1,
5,14,665,416,27,42,1,5,1,
5,15,42,383,77,83,1,5,1,
5,16,554,420,18,20,1,5,1,
5,17,593,163,46,15,1,5,1,
5,18,524,62,225,57,1,5,1,
5,19,816,484,40,13,1,5,1,
5,21,0,52,29,49,1,5,1,
5,22,379,363,42,10,1,5,1,
5,23,446,343,110,29,1,5,1,
5,24,915,227,45,24,1,5,1,
5,26,486,-38,43,72,1,5,1,
5,27,159,23,76,57,1,5,1,
5,28,510,238,52,13,1,5,1,
5,29,467,8,19,55,1,5,1,
5,30,353,117,65,24,1,5,1,
5,31,679,299,135,31,1,5,1,
5,32,759,283,50,15,1,5,1,
5,33,324,187,43,16,1,5,1,
5,34,0,485,37,58,1,5,1,
5,35,-12,416,83,38,1,5,1,
5,36,537,-14,92,46,1,5,1,
5,37,539,119,144,36,1,5,1,
5,38,97,84,118,35,1,5,1,
5,39,761,34,14,20,1,5,1,
5,40,379,442,88,22,1,5,1,
5,41,709,0,27,42,1,5,1,
5,42,162,128,56,15,1,5,1,
5,43,561,190,16,25,1,5,1,
5,44,570,177,71,17,1,5,1,
5,45,263,376,90,25,1,5,1,
5,46,28,265,34,22,1,5,1,
5,47,47,396,36,21,1,5,1,
6,1,537,381,26,10,1,5,1,
6,2,725,235,21,15,1,5,1,
6,3,384,242,85,27,1,5,1,
6,4,747,472,81,72,1,5,1,
6,5,758,78,88,37,1,5,1,
6,6,58,296,43,14,1,5,1,
6,7,671,422,95,35,1,5,1,
6,8,275,168,19,25,1,5,1,
6,9,672,286,16,14,1,5,1,
6,10,416,447,80,22,1,5,1,
6,11,878,285,22,16,1,5,1,
6,12,51,535,30,9,1,5,1,
6,14,669,413,25,39,1,5,1,
6,15,47,388,78,81,1,5,1,
6,16,553,418,25,19,1,5,1,
6,17,589,163,47,16,1,5,1,
6,18,534,60,235,58,1,5,1,
6,19,825,484,34,12,1,5,1,
6,21,0,56,36,50,1,5,1,
6,22,385,363,42,11,1,5,1,
6,23,454,343,112,29,1,5,1,
6,24,916,228,44,23,1,5,1,
6,26,486,-53,32,80,1,5,1,
6,27,163,28,82,55,1,5,1,
6,28,516,238,53,13,1,5,1,
6,29,468,15,19,54,1,5,1,
6,30,358,119,66,24,1,5,1,
6,31,691,299,131,32,1,5,1,
6,32,758,283,44,15,1,5,1,
6,33,320,188,40,16,1,5,1,
6,34,0,492,37,52,1,5,1,
6,35,-18,418,78,36,1,5,1,
6,36,544,-17,98,45,1,5,1,
6,37,553,119,146,36,1,5,1,
6,38,113,89,113,32,1,5,1,
6,39,763,37,13,20,1,5,1,
6,40,387,442,88,22,1,5,1,
6,41,707,0,22,47,1,5,1,
6,42,167,128,60,15,1,5,1,
6,43,562,192,16,25,1,5,1,
6,44,564,177,70,19,1,5,1,
6,45,269,375,93,24,1,5,1,
6,46,26,265,35,23,1,5,1,
6,47,45,398,31,21,1,5,1,
7,1,542,380,25,11,1,5,1,
7,2,724,234,27,15,1,5,1,
7,3,387,242,95,27,1,5,1,
7,4,742,477,109,67,1,5,1,
7,5,771,79,82,38,1,5,1,
7,6,55,296,38,14,1,5,1,
7,7,669,420,85,35,1,5,1,
7,8,277,169,18,26,1,5,1,
7,9,673,286,15,13,1,5,1,
7,10,423,447,79,21,1,5,1,
7,11,878,285,27,16,1,5,1,
7,12,55,537,27,7,1,5,1,
7,14,673,410,24,37,1,5,1,
7,15,41,393,91,77,1,5,1,
7,16,554,416,30,19,1,5,1,
7,17,581,163,52,16,1,5,1,
7,18,553,54,241,60,1,5,1,
7,19,833,484,28,11,1,5,1,
7,21,0,60,45,50,1,5,1,
7,22,391,363,41,11,1,5,1,
7,23,464,343,113,28,1,5,1,
7,24,918,228,42,20,1,5,1,
7,27,169,34,86,51,1,5,1,
7,28,523,238,54,12,1,5,1,
7,29,471,23,18,52,1,5,1,
7,30,362,121,66,23,1,5,1,
7,31,705,300,124,32,1,5,1,
7,32,759,283,36,14,1,5,1,
7,33,318,188,36,18,1,5,1,
7,34,0,498,39,46,1,5,1,
7,35,-24,420,73,36,1,5,1,
7,36,552,-20,103,44,1,5,1,
7,37,569,119,146,36,1,5,1,
7,38,129,93,107,28,1,5,1,
7,39,764,39,12,21,1,5,1,
7,40,395,441,88,22,1,5,1,
7,41,706,6,18,45,1,5,1,
7,42,174,128,62,16,1,5,1,
7,43,560,194,19,24,1,5,1,
7,44,558,176,69,22,1,5,1,
7,45,276,374,95,24,1,5,1,
7,46,25,265,36,23,1,5,1,
7,47,44,400,25,21,1,5,1,
8,1,546,379,25,11,1,5,1,
8,2,724,233,34,15,1,5,1,
8,3,392,242,103,27,1,5,1,
8,4,739,483,138,61,1,5,1,
8,5,776,82,89,37,1,5,1,
8,6,54,297,32,14,1,5,1,
8,7,668,417,74,36,1,5,1,
8,8,278,171,19,25,1,5,1,
8,9,673,285,15,14,1,5,1,
8,10,429,446,78,21,1,5,1,
8,11,876,285,36,16,1,5,1,
8,14,674,408,30,33,1,5,1,
8,15,31,398,125,72,1,5,1,
8,16,555,415,36,17,1,5,1,
8,17,573,163,57,16,1,5,1,
8,18,568,50,250,61,1,5,1,
8,19,840,482,22,12,1,5,1,
8,21,0,63,55,51,1,5,1,
8,22,398,364,39,10,1,5,1,
8,23,474,343,113,27,1,5,1,
8,24,921,231,39,15,1,5,1,
8,27,176,39,89,49,1,5,1,
8,28,530,237,54,13,1,5,1,
8,29,472,30,21,50,1,5,1,
8,30,367,121,65,24,1,5,1,
8,31,719,301,115,31,1,5,1,
8,32,760,283,29,14,1,5,1,
8,33,317,189,31,18,1,5,1,
8,34,0,512,42,32,1,5,1,
8,35,-29,423,67,37,1,5,1,
8,36,560,-25,108,45,1,5,1,
8,37,586,119,142,37,1,5,1,
8,38,142,95,104,27,1,5,1,
8,39,765,41,11,21,1,5,1,
8,40,403,441,87,22,1,5,1,
8,41,706,12,18,43,1,5,1,
8,42,180,128,64,17,1,5,1,
8,43,558,197,24,23,1,5,1,
8,44,552,175,68,25,1,5,1,
8,45,284,374,95,22,1,5,1,
8,46,25,265,36,23,1,5,1,
8,47,44,402,18,20,1,5,1,
9,1,550,378,24,11,1,5,1,
9,2,725,232,42,15,1,5,1,
9,3,398,242,109,27,1,5,1,
9,4,738,490,168,54,1,5,1,
9,5,782,86,95,36,1,5,1,
9,6,54,297,25,14,1,5,1,
9,7,669,414,63,36,1,5,1,
9,8,276,173,25,24,1,5,1,
9,9,673,285,15,13,1,5,1,
9,10,435,446,78,21,1,5,1,
9,11,879,285,38,15,1,5,1,
9,14,673,406,38,29,1,5,1,
9,15,24,403,156,67,1,5,1,
9,16,558,414,41,17,1,5,1,
9,17,566,163,59,17,1,5,1,
9,18,583,46,259,63,1,5,1,
9,19,846,481,16,12,1,5,1,
9,21,0,66,65,52,1,5,1,
9,22,403,364,40,10,1,5,1,
9,23,484,343,114,29,1,5,1,
9,27,183,44,91,45,1,5,1,
9,28,538,237,54,13,1,5,1,
9,29,472,38,28,47,1,5,1,
9,30,372,122,64,24,1,5,1,
9,31,733,301,104,30,1,5,1,
9,32,759,283,23,14,1,5,1,
9,33,316,190,26,19,1,5,1,
9,34,0,518,46,26,1,5,1,
9,35,-32,426,59,37,1,5,1,
9,36,569,-31,112,47,1,5,1,
9,37,604,118,135,38,1,5,1,
9,38,152,94,104,27,1,5,1,
9,39,766,44,11,20,1,5,1,
9,40,411,440,87,22,1,5,1,
9,41,708,18,16,41,1,5,1,
9,42,189,129,63,16,1,5,1,
9,43,556,199,30,22,1,5,1,
9,44,548,176,65,26,1,5,1,
9,45,292,373,95,22,1,5,1,
9,46,26,265,36,23,1,5,1,
9,47,43,404,17,20,1,5,1,
10,1,554,378,23,10,1,5,1,
10,2,726,231,50,15,1,5,1,
10,3,406,241,113,28,1,5,1,
10,4,739,498,198,46,1,5,1,
10,5,788,90,102,34,1,5,1,
10,6,54,297,21,15,1,5,1,
10,7,670,412,52,35,1,5,1,
10,8,281,175,19,22,1,5,1,
10,9,672,285,16,13,1,5,1,
10,10,442,445,77,21,1,5,1,
10,11,884,285,36,15,1,5,1,
10,14,673,404,46,25,1,5,1,
10,15,31,405,164,68,1,5,1,
10,16,564,412,40,17,1,5,1,
10,17,558,163,62,18,1,5,1,
10,18,597,39,270,64,1,5,1,
10,19,849,479,14,13,1,5,1,
10,21,2,71,73,51,1,5,1,
10,22,409,364,40,10,1,5,1,
10,23,493,344,115,28,1,5,1,
10,27,192,49,92,42,1,5,1,
10,28,545,237,55,13,1,5,1,
10,29,473,45,34,45,1,5,1,
10,30,377,123,62,24,1,5,1,
10,31,746,300,92,30,1,5,1,
10,32,758,283,20,13,1,5,1,
10,33,316,191,20,20,1,5,1,
10,34,0,520,50,24,1,5,1,
10,35,-34,430,50,36,1,5,1,
10,37,623,117,127,39,1,5,1,
10,38,162,93,104,27,1,5,1,
10,39,766,46,11,20,1,5,1,
10,40,419,440,87,22,1,5,1,
10,41,710,24,16,38,1,5,1,
10,42,197,129,63,17,1,5,1,
10,43,556,202,34,21,1,5,1,
10,44,543,177,62,27,1,5,1,
10,45,301,373,94,22,1,5,1,
10,46,27,265,37,24,1,5,1,
10,47,42,406,17,20,1,5,1,
11,1,558,377,23,10,1,5,1,
11,2,729,230,57,15,1,5,1,
11,3,415,241,115,28,1,5,1,
11,5,794,92,114,31,1,5,1,
11,6,54,298,21,15,1,5,1,
11,7,671,410,42,34,1,5,1,
11,8,285,176,17,22,1,5,1,
11,9,672,285,15,12,1,5,1,
11,10,448,444,76,21,1,5,1,
11,11,889,285,34,15,1,5,1,
11,14,675,403,53,22,1,5,1,
11,15,40,407,170,70,1,5,1,
11,16,569,411,42,16,1,5,1,
11,17,551,162,63,21,1,5,1,
11,18,613,34,278,65,1,5,1,
11,19,849,477,14,15,1,5,1,
11,21,7,75,78,51,1,5,1,
11,22,415,364,40,10,1,5,1,
11,23,503,344,115,29,1,5,1,
11,27,201,54,92,39,1,5,1,
11,28,552,237,55,13,1,5,1,
11,29,476,52,38,42,1,5,1,
11,30,383,123,59,25,1,5,1,
11,31,756,299,84,30,1,5,1,
11,32,756,283,20,13,1,5,1,
11,33,315,192,17,21,1,5,1,
11,34,0,521,54,23,1,5,1,
11,37,643,115,116,41,1,5,1,
11,38,173,93,104,27,1,5,1,
11,39,767,48,11,20,1,5,1,
11,40,427,440,86,21,1,5,1,
11,41,709,30,20,34,1,5,1,
11,42,205,130,63,16,1,5,1,
11,43,556,205,39,19,1,5,1,
11,44,540,178,57,28,1,5,1,
11,45,309,373,93,22,1,5,1,
11,46,29,265,37,24,1,5,1,
11,47,40,407,17,20,1,5,1,
12,1,561,376,23,10,1,5,1,
12,2,733,228,64,16,1,5,1,
12,3,426,241,114,28,1,5,1,
12,5,805,92,119,31,1,5,1,
12,6,54,298,22,15,1,5,1,
12,7,671,408,33,33,1,5,1,
12,8,286,178,17,20,1,5,1,
12,9,672,285,15,12,1,5,1,
12,10,455,443,74,21,1,5,1,
12,11,894,285,32,15,1,5,1,
12,14,677,402,61,21,1,5,1,
12,15,50,409,175,71,1,5,1,
12,16,575,410,41,16,1,5,1,
12,17,545,162,62,23,1,5,1,
12,18,630,29,283,66,1,5,1,
12,19,849,474,13,16,1,5,1,
12,21,13,80,83,49,1,5,1,
12,22,421,364,40,10,1,5,1,
12,23,513,344,116,29,1,5,1,
12,27,210,58,92,36,1,5,1,
12,28,559,237,55,13,1,5,1,
12,29,480,59,43,39,1,5,1,
12,30,388,124,56,25,1,5,1,
12,31,762,299,82,29,1,5,1,
12,32,755,282,20,14,1,5,1,
12,33,315,194,13,20,1,5,1,
12,34,0,522,59,22,1,5,1,
12,37,659,116,113,41,1,5,1,
12,38,184,93,103,27,1,5,1,
12,39,767,50,11,20,1,5,1,
12,40,435,439,86,22,1,5,1,
12,41,709,36,25,30,1,5,1,
12,42,213,130,62,17,1,5,1,
12,43,557,207,43,18,1,5,1,
12,44,538,179,50,29,1,5,1,
12,45,318,373,91,22,1,5,1,
12,46,31,265,37,24,1,5,1,
12,47,39,409,17,20,1,5,1,
13,1,566,375,19,10,1,5,1,
13,2,739,227,70,16,1,5,1,
13,3,437,241,114,28,1,5,1,
13,5,819,91,117,32,1,5,1,
13,6,56,298,21,16,1,5,1,
13,7,671,406,26,31,1,5,1,
13,8,288,179,17,20,1,5,1,
13,9,673,285,14,12,1,5,1,
13,10,462,443,72,20,1,5,1,
13,11,899,285,30,15,1,5,1,
13,14,680,401,68,21,1,5,1,
13,15,60,412,181,72,1,5,1,
13,16,580,409,43,15,1,5,1,
13,17,539,163,60,25,1,5,1,
13,18,651,28,276,68,1,5,1,
13,19,848,472,15,17,1,5,1,
13,21,20,85,86,48,1,5,1,
13,22,427,364,40,11,1,5,1,
13,23,523,344,117,29,1,5,1,
13,27,220,62,91,32,1,5,1,
13,28,567,236,54,14,1,5,1,
13,29,485,65,46,36,1,5,1,
13,30,394,125,51,25,1,5,1,
13,31,767,299,80,29,1,5,1,
13,32,754,282,20,14,1,5,1,
13,33,315,195,13,21,1,5,1,
13,34,2,525,49,19,1,5,1,
13,37,674,117,111,41,1,5,1,
13,38,195,94,102,26,1,5,1,
13,39,767,52,11,20,1,5,1,
13,40,443,439,85,22,1,5,1,
13,41,709,41,30,26,1,5,1,
13,42,222,131,61,16,1,5,1,
13,43,559,210,47,16,1,5,1,
13,44,536,182,45,27,1,5,1,
13,45,328,373,87,23,1,5,1,
13,46,31,265,40,25,1,5,1,
13,47,38,411,18,20,1,5,1,
14,1,570,374,16,10,1,5,1,
14,2,745,226,75,17,1,5,1,
14,3,448,241,114,28,1,5,1,
14,5,833,91,114,32,1,5,1,
14,6,57,299,22,16,1,5,1,
14,7,672,404,24,30,1,5,1,
14,8,290,180,16,20,1,5,1,
14,9,674,284,15,13,1,5,1,
14,10,468,442,71,20,1,5,1,
14,11,906,284,22,15,1,5,1,
14,14,687,400,70,22,1,5,1,
14,15,70,414,188,73,1,5,1,
14,16,587,408,42,15,1,5,1,
14,17,533,164,59,26,1,5,1,
14,18,675,28,262,69,1,5,1,
14,19,847,470,16,16,1,5,1,
14,21,28,90,88,45,1,5,1,
14,22,433,365,40,10,1,5,1,
14,23,533,345,118,28,1,5,1,
14,27,230,66,90,30,1,5,1,
14,28,575,236,52,14,1,5,1,
14,29,490,71,50,32,1,5,1,
14,30,398,127,53,24,1,5,1,
14,31,773,299,76,29,1,5,1,
14,32,754,282,18,13,1,5,1,
14,33,316,197,12,21,1,5,1,
14,37,689,119,107,40,1,5,1,
14,38,206,94,101,27,1,5,1,
14,39,768,54,10,19,1,5,1,
14,40,451,439,84,21,1,5,1,
14,41,710,46,35,22,1,5,1,
14,42,230,132,61,15,1,5,1,
14,43,561,211,51,15,1,5,1,
14,44,535,184,39,25,1,5,1,
14,45,337,373,84,24,1,5,1,
14,46,32,265,42,25,1,5,1,
14,47,37,413,18,20,1,5,1,
15,1,573,373,16,10,1,5,1,
15,2,752,226,80,16,1,5,1,
15,3,460,242,113,28,1,5,1,
15,5,847,91,110,32,1,5,1,
15,6,58,299,22,16,1,5,1,
15,7,674,403,23,27,1,5,1,
15,8,291,182,18,19,1,5,1,
15,9,677,284,14,12,1,5,1,
15,10,474,441,71,20,1,5,1,
15,11,908,284,22,15,1,5,1,
15,14,697,399,63,21,1,5,1,
15,15,81,416,194,75,1,5,1,
15,16,593,406,41,16,1,5,1,
15,17,528,165,55,28,1,5,1,
15,18,700,28,244,71,1,5,1,
15,19,846,468,16,16,1,5,1,
15,21,37,95,88,43,1,5,1,
15,22,438,365,41,10,1,5,1,
15,23,543,345,119,28,1,5,1,
15,27,240,70,88,27,1,5,1,
15,28,583,236,50,14,1,5,1,
15,29,496,77,53,27,1,5,1,
15,30,401,129,56,23,1,5,1,
15,31,778,300,72,29,1,5,1,
15,32,753,282,18,13,1,5,1,
15,33,318,199,12,20,1,5,1,
15,37,704,120,103,40,1,5,1,
15,38,217,94,100,27,1,5,1,
15,39,768,56,10,19,1,5,1,
15,40,459,438,84,22,1,5,1,
15,41,713,50,36,20,1,5,1,
15,42,238,132,60,16,1,5,1,
15,43,565,212,53,14,1,5,1,
15,44,535,186,32,24,1,5,1,
15,45,345,374,82,24,1,5,1,
15,46,34,265,43,25,1,5,1,
15,47,37,414,18,20,1,5,1,
16,1,575,372,16,10,1,5,1,
16,2,761,225,83,16,1,5,1,
16,3,472,243,112,28,1,5,1,
16,5,860,92,99,32,1,5,1,
16,6,59,300,22,16,1,5,1,
16,7,677,402,22,25,1,5,1,
16,8,290,182,24,21,1,5,1,
16,9,679,284,14,12,1,5,1,
16,10,480,440,70,21,1,5,1,
16,11,910,284,22,15,1,5,1,
16,14,706,397,59,22,1,5,1,
16,15,92,419,201,75,1,5,1,
16,16,599,405,39,16,1,5,1,
16,17,524,167,51,28,1,5,1,
16,18,728,26,218,75,1,5,1,
16,19,846,466,15,16,1,5,1,
16,21,46,99,88,41,1,5,1,
16,22,444,365,41,11,1,5,1,
16,23,553,345,119,29,1,5,1,
16,27,251,74,84,23,1,5,1,
16,28,591,237,48,13,1,5,1,
16,29,503,82,56,23,1,5,1,
16,30,405,131,59,22,1,5,1,
16,31,782,301,69,29,1,5,1,
16,32,753,282,18,13,1,5,1,
16,33,318,201,15,19,1,5,1,
16,37,718,121,100,40,1,5,1,
16,38,228,94,99,27,1,5,1,
16,39,768,58,11,19,1,5,1,
16,40,467,438,83,21,1,5,1,
16,41,718,51,35,20,1,5,1,
16,42,246,132,60,16,1,5,1,
16,43,569,212,56,13,1,5,1,
16,44,536,187,25,25,1,5,1,
16,45,351,374,83,24,1,5,1,
16,46,36,265,44,26,1,5,1,
16,47,37,416,18,20,1,5,1,
17,1,577,371,17,10,1,5,1,
17,2,771,224,84,17,1,5,1,
17,3,484,244,110,29,1,5,1,
17,5,874,92,86,32,1,5,1,
17,6,60,300,23,17,1,5,1,
17,7,675,401,30,23,1,5,1,
17,8,290,182,29,22,1,5,1,
17,9,681,284,15,12,1,5,1,
17,10,487,439,67,21,1,5,1,
17,11,912,284,22,15,1,5,1,
17,14,714,396,57,21,1,5,1,
17,15,103,421,209,77,1,5,1,
17,16,605,404,38,15,1,5,1,
17,17,520,170,47,27,1,5,1,
17,18,750,26,208,76,1,5,1,
17,19,845,464,15,15,1,5,1,
17,21,56,104,87,38,1,5,1,
17,22,450,366,41,10,1,5,1,
17,23,564,345,119,29,1,5,1,
17,27,261,74,81,23,1,5,1,
17,28,599,237,45,13,1,5,1,
17,29,511,86,58,20,1,5,1,
17,30,410,133,60,21,1,5,1,
17,31,787,302,65,28,1,5,1,
17,32,753,282,17,13,1,5,1,
17,33,318,203,19,18,1,5,1,
17,37,732,122,96,40,1,5,1,
17,38,239,95,98,26,1,5,1,
17,39,768,60,11,19,1,5,1,
17,40,475,438,82,21,1,5,1,
17,41,722,53,35,19,1,5,1,
17,42,254,133,59,15,1,5,1,
17,43,574,212,57,13,1,5,1,
17,44,536,188,19,25,1,5,1,
17,45,357,375,84,24,1,5,1,
17,46,38,265,45,26,1,5,1,
17,47,37,418,19,20,1,5,1,
18,1,580,370,16,10,1,5,1,
18,2,781,223,84,17,1,5,1,
18,3,497,246,107,28,1,5,1,
18,5,886,92,74,33,1,5,1,
18,6,62,300,23,17,1,5,1,
18,7,672,400,39,22,1,5,1,
18,8,290,183,34,23,1,5,1,
18,9,683,284,14,12,1,5,1,
18,10,493,439,66,20,1,5,1,
18,11,913,284,22,15,1,5,1,
18,14,721,395,56,21,1,5,1,
18,15,115,424,216,78,1,5,1,
18,16,611,403,37,15,1,5,1,
18,17,518,172,41,27,1,5,1,
18,18,770,26,189,77,1,5,1,
18,19,844,462,15,15,1,5,1,
18,21,66,108,85,35,1,5,1,
18,22,456,366,42,10,1,5,1,
18,23,574,345,119,28,1,5,1,
18,27,270,74,80,22,1,5,1,
18,28,606,237,42,13,1,5,1,
18,29,519,90,59,17,1,5,1,
18,30,415,135,61,20,1,5,1,
18,31,792,301,64,29,1,5,1,
18,32,752,282,18,13,1,5,1,
18,33,318,205,23,16,1,5,1,
18,37,744,124,93,39,1,5,1,
18,38,249,95,99,26,1,5,1,
18,39,768,62,11,19,1,5,1,
18,40,483,437,81,21,1,5,1,
18,41,727,54,33,20,1,5,1,
18,42,263,134,57,15,1,5,1,
18,43,579,211,55,14,1,5,1,
18,44,535,190,15,23,1,5,1,
18,45,363,376,85,24,1,5,1,
18,46,41,265,46,26,1,5,1,
18,47,37,419,19,20,1,5,1,
19,1,582,370,17,9,1,5,1,
19,2,792,223,83,16,1,5,1,
19,3,509,247,105,28,1,5,1,
19,5,899,93,61,32,1,5,1,
19,6,64,301,22,17,1,5,1,
19,7,671,399,48,22,1,5,1,
19,8,291,184,38,23,1,5,1,
19,9,685,284,14,12,1,5,1,
19,10,496,438,69,20,1,5,1,
19,11,915,284,22,14,1,5,1,
19,14,728,394,55,21,1,5,1,
19,15,128,427,223,79,1,5,1,
19,16,617,402,35,15,1,5,1,
19,17,516,174,35,27,1,5,1,
19,18,790,27,170,78,1,5,1,
19,19,843,460,15,15,1,5,1,
19,21,77,112,82,32,1,5,1,
19,22,462,366,42,11,1,5,1,
19,23,585,345,119,29,1,5,1,
19,27,278,74,79,22,1,5,1,
19,28,613,237,40,13,1,5,1,
19,29,527,91,59,16,1,5,1,
19,30,420,137,62,19,1,5,1,
19,31,798,301,61,28,1,5,1,
19,32,752,282,17,12,1,5,1,
19,33,319,206,27,16,1,5,1,
19,37,757,126,90,38,1,5,1,
19,38,260,95,98,26,1,5,1,
19,39,768,64,11,18,1,5,1,
19,40,490,437,81,21,1,5,1,
19,41,731,56,33,19,1,5,1,
19,42,272,134,55,15,1,5,1,
19,43,584,210,52,15,1,5,1,
19,44,536,192,15,22,1,5,1,
19,45,369,376,87,25,1,5,1,
19,46,43,265,47,26,1,5,1,
19,47,38,421,19,20,1,5,1,
20,1,584,369,18,9,1,5,1,
20,2,804,222,80,17,1,5,1,
20,3,521,247,102,28,1,5,1,
20,5,910,94,50,32,1,5,1,
20,6,65,301,23,18,1,5,1,
20,7,673,399,51,20,1,5,1,
20,8,293,186,41,23,1,5,1,
20,9,687,284,13,12,1,5,1,
20,10,499,438,73,20,1,5,1,
20,11,916,284,22,14,1,5,1,
20,14,735,393,53,21,1,5,1,
20,15,141,429,231,81,1,5,1,
20,16,622,400,35,15,1,5,1,
20,17,515,177,29,26,1,5,1,
20,18,809,28,151,78,1,5,1,
20,19,842,458,16,15,1,5,1,
20,21,87,116,79,29,1,5,1,
20,22,468,366,42,11,1,5,1,
20,23,595,345,120,29,1,5,1,
20,27,286,74,79,22,1,5,1,
20,28,620,237,36,13,1,5,1,
20,29,536,91,58,16,1,5,1,
20,30,426,139,62,18,1,5,1,
20,31,804,300,58,28,1,5,1,
20,32,751,282,18,12,1,5,1,
20,33,321,208,30,15,1,5,1,
20,37,769,127,87,39,1,5,1,
20,38,270,95,98,26,1,5,1,
20,39,768,66,10,18,1,5,1,
20,40,498,436,80,21,1,5,1,
20,41,735,57,32,20,1,5,1,
20,42,281,134,53,15,1,5,1,
20,43,589,209,49,15,1,5,1,
20,44,537,194,15,20,1,5,1,
20,45,376,377,87,24,1,5,1,
20,46,46,265,48,27,1,5,1,
20,47,38,423,20,20,1,5,1,
21,1,586,368,19,9,1,5,1,
21,2,816,222,76,17,1,5,1,
21,3,532,247,101,28,1,5,1,
21,5,922,94,38,27,1,5,1,
21,6,67,302,23,17,1,5,1,
21,7,676,398,53,20,1,5,1,
21,8,295,188,45,22,1,5,1,
21,9,688,284,13,12,1,5,1,
21,10,502,438,76,19,1,5,1,
21,11,917,284,22,14,1,5,1,
21,14,742,392,52,21,1,5,1,
21,15,154,432,239,82,1,5,1,
21,16,625,400,39,14,1,5,1,
21,17,514,180,24,24,1,5,1,
21,18,827,29,133,78,1,5,1,
21,19,841,456,16,15,1,5,1,
21,21,97,119,76,27,1,5,1,
21,22,474,367,42,10,1,5,1,
21,23,606,345,120,29,1,5,1,
21,27,294,74,78,21,1,5,1,
21,28,624,238,38,13,1,5,1,
21,29,545,91,58,17,1,5,1,
21,30,432,141,62,17,1,5,1,
21,31,810,300,55,27,1,5,1,
21,32,750,282,18,12,1,5,1,
21,33,323,209,33,14,1,5,1,
21,37,781,129,84,38,1,5,1,
21,38,281,95,97,26,1,5,1,
21,39,768,68,10,18,1,5,1,
21,40,505,436,80,21,1,5,1,
21,41,739,59,32,19,1,5,1,
21,42,289,134,51,14,1,5,1,
21,43,595,209,45,15,1,5,1,
21,44,538,195,15,20,1,5,1,
21,45,383,377,88,25,1,5,1,
21,46,48,264,50,28,1,5,1,
21,47,39,424,20,20,1,5,1,
22,1,589,368,20,9,1,5,1,
22,2,828,222,70,17,1,5,1,
22,3,543,247,99,27,1,5,1,
22,6,69,302,24,18,1,5,1,
22,7,681,397,53,20,1,5,1,
22,8,298,189,48,22,1,5,1,
22,9,689,284,13,11,1,5,1,
22,10,506,438,78,19,1,5,1,
22,11,919,284,21,14,1,5,1,
22,14,748,391,51,21,1,5,1,
22,15,169,435,247,83,1,5,1,
22,16,630,399,42,14,1,5,1,
22,17,513,182,19,23,1,5,1,
22,18,844,31,116,78,1,5,1,
22,19,840,454,16,14,1,5,1,
22,21,107,122,72,24,1,5,1,
22,22,480,367,43,11,1,5,1,
22,23,617,346,119,28,1,5,1,
22,27,301,73,78,22,1,5,1,
22,28,628,238,39,14,1,5,1,
22,29,553,92,57,16,1,5,1,
22,30,439,143,60,15,1,5,1,
22,31,816,299,51,28,1,5,1,
22,32,749,282,19,12,1,5,1,
22,33,326,210,36,14,1,5,1,
22,37,792,131,82,37,1,5,1,
22,38,291,95,97,26,1,5,1,
22,39,768,70,10,17,1,5,1,
22,40,513,435,80,21,1,5,1,
22,41,743,60,31,20,1,5,1,
22,42,295,134,51,14,1,5,1,
22,43,600,208,42,16,1,5,1,
22,44,536,196,20,19,1,5,1,
22,45,389,378,89,25,1,5,1,
22,46,51,264,51,28,1,5,1,
22,47,39,426,21,20,1,5,1,
23,1,591,367,23,9,1,5,1,
23,2,840,222,63,17,1,5,1,
23,3,554,247,96,27,1,5,1,
23,6,71,302,24,19,1,5,1,
23,7,686,397,52,19,1,5,1,
23,8,302,191,50,21,1,5,1,
23,9,690,284,13,11,1,5,1,
23,10,511,438,79,19,1,5,1,
23,11,918,283,22,14,1,5,1,
23,14,755,390,50,20,1,5,1,
23,15,183,438,255,84,1,5,1,
23,16,634,399,45,14,1,5,1,
23,17,513,184,14,23,1,5,1,
23,18,859,34,101,77,1,5,1,
23,19,839,452,16,14,1,5,1,
23,21,117,125,67,22,1,5,1,
23,22,486,367,43,11,1,5,1,
23,23,627,346,120,28,1,5,1,
23,27,308,73,79,22,1,5,1,
23,28,632,239,41,14,1,5,1,
23,29,562,92,56,17,1,5,1,
23,30,444,143,60,15,1,5,1,
23,31,822,299,47,27,1,5,1,
23,32,748,282,19,12,1,5,1,
23,33,330,211,37,14,1,5,1,
23,37,803,132,80,37,1,5,1,
23,38,301,95,97,26,1,5,1,
23,39,768,72,10,17,1,5,1,
23,40,520,435,80,21,1,5,1,
23,41,747,62,30,19,1,5,1,
23,42,302,134,51,14,1,5,1,
23,43,606,207,38,17,1,5,1,
23,44,536,197,24,18,1,5,1,
23,45,396,379,90,25,1,5,1,
23,46,54,264,53,28,1,5,1,
23,47,40,427,21,21,1,5,1,
24,1,594,367,25,8,1,5,1,
24,2,852,222,54,17,1,5,1,
24,3,565,247,94,27,1,5,1,
24,6,73,303,25,18,1,5,1,
24,7,690,396,53,20,1,5,1,
24,8,306,193,52,19,1,5,1,
24,9,691,284,13,11,1,5,1,
24,10,517,438,79,20,1,5,1,
24,11,917,283,21,14,1,5,1,
24,14,761,389,49,20,1,5,1,
24,15,198,442,264,84,1,5,1,
24,16,640,399,48,14,1,5,1,
24,17,514,187,13,21,1,5,1,
24,18,874,36,86,76,1,5,1,
24,19,838,450,16,14,1,5,1,
24,21,127,127,61,20,1,5,1,
24,22,492,368,43,10,1,5,1,
24,23,638,346,120,28,1,5,1,
24,27,315,72,80,22,1,5,1,
24,28,636,240,43,13,1,5,1,
24,29,570,93,56,17,1,5,1,
24,30,448,142,61,15,1,5,1,
24,31,822,298,56,26,1,5,1,
24,32,747,281,20,12,1,5,1,
24,33,334,212,39,14,1,5,1,
24,37,814,134,77,36,1,5,1,
24,38,311,95,97,27,1,5,1,
24,39,768,74,9,17,1,5,1,
24,40,528,435,79,20,1,5,1,
24,41,751,63,29,19,1,5,1,
24,42,308,133,52,14,1,5,1,
24,43,612,207,33,17,1,5,1,
24,44,535,198,30,17,1,5,1,
24,45,403,379,91,25,1,5,1,
24,46,55,264,56,27,1,5,1,
24,47,41,429,22,21,1,5,1,
25,1,597,366,27,9,1,5,1,
25,2,862,222,45,18,1,5,1,
25,3,575,247,93,27,1,5,1,
25,6,75,303,25,19,1,5,1,
25,7,695,395,53,20,1,5,1,
25,8,310,195,54,17,1,5,1,
25,9,692,284,13,11,1,5,1,
25,10,523,438,79,20,1,5,1,
25,11,916,283,21,14,1,5,1,
25,14,768,388,47,20,1,5,1,
25,15,214,445,273,85,1,5,1,
25,16,646,399,48,14,1,5,1,
25,17,514,189,14,20,1,5,1,
25,18,889,39,71,61,1,5,1,
25,19,837,449,16,13,1,5,1,
25,21,136,129,55,18,1,5,1,
25,22,498,368,44,11,1,5,1,
25,23,649,346,120,28,1,5,1,
25,27,322,72,81,22,1,5,1,
25,28,642,240,43,13,1,5,1,
25,29,578,93,56,17,1,5,1,
25,30,453,142,61,14,1,5,1,
25,31,825,297,62,26,1,5,1,
25,32,746,281,20,12,1,5,1,
25,33,338,213,40,13,1,5,1,
25,37,824,135,75,36,1,5,1,
25,38,320,95,98,27,1,5,1,
25,39,768,75,9,17,1,5,1,
25,40,534,434,81,21,1,5,1,
25,41,755,65,28,19,1,5,1,
25,42,314,133,53,14,1,5,1,
25,43,617,206,28,18,1,5,1,
25,44,536,199,34,16,1,5,1,
25,45,410,380,91,25,1,5,1,
25,46,54,264,61,28,1,5,1,
25,47,41,430,23,21,1,5,1,
26,1,600,366,29,9,1,5,1,
26,2,871,222,38,18,1,5,1,
26,3,586,248,90,26,1,5,1,
26,6,76,303,26,19,1,5,1,
26,7,700,395,52,19,1,5,1,
26,8,315,197,54,16,1,5,1,
26,9,693,284,13,11,1,5,1,
26,10,529,439,79,19,1,5,1,
26,11,914,283,22,14,1,5,1,
26,14,774,387,46,20,1,5,1,
26,15,230,448,282,86,1,5,1,
26,16,652,398,50,14,1,5,1,
26,17,513,191,16,19,1,5,1,
26,18,904,41,56,61,1,5,1,
26,19,836,447,16,13,1,5,1,
26,21,144,129,49,18,1,5,1,
26,22,505,368,43,11,1,5,1,
26,23,659,346,121,28,1,5,1,
26,27,330,71,81,23,1,5,1,
26,28,647,240,44,14,1,5,1,
26,29,587,94,54,17,1,5,1,
26,30,457,141,62,15,1,5,1,
26,31,829,296,67,26,1,5,1,
26,32,745,281,20,12,1,5,1,
26,33,343,214,41,13,1,5,1,
26,37,834,137,73,35,1,5,1,
26,38,331,95,97,27,1,5,1,
26,39,767,77,10,17,1,5,1,
26,40,540,433,82,21,1,5,1,
26,41,759,66,27,19,1,5,1,
26,42,321,133,53,14,1,5,1,
26,43,623,206,23,17,1,5,1,
26,44,537,199,38,16,1,5,1,
26,45,417,380,92,26,1,5,1,
26,46,55,264,66,29,1,5,1,
26,47,42,432,24,21,1,5,1,
27,1,604,366,30,9,1,5,1,
27,2,877,223,37,17,1,5,1,
27,3,596,248,88,26,1,5,1,
27,6,78,304,27,19,1,5,1,
27,7,704,394,52,19,1,5,1,
27,8,321,198,54,15,1,5,1,
27,9,694,284,12,11,1,5,1,
27,10,535,439,79,19,1,5,1,
27,11,913,283,22,13,1,5,1,
27,14,779,387,46,19,1,5,1,
27,15,248,452,289,86,1,5,1,
27,16,657,398,52,13,1,5,1,
27,17,512,193,20,18,1,5,1,
27,19,835,445,16,14,1,5,1,
27,21,152,128,42,18,1,5,1,
27,22,511,368,44,11,1,5,1,
27,23,670,346,120,28,1,5,1,
27,27,337,71,81,22,1,5,1,
27,28,653,241,45,13,1,5,1,
27,29,595,95,54,17,1,5,1,
27,30,461,140,63,15,1,5,1,
27,31,835,296,66,25,1,5,1,
27,32,744,281,20,12,1,5,1,
27,33,348,215,41,13,1,5,1,
27,36,811,0,55,17,1,5,1,
27,37,844,139,70,35,1,5,1,
27,38,341,95,97,27,1,5,1,
27,39,767,79,9,17,1,5,1,
27,40,548,433,81,21,1,5,1,
27,41,762,68,27,19,1,5,1,
27,42,328,132,53,15,1,5,1,
27,43,628,207,18,16,1,5,1,
27,44,539,200,42,15,1,5,1,
27,45,424,381,93,26,1,5,1,
27,46,59,264,67,29,1,5,1,
27,47,43,434,24,21,1,5,1,
28,1,609,366,29,8,1,5,1,
28,2,882,223,36,17,1,5,1,
28,3,605,248,87,26,1,5,1,
28,6,78,304,30,19,1,5,1,
28,7,709,393,51,20,1,5,1,
28,8,326,199,54,15,1,5,1,
28,9,694,284,13,11,1,5,1,
28,10,541,439,79,19,1,5,1,
28,11,912,283,22,13,1,5,1,
28,14,783,386,51,19,1,5,1,
28,15,266,455,298,86,1,5,1,
28,16,664,397,52,14,1,5,1,
28,17,511,194,25,18,1,5,1,
28,19,834,443,16,14,1,5,1,
28,21,160,127,34,18,1,5,1,
28,22,517,369,44,11,1,5,1,
28,23,681,346,120,28,1,5,1,
28,27,344,71,82,22,1,5,1,
28,28,659,241,44,13,1,5,1,
28,29,603,95,53,17,1,5,1,
28,30,466,138,62,16,1,5,1,
28,31,841,296,65,25,1,5,1,
28,32,743,281,20,12,1,5,1,
28,33,353,216,41,12,1,5,1,
28,36,819,0,54,19,1,5,1,
28,37,853,140,69,35,1,5,1,
28,38,351,96,97,26,1,5,1,
28,39,766,81,10,16,1,5,1,
28,40,556,433,80,21,1,5,1,
28,41,765,70,26,18,1,5,1,
28,42,334,132,54,14,1,5,1,
28,43,632,207,15,16,1,5,1,
28,44,542,200,44,16,1,5,1,
28,45,430,382,96,25,1,5,1,
28,46,61,264,72,29,1,5,1,
28,47,44,435,25,22,1,5,1,
29,1,613,366,30,8,1,5,1,
29,2,887,224,36,16,1,5,1,
29,3,615,248,85,26,1,5,1,
29,6,77,304,36,19,1,5,1,
29,7,714,393,51,19,1,5,1,
29,8,332,200,53,14,1,5,1,
29,9,695,284,12,11,1,5,1,
29,10,547,439,79,20,1,5,1,
29,11,911,283,21,13,1,5,1,
29,14,789,386,52,18,1,5,1,
29,15,285,457,305,85,1,5,1,
29,16,671,397,52,14,1,5,1,
29,17,511,196,29,17,1,5,1,
29,19,833,442,15,13,1,5,1,
29,21,167,126,27,17,1,5,1,
29,22,524,369,43,11,1,5,1,
29,23,691,346,121,28,1,5,1,
29,27,352,70,82,23,1,5,1,
29,28,665,241,44,13,1,5,1,
29,29,611,96,52,17,1,5,1,
29,30,471,137,62,17,1,5,1,
29,31,846,295,65,26,1,5,1,
29,32,742,281,20,12,1,5,1,
29,33,359,217,40,12,1,5,1,
29,36,827,0,53,21,1,5,1,
29,37,862,142,67,34,1,5,1,
29,38,361,96,97,27,1,5,1,
29,39,766,82,9,17,1,5,1,
29,40,563,432,80,21,1,5,1,
29,41,769,71,25,18,1,5,1,
29,42,341,132,54,14,1,5,1,
29,43,633,208,15,15,1,5,1,
29,44,544,200,47,16,1,5,1,
29,45,438,382,96,26,1,5,1,
29,46,64,264,75,30,1,5,1,
29,47,46,437,25,22,1,5,1,
30,1,618,365,28,9,1,5,1,
30,2,892,224,36,17,1,5,1,
30,3,624,248,83,26,1,5,1,
30,6,77,305,43,19,1,5,1,
30,7,719,392,50,19,1,5,1,
30,8,338,200,52,14,1,5,1,
30,9,695,284,12,10,1,5,1,
30,10,553,439,79,20,1,5,1,
30,11,909,283,22,13,1,5,1,
30,14,796,385,50,18,1,5,1,
30,15,305,460,313,83,1,5,1,
30,16,680,397,48,13,1,5,1,
30,17,512,198,34,16,1,5,1,
30,19,831,440,16,13,1,5,1,
30,21,171,123,25,19,1,5,1,
30,22,530,369,44,11,1,5,1,
30,23,703,346,119,28,1,5,1,
30,27,359,70,83,23,1,5,1,
30,28,671,241,42,13,1,5,1,
30,29,618,97,52,17,1,5,1,
30,30,476,136,62,17,1,5,1,
30,31,852,295,64,25,1,5,1,
30,32,740,281,21,11,1,5,1,
30,33,364,218,40,11,1,5,1,
30,36,834,0,53,23,1,5,1,
30,37,871,143,65,34,1,5,1,
30,38,371,96,97,27,1,5,1,
30,39,765,84,9,16,1,5,1,
30,40,571,432,79,21,1,5,1,
30,41,772,73,24,18,1,5,1,
30,42,348,131,54,15,1,5,1,
30,43,634,208,15,16,1,5,1,
30,44,547,201,49,16,1,5,1,
30,45,445,383,97,26,1,5,1,
30,46,67,264,79,30,1,5,1,
30,47,47,439,25,22,1,5,1,
31,1,623,365,27,8,1,5,1,
31,2,898,224,34,17,1,5,1,
31,3,634,248,81,26,1,5,1,
31,6,78,305,50,20,1,5,1,
31,7,724,391,48,19,1,5,1,
31,8,345,200,49,14,1,5,1,
31,9,695,283,12,11,1,5,1,
31,10,559,439,79,19,1,5,1,
31,11,908,283,22,12,1,5,1,
31,14,803,384,48,19,1,5,1,
31,15,326,461,319,82,1,5,1,
31,16,687,396,47,13,1,5,1,
31,17,514,199,37,15,1,5,1,
31,19,830,438,16,13,1,5,1,
31,21,173,122,25,18,1,5,1,
31,22,537,369,43,11,1,5,1,
31,23,713,346,119,28,1,5,1,
31,27,367,70,83,23,1,5,1,
31,28,677,241,41,13,1,5,1,
31,29,626,97,51,18,1,5,1,
31,30,481,136,62,17,1,5,1,
31,31,858,295,61,25,1,5,1,
31,32,739,281,21,11,1,5,1,
31,33,370,218,38,11,1,5,1,
31,36,840,0,54,25,1,5,1,
31,37,880,144,63,34,1,5,1,
31,38,382,97,96,27,1,5,1,
31,39,765,86,8,16,1,5,1,
31,40,579,432,77,20,1,5,1,
31,41,775,74,24,18,1,5,1,
31,42,355,131,55,15,1,5,1,
31,43,635,209,15,15,1,5,1,
31,44,550,202,52,15,1,5,1,
31,45,452,383,99,26,1,5,1,
31,46,70,264,84,31,1,5,1,
31,47,48,440,26,23,1,5,1,
32,1,627,364,27,9,1,5,1,
32,2,906,224,28,17,1,5,1,
32,3,643,248,79,26,1,5,1,
32,6,82,306,53,19,1,5,1,
32,7,729,391,46,18,1,5,1,
32,8,351,200,47,13,1,5,1,
32,9,695,283,12,11,1,5,1,
32,10,566,439,78,19,1,5,1,
32,11,906,282,22,13,1,5,1,
32,14,809,383,47,19,1,5,1,
32,15,348,462,324,81,1,5,1,
32,16,694,396,46,13,1,5,1,
32,17,516,200,41,15,1,5,1,
32,19,829,437,16,12,1,5,1,
32,21,174,120,26,19,1,5,1,
32,22,543,369,43,11,1,5,1,
32,23,724,346,118,28,1,5,1,
32,27,374,70,84,23,1,5,1,
32,28,683,242,40,12,1,5,1,
32,29,634,98,50,17,1,5,1,
32,30,486,136,63,17,1,5,1,
32,31,863,295,64,24,1,5,1,
32,32,738,281,20,11,1,5,1,
32,33,376,218,36,11,1,5,1,
32,36,845,0,56,27,1,5,1,
32,37,888,146,61,33,1,5,1,
32,38,392,98,95,27,1,5,1,
32,39,764,87,9,16,1,5,1,
32,40,586,431,77,21,1,5,1,
32,41,778,76,23,18,1,5,1,
32,42,362,131,55,15,1,5,1,
32,43,636,209,15,15,1,5,1,
32,44,554,202,54,15,1,5,1,
32,45,460,384,99,26,1,5,1,
32,46,74,264,88,31,1,5,1,
32,47,50,442,26,23,1,5,1,
33,1,631,364,26,8,1,5,1,
33,2,913,225,23,15,1,5,1,
33,3,652,248,77,26,1,5,1,
33,6,87,306,56,20,1,5,1,
33,7,734,390,45,18,1,5,1,
33,8,356,200,46,13,1,5,1,
33,9,695,283,12,11,1,5,1,
33,10,572,439,78,19,1,5,1,
33,11,905,282,22,13,1,5,1,
33,14,816,383,45,18,1,5,1,
33,15,372,463,327,80,1,5,1,
33,16,700,395,46,13,1,5,1,
33,17,520,201,42,13,1,5,1,
33,19,827,435,16,13,1,5,1,
33,21,176,119,26,19,1,5,1,
33,22,550,369,43,11,1,5,1,
33,23,735,346,117,28,1,5,1,
33,27,381,68,85,24,1,5,1,
33,28,688,242,40,12,1,5,1,
33,29,641,99,49,17,1,5,1,
33,30,491,136,63,17,1,5,1,
33,31,871,294,63,25,1,5,1,
33,32,736,281,21,11,1,5,1,
33,33,381,218,35,11,1,5,1,
33,36,850,0,57,29,1,5,1,
33,37,897,147,58,33,1,5,1,
33,38,402,100,95,27,1,5,1,
33,39,763,89,9,16,1,5,1,
33,40,594,431,75,20,1,5,1,
33,41,781,77,22,18,1,5,1,
33,42,368,131,56,15,1,5,1,
33,43,637,210,15,15,1,5,1,
33,44,558,202,56,14,1,5,1,
33,45,468,384,100,27,1,5,1,
33,46,79,264,90,31,1,5,1,
33,47,51,444,27,23,1,5,1,
34,1,636,364,25,8,1,5,1,
34,2,916,226,23,15,1,5,1,
34,3,661,248,76,25,1,5,1,
34,6,94,307,56,19,1,5,1,
34,7,738,389,44,19,1,5,1,
34,8,361,200,45,13,1,5,1,
34,9,696,283,11,11,1,5,1,
34,10,578,439,77,19,1,5,1,
34,11,904,282,21,13,1,5,1,
34,14,822,382,43,18,1,5,1,
34,15,397,463,328,80,1,5,1,
34,16,707,395,44,13,1,5,1,
34,17,524,202,44,12,1,5,1,
34,19,826,434,16,12,1,5,1,
34,21,177,117,27,19,1,5,1,
34,22,556,369,43,10,1,5,1,
34,23,743,346,126,29,1,5,1,
34,27,389,67,84,25,1,5,1,
34,28,695,241,36,13,1,5,1,
34,29,648,100,49,17,1,5,1,
34,30,496,136,63,17,1,5,1,
34,31,879,294,54,25,1,5,1,
34,32,735,281,21,11,1,5,1,
34,33,387,218,32,11,1,5,1,
34,36,855,0,58,31,1,5,1,
34,37,904,149,55,32,1,5,1,
34,38,412,101,93,27,1,5,1,
34,39,762,91,9,15,1,5,1,
34,40,601,430,75,21,1,5,1,
34,41,784,79,21,17,1,5,1,
34,42,375,131,56,15,1,5,1,
34,43,638,210,15,15,1,5,1,
34,44,563,202,57,14,1,5,1,
34,45,476,385,100,26,1,5,1,
34,46,85,264,92,31,1,5,1,
34,47,53,446,28,23,1,5,1,
35,1,640,363,24,8,1,5,1,
35,2,918,226,22,16,1,5,1,
35,3,669,248,75,25,1,5,1,
35,6,100,307,58,20,1,5,1,
35,7,743,388,42,19,1,5,1,
35,8,366,199,44,14,1,5,1,
35,9,696,283,11,10,1,5,1,
35,10,584,439,77,19,1,5,1,
35,11,902,282,22,12,1,5,1,
35,14,828,381,42,18,1,5,1,
35,15,423,463,327,80,1,5,1,
35,16,714,394,43,13,1,5,1,
35,17,528,201,46,13,1,5,1,
35,19,824,432,16,12,1,5,1,
35,21,179,115,28,20,1,5,1,
35,22,562,369,43,10,1,5,1,
35,23,753,346,131,29,1,5,1,
35,27,397,67,84,25,1,5,1,
35,28,700,242,35,12,1,5,1,
35,29,655,101,48,17,1,5,1,
35,30,501,136,64,17,1,5,1,
35,31,885,294,48,24,1,5,1,
35,32,733,281,21,10,1,5,1,
35,33,392,218,30,10,1,5,1,
35,36,859,0,60,33,1,5,1,
35,37,912,150,48,32,1,5,1,
35,38,422,101,92,28,1,5,1,
35,39,762,92,8,16,1,5,1,
35,40,608,430,74,20,1,5,1,
35,41,786,80,21,18,1,5,1,
35,42,382,131,57,14,1,5,1,
35,43,639,211,15,15,1,5,1,
35,44,567,201,58,15,1,5,1,
35,45,483,385,102,27,1,5,1,
35,46,91,264,94,32,1,5,1,
35,47,54,448,29,23,1,5,1,
36,1,644,363,24,8,1,5,1,
36,2,919,227,22,15,1,5,1,
36,3,676,248,76,25,1,5,1,
36,6,107,307,59,20,1,5,1,
36,7,747,388,42,18,1,5,1,
36,8,370,199,44,13,1,5,1,
36,9,696,283,11,10,1,5,1,
36,10,590,439,77,19,1,5,1,
36,11,901,282,21,12,1,5,1,
36,14,834,380,40,18,1,5,1,
36,15,449,463,326,80,1,5,1,
36,16,720,394,43,13,1,5,1,
36,17,532,201,48,12,1,5,1,
36,19,823,431,16,12,1,5,1,
36,21,181,114,28,19,1,5,1,
36,22,569,368,42,11,1,5,1,
36,23,764,347,132,29,1,5,1,
36,27,405,68,84,24,1,5,1,
36,28,705,242,34,12,1,5,1,
36,29,663,102,46,17,1,5,1,
36,30,507,136,63,16,1,5,1,
36,31,889,294,47,24,1,5,1,
36,32,732,281,21,10,1,5,1,
36,33,395,218,30,10,1,5,1,
36,36,863,0,62,35,1,5,1,
36,37,919,151,41,32,1,5,1,
36,38,432,102,91,27,1,5,1,
36,39,761,94,8,15,1,5,1,
36,40,616,429,72,21,1,5,1,
36,41,789,81,20,18,1,5,1,
36,42,389,131,57,14,1,5,1,
36,43,640,211,15,15,1,5,1,
36,44,572,201,58,14,1,5,1,
36,45,491,386,103,26,1,5,1,
36,46,97,264,96,32,1,5,1,
36,47,56,449,30,24,1,5,1,
37,1,648,363,23,8,1,5,1,
37,2,920,227,22,16,1,5,1,
37,3,681,248,80,25,1,5,1,
37,6,114,308,60,20,1,5,1,
37,7,751,387,41,18,1,5,1,
37,8,374,199,44,13,1,5,1,
37,9,696,283,11,10,1,5,1,
37,10,596,438,77,20,1,5,1,
37,11,899,282,22,12,1,5,1,
37,14,839,379,39,18,1,5,1,
37,15,476,462,324,81,1,5,1,
37,16,726,393,42,13,1,5,1,
37,17,537,201,49,12,1,5,1,
37,19,821,429,16,12,1,5,1,
37,21,183,112,29,20,1,5,1,
37,22,575,368,42,11,1,5,1,
37,23,776,347,132,29,1,5,1,
37,27,413,68,83,25,1,5,1,
37,28,710,242,32,12,1,5,1,
37,29,669,103,47,17,1,5,1,
37,30,512,135,63,17,1,5,1,
37,31,893,294,46,24,1,5,1,
37,32,730,280,22,11,1,5,1,
37,33,399,217,30,11,1,5,1,
37,36,867,0,63,38,1,5,1,
37,37,926,153,34,31,1,5,1,
37,38,442,102,90,28,1,5,1,
37,39,760,96,8,14,1,5,1,
37,40,623,429,71,20,1,5,1,
37,41,791,83,20,17,1,5,1,
37,42,397,131,56,14,1,5,1,
37,43,641,212,14,14,1,5,1,
37,44,577,201,58,14,1,5,1,
37,45,500,386,103,27,1,5,1,
37,46,103,264,98,32,1,5,1,
37,47,58,451,30,25,1,5,1,
38,1,651,362,24,8,1,5,1,
38,2,921,228,22,15,1,5,1,
38,3,685,247,87,25,1,5,1,
38,6,121,308,62,20,1,5,1,
38,7,755,386,40,18,1,5,1,
38,8,378,198,45,14,1,5,1,
38,9,696,283,11,10,1,5,1,
38,10,602,438,76,20,1,5,1,
38,11,897,282,22,12,1,5,1,
38,14,844,379,38,17,1,5,1,
38,15,503,462,322,81,1,5,1,
38,16,732,393,42,13,1,5,1,
38,17,542,200,50,12,1,5,1,
38,19,819,428,17,11,1,5,1,
38,21,185,110,30,20,1,5,1,
38,22,582,368,41,11,1,5,1,
38,23,787,347,133,29,1,5,1,
38,27,421,68,83,26,1,5,1,
38,28,714,242,32,13,1,5,1,
38,29,676,104,47,17,1,5,1,
38,30,517,135,63,17,1,5,1,
38,31,893,294,54,23,1,5,1,
38,32,728,280,22,11,1,5,1,
38,33,402,217,31,11,1,5,1,
38,36,869,0,67,40,1,5,1,
38,37,933,154,27,30,1,5,1,
38,38,452,103,88,28,1,5,1,
38,39,759,97,8,15,1,5,1,
38,40,630,428,71,21,1,5,1,
38,41,794,84,19,18,1,5,1,
38,42,404,131,57,14,1,5,1,
38,43,641,212,15,14,1,5,1,
38,44,582,201,58,14,1,5,1,
38,45,508,387,104,26,1,5,1,
38,46,110,264,100,32,1,5,1,
38,47,60,453,31,25,1,5,1,
39,1,655,362,23,8,1,5,1,
39,2,922,228,22,15,1,5,1,
39,3,692,247,88,25,1,5,1,
39,6,128,308,63,21,1,5,1,
39,7,759,386,40,18,1,5,1,
39,8,382,198,46,13,1,5,1,
39,9,695,283,12,10,1,5,1,
39,10,608,438,76,20,1,5,1,
39,11,896,282,22,12,1,5,1,
39,14,849,378,38,17,1,5,1,
39,15,530,461,319,82,1,5,1,
39,16,738,392,41,13,1,5,1,
39,17,548,199,50,13,1,5,1,
39,19,817,426,17,12,1,5,1,
39,21,187,109,32,20,1,5,1,
39,22,588,368,41,11,1,5,1,
39,23,799,347,133,30,1,5,1,
39,27,430,69,82,25,1,5,1,
39,28,719,242,31,13,1,5,1,
39,29,682,105,47,16,1,5,1,
39,30,522,135,64,16,1,5,1,
39,31,898,293,53,24,1,5,1,
39,32,727,280,22,11,1,5,1,
39,33,405,217,32,10,1,5,1,
39,36,875,0,66,42,1,5,1,
39,37,940,155,20,24,1,5,1,
39,38,462,104,87,28,1,5,1,
39,39,757,99,10,14,1,5,1,
39,40,637,428,70,20,1,5,1,
39,41,796,86,19,17,1,5,1,
39,42,411,131,57,15,1,5,1,
39,43,642,213,14,14,1,5,1,
39,44,586,200,59,15,1,5,1,
39,45,516,387,105,27,1,5,1,
39,46,116,263,103,34,1,5,1,
39,47,62,455,32,25,1,5,1,
40,1,659,361,21,8,1,5,1,
40,2,923,229,22,14,1,5,1,
40,3,702,247,87,24,1,5,1,
40,6,135,309,65,21,1,5,1,
40,7,763,385,39,18,1,5,1,
40,8,386,198,46,13,1,5,1,
40,9,695,283,12,10,1,5,1,
40,10,614,438,75,19,1,5,1,
40,11,894,282,22,11,1,5,1,
40,14,854,377,37,17,1,5,1,
40,15,556,460,318,83,1,5,1,
40,16,744,392,40,13,1,5,1,
40,17,553,199,51,13,1,5,1,
40,19,815,425,17,11,1,5,1,
40,21,189,107,34,20,1,5,1,
40,22,594,368,41,11,1,5,1,
40,23,814,348,127,30,1,5,1,
40,27,438,69,81,26,1,5,1,
40,28,723,243,30,12,1,5,1,
40,29,689,106,46,16,1,5,1,
40,30,527,135,64,16,1,5,1,
40,31,903,293,51,24,1,5,1,
40,32,725,280,22,11,1,5,1,
40,33,409,217,32,10,1,5,1,
40,36,879,0,67,44,1,5,1,
40,38,472,104,85,29,1,5,1,
40,39,756,100,10,14,1,5,1,
40,40,644,427,68,20,1,5,1,
40,41,799,87,18,17,1,5,1,
40,42,418,131,57,15,1,5,1,
40,43,642,213,15,14,1,5,1,
40,44,591,200,59,15,1,5,1,
40,45,525,388,105,26,1,5,1,
40,46,123,263,105,34,1,5,1,
40,47,65,457,32,25,1,5,1,
41,1,663,361,20,7,1,5,1,
41,2,924,229,21,15,1,5,1,
41,3,711,247,85,25,1,5,1,
41,6,143,309,66,21,1,5,1,
41,7,767,384,37,18,1,5,1,
41,8,390,197,47,14,1,5,1,
41,9,695,282,12,10,1,5,1,
41,10,620,438,75,19,1,5,1,
41,11,893,282,21,11,1,5,1,
41,14,859,376,36,18,1,5,1,
41,15,583,460,315,83,1,5,1,
41,16,750,391,40,13,1,5,1,
41,17,558,199,51,13,1,5,1,
41,19,814,423,17,11,1,5,1,
41,21,191,105,36,21,1,5,1,
41,22,600,368,41,11,1,5,1,
41,23,830,348,119,30,1,5,1,
41,27,446,70,80,26,1,5,1,
41,28,727,243,29,12,1,5,1,
41,29,696,107,45,16,1,5,1,
41,30,532,134,64,17,1,5,1,
41,31,907,293,50,23,1,5,1,
41,32,723,280,23,10,1,5,1,
41,33,412,216,34,11,1,5,1,
41,36,886,0,65,46,1,5,1,
41,38,481,105,84,28,1,5,1,
41,39,755,102,10,14,1,5,1,
41,40,651,426,67,21,1,5,1,
41,41,801,88,18,17,1,5,1,
41,42,426,131,56,15,1,5,1,
41,43,643,214,14,14,1,5,1,
41,44,596,200,59,15,1,5,1,
41,45,533,388,106,27,1,5,1,
41,46,130,263,107,34,1,5,1,
41,47,67,459,33,25,1,5,1,
42,1,666,360,19,8,1,5,1,
42,2,925,230,21,14,1,5,1,
42,3,721,247,83,25,1,5,1,
42,6,151,309,67,22,1,5,1,
42,7,770,384,37,17,1,5,1,
42,8,394,197,48,14,1,5,1,
42,9,695,282,11,10,1,5,1,
42,10,627,437,73,20,1,5,1,
42,11,891,281,21,12,1,5,1,
42,14,865,376,33,17,1,5,1,
42,15,610,459,312,84,1,5,1,
42,16,756,391,39,13,1,5,1,
42,17,563,199,51,13,1,5,1,
42,19,812,422,17,11,1,5,1,
42,21,194,103,37,21,1,5,1,
42,22,607,368,40,10,1,5,1,
42,23,845,348,112,31,1,5,1,
42,27,454,71,79,25,1,5,1,
42,28,731,243,29,12,1,5,1,
42,29,703,107,43,17,1,5,1,
42,30,537,134,64,17,1,5,1,
42,31,912,293,47,23,1,5,1,
42,32,721,280,23,10,1,5,1,
42,33,416,216,34,11,1,5,1,
42,36,892,0,64,48,1,5,1,
42,38,491,106,82,28,1,5,1,
42,39,754,103,10,14,1,5,1,
42,40,657,426,67,20,1,5,1,
42,41,804,89,16,18,1,5,1,
42,42,433,131,57,15,1,5,1,
42,43,643,214,14,14,1,5,1,
42,44,601,200,59,15,1,5,1,
42,45,542,388,105,27,1,5,1,
42,46,137,263,109,34,1,5,1,
42,47,69,461,34,26,1,5,1,
43,1,669,360,19,7,1,5,1,
43,2,925,230,21,14,1,5,1,
43,3,731,247,80,25,1,5,1,
43,6,159,310,69,21,1,5,1,
43,7,774,383,36,17,1,5,1,
43,8,398,197,49,14,1,5,1,
43,9,694,282,12,10,1,5,1,
43,10,633,437,73,20,1,5,1,
43,11,889,281,22,12,1,5,1,
43,14,869,375,32,17,1,5,1,
43,15,636,458,310,85,1,5,1,
43,16,761,390,39,13,1,5,1,
43,17,568,199,51,13,1,5,1,
43,19,810,421,17,10,1,5,1,
43,21,196,101,39,22,1,5,1,
43,22,613,368,40,10,1,5,1,
43,23,857,348,102,31,1,5,1,
43,27,462,71,79,26,1,5,1,
43,28,735,243,28,12,1,5,1,
43,29,709,108,43,17,1,5,1,
43,30,542,134,64,17,1,5,1,
43,31,916,293,43,23,1,5,1,
43,32,719,280,23,10,1,5,1,
43,33,420,216,34,11,1,5,1,
43,36,899,3,60,47,1,5,1,
43,38,500,107,80,28,1,5,1,
43,39,753,105,9,13,1,5,1,
43,40,664,425,65,20,1,5,1,
43,41,806,91,16,17,1,5,1,
43,42,440,131,57,15,1,5,1,
43,43,643,215,14,13,1,5,1,
43,44,606,200,58,15,1,5,1,
43,45,551,389,105,26,1,5,1,
43,46,145,263,111,35,1,5,1,
43,47,72,463,35,26,1,5,1,
44,1,673,359,18,8,1,5,1,
44,2,926,230,21,15,1,5,1,
44,3,740,247,78,25,1,5,1,
44,6,167,310,70,22,1,5,1,
44,7,778,382,35,18,1,5,1,
44,8,402,196,50,14,1,5,1,
44,9,694,282,12,10,1,5,1,
44,10,639,437,72,19,1,5,1,
44,11,887,281,22,12,1,5,1,
44,14,874,374,31,17,1,5,1,
44,15,662,458,297,85,1,5,1,
44,16,767,390,38,13,1,5,1,
44,17,573,199,50,13,1,5,1,
44,19,808,419,17,11,1,5,1,
44,21,199,100,40,21,1,5,1,
44,22,619,367,40,11,1,5,1,
44,23,868,348,92,30,1,5,1,
44,27,470,72,78,26,1,5,1,
44,28,739,243,27,12,1,5,1,
44,29,715,109,42,17,1,5,1,
44,30,547,134,64,17,1,5,1,
44,31,921,293,39,22,1,5,1,
44,32,718,280,23,10,1,5,1,
44,33,424,215,35,11,1,5,1,
44,35,1,536,18,8,1,5,1,
44,36,905,5,54,47,1,5,1,
44,38,509,108,79,28,1,5,1,
44,39,751,106,10,14,1,5,1,
44,40,671,424,64,20,1,5,1,
44,41,808,92,15,17,1,5,1,
44,42,448,131,56,15,1,5,1,
44,43,643,215,14,14,1,5,1,
44,44,611,200,58,14,1,5,1,
44,45,559,389,106,27,1,5,1,
44,46,152,263,114,35,1,5,1,
44,47,75,465,36,26,1,5,1,
45,1,676,359,17,7,1,5,1,
45,2,927,231,20,14,1,5,1,
45,3,748,248,77,24,1,5,1,
45,6,176,310,71,22,1,5,1,
45,7,781,381,35,18,1,5,1,
45,8,407,196,50,14,1,5,1,
45,9,693,282,13,10,1,5,1,
45,10,642,438,77,19,1,5,1,
45,11,886,281,21,11,1,5,1,
45,14,878,373,30,17,1,5,1,
45,15,689,457,271,86,1,5,1,
45,16,772,389,38,13,1,5,1,
45,17,578,199,50,13,1,5,1,
45,19,806,418,18,10,1,5,1,
45,21,202,98,42,22,1,5,1,
45,22,625,367,40,11,1,5,1,
45,23,879,348,81,30,1,5,1,
45,27,477,73,77,26,1,5,1,
45,28,743,243,26,12,1,5,1,
45,29,722,110,40,17,1,5,1,
45,30,553,134,63,17,1,5,1,
45,31,928,293,31,23,1,5,1,
45,33,428,215,36,11,1,5,1,
45,36,912,8,48,46,1,5,1,
45,38,518,109,77,28,1,5,1,
45,39,750,107,10,14,1,5,1,
45,40,677,424,64,20,1,5,1,
45,41,809,94,16,16,1,5,1,
45,42,455,131,56,15,1,5,1,
45,43,643,216,14,13,1,5,1,
45,44,616,200,58,14,1,5,1,
45,45,568,389,106,27,1,5,1,
45,46,160,263,116,35,1,5,1,
45,47,77,467,38,27,1,5,1,
46,1,679,358,17,8,1,5,1,
46,2,927,231,20,14,1,5,1,
46,3,757,248,75,24,1,5,1,
46,6,184,311,73,22,1,5,1,
46,7,785,381,33,17,1,5,1,
46,8,411,196,51,14,1,5,1,
46,9,693,282,13,10,1,5,1,
46,10,647,438,79,20,1,5,1,
46,11,884,281,21,11,1,5,1,
46,14,883,372,28,17,1,5,1,
46,15,715,457,245,86,1,5,1,
46,16,778,389,38,12,1,5,1,
46,17,583,199,50,13,1,5,1,
46,19,804,417,18,10,1,5,1,
46,21,205,96,43,22,1,5,1,
46,22,631,367,40,11,1,5,1,
46,23,890,348,70,29,1,5,1,
46,27,485,73,76,26,1,5,1,
46,28,746,244,25,11,1,5,1,
46,29,728,111,39,16,1,5,1,
46,30,558,134,63,17,1,5,1,
46,31,930,293,29,23,1,5,1,
46,33,432,215,36,11,1,5,1,
46,36,917,10,43,46,1,5,1,
46,38,527,110,75,28,1,5,1,
46,39,749,109,10,13,1,5,1,
46,40,683,423,63,20,1,5,1,
46,41,811,95,15,17,1,5,1,
46,42,462,132,57,14,1,5,1,
46,43,643,216,14,13,1,5,1,
46,44,621,200,57,14,1,5,1,
46,45,577,389,106,27,1,5,1,
46,46,168,263,118,35,1,5,1,
46,47,80,469,39,27,1,5,1,
47,1,681,358,17,7,1,5,1,
47,2,927,232,20,13,1,5,1,
47,3,766,248,73,24,1,5,1,
47,6,193,311,75,22,1,5,1,
47,7,788,380,33,17,1,5,1,
47,8,416,196,51,14,1,5,1,
47,9,692,282,13,9,1,5,1,
47,10,653,439,79,19,1,5,1,
47,11,882,281,22,11,1,5,1,
47,14,886,372,27,16,1,5,1,
47,15,740,456,220,85,1,5,1,
47,16,783,388,38,13,1,5,1,
47,17,588,199,50,13,1,5,1,
47,19,802,415,18,11,1,5,1,
47,21,209,94,44,22,1,5,1,
47,22,637,367,39,10,1,5,1,
47,23,900,348,60,28,1,5,1,
47,27,493,74,75,26,1,5,1,
47,28,750,244,24,12,1,5,1,
47,29,733,112,39,16,1,5,1,
47,30,563,134,63,17,1,5,1,
47,31,933,293,27,22,1,5,1,
47,33,436,215,37,11,1,5,1,
47,36,923,12,37,46,1,5,1,
47,38,535,111,75,28,1,5,1,
47,39,747,110,11,13,1,5,1,
47,40,690,423,62,19,1,5,1,
47,41,813,96,15,17,1,5,1,
47,42,469,132,57,15,1,5,1,
47,43,643,216,13,14,1,5,1,
47,44,626,200,57,15,1,5,1,
47,45,586,390,105,26,1,5,1,
47,46,176,263,121,36,1,5,1,
47,47,84,471,39,28,1,5,1,
48,1,684,357,16,8,1,5,1,
48,2,928,232,20,14,1,5,1,
48,3,773,248,73,23,1,5,1,
48,6,202,311,76,23,1,5,1,
48,7,791,380,33,17,1,5,1,
48,8,420,195,53,15,1,5,1,
48,9,692,282,12,9,1,5,1,
48,10,659,439,79,19,1,5,1,
48,11,880,281,22,11,1,5,1,
48,14,890,371,27,16,1,5,1,
48,15,766,455,194,75,1,5,1,
48,16,789,388,37,12,1,5,1,
48,17,593,199,50,13,1,5,1,
48,19,800,414,18,10,1,5,1,
48,21,212,92,46,23,1,5,1,
48,22,643,367,39,10,1,5,1,
48,23,910,350,50,26,1,5,1,
48,27,500,75,75,26,1,5,1,
48,28,753,244,26,11,1,5,1,
48,29,739,113,38,16,1,5,1,
48,30,568,134,63,17,1,5,1,
48,31,936,292,24,22,1,5,1,
48,33,440,215,38,11,1,5,1,
48,36,929,15,31,45,1,5,1,
48,38,544,112,72,28,1,5,1,
48,39,746,112,11,13,1,5,1,
48,40,696,422,61,20,1,5,1,
48,41,815,98,14,16,1,5,1,
48,42,477,132,56,15,1,5,1,
48,43,643,217,13,14,1,5,1,
48,44,630,200,58,15,1,5,1,
48,45,595,390,105,26,1,5,1,
48,46,185,263,122,36,1,5,1,
48,47,87,474,40,27,1,5,1,
49,1,687,357,16,7,1,5,1,
49,2,928,233,20,13,1,5,1,
49,3,781,248,71,23,1,5,1,
49,6,211,312,78,22,1,5,1,
49,7,795,379,31,17,1,5,1,
49,8,425,195,53,15,1,5,1,
49,9,691,282,13,9,1,5,1,
49,10,666,439,78,19,1,5,1,
49,11,879,281,21,11,1,5,1,
49,14,894,370,26,16,1,5,1,
49,15,792,455,168,75,1,5,1,
49,16,794,387,37,13,1,5,1,
49,17,598,199,50,13,1,5,1,
49,19,798,413,18,10,1,5,1,
49,21,216,90,48,23,1,5,1,
49,22,649,366,39,11,1,5,1,
49,23,920,352,40,21,1,5,1,
49,27,508,76,73,26,1,5,1,
49,28,757,243,26,12,1,5,1,
49,29,745,114,36,16,1,5,1,
49,30,573,134,63,17,1,5,1,
49,31,940,292,20,22,1,5,1,
49,33,444,214,39,11,1,5,1,
49,36,934,17,26,45,1,5,1,
49,38,552,113,71,28,1,5,1,
49,39,744,113,11,13,1,5,1,
49,40,702,421,60,20,1,5,1,
49,41,816,99,14,16,1,5,1,
49,42,484,132,56,15,1,5,1,
49,43,642,218,13,14,1,5,1,
49,44,634,201,59,15,1,5,1,
49,45,603,389,107,27,1,5,1,
49,46,193,263,125,36,1,5,1,
49,47,90,476,42,27,1,5,1,
50,1,690,356,15,8,1,5,1,
50,2,928,233,20,13,1,5,1,
50,3,789,248,70,23,1,5,1,
50,6,221,312,79,23,1,5,1,
50,7,801,377,23,18,1,5,1,
50,8,430,195,53,14,1,5,1,
50,9,690,282,13,9,1,5,1,
50,10,672,439,77,19,1,5,1,
50,11,877,281,21,10,1,5,1,
50,14,898,369,24,16,1,5,1,
50,15,817,464,143,65,1,5,1,
50,16,799,387,36,12,1,5,1,
50,17,603,199,49,13,1,5,1,
50,19,796,412,18,9,1,5,1,
50,21,219,88,50,23,1,5,1,
50,22,655,366,38,11,1,5,1,
50,27,515,77,72,26,1,5,1,
50,28,761,243,27,11,1,5,1,
50,29,750,115,36,16,1,5,1,
50,30,578,135,64,17,1,5,1,
50,31,943,292,17,21,1,5,1,
50,33,449,214,38,11,1,5,1,
50,36,940,19,20,45,1,5,1,
50,38,560,114,70,28,1,5,1,
50,39,743,114,11,13,1,5,1,
50,40,708,421,59,19,1,5,1,
50,41,818,100,13,16,1,5,1,
50,42,491,133,56,15,1,5,1,
50,43,641,218,13,15,1,5,1,
50,44,639,202,59,15,1,5,1,
50,45,611,389,108,27,1,5,1,
50,46,202,263,127,36,1,5,1,
50,47,94,478,43,28,1,5,1,
51,1,693,356,13,7,1,5,1,
51,2,929,233,19,14,1,5,1,
51,3,796,248,70,23,1,5,1,
51,6,231,312,80,23,1,5,1,
51,7,803,376,21,18,1,5,1,
51,8,434,195,55,14,1,5,1,
51,9,690,281,13,10,1,5,1,
51,10,678,438,77,19,1,5,1,
51,11,875,281,21,10,1,5,1,
51,14,901,368,23,17,1,5,1,
51,15,842,468,118,57,1,5,1,
51,16,805,386,35,13,1,5,1,
51,17,607,200,50,12,1,5,1,
51,19,793,410,19,10,1,5,1,
51,21,223,87,52,23,1,5,1,
51,22,661,366,38,10,1,5,1,
51,27,523,78,71,26,1,5,1,
51,28,766,243,25,11,1,5,1,
51,29,755,116,35,16,1,5,1,
51,30,583,135,63,17,1,5,1,
51,31,945,292,15,21,1,5,1,
51,33,453,214,39,11,1,5,1,
51,38,568,115,68,28,1,5,1,
51,39,741,115,11,13,1,5,1,
51,40,714,420,58,19,1,5,1,
51,41,819,102,13,16,1,5,1,
51,42,498,133,55,15,1,5,1,
51,43,641,219,12,14,1,5,1,
51,44,644,202,59,15,1,5,1,
51,45,621,389,106,27,1,5,1,
51,46,211,263,130,36,1,5,1,
51,47,97,480,45,28,1,5,1,
52,1,696,355,11,8,1,5,1,
52,2,929,234,19,13,1,5,1,
52,3,805,248,66,23,1,5,1,
52,6,241,313,82,23,1,5,1,
52,7,803,375,21,18,1,5,1,
52,8,439,195,55,14,1,5,1,
52,9,689,281,13,9,1,5,1,
52,10,683,436,77,20,1,5,1,
52,11,873,281,21,10,1,5,1,
52,14,904,368,23,16,1,5,1,
52,16,810,386,34,12,1,5,1,
52,17,612,200,50,12,1,5,1,
52,19,791,409,19,10,1,5,1,
52,21,227,85,54,23,1,5,1,
52,22,667,366,37,10,1,5,1,
52,27,530,78,70,26,1,5,1,
52,28,770,243,25,11,1,5,1,
52,29,760,117,34,16,1,5,1,
52,30,588,135,63,17,1,5,1,
52,31,947,293,13,20,1,5,1,
52,33,457,214,41,11,1,5,1,
52,38,575,117,70,26,1,5,1,
52,39,740,117,11,12,1,5,1,
52,40,723,420,53,19,1,5,1,
52,41,821,103,12,16,1,5,1,
52,42,506,133,54,15,1,5,1,
52,43,640,220,12,13,1,5,1,
52,44,648,202,60,15,1,5,1,
52,45,631,389,105,27,1,5,1,
52,46,221,263,131,37,1,5,1,
52,47,101,483,46,28,1,5,1,
53,1,698,354,9,8,1,5,1,
53,2,928,234,19,13,1,5,1,
53,3,813,248,64,23,1,5,1,
53,6,251,313,83,24,1,5,1,
53,7,802,374,22,18,1,5,1,
53,8,444,195,55,14,1,5,1,
53,9,688,281,13,9,1,5,1,
53,10,688,435,78,21,1,5,1,
53,11,871,280,21,11,1,5,1,
53,14,907,367,22,16,1,5,1,
53,16,815,385,34,13,1,5,1,
53,17,617,200,50,13,1,5,1,
53,19,789,408,19,9,1,5,1,
53,21,231,83,56,23,1,5,1,
53,22,672,365,37,11,1,5,1,
53,27,537,79,69,26,1,5,1,
53,28,775,243,23,11,1,5,1,
53,29,765,118,33,16,1,5,1,
53,30,594,136,61,17,1,5,1,
53,33,462,214,41,11,1,5,1,
53,38,583,118,69,26,1,5,1,
53,39,738,118,12,12,1,5,1,
53,40,732,420,46,18,1,5,1,
53,41,822,104,12,16,1,5,1,
53,42,513,132,55,16,1,5,1,
53,43,640,220,11,14,1,5,1,
53,44,653,202,59,15,1,5,1,
53,45,639,389,105,27,1,5,1,
53,46,230,263,134,37,1,5,1,
53,47,105,485,48,29,1,5,1,
54,1,700,354,8,7,1,5,1,
54,2,928,235,19,13,1,5,1,
54,3,821,249,61,22,1,5,1,
54,6,261,313,85,24,1,5,1,
54,7,803,373,21,18,1,5,1,
54,8,449,194,56,15,1,5,1,
54,9,688,281,12,9,1,5,1,
54,10,694,435,77,21,1,5,1,
54,11,870,280,20,11,1,5,1,
54,14,910,366,21,16,1,5,1,
54,16,820,385,33,12,1,5,1,
54,17,622,200,49,13,1,5,1,
54,19,787,407,19,9,1,5,1,
54,21,236,81,57,24,1,5,1,
54,22,678,365,36,10,1,5,1,
54,27,544,80,68,26,1,5,1,
54,28,779,244,22,10,1,5,1,
54,29,770,119,32,16,1,5,1,
54,30,599,136,58,18,1,5,1,
54,33,467,213,41,12,1,5,1,
54,38,590,119,68,26,1,5,1,
54,39,737,119,11,13,1,5,1,
54,40,741,419,39,19,1,5,1,
54,41,823,106,12,15,1,5,1,
54,42,520,132,54,15,1,5,1,
54,43,639,221,12,13,1,5,1,
54,44,658,202,59,15,1,5,1,
54,45,648,389,105,27,1,5,1,
54,46,239,262,137,38,1,5,1,
54,47,109,487,49,29,1,5,1,
55,1,701,353,8,8,1,5,1,
55,2,928,235,18,13,1,5,1,
55,3,829,249,58,22,1,5,1,
55,6,271,314,87,24,1,5,1,
55,7,803,372,21,18,1,5,1,
55,8,454,194,56,15,1,5,1,
55,9,687,281,13,9,1,5,1,
55,10,701,435,76,21,1,5,1,
55,11,868,280,20,11,1,5,1,
55,14,912,365,22,16,1,5,1,
55,16,823,385,38,12,1,5,1,
55,17,627,200,48,13,1,5,1,
55,19,785,406,19,9,1,5,1,
55,21,240,79,59,24,1,5,1,
55,22,684,365,35,10,1,5,1,
55,27,551,81,67,26,1,5,1,
55,28,783,244,21,10,1,5,1,
55,29,775,120,30,16,1,5,1,
55,30,604,136,57,18,1,5,1,
55,33,471,213,42,12,1,5,1,
55,38,598,119,67,26,1,5,1,
55,39,735,121,12,12,1,5,1,
55,40,750,419,31,18,1,5,1,
55,41,824,107,12,15,1,5,1,
55,42,528,132,52,16,1,5,1,
55,44,663,202,58,15,1,5,1,
55,45,658,389,103,27,1,5,1,
55,46,249,262,140,38,1,5,1,
55,47,114,489,50,30,1,5,1,
56,1,702,352,8,8,1,5,1,
56,2,927,236,18,12,1,5,1,
56,3,836,249,57,22,1,5,1,
56,6,282,314,89,24,1,5,1,
56,7,803,371,21,18,1,5,1,
56,8,459,194,57,15,1,5,1,
56,10,706,436,77,20,1,5,1,
56,11,866,280,21,10,1,5,1,
56,14,914,365,22,15,1,5,1,
56,16,826,385,43,12,1,5,1,
56,17,632,200,47,13,1,5,1,
56,19,783,405,19,9,1,5,1,
56,21,245,77,61,24,1,5,1,
56,22,689,365,36,10,1,5,1,
56,27,558,82,66,25,1,5,1,
56,28,786,244,20,10,1,5,1,
56,29,779,121,29,16,1,5,1,
56,30,609,136,56,18,1,5,1,
56,33,475,213,44,11,1,5,1,
56,38,606,120,64,26,1,5,1,
56,39,733,122,12,12,1,5,1,
56,40,754,418,30,18,1,5,1,
56,41,824,108,12,16,1,5,1,
56,42,535,132,49,16,1,5,1,
56,44,668,202,58,15,1,5,1,
56,45,666,389,103,27,1,5,1,
56,46,259,262,142,39,1,5,1,
56,47,118,492,52,29,1,5,1,
57,1,703,352,8,7,1,5,1,
57,2,926,236,19,12,1,5,1,
57,3,842,249,56,22,1,5,1,
57,6,293,315,91,24,1,5,1,
57,7,804,370,21,18,1,5,1,
57,8,464,194,57,15,1,5,1,
57,10,712,436,77,20,1,5,1,
57,11,864,280,21,10,1,5,1,
57,14,916,364,22,15,1,5,1,
57,16,831,385,47,12,1,5,1,
57,17,636,200,48,13,1,5,1,
57,19,780,403,19,10,1,5,1,
57,21,250,75,63,25,1,5,1,
57,22,695,365,35,10,1,5,1,
57,27,565,82,64,26,1,5,1,
57,28,789,244,20,10,1,5,1,
57,29,783,122,29,16,1,5,1,
57,30,613,137,56,18,1,5,1,
57,33,480,213,44,11,1,5,1,
57,38,614,121,62,26,1,5,1,
57,39,732,123,12,12,1,5,1,
57,40,758,417,29,18,1,5,1,
57,41,825,110,12,15,1,5,1,
57,42,542,132,48,17,1,5,1,
57,44,672,202,58,15,1,5,1,
57,45,675,389,103,27,1,5,1,
57,46,269,262,145,39,1,5,1,
57,47,123,494,53,30,1,5,1,
58,1,704,351,9,8,1,5,1,
58,2,926,236,18,12,1,5,1,
58,3,849,249,54,23,1,5,1,
58,6,304,315,93,24,1,5,1,
58,7,805,370,20,17,1,5,1,
58,8,469,193,57,15,1,5,1,
58,10,718,436,77,20,1,5,1,
58,11,862,280,21,10,1,5,1,
58,14,918,363,22,15,1,5,1,
58,16,839,385,42,12,1,5,1,
58,17,641,200,47,13,1,5,1,
58,19,778,402,19,9,1,5,1,
58,21,255,73,65,25,1,5,1,
58,22,701,365,35,10,1,5,1,
58,27,572,83,63,26,1,5,1,
58,28,792,244,19,10,1,5,1,
58,29,787,123,28,16,1,5,1,
58,30,618,137,55,18,1,5,1,
58,33,485,213,45,11,1,5,1,
58,38,621,122,60,26,1,5,1,
58,40,763,415,26,19,1,5,1,
58,41,826,111,12,15,1,5,1,
58,42,548,133,48,17,1,5,1,
58,44,677,202,58,15,1,5,1,
58,45,683,391,105,26,1,5,1,
58,46,280,262,147,39,1,5,1,
58,47,128,497,54,30,1,5,1,
59,1,705,351,9,7,1,5,1,
59,2,925,237,18,12,1,5,1,
59,3,855,250,53,22,1,5,1,
59,6,316,315,94,25,1,5,1,
59,7,805,369,21,17,1,5,1,
59,8,474,193,58,15,1,5,1,
59,10,724,436,77,20,1,5,1,
59,11,860,280,21,10,1,5,1,
59,14,920,362,21,15,1,5,1,
59,16,847,384,37,12,1,5,1,
59,17,646,201,46,12,1,5,1,
59,19,776,401,19,9,1,5,1,
59,21,260,71,67,25,1,5,1,
59,22,707,365,34,10,1,5,1,
59,27,578,84,62,26,1,5,1,
59,28,795,244,19,10,1,5,1,
59,29,791,124,27,16,1,5,1,
59,30,622,137,55,18,1,5,1,
59,33,490,213,45,11,1,5,1,
59,38,628,123,59,26,1,5,1,
59,40,767,414,23,19,1,5,1,
59,41,826,112,12,15,1,5,1,
59,42,555,134,46,16,1,5,1,
59,44,682,202,57,15,1,5,1,
59,45,692,392,107,27,1,5,1,
59,46,290,262,150,39,1,5,1,
59,47,133,499,56,31,1,5,1,
60,1,706,350,8,8,1,5,1,
60,2,925,237,17,12,1,5,1,
60,3,861,250,52,22,1,5,1,
60,6,327,316,96,24,1,5,1,
60,7,805,368,20,17,1,5,1,
60,8,480,192,58,15,1,5,1,
60,10,730,435,76,21,1,5,1,
60,11,858,280,21,10,1,5,1,
60,14,921,362,22,14,1,5,1,
60,16,854,383,31,12,1,5,1,
60,17,650,201,47,12,1,5,1,
60,19,774,400,19,9,1,5,1,
60,21,265,69,70,26,1,5,1,
60,22,712,364,33,10,1,5,1,
60,27,584,85,61,26,1,5,1,
60,28,797,245,19,9,1,5,1,
60,29,795,125,26,16,1,5,1,
60,30,627,138,53,18,1,5,1,
60,33,495,212,46,12,1,5,1,
60,38,635,124,57,26,1,5,1,
60,40,772,412,19,20,1,5,1,
60,41,827,113,12,15,1,5,1,
60,42,561,134,46,17,1,5,1,
60,44,687,202,57,15,1,5,1,
60,45,701,394,108,26,1,5,1,
60,46,301,262,152,40,1,5,1,
60,47,138,501,58,31,1,5,1,
61,1,707,350,8,7,1,5,1,
61,2,924,237,17,12,1,5,1,
61,3,868,250,50,22,1,5,1,
61,6,339,316,98,25,1,5,1,
61,7,805,367,20,17,1,5,1,
61,8,485,192,58,15,1,5,1,
61,10,736,435,75,20,1,5,1,
61,11,856,280,21,10,1,5,1,
61,14,923,361,21,15,1,5,1,
61,16,861,382,24,12,1,5,1,
61,17,655,201,45,12,1,5,1,
61,19,772,399,19,9,1,5,1,
61,21,271,67,72,26,1,5,1,
61,22,718,364,31,10,1,5,1,
61,27,591,87,59,25,1,5,1,
61,28,800,245,18,9,1,5,1,
61,29,799,127,24,15,1,5,1,
61,30,632,138,52,18,1,5,1,
61,33,500,212,46,12,1,5,1,
61,38,641,125,56,26,1,5,1,
61,40,773,411,19,19,1,5,1,
61,41,828,115,11,14,1,5,1,
61,42,567,135,45,17,1,5,1,
61,44,692,202,56,15,1,5,1,
61,45,711,396,109,26,1,5,1,
61,46,312,262,155,40,1,5,1,
61,47,143,504,60,31,1,5,1,
62,1,708,349,8,7,1,5,1,
62,2,923,238,18,11,1,5,1,
62,3,874,250,49,22,1,5,1,
62,6,352,316,99,25,1,5,1,
62,7,804,366,20,17,1,5,1,
62,8,491,192,58,14,1,5,1,
62,10,742,435,74,20,1,5,1,
62,11,855,280,20,9,1,5,1,
62,14,923,360,22,15,1,5,1,
62,16,867,381,18,12,1,5,1,
62,17,660,201,44,13,1,5,1,
62,19,769,398,20,9,1,5,1,
62,21,277,65,74,26,1,5,1,
62,22,723,364,31,10,1,5,1,
62,27,597,88,59,25,1,5,1,
62,28,803,245,18,10,1,5,1,
62,29,802,128,24,15,1,5,1,
62,30,636,138,52,19,1,5,1,
62,33,505,212,47,12,1,5,1,
62,38,648,126,54,26,1,5,1,
62,40,774,409,18,20,1,5,1,
62,41,828,116,11,14,1,5,1,
62,42,573,136,45,16,1,5,1,
62,44,696,202,57,15,1,5,1,
62,45,721,396,109,27,1,5,1,
62,46,324,262,157,40,1,5,1,
62,47,149,506,61,32,1,5,1,
63,1,708,348,8,8,1,5,1,
63,2,923,238,17,12,1,5,1,
63,3,879,250,49,22,1,5,1,
63,6,364,316,101,26,1,5,1,
63,7,804,365,20,17,1,5,1,
63,8,496,192,58,14,1,5,1,
63,10,748,435,74,20,1,5,1,
63,11,853,280,20,9,1,5,1,
63,14,924,359,21,15,1,5,1,
63,16,870,380,16,13,1,5,1,
63,17,664,201,44,13,1,5,1,
63,19,767,397,19,9,1,5,1,
63,21,283,63,76,27,1,5,1,
63,22,728,363,30,10,1,5,1,
63,27,603,89,58,25,1,5,1,
63,28,806,245,17,10,1,5,1,
63,29,806,129,23,15,1,5,1,
63,30,641,139,50,18,1,5,1,
63,33,510,212,48,11,1,5,1,
63,38,654,128,53,25,1,5,1,
63,40,775,407,18,20,1,5,1,
63,41,828,117,12,14,1,5,1,
63,42,579,137,44,16,1,5,1,
63,44,701,202,56,15,1,5,1,
63,45,731,397,108,26,1,5,1,
63,46,336,262,158,40,1,5,1,
63,47,155,509,63,32,1,5,1,
64,1,709,348,8,7,1,5,1,
64,2,922,238,17,12,1,5,1,
64,3,885,250,47,22,1,5,1,
64,6,377,317,102,25,1,5,1,
64,7,803,364,20,17,1,5,1,
64,8,502,192,58,14,1,5,1,
64,10,755,435,72,20,1,5,1,
64,11,851,280,20,9,1,5,1,
64,14,925,358,21,15,1,5,1,
64,16,870,379,17,13,1,5,1,
64,17,669,201,43,13,1,5,1,
64,19,765,396,19,9,1,5,1,
64,21,289,61,78,27,1,5,1,
64,22,734,363,27,10,1,5,1,
64,27,609,90,56,25,1,5,1,
64,28,809,245,16,10,1,5,1,
64,29,809,130,22,16,1,5,1,
64,30,645,139,49,18,1,5,1,
64,33,516,212,48,11,1,5,1,
64,38,660,129,52,25,1,5,1,
64,40,775,406,18,20,1,5,1,
64,41,829,118,11,15,1,5,1,
64,42,585,137,43,17,1,5,1,
64,44,706,202,55,15,1,5,1,
64,45,741,397,107,26,1,5,1,
64,46,348,262,160,41,1,5,1,
64,47,161,512,64,31,1,5,1,
65,1,709,347,8,7,1,5,1,
65,2,921,239,17,11,1,5,1,
65,3,894,251,40,22,1,5,1,
65,6,390,317,103,25,1,5,1,
65,7,802,364,20,16,1,5,1,
65,8,507,192,59,14,1,5,1,
65,10,761,434,71,20,1,5,1,
65,11,849,280,20,9,1,5,1,
65,14,925,357,21,15,1,5,1,
65,16,870,378,16,12,1,5,1,
65,17,674,201,39,13,1,5,1,
65,19,762,395,20,8,1,5,1,
65,21,295,59,81,27,1,5,1,
65,22,738,363,27,9,1,5,1,
65,27,615,91,55,25,1,5,1,
65,28,811,245,16,10,1,5,1,
65,29,812,131,21,15,1,5,1,
65,30,649,139,48,19,1,5,1,
65,33,521,211,48,12,1,5,1,
65,38,666,130,51,24,1,5,1,
65,40,775,404,18,20,1,5,1,
65,41,829,119,11,15,1,5,1,
65,42,591,138,42,16,1,5,1,
65,44,711,202,54,15,1,5,1,
65,45,752,397,104,27,1,5,1,
65,46,360,262,163,41,1,5,1,
65,47,167,514,66,29,1,5,1,
66,1,709,347,8,7,1,5,1,
66,2,920,239,18,11,1,5,1,
66,3,904,252,32,21,1,5,1,
66,6,404,317,104,26,1,5,1,
66,7,801,363,22,16,1,5,1,
66,8,513,192,58,14,1,5,1,
66,10,769,434,65,20,1,5,1,
66,11,847,280,20,9,1,5,1,
66,14,926,356,20,15,1,5,1,
66,16,869,377,16,12,1,5,1,
66,17,679,202,35,13,1,5,1,
66,19,760,394,20,8,1,5,1,
66,21,302,57,83,28,1,5,1,
66,22,743,362,26,10,1,5,1,
66,27,621,92,54,25,1,5,1,
66,28,814,246,14,9,1,5,1,
66,29,816,132,18,15,1,5,1,
66,30,654,140,46,18,1,5,1,
66,33,526,210,49,12,1,5,1,
66,38,672,131,50,24,1,5,1,
66,40,775,402,19,20,1,5,1,
66,41,829,121,11,14,1,5,1,
66,42,597,139,41,16,1,5,1,
66,44,715,202,54,15,1,5,1,
66,45,763,397,102,27,1,5,1,
66,46,372,262,165,41,1,5,1,
66,47,173,517,67,26,1,5,1,
67,1,709,346,8,7,1,5,1,
67,2,919,239,18,11,1,5,1,
67,3,909,252,30,21,1,5,1,
67,6,418,317,104,26,1,5,1,
67,7,802,362,19,16,1,5,1,
67,8,518,192,59,14,1,5,1,
67,10,779,434,57,20,1,5,1,
67,11,845,279,20,10,1,5,1,
67,14,926,356,21,14,1,5,1,
67,16,868,376,16,12,1,5,1,
67,17,683,202,33,13,1,5,1,
67,21,309,56,85,27,1,5,1,
67,22,748,362,24,9,1,5,1,
67,27,624,94,59,23,1,5,1,
67,28,816,246,13,9,1,5,1,
67,29,818,133,18,16,1,5,1,
67,30,658,140,44,19,1,5,1,
67,33,532,210,48,12,1,5,1,
67,38,677,132,50,24,1,5,1,
67,40,774,401,19,20,1,5,1,
67,41,830,122,11,14,1,5,1,
67,42,602,140,41,16,1,5,1,
67,44,720,202,52,15,1,5,1,
67,45,773,397,100,27,1,5,1,
67,46,385,262,166,41,1,5,1,
67,47,180,520,65,24,1,5,1,
68,1,710,346,8,7,1,5,1,
68,2,918,240,18,11,1,5,1,
68,3,914,252,27,21,1,5,1,
68,6,432,317,105,26,1,5,1,
68,7,800,361,21,16,1,5,1,
68,8,524,191,58,15,1,5,1,
68,10,789,434,47,19,1,5,1,
68,11,843,279,20,10,1,5,1,
68,14,927,355,20,14,1,5,1,
68,16,868,374,15,13,1,5,1,
68,17,686,202,32,13,1,5,1,
68,21,316,54,87,27,1,5,1,
68,22,752,361,23,10,1,5,1,
68,27,630,95,59,23,1,5,1,
68,28,817,246,12,9,1,5,1,
68,29,821,134,17,16,1,5,1,
68,30,662,140,43,20,1,5,1,
68,33,538,209,47,13,1,5,1,
68,38,683,133,49,24,1,5,1,
68,40,774,399,19,20,1,5,1,
68,41,830,123,11,14,1,5,1,
68,42,608,140,39,16,1,5,1,
68,44,726,202,48,15,1,5,1,
68,45,782,396,99,27,1,5,1,
68,46,399,262,167,41,1,5,1,
68,47,187,522,65,22,1,5,1,
69,1,710,345,7,7,1,5,1,
69,2,918,240,17,11,1,5,1,
69,3,915,252,29,20,1,5,1,
69,6,446,318,105,25,1,5,1,
69,7,801,360,18,16,1,5,1,
69,8,529,191,59,15,1,5,1,
69,10,798,433,38,19,1,5,1,
69,11,841,279,20,10,1,5,1,
69,14,927,354,20,14,1,5,1,
69,16,867,373,15,12,1,5,1,
69,17,690,202,30,14,1,5,1,
69,21,323,52,90,28,1,5,1,
69,22,756,361,22,9,1,5,1,
69,27,636,96,58,22,1,5,1,
69,28,818,246,12,9,1,5,1,
69,29,823,135,17,16,1,5,1,
69,30,666,141,41,19,1,5,1,
69,33,544,209,46,12,1,5,1,
69,38,688,134,48,24,1,5,1,
69,40,774,398,19,19,1,5,1,
69,41,830,124,11,14,1,5,1,
69,42,613,141,39,16,1,5,1,
69,44,732,202,43,15,1,5,1,
69,45,791,396,97,27,1,5,1,
69,46,412,262,168,41,1,5,1,
69,47,194,525,64,19,1,5,1,
70,1,710,345,8,6,1,5,1,
70,2,918,241,16,10,1,5,1,
70,3,915,251,32,20,1,5,1,
70,6,460,318,106,25,1,5,1,
70,7,799,359,21,16,1,5,1,
70,8,535,191,58,15,1,5,1,
70,10,807,432,29,20,1,5,1,
70,11,839,279,20,9,1,5,1,
70,14,928,353,20,14,1,5,1,
70,16,866,372,16,12,1,5,1,
70,17,693,203,29,13,1,5,1,
70,21,331,50,92,28,1,5,1,
70,22,760,360,21,10,1,5,1,
70,27,642,96,57,23,1,5,1,
70,28,818,246,13,10,1,5,1,
70,29,825,137,16,15,1,5,1,
70,30,670,141,39,19,1,5,1,
70,33,550,209,45,12,1,5,1,
70,38,694,135,47,24,1,5,1,
70,40,774,397,19,19,1,5,1,
70,41,830,125,11,14,1,5,1,
70,42,618,142,38,16,1,5,1,
70,44,738,201,37,16,1,5,1,
70,45,799,396,97,26,1,5,1,
70,46,425,262,169,42,1,5,1,
70,47,201,528,67,16,1,5,1,
71,1,710,344,8,7,1,5,1,
71,2,917,241,17,11,1,5,1,
71,3,916,251,34,20,1,5,1,
71,6,475,318,105,25,1,5,1,
71,7,800,359,18,15,1,5,1,
71,8,541,191,57,15,1,5,1,
71,10,813,430,22,21,1,5,1,
71,11,837,279,20,9,1,5,1,
71,14,928,353,19,13,1,5,1,
71,16,865,371,16,12,1,5,1,
71,17,696,203,28,13,1,5,1,
71,21,339,48,93,28,1,5,1,
71,22,764,360,20,9,1,5,1,
71,27,648,97,56,23,1,5,1,
71,28,818,247,13,9,1,5,1,
71,29,825,138,21,14,1,5,1,
71,30,675,141,35,20,1,5,1,
71,33,556,209,44,12,1,5,1,
71,38,699,136,46,24,1,5,1,
71,40,774,395,19,19,1,5,1,
71,41,830,126,11,14,1,5,1,
71,42,624,143,37,16,1,5,1,
71,44,744,201,33,16,1,5,1,
71,45,808,396,95,25,1,5,1,
71,46,440,262,169,42,1,5,1,
71,47,208,530,69,14,1,5,1,
72,1,710,344,8,6,1,5,1,
72,2,916,241,18,11,1,5,1,
72,3,918,251,35,20,1,5,1,
72,6,490,318,104,25,1,5,1,
72,7,801,358,18,15,1,5,1,
72,8,546,191,58,15,1,5,1,
72,10,814,428,22,22,1,5,1,
72,11,835,279,20,9,1,5,1,
72,14,927,352,20,13,1,5,1,
72,16,864,370,16,12,1,5,1,
72,17,700,203,26,13,1,5,1,
72,21,346,46,97,29,1,5,1,
72,22,768,359,19,10,1,5,1,
72,27,654,98,55,22,1,5,1,
72,28,817,247,13,9,1,5,1,
72,29,827,139,24,14,1,5,1,
72,30,678,142,34,19,1,5,1,
72,33,561,209,44,12,1,5,1,
72,38,705,137,44,23,1,5,1,
72,40,774,394,18,18,1,5,1,
72,41,830,127,11,14,1,5,1,
72,42,629,144,36,15,1,5,1,
72,44,750,201,28,16,1,5,1,
72,45,817,395,94,26,1,5,1,
72,46,454,262,169,42,1,5,1,
73,1,711,343,7,7,1,5,1,
73,2,915,241,18,11,1,5,1,
73,3,922,251,34,20,1,5,1,
73,6,504,317,104,26,1,5,1,
73,7,803,358,17,14,1,5,1,
73,8,552,191,57,15,1,5,1,
73,10,815,427,22,22,1,5,1,
73,11,833,279,20,9,1,5,1,
73,14,927,351,19,14,1,5,1,
73,16,863,369,16,12,1,5,1,
73,17,703,203,24,14,1,5,1,
73,21,355,45,98,28,1,5,1,
73,22,771,359,19,9,1,5,1,
73,27,660,99,54,22,1,5,1,
73,28,816,247,12,9,1,5,1,
73,29,830,140,27,13,1,5,1,
73,30,682,142,32,20,1,5,1,
73,33,567,210,43,11,1,5,1,
73,38,710,138,43,23,1,5,1,
73,40,774,393,18,18,1,5,1,
73,41,830,128,10,14,1,5,1,
73,42,634,144,35,16,1,5,1,
73,44,756,201,22,16,1,5,1,
73,45,826,395,93,26,1,5,1,
73,46,468,262,169,42,1,5,1,
74,1,711,343,8,6,1,5,1,
74,2,914,242,18,10,1,5,1,
74,3,926,251,33,20,1,5,1,
74,6,519,317,102,25,1,5,1,
74,7,804,358,17,14,1,5,1,
74,8,558,191,56,15,1,5,1,
74,10,816,426,21,21,1,5,1,
74,11,831,279,20,9,1,5,1,
74,14,926,350,19,14,1,5,1,
74,16,863,368,15,12,1,5,1,
74,17,705,204,23,13,1,5,1,
74,21,363,43,101,29,1,5,1,
74,22,774,359,19,9,1,5,1,
74,27,665,100,53,22,1,5,1,
74,28,816,247,12,10,1,5,1,
74,29,833,141,28,13,1,5,1,
74,30,686,143,29,19,1,5,1,
74,33,572,210,42,12,1,5,1,
74,38,715,140,42,22,1,5,1,
74,40,774,392,17,18,1,5,1,
74,41,830,130,10,13,1,5,1,
74,42,638,145,35,16,1,5,1,
74,44,761,201,18,16,1,5,1,
74,45,834,395,92,25,1,5,1,
74,46,482,262,168,42,1,5,1,
75,1,712,342,7,7,1,5,1,
75,2,912,242,19,10,1,5,1,
75,3,930,251,30,20,1,5,1,
75,6,534,317,100,25,1,5,1,
75,7,805,357,17,14,1,5,1,
75,8,563,191,57,15,1,5,1,
75,10,814,423,23,23,1,5,1,
75,11,829,279,20,9,1,5,1,
75,14,926,350,20,13,1,5,1,
75,16,862,368,16,11,1,5,1,
75,17,708,204,22,13,1,5,1,
75,21,372,41,102,29,1,5,1,
75,22,778,358,18,9,1,5,1,
75,27,671,100,52,23,1,5,1,
75,28,815,248,12,9,1,5,1,
75,29,838,141,26,13,1,5,1,
75,30,689,143,27,20,1,5,1,
75,31,950,290,9,16,1,5,1,
75,33,577,210,42,12,1,5,1,
75,38,719,141,42,22,1,5,1,
75,40,774,391,17,17,1,5,1,
75,41,830,131,10,13,1,5,1,
75,42,643,146,34,16,1,5,1,
75,44,764,202,16,15,1,5,1,
75,45,843,395,90,25,1,5,1,
75,46,497,262,167,42,1,5,1,
76,1,712,342,7,6,1,5,1,
76,2,910,242,19,10,1,5,1,
76,3,934,252,26,19,1,5,1,
76,6,549,317,98,25,1,5,1,
76,7,805,356,17,14,1,5,1,
76,8,569,192,56,14,1,5,1,
76,10,813,421,23,23,1,5,1,
76,11,827,279,20,9,1,5,1,
76,14,925,349,22,13,1,5,1,
76,16,862,367,17,11,1,5,1,
76,17,711,204,20,14,1,5,1,
76,21,381,39,104,30,1,5,1,
76,22,781,358,18,8,1,5,1,
76,27,677,101,50,23,1,5,1,
76,28,814,248,12,9,1,5,1,
76,29,842,142,25,13,1,5,1,
76,30,693,143,24,21,1,5,1,
76,31,947,288,12,18,1,5,1,
76,33,583,210,41,12,1,5,1,
76,38,724,142,40,22,1,5,1,
76,40,774,390,18,17,1,5,1,
76,41,830,132,10,13,1,5,1,
76,42,648,147,33,15,1,5,1,
76,44,764,202,17,15,1,5,1,
76,45,852,394,88,26,1,5,1,
76,46,513,262,164,42,1,5,1,
77,1,711,341,8,7,1,5,1,
77,2,909,242,18,10,1,5,1,
77,3,938,252,22,18,1,5,1,
77,6,563,317,97,25,1,5,1,
77,7,806,356,17,14,1,5,1,
77,8,575,192,55,14,1,5,1,
77,10,813,420,23,22,1,5,1,
77,11,826,279,19,9,1,5,1,
77,14,924,348,23,13,1,5,1,
77,16,862,367,15,10,1,5,1,
77,17,713,205,19,13,1,5,1,
77,21,390,38,106,30,1,5,1,
77,22,784,357,17,9,1,5,1,
77,27,682,102,50,22,1,5,1,
77,28,814,248,12,9,1,5,1,
77,29,846,142,24,13,1,5,1,
77,30,696,144,23,20,1,5,1,
77,31,945,288,14,18,1,5,1,
77,33,588,210,40,12,1,5,1,
77,38,729,143,39,22,1,5,1,
77,40,774,389,17,16,1,5,1,
77,41,829,133,11,13,1,5,1,
77,42,654,147,30,16,1,5,1,
77,44,765,203,17,15,1,5,1,
77,45,861,394,86,25,1,5,1,
77,46,527,263,163,41,1,5,1,
78,2,907,243,19,10,1,5,1,
78,3,942,252,18,18,1,5,1,
78,6,577,316,96,25,1,5,1,
78,7,807,355,16,14,1,5,1,
78,8,580,192,54,14,1,5,1,
78,10,813,418,23,23,1,5,1,
78,11,824,279,19,8,1,5,1,
78,14,922,347,24,13,1,5,1,
78,16,863,366,12,10,1,5,1,
78,17,715,205,19,13,1,5,1,
78,21,399,36,109,30,1,5,1,
78,22,787,357,17,8,1,5,1,
78,27,687,103,49,22,1,5,1,
78,28,813,248,12,9,1,5,1,
78,29,849,143,24,13,1,5,1,
78,30,698,145,22,20,1,5,1,
78,31,943,288,16,18,1,5,1,
78,33,593,211,40,11,1,5,1,
78,38,734,144,37,21,1,5,1,
78,40,774,388,17,16,1,5,1,
78,41,829,134,10,13,1,5,1,
78,42,659,148,28,15,1,5,1,
78,44,766,203,17,15,1,5,1,
78,45,869,394,85,25,1,5,1,
78,46,542,263,161,41,1,5,1,
79,2,906,243,18,10,1,5,1,
79,3,946,254,14,16,1,5,1,
79,6,591,316,94,25,1,5,1,
79,7,807,355,17,13,1,5,1,
79,8,585,192,54,15,1,5,1,
79,10,813,417,22,22,1,5,1,
79,11,822,279,20,8,1,5,1,
79,14,921,347,23,12,1,5,1,
79,16,862,365,13,10,1,5,1,
79,17,717,205,18,14,1,5,1,
79,21,408,35,111,30,1,5,1,
79,22,790,356,17,9,1,5,1,
79,27,692,104,48,22,1,5,1,
79,28,812,249,12,8,1,5,1,
79,29,853,144,24,13,1,5,1,
79,30,700,146,21,20,1,5,1,
79,31,941,288,18,17,1,5,1,
79,33,598,211,39,12,1,5,1,
79,38,739,144,35,22,1,5,1,
79,40,774,387,17,16,1,5,1,
79,41,829,135,10,13,1,5,1,
79,42,663,149,27,15,1,5,1,
79,44,766,204,17,14,1,5,1,
79,45,878,392,80,25,1,5,1,
79,46,557,263,159,41,1,5,1,
80,2,905,243,18,10,1,5,1,
80,3,948,255,12,15,1,5,1,
80,6,605,316,92,24,1,5,1,
80,7,808,354,17,13,1,5,1,
80,8,591,193,51,15,1,5,1,
80,10,813,416,22,21,1,5,1,
80,11,820,279,20,8,1,5,1,
80,14,920,346,23,12,1,5,1,
80,16,862,364,13,10,1,5,1,
80,17,718,206,18,13,1,5,1,
80,21,418,33,113,31,1,5,1,
80,22,794,355,13,9,1,5,1,
80,27,697,105,46,22,1,5,1,
80,28,811,249,12,8,1,5,1,
80,29,856,145,24,12,1,5,1,
80,30,702,147,20,19,1,5,1,
80,31,939,288,20,17,1,5,1,
80,33,603,211,38,11,1,5,1,
80,38,743,145,34,22,1,5,1,
80,40,773,386,17,16,1,5,1,
80,41,829,136,10,12,1,5,1,
80,42,666,150,29,15,1,5,1,
80,44,767,204,17,15,1,5,1,
80,45,885,389,74,26,1,5,1,
80,46,571,263,157,41,1,5,1,
81,2,903,243,18,10,1,5,1,
81,6,619,316,90,24,1,5,1,
81,7,808,354,17,13,1,5,1,
81,8,596,194,49,15,1,5,1,
81,10,813,414,22,22,1,5,1,
81,14,918,345,24,13,1,5,1,
81,16,862,364,12,9,1,5,1,
81,17,720,206,17,13,1,5,1,
81,21,428,32,115,30,1,5,1,
81,22,797,354,10,9,1,5,1,
81,27,702,106,45,22,1,5,1,
81,28,810,249,12,8,1,5,1,
81,29,860,145,22,13,1,5,1,
81,30,704,147,19,20,1,5,1,
81,31,937,288,22,17,1,5,1,
81,33,609,211,36,11,1,5,1,
81,38,747,147,33,21,1,5,1,
81,40,773,384,17,16,1,5,1,
81,41,828,137,10,12,1,5,1,
81,42,671,151,27,14,1,5,1,
81,44,768,205,16,14,1,5,1,
81,45,891,387,69,26,1,5,1,
81,46,586,263,155,40,1,5,1,
82,2,902,244,18,9,1,5,1,
82,6,632,315,89,24,1,5,1,
82,7,809,353,16,13,1,5,1,
82,8,602,194,45,16,1,5,1,
82,10,813,413,21,21,1,5,1,
82,14,916,344,24,13,1,5,1,
82,16,861,363,13,9,1,5,1,
82,17,722,207,16,13,1,5,1,
82,21,438,30,117,31,1,5,1,
82,22,797,353,11,9,1,5,1,
82,27,707,107,44,22,1,5,1,
82,28,810,249,12,9,1,5,1,
82,29,863,146,22,13,1,5,1,
82,30,706,148,18,20,1,5,1,
82,31,934,288,25,16,1,5,1,
82,33,613,212,36,11,1,5,1,
82,38,751,148,32,21,1,5,1,
82,40,773,383,17,16,1,5,1,
82,41,828,138,10,12,1,5,1,
82,42,675,151,25,15,1,5,1,
82,44,768,205,16,14,1,5,1,
82,45,897,386,63,25,1,5,1,
82,46,600,263,153,40,1,5,1,
83,2,900,244,18,9,1,5,1,
83,6,644,315,88,24,1,5,1,
83,7,809,352,16,13,1,5,1,
83,8,606,194,44,16,1,5,1,
83,10,812,412,22,21,1,5,1,
83,14,914,344,25,12,1,5,1,
83,16,861,362,13,9,1,5,1,
83,17,723,207,16,13,1,5,1,
83,21,448,29,119,31,1,5,1,
83,22,796,352,11,9,1,5,1,
83,27,712,108,42,22,1,5,1,
83,28,809,249,12,9,1,5,1,
83,29,866,147,22,12,1,5,1,
83,30,707,149,18,20,1,5,1,
83,31,932,287,27,17,1,5,1,
83,33,618,212,34,11,1,5,1,
83,38,754,149,32,21,1,5,1,
83,40,772,382,18,16,1,5,1,
83,41,827,139,10,12,1,5,1,
83,42,678,152,25,15,1,5,1,
83,44,768,206,17,14,1,5,1,
83,45,903,385,57,25,1,5,1,
83,46,614,263,150,40,1,5,1,
84,2,899,244,18,10,1,5,1,
84,6,657,315,86,23,1,5,1,
84,7,809,352,17,13,1,5,1,
84,8,610,195,43,16,1,5,1,
84,10,812,410,21,21,1,5,1,
84,14,913,343,24,12,1,5,1,
84,16,860,361,14,9,1,5,1,
84,17,725,208,15,12,1,5,1,
84,21,459,28,120,31,1,5,1,
84,22,795,350,12,10,1,5,1,
84,27,716,109,42,21,1,5,1,
84,28,808,250,12,8,1,5,1,
84,29,870,147,20,13,1,5,1,
84,30,709,150,17,19,1,5,1,
84,31,930,287,30,17,1,5,1,
84,33,622,212,34,11,1,5,1,
84,38,758,150,31,20,1,5,1,
84,40,771,381,19,15,1,5,1,
84,41,827,140,10,12,1,5,1,
84,42,682,153,24,15,1,5,1,
84,44,769,206,16,14,1,5,1,
84,45,906,385,54,24,1,5,1,
84,46,628,263,148,40,1,5,1,
85,2,898,244,17,10,1,5,1,
85,6,670,314,84,24,1,5,1,
85,7,809,351,17,13,1,5,1,
85,8,615,195,42,16,1,5,1,
85,10,811,409,22,21,1,5,1,
85,14,910,342,25,12,1,5,1,
85,16,859,360,14,9,1,5,1,
85,17,726,208,15,13,1,5,1,
85,21,469,27,122,31,1,5,1,
85,22,794,350,12,9,1,5,1,
85,27,721,110,40,21,1,5,1,
85,28,807,250,12,8,1,5,1,
85,29,873,148,20,13,1,5,1,
85,30,711,151,16,19,1,5,1,
85,31,928,287,31,17,1,5,1,
85,33,626,213,34,11,1,5,1,
85,38,762,151,29,20,1,5,1,
85,40,770,380,20,15,1,5,1,
85,41,827,141,9,12,1,5,1,
85,42,685,154,24,15,1,5,1,
85,44,769,207,16,14,1,5,1,
85,45,911,388,49,21,1,5,1,
85,46,642,263,146,40,1,5,1,
86,2,896,245,18,9,1,5,1,
86,6,682,314,83,24,1,5,1,
86,7,809,351,17,13,1,5,1,
86,8,619,196,41,15,1,5,1,
86,10,810,408,22,20,1,5,1,
86,14,908,341,25,12,1,5,1,
86,16,858,359,15,10,1,5,1,
86,17,728,208,13,13,1,5,1,
86,21,480,25,123,32,1,5,1,
86,22,793,349,12,9,1,5,1,
86,25,952,111,7,13,1,5,1,
86,27,725,111,40,21,1,5,1,
86,28,805,250,13,8,1,5,1,
86,29,876,149,19,12,1,5,1,
86,30,712,152,16,19,1,5,1,
86,31,925,287,34,16,1,5,1,
86,33,631,213,32,11,1,5,1,
86,38,765,152,29,20,1,5,1,
86,40,770,378,19,16,1,5,1,
86,41,826,142,10,12,1,5,1,
86,42,688,155,23,14,1,5,1,
86,44,769,207,16,14,1,5,1,
86,45,918,391,42,18,1,5,1,
86,46,656,263,143,40,1,5,1,
87,2,895,245,17,9,1,5,1,
87,6,695,314,81,23,1,5,1,
87,7,809,350,17,13,1,5,1,
87,8,623,196,40,16,1,5,1,
87,10,809,406,23,21,1,5,1,
87,14,906,341,25,11,1,5,1,
87,16,857,358,15,10,1,5,1,
87,17,729,209,13,12,1,5,1,
87,21,492,24,124,32,1,5,1,
87,22,792,348,12,9,1,5,1,
87,25,950,110,9,15,1,5,1,
87,27,729,112,39,21,1,5,1,
87,28,804,250,13,8,1,5,1,
87,29,879,149,17,13,1,5,1,
87,30,713,152,15,19,1,5,1,
87,31,923,287,34,16,1,5,1,
87,33,635,213,32,11,1,5,1,
87,38,768,153,27,21,1,5,1,
87,40,769,377,20,15,1,5,1,
87,41,826,143,9,12,1,5,1,
87,42,692,156,22,14,1,5,1,
87,44,769,208,16,13,1,5,1,
87,45,928,394,32,14,1,5,1,
87,46,670,263,140,40,1,5,1,
88,2,893,245,18,9,1,5,1,
88,6,707,314,79,23,1,5,1,
88,7,809,349,16,13,1,5,1,
88,8,627,197,40,15,1,5,1,
88,10,809,405,22,20,1,5,1,
88,14,904,340,25,12,1,5,1,
88,16,856,357,15,10,1,5,1,
88,17,730,209,13,13,1,5,1,
88,21,503,23,125,32,1,5,1,
88,22,791,347,12,9,1,5,1,
88,25,949,111,10,15,1,5,1,
88,27,733,112,38,22,1,5,1,
88,28,803,250,13,8,1,5,1,
88,29,882,150,16,13,1,5,1,
88,30,714,153,15,19,1,5,1,
88,31,920,287,35,16,1,5,1,
88,33,639,213,31,11,1,5,1,
88,38,769,154,29,21,1,5,1,
88,40,768,376,20,15,1,5,1,
88,41,825,144,9,11,1,5,1,
88,42,695,157,21,14,1,5,1,
88,44,770,208,16,14,1,5,1,
88,46,683,263,138,39,1,5,1,
89,2,892,245,17,9,1,5,1,
89,6,717,313,80,22,1,5,1,
89,7,809,349,16,13,1,5,1,
89,8,631,197,39,16,1,5,1,
89,10,810,405,20,19,1,5,1,
89,14,902,339,25,12,1,5,1,
89,16,855,357,15,9,1,5,1,
89,17,731,210,13,12,1,5,1,
89,21,515,22,126,33,1,5,1,
89,22,791,347,11,8,1,5,1,
89,25,948,111,11,16,1,5,1,
89,27,737,114,37,21,1,5,1,
89,28,802,250,13,8,1,5,1,
89,29,885,151,15,12,1,5,1,
89,30,715,154,15,19,1,5,1,
89,31,918,287,34,15,1,5,1,
89,33,643,214,31,11,1,5,1,
89,38,771,156,29,20,1,5,1,
89,40,768,376,19,14,1,5,1,
89,41,824,145,10,11,1,5,1,
89,42,698,158,21,14,1,5,1,
89,44,770,209,15,13,1,5,1,
89,46,695,263,137,39,1,5,1,
90,2,890,246,17,9,1,5,1,
90,6,726,312,83,22,1,5,1,
90,7,810,348,15,13,1,5,1,
90,8,634,198,39,15,1,5,1,
90,10,808,403,23,20,1,5,1,
90,14,900,339,25,11,1,5,1,
90,16,854,356,15,9,1,5,1,
90,17,732,210,12,12,1,5,1,
90,21,526,21,127,33,1,5,1,
90,22,790,346,12,9,1,5,1,
90,25,946,112,13,16,1,5,1,
90,27,741,115,37,21,1,5,1,
90,28,801,251,13,7,1,5,1,
90,29,887,152,15,12,1,5,1,
90,30,716,155,14,18,1,5,1,
90,31,916,286,33,16,1,5,1,
90,33,647,214,30,11,1,5,1,
90,38,774,157,29,20,1,5,1,
90,40,767,375,20,14,1,5,1,
90,41,824,146,9,11,1,5,1,
90,42,701,159,20,14,1,5,1,
90,44,770,209,15,13,1,5,1,
90,46,707,262,136,39,1,5,1,
91,2,889,246,17,9,1,5,1,
91,6,736,312,85,22,1,5,1,
91,7,809,348,16,12,1,5,1,
91,8,638,198,38,15,1,5,1,
91,10,807,402,23,19,1,5,1,
91,14,898,338,25,11,1,5,1,
91,16,853,355,15,9,1,5,1,
91,17,733,211,12,12,1,5,1,
91,21,538,20,128,33,1,5,1,
91,22,789,345,12,9,1,5,1,
91,25,945,113,14,17,1,5,1,
91,27,745,116,36,21,1,5,1,
91,28,800,251,12,8,1,5,1,
91,29,889,152,14,13,1,5,1,
91,30,716,156,15,18,1,5,1,
91,31,914,286,32,16,1,5,1,
91,33,650,214,30,11,1,5,1,
91,38,777,158,28,20,1,5,1,
91,40,766,374,20,14,1,5,1,
91,41,823,146,9,12,1,5,1,
91,42,704,160,20,13,1,5,1,
91,44,770,210,15,13,1,5,1,
91,46,718,262,136,38,1,5,1,
92,2,888,246,16,9,1,5,1,
92,6,745,312,87,22,1,5,1,
92,7,809,347,16,13,1,5,1,
92,8,642,199,37,15,1,5,1,
92,10,808,401,20,19,1,5,1,
92,14,896,337,24,11,1,5,1,
92,16,852,354,15,9,1,5,1,
92,17,734,211,11,12,1,5,1,
92,21,550,20,128,33,1,5,1,
92,22,788,345,12,8,1,5,1,
92,25,943,114,16,17,1,5,1,
92,27,748,117,36,21,1,5,1,
92,28,798,251,13,8,1,5,1,
92,29,892,153,13,12,1,5,1,
92,30,717,156,14,19,1,5,1,
92,31,912,286,32,16,1,5,1,
92,33,654,215,29,11,1,5,1,
92,38,780,159,27,20,1,5,1,
92,40,765,373,20,14,1,5,1,
92,41,822,147,9,12,1,5,1,
92,42,706,160,20,14,1,5,1,
92,44,770,210,15,13,1,5,1,
92,46,730,262,135,38,1,5,1,
93,2,886,246,17,9,1,5,1,
93,6,756,312,88,22,1,5,1,
93,7,809,347,15,12,1,5,1,
93,8,645,199,37,15,1,5,1,
93,10,806,399,23,20,1,5,1,
93,14,893,337,25,11,1,5,1,
93,16,851,354,15,8,1,5,1,
93,17,734,211,12,12,1,5,1,
93,21,562,19,129,33,1,5,1,
93,22,787,344,12,8,1,5,1,
93,25,942,115,17,17,1,5,1,
93,27,752,118,34,20,1,5,1,
93,28,797,251,13,8,1,5,1,
93,29,893,154,14,12,1,5,1,
93,30,717,157,15,18,1,5,1,
93,31,909,286,33,15,1,5,1,
93,33,658,215,28,11,1,5,1,
93,38,783,160,26,19,1,5,1,
93,40,764,372,20,14,1,5,1,
93,41,822,148,9,12,1,5,1,
93,42,709,161,19,14,1,5,1,
93,44,770,211,15,13,1,5,1,
93,46,741,262,135,38,1,5,1,
94,2,885,247,17,8,1,5,1,
94,6,768,312,87,22,1,5,1,
94,7,809,346,15,12,1,5,1,
94,8,649,199,36,15,1,5,1,
94,10,805,398,23,19,1,5,1,
94,14,891,336,25,11,1,5,1,
94,16,849,353,15,8,1,5,1,
94,17,735,212,11,12,1,5,1,
94,21,574,18,129,34,1,5,1,
94,22,786,343,12,9,1,5,1,
94,25,941,113,18,20,1,5,1,
94,27,756,119,33,20,1,5,1,
94,28,796,251,13,8,1,5,1,
94,29,895,155,13,12,1,5,1,
94,30,717,158,15,18,1,5,1,
94,31,907,286,33,15,1,5,1,
94,33,661,215,28,11,1,5,1,
94,38,785,161,26,19,1,5,1,
94,40,763,371,20,14,1,5,1,
94,41,821,149,9,11,1,5,1,
94,42,712,162,18,14,1,5,1,
94,44,770,211,15,13,1,5,1,
94,46,754,262,132,38,1,5,1,
95,2,884,247,16,8,1,5,1,
95,6,781,312,85,22,1,5,1,
95,7,808,346,15,12,1,5,1,
95,8,653,200,34,15,1,5,1,
95,10,806,398,21,18,1,5,1,
95,14,889,335,25,11,1,5,1,
95,16,848,352,14,9,1,5,1,
95,17,735,212,11,12,1,5,1,
95,21,588,17,128,34,1,5,1,
95,22,786,343,10,8,1,5,1,
95,24,947,251,12,11,1,5,1,
95,25,939,114,20,20,1,5,1,
95,27,760,119,32,21,1,5,1,
95,28,794,251,13,8,1,5,1,
95,29,896,156,13,12,1,5,1,
95,30,718,159,14,18,1,5,1,
95,31,905,286,32,15,1,5,1,
95,33,665,216,27,10,1,5,1,
95,38,788,162,25,19,1,5,1,
95,40,762,370,18,13,1,5,1,
95,41,820,150,9,11,1,5,1,
95,42,715,163,17,13,1,5,1,
95,44,769,211,15,13,1,5,1,
95,46,768,262,128,37,1,5,1,
96,2,882,247,17,9,1,5,1,
96,6,793,312,84,21,1,5,1,
96,7,807,345,17,12,1,5,1,
96,8,656,200,34,15,1,5,1,
96,10,807,397,19,18,1,5,1,
96,14,887,335,24,11,1,5,1,
96,16,847,351,14,9,1,5,1,
96,17,736,213,11,11,1,5,1,
96,21,599,17,129,34,1,5,1,
96,22,787,342,9,8,1,5,1,
96,24,948,251,11,11,1,5,1,
96,25,937,115,21,20,1,5,1,
96,27,763,120,31,21,1,5,1,
96,28,793,252,13,7,1,5,1,
96,29,898,156,13,12,1,5,1,
96,30,718,160,15,18,1,5,1,
96,31,903,286,32,15,1,5,1,
96,33,669,216,26,11,1,5,1,
96,38,791,163,24,19,1,5,1,
96,40,762,369,14,13,1,5,1,
96,41,819,151,10,11,1,5,1,
96,42,717,164,17,13,1,5,1,
96,44,769,212,15,13,1,5,1,
96,46,780,262,126,37,1,5,1,
97,2,881,247,16,9,1,5,1,
97,6,804,311,83,22,1,5,1,
97,7,805,344,21,12,1,5,1,
97,8,659,201,34,14,1,5,1,
97,10,805,396,21,18,1,5,1,
97,14,885,334,24,11,1,5,1,
97,16,847,351,14,8,1,5,1,
97,17,736,213,11,12,1,5,1,
97,21,611,16,129,35,1,5,1,
97,22,785,341,10,9,1,5,1,
97,24,947,251,12,11,1,5,1,
97,25,935,117,21,20,1,5,1,
97,27,766,121,31,21,1,5,1,
97,28,792,252,13,7,1,5,1,
97,29,899,157,13,12,1,5,1,
97,30,718,161,15,17,1,5,1,
97,31,901,286,31,14,1,5,1,
97,33,672,216,26,11,1,5,1,
97,38,793,164,23,18,1,5,1,
97,40,762,368,14,13,1,5,1,
97,41,818,152,10,11,1,5,1,
97,42,719,165,17,13,1,5,1,
97,44,769,212,15,13,1,5,1,
97,46,791,262,125,37,1,5,1,
98,2,880,247,16,9,1,5,1,
98,6,816,311,82,22,1,5,1,
98,7,802,343,26,13,1,5,1,
98,8,663,201,32,15,1,5,1,
98,10,803,394,22,18,1,5,1,
98,14,883,334,24,10,1,5,1,
98,16,846,350,15,8,1,5,1,
98,17,736,213,11,12,1,5,1,
98,21,624,16,129,35,1,5,1,
98,22,784,341,11,8,1,5,1,
98,24,941,251,19,13,1,5,1,
98,25,934,119,20,19,1,5,1,
98,27,770,122,29,21,1,5,1,
98,28,790,252,13,7,1,5,1,
98,29,900,158,13,12,1,5,1,
98,30,718,161,15,18,1,5,1,
98,31,898,285,33,15,1,5,1,
98,33,676,217,25,10,1,5,1,
98,38,796,164,22,19,1,5,1,
98,40,762,367,15,13,1,5,1,
98,41,818,153,9,11,1,5,1,
98,42,722,165,16,13,1,5,1,
98,44,769,213,14,12,1,5,1,
98,46,804,262,121,37,1,5,1,
99,2,878,248,16,8,1,5,1,
99,6,828,311,80,22,1,5,1,
99,7,797,343,31,12,1,5,1,
99,8,666,201,32,15,1,5,1,
99,10,802,393,22,17,1,5,1,
99,14,880,333,25,10,1,5,1,
99,16,844,349,16,9,1,5,1,
99,17,736,214,11,11,1,5,1,
99,21,637,16,128,34,1,5,1,
99,22,783,340,11,8,1,5,1,
99,24,935,250,24,14,1,5,1,
99,25,932,120,20,19,1,5,1,
99,27,773,123,29,21,1,5,1,
99,28,789,252,13,7,1,5,1,
99,29,901,159,13,12,1,5,1,
99,30,718,162,15,18,1,5,1,
99,31,895,285,34,15,1,5,1,
99,33,679,217,24,10,1,5,1,
99,38,798,165,22,19,1,5,1,
99,40,762,366,15,13,1,5,1,
99,41,817,154,9,10,1,5,1,
99,42,724,166,16,13,1,5,1,
99,44,768,213,15,13,1,5,1,
99,46,816,262,119,37,1,5,1,
100,2,877,248,16,8,1,5,1,
100,6,839,311,79,22,1,5,1,
100,7,793,342,35,12,1,5,1,
100,8,669,202,31,14,1,5,1,
100,10,801,392,22,17,1,5,1,
100,14,878,333,25,10,1,5,1,
100,16,843,349,15,8,1,5,1,
100,17,737,214,11,11,1,5,1,
100,21,649,15,128,35,1,5,1,
100,22,782,339,11,8,1,5,1,
100,24,936,251,23,13,1,5,1,
100,25,930,121,21,19,1,5,1,
100,27,776,124,28,20,1,5,1,
100,28,788,252,12,7,1,5,1,
100,29,902,160,13,11,1,5,1,
100,30,719,163,14,17,1,5,1,
100,31,893,285,33,15,1,5,1,
100,33,682,217,24,11,1,5,1,
100,38,801,166,20,19,1,5,1,
100,40,763,365,14,13,1,5,1,
100,42,726,167,16,13,1,5,1,
100,44,768,214,14,12,1,5,1,
100,46,827,262,117,37,1,5,1,
101,2,875,248,16,8,1,5,1,
101,6,850,311,78,21,1,5,1,
101,7,790,342,35,12,1,5,1,
101,8,672,202,30,15,1,5,1,
101,10,800,391,22,17,1,5,1,
101,14,876,332,25,10,1,5,1,
101,16,841,348,16,8,1,5,1,
101,17,737,214,11,11,1,5,1,
101,21,661,15,128,35,1,5,1,
101,22,781,339,11,8,1,5,1,
101,24,936,251,23,13,1,5,1,
101,25,929,122,20,19,1,5,1,
101,27,779,125,27,20,1,5,1,
101,28,787,252,11,7,1,5,1,
101,29,903,160,13,12,1,5,1,
101,30,719,164,14,17,1,5,1,
101,31,891,285,32,14,1,5,1,
101,33,685,218,23,10,1,5,1,
101,38,803,167,20,18,1,5,1,
101,40,763,364,15,13,1,5,1,
101,42,728,168,16,12,1,5,1,
101,44,768,214,14,12,1,5,1,
101,46,838,262,115,36,1,5,1,
102,2,874,248,16,8,1,5,1,
102,6,861,311,77,21,1,5,1,
102,8,675,203,29,14,1,5,1,
102,10,799,390,22,17,1,5,1,
102,14,874,331,25,10,1,5,1,
102,16,840,347,15,8,1,5,1,
102,17,737,214,12,11,1,5,1,
102,21,674,15,127,35,1,5,1,
102,22,780,338,11,8,1,5,1,
102,24,934,251,25,13,1,5,1,
102,25,927,123,20,19,1,5,1,
102,27,782,126,26,20,1,5,1,
102,28,786,253,11,6,1,5,1,
102,29,904,161,13,12,1,5,1,
102,30,720,164,14,17,1,5,1,
102,31,889,285,32,14,1,5,1,
102,33,688,218,23,10,1,5,1,
102,38,805,168,19,18,1,5,1,
102,40,763,364,15,12,1,5,1,
102,42,730,169,15,12,1,5,1,
102,44,768,215,13,12,1,5,1,
102,46,849,262,110,36,1,5,1,
103,2,872,248,16,8,1,5,1,
103,6,872,311,76,21,1,5,1,
103,8,678,203,29,14,1,5,1,
103,10,798,389,22,17,1,5,1,
103,14,871,331,25,10,1,5,1,
103,16,838,347,16,8,1,5,1,
103,17,737,214,12,11,1,5,1,
103,21,687,15,126,35,1,5,1,
103,22,779,338,11,7,1,5,1,
103,24,932,251,27,13,1,5,1,
103,25,926,125,20,18,1,5,1,
103,27,786,127,23,20,1,5,1,
103,28,785,253,11,7,1,5,1,
103,29,905,162,12,11,1,5,1,
103,30,720,165,15,17,1,5,1,
103,31,887,285,31,14,1,5,1,
103,33,691,218,22,11,1,5,1,
103,38,807,169,19,18,1,5,1,
103,40,763,363,15,13,1,5,1,
103,42,733,169,14,13,1,5,1,
103,44,767,215,15,12,1,5,1,
103,46,861,262,99,36,1,5,1,
104,2,871,249,16,8,1,5,1,
104,6,882,310,75,22,1,5,1,
104,8,681,204,28,14,1,5,1,
104,10,797,388,23,17,1,5,1,
104,14,869,330,25,10,1,5,1,
104,16,837,346,16,8,1,5,1,
104,17,738,214,11,11,1,5,1,
104,21,699,15,125,35,1,5,1,
104,22,778,337,11,8,1,5,1,
104,24,927,251,32,13,1,5,1,
104,25,924,126,20,18,1,5,1,
104,27,789,128,22,20,1,5,1,
104,28,784,253,12,7,1,5,1,
104,29,906,163,12,11,1,5,1,
104,30,720,166,15,16,1,5,1,
104,31,884,285,33,14,1,5,1,
104,33,694,219,21,10,1,5,1,
104,38,809,170,18,17,1,5,1,
104,40,764,362,14,13,1,5,1,
104,42,735,170,14,13,1,5,1,
104,44,767,216,14,11,1,5,1,
104,46,871,262,89,36,1,5,1,
105,2,870,249,15,8,1,5,1,
105,6,893,310,66,22,1,5,1,
105,8,683,204,28,14,1,5,1,
105,10,796,387,24,16,1,5,1,
105,14,867,330,25,10,1,5,1,
105,16,835,345,16,8,1,5,1,
105,17,737,215,12,10,1,5,1,
105,21,711,15,125,36,1,5,1,
105,22,777,337,11,7,1,5,1,
105,24,926,251,33,13,1,5,1,
105,25,922,127,20,18,1,5,1,
105,27,791,129,22,20,1,5,1,
105,28,783,253,12,7,1,5,1,
105,29,906,164,13,11,1,5,1,
105,30,721,166,14,17,1,5,1,
105,31,882,285,32,13,1,5,1,
105,33,696,219,21,10,1,5,1,
105,38,811,170,17,18,1,5,1,
105,40,764,362,14,12,1,5,1,
105,42,736,171,14,12,1,5,1,
105,46,881,262,79,35,1,5,1,
106,2,868,249,16,8,1,5,1,
106,6,901,311,59,22,1,5,1,
106,8,686,204,27,14,1,5,1,
106,10,794,386,25,16,1,5,1,
106,14,865,329,24,10,1,5,1,
106,16,833,345,16,8,1,5,1,
106,17,737,215,13,11,1,5,1,
106,21,723,15,124,36,1,5,1,
106,22,776,336,11,8,1,5,1,
106,24,924,251,33,13,1,5,1,
106,25,921,128,20,17,1,5,1,
106,27,793,130,21,20,1,5,1,
106,28,781,253,13,7,1,5,1,
106,29,907,164,12,11,1,5,1,
106,30,721,167,14,16,1,5,1,
106,31,880,285,32,13,1,5,1,
106,33,699,219,21,10,1,5,1,
106,38,812,171,17,18,1,5,1,
106,40,764,361,14,12,1,5,1,
106,42,738,172,13,12,1,5,1,
106,46,891,262,69,34,1,5,1,
107,2,867,249,15,8,1,5,1,
107,6,908,312,52,22,1,5,1,
107,8,689,205,25,14,1,5,1,
107,10,793,385,24,16,1,5,1,
107,14,862,329,25,9,1,5,1,
107,16,831,344,17,8,1,5,1,
107,21,735,16,124,35,1,5,1,
107,22,775,336,11,7,1,5,1,
107,24,920,252,35,12,1,5,1,
107,25,919,129,20,17,1,5,1,
107,27,796,131,20,20,1,5,1,
107,28,780,253,13,7,1,5,1,
107,29,908,165,12,11,1,5,1,
107,30,720,168,14,16,1,5,1,
107,31,877,285,32,13,1,5,1,
107,33,702,220,20,10,1,5,1,
107,38,814,172,17,17,1,5,1,
107,40,764,360,14,13,1,5,1,
107,42,740,173,13,11,1,5,1,
107,46,899,262,61,34,1,5,1,
108,2,865,249,16,8,1,5,1,
108,6,915,313,45,18,1,5,1,
108,8,691,205,25,14,1,5,1,
108,10,792,384,24,16,1,5,1,
108,14,860,328,25,10,1,5,1,
108,16,830,343,16,8,1,5,1,
108,21,747,16,123,35,1,5,1,
108,22,773,335,12,7,1,5,1,
108,24,918,252,36,12,1,5,1,
108,25,917,130,20,17,1,5,1,
108,27,798,132,19,20,1,5,1,
108,28,779,253,12,7,1,5,1,
108,29,908,166,12,11,1,5,1,
108,31,875,284,32,14,1,5,1,
108,33,704,220,20,10,1,5,1,
108,38,815,173,17,17,1,5,1,
108,40,764,360,14,12,1,5,1,
108,42,742,173,12,12,1,5,1,
108,46,908,264,52,32,1,5,1,
109,2,864,250,16,7,1,5,1,
109,6,922,314,38,14,1,5,1,
109,8,693,206,25,13,1,5,1,
109,10,791,383,24,16,1,5,1,
109,14,858,328,25,9,1,5,1,
109,16,828,343,17,8,1,5,1,
109,21,758,16,123,36,1,5,1,
109,22,772,334,12,8,1,5,1,
109,24,917,252,34,12,1,5,1,
109,25,916,131,20,17,1,5,1,
109,27,800,133,19,19,1,5,1,
109,28,777,254,13,6,1,5,1,
109,29,909,167,12,10,1,5,1,
109,31,873,284,32,14,1,5,1,
109,33,706,220,20,10,1,5,1,
109,38,816,174,17,17,1,5,1,
109,40,764,359,14,12,1,5,1,
109,42,743,174,13,12,1,5,1,
109,46,916,266,44,26,1,5,1,
110,2,862,250,16,7,1,5,1,
110,6,931,314,29,11,1,5,1,
110,8,696,206,24,14,1,5,1,
110,10,790,382,24,16,1,5,1,
110,14,856,327,24,10,1,5,1,
110,16,826,342,17,8,1,5,1,
110,21,770,17,122,35,1,5,1,
110,22,771,334,11,7,1,5,1,
110,24,913,252,36,12,1,5,1,
110,25,914,132,20,17,1,5,1,
110,27,802,134,19,19,1,5,1,
110,28,776,254,13,6,1,5,1,
110,29,909,167,12,11,1,5,1,
110,31,870,284,33,13,1,5,1,
110,33,709,221,18,9,1,5,1,
110,38,817,175,16,16,1,5,1,
110,40,763,358,14,12,1,5,1,
110,42,745,175,12,11,1,5,1,
110,46,924,268,36,18,1,5,1,
111,2,859,250,18,7,1,5,1,
111,8,698,207,23,13,1,5,1,
111,10,788,382,25,15,1,5,1,
111,14,853,327,25,9,1,5,1,
111,16,824,342,17,7,1,5,1,
111,21,783,17,120,36,1,5,1,
111,22,770,333,11,8,1,5,1,
111,24,910,252,37,12,1,5,1,
111,25,912,133,20,17,1,5,1,
111,27,804,135,18,19,1,5,1,
111,29,909,168,13,11,1,5,1,
111,31,868,284,32,13,1,5,1,
111,33,711,221,18,10,1,5,1,
111,38,818,176,16,16,1,5,1,
111,40,763,358,14,12,1,5,1,
111,42,747,175,11,12,1,5,1,
112,2,857,250,18,7,1,5,1,
112,8,700,207,23,13,1,5,1,
112,10,787,381,25,15,1,5,1,
112,14,849,326,27,10,1,5,1,
112,16,822,341,18,8,1,5,1,
112,21,794,17,119,36,1,5,1,
112,22,769,333,11,7,1,5,1,
112,24,909,252,35,12,1,5,1,
112,25,910,134,21,17,1,5,1,
112,27,806,136,17,19,1,5,1,
112,29,910,169,12,10,1,5,1,
112,31,865,284,33,13,1,5,1,
112,33,713,221,18,10,1,5,1,
112,38,819,176,16,17,1,5,1,
112,40,763,357,16,12,1,5,1,
112,42,748,176,12,12,1,5,1,
113,2,856,250,17,7,1,5,1,
113,8,702,207,22,14,1,5,1,
113,10,786,380,25,15,1,5,1,
113,14,848,326,25,9,1,5,1,
113,16,820,341,18,7,1,5,1,
113,21,806,18,118,36,1,5,1,
113,22,768,332,11,7,1,5,1,
113,24,907,252,33,12,1,5,1,
113,25,908,135,21,17,1,5,1,
113,27,808,137,17,19,1,5,1,
113,29,910,170,12,10,1,5,1,
113,31,863,284,33,13,1,5,1,
113,33,716,222,17,9,1,5,1,
113,38,820,177,16,16,1,5,1,
113,40,761,357,20,11,1,5,1,
113,42,749,177,12,11,1,5,1,
114,2,854,250,17,7,1,5,1,
114,8,704,208,22,13,1,5,1,
114,10,784,379,26,15,1,5,1,
114,14,846,325,25,9,1,5,1,
114,16,818,340,18,7,1,5,1,
114,21,817,18,117,36,1,5,1,
114,22,766,332,12,7,1,5,1,
114,24,903,253,35,11,1,5,1,
114,25,907,136,20,17,1,5,1,
114,27,809,138,17,19,1,5,1,
114,29,910,170,12,11,1,5,1,
114,31,861,284,32,13,1,5,1,
114,33,718,222,16,10,1,5,1,
114,38,821,178,15,16,1,5,1,
114,40,758,357,24,11,1,5,1,
114,42,751,178,11,11,1,5,1,
115,2,852,250,17,8,1,5,1,
115,8,706,208,21,13,1,5,1,
115,10,782,378,26,15,1,5,1,
115,14,843,325,26,9,1,5,1,
115,16,816,339,19,8,1,5,1,
115,21,829,19,115,36,1,5,1,
115,22,765,331,12,7,1,5,1,
115,24,902,253,34,11,1,5,1,
115,25,905,137,21,16,1,5,1,
115,27,810,139,17,19,1,5,1,
115,29,911,171,11,10,1,5,1,
115,31,859,284,32,12,1,5,1,
115,33,720,222,16,10,1,5,1,
115,38,822,179,15,16,1,5,1,
115,40,757,356,25,11,1,5,1,
115,42,752,178,11,11,1,5,1,
116,2,850,251,17,7,1,5,1,
116,8,708,209,20,13,1,5,1,
116,10,781,377,26,15,1,5,1,
116,13,953,257,7,6,1,5,1,
116,14,841,325,26,8,1,5,1,
116,16,814,339,19,7,1,5,1,
116,21,842,20,112,35,1,5,1,
116,22,764,331,12,7,1,5,1,
116,24,899,253,35,11,1,5,1,
116,27,811,140,17,18,1,5,1,
116,29,911,172,11,10,1,5,1,
116,31,856,284,33,12,1,5,1,
116,33,722,223,15,9,1,5,1,
116,38,822,179,15,16,1,5,1,
116,40,755,355,26,11,1,5,1,
116,42,754,179,10,11,1,5,1,
117,2,849,251,17,7,1,5,1,
117,8,710,209,19,13,1,5,1,
117,10,779,377,27,14,1,5,1,
117,13,950,257,9,6,1,5,1,
117,14,838,324,26,9,1,5,1,
117,16,812,338,19,8,1,5,1,
117,21,852,20,107,36,1,5,1,
117,22,762,330,13,7,1,5,1,
117,24,897,253,34,11,1,5,1,
117,27,813,141,17,18,1,5,1,
117,29,911,173,11,10,1,5,1,
117,31,854,284,32,12,1,5,1,
117,33,724,223,15,9,1,5,1,
117,38,823,180,15,16,1,5,1,
117,40,753,355,26,11,1,5,1,
117,42,755,180,10,11,1,5,1,
118,2,847,251,17,7,1,5,1,
118,8,712,210,19,12,1,5,1,
118,10,778,376,26,14,1,5,1,
118,13,948,256,11,8,1,5,1,
118,14,836,324,26,8,1,5,1,
118,16,810,338,19,7,1,5,1,
118,21,863,21,97,36,1,5,1,
118,22,761,330,12,7,1,5,1,
118,24,894,253,35,12,1,5,1,
118,27,814,142,17,18,1,5,1,
118,29,911,173,11,10,1,5,1,
118,31,852,283,32,13,1,5,1,
118,33,725,223,15,10,1,5,1,
118,38,823,181,15,16,1,5,1,
118,40,751,354,26,11,1,5,1,
118,42,756,180,10,11,1,5,1,
119,2,845,251,17,7,1,5,1,
119,8,714,210,18,13,1,5,1,
119,10,776,375,27,14,1,5,1,
119,13,945,257,14,7,1,5,1,
119,14,833,323,26,9,1,5,1,
119,16,808,337,19,7,1,5,1,
119,21,875,22,85,36,1,5,1,
119,22,760,330,12,6,1,5,1,
119,24,893,253,33,11,1,5,1,
119,27,815,143,17,18,1,5,1,
119,29,911,174,11,10,1,5,1,
119,31,850,283,32,13,1,5,1,
119,33,727,223,14,10,1,5,1,
119,38,824,182,15,15,1,5,1,
119,40,749,353,27,11,1,5,1,
119,42,757,181,10,11,1,5,1,
120,2,843,251,17,7,1,5,1,
120,8,716,210,17,13,1,5,1,
120,10,774,374,27,14,1,5,1,
120,13,942,257,17,7,1,5,1,
120,14,831,323,26,8,1,5,1,
120,16,806,337,19,7,1,5,1,
120,21,885,23,75,35,1,5,1,
120,22,758,329,12,7,1,5,1,
120,24,889,253,35,12,1,5,1,
120,27,816,144,16,18,1,5,1,
120,29,911,175,11,10,1,5,1,
120,31,847,283,32,12,1,5,1,
120,33,729,224,14,9,1,5,1,
120,38,824,183,15,15,1,5,1,
120,40,747,353,27,10,1,5,1,
120,42,758,182,10,10,1,5,1,
121,8,717,211,17,12,1,5,1,
121,14,828,322,26,9,1,5,1,
121,16,804,336,19,7,1,5,1,
121,21,897,24,63,35,1,5,1,
121,22,757,329,12,6,1,5,1,
121,27,817,145,16,17,1,5,1,
121,29,911,175,11,10,1,5,1,
121,31,845,283,32,12,1,5,1,
121,33,731,224,13,9,1,5,1,
121,38,824,183,15,15,1,5,1,
121,40,745,352,27,11,1,5,1,
121,42,759,182,10,11,1,5,1,
122,8,718,211,17,13,1,5,1,
122,14,826,322,26,8,1,5,1,
122,16,802,336,19,7,1,5,1,
122,21,905,24,55,31,1,5,1,
122,22,755,328,13,7,1,5,1,
122,27,817,145,17,18,1,5,1,
122,29,911,176,11,10,1,5,1,
122,33,732,224,13,10,1,5,1,
122,38,825,184,14,15,1,5,1,
122,42,759,183,11,11,1,5,1,
123,8,719,212,17,12,1,5,1,
123,14,824,322,26,8,1,5,1,
123,16,800,335,20,7,1,5,1,
123,21,912,26,48,20,1,5,1,
123,22,753,328,14,6,1,5,1,
123,27,818,146,17,18,1,5,1,
123,29,911,177,11,9,1,5,1,
123,33,733,225,13,9,1,5,1,
123,38,825,185,14,15,1,5,1,
123,42,760,184,11,10,1,5,1,
124,8,720,212,19,12,1,5,1,
124,14,821,321,27,9,1,5,1,
124,21,922,27,38,19,1,5,1,
124,27,819,147,16,18,1,5,1,
124,29,910,177,11,10,1,5,1,
124,33,735,225,12,9,1,5,1,
124,38,825,186,14,14,1,5,1,
124,42,761,184,11,11,1,5,1,
125,5,953,211,6,8,1,5,1,
125,8,720,212,22,12,1,5,1,
125,14,819,321,27,8,1,5,1,
125,27,820,148,16,18,1,5,1,
125,29,909,178,11,10,1,5,1,
125,33,735,225,14,9,1,5,1,
125,38,825,186,15,15,1,5,1,
125,42,762,185,10,10,1,5,1,
126,5,951,210,8,10,1,5,1,
126,8,722,212,22,12,1,5,1,
126,14,816,321,27,8,1,5,1,
126,27,821,149,16,17,1,5,1,
126,29,909,179,10,9,1,5,1,
126,33,737,226,13,9,1,5,1,
126,38,826,187,14,14,1,5,1,
126,42,763,186,10,10,1,5,1,
127,5,949,210,10,10,1,5,1,
127,8,723,212,23,12,1,5,1,
127,27,821,150,17,17,1,5,1,
127,29,908,179,11,10,1,5,1,
127,33,738,226,13,9,1,5,1,
127,38,826,188,14,14,1,5,1,
127,42,764,186,10,10,1,5,1,
128,5,948,210,11,10,1,5,1,
128,8,725,213,22,11,1,5,1,
128,27,822,151,16,17,1,5,1,
128,29,907,180,11,9,1,5,1,
128,33,740,226,12,9,1,5,1,
128,38,826,188,14,14,1,5,1,
128,42,764,187,11,10,1,5,1,
129,5,946,211,13,10,1,5,1,
129,8,727,213,21,11,1,5,1,
129,27,823,152,16,17,1,5,1,
129,29,906,180,12,10,1,5,1,
129,33,741,226,12,9,1,5,1,
129,38,826,189,14,14,1,5,1,
129,42,765,187,10,10,1,5,1,
130,5,945,211,14,10,1,5,1,
130,8,729,213,21,12,1,5,1,
130,27,823,152,16,17,1,5,1,
130,29,905,181,12,10,1,5,1,
130,33,742,227,12,8,1,5,1,
130,38,826,190,14,13,1,5,1,
130,42,766,188,10,10,1,5,1,
131,5,943,212,16,10,1,5,1,
131,8,731,214,20,11,1,5,1,
131,27,824,153,15,17,1,5,1,
131,29,904,182,12,9,1,5,1,
131,33,743,227,12,9,1,5,1,
131,38,826,190,13,14,1,5,1,
131,42,766,188,10,10,1,5,1,
132,5,941,212,18,10,1,5,1,
132,8,734,214,18,11,1,5,1,
132,27,824,154,16,17,1,5,1,
132,29,903,183,11,9,1,5,1,
132,33,745,227,11,9,1,5,1,
132,38,826,191,13,13,1,5,1,
132,42,767,189,10,10,1,5,1,
133,5,940,212,19,10,1,5,1,
133,8,735,214,18,11,1,5,1,
133,27,824,155,16,16,1,5,1,
133,29,902,183,12,10,1,5,1,
133,33,746,228,11,8,1,5,1,
133,38,825,192,14,13,1,5,1,
133,42,768,190,10,9,1,5,1,
134,5,938,213,21,10,1,5,1,
134,8,737,215,16,11,1,5,1,
134,27,825,156,15,16,1,5,1,
134,29,901,184,12,9,1,5,1,
134,33,747,228,11,8,1,5,1,
134,38,825,192,14,14,1,5,1,
134,42,768,190,10,10,1,5,1,
135,5,936,213,21,10,1,5,1,
135,8,739,215,14,12,1,5,1,
135,27,825,157,15,16,1,5,1,
135,29,900,184,12,10,1,5,1,
135,33,748,228,10,9,1,5,1,
135,38,825,193,13,13,1,5,1,
135,42,768,191,10,9,1,5,1,
136,5,934,214,21,9,1,5,1,
136,8,741,215,12,12,1,5,1,
136,27,825,158,15,16,1,5,1,
136,29,899,185,12,9,1,5,1,
136,33,749,228,10,9,1,5,1,
136,38,824,193,13,14,1,5,1,
136,42,769,191,10,10,1,5,1,
137,5,933,214,21,10,1,5,1,
137,8,742,216,11,12,1,5,1,
137,27,825,158,15,16,1,5,1,
137,29,897,186,13,9,1,5,1,
137,33,750,229,10,8,1,5,1,
137,38,824,194,13,13,1,5,1,
137,42,769,192,10,9,1,5,1,
138,5,931,215,21,9,1,5,1,
138,8,742,216,12,12,1,5,1,
138,27,825,159,15,16,1,5,1,
138,29,896,187,13,8,1,5,1,
138,33,750,229,10,8,1,5,1,
138,38,823,195,13,13,1,5,1,
138,42,769,193,10,9,1,5,1,
139,5,929,215,21,10,1,5,1,
139,8,743,217,11,11,1,5,1,
139,27,825,160,15,16,1,5,1,
139,29,895,187,13,9,1,5,1,
139,33,751,229,10,9,1,5,1,
139,36,953,168,6,11,1,5,1,
139,38,823,195,13,13,1,5,1,
139,42,770,193,9,9,1,5,1,
140,5,927,215,21,10,1,5,1,
140,8,743,218,11,11,1,5,1,
140,27,825,161,15,15,1,5,1,
140,29,894,188,13,9,1,5,1,
140,33,751,230,10,8,1,5,1,
140,36,951,169,8,11,1,5,1,
140,38,822,196,13,13,1,5,1,
140,42,770,194,10,9,1,5,1,
141,5,925,216,21,9,1,5,1,
141,8,744,218,11,11,1,5,1,
141,27,825,162,15,15,1,5,1,
141,29,890,188,16,9,1,5,1,
141,33,752,230,10,8,1,5,1,
141,36,950,168,9,12,1,5,1,
141,38,822,197,12,12,1,5,1,
141,42,770,194,10,9,1,5,1,
142,5,923,216,22,10,1,5,1,
142,8,744,219,11,10,1,5,1,
142,27,825,163,14,15,1,5,1,
142,29,887,189,18,9,1,5,1,
142,33,752,230,10,8,1,5,1,
142,36,947,167,12,14,1,5,1,
142,38,821,197,13,13,1,5,1,
142,42,770,195,10,9,1,5,1,
143,5,921,217,22,9,1,5,1,
143,8,744,219,11,11,1,5,1,
143,27,825,163,14,16,1,5,1,
143,29,885,190,20,8,1,5,1,
143,33,753,230,9,8,1,5,1,
143,36,945,168,14,14,1,5,1,
143,38,821,198,12,12,1,5,1,
143,42,771,195,9,9,1,5,1,
144,5,919,217,22,9,1,5,1,
144,8,744,219,11,11,1,5,1,
144,27,824,164,15,15,1,5,1,
144,29,882,190,21,9,1,5,1,
144,33,753,231,9,8,1,5,1,
144,36,943,168,16,14,1,5,1,
144,38,820,198,12,13,1,5,1,
144,42,771,196,9,9,1,5,1,
145,5,917,218,23,9,1,5,1,
145,27,824,165,14,15,1,5,1,
145,29,879,191,22,9,1,5,1,
145,33,753,231,10,8,1,5,1,
145,36,941,169,18,14,1,5,1,
145,38,819,199,12,12,1,5,1,
145,42,771,196,9,9,1,5,1,
146,5,915,218,23,9,1,5,1,
146,27,823,166,15,15,1,5,1,
146,29,877,192,22,8,1,5,1,
146,36,939,169,20,15,1,5,1,
146,38,818,200,13,12,1,5,1,
146,42,771,197,9,8,1,5,1,
147,5,913,218,23,9,1,5,1,
147,27,823,166,14,15,1,5,1,
147,29,875,192,22,9,1,5,1,
147,36,937,170,22,14,1,5,1,
147,38,818,200,12,12,1,5,1,
147,42,771,197,9,9,1,5,1,
148,27,822,167,15,15,1,5,1,
148,29,872,193,22,8,1,5,1,
148,36,935,171,24,14,1,5,1,
148,38,817,201,13,12,1,5,1,
148,42,771,198,9,8,1,5,1,
149,27,822,168,14,15,1,5,1,
149,36,933,171,26,15,1,5,1,
149,38,816,201,13,12,1,5,1,
149,42,771,198,9,9,1,5,1,
150,27,821,168,14,15,1,5,1,
150,36,931,170,28,16,1,5,1,
150,38,815,202,13,11,1,5,1,
