1,1,271,147,40,33,1,5,1,
1,2,821,219,118,26,1,5,1,
1,3,395,413,106,30,1,5,1,
1,4,713,210,70,15,1,5,1,
1,5,49,66,111,39,1,5,1,
1,6,449,160,27,29,1,5,1,
1,7,579,126,26,21,1,5,1,
1,8,122,76,74,40,1,5,1,
1,9,661,359,58,16,1,5,1,
1,10,102,332,40,35,1,5,1,
1,11,932,58,28,31,1,5,1,
1,12,693,276,18,15,1,5,1,
1,13,880,59,80,26,1,5,1,
1,14,0,254,36,21,1,5,1,
1,15,551,173,30,13,1,5,1,
1,16,365,10,87,34,1,5,1,
1,17,544,35,53,19,1,5,1,
1,18,764,446,36,47,1,5,1,
1,19,491,388,20,20,1,5,1,
1,20,923,446,37,21,1,5,1,
1,21,123,84,110,28,1,5,1,
1,22,37,408,197,45,1,5,1,
1,23,483,231,110,25,1,5,1,
1,24,408,295,88,27,1,5,1,
1,25,713,214,23,19,1,5,1,
1,26,558,417,54,16,1,5,1,
1,27,247,148,119,38,1,5,1,
1,28,0,427,123,39,1,5,1,
1,29,744,267,47,13,1,5,1,
1,30,40,485,91,58,1,5,1,
1,31,394,216,59,20,1,5,1,
1,32,314,79,44,42,1,5,1,
1,33,792,237,167,36,1,5,1,
1,34,799,290,64,21,1,5,1,
1,35,451,192,49,12,1,5,1,
1,36,850,86,110,37,1,5,1,
1,37,246,193,97,20,1,5,1,
1,38,713,399,39,13,1,5,1,
2,1,265,146,57,31,1,5,1,
2,2,818,220,91,26,1,5,1,
2,3,386,412,95,35,1,5,1,
2,4,731,210,60,14,1,5,1,
2,5,65,72,103,34,1,5,1,
2,6,447,158,27,29,1,5,1,
2,7,580,124,32,20,1,5,1,
2,8,132,83,74,35,1,5,1,
2,9,657,360,47,16,1,5,1,
2,10,101,335,41,34,1,5,1,
2,11,936,65,24,25,1,5,1,
2,12,693,276,18,15,1,5,1,
2,13,899,61,61,26,1,5,1,
2,14,2,253,34,21,1,5,1,
2,15,557,172,29,13,1,5,1,
2,16,360,5,76,39,1,5,1,
2,17,554,39,51,15,1,5,1,
2,18,768,443,34,42,1,5,1,
2,19,491,391,25,18,1,5,1,
2,20,933,450,27,16,1,5,1,
2,21,138,84,103,29,1,5,1,
2,22,15,405,199,53,1,5,1,
2,23,473,229,97,27,1,5,1,
2,24,425,295,77,28,1,5,1,
2,25,709,213,32,19,1,5,1,
2,26,569,419,51,15,1,5,1,
2,27,234,151,113,35,1,5,1,
2,28,0,424,138,34,1,5,1,
2,29,748,267,51,13,1,5,1,
2,30,33,496,111,47,1,5,1,
2,31,393,215,44,22,1,5,1,
2,32,305,88,52,34,1,5,1,
2,33,796,235,164,38,1,5,1,
2,34,799,289,75,23,1,5,1,
2,35,445,193,45,11,1,5,1,
2,36,872,84,88,32,1,5,1,
2,37,234,191,91,20,1,5,1,
2,38,719,398,39,13,1,5,1,
3,1,262,144,72,31,1,5,1,
3,2,817,221,76,26,1,5,1,
3,3,377,411,90,41,1,5,1,
3,4,743,210,56,15,1,5,1,
3,5,76,75,99,31,1,5,1,
3,6,446,157,27,29,1,5,1,
3,7,582,121,37,21,1,5,1,
3,8,140,87,75,33,1,5,1,
3,9,653,359,42,18,1,5,1,
3,10,97,338,45,34,1,5,1,
3,11,940,68,20,18,1,5,1,
3,12,694,276,19,15,1,5,1,
3,13,905,62,55,26,1,5,1,
3,14,1,253,34,22,1,5,1,
3,15,558,170,34,14,1,5,1,
3,16,355,0,70,42,1,5,1,
3,17,561,40,52,14,1,5,1,
3,18,772,441,33,39,1,5,1,
3,19,492,393,30,18,1,5,1,
3,21,148,86,100,28,1,5,1,
3,22,0,403,199,62,1,5,1,
3,23,465,229,90,26,1,5,1,
3,24,431,296,79,30,1,5,1,
3,25,707,212,42,19,1,5,1,
3,26,575,421,52,14,1,5,1,
3,27,221,151,120,34,1,5,1,
3,28,2,422,152,32,1,5,1,
3,29,752,267,55,13,1,5,1,
3,30,31,504,124,40,1,5,1,
3,31,393,215,35,23,1,5,1,
3,32,295,93,60,30,1,5,1,
3,33,802,233,158,40,1,5,1,
3,34,800,289,87,23,1,5,1,
3,35,441,192,41,14,1,5,1,
3,36,889,82,71,29,1,5,1,
3,37,222,189,91,21,1,5,1,
3,38,725,398,39,13,1,5,1,
4,1,268,142,71,32,1,5,1,
4,2,818,223,62,24,1,5,1,
4,3,367,411,88,47,1,5,1,
4,4,752,210,55,15,1,5,1,
4,5,87,78,94,29,1,5,1,
4,6,446,154,27,31,1,5,1,
4,7,585,119,42,20,1,5,1,
4,8,149,91,76,30,1,5,1,
4,9,651,359,35,21,1,5,1,
4,10,94,341,48,35,1,5,1,
4,12,692,277,23,14,1,5,1,
4,13,914,62,46,21,1,5,1,
4,14,0,253,32,22,1,5,1,
4,15,560,169,38,13,1,5,1,
4,16,353,-5,62,44,1,5,1,
4,17,568,40,53,14,1,5,1,
4,18,773,440,37,36,1,5,1,
4,19,493,394,35,18,1,5,1,
4,21,157,87,99,27,1,5,1,
4,22,-10,401,193,70,1,5,1,
4,23,457,228,85,27,1,5,1,
4,24,435,297,91,30,1,5,1,
4,25,707,210,52,20,1,5,1,
4,26,582,422,52,14,1,5,1,
4,27,207,149,127,35,1,5,1,
4,28,22,420,146,31,1,5,1,
4,29,757,267,58,13,1,5,1,
4,30,36,508,125,35,1,5,1,
4,31,392,216,28,24,1,5,1,
4,32,286,98,65,24,1,5,1,
4,33,809,232,151,40,1,5,1,
4,34,801,289,99,23,1,5,1,
4,35,437,192,38,16,1,5,1,
4,37,209,187,92,22,1,5,1,
4,38,729,399,41,12,1,5,1,
5,1,279,140,60,33,1,5,1,
5,2,819,225,50,22,1,5,1,
5,3,359,412,83,53,1,5,1,
5,4,762,210,52,15,1,5,1,
5,5,97,81,90,27,1,5,1,
5,6,447,152,29,31,1,5,1,
5,7,588,117,47,20,1,5,1,
5,8,157,94,77,28,1,5,1,
5,9,650,359,29,24,1,5,1,
5,10,88,345,60,34,1,5,1,
5,12,690,277,29,15,1,5,1,
5,13,925,63,35,16,1,5,1,
5,14,-2,253,30,22,1,5,1,
5,15,562,167,43,14,1,5,1,
5,16,355,-12,51,48,1,5,1,
5,17,575,40,54,14,1,5,1,
5,18,770,438,50,33,1,5,1,
5,19,496,396,38,17,1,5,1,
5,21,166,89,98,26,1,5,1,
5,22,-34,401,201,73,1,5,1,
5,23,451,227,78,28,1,5,1,
5,24,440,297,103,30,1,5,1,
5,25,707,209,62,20,1,5,1,
5,26,588,423,53,15,1,5,1,
5,27,193,145,133,38,1,5,1,
5,28,41,418,140,30,1,5,1,
5,29,763,267,60,14,1,5,1,
5,30,52,506,107,38,1,5,1,
5,31,391,216,22,26,1,5,1,
5,32,283,97,58,28,1,5,1,
5,33,819,231,141,41,1,5,1,
5,34,804,288,110,24,1,5,1,
5,35,434,192,34,18,1,5,1,
5,37,196,185,93,22,1,5,1,
5,38,735,399,41,12,1,5,1,
6,1,289,136,48,35,1,5,1,
6,2,818,226,40,21,1,5,1,
6,3,352,413,78,59,1,5,1,
6,4,771,210,50,15,1,5,1,
6,5,107,83,85,25,1,5,1,
6,6,448,149,29,32,1,5,1,
6,7,591,116,53,19,1,5,1,
6,8,167,97,76,26,1,5,1,
6,9,649,360,23,26,1,5,1,
6,10,84,349,74,33,1,5,1,
6,12,689,277,37,15,1,5,1,
6,14,-12,252,40,22,1,5,1,
6,15,565,166,47,14,1,5,1,
6,16,354,-19,43,51,1,5,1,
6,17,582,39,54,14,1,5,1,
6,18,769,437,62,29,1,5,1,
6,19,499,398,42,16,1,5,1,
6,21,175,90,96,26,1,5,1,
6,22,-58,403,208,72,1,5,1,
6,23,446,226,71,28,1,5,1,
6,24,448,297,113,31,1,5,1,
6,25,709,208,70,20,1,5,1,
6,26,595,424,53,15,1,5,1,
6,27,179,140,139,41,1,5,1,
6,28,59,417,133,29,1,5,1,
6,29,771,267,58,13,1,5,1,
6,30,70,502,88,42,1,5,1,
6,31,389,217,25,26,1,5,1,
6,32,282,97,48,31,1,5,1,
6,33,831,230,129,42,1,5,1,
6,34,808,288,120,24,1,5,1,
6,35,433,193,29,19,1,5,1,
6,37,183,184,93,22,1,5,1,
6,38,740,398,42,13,1,5,1,
7,1,298,133,41,36,1,5,1,
7,2,818,226,31,21,1,5,1,
7,3,346,416,72,65,1,5,1,
7,4,780,211,46,14,1,5,1,
7,5,117,86,79,23,1,5,1,
7,6,447,146,34,33,1,5,1,
7,7,595,115,58,17,1,5,1,
7,8,176,100,76,24,1,5,1,
7,9,650,361,18,28,1,5,1,
7,10,82,352,83,33,1,5,1,
7,12,689,277,44,16,1,5,1,
7,14,-19,252,46,22,1,5,1,
7,15,569,165,50,13,1,5,1,
7,16,354,-27,34,55,1,5,1,
7,17,590,39,54,14,1,5,1,
7,18,769,437,74,27,1,5,1,
7,19,503,400,45,15,1,5,1,
7,21,184,91,95,25,1,5,1,
7,22,-82,405,214,78,1,5,1,
7,23,442,224,64,30,1,5,1,
7,24,458,296,121,32,1,5,1,
7,25,712,207,79,20,1,5,1,
7,26,601,426,55,14,1,5,1,
7,27,163,135,145,45,1,5,1,
7,28,76,416,127,28,1,5,1,
7,29,779,267,54,13,1,5,1,
7,30,86,500,77,44,1,5,1,
7,31,386,219,30,25,1,5,1,
7,32,282,98,38,33,1,5,1,
7,33,845,231,115,40,1,5,1,
7,34,814,288,128,25,1,5,1,
7,35,431,195,25,18,1,5,1,
7,37,171,183,91,22,1,5,1,
7,38,746,398,41,13,1,5,1,
8,1,297,129,43,38,1,5,1,
8,2,819,226,29,21,1,5,1,
8,3,341,419,65,71,1,5,1,
8,4,789,211,42,15,1,5,1,
8,5,127,87,73,22,1,5,1,
8,6,444,144,42,33,1,5,1,
8,7,600,114,62,17,1,5,1,
8,8,186,103,75,21,1,5,1,
8,9,649,362,19,31,1,5,1,
8,10,85,353,93,32,1,5,1,
8,12,689,277,52,16,1,5,1,
8,14,-23,254,46,20,1,5,1,
8,15,573,164,53,13,1,5,1,
8,16,356,-35,24,58,1,5,1,
8,17,597,39,54,14,1,5,1,
8,18,771,437,84,26,1,5,1,
8,19,509,401,44,15,1,5,1,
8,21,192,92,94,25,1,5,1,
8,22,-106,408,219,86,1,5,1,
8,23,440,223,57,30,1,5,1,
8,24,470,296,126,32,1,5,1,
8,25,716,206,86,20,1,5,1,
8,26,608,427,55,14,1,5,1,
8,27,145,130,152,46,1,5,1,
8,28,91,416,123,28,1,5,1,
8,29,784,267,55,13,1,5,1,
8,30,102,500,67,44,1,5,1,
8,31,380,221,37,23,1,5,1,
8,32,280,99,31,36,1,5,1,
8,33,862,232,98,34,1,5,1,
8,34,821,288,134,25,1,5,1,
8,35,431,196,20,18,1,5,1,
8,37,159,182,90,22,1,5,1,
8,38,754,398,36,12,1,5,1,
9,1,301,126,39,39,1,5,1,
9,2,822,227,28,21,1,5,1,
9,3,339,424,56,75,1,5,1,
9,4,798,212,37,14,1,5,1,
9,5,137,87,65,22,1,5,1,
9,6,441,142,56,34,1,5,1,
9,7,605,113,67,17,1,5,1,
9,8,196,105,73,20,1,5,1,
9,9,649,364,19,33,1,5,1,
9,10,92,351,98,33,1,5,1,
9,12,691,277,58,17,1,5,1,
9,14,-28,256,47,18,1,5,1,
9,15,578,163,54,13,1,5,1,
9,16,359,-42,13,60,1,5,1,
9,17,605,38,54,15,1,5,1,
9,18,774,436,93,27,1,5,1,
9,19,514,403,46,14,1,5,1,
9,21,201,93,93,25,1,5,1,
9,22,-129,412,222,93,1,5,1,
9,23,440,220,47,32,1,5,1,
9,24,483,295,129,32,1,5,1,
9,25,721,205,92,20,1,5,1,
9,26,615,428,56,14,1,5,1,
9,27,127,126,158,46,1,5,1,
9,28,105,417,119,27,1,5,1,
9,29,792,267,52,13,1,5,1,
9,30,112,502,64,42,1,5,1,
9,31,380,224,31,20,1,5,1,
9,32,280,101,23,37,1,5,1,
9,33,882,235,78,27,1,5,1,
9,34,829,288,130,25,1,5,1,
9,35,431,198,15,18,1,5,1,
9,37,148,181,87,22,1,5,1,
9,38,761,396,30,13,1,5,1,
10,1,303,122,40,41,1,5,1,
10,2,825,227,27,21,1,5,1,
10,3,337,429,47,78,1,5,1,
10,4,806,212,32,15,1,5,1,
10,5,146,87,58,21,1,5,1,
10,6,440,140,68,34,1,5,1,
10,7,611,113,70,16,1,5,1,
10,8,204,105,73,20,1,5,1,
10,9,650,366,19,34,1,5,1,
10,10,106,350,90,34,1,5,1,
10,12,693,278,65,16,1,5,1,
10,14,-33,257,48,16,1,5,1,
10,15,584,162,55,13,1,5,1,
10,17,612,38,54,14,1,5,1,
10,18,783,434,90,27,1,5,1,
10,19,519,404,47,14,1,5,1,
10,21,209,93,92,26,1,5,1,
10,22,-152,416,223,101,1,5,1,
10,23,442,218,37,32,1,5,1,
10,24,499,295,129,31,1,5,1,
10,25,727,204,98,20,1,5,1,
10,26,623,429,55,14,1,5,1,
10,27,108,121,164,47,1,5,1,
10,28,119,416,114,28,1,5,1,
10,29,799,267,50,13,1,5,1,
10,30,117,506,47,38,1,5,1,
10,31,379,225,25,20,1,5,1,
10,32,281,103,22,39,1,5,1,
10,34,839,288,121,25,1,5,1,
10,35,430,199,12,18,1,5,1,
10,37,138,180,83,23,1,5,1,
10,38,768,395,24,13,1,5,1,
11,1,306,118,41,42,1,5,1,
11,2,828,227,27,21,1,5,1,
11,3,338,435,36,81,1,5,1,
11,4,813,213,27,14,1,5,1,
11,5,155,86,49,21,1,5,1,
11,6,439,138,81,34,1,5,1,
11,7,617,112,73,17,1,5,1,
11,8,212,106,73,20,1,5,1,
11,9,648,369,24,35,1,5,1,
11,10,120,349,78,36,1,5,1,
11,12,696,278,71,16,1,5,1,
11,15,590,162,55,13,1,5,1,
11,17,620,38,53,14,1,5,1,
11,18,792,434,88,27,1,5,1,
11,19,525,405,48,14,1,5,1,
11,21,217,93,91,27,1,5,1,
11,23,443,216,36,33,1,5,1,
11,24,514,295,131,30,1,5,1,
11,25,735,203,101,21,1,5,1,
11,26,630,429,55,13,1,5,1,
11,27,89,116,170,47,1,5,1,
11,28,133,416,107,29,1,5,1,
11,29,805,267,49,13,1,5,1,
11,30,121,509,48,35,1,5,1,
11,31,377,226,21,20,1,5,1,
11,32,283,106,22,39,1,5,1,
11,34,850,288,110,25,1,5,1,
11,35,430,201,11,17,1,5,1,
11,37,129,179,79,23,1,5,1,
11,38,774,394,18,13,1,5,1,
12,1,302,115,47,42,1,5,1,
12,2,825,227,38,21,1,5,1,
12,3,340,441,32,83,1,5,1,
12,4,820,213,21,15,1,5,1,
12,5,162,84,41,21,1,5,1,
12,6,440,137,93,33,1,5,1,
12,7,624,111,76,17,1,5,1,
12,8,221,106,72,21,1,5,1,
12,9,646,372,31,36,1,5,1,
12,10,121,351,89,37,1,5,1,
12,12,700,278,75,17,1,5,1,
12,15,596,161,54,13,1,5,1,
12,17,627,38,54,14,1,5,1,
12,18,801,433,85,27,1,5,1,
12,19,531,406,49,14,1,5,1,
12,21,225,94,90,27,1,5,1,
12,23,443,213,38,35,1,5,1,
12,24,529,295,132,32,1,5,1,
12,25,743,202,103,21,1,5,1,
12,26,638,428,54,14,1,5,1,
12,27,69,111,175,48,1,5,1,
12,28,146,417,101,30,1,5,1,
12,29,811,267,47,13,1,5,1,
12,30,124,514,50,30,1,5,1,
12,31,377,227,18,19,1,5,1,
12,32,282,111,22,35,1,5,1,
12,34,862,288,98,25,1,5,1,
12,35,430,202,11,17,1,5,1,
12,37,122,178,72,24,1,5,1,
12,38,779,392,13,14,1,5,1,
13,1,296,112,65,43,1,5,1,
13,2,824,228,48,20,1,5,1,
13,3,338,448,34,85,1,5,1,
13,4,824,214,18,14,1,5,1,
13,5,168,82,35,21,1,5,1,
13,6,442,136,104,32,1,5,1,
13,7,632,110,77,17,1,5,1,
13,8,230,107,71,21,1,5,1,
13,9,645,375,40,36,1,5,1,
13,10,125,354,91,37,1,5,1,
13,12,705,278,79,17,1,5,1,
13,15,603,161,52,13,1,5,1,
13,17,635,38,53,14,1,5,1,
13,18,810,432,82,27,1,5,1,
13,19,537,407,50,14,1,5,1,
13,21,233,95,90,27,1,5,1,
13,23,445,211,38,36,1,5,1,
13,24,544,295,135,30,1,5,1,
13,25,753,201,103,21,1,5,1,
13,26,646,429,53,13,1,5,1,
13,27,49,106,179,48,1,5,1,
13,28,159,420,93,30,1,5,1,
13,29,817,267,46,13,1,5,1,
13,31,378,228,17,19,1,5,1,
13,32,281,116,21,31,1,5,1,
13,34,875,288,85,25,1,5,1,
13,35,432,204,10,16,1,5,1,
13,37,116,177,65,24,1,5,1,
13,38,779,390,13,15,1,5,1,
14,1,293,109,84,43,1,5,1,
14,2,823,228,59,20,1,5,1,
14,3,339,455,34,86,1,5,1,
14,4,825,215,18,14,1,5,1,
14,5,170,80,36,22,1,5,1,
14,6,448,134,106,33,1,5,1,
14,7,640,108,79,18,1,5,1,
14,8,238,109,71,19,1,5,1,
14,9,646,378,49,36,1,5,1,
14,10,131,357,87,37,1,5,1,
14,12,711,278,81,17,1,5,1,
14,15,610,161,50,13,1,5,1,
14,17,642,38,53,14,1,5,1,
14,18,818,432,80,26,1,5,1,
14,19,543,408,51,13,1,5,1,
14,21,241,96,89,26,1,5,1,
14,23,448,208,39,38,1,5,1,
14,24,559,295,137,32,1,5,1,
14,25,763,201,102,21,1,5,1,
14,26,653,429,52,13,1,5,1,
14,27,29,101,183,50,1,5,1,
14,28,168,422,94,31,1,5,1,
14,29,823,267,44,13,1,5,1,
14,31,380,229,16,19,1,5,1,
14,32,279,120,24,27,1,5,1,
14,34,889,288,71,25,1,5,1,
14,35,432,206,12,15,1,5,1,
14,37,112,176,56,25,1,5,1,
14,38,779,388,13,15,1,5,1,
15,1,294,107,96,43,1,5,1,
15,2,824,228,68,20,1,5,1,
15,3,339,463,36,80,1,5,1,
15,4,828,216,17,14,1,5,1,
15,5,171,78,39,22,1,5,1,
15,6,451,132,116,33,1,5,1,
15,7,648,107,80,18,1,5,1,
15,8,247,111,69,17,1,5,1,
15,9,648,382,57,34,1,5,1,
15,10,138,360,81,38,1,5,1,
15,12,718,278,81,17,1,5,1,
15,15,617,161,46,13,1,5,1,
15,17,649,38,53,14,1,5,1,
15,18,827,431,76,26,1,5,1,
15,19,550,409,51,13,1,5,1,
15,20,946,422,14,12,1,5,1,
15,21,249,97,87,27,1,5,1,
15,23,448,206,45,38,1,5,1,
15,24,574,295,141,33,1,5,1,
15,25,774,201,98,21,1,5,1,
15,26,660,429,52,13,1,5,1,
15,27,8,95,186,52,1,5,1,
15,28,173,423,106,32,1,5,1,
15,29,829,267,42,13,1,5,1,
15,31,381,230,18,17,1,5,1,
15,32,276,124,29,22,1,5,1,
15,34,903,288,57,25,1,5,1,
15,35,432,207,16,14,1,5,1,
15,37,111,174,45,27,1,5,1,
15,38,778,386,15,15,1,5,1,
16,1,299,104,102,43,1,5,1,
16,2,830,228,68,20,1,5,1,
16,3,333,471,47,72,1,5,1,
16,4,829,217,17,14,1,5,1,
16,5,173,77,41,22,1,5,1,
16,6,456,132,123,32,1,5,1,
16,7,656,106,81,18,1,5,1,
16,8,255,111,69,18,1,5,1,
16,9,651,385,66,34,1,5,1,
16,10,141,362,87,38,1,5,1,
16,12,725,278,82,17,1,5,1,
16,15,624,161,42,14,1,5,1,
16,17,657,38,52,15,1,5,1,
16,18,835,430,73,26,1,5,1,
16,19,556,409,53,13,1,5,1,
16,20,942,419,17,15,1,5,1,
16,21,257,98,86,26,1,5,1,
16,23,445,203,64,39,1,5,1,
16,24,590,296,143,33,1,5,1,
16,25,786,200,93,22,1,5,1,
16,26,667,428,51,14,1,5,1,
16,27,0,89,176,53,1,5,1,
16,28,180,424,117,32,1,5,1,
16,29,835,267,40,13,1,5,1,
16,31,381,231,22,16,1,5,1,
16,32,271,127,35,18,1,5,1,
16,34,918,289,42,20,1,5,1,
16,35,432,208,20,14,1,5,1,
16,37,112,173,35,27,1,5,1,
16,38,776,385,18,14,1,5,1,
17,1,300,101,117,44,1,5,1,
17,2,838,228,65,20,1,5,1,
17,3,328,480,61,64,1,5,1,
17,4,830,218,16,14,1,5,1,
17,5,175,75,41,22,1,5,1,
17,6,461,131,129,32,1,5,1,
17,7,665,105,81,18,1,5,1,
17,8,264,113,67,16,1,5,1,
17,9,656,388,73,32,1,5,1,
17,10,140,365,105,38,1,5,1,
17,12,733,278,80,17,1,5,1,
17,15,631,160,37,15,1,5,1,
17,17,665,38,51,15,1,5,1,
17,18,843,429,70,25,1,5,1,
17,19,563,410,53,13,1,5,1,
17,20,938,417,21,17,1,5,1,
17,21,265,99,84,27,1,5,1,
17,23,443,200,84,41,1,5,1,
17,24,607,296,144,33,1,5,1,
17,25,798,200,85,22,1,5,1,
17,26,674,428,51,13,1,5,1,
17,27,-12,83,169,54,1,5,1,
17,28,190,424,124,32,1,5,1,
17,29,841,267,37,13,1,5,1,
17,31,381,231,26,15,1,5,1,
17,32,264,127,41,18,1,5,1,
17,35,433,210,23,12,1,5,1,
17,37,109,172,37,28,1,5,1,
17,38,773,383,22,14,1,5,1,
18,1,303,99,130,44,1,5,1,
18,2,845,228,63,20,1,5,1,
18,3,326,490,74,54,1,5,1,
18,4,829,219,16,13,1,5,1,
18,5,177,73,43,23,1,5,1,
18,6,468,130,133,33,1,5,1,
18,7,674,105,83,18,1,5,1,
18,8,272,113,66,16,1,5,1,
18,9,661,391,80,31,1,5,1,
18,10,139,366,124,39,1,5,1,
18,12,742,278,76,17,1,5,1,
18,15,637,160,33,16,1,5,1,
18,17,672,38,50,15,1,5,1,
18,18,851,428,67,25,1,5,1,
18,19,570,410,53,13,1,5,1,
18,20,934,415,25,20,1,5,1,
18,21,273,100,83,27,1,5,1,
18,23,443,197,105,42,1,5,1,
18,24,624,296,145,34,1,5,1,
18,25,811,200,76,22,1,5,1,
18,26,681,428,50,13,1,5,1,
18,27,-31,77,168,56,1,5,1,
18,28,204,425,120,32,1,5,1,
18,29,846,267,35,13,1,5,1,
18,31,382,231,30,14,1,5,1,
18,32,256,127,48,18,1,5,1,
18,35,435,211,26,12,1,5,1,
18,37,109,171,38,28,1,5,1,
18,38,769,382,26,13,1,5,1,
19,1,310,96,137,45,1,5,1,
19,2,853,228,59,20,1,5,1,
19,3,325,499,87,45,1,5,1,
19,4,827,219,21,14,1,5,1,
19,5,179,72,45,22,1,5,1,
19,6,477,129,134,34,1,5,1,
19,7,684,103,83,18,1,5,1,
19,8,280,113,65,16,1,5,1,
19,9,668,394,85,29,1,5,1,
19,10,144,367,135,40,1,5,1,
19,12,751,278,72,17,1,5,1,
19,15,644,159,27,17,1,5,1,
19,17,679,39,49,15,1,5,1,
19,18,862,426,56,26,1,5,1,
19,19,577,410,53,13,1,5,1,
19,20,930,413,29,20,1,5,1,
19,21,280,102,83,25,1,5,1,
19,23,445,195,124,42,1,5,1,
19,24,641,296,145,34,1,5,1,
19,25,824,201,66,21,1,5,1,
19,26,690,427,45,13,1,5,1,
19,27,-48,76,164,52,1,5,1,
19,28,220,426,114,32,1,5,1,
19,29,851,267,33,13,1,5,1,
19,31,384,230,34,15,1,5,1,
19,32,248,126,54,18,1,5,1,
19,35,437,212,29,11,1,5,1,
19,37,111,169,39,30,1,5,1,
19,38,766,381,27,13,1,5,1,
20,1,319,94,143,45,1,5,1,
20,2,859,229,58,19,1,5,1,
20,3,331,504,92,40,1,5,1,
20,4,826,220,21,14,1,5,1,
20,5,182,70,45,23,1,5,1,
20,6,486,129,134,34,1,5,1,
20,7,693,101,85,18,1,5,1,
20,8,289,113,62,16,1,5,1,
20,9,675,397,91,27,1,5,1,
20,10,153,368,139,40,1,5,1,
20,12,759,278,67,17,1,5,1,
20,15,650,160,21,17,1,5,1,
20,17,686,40,47,16,1,5,1,
20,18,869,425,52,26,1,5,1,
20,19,584,410,52,13,1,5,1,
20,20,926,411,33,20,1,5,1,
20,21,287,103,83,25,1,5,1,
20,23,448,192,144,44,1,5,1,
20,24,658,296,146,34,1,5,1,
20,25,836,201,55,21,1,5,1,
20,26,697,426,42,13,1,5,1,
20,27,-64,69,159,54,1,5,1,
20,28,231,427,116,32,1,5,1,
20,29,856,267,31,13,1,5,1,
20,31,386,230,37,15,1,5,1,
20,32,240,124,59,20,1,5,1,
20,35,440,212,31,11,1,5,1,
20,37,107,168,48,30,1,5,1,
20,38,764,380,26,12,1,5,1,
21,1,328,92,149,45,1,5,1,
21,2,866,229,55,19,1,5,1,
21,3,339,510,97,34,1,5,1,
21,4,824,221,21,13,1,5,1,
21,5,182,70,53,23,1,5,1,
21,6,497,128,130,35,1,5,1,
21,7,703,98,84,20,1,5,1,
21,8,297,113,61,16,1,5,1,
21,9,684,400,94,25,1,5,1,
21,10,163,369,144,40,1,5,1,
21,12,767,278,63,17,1,5,1,
21,15,653,161,19,17,1,5,1,
21,17,692,41,47,15,1,5,1,
21,18,875,424,49,26,1,5,1,
21,19,592,410,50,13,1,5,1,
21,20,922,409,37,20,1,5,1,
21,21,295,105,81,24,1,5,1,
21,23,454,190,161,45,1,5,1,
21,24,677,296,141,33,1,5,1,
21,25,848,202,43,20,1,5,1,
21,26,704,426,40,13,1,5,1,
21,27,-75,61,148,58,1,5,1,
21,28,243,428,118,33,1,5,1,
21,29,860,267,29,13,1,5,1,
21,31,388,230,41,15,1,5,1,
21,32,231,122,63,20,1,5,1,
21,35,443,213,33,9,1,5,1,
21,37,105,166,53,32,1,5,1,
21,38,761,378,27,13,1,5,1,
22,1,337,90,156,45,1,5,1,
22,2,872,229,53,19,1,5,1,
22,3,346,515,103,29,1,5,1,
22,4,823,222,20,13,1,5,1,
22,5,186,69,53,23,1,5,1,
22,6,507,128,133,34,1,5,1,
22,7,713,97,84,20,1,5,1,
22,8,306,112,58,17,1,5,1,
22,9,695,401,96,25,1,5,1,
22,10,173,370,148,40,1,5,1,
22,12,773,278,63,17,1,5,1,
22,15,655,162,19,17,1,5,1,
22,17,699,41,46,16,1,5,1,
22,18,881,422,47,26,1,5,1,
22,19,601,410,47,13,1,5,1,
22,20,918,407,41,20,1,5,1,
22,21,302,106,81,24,1,5,1,
22,23,463,188,174,45,1,5,1,
22,24,695,296,137,33,1,5,1,
22,25,856,202,38,21,1,5,1,
22,26,710,425,38,13,1,5,1,
22,27,-84,53,136,61,1,5,1,
22,28,255,430,120,32,1,5,1,
22,29,864,267,28,13,1,5,1,
22,31,391,230,44,14,1,5,1,
22,32,222,119,68,22,1,5,1,
22,35,447,213,34,9,1,5,1,
22,37,104,164,62,33,1,5,1,
22,38,759,377,27,13,1,5,1,
23,1,348,88,160,45,1,5,1,
23,2,878,229,51,19,1,5,1,
23,4,821,222,20,13,1,5,1,
23,5,192,67,50,23,1,5,1,
23,6,517,127,136,34,1,5,1,
23,7,723,96,84,20,1,5,1,
23,8,314,112,55,16,1,5,1,
23,9,706,403,96,25,1,5,1,
23,10,184,371,152,41,1,5,1,
23,12,779,278,62,17,1,5,1,
23,15,658,163,17,17,1,5,1,
23,17,705,42,46,16,1,5,1,
23,18,886,421,45,26,1,5,1,
23,19,609,410,44,13,1,5,1,
23,20,919,406,40,21,1,5,1,
23,21,310,108,80,23,1,5,1,
23,23,474,186,185,46,1,5,1,
23,24,713,296,134,33,1,5,1,
23,25,861,203,34,21,1,5,1,
23,26,716,424,37,13,1,5,1,
23,28,267,431,122,33,1,5,1,
23,29,870,267,22,13,1,5,1,
23,31,393,230,48,14,1,5,1,
23,32,213,116,71,24,1,5,1,
23,35,450,213,36,9,1,5,1,
23,37,107,162,67,33,1,5,1,
23,38,756,376,27,12,1,5,1,
24,1,360,85,164,46,1,5,1,
24,2,883,229,50,19,1,5,1,
24,4,820,223,19,12,1,5,1,
24,5,193,65,55,24,1,5,1,
24,6,527,126,139,33,1,5,1,
24,7,732,96,86,20,1,5,1,
24,8,321,111,54,16,1,5,1,
24,9,718,406,95,24,1,5,1,
24,10,195,371,157,41,1,5,1,
24,12,785,278,61,17,1,5,1,
24,15,660,164,17,17,1,5,1,
24,17,712,43,44,16,1,5,1,
24,18,891,420,43,25,1,5,1,
24,19,617,410,40,12,1,5,1,
24,20,920,405,33,20,1,5,1,
24,21,317,110,80,22,1,5,1,
24,23,487,184,194,47,1,5,1,
24,24,726,296,143,34,1,5,1,
24,25,865,203,31,21,1,5,1,
24,26,722,423,35,13,1,5,1,
24,28,280,432,123,33,1,5,1,
24,29,873,267,21,13,1,5,1,
24,31,396,230,51,14,1,5,1,
24,32,204,113,74,25,1,5,1,
24,35,454,212,37,10,1,5,1,
24,37,112,159,71,34,1,5,1,
24,38,754,375,27,12,1,5,1,
25,1,371,83,169,46,1,5,1,
25,2,888,230,49,18,1,5,1,
25,4,817,223,20,12,1,5,1,
25,5,192,63,62,24,1,5,1,
25,6,538,124,140,33,1,5,1,
25,7,742,95,86,20,1,5,1,
25,8,327,110,54,16,1,5,1,
25,9,731,408,92,23,1,5,1,
25,10,208,372,160,42,1,5,1,
25,12,791,278,60,17,1,5,1,
25,15,662,165,16,17,1,5,1,
25,17,718,43,44,16,1,5,1,
25,18,895,419,42,25,1,5,1,
25,19,625,409,35,12,1,5,1,
25,20,920,404,27,19,1,5,1,
25,21,325,111,78,21,1,5,1,
25,23,504,182,197,48,1,5,1,
25,24,741,297,150,34,1,5,1,
25,25,869,204,30,21,1,5,1,
25,26,727,422,34,13,1,5,1,
25,28,292,433,126,33,1,5,1,
25,29,876,267,20,13,1,5,1,
25,31,400,229,53,14,1,5,1,
25,32,195,109,76,28,1,5,1,
25,35,459,212,38,10,1,5,1,
25,37,118,156,74,36,1,5,1,
25,38,751,374,27,12,1,5,1,
26,1,384,80,173,48,1,5,1,
26,2,893,230,47,19,1,5,1,
26,4,814,223,20,12,1,5,1,
26,5,196,61,61,24,1,5,1,
26,6,549,122,142,35,1,5,1,
26,7,752,94,86,20,1,5,1,
26,8,334,109,53,16,1,5,1,
26,9,745,410,86,22,1,5,1,
26,10,220,373,163,42,1,5,1,
26,12,797,278,58,17,1,5,1,
26,15,664,166,15,17,1,5,1,
26,17,724,44,44,16,1,5,1,
26,18,900,418,40,25,1,5,1,
26,19,632,408,30,12,1,5,1,
26,20,921,403,20,18,1,5,1,
26,21,333,112,76,20,1,5,1,
26,23,523,181,201,49,1,5,1,
26,24,759,297,151,34,1,5,1,
26,25,873,204,28,21,1,5,1,
26,26,733,421,31,13,1,5,1,
26,28,305,434,128,33,1,5,1,
26,29,878,267,21,13,1,5,1,
26,31,404,229,55,14,1,5,1,
26,32,186,105,78,30,1,5,1,
26,35,463,212,39,10,1,5,1,
26,37,123,154,80,36,1,5,1,
26,38,749,373,27,12,1,5,1,
27,1,394,78,181,47,1,5,1,
27,2,898,230,46,19,1,5,1,
27,4,813,224,18,12,1,5,1,
27,5,202,59,58,24,1,5,1,
27,6,558,121,145,34,1,5,1,
27,7,762,94,86,20,1,5,1,
27,8,340,108,52,16,1,5,1,
27,9,759,411,79,22,1,5,1,
27,10,233,374,166,42,1,5,1,
27,12,800,278,65,17,1,5,1,
27,15,666,167,15,16,1,5,1,
27,17,730,45,43,16,1,5,1,
27,18,905,416,38,25,1,5,1,
27,19,639,407,24,12,1,5,1,
27,20,923,403,19,16,1,5,1,
27,21,341,112,74,20,1,5,1,
27,23,544,181,204,48,1,5,1,
27,24,777,297,152,35,1,5,1,
27,25,876,205,27,21,1,5,1,
27,26,738,420,30,13,1,5,1,
27,28,319,435,129,34,1,5,1,
27,29,880,267,21,13,1,5,1,
27,31,409,229,56,14,1,5,1,
27,32,176,100,80,31,1,5,1,
27,35,468,212,39,10,1,5,1,
27,37,128,151,89,37,1,5,1,
27,38,746,372,27,12,1,5,1,
28,1,405,77,187,48,1,5,1,
28,2,903,230,44,19,1,5,1,
28,4,812,225,17,11,1,5,1,
28,5,208,57,54,25,1,5,1,
28,6,568,120,145,35,1,5,1,
28,7,772,93,85,21,1,5,1,
28,8,345,107,55,17,1,5,1,
28,9,774,412,69,21,1,5,1,
28,10,247,375,168,42,1,5,1,
28,12,805,278,65,17,1,5,1,
28,15,668,168,14,16,1,5,1,
28,17,737,45,38,17,1,5,1,
28,18,910,415,35,25,1,5,1,
28,19,646,406,18,12,1,5,1,
28,20,927,403,18,14,1,5,1,
28,21,349,111,71,20,1,5,1,
28,23,565,180,206,49,1,5,1,
28,24,796,297,151,35,1,5,1,
28,25,880,206,27,19,1,5,1,
28,26,743,419,28,13,1,5,1,
28,28,333,436,130,34,1,5,1,
28,29,882,267,22,13,1,5,1,
28,31,414,229,57,14,1,5,1,
28,32,166,96,82,32,1,5,1,
28,35,473,212,39,10,1,5,1,
28,37,135,148,95,38,1,5,1,
28,38,743,371,28,11,1,5,1,
29,1,419,77,189,48,1,5,1,
29,2,903,231,53,19,1,5,1,
29,4,811,225,16,12,1,5,1,
29,5,212,55,54,25,1,5,1,
29,6,579,120,143,35,1,5,1,
29,7,782,93,85,20,1,5,1,
29,8,349,107,60,17,1,5,1,
29,9,787,412,60,21,1,5,1,
29,10,261,376,170,42,1,5,1,
29,12,811,278,65,18,1,5,1,
29,15,670,169,13,16,1,5,1,
29,17,744,45,33,19,1,5,1,
29,18,912,414,38,24,1,5,1,
29,19,652,404,12,13,1,5,1,
29,20,929,402,19,14,1,5,1,
29,21,356,110,69,20,1,5,1,
29,23,585,179,210,49,1,5,1,
29,24,814,297,145,35,1,5,1,
29,25,882,206,27,20,1,5,1,
29,26,748,418,26,13,1,5,1,
29,28,347,437,131,34,1,5,1,
29,29,885,267,21,13,1,5,1,
29,31,419,229,58,14,1,5,1,
29,32,157,91,82,33,1,5,1,
29,35,477,212,39,9,1,5,1,
29,37,142,146,101,38,1,5,1,
29,38,741,370,27,11,1,5,1,
30,1,435,76,190,49,1,5,1,
30,2,905,231,54,19,1,5,1,
30,4,810,226,15,11,1,5,1,
30,5,216,53,53,26,1,5,1,
30,6,592,120,138,35,1,5,1,
30,7,792,92,84,21,1,5,1,
30,8,356,106,60,17,1,5,1,
30,9,801,412,48,20,1,5,1,
30,10,275,376,172,43,1,5,1,
30,12,817,278,65,18,1,5,1,
30,15,670,170,13,16,1,5,1,
30,17,750,46,27,20,1,5,1,
30,18,916,413,37,24,1,5,1,
30,19,653,402,11,14,1,5,1,
30,20,931,401,19,14,1,5,1,
30,21,361,109,71,20,1,5,1,
30,23,607,178,213,50,1,5,1,
30,24,832,297,128,35,1,5,1,
30,25,884,207,27,19,1,5,1,
30,26,752,417,24,13,1,5,1,
30,28,361,438,133,34,1,5,1,
30,29,887,267,22,13,1,5,1,
30,31,425,229,58,14,1,5,1,
30,32,148,86,82,35,1,5,1,
30,35,482,212,39,9,1,5,1,
30,37,151,143,107,39,1,5,1,
30,38,738,369,28,11,1,5,1,
31,1,452,76,190,48,1,5,1,
31,2,909,231,51,19,1,5,1,
31,4,809,226,15,11,1,5,1,
31,5,220,50,53,27,1,5,1,
31,6,605,120,130,36,1,5,1,
31,7,802,92,82,21,1,5,1,
31,8,361,105,63,17,1,5,1,
31,9,813,411,36,20,1,5,1,
31,10,290,377,174,44,1,5,1,
31,12,823,278,65,18,1,5,1,
31,15,669,170,13,17,1,5,1,
31,17,756,47,21,22,1,5,1,
31,18,920,412,35,24,1,5,1,
31,19,654,401,11,14,1,5,1,
31,20,933,400,19,14,1,5,1,
31,21,366,108,72,20,1,5,1,
31,23,628,177,217,50,1,5,1,
31,24,851,297,109,35,1,5,1,
31,25,886,207,27,20,1,5,1,
31,26,756,416,23,13,1,5,1,
31,27,0,0,66,65,1,5,1,
31,28,376,439,134,34,1,5,1,
31,29,890,267,21,13,1,5,1,
31,31,430,229,58,14,1,5,1,
31,32,139,81,81,36,1,5,1,
31,35,487,212,39,9,1,5,1,
31,37,160,140,113,40,1,5,1,
31,38,735,368,28,11,1,5,1,
32,1,469,75,189,49,1,5,1,
32,2,915,231,45,20,1,5,1,
32,4,808,227,15,11,1,5,1,
32,5,228,48,45,27,1,5,1,
32,6,620,120,119,37,1,5,1,
32,7,813,92,79,21,1,5,1,
32,8,367,104,65,18,1,5,1,
32,9,825,410,24,19,1,5,1,
32,10,305,378,176,44,1,5,1,
32,12,829,279,65,17,1,5,1,
32,15,667,171,15,17,1,5,1,
32,17,759,49,19,22,1,5,1,
32,18,924,411,34,23,1,5,1,
32,19,654,399,11,14,1,5,1,
32,20,935,399,18,14,1,5,1,
32,21,372,107,72,21,1,5,1,
32,23,652,177,219,50,1,5,1,
32,24,875,297,85,33,1,5,1,
32,25,888,208,27,19,1,5,1,
32,26,760,415,22,12,1,5,1,
32,27,0,0,89,63,1,5,1,
32,28,391,440,134,34,1,5,1,
32,29,894,267,20,12,1,5,1,
32,31,436,229,57,14,1,5,1,
32,32,131,76,79,36,1,5,1,
32,35,492,212,39,9,1,5,1,
32,37,171,137,117,41,1,5,1,
32,38,733,367,27,11,1,5,1,
33,1,485,75,190,49,1,5,1,
33,2,921,232,39,19,1,5,1,
33,4,808,227,14,11,1,5,1,
33,5,231,45,45,28,1,5,1,
33,6,634,119,107,39,1,5,1,
33,7,823,92,78,21,1,5,1,
33,8,374,104,65,17,1,5,1,
33,9,828,408,22,20,1,5,1,
33,10,320,379,178,44,1,5,1,
33,12,835,279,64,17,1,5,1,
33,15,666,172,16,17,1,5,1,
33,17,762,51,18,22,1,5,1,
33,18,927,409,32,24,1,5,1,
33,19,656,398,11,14,1,5,1,
33,20,937,399,18,14,1,5,1,
33,21,377,107,74,20,1,5,1,
33,23,673,176,223,50,1,5,1,
33,24,893,298,67,32,1,5,1,
33,25,890,209,26,19,1,5,1,
33,26,763,414,22,12,1,5,1,
33,27,0,0,109,60,1,5,1,
33,28,405,440,136,36,1,5,1,
33,29,897,267,20,13,1,5,1,
33,31,442,229,57,14,1,5,1,
33,32,124,71,77,37,1,5,1,
33,35,496,212,40,9,1,5,1,
33,37,182,134,123,42,1,5,1,
33,38,730,366,28,11,1,5,1,
34,1,502,75,189,49,1,5,1,
34,2,927,232,33,19,1,5,1,
34,4,808,228,14,11,1,5,1,
34,5,234,43,46,28,1,5,1,
34,6,649,118,93,41,1,5,1,
34,7,832,92,78,21,1,5,1,
34,8,381,103,66,18,1,5,1,
34,9,828,406,22,21,1,5,1,
34,10,335,380,181,44,1,5,1,
34,12,841,279,64,17,1,5,1,
34,15,664,174,17,16,1,5,1,
34,17,766,52,14,23,1,5,1,
34,18,931,408,29,24,1,5,1,
34,19,658,398,12,12,1,5,1,
34,20,939,398,19,14,1,5,1,
34,21,383,106,74,21,1,5,1,
34,23,696,175,227,51,1,5,1,
34,24,910,301,50,26,1,5,1,
34,25,891,209,27,19,1,5,1,
34,26,766,413,23,12,1,5,1,
34,27,0,0,129,58,1,5,1,
34,28,420,441,138,36,1,5,1,
34,29,901,268,19,12,1,5,1,
34,31,447,229,57,14,1,5,1,
34,32,118,66,73,37,1,5,1,
34,35,501,211,39,10,1,5,1,
34,37,194,131,128,43,1,5,1,
34,38,727,365,28,11,1,5,1,
35,1,519,75,188,49,1,5,1,
35,2,932,232,28,19,1,5,1,
35,4,808,229,14,10,1,5,1,
35,5,241,40,38,30,1,5,1,
35,6,663,117,78,44,1,5,1,
35,7,842,92,76,21,1,5,1,
35,8,389,103,66,17,1,5,1,
35,9,827,403,25,23,1,5,1,
35,10,350,381,184,45,1,5,1,
35,12,847,279,64,17,1,5,1,
35,15,663,175,16,15,1,5,1,
35,17,766,54,14,24,1,5,1,
35,18,934,407,26,23,1,5,1,
35,19,659,397,15,12,1,5,1,
35,20,941,397,18,14,1,5,1,
35,21,389,105,74,21,1,5,1,
35,23,719,174,231,52,1,5,1,
35,25,893,210,26,18,1,5,1,
35,26,772,412,17,12,1,5,1,
35,27,0,0,149,55,1,5,1,
35,28,436,442,138,36,1,5,1,
35,29,904,268,17,12,1,5,1,
35,31,452,229,58,14,1,5,1,
35,32,113,61,68,37,1,5,1,
35,35,506,211,39,10,1,5,1,
35,37,207,128,134,44,1,5,1,
35,38,725,365,27,10,1,5,1,
36,1,535,75,189,49,1,5,1,
36,2,940,234,20,11,1,5,1,
36,4,807,229,14,10,1,5,1,
36,5,249,36,32,33,1,5,1,
36,6,675,117,68,45,1,5,1,
36,7,854,92,68,22,1,5,1,
36,8,396,103,67,17,1,5,1,
36,9,826,401,28,23,1,5,1,
36,10,366,382,186,45,1,5,1,
36,12,852,279,64,17,1,5,1,
36,15,661,176,17,15,1,5,1,
36,17,765,56,14,25,1,5,1,
36,18,938,406,22,23,1,5,1,
36,19,662,396,12,12,1,5,1,
36,20,942,396,17,14,1,5,1,
36,21,394,105,77,21,1,5,1,
36,23,742,173,217,52,1,5,1,
36,25,894,211,27,18,1,5,1,
36,26,775,410,14,13,1,5,1,
36,27,0,0,170,53,1,5,1,
36,28,451,443,140,36,1,5,1,
36,29,906,268,17,12,1,5,1,
36,31,457,229,59,14,1,5,1,
36,32,108,56,63,37,1,5,1,
36,35,510,211,40,9,1,5,1,
36,37,220,125,140,45,1,5,1,
36,38,722,364,28,10,1,5,1,
37,1,552,75,188,49,1,5,1,
37,4,807,230,14,10,1,5,1,
37,5,252,33,30,35,1,5,1,
37,6,683,118,65,45,1,5,1,
37,7,866,91,58,24,1,5,1,
37,8,403,102,68,18,1,5,1,
37,9,825,399,28,23,1,5,1,
37,10,382,383,189,45,1,5,1,
37,12,860,278,60,17,1,5,1,
37,15,659,177,17,15,1,5,1,
37,17,764,58,14,25,1,5,1,
37,18,941,406,19,22,1,5,1,
37,19,664,394,11,12,1,5,1,
37,20,944,395,16,14,1,5,1,
37,21,399,105,78,20,1,5,1,
37,23,765,172,195,53,1,5,1,
37,25,896,211,26,18,1,5,1,
37,26,776,408,14,14,1,5,1,
37,27,0,-4,192,54,1,5,1,
37,28,466,444,142,36,1,5,1,
37,29,909,268,16,12,1,5,1,
37,31,463,229,58,14,1,5,1,
37,32,105,52,56,36,1,5,1,
37,35,515,211,40,9,1,5,1,
37,37,234,122,146,46,1,5,1,
37,38,719,363,28,10,1,5,1,
38,1,569,75,187,49,1,5,1,
38,4,807,230,13,10,1,5,1,
38,5,253,29,30,37,1,5,1,
38,6,689,120,63,45,1,5,1,
38,7,877,90,48,26,1,5,1,
38,8,411,102,68,18,1,5,1,
38,9,824,397,28,22,1,5,1,
38,10,398,384,192,45,1,5,1,
38,12,867,278,58,17,1,5,1,
38,15,657,178,17,15,1,5,1,
38,17,761,60,18,26,1,5,1,
38,18,943,404,17,23,1,5,1,
38,19,665,393,11,12,1,5,1,
38,20,945,394,15,14,1,5,1,
38,21,405,104,79,21,1,5,1,
38,23,789,172,171,52,1,5,1,
38,25,897,212,26,18,1,5,1,
38,26,777,407,14,13,1,5,1,
38,27,0,-7,214,55,1,5,1,
38,28,482,445,143,36,1,5,1,
38,29,911,268,16,12,1,5,1,
38,31,468,229,59,14,1,5,1,
38,32,103,47,49,36,1,5,1,
38,35,520,211,40,9,1,5,1,
38,37,249,118,152,48,1,5,1,
38,38,717,362,27,10,1,5,1,
39,1,585,75,187,50,1,5,1,
39,4,807,231,13,10,1,5,1,
39,5,254,25,31,38,1,5,1,
39,6,695,123,61,43,1,5,1,
39,7,888,90,36,27,1,5,1,
39,8,418,102,69,18,1,5,1,
39,9,823,395,28,22,1,5,1,
39,10,414,384,195,46,1,5,1,
39,12,873,278,57,17,1,5,1,
39,15,655,179,17,15,1,5,1,
39,17,758,63,19,25,1,5,1,
39,18,946,406,14,19,1,5,1,
39,19,666,392,10,12,1,5,1,
39,20,947,393,13,14,1,5,1,
39,21,411,104,80,21,1,5,1,
39,23,810,171,150,54,1,5,1,
39,25,898,212,26,18,1,5,1,
39,26,778,406,14,13,1,5,1,
39,27,0,-11,237,56,1,5,1,
39,28,498,446,144,36,1,5,1,
39,29,913,268,16,12,1,5,1,
39,31,473,229,60,13,1,5,1,
39,32,102,43,41,34,1,5,1,
39,35,525,211,40,9,1,5,1,
39,37,264,115,159,48,1,5,1,
39,38,714,361,28,10,1,5,1,
40,1,604,74,183,49,1,5,1,
40,4,807,231,13,10,1,5,1,
40,5,255,22,31,38,1,5,1,
40,6,702,124,58,43,1,5,1,
40,7,898,90,27,29,1,5,1,
40,8,426,101,68,18,1,5,1,
40,9,821,393,29,21,1,5,1,
40,10,431,385,197,47,1,5,1,
40,12,878,278,57,17,1,5,1,
40,15,654,180,17,15,1,5,1,
40,17,756,66,19,24,1,5,1,
40,19,667,390,10,12,1,5,1,
40,20,948,393,12,13,1,5,1,
40,21,418,103,80,21,1,5,1,
40,23,831,171,129,47,1,5,1,
40,25,899,213,25,18,1,5,1,
40,26,779,405,13,12,1,5,1,
40,27,17,-15,244,57,1,5,1,
40,28,514,446,145,36,1,5,1,
40,29,915,268,16,12,1,5,1,
40,31,479,229,59,13,1,5,1,
40,32,103,39,31,33,1,5,1,
40,35,530,210,41,10,1,5,1,
40,37,281,112,166,49,1,5,1,
40,38,711,361,28,9,1,5,1,
41,1,623,75,179,48,1,5,1,
41,4,807,231,13,10,1,5,1,
41,5,255,18,33,38,1,5,1,
41,6,711,126,52,42,1,5,1,
41,7,899,91,27,31,1,5,1,
41,8,433,101,69,18,1,5,1,
41,9,820,391,28,21,1,5,1,
41,10,448,386,200,47,1,5,1,
41,12,883,278,57,17,1,5,1,
41,15,651,181,18,14,1,5,1,
41,17,753,68,19,25,1,5,1,
41,19,668,389,10,12,1,5,1,
41,20,949,392,11,13,1,5,1,
41,21,424,103,81,21,1,5,1,
41,23,854,173,106,38,1,5,1,
41,25,900,214,25,17,1,5,1,
41,26,780,403,13,13,1,5,1,
41,28,530,447,146,36,1,5,1,
41,29,917,268,16,12,1,5,1,
41,31,484,228,60,14,1,5,1,
41,32,101,35,30,32,1,5,1,
41,35,534,210,42,10,1,5,1,
41,37,298,108,173,51,1,5,1,
41,38,708,360,28,9,1,5,1,
42,1,642,75,175,50,1,5,1,
42,4,806,232,13,9,1,5,1,
42,5,255,15,36,38,1,5,1,
42,6,722,127,39,43,1,5,1,
42,7,898,92,27,32,1,5,1,
42,8,441,101,69,18,1,5,1,
42,9,818,390,29,20,1,5,1,
42,10,465,387,203,47,1,5,1,
42,12,888,278,57,17,1,5,1,
42,15,651,182,14,14,1,5,1,
42,17,751,71,19,24,1,5,1,
42,19,668,388,10,11,1,5,1,
42,21,430,102,81,22,1,5,1,
42,25,900,214,25,18,1,5,1,
42,26,780,402,14,12,1,5,1,
42,28,546,448,148,36,1,5,1,
42,29,919,268,16,11,1,5,1,
42,31,490,228,60,14,1,5,1,
42,32,100,31,31,31,1,5,1,
42,35,539,210,42,10,1,5,1,
42,37,315,105,182,51,1,5,1,
42,38,706,359,27,9,1,5,1,
43,1,658,76,174,49,1,5,1,
43,4,805,232,13,10,1,5,1,
43,5,255,11,38,39,1,5,1,
43,6,725,128,36,43,1,5,1,
43,7,897,94,26,32,1,5,1,
43,8,448,101,70,18,1,5,1,
43,9,817,388,28,20,1,5,1,
43,10,482,388,207,47,1,5,1,
43,12,891,278,64,17,1,5,1,
43,15,650,183,12,14,1,5,1,
43,17,748,73,20,24,1,5,1,
43,19,669,387,10,11,1,5,1,
43,21,436,102,82,21,1,5,1,
43,25,901,215,24,17,1,5,1,
43,26,781,401,13,12,1,5,1,
43,28,562,449,149,36,1,5,1,
43,29,921,268,16,11,1,5,1,
43,31,495,228,60,14,1,5,1,
43,32,101,27,32,31,1,5,1,
43,35,544,210,42,10,1,5,1,
43,37,335,101,188,53,1,5,1,
43,38,703,358,28,10,1,5,1,
44,1,675,77,172,49,1,5,1,
44,4,805,233,13,9,1,5,1,
44,5,255,8,43,39,1,5,1,
44,6,724,130,36,43,1,5,1,
44,7,895,97,26,32,1,5,1,
44,8,456,101,70,18,1,5,1,
44,9,815,386,29,19,1,5,1,
44,10,500,389,210,47,1,5,1,
44,12,897,278,62,16,1,5,1,
44,15,651,184,11,13,1,5,1,
44,17,745,76,20,23,1,5,1,
44,19,669,385,10,12,1,5,1,
44,21,443,101,82,22,1,5,1,
44,25,901,216,25,17,1,5,1,
44,26,782,400,13,12,1,5,1,
44,28,578,449,151,37,1,5,1,
44,29,923,268,16,11,1,5,1,
44,31,500,228,61,14,1,5,1,
44,32,103,24,32,29,1,5,1,
44,35,549,210,42,9,1,5,1,
44,37,357,99,194,52,1,5,1,
44,38,700,358,28,9,1,5,1,
45,1,690,78,172,48,1,5,1,
45,4,806,233,12,9,1,5,1,
45,5,255,4,49,39,1,5,1,
45,6,722,131,35,45,1,5,1,
45,7,893,99,27,32,1,5,1,
45,8,464,101,70,18,1,5,1,
45,9,813,384,29,19,1,5,1,
45,10,518,389,212,48,1,5,1,
45,12,905,278,54,16,1,5,1,
45,15,652,185,11,13,1,5,1,
45,17,743,79,20,22,1,5,1,
45,19,670,384,10,11,1,5,1,
45,21,449,101,83,22,1,5,1,
45,25,902,216,24,17,1,5,1,
45,26,782,398,13,13,1,5,1,
45,28,595,450,152,37,1,5,1,
45,29,925,268,16,11,1,5,1,
45,31,506,228,61,14,1,5,1,
45,32,101,21,38,27,1,5,1,
45,35,554,209,42,10,1,5,1,
45,37,379,97,202,52,1,5,1,
45,38,697,357,28,9,1,5,1,
46,1,706,78,170,49,1,5,1,
46,4,806,233,13,10,1,5,1,
46,5,256,1,54,39,1,5,1,
46,6,720,133,34,45,1,5,1,
46,7,891,102,28,31,1,5,1,
46,8,472,100,70,19,1,5,1,
46,9,811,383,29,18,1,5,1,
46,10,537,390,215,50,1,5,1,
46,12,911,278,49,16,1,5,1,
46,15,653,186,11,12,1,5,1,
46,17,740,81,20,22,1,5,1,
46,19,670,383,10,11,1,5,1,
46,21,456,101,83,21,1,5,1,
46,25,902,217,24,16,1,5,1,
46,26,783,397,12,13,1,5,1,
46,28,612,451,153,37,1,5,1,
46,29,926,268,16,11,1,5,1,
46,31,512,228,61,14,1,5,1,
46,32,98,18,52,27,1,5,1,
46,35,559,209,42,10,1,5,1,
46,37,402,95,209,54,1,5,1,
46,38,694,356,28,9,1,5,1,
47,1,723,79,168,48,1,5,1,
47,4,806,234,13,9,1,5,1,
47,5,256,0,60,36,1,5,1,
47,6,717,135,40,45,1,5,1,
47,7,888,104,32,32,1,5,1,
47,8,480,100,70,19,1,5,1,
47,9,809,381,29,18,1,5,1,
47,10,558,391,214,51,1,5,1,
47,12,917,278,43,16,1,5,1,
47,15,653,187,13,12,1,5,1,
47,17,737,84,20,21,1,5,1,
47,19,670,382,10,11,1,5,1,
47,21,463,100,83,22,1,5,1,
47,25,902,217,24,17,1,5,1,
47,26,783,396,12,12,1,5,1,
47,28,630,452,153,37,1,5,1,
47,29,926,268,17,11,1,5,1,
47,31,518,228,60,14,1,5,1,
47,32,98,15,61,27,1,5,1,
47,35,564,209,43,10,1,5,1,
47,37,427,94,216,56,1,5,1,
47,38,692,355,28,9,1,5,1,
48,1,738,80,167,48,1,5,1,
48,4,807,234,12,9,1,5,1,
48,5,258,-3,64,36,1,5,1,
48,6,715,137,40,45,1,5,1,
48,7,882,106,39,32,1,5,1,
48,8,488,100,70,19,1,5,1,
48,9,807,380,29,17,1,5,1,
48,10,577,391,216,51,1,5,1,
48,12,923,278,37,16,1,5,1,
48,15,653,188,17,11,1,5,1,
48,17,734,86,21,21,1,5,1,
48,19,670,381,10,11,1,5,1,
48,21,469,100,84,22,1,5,1,
48,25,903,218,23,16,1,5,1,
48,26,783,395,12,12,1,5,1,
48,28,647,452,154,38,1,5,1,
48,29,926,268,16,11,1,5,1,
48,31,523,228,61,14,1,5,1,
48,32,102,13,65,27,1,5,1,
48,35,569,209,43,10,1,5,1,
48,37,451,94,225,56,1,5,1,
48,38,689,355,28,9,1,5,1,
49,1,753,80,167,48,1,5,1,
49,4,807,234,12,9,1,5,1,
49,5,261,-6,66,36,1,5,1,
49,6,713,140,39,43,1,5,1,
49,7,877,109,41,31,1,5,1,
49,8,496,100,70,19,1,5,1,
49,9,805,378,29,17,1,5,1,
49,10,597,392,217,51,1,5,1,
49,12,928,278,32,16,1,5,1,
49,15,655,188,16,12,1,5,1,
49,17,731,88,21,21,1,5,1,
49,19,670,380,10,10,1,5,1,
49,21,476,100,84,22,1,5,1,
49,25,903,218,23,16,1,5,1,
49,26,783,394,12,12,1,5,1,
49,28,664,453,156,38,1,5,1,
49,29,924,268,17,11,1,5,1,
49,31,529,228,61,14,1,5,1,
49,32,107,10,68,27,1,5,1,
49,35,574,209,43,10,1,5,1,
49,37,476,89,235,58,1,5,1,
49,38,686,354,28,9,1,5,1,
50,1,771,81,163,47,1,5,1,
50,4,807,235,12,9,1,5,1,
50,5,265,-10,65,36,1,5,1,
50,6,710,143,39,42,1,5,1,
50,7,872,112,41,30,1,5,1,
50,8,505,100,69,19,1,5,1,
50,9,802,377,30,16,1,5,1,
50,10,620,392,214,51,1,5,1,
50,12,934,279,26,15,1,5,1,
50,15,657,189,15,11,1,5,1,
50,17,728,90,21,21,1,5,1,
50,19,670,379,10,10,1,5,1,
50,21,484,99,84,22,1,5,1,
50,25,903,219,23,16,1,5,1,
50,26,783,392,12,12,1,5,1,
50,28,684,454,154,38,1,5,1,
50,29,922,268,22,11,1,5,1,
50,31,535,228,61,14,1,5,1,
50,32,114,7,69,28,1,5,1,
50,35,580,209,43,9,1,5,1,
50,37,504,84,244,59,1,5,1,
50,38,683,354,28,8,1,5,1,
51,1,785,82,164,47,1,5,1,
51,4,807,235,12,9,1,5,1,
51,5,268,-14,65,38,1,5,1,
51,6,708,145,39,41,1,5,1,
51,7,868,114,41,30,1,5,1,
51,8,512,100,70,19,1,5,1,
51,9,800,375,30,17,1,5,1,
51,10,638,392,217,52,1,5,1,
51,12,939,279,21,12,1,5,1,
51,15,659,189,15,12,1,5,1,
51,17,726,93,20,20,1,5,1,
51,19,669,378,11,10,1,5,1,
51,21,490,99,85,22,1,5,1,
51,25,904,219,23,16,1,5,1,
51,26,783,391,12,12,1,5,1,
51,28,700,454,157,38,1,5,1,
51,29,919,268,26,11,1,5,1,
51,31,540,228,62,14,1,5,1,
51,32,120,4,71,29,1,5,1,
51,35,584,208,44,10,1,5,1,
51,37,527,79,260,60,1,5,1,
51,38,680,353,28,8,1,5,1,
52,1,794,82,166,46,1,5,1,
52,4,807,235,12,9,1,5,1,
52,5,272,-18,64,39,1,5,1,
52,6,706,148,38,40,1,5,1,
52,7,863,117,41,29,1,5,1,
52,8,520,100,70,19,1,5,1,
52,9,797,374,31,16,1,5,1,
52,10,659,393,218,52,1,5,1,
52,15,661,190,14,11,1,5,1,
52,17,723,95,21,19,1,5,1,
52,19,669,376,11,11,1,5,1,
52,21,497,99,85,22,1,5,1,
52,25,905,220,23,16,1,5,1,
52,26,782,390,12,12,1,5,1,
52,28,718,455,158,38,1,5,1,
52,29,914,268,30,10,1,5,1,
52,31,546,228,61,14,1,5,1,
52,32,127,1,73,29,1,5,1,
52,35,589,208,45,10,1,5,1,
52,37,554,73,275,63,1,5,1,
52,38,678,352,28,9,1,5,1,
53,1,807,82,153,46,1,5,1,
53,4,807,236,12,8,1,5,1,
53,5,276,-22,67,40,1,5,1,
53,6,704,150,37,39,1,5,1,
53,7,859,119,41,29,1,5,1,
53,8,528,101,70,18,1,5,1,
53,9,795,372,30,16,1,5,1,
53,10,678,393,220,52,1,5,1,
53,15,663,190,13,12,1,5,1,
53,17,720,97,21,19,1,5,1,
53,19,669,375,10,11,1,5,1,
53,20,952,381,7,9,1,5,1,
53,21,503,99,86,22,1,5,1,
53,25,906,220,22,16,1,5,1,
53,26,782,389,12,11,1,5,1,
53,28,735,456,160,38,1,5,1,
53,29,909,268,33,10,1,5,1,
53,31,552,228,61,14,1,5,1,
53,32,134,0,74,28,1,5,1,
53,35,595,208,44,10,1,5,1,
53,37,581,67,293,64,1,5,1,
53,38,675,352,28,8,1,5,1,
54,1,824,82,136,46,1,5,1,
54,4,807,236,11,9,1,5,1,
54,5,281,-26,68,41,1,5,1,
54,6,704,154,30,35,1,5,1,
54,7,854,122,41,28,1,5,1,
54,8,536,101,68,19,1,5,1,
54,9,792,371,31,16,1,5,1,
54,10,700,394,219,52,1,5,1,
54,15,665,191,12,11,1,5,1,
54,17,717,99,21,19,1,5,1,
54,19,668,374,11,10,1,5,1,
54,20,950,380,9,10,1,5,1,
54,21,510,99,85,22,1,5,1,
54,25,906,221,22,15,1,5,1,
54,26,782,388,12,11,1,5,1,
54,28,753,457,161,38,1,5,1,
54,29,905,268,34,10,1,5,1,
54,31,558,228,60,14,1,5,1,
54,32,141,0,76,25,1,5,1,
54,35,600,208,44,10,1,5,1,
54,37,612,60,311,67,1,5,1,
54,38,672,351,28,8,1,5,1,
55,1,841,82,119,46,1,5,1,
55,4,806,236,11,9,1,5,1,
55,6,705,156,29,33,1,5,1,
55,7,850,124,41,27,1,5,1,
55,8,544,101,66,20,1,5,1,
55,9,789,370,32,15,1,5,1,
55,10,721,394,219,52,1,5,1,
55,15,667,192,10,11,1,5,1,
55,17,714,101,21,18,1,5,1,
55,19,668,373,11,10,1,5,1,
55,20,949,379,10,11,1,5,1,
55,21,517,99,85,22,1,5,1,
55,25,906,221,22,16,1,5,1,
55,26,782,387,12,11,1,5,1,
55,28,772,457,162,39,1,5,1,
55,29,901,268,34,10,1,5,1,
55,31,564,228,60,14,1,5,1,
55,32,148,-1,78,23,1,5,1,
55,35,606,208,43,10,1,5,1,
55,37,643,52,316,70,1,5,1,
55,38,669,351,28,8,1,5,1,
56,1,858,84,102,44,1,5,1,
56,4,805,237,12,8,1,5,1,
56,6,707,159,29,31,1,5,1,
56,7,850,127,33,26,1,5,1,
56,8,552,102,66,19,1,5,1,
56,9,787,368,31,15,1,5,1,
56,10,741,394,218,53,1,5,1,
56,15,666,192,11,11,1,5,1,
56,17,711,103,22,18,1,5,1,
56,19,668,372,11,10,1,5,1,
56,20,947,377,12,12,1,5,1,
56,21,524,99,85,22,1,5,1,
56,25,907,222,21,15,1,5,1,
56,26,782,386,11,11,1,5,1,
56,28,790,458,163,39,1,5,1,
56,29,898,268,34,10,1,5,1,
56,31,569,228,61,14,1,5,1,
56,32,156,-4,80,24,1,5,1,
56,35,611,208,44,10,1,5,1,
56,37,675,44,285,73,1,5,1,
56,38,666,350,28,8,1,5,1,
57,1,875,85,85,43,1,5,1,
57,4,805,237,11,8,1,5,1,
57,6,710,161,28,29,1,5,1,
57,7,849,129,27,25,1,5,1,
57,8,559,102,66,19,1,5,1,
57,9,784,367,32,15,1,5,1,
57,10,762,395,198,52,1,5,1,
57,15,666,193,10,11,1,5,1,
57,17,708,105,22,18,1,5,1,
57,19,667,371,11,10,1,5,1,
57,20,945,376,15,13,1,5,1,
57,21,531,99,85,22,1,5,1,
57,25,907,222,21,15,1,5,1,
57,26,782,385,11,11,1,5,1,
57,28,808,459,152,39,1,5,1,
57,29,895,268,34,10,1,5,1,
57,31,575,228,60,14,1,5,1,
57,32,163,-7,81,24,1,5,1,
57,35,616,208,44,10,1,5,1,
57,37,709,37,251,74,1,5,1,
58,1,891,90,69,38,1,5,1,
58,4,804,237,11,9,1,5,1,
58,6,713,162,27,28,1,5,1,
58,7,848,132,21,23,1,5,1,
58,8,567,103,66,19,1,5,1,
58,9,781,366,32,14,1,5,1,
58,10,782,395,178,53,1,5,1,
58,15,665,193,10,11,1,5,1,
58,17,705,107,22,17,1,5,1,
58,19,666,370,12,10,1,5,1,
58,20,943,375,16,13,1,5,1,
58,21,538,99,84,23,1,5,1,
58,25,907,223,21,15,1,5,1,
58,26,781,384,11,10,1,5,1,
58,28,826,460,134,38,1,5,1,
58,29,891,268,34,10,1,5,1,
58,31,581,228,58,14,1,5,1,
58,32,171,-10,80,24,1,5,1,
58,35,621,208,44,10,1,5,1,
58,37,745,31,215,65,1,5,1,
59,4,803,238,11,8,1,5,1,
59,6,711,163,35,28,1,5,1,
59,7,848,134,20,22,1,5,1,
59,8,574,103,66,19,1,5,1,
59,9,778,365,32,14,1,5,1,
59,10,803,395,157,53,1,5,1,
59,15,663,194,13,11,1,5,1,
59,17,702,108,22,18,1,5,1,
59,19,666,369,11,10,1,5,1,
59,20,938,374,21,13,1,5,1,
59,21,545,99,84,23,1,5,1,
59,25,906,223,21,15,1,5,1,
59,26,781,383,11,10,1,5,1,
59,28,845,460,115,39,1,5,1,
59,29,890,268,31,10,1,5,1,
59,31,588,228,55,14,1,5,1,
59,32,179,-14,77,26,1,5,1,
59,35,627,208,43,10,1,5,1,
59,37,783,27,177,63,1,5,1,
60,4,803,238,11,8,1,5,1,
60,6,708,165,45,27,1,5,1,
60,7,848,136,20,21,1,5,1,
60,8,581,104,66,19,1,5,1,
60,9,776,363,32,14,1,5,1,
60,10,823,395,137,39,1,5,1,
60,15,660,194,16,12,1,5,1,
60,17,699,110,22,17,1,5,1,
60,19,665,369,12,9,1,5,1,
60,20,932,372,27,14,1,5,1,
60,21,551,99,85,23,1,5,1,
60,25,906,224,21,15,1,5,1,
60,26,781,382,11,10,1,5,1,
60,28,862,461,98,28,1,5,1,
60,29,886,268,32,10,1,5,1,
60,31,593,228,56,14,1,5,1,
60,35,632,208,43,10,1,5,1,
60,37,822,15,138,64,1,5,1,
61,4,802,238,11,8,1,5,1,
61,6,706,166,56,27,1,5,1,
61,7,848,137,19,22,1,5,1,
61,8,588,104,67,19,1,5,1,
61,9,773,362,32,14,1,5,1,
61,10,842,407,118,28,1,5,1,
61,15,657,195,19,11,1,5,1,
61,17,696,112,22,17,1,5,1,
61,19,664,368,13,9,1,5,1,
61,20,926,371,33,13,1,5,1,
61,21,558,99,87,23,1,5,1,
61,25,905,224,21,15,1,5,1,
61,26,780,381,12,10,1,5,1,
61,28,880,469,80,21,1,5,1,
61,29,882,268,34,10,1,5,1,
61,31,598,228,56,14,1,5,1,
61,35,637,208,43,10,1,5,1,
62,4,801,239,11,8,1,5,1,
62,6,706,168,65,25,1,5,1,
62,7,849,139,19,21,1,5,1,
62,8,594,105,69,18,1,5,1,
62,9,770,361,32,14,1,5,1,
62,10,860,410,100,25,1,5,1,
62,15,653,196,22,11,1,5,1,
62,17,692,114,24,16,1,5,1,
62,19,661,367,16,9,1,5,1,
62,20,919,369,40,14,1,5,1,
62,21,563,99,90,22,1,5,1,
62,25,905,225,20,14,1,5,1,
62,26,779,380,14,10,1,5,1,
62,28,896,470,64,20,1,5,1,
62,29,876,268,38,10,1,5,1,
62,31,602,228,57,14,1,5,1,
62,35,641,208,44,10,1,5,1,
63,4,800,239,12,8,1,5,1,
63,6,708,169,68,25,1,5,1,
63,7,849,141,19,20,1,5,1,
63,8,602,105,68,18,1,5,1,
63,9,767,360,33,13,1,5,1,
63,10,882,411,78,25,1,5,1,
63,15,650,196,24,11,1,5,1,
63,17,689,115,24,16,1,5,1,
63,19,658,366,19,9,1,5,1,
63,20,912,368,47,13,1,5,1,
63,21,571,99,90,21,1,5,1,
63,25,904,225,21,15,1,5,1,
63,26,775,379,19,10,1,5,1,
63,29,870,268,42,10,1,5,1,
63,31,607,228,57,14,1,5,1,
63,35,646,208,45,10,1,5,1,
64,4,799,239,12,8,1,5,1,
64,6,712,170,68,24,1,5,1,
64,7,849,142,19,20,1,5,1,
64,8,608,105,70,19,1,5,1,
64,9,764,359,33,13,1,5,1,
64,15,647,197,25,11,1,5,1,
64,17,686,117,24,16,1,5,1,
64,19,655,366,21,8,1,5,1,
64,20,906,367,53,14,1,5,1,
64,21,577,98,91,22,1,5,1,
64,25,903,226,22,14,1,5,1,
64,26,771,378,23,10,1,5,1,
64,29,866,268,44,10,1,5,1,
64,31,612,229,57,13,1,5,1,
64,35,651,208,45,10,1,5,1,
65,4,798,240,12,7,1,5,1,
65,6,717,171,68,24,1,5,1,
65,7,849,143,18,20,1,5,1,
65,8,616,106,69,18,1,5,1,
65,9,761,358,33,13,1,5,1,
65,15,645,198,24,11,1,5,1,
65,17,683,118,24,16,1,5,1,
65,19,652,365,23,8,1,5,1,
65,20,901,366,56,14,1,5,1,
65,21,584,98,91,22,1,5,1,
65,25,902,226,22,14,1,5,1,
65,26,767,377,26,10,1,5,1,
65,29,861,268,45,10,1,5,1,
65,31,617,229,57,14,1,5,1,
65,35,656,208,45,10,1,5,1,
66,4,797,240,12,8,1,5,1,
66,6,723,171,66,24,1,5,1,
66,7,849,145,18,19,1,5,1,
66,8,624,106,68,18,1,5,1,
66,9,758,357,33,13,1,5,1,
66,15,642,198,24,11,1,5,1,
66,17,680,120,24,15,1,5,1,
66,19,650,364,23,8,1,5,1,
66,20,897,365,55,13,1,5,1,
66,21,591,97,92,22,1,5,1,
66,25,901,227,21,13,1,5,1,
66,26,762,376,30,11,1,5,1,
66,29,857,268,44,10,1,5,1,
66,31,623,229,56,14,1,5,1,
66,35,661,208,45,10,1,5,1,
67,4,796,240,12,8,1,5,1,
67,6,728,172,65,23,1,5,1,
67,7,849,146,18,19,1,5,1,
67,8,631,106,68,18,1,5,1,
67,9,755,356,33,12,1,5,1,
67,15,639,199,25,11,1,5,1,
67,17,677,122,24,15,1,5,1,
67,19,647,363,24,9,1,5,1,
67,20,892,364,55,13,1,5,1,
67,21,598,97,92,22,1,5,1,
67,25,901,227,19,13,1,5,1,
67,26,758,376,32,10,1,5,1,
67,29,853,268,43,9,1,5,1,
67,31,628,229,56,14,1,5,1,
67,35,666,208,45,10,1,5,1,
68,4,794,240,13,8,1,5,1,
68,6,733,172,65,24,1,5,1,
68,7,849,148,17,19,1,5,1,
68,8,638,107,68,18,1,5,1,
68,9,752,355,33,12,1,5,1,
68,15,636,200,25,10,1,5,1,
68,17,674,123,24,15,1,5,1,
68,19,645,362,23,9,1,5,1,
68,20,888,364,54,12,1,5,1,
68,21,605,97,93,22,1,5,1,
68,25,901,227,19,14,1,5,1,
68,26,755,375,32,10,1,5,1,
68,29,851,268,40,9,1,5,1,
68,31,633,229,56,14,1,5,1,
68,35,671,208,45,10,1,5,1,
69,4,791,241,16,7,1,5,1,
69,6,738,173,64,23,1,5,1,
69,7,849,149,17,19,1,5,1,
69,8,646,107,67,18,1,5,1,
69,9,749,354,33,12,1,5,1,
69,15,634,200,25,11,1,5,1,
69,17,671,125,24,14,1,5,1,
69,19,642,361,24,9,1,5,1,
69,20,883,363,54,12,1,5,1,
69,21,612,96,93,23,1,5,1,
69,25,900,228,19,13,1,5,1,
69,26,751,374,33,10,1,5,1,
69,29,849,269,36,8,1,5,1,
69,31,639,229,54,14,1,5,1,
69,35,677,208,44,10,1,5,1,
70,4,787,241,20,7,1,5,1,
70,6,743,173,63,24,1,5,1,
70,7,848,150,17,19,1,5,1,
70,8,653,107,67,18,1,5,1,
70,9,746,353,33,12,1,5,1,
70,15,631,201,25,10,1,5,1,
70,17,667,126,25,14,1,5,1,
70,19,640,361,24,8,1,5,1,
70,20,879,362,53,12,1,5,1,
70,21,619,96,93,22,1,5,1,
70,25,900,228,19,13,1,5,1,
70,26,748,373,33,10,1,5,1,
70,29,848,269,32,8,1,5,1,
70,31,643,229,55,14,1,5,1,
70,35,682,208,44,10,1,5,1,
71,4,783,241,23,8,1,5,1,
71,6,748,174,62,23,1,5,1,
71,7,848,151,17,19,1,5,1,
71,8,660,108,66,18,1,5,1,
71,9,743,352,33,12,1,5,1,
71,15,628,202,25,10,1,5,1,
71,17,664,127,25,14,1,5,1,
71,19,637,360,24,8,1,5,1,
71,20,874,361,53,12,1,5,1,
71,21,627,96,93,22,1,5,1,
71,25,899,228,19,13,1,5,1,
71,26,744,372,33,10,1,5,1,
71,29,844,269,32,8,1,5,1,
71,31,649,229,53,14,1,5,1,
71,35,687,208,44,10,1,5,1,
72,4,782,242,21,7,1,5,1,
72,6,753,174,61,23,1,5,1,
72,7,847,153,17,18,1,5,1,
72,8,668,108,65,18,1,5,1,
72,9,740,351,33,12,1,5,1,
72,15,625,202,26,10,1,5,1,
72,17,661,129,25,13,1,5,1,
72,19,635,359,24,8,1,5,1,
72,20,872,360,50,12,1,5,1,
72,21,634,95,93,23,1,5,1,
72,25,899,229,19,12,1,5,1,
72,26,741,371,32,10,1,5,1,
72,29,842,269,31,8,1,5,1,
72,31,654,229,53,14,1,5,1,
72,35,692,208,43,10,1,5,1,
73,4,780,242,20,7,1,5,1,
73,6,758,175,60,23,1,5,1,
73,7,848,154,17,17,1,5,1,
73,8,675,108,64,19,1,5,1,
73,9,737,350,33,12,1,5,1,
73,15,622,203,26,9,1,5,1,
73,17,658,130,25,14,1,5,1,
73,19,632,358,24,8,1,5,1,
73,20,871,360,45,12,1,5,1,
73,21,641,95,93,23,1,5,1,
73,25,899,229,19,13,1,5,1,
73,26,737,370,33,10,1,5,1,
73,29,840,269,29,8,1,5,1,
73,31,659,230,52,13,1,5,1,
73,35,697,208,42,10,1,5,1,
74,4,777,242,20,7,1,5,1,
74,6,763,175,59,23,1,5,1,
74,7,850,156,16,16,1,5,1,
74,8,682,109,64,18,1,5,1,
74,9,734,349,33,12,1,5,1,
74,15,619,203,26,10,1,5,1,
74,17,655,131,25,14,1,5,1,
74,19,629,358,25,7,1,5,1,
74,20,871,359,39,12,1,5,1,
74,21,649,95,92,23,1,5,1,
74,25,899,229,19,13,1,5,1,
74,26,734,369,32,10,1,5,1,
74,29,838,269,28,8,1,5,1,
74,31,664,230,51,13,1,5,1,
74,35,703,208,41,10,1,5,1,
75,4,775,242,19,7,1,5,1,
75,6,768,176,58,23,1,5,1,
75,7,853,157,16,15,1,5,1,
75,8,689,109,63,18,1,5,1,
75,9,731,349,33,10,1,5,1,
75,15,617,204,25,9,1,5,1,
75,17,651,133,25,13,1,5,1,
75,19,627,357,24,8,1,5,1,
75,20,871,359,33,11,1,5,1,
75,21,656,95,92,22,1,5,1,
75,25,899,230,19,12,1,5,1,
75,26,730,368,32,10,1,5,1,
75,29,835,269,28,8,1,5,1,
75,31,669,230,51,13,1,5,1,
75,35,708,208,41,10,1,5,1,
76,4,773,243,19,7,1,5,1,
76,6,773,177,57,22,1,5,1,
76,7,853,158,18,15,1,5,1,
76,8,696,110,62,18,1,5,1,
76,9,731,348,29,11,1,5,1,
76,17,650,134,23,13,1,5,1,
76,19,624,356,25,8,1,5,1,
76,20,871,359,29,10,1,5,1,
76,21,663,94,93,23,1,5,1,
76,25,899,230,19,12,1,5,1,
76,26,727,368,32,9,1,5,1,
76,29,833,269,27,8,1,5,1,
76,31,674,230,50,13,1,5,1,
76,35,712,209,41,10,1,5,1,
77,4,770,243,19,7,1,5,1,
77,6,777,177,56,22,1,5,1,
77,7,854,159,18,15,1,5,1,
77,8,703,110,62,18,1,5,1,
77,9,731,347,25,10,1,5,1,
77,17,649,135,19,13,1,5,1,
77,19,621,356,25,7,1,5,1,
77,20,872,358,23,10,1,5,1,
77,21,671,94,92,23,1,5,1,
77,25,898,230,19,12,1,5,1,
77,26,723,367,33,9,1,5,1,
77,29,831,269,26,8,1,5,1,
77,31,679,230,47,14,1,5,1,
77,35,717,209,41,10,1,5,1,
78,4,766,243,22,7,1,5,1,
78,6,781,178,56,22,1,5,1,
78,7,856,160,18,15,1,5,1,
78,8,709,111,62,18,1,5,1,
78,9,731,346,21,11,1,5,1,
78,17,648,137,17,12,1,5,1,
78,19,618,355,26,7,1,5,1,
78,20,871,358,21,10,1,5,1,
78,21,677,94,93,23,1,5,1,
78,25,897,231,19,12,1,5,1,
78,26,720,366,32,9,1,5,1,
78,29,828,269,27,8,1,5,1,
78,31,684,230,45,14,1,5,1,
78,35,721,209,41,10,1,5,1,
79,4,762,243,24,7,1,5,1,
79,6,786,178,54,22,1,5,1,
79,7,858,161,17,14,1,5,1,
79,8,716,111,61,18,1,5,1,
79,9,731,346,16,10,1,5,1,
79,17,648,138,13,12,1,5,1,
79,19,616,354,25,8,1,5,1,
79,20,867,356,24,11,1,5,1,
79,21,685,94,91,23,1,5,1,
79,25,894,231,23,12,1,5,1,
79,26,717,365,32,9,1,5,1,
79,29,824,269,29,8,1,5,1,
79,31,690,231,43,13,1,5,1,
79,35,727,209,39,10,1,5,1,
80,4,757,244,27,6,1,5,1,
80,6,790,179,53,22,1,5,1,
80,7,860,161,16,15,1,5,1,
80,8,723,112,59,18,1,5,1,
80,9,732,345,12,10,1,5,1,
80,17,645,139,13,11,1,5,1,
80,19,613,354,25,7,1,5,1,
80,20,862,355,29,12,1,5,1,
80,21,692,94,91,23,1,5,1,
80,25,889,232,30,11,1,5,1,
80,26,713,365,32,8,1,5,1,
80,29,819,269,32,8,1,5,1,
80,31,694,231,43,13,1,5,1,
80,35,731,209,40,10,1,5,1,
81,4,753,244,29,7,1,5,1,
81,6,796,179,49,22,1,5,1,
81,7,862,162,16,15,1,5,1,
81,8,730,112,58,18,1,5,1,
81,9,733,345,11,9,1,5,1,
81,17,642,140,15,11,1,5,1,
81,19,610,353,25,7,1,5,1,
81,20,857,354,34,12,1,5,1,
81,21,700,94,90,23,1,5,1,
81,25,884,232,37,12,1,5,1,
81,26,710,364,31,8,1,5,1,
81,29,814,269,35,8,1,5,1,
81,31,699,231,41,13,1,5,1,
81,35,737,209,38,10,1,5,1,
82,4,749,244,30,7,1,5,1,
82,6,800,180,48,21,1,5,1,
82,7,863,163,16,14,1,5,1,
82,8,736,113,58,18,1,5,1,
82,9,735,344,11,10,1,5,1,
82,17,639,141,18,11,1,5,1,
82,19,607,353,26,7,1,5,1,
82,20,852,353,38,12,1,5,1,
82,21,707,94,90,23,1,5,1,
82,24,947,289,12,10,1,5,1,
82,25,878,232,43,12,1,5,1,
82,26,706,363,32,8,1,5,1,
82,29,809,269,38,8,1,5,1,
82,31,703,231,39,13,1,5,1,
82,35,741,210,37,9,1,5,1,
83,4,745,244,30,7,1,5,1,
83,6,805,180,46,22,1,5,1,
83,7,864,164,16,14,1,5,1,
83,8,743,114,56,17,1,5,1,
83,9,734,344,14,9,1,5,1,
83,17,635,142,21,11,1,5,1,
83,19,604,352,26,7,1,5,1,
83,20,847,352,41,12,1,5,1,
83,21,716,94,87,23,1,5,1,
83,24,947,288,12,12,1,5,1,
83,25,874,233,45,12,1,5,1,
83,26,703,363,31,7,1,5,1,
83,29,805,269,39,8,1,5,1,
83,31,708,231,35,14,1,5,1,
83,35,746,210,36,10,1,5,1,
84,4,742,245,29,6,1,5,1,
84,6,809,181,45,21,1,5,1,
84,7,865,165,15,14,1,5,1,
84,8,750,114,55,18,1,5,1,
84,9,735,343,15,9,1,5,1,
84,17,631,143,24,11,1,5,1,
84,19,601,351,26,7,1,5,1,
84,20,841,351,45,11,1,5,1,
84,21,723,94,87,23,1,5,1,
84,24,946,288,13,13,1,5,1,
84,25,870,233,46,12,1,5,1,
84,26,699,362,32,8,1,5,1,
84,29,801,269,40,8,1,5,1,
84,31,712,232,31,13,1,5,1,
84,35,751,210,34,10,1,5,1,
85,4,738,245,29,6,1,5,1,
85,6,813,181,43,22,1,5,1,
85,7,866,165,15,15,1,5,1,
85,8,756,115,54,17,1,5,1,
85,9,737,342,13,10,1,5,1,
85,17,629,144,23,11,1,5,1,
85,19,599,351,25,7,1,5,1,
85,20,836,351,47,10,1,5,1,
85,21,731,94,85,23,1,5,1,
85,24,946,288,13,12,1,5,1,
85,25,869,234,42,11,1,5,1,
85,26,696,361,31,8,1,5,1,
85,29,797,269,39,8,1,5,1,
85,31,718,232,24,13,1,5,1,
85,35,756,210,32,10,1,5,1,
86,4,734,245,29,6,1,5,1,
86,6,817,182,42,21,1,5,1,
86,7,866,166,16,14,1,5,1,
86,8,762,116,55,18,1,5,1,
86,9,739,342,12,9,1,5,1,
86,17,628,145,20,11,1,5,1,
86,19,596,350,25,7,1,5,1,
86,20,831,350,48,10,1,5,1,
86,21,738,94,85,23,1,5,1,
86,24,946,288,14,12,1,5,1,
86,25,869,234,37,12,1,5,1,
86,26,693,361,30,7,1,5,1,
86,29,793,269,39,7,1,5,1,
86,31,723,232,19,13,1,5,1,
86,35,761,210,29,10,1,5,1,
87,4,731,245,29,6,1,5,1,
87,6,820,182,41,22,1,5,1,
87,7,867,167,15,14,1,5,1,
87,8,767,117,58,18,1,5,1,
87,9,741,341,10,9,1,5,1,
87,17,627,146,17,10,1,5,1,
87,19,593,350,26,7,1,5,1,
87,20,827,349,48,10,1,5,1,
87,21,745,95,84,23,1,5,1,
87,25,867,235,35,11,1,5,1,
87,26,689,360,31,7,1,5,1,
87,31,726,232,16,14,1,5,1,
87,35,766,211,25,9,1,5,1,
88,4,727,245,29,7,1,5,1,
88,6,823,183,41,21,1,5,1,
88,7,869,168,15,13,1,5,1,
88,8,771,118,62,18,1,5,1,
88,9,742,340,10,10,1,5,1,
88,17,627,147,14,10,1,5,1,
88,20,823,349,48,10,1,5,1,
88,21,752,95,79,23,1,5,1,
88,24,951,289,9,11,1,5,1,
88,25,864,235,35,12,1,5,1,
88,26,686,359,31,8,1,5,1,
88,31,725,232,16,14,1,5,1,
88,35,770,211,22,9,1,5,1,
89,4,723,246,30,6,1,5,1,
89,6,827,183,39,22,1,5,1,
89,7,871,169,15,13,1,5,1,
89,8,775,119,66,18,1,5,1,
89,9,742,340,10,9,1,5,1,
89,17,624,148,14,10,1,5,1,
89,20,819,348,47,10,1,5,1,
89,21,761,95,73,25,1,5,1,
89,24,952,290,8,10,1,5,1,
89,25,862,235,34,12,1,5,1,
89,26,682,359,31,7,1,5,1,
89,31,724,233,16,13,1,5,1,
89,35,774,211,18,10,1,5,1,
90,4,720,246,29,6,1,5,1,
90,6,830,184,38,21,1,5,1,
90,7,871,170,16,13,1,5,1,
90,8,780,121,69,16,1,5,1,
90,9,742,339,10,9,1,5,1,
90,17,621,149,16,10,1,5,1,
90,20,815,348,47,10,1,5,1,
90,21,768,96,72,25,1,5,1,
90,25,859,236,35,11,1,5,1,
90,26,679,358,31,7,1,5,1,
90,31,723,233,16,13,1,5,1,
90,35,777,211,15,10,1,5,1,
91,4,716,246,30,6,1,5,1,
91,6,833,185,37,21,1,5,1,
91,7,873,170,15,13,1,5,1,
91,8,785,121,70,16,1,5,1,
91,9,741,338,11,10,1,5,1,
91,14,0,44,281,251,1,5,1,
91,17,618,150,18,9,1,5,1,
91,21,773,97,72,24,1,5,1,
91,25,857,236,34,11,1,5,1,
91,26,676,358,31,7,1,5,1,
91,31,721,233,19,14,1,5,1,
91,35,779,212,13,10,1,5,1,
92,4,712,246,30,6,1,5,1,
92,6,836,185,35,21,1,5,1,
92,7,873,171,15,13,1,5,1,
92,8,792,121,68,16,1,5,1,
92,9,740,338,12,9,1,5,1,
92,14,0,27,392,270,1,5,1,
92,17,614,150,21,10,1,5,1,
92,21,778,98,72,23,1,5,1,
92,25,855,236,33,11,1,5,1,
92,26,672,357,31,7,1,5,1,
92,31,719,234,21,13,1,5,1,
92,35,781,212,12,10,1,5,1,
93,4,709,246,29,6,1,5,1,
93,6,839,186,34,20,1,5,1,
93,7,874,172,15,13,1,5,1,
93,8,799,120,66,17,1,5,1,
93,9,740,337,11,9,1,5,1,
93,14,0,12,513,286,1,5,1,
93,17,611,151,23,10,1,5,1,
93,21,784,98,70,24,1,5,1,
93,25,852,237,33,10,1,5,1,
93,26,669,357,31,7,1,5,1,
93,31,718,234,21,13,1,5,1,
93,35,782,213,12,10,1,5,1,
94,4,705,246,30,6,1,5,1,
94,6,840,187,40,19,1,5,1,
94,7,876,172,14,13,1,5,1,
94,8,807,120,63,17,1,5,1,
94,9,739,336,12,9,1,5,1,
94,14,0,3,649,309,1,5,1,
94,21,790,98,68,24,1,5,1,
94,25,850,237,32,11,1,5,1,
94,31,717,235,20,13,1,5,1,
94,35,784,213,11,10,1,5,1,
95,4,702,247,29,6,1,5,1,
95,6,840,187,48,19,1,5,1,
95,7,877,173,14,13,1,5,1,
95,8,815,120,58,17,1,5,1,
95,9,738,336,13,9,1,5,1,
95,14,0,0,812,322,1,5,1,
95,21,796,99,65,23,1,5,1,
95,25,848,237,32,11,1,5,1,
95,31,715,235,21,13,1,5,1,
95,35,784,214,13,9,1,5,1,
96,6,840,188,53,18,1,5,1,
96,7,876,174,15,13,1,5,1,
96,8,821,120,55,17,1,5,1,
96,9,735,336,16,8,1,5,1,
96,14,0,0,959,324,1,5,1,
96,21,802,99,62,24,1,5,1,
96,25,844,237,33,11,1,5,1,
96,31,714,235,20,13,1,5,1,
96,35,785,214,12,10,1,5,1,
97,6,842,188,53,19,1,5,1,
97,7,876,174,15,13,1,5,1,
97,8,829,120,50,17,1,5,1,
97,9,731,335,21,9,1,5,1,
97,14,0,0,960,327,1,5,1,
97,21,809,99,58,25,1,5,1,
97,25,841,238,34,10,1,5,1,
97,31,713,236,20,12,1,5,1,
97,35,786,214,12,10,1,5,1,
98,6,845,188,53,19,1,5,1,
98,7,876,175,15,13,1,5,1,
98,8,835,121,48,17,1,5,1,
98,9,727,335,25,8,1,5,1,
98,12,949,277,10,10,1,5,1,
98,14,0,0,960,331,1,5,1,
98,21,814,100,56,25,1,5,1,
98,25,838,238,36,10,1,5,1,
98,31,711,236,20,12,1,5,1,
98,35,787,215,12,9,1,5,1,
99,6,850,189,51,18,1,5,1,
99,7,878,176,14,12,1,5,1,
99,8,842,122,44,17,1,5,1,
99,9,723,334,29,9,1,5,1,
99,12,946,277,13,10,1,5,1,
99,14,0,0,960,337,1,5,1,
99,21,821,100,52,26,1,5,1,
99,25,836,238,35,11,1,5,1,
99,31,710,236,19,12,1,5,1,
99,35,788,215,12,10,1,5,1,
100,6,854,189,50,18,1,5,1,
100,7,877,176,14,13,1,5,1,
100,8,848,122,42,18,1,5,1,
100,9,722,334,28,8,1,5,1,
100,12,943,277,16,10,1,5,1,
100,14,0,-68,960,395,1,5,1,
100,21,826,101,50,26,1,5,1,
100,25,833,239,35,10,1,5,1,
100,31,709,237,19,12,1,5,1,
100,35,789,216,12,9,1,5,1,
101,6,859,189,48,19,1,5,1,
101,7,877,177,14,13,1,5,1,
101,8,854,123,39,18,1,5,1,
101,9,722,333,25,8,1,5,1,
101,12,940,276,19,11,1,5,1,
101,14,0,-348,960,679,1,5,1,
101,21,832,102,47,26,1,5,1,
101,25,830,239,35,10,1,5,1,
101,31,708,237,17,12,1,5,1,
101,35,790,216,11,9,1,5,1,
102,6,863,190,46,18,1,5,1,
102,7,878,178,14,12,1,5,1,
102,8,858,124,38,17,1,5,1,
102,9,722,333,23,8,1,5,1,
102,12,937,276,22,11,1,5,1,
102,14,59,-5055,901,5392,1,5,1,
102,21,836,103,45,26,1,5,1,
102,25,828,239,34,10,1,5,1,
102,31,708,237,15,12,1,5,1,
102,35,790,216,11,10,1,5,1,
103,6,867,190,45,18,1,5,1,
103,7,877,179,14,12,1,5,1,
103,8,863,125,36,17,1,5,1,
103,9,723,332,18,8,1,5,1,
103,12,932,276,27,11,1,5,1,
103,14,-5634,0,6593,544,1,5,1,
103,21,841,104,43,26,1,5,1,
103,25,824,239,35,10,1,5,1,
103,31,707,238,15,11,1,5,1,
103,35,789,217,11,9,1,5,1,
104,6,870,190,44,19,1,5,1,
104,7,877,179,13,13,1,5,1,
104,8,867,125,35,18,1,5,1,
104,9,722,332,16,8,1,5,1,
104,12,928,276,31,11,1,5,1,
104,14,-2660,0,3619,544,1,5,1,
104,21,844,105,42,26,1,5,1,
104,25,821,240,36,10,1,5,1,
104,31,705,238,17,11,1,5,1,
104,35,789,217,11,10,1,5,1,
105,6,873,191,48,18,1,5,1,
105,7,876,180,14,12,1,5,1,
105,8,871,126,34,18,1,5,1,
105,9,721,331,14,8,1,5,1,
105,12,925,276,34,11,1,5,1,
105,14,-1770,0,2729,523,1,5,1,
105,21,849,106,39,26,1,5,1,
105,25,819,240,35,10,1,5,1,
105,31,703,238,19,11,1,5,1,
105,35,788,217,11,10,1,5,1,
106,6,874,191,55,17,1,5,1,
106,7,876,181,14,12,1,5,1,
106,8,875,127,33,18,1,5,1,
106,9,720,331,13,8,1,5,1,
106,12,921,276,38,11,1,5,1,
106,21,853,107,38,26,1,5,1,
106,25,814,240,38,10,1,5,1,
106,31,700,238,22,12,1,5,1,
106,33,937,260,22,12,1,5,1,
106,35,787,218,11,9,1,5,1,
107,6,875,191,60,17,1,5,1,
107,7,875,181,14,13,1,5,1,
107,8,879,128,31,18,1,5,1,
107,9,719,330,13,8,1,5,1,
107,12,918,276,41,10,1,5,1,
107,21,856,108,37,26,1,5,1,
107,25,809,240,41,10,1,5,1,
107,31,698,239,23,11,1,5,1,
107,33,934,260,25,12,1,5,1,
107,35,786,218,12,10,1,5,1,
108,6,878,191,58,17,1,5,1,
108,7,874,182,14,12,1,5,1,
108,8,882,129,31,18,1,5,1,
108,9,716,330,16,8,1,5,1,
108,12,915,276,43,10,1,5,1,
108,21,860,109,35,26,1,5,1,
108,25,807,240,40,10,1,5,1,
108,31,696,239,24,11,1,5,1,
108,33,932,260,27,13,1,5,1,
108,35,785,219,12,9,1,5,1,
109,6,883,192,56,16,1,5,1,
109,7,874,183,13,12,1,5,1,
109,8,886,130,29,18,1,5,1,
109,9,713,329,19,8,1,5,1,
109,12,912,276,42,10,1,5,1,
109,21,863,110,33,26,1,5,1,
109,25,806,241,38,9,1,5,1,
109,31,694,239,25,11,1,5,1,
109,33,931,259,28,15,1,5,1,
109,35,784,219,12,9,1,5,1,
110,6,888,192,54,17,1,5,1,
110,7,873,183,13,12,1,5,1,
110,8,889,131,29,17,1,5,1,
110,9,709,329,23,7,1,5,1,
110,12,909,276,42,10,1,5,1,
110,21,866,111,32,26,1,5,1,
110,25,804,241,35,9,1,5,1,
110,31,692,240,25,10,1,5,1,
110,33,931,259,28,15,1,5,1,
110,35,783,220,13,9,1,5,1,
111,6,895,192,51,18,1,5,1,
111,7,872,184,13,12,1,5,1,
111,8,893,132,27,17,1,5,1,
111,9,705,328,26,8,1,5,1,
111,12,905,276,42,10,1,5,1,
111,21,870,113,30,25,1,5,1,
111,31,690,240,25,10,1,5,1,
111,33,931,259,28,15,1,5,1,
111,35,782,220,13,9,1,5,1,
112,6,898,193,51,18,1,5,1,
112,7,871,185,13,12,1,5,1,
112,8,895,133,27,17,1,5,1,
112,9,701,328,29,8,1,5,1,
112,12,902,276,42,10,1,5,1,
112,21,872,114,32,25,1,5,1,
112,31,687,240,26,11,1,5,1,
112,33,933,259,26,15,1,5,1,
112,35,781,221,13,8,1,5,1,
113,6,902,193,51,19,1,5,1,
113,7,870,185,14,12,1,5,1,
113,8,898,134,28,17,1,5,1,
113,9,700,328,29,7,1,5,1,
113,12,899,276,42,10,1,5,1,
113,21,873,115,38,24,1,5,1,
113,31,685,240,27,11,1,5,1,
113,33,934,259,25,15,1,5,1,
113,35,780,221,13,9,1,5,1,
114,6,904,194,54,18,1,5,1,
114,7,869,186,14,12,1,5,1,
114,8,900,135,30,17,1,5,1,
114,9,699,327,28,8,1,5,1,
114,12,896,276,42,10,1,5,1,
114,21,873,117,46,23,1,5,1,
114,31,683,241,27,10,1,5,1,
114,33,934,259,25,15,1,5,1,
114,35,778,221,14,9,1,5,1,
115,6,906,195,53,18,1,5,1,
115,7,868,187,14,11,1,5,1,
115,8,901,136,33,17,1,5,1,
115,9,699,327,24,7,1,5,1,
115,12,893,276,42,9,1,5,1,
115,21,871,119,57,21,1,5,1,
115,31,681,241,27,10,1,5,1,
115,33,934,259,25,16,1,5,1,
115,35,777,222,14,8,1,5,1,
116,6,907,195,53,18,1,5,1,
116,7,867,187,14,12,1,5,1,
116,8,903,137,35,16,1,5,1,
116,9,696,326,24,8,1,5,1,
116,12,890,275,41,10,1,5,1,
116,21,871,121,64,20,1,5,1,
116,31,677,241,29,10,1,5,1,
116,33,935,259,22,16,1,5,1,
116,35,775,222,15,9,1,5,1,
117,6,909,195,51,18,1,5,1,
117,7,866,188,14,11,1,5,1,
117,8,905,138,37,16,1,5,1,
117,9,692,326,26,7,1,5,1,
117,12,887,275,41,10,1,5,1,
117,21,872,122,68,19,1,5,1,
117,31,673,241,32,10,1,5,1,
117,33,935,260,22,15,1,5,1,
117,35,771,223,19,8,1,5,1,
118,6,912,195,48,18,1,5,1,
118,7,865,189,14,11,1,5,1,
118,8,908,139,37,15,1,5,1,
118,21,874,122,71,19,1,5,1,
118,31,668,242,36,9,1,5,1,
118,33,936,260,21,15,1,5,1,
118,35,768,223,21,8,1,5,1,
119,6,915,195,45,18,1,5,1,
119,7,864,189,15,11,1,5,1,
119,8,910,140,38,15,1,5,1,
119,21,877,122,73,19,1,5,1,
119,31,664,242,39,9,1,5,1,
119,33,936,260,21,14,1,5,1,
119,35,763,223,26,8,1,5,1,
120,6,918,195,42,18,1,5,1,
120,7,863,190,15,11,1,5,1,
120,8,913,140,38,15,1,5,1,
120,21,881,122,73,19,1,5,1,
120,31,660,242,42,10,1,5,1,
120,33,936,260,21,14,1,5,1,
120,35,759,224,30,8,1,5,1,
121,6,922,196,38,15,1,5,1,
121,7,862,190,15,12,1,5,1,
121,8,916,141,38,15,1,5,1,
121,21,886,122,73,19,1,5,1,
121,31,656,242,44,10,1,5,1,
121,33,935,260,21,14,1,5,1,
121,35,755,224,33,8,1,5,1,
122,6,926,196,34,15,1,5,1,
122,7,859,191,17,11,1,5,1,
122,8,920,142,37,15,1,5,1,
122,19,502,350,8,7,1,5,1,
122,21,891,123,68,19,1,5,1,
122,31,652,242,46,10,1,5,1,
122,33,933,260,22,14,1,5,1,
122,35,751,224,35,8,1,5,1,
123,2,954,253,5,6,1,5,1,
123,6,931,196,29,13,1,5,1,
123,7,855,192,21,11,1,5,1,
123,8,924,142,35,15,1,5,1,
123,19,502,350,11,7,1,5,1,
123,21,897,123,63,19,1,5,1,
123,31,649,243,46,9,1,5,1,
123,33,931,260,25,14,1,5,1,
123,35,747,225,37,7,1,5,1,
124,2,952,252,7,7,1,5,1,
124,6,937,198,23,8,1,5,1,
124,7,851,192,25,11,1,5,1,
124,8,928,143,32,15,1,5,1,
124,19,503,351,12,7,1,5,1,
124,21,905,123,55,19,1,5,1,
124,31,645,243,46,9,1,5,1,
124,33,926,260,31,14,1,5,1,
124,35,743,225,38,8,1,5,1,
125,2,950,252,9,7,1,5,1,
125,7,846,193,30,11,1,5,1,
125,8,932,144,28,15,1,5,1,
125,19,502,351,16,8,1,5,1,
125,21,911,124,49,19,1,5,1,
125,33,920,260,39,14,1,5,1,
125,35,739,226,38,7,1,5,1,
126,2,948,251,11,9,1,5,1,
126,7,841,193,34,11,1,5,1,
126,8,934,144,26,17,1,5,1,
126,19,502,352,18,7,1,5,1,
126,21,916,124,44,19,1,5,1,
126,33,914,260,45,14,1,5,1,
127,7,836,194,39,11,1,5,1,
127,8,935,145,25,15,1,5,1,
127,19,503,352,20,8,1,5,1,
127,21,921,124,39,20,1,5,1,
127,33,910,260,49,14,1,5,1,
128,7,831,194,43,11,1,5,1,
128,8,937,145,23,12,1,5,1,
128,19,503,352,22,8,1,5,1,
128,21,926,124,34,22,1,5,1,
128,33,906,260,53,14,1,5,1,
129,7,826,195,46,10,1,5,1,
129,8,939,146,21,11,1,5,1,
129,19,504,352,24,9,1,5,1,
129,21,933,125,27,22,1,5,1,
129,33,901,260,58,14,1,5,1,
130,7,822,195,49,11,1,5,1,
130,8,940,147,20,10,1,5,1,
130,19,505,353,25,8,1,5,1,
130,21,939,124,21,25,1,5,1,
130,33,897,260,62,14,1,5,1,
131,7,817,196,51,10,1,5,1,
131,8,943,148,17,9,1,5,1,
131,19,507,353,26,9,1,5,1,
131,21,944,125,16,25,1,5,1,
131,33,892,261,66,13,1,5,1,
132,7,812,197,53,10,1,5,1,
132,19,508,354,28,9,1,5,1,
132,21,948,125,12,25,1,5,1,
132,33,888,261,68,13,1,5,1,
133,7,808,197,54,10,1,5,1,
133,19,510,354,29,9,1,5,1,
133,21,949,126,11,25,1,5,1,
133,33,884,261,69,13,1,5,1,
134,7,804,198,55,9,1,5,1,
134,19,511,355,31,9,1,5,1,
134,21,949,128,11,19,1,5,1,
134,33,880,261,71,13,1,5,1,
135,6,949,207,10,11,1,5,1,
135,19,513,355,32,9,1,5,1,
135,21,948,129,12,15,1,5,1,
135,33,876,261,71,13,1,5,1,
136,6,945,206,14,12,1,5,1,
136,19,515,356,33,9,1,5,1,
136,21,947,131,13,13,1,5,1,
136,33,872,262,71,12,1,5,1,
137,6,941,206,18,13,1,5,1,
137,19,518,356,33,10,1,5,1,
137,21,947,132,13,13,1,5,1,
137,33,868,262,71,12,1,5,1,
138,6,937,206,22,14,1,5,1,
138,19,520,357,35,9,1,5,1,
138,33,864,262,72,12,1,5,1,
139,6,933,205,26,15,1,5,1,
139,19,522,357,36,10,1,5,1,
139,33,860,262,73,12,1,5,1,
140,6,929,206,30,15,1,5,1,
140,19,524,357,38,11,1,5,1,
140,33,856,262,74,13,1,5,1,
141,6,925,206,34,15,1,5,1,
141,19,526,358,39,10,1,5,1,
141,33,852,262,75,13,1,5,1,
142,6,922,206,37,15,1,5,1,
142,19,528,358,41,11,1,5,1,
142,33,849,262,74,12,1,5,1,
143,6,918,207,41,15,1,5,1,
143,19,531,359,42,10,1,5,1,
143,33,845,263,75,11,1,5,1,
144,6,912,207,47,15,1,5,1,
144,19,533,359,43,11,1,5,1,
144,33,840,263,76,11,1,5,1,
145,6,907,208,52,15,1,5,1,
145,19,535,360,45,11,1,5,1,
145,33,836,263,77,11,1,5,1,
146,6,902,208,57,16,1,5,1,
146,19,539,361,45,10,1,5,1,
146,36,947,218,12,8,1,5,1,
147,6,898,209,61,15,1,5,1,
147,19,542,361,46,11,1,5,1,
147,36,943,218,16,8,1,5,1,
148,6,894,210,65,14,1,5,1,
148,19,544,362,48,11,1,5,1,
148,36,939,217,20,9,1,5,1,
149,6,889,210,70,15,1,5,1,
149,19,547,362,49,11,1,5,1,
149,36,935,217,24,10,1,5,1,
150,6,885,209,74,16,1,5,1,
150,19,551,363,50,11,1,5,1,
150,36,931,217,28,10,1,5,1,
