1,1,576,399,31,41,1,5,1,
1,2,834,498,125,43,1,5,1,
1,3,696,405,27,24,1,5,1,
1,4,197,160,193,44,1,5,1,
1,5,522,42,40,41,1,5,1,
1,6,457,228,90,21,1,5,1,
1,7,355,347,107,28,1,5,1,
1,8,493,298,74,20,1,5,1,
1,9,469,387,53,19,1,5,1,
1,10,68,7,16,25,1,5,1,
1,11,493,0,67,12,1,5,1,
1,12,183,11,102,59,1,5,1,
1,13,267,295,34,23,1,5,1,
1,14,836,436,86,50,1,5,1,
1,15,1,-2,132,35,1,5,1,
1,16,745,518,55,24,1,5,1,
1,17,448,483,81,31,1,5,1,
1,18,115,192,152,32,1,5,1,
1,19,276,402,106,36,1,5,1,
1,20,877,257,83,26,1,5,1,
1,21,603,311,166,38,1,5,1,
1,22,680,256,86,35,1,5,1,
2,1,576,401,26,42,1,5,1,
2,2,831,494,128,49,1,5,1,
2,3,690,408,33,22,1,5,1,
2,4,220,163,183,43,1,5,1,
2,5,524,46,43,40,1,5,1,
2,6,465,229,91,21,1,5,1,
2,7,350,344,92,29,1,5,1,
2,8,500,299,74,20,1,5,1,
2,9,475,389,55,17,1,5,1,
2,10,65,12,19,20,1,5,1,
2,11,507,0,64,14,1,5,1,
2,12,193,18,96,54,1,5,1,
2,13,265,295,45,23,1,5,1,
2,14,838,432,64,50,1,5,1,
2,15,-2,-9,119,41,1,5,1,
2,16,741,515,50,24,1,5,1,
2,17,457,484,77,33,1,5,1,
2,18,104,191,147,32,1,5,1,
2,19,284,400,109,33,1,5,1,
2,20,895,256,65,27,1,5,1,
2,21,616,312,171,38,1,5,1,
2,22,678,255,107,36,1,5,1,
3,1,576,403,27,43,1,5,1,
3,2,828,489,118,54,1,5,1,
3,3,689,409,27,24,1,5,1,
3,4,242,164,174,42,1,5,1,
3,5,525,50,47,39,1,5,1,
3,6,474,229,90,21,1,5,1,
3,7,348,341,76,30,1,5,1,
3,8,508,299,73,21,1,5,1,
3,9,481,391,57,15,1,5,1,
3,10,61,16,25,15,1,5,1,
3,11,515,0,66,16,1,5,1,
3,12,205,24,86,49,1,5,1,
3,13,264,295,57,23,1,5,1,
3,14,836,429,51,48,1,5,1,
3,15,-16,-17,118,46,1,5,1,
3,16,737,511,46,25,1,5,1,
3,17,464,486,74,34,1,5,1,
3,18,94,190,140,33,1,5,1,
3,19,294,399,110,30,1,5,1,
3,20,912,256,48,27,1,5,1,
3,21,630,313,175,39,1,5,1,
3,22,676,254,129,37,1,5,1,
4,1,577,404,28,44,1,5,1,
4,2,827,486,103,53,1,5,1,
4,3,690,410,19,27,1,5,1,
4,4,262,164,166,42,1,5,1,
4,5,527,54,50,37,1,5,1,
4,6,481,229,91,22,1,5,1,
4,7,347,337,63,31,1,5,1,
4,8,513,300,76,20,1,5,1,
4,9,486,391,59,15,1,5,1,
4,10,55,19,31,13,1,5,1,
4,11,519,0,73,17,1,5,1,
4,12,217,28,76,45,1,5,1,
4,13,264,295,69,23,1,5,1,
4,14,837,426,38,44,1,5,1,
4,15,-30,-25,117,51,1,5,1,
4,16,734,508,43,25,1,5,1,
4,17,470,488,72,36,1,5,1,
4,18,86,188,134,34,1,5,1,
4,19,303,398,112,29,1,5,1,
4,20,925,256,35,27,1,5,1,
4,21,645,314,177,39,1,5,1,
4,22,677,253,150,39,1,5,1,
5,1,579,406,28,46,1,5,1,
5,2,826,482,89,52,1,5,1,
5,3,689,411,19,29,1,5,1,
5,4,281,164,158,42,1,5,1,
5,5,529,58,53,35,1,5,1,
5,6,489,229,90,22,1,5,1,
5,7,347,333,50,34,1,5,1,
5,8,519,300,75,20,1,5,1,
5,9,493,392,60,14,1,5,1,
5,10,49,19,36,12,1,5,1,
5,11,517,0,85,18,1,5,1,
5,12,223,32,78,44,1,5,1,
5,13,265,295,79,24,1,5,1,
5,14,838,423,36,41,1,5,1,
5,15,-42,-34,114,56,1,5,1,
5,16,731,505,40,25,1,5,1,
5,17,475,490,71,39,1,5,1,
5,18,79,186,126,36,1,5,1,
5,19,313,398,113,28,1,5,1,
5,20,935,257,25,26,1,5,1,
5,21,661,314,176,40,1,5,1,
5,22,679,253,170,39,1,5,1,
6,1,576,408,34,47,1,5,1,
6,2,828,479,72,50,1,5,1,
6,3,689,413,19,30,1,5,1,
6,4,290,163,164,43,1,5,1,
6,5,532,62,55,33,1,5,1,
6,6,496,229,91,22,1,5,1,
6,7,345,330,41,33,1,5,1,
6,8,525,300,75,21,1,5,1,
6,9,499,392,61,14,1,5,1,
6,10,42,18,41,12,1,5,1,
6,11,526,0,86,21,1,5,1,
6,12,228,34,82,45,1,5,1,
6,13,268,295,88,24,1,5,1,
6,14,842,421,34,37,1,5,1,
6,15,-53,-44,111,61,1,5,1,
6,16,730,502,35,25,1,5,1,
6,17,477,495,78,34,1,5,1,
6,18,75,183,117,38,1,5,1,
6,19,324,397,112,27,1,5,1,
6,20,934,257,25,27,1,5,1,
6,21,678,314,175,40,1,5,1,
6,22,684,252,188,41,1,5,1,
7,1,573,409,46,49,1,5,1,
7,2,830,477,58,47,1,5,1,
7,3,690,414,20,33,1,5,1,
7,4,297,163,170,43,1,5,1,
7,5,535,66,57,31,1,5,1,
7,6,503,229,90,22,1,5,1,
7,7,344,327,32,32,1,5,1,
7,8,531,301,75,21,1,5,1,
7,9,506,392,61,14,1,5,1,
7,10,34,17,46,13,1,5,1,
7,11,536,0,86,22,1,5,1,
7,12,233,37,86,44,1,5,1,
7,13,273,295,95,24,1,5,1,
7,14,846,419,33,34,1,5,1,
7,16,729,500,31,24,1,5,1,
7,17,481,498,83,31,1,5,1,
7,18,73,180,107,40,1,5,1,
7,19,334,396,112,27,1,5,1,
7,20,934,257,25,27,1,5,1,
7,21,694,315,174,39,1,5,1,
7,22,690,252,204,42,1,5,1,
8,1,571,411,58,50,1,5,1,
8,2,829,474,47,45,1,5,1,
8,3,689,416,23,35,1,5,1,
8,4,306,163,173,44,1,5,1,
8,5,538,71,59,28,1,5,1,
8,6,510,229,90,22,1,5,1,
8,7,345,324,26,31,1,5,1,
8,8,535,302,79,22,1,5,1,
8,9,513,392,60,14,1,5,1,
8,10,26,15,51,14,1,5,1,
8,11,546,0,86,22,1,5,1,
8,12,239,41,89,43,1,5,1,
8,13,278,295,102,24,1,5,1,
8,14,844,418,44,30,1,5,1,
8,16,729,497,26,24,1,5,1,
8,17,485,501,88,29,1,5,1,
8,18,73,177,94,41,1,5,1,
8,19,344,395,112,27,1,5,1,
8,20,936,258,24,26,1,5,1,
8,21,710,315,173,39,1,5,1,
8,22,699,251,217,43,1,5,1,
9,1,569,414,71,49,1,5,1,
9,2,829,472,37,42,1,5,1,
9,3,687,419,31,36,1,5,1,
9,4,317,164,172,44,1,5,1,
9,5,542,75,59,27,1,5,1,
9,6,518,229,88,22,1,5,1,
9,7,347,322,25,29,1,5,1,
9,8,539,303,84,22,1,5,1,
9,9,520,391,59,15,1,5,1,
9,10,18,12,55,16,1,5,1,
9,11,556,0,86,22,1,5,1,
9,12,246,44,90,42,1,5,1,
9,13,285,295,106,24,1,5,1,
9,14,841,417,58,27,1,5,1,
9,16,729,495,22,23,1,5,1,
9,17,491,504,91,26,1,5,1,
9,18,75,175,79,42,1,5,1,
9,19,356,395,110,27,1,5,1,
9,20,939,258,21,26,1,5,1,
9,21,728,315,169,39,1,5,1,
9,22,710,251,228,44,1,5,1,
10,1,570,416,78,50,1,5,1,
10,2,830,470,32,39,1,5,1,
10,3,686,421,41,39,1,5,1,
10,4,330,164,168,44,1,5,1,
10,5,545,79,60,25,1,5,1,
10,6,525,229,88,21,1,5,1,
10,7,351,320,24,27,1,5,1,
10,8,543,304,89,23,1,5,1,
10,9,527,391,59,14,1,5,1,
10,10,9,9,59,19,1,5,1,
10,11,566,0,86,23,1,5,1,
10,12,253,48,92,40,1,5,1,
10,13,293,295,108,24,1,5,1,
10,14,840,417,71,25,1,5,1,
10,16,729,493,18,22,1,5,1,
10,17,497,507,93,24,1,5,1,
10,18,80,172,62,43,1,5,1,
10,19,366,395,110,27,1,5,1,
10,20,941,258,19,26,1,5,1,
10,21,745,315,166,39,1,5,1,
10,22,724,251,233,45,1,5,1,
11,1,573,418,82,51,1,5,1,
11,2,832,469,31,35,1,5,1,
11,3,687,424,50,40,1,5,1,
11,4,343,164,163,46,1,5,1,
11,5,550,82,58,24,1,5,1,
11,6,533,229,87,21,1,5,1,
11,7,352,318,27,25,1,5,1,
11,8,549,306,92,23,1,5,1,
11,9,534,391,60,14,1,5,1,
11,10,1,6,61,21,1,5,1,
11,11,577,0,85,24,1,5,1,
11,12,261,52,92,37,1,5,1,
11,13,302,295,109,24,1,5,1,
11,14,841,417,83,25,1,5,1,
11,16,728,490,15,21,1,5,1,
11,17,504,507,93,23,1,5,1,
11,18,83,170,56,43,1,5,1,
11,19,377,395,109,27,1,5,1,
11,20,944,258,16,26,1,5,1,
11,21,762,315,161,39,1,5,1,
11,22,740,251,219,46,1,5,1,
12,1,577,421,85,52,1,5,1,
12,2,835,467,30,33,1,5,1,
12,3,688,428,60,41,1,5,1,
12,4,358,165,158,45,1,5,1,
12,5,554,84,57,23,1,5,1,
12,6,540,229,87,21,1,5,1,
12,7,350,317,37,24,1,5,1,
12,8,555,307,95,23,1,5,1,
12,9,541,390,60,15,1,5,1,
12,10,-2,3,58,22,1,5,1,
12,11,587,1,84,23,1,5,1,
12,12,270,55,91,35,1,5,1,
12,13,313,294,108,25,1,5,1,
12,14,843,416,95,26,1,5,1,
12,16,728,488,12,20,1,5,1,
12,17,512,507,93,23,1,5,1,
12,18,83,168,58,43,1,5,1,
12,19,389,396,106,27,1,5,1,
12,20,944,259,16,25,1,5,1,
12,21,779,315,156,38,1,5,1,
12,22,759,251,201,46,1,5,1,
13,1,578,424,96,51,1,5,1,
13,2,838,466,29,30,1,5,1,
13,3,691,431,69,42,1,5,1,
13,4,371,166,156,45,1,5,1,
13,5,559,85,55,23,1,5,1,
13,6,548,229,86,21,1,5,1,
13,7,350,315,45,23,1,5,1,
13,8,562,310,97,21,1,5,1,
13,9,549,390,59,15,1,5,1,
13,10,-10,0,59,23,1,5,1,
13,11,597,2,84,23,1,5,1,
13,12,279,59,89,33,1,5,1,
13,13,323,295,108,24,1,5,1,
13,14,848,417,103,26,1,5,1,
13,16,728,486,11,19,1,5,1,
13,17,519,508,93,24,1,5,1,
13,18,85,167,59,42,1,5,1,
13,19,400,397,105,28,1,5,1,
13,21,797,314,147,38,1,5,1,
13,22,780,251,180,46,1,5,1,
14,1,582,427,100,51,1,5,1,
14,2,840,464,29,30,1,5,1,
14,3,695,436,77,40,1,5,1,
14,4,384,167,154,44,1,5,1,
14,5,564,86,53,23,1,5,1,
14,6,555,229,85,21,1,5,1,
14,7,352,314,52,22,1,5,1,
14,8,570,311,98,21,1,5,1,
14,9,556,390,59,14,1,5,1,
14,10,-19,-5,61,26,1,5,1,
14,11,607,3,83,23,1,5,1,
14,12,288,63,88,30,1,5,1,
14,13,334,294,105,25,1,5,1,
14,14,856,419,103,26,1,5,1,
14,16,728,484,11,18,1,5,1,
14,17,526,509,94,25,1,5,1,
14,18,90,167,59,42,1,5,1,
14,19,411,397,103,30,1,5,1,
14,21,811,314,144,37,1,5,1,
14,22,802,251,158,46,1,5,1,
15,1,584,431,110,48,1,5,1,
15,2,842,462,29,30,1,5,1,
15,3,701,440,85,40,1,5,1,
15,4,398,168,149,44,1,5,1,
15,5,569,87,50,23,1,5,1,
15,6,563,229,84,21,1,5,1,
15,7,355,313,58,21,1,5,1,
15,8,580,311,97,22,1,5,1,
15,9,563,390,58,14,1,5,1,
15,10,-28,-9,62,27,1,5,1,
15,11,618,4,81,23,1,5,1,
15,12,298,67,85,28,1,5,1,
15,13,345,294,101,24,1,5,1,
15,14,867,421,93,25,1,5,1,
15,16,727,482,11,18,1,5,1,
15,17,533,510,95,26,1,5,1,
15,18,90,166,64,43,1,5,1,
15,19,423,397,99,33,1,5,1,
15,21,824,314,135,38,1,5,1,
15,22,826,251,134,45,1,5,1,
16,1,587,435,119,45,1,5,1,
16,2,843,460,29,30,1,5,1,
16,3,707,445,93,37,1,5,1,
16,4,410,171,152,42,1,5,1,
16,5,573,88,48,23,1,5,1,
16,6,571,229,82,21,1,5,1,
16,7,360,312,63,21,1,5,1,
16,8,589,311,96,22,1,5,1,
16,9,570,390,58,14,1,5,1,
16,10,-36,-14,62,29,1,5,1,
16,11,628,5,80,23,1,5,1,
16,12,307,70,82,25,1,5,1,
16,13,356,293,99,24,1,5,1,
16,14,880,422,80,25,1,5,1,
16,16,727,480,12,17,1,5,1,
16,17,540,511,96,27,1,5,1,
16,18,91,164,68,44,1,5,1,
16,19,432,397,99,35,1,5,1,
16,21,836,315,123,38,1,5,1,
16,22,849,251,111,45,1,5,1,
17,1,592,439,126,40,1,5,1,
17,2,843,458,29,31,1,5,1,
17,3,715,450,99,35,1,5,1,
17,4,422,173,153,41,1,5,1,
17,5,578,89,46,23,1,5,1,
17,6,578,229,81,21,1,5,1,
17,7,365,311,67,20,1,5,1,
17,8,597,311,97,21,1,5,1,
17,9,578,389,57,15,1,5,1,
17,11,637,6,80,23,1,5,1,
17,12,317,73,78,23,1,5,1,
17,13,367,293,97,24,1,5,1,
17,14,893,422,67,19,1,5,1,
17,16,726,477,13,18,1,5,1,
17,17,548,511,96,27,1,5,1,
17,18,95,162,69,45,1,5,1,
17,19,441,398,100,36,1,5,1,
17,21,848,316,112,38,1,5,1,
17,22,870,252,90,44,1,5,1,
18,1,599,442,130,37,1,5,1,
18,2,842,456,29,32,1,5,1,
18,3,725,454,103,33,1,5,1,
18,4,434,173,152,41,1,5,1,
18,5,582,90,44,24,1,5,1,
18,6,585,229,81,21,1,5,1,
18,7,371,310,71,20,1,5,1,
18,8,605,310,97,22,1,5,1,
18,9,584,389,57,14,1,5,1,
18,11,647,7,78,23,1,5,1,
18,12,326,75,75,21,1,5,1,
18,13,377,293,97,23,1,5,1,
18,14,904,422,56,19,1,5,1,
18,16,724,475,16,18,1,5,1,
18,17,556,511,95,27,1,5,1,
18,18,98,160,72,46,1,5,1,
18,19,449,399,101,38,1,5,1,
18,21,859,316,101,38,1,5,1,
18,22,886,252,74,44,1,5,1,
19,1,606,446,133,34,1,5,1,
19,2,841,454,34,33,1,5,1,
19,3,735,457,107,33,1,5,1,
19,4,446,174,152,40,1,5,1,
19,5,586,91,41,24,1,5,1,
19,6,591,230,81,20,1,5,1,
19,7,378,310,74,19,1,5,1,
19,8,613,310,97,21,1,5,1,
19,9,591,389,56,14,1,5,1,
19,11,656,8,78,23,1,5,1,
19,12,335,75,70,21,1,5,1,
19,13,387,293,96,23,1,5,1,
19,14,915,427,45,14,1,5,1,
19,16,720,473,20,17,1,5,1,
19,17,564,511,94,27,1,5,1,
19,18,101,158,75,46,1,5,1,
19,19,457,401,103,38,1,5,1,
19,21,871,316,89,37,1,5,1,
19,22,891,254,69,41,1,5,1,
20,1,616,448,132,33,1,5,1,
20,2,838,451,43,35,1,5,1,
20,3,746,460,110,34,1,5,1,
20,4,458,174,151,40,1,5,1,
20,5,589,92,40,24,1,5,1,
20,6,599,230,79,21,1,5,1,
20,7,385,309,77,19,1,5,1,
20,8,623,309,94,22,1,5,1,
20,9,598,388,55,15,1,5,1,
20,11,665,9,77,23,1,5,1,
20,12,344,75,66,20,1,5,1,
20,13,397,293,95,23,1,5,1,
20,14,925,428,35,13,1,5,1,
20,16,716,471,24,17,1,5,1,
20,17,572,511,93,27,1,5,1,
20,18,105,156,79,47,1,5,1,
20,19,465,402,105,39,1,5,1,
20,21,882,316,78,37,1,5,1,
20,22,898,256,62,33,1,5,1,
21,1,627,449,129,32,1,5,1,
21,2,832,449,53,35,1,5,1,
21,3,759,463,111,34,1,5,1,
21,4,471,174,149,40,1,5,1,
21,5,593,94,38,23,1,5,1,
21,6,606,230,77,21,1,5,1,
21,7,394,309,78,19,1,5,1,
21,8,633,309,92,22,1,5,1,
21,9,606,388,53,14,1,5,1,
21,11,675,10,75,24,1,5,1,
21,12,353,73,60,20,1,5,1,
21,13,407,292,93,23,1,5,1,
21,16,713,469,26,17,1,5,1,
21,17,581,511,91,26,1,5,1,
21,18,109,154,82,48,1,5,1,
21,19,474,403,107,40,1,5,1,
21,21,894,315,66,31,1,5,1,
22,1,637,448,126,32,1,5,1,
22,2,829,447,55,34,1,5,1,
22,3,770,466,116,34,1,5,1,
22,4,482,175,150,39,1,5,1,
22,5,596,95,36,23,1,5,1,
22,6,613,230,76,21,1,5,1,
22,7,402,309,80,18,1,5,1,
22,8,641,309,90,22,1,5,1,
22,9,612,387,53,15,1,5,1,
22,11,684,11,74,24,1,5,1,
22,12,361,70,55,21,1,5,1,
22,13,416,292,93,23,1,5,1,
22,16,711,467,25,16,1,5,1,
22,17,589,510,90,27,1,5,1,
22,18,112,151,87,50,1,5,1,
22,19,481,405,111,40,1,5,1,
22,21,905,315,55,27,1,5,1,
23,1,648,448,120,31,1,5,1,
23,2,825,444,57,35,1,5,1,
23,3,781,469,121,34,1,5,1,
23,4,493,175,150,39,1,5,1,
23,5,599,96,35,24,1,5,1,
23,6,619,230,75,21,1,5,1,
23,7,411,309,81,18,1,5,1,
23,8,650,309,88,22,1,5,1,
23,9,618,387,52,14,1,5,1,
23,11,692,12,74,24,1,5,1,
23,12,366,68,55,22,1,5,1,
23,13,425,292,93,23,1,5,1,
23,16,708,465,26,16,1,5,1,
23,17,596,510,89,26,1,5,1,
23,18,116,149,92,50,1,5,1,
23,19,487,407,117,39,1,5,1,
23,21,916,317,44,19,1,5,1,
24,1,661,446,110,31,1,5,1,
24,2,822,442,56,34,1,5,1,
24,3,794,473,123,33,1,5,1,
24,4,504,175,150,39,1,5,1,
24,5,602,97,33,24,1,5,1,
24,6,625,230,75,21,1,5,1,
24,7,420,308,82,19,1,5,1,
24,8,659,308,85,22,1,5,1,
24,9,624,387,52,14,1,5,1,
24,11,700,13,74,24,1,5,1,
24,12,370,66,56,22,1,5,1,
24,13,434,292,91,22,1,5,1,
24,16,705,463,26,16,1,5,1,
24,17,604,509,87,26,1,5,1,
24,18,120,146,97,52,1,5,1,
24,19,494,409,122,38,1,5,1,
25,1,674,444,98,32,1,5,1,
25,2,818,440,57,33,1,5,1,
25,3,807,476,127,32,1,5,1,
25,4,516,176,149,38,1,5,1,
25,5,605,99,32,23,1,5,1,
25,6,632,231,73,20,1,5,1,
25,7,429,309,82,18,1,5,1,
25,8,669,308,79,21,1,5,1,
25,9,631,386,50,14,1,5,1,
25,11,709,14,73,24,1,5,1,
25,12,374,64,58,22,1,5,1,
25,13,443,292,90,22,1,5,1,
25,16,702,461,27,16,1,5,1,
25,17,613,508,84,26,1,5,1,
25,18,125,144,101,52,1,5,1,
25,19,502,411,125,37,1,5,1,
26,1,687,443,86,32,1,5,1,
26,2,815,438,57,33,1,5,1,
26,3,821,480,127,30,1,5,1,
26,4,527,176,148,38,1,5,1,
26,5,608,100,30,23,1,5,1,
26,6,638,231,72,20,1,5,1,
26,7,438,309,82,19,1,5,1,
26,8,680,307,70,22,1,5,1,
26,9,637,385,49,15,1,5,1,
26,11,717,16,72,24,1,5,1,
26,12,377,62,61,22,1,5,1,
26,13,452,292,90,22,1,5,1,
26,16,699,459,27,16,1,5,1,
26,17,620,508,83,25,1,5,1,
26,18,129,141,108,54,1,5,1,
26,19,510,414,129,35,1,5,1,
27,1,698,441,79,32,1,5,1,
27,2,811,436,57,32,1,5,1,
27,3,836,484,123,26,1,5,1,
27,4,539,176,147,38,1,5,1,
27,5,610,101,29,24,1,5,1,
27,6,645,231,69,20,1,5,1,
27,7,448,310,82,19,1,5,1,
27,8,689,307,65,21,1,5,1,
27,9,643,385,48,14,1,5,1,
27,11,726,17,71,24,1,5,1,
27,12,381,60,63,22,1,5,1,
27,13,461,291,91,23,1,5,1,
27,16,696,457,27,16,1,5,1,
27,17,628,507,80,25,1,5,1,
27,18,134,139,113,54,1,5,1,
27,19,519,417,131,34,1,5,1,
28,1,705,439,77,32,1,5,1,
28,2,808,434,57,32,1,5,1,
28,3,851,485,109,24,1,5,1,
28,4,550,176,146,37,1,5,1,
28,5,613,103,27,23,1,5,1,
28,6,651,231,68,21,1,5,1,
28,7,456,311,84,19,1,5,1,
28,8,694,308,69,21,1,5,1,
28,9,649,384,47,14,1,5,1,
28,11,734,18,70,24,1,5,1,
28,12,385,58,65,23,1,5,1,
28,13,468,291,95,22,1,5,1,
28,16,693,455,27,16,1,5,1,
28,17,635,506,79,25,1,5,1,
28,18,139,136,120,56,1,5,1,
28,19,529,419,132,33,1,5,1,
29,1,711,438,77,32,1,5,1,
29,2,804,432,57,31,1,5,1,
29,3,867,483,93,25,1,5,1,
29,4,562,176,145,37,1,5,1,
29,5,615,104,25,23,1,5,1,
29,6,657,231,68,20,1,5,1,
29,7,466,311,83,19,1,5,1,
29,8,699,309,71,21,1,5,1,
29,9,654,384,47,14,1,5,1,
29,11,742,19,69,24,1,5,1,
29,12,389,56,68,23,1,5,1,
29,13,477,291,96,22,1,5,1,
29,16,690,454,27,15,1,5,1,
29,17,642,505,78,25,1,5,1,
29,18,145,133,126,57,1,5,1,
29,19,541,421,130,32,1,5,1,
30,1,717,437,76,31,1,5,1,
30,2,801,430,57,31,1,5,1,
30,3,882,482,78,22,1,5,1,
30,4,574,176,143,37,1,5,1,
30,5,617,105,24,23,1,5,1,
30,6,663,232,67,19,1,5,1,
30,7,475,312,84,18,1,5,1,
30,8,706,309,70,20,1,5,1,
30,9,660,383,46,14,1,5,1,
30,11,750,21,68,24,1,5,1,
30,12,393,54,70,23,1,5,1,
30,13,486,291,97,22,1,5,1,
30,16,687,452,28,15,1,5,1,
30,17,649,504,77,25,1,5,1,
30,18,151,130,132,59,1,5,1,
30,19,553,422,128,31,1,5,1,
31,1,723,435,75,31,1,5,1,
31,2,797,428,57,30,1,5,1,
31,3,898,480,62,24,1,5,1,
31,4,586,176,142,37,1,5,1,
31,5,619,107,22,23,1,5,1,
31,6,669,232,66,19,1,5,1,
31,7,485,312,83,19,1,5,1,
31,8,713,309,69,20,1,5,1,
31,9,666,383,45,13,1,5,1,
31,11,758,22,66,24,1,5,1,
31,12,398,52,72,23,1,5,1,
31,13,495,292,98,22,1,5,1,
31,16,684,450,28,15,1,5,1,
31,17,656,503,75,25,1,5,1,
31,18,157,127,140,60,1,5,1,
31,19,565,422,127,31,1,5,1,
32,1,729,434,73,31,1,5,1,
32,2,794,427,57,29,1,5,1,
32,3,913,482,47,20,1,5,1,
32,4,597,176,142,37,1,5,1,
32,5,621,108,21,23,1,5,1,
32,6,675,232,64,20,1,5,1,
32,7,494,312,84,19,1,5,1,
32,8,720,309,67,20,1,5,1,
32,9,671,382,45,14,1,5,1,
32,11,766,23,65,24,1,5,1,
32,12,402,50,75,23,1,5,1,
32,13,504,291,98,22,1,5,1,
32,16,681,449,28,14,1,5,1,
32,17,662,502,75,25,1,5,1,
32,18,164,124,147,61,1,5,1,
32,19,576,422,127,31,1,5,1,
33,1,733,434,78,29,1,5,1,
33,2,790,425,57,28,1,5,1,
33,3,928,482,32,16,1,5,1,
33,4,608,176,140,37,1,5,1,
33,5,623,109,19,23,1,5,1,
33,6,681,232,63,20,1,5,1,
33,7,503,312,84,19,1,5,1,
33,8,727,308,65,20,1,5,1,
33,9,677,381,44,14,1,5,1,
33,11,773,25,64,24,1,5,1,
33,12,407,48,77,23,1,5,1,
33,13,514,291,97,22,1,5,1,
33,16,678,447,28,14,1,5,1,
33,17,669,501,73,25,1,5,1,
33,18,171,121,154,63,1,5,1,
33,19,588,421,125,31,1,5,1,
34,1,739,432,78,30,1,5,1,
34,2,787,423,57,28,1,5,1,
34,4,620,177,137,36,1,5,1,
34,5,625,111,18,22,1,5,1,
34,6,686,232,63,20,1,5,1,
34,7,513,312,84,19,1,5,1,
34,8,733,308,65,20,1,5,1,
34,9,682,381,43,13,1,5,1,
34,11,781,26,63,24,1,5,1,
34,12,412,46,80,24,1,5,1,
34,13,523,291,97,22,1,5,1,
34,16,675,446,28,13,1,5,1,
34,17,675,500,73,24,1,5,1,
34,18,179,118,162,64,1,5,1,
34,19,599,420,124,32,1,5,1,
35,1,745,431,76,30,1,5,1,
35,2,783,421,57,28,1,5,1,
35,4,630,177,137,37,1,5,1,
35,5,626,112,17,22,1,5,1,
35,6,691,233,62,19,1,5,1,
35,7,522,312,84,19,1,5,1,
35,8,739,308,64,20,1,5,1,
35,9,687,380,43,14,1,5,1,
35,11,788,28,62,23,1,5,1,
35,12,417,44,82,24,1,5,1,
35,13,532,291,97,22,1,5,1,
35,16,672,444,28,13,1,5,1,
35,17,681,499,72,24,1,5,1,
35,18,187,115,170,65,1,5,1,
35,19,610,420,123,31,1,5,1,
36,1,751,430,74,29,1,5,1,
36,2,779,420,58,27,1,5,1,
36,4,641,178,135,36,1,5,1,
36,5,628,113,15,23,1,5,1,
36,6,696,233,62,19,1,5,1,
36,7,531,312,84,19,1,5,1,
36,8,745,308,63,19,1,5,1,
36,9,692,380,42,13,1,5,1,
36,11,794,29,62,24,1,5,1,
36,12,422,42,85,24,1,5,1,
36,13,540,291,98,22,1,5,1,
36,16,669,443,28,13,1,5,1,
36,17,687,498,71,24,1,5,1,
36,18,195,111,179,67,1,5,1,
36,19,621,420,122,31,1,5,1,
37,1,758,429,71,29,1,5,1,
37,2,776,418,57,27,1,5,1,
37,4,652,178,133,36,1,5,1,
37,5,629,115,15,22,1,5,1,
37,6,702,233,60,19,1,5,1,
37,7,541,312,84,19,1,5,1,
37,8,752,307,60,20,1,5,1,
37,9,697,379,42,13,1,5,1,
37,11,802,30,60,24,1,5,1,
37,12,428,40,87,24,1,5,1,
37,13,550,291,97,22,1,5,1,
37,16,666,441,28,13,1,5,1,
37,17,694,497,69,24,1,5,1,
37,18,204,108,189,69,1,5,1,
37,19,632,419,121,31,1,5,1,
38,1,764,427,69,30,1,5,1,
38,2,772,417,58,26,1,5,1,
38,4,662,178,132,36,1,5,1,
38,5,630,116,14,22,1,5,1,
38,6,707,233,59,19,1,5,1,
38,7,551,312,83,19,1,5,1,
38,8,758,307,59,20,1,5,1,
38,9,702,378,41,14,1,5,1,
38,11,808,32,59,24,1,5,1,
38,12,433,38,90,25,1,5,1,
38,13,559,291,97,22,1,5,1,
38,16,663,440,28,12,1,5,1,
38,17,700,496,68,24,1,5,1,
38,18,213,104,199,71,1,5,1,
38,19,643,419,120,31,1,5,1,
39,1,770,426,67,29,1,5,1,
39,2,769,415,57,26,1,5,1,
39,4,673,179,130,35,1,5,1,
39,5,630,118,14,21,1,5,1,
39,6,713,233,57,19,1,5,1,
39,7,560,312,83,18,1,5,1,
39,8,764,307,58,19,1,5,1,
39,9,707,378,40,13,1,5,1,
39,11,815,33,58,24,1,5,1,
39,12,439,36,92,25,1,5,1,
39,13,569,291,95,22,1,5,1,
39,16,660,438,28,13,1,5,1,
39,17,706,495,67,23,1,5,1,
39,18,224,101,208,72,1,5,1,
39,19,654,418,119,31,1,5,1,
40,1,775,425,66,29,1,5,1,
40,2,765,414,57,25,1,5,1,
40,4,684,179,128,36,1,5,1,
40,5,630,119,13,21,1,5,1,
40,6,718,234,56,18,1,5,1,
40,7,570,312,82,18,1,5,1,
40,8,769,307,57,19,1,5,1,
40,9,712,377,39,13,1,5,1,
40,11,822,35,56,24,1,5,1,
40,12,445,34,94,25,1,5,1,
40,13,578,291,95,22,1,5,1,
40,16,656,437,29,12,1,5,1,
40,17,712,494,65,23,1,5,1,
40,18,234,98,220,73,1,5,1,
40,19,665,418,117,30,1,5,1,
41,1,781,424,64,28,1,5,1,
41,2,761,412,58,25,1,5,1,
41,4,695,180,126,35,1,5,1,
41,5,630,120,13,22,1,5,1,
41,6,723,234,55,18,1,5,1,
41,7,580,312,81,18,1,5,1,
41,8,776,307,54,19,1,5,1,
41,9,717,377,38,13,1,5,1,
41,11,828,36,55,24,1,5,1,
41,12,452,32,96,25,1,5,1,
41,13,587,291,95,22,1,5,1,
41,16,653,436,29,12,1,5,1,
41,17,719,493,62,23,1,5,1,
41,18,245,94,231,75,1,5,1,
41,19,676,417,116,31,1,5,1,
42,1,787,423,62,28,1,5,1,
42,2,758,411,57,24,1,5,1,
42,4,705,180,124,35,1,5,1,
42,5,630,122,13,21,1,5,1,
42,6,728,234,54,19,1,5,1,
42,7,589,312,81,18,1,5,1,
42,8,781,306,54,19,1,5,1,
42,9,721,376,38,13,1,5,1,
42,11,835,38,53,23,1,5,1,
42,12,458,30,99,26,1,5,1,
42,13,596,291,94,21,1,5,1,
42,16,650,435,29,11,1,5,1,
42,17,724,491,61,24,1,5,1,
42,18,257,91,244,77,1,5,1,
42,19,687,417,114,30,1,5,1,
43,1,792,422,62,28,1,5,1,
43,2,754,409,57,24,1,5,1,
43,4,715,180,124,35,1,5,1,
43,5,629,123,13,21,1,5,1,
43,6,733,234,53,19,1,5,1,
43,7,600,311,79,19,1,5,1,
43,8,787,306,52,19,1,5,1,
43,9,726,375,37,13,1,5,1,
43,11,841,40,52,23,1,5,1,
43,12,465,28,101,26,1,5,1,
43,13,606,291,93,21,1,5,1,
43,16,647,433,28,11,1,5,1,
43,17,729,488,59,24,1,5,1,
43,18,269,88,257,78,1,5,1,
43,19,698,416,112,30,1,5,1,
44,1,798,422,60,27,1,5,1,
44,2,750,408,57,23,1,5,1,
44,4,725,181,122,34,1,5,1,
44,5,629,124,13,21,1,5,1,
44,6,738,234,51,19,1,5,1,
44,7,608,311,80,19,1,5,1,
44,8,792,306,51,19,1,5,1,
44,9,730,375,37,13,1,5,1,
44,11,847,41,51,23,1,5,1,
44,12,472,26,103,27,1,5,1,
44,13,615,291,92,21,1,5,1,
44,16,643,432,29,11,1,5,1,
44,17,733,487,59,23,1,5,1,
44,18,281,85,271,79,1,5,1,
44,19,708,415,111,31,1,5,1,
44,20,951,264,8,17,1,5,1,
45,1,807,421,54,27,1,5,1,
45,2,747,407,57,22,1,5,1,
45,4,735,181,121,35,1,5,1,
45,5,628,126,13,20,1,5,1,
45,6,743,235,50,18,1,5,1,
45,7,618,311,78,19,1,5,1,
45,8,798,306,48,19,1,5,1,
45,9,735,374,35,13,1,5,1,
45,11,853,43,50,23,1,5,1,
45,12,479,24,105,27,1,5,1,
45,13,624,291,91,21,1,5,1,
45,16,640,431,29,11,1,5,1,
45,17,737,486,60,21,1,5,1,
45,18,294,83,286,80,1,5,1,
45,19,719,415,109,30,1,5,1,
45,20,946,263,13,18,1,5,1,
46,1,814,420,49,26,1,5,1,
46,2,743,405,57,22,1,5,1,
46,4,745,182,119,34,1,5,1,
46,5,628,127,13,20,1,5,1,
46,6,747,235,49,18,1,5,1,
46,7,628,311,77,19,1,5,1,
46,8,803,306,47,18,1,5,1,
46,9,739,374,35,12,1,5,1,
46,11,859,44,48,23,1,5,1,
46,12,486,22,107,27,1,5,1,
46,13,633,291,91,21,1,5,1,
46,16,637,430,29,10,1,5,1,
46,17,742,485,59,21,1,5,1,
46,18,307,81,301,81,1,5,1,
46,19,730,414,107,30,1,5,1,
46,20,941,263,18,18,1,5,1,
47,1,820,418,46,27,1,5,1,
47,2,739,404,57,22,1,5,1,
47,4,755,182,117,34,1,5,1,
47,5,627,128,13,20,1,5,1,
47,6,752,235,48,18,1,5,1,
47,7,637,311,77,19,1,5,1,
47,8,809,305,45,19,1,5,1,
47,9,744,373,33,13,1,5,1,
47,11,864,46,47,23,1,5,1,
47,12,494,21,108,27,1,5,1,
47,13,643,291,89,21,1,5,1,
47,16,633,429,29,10,1,5,1,
47,17,747,483,58,22,1,5,1,
47,18,321,79,316,82,1,5,1,
47,19,740,414,105,29,1,5,1,
47,20,937,263,22,18,1,5,1,
48,1,825,417,44,27,1,5,1,
48,2,736,403,56,21,1,5,1,
48,4,765,182,115,34,1,5,1,
48,5,626,129,13,20,1,5,1,
48,6,756,235,47,18,1,5,1,
48,7,647,311,75,18,1,5,1,
48,8,813,305,44,19,1,5,1,
48,9,748,372,33,13,1,5,1,
48,11,870,47,46,23,1,5,1,
48,12,501,19,111,27,1,5,1,
48,13,652,291,88,21,1,5,1,
48,16,630,428,29,10,1,5,1,
48,17,752,482,57,22,1,5,1,
48,18,335,77,330,83,1,5,1,
48,19,750,413,104,29,1,5,1,
48,20,932,263,27,18,1,5,1,
49,1,829,416,42,26,1,5,1,
49,2,732,402,56,20,1,5,1,
49,4,775,183,112,34,1,5,1,
49,5,625,131,14,19,1,5,1,
49,6,761,236,45,17,1,5,1,
49,7,656,311,74,18,1,5,1,
49,8,818,305,43,18,1,5,1,
49,9,752,372,32,12,1,5,1,
49,11,875,49,45,23,1,5,1,
49,12,509,17,112,28,1,5,1,
49,13,661,291,86,21,1,5,1,
49,16,627,427,29,9,1,5,1,
49,17,757,481,56,22,1,5,1,
49,18,350,75,343,84,1,5,1,
49,19,760,412,102,30,1,5,1,
49,20,929,264,30,17,1,5,1,
50,1,834,414,40,27,1,5,1,
50,2,728,401,57,20,1,5,1,
50,4,784,183,111,34,1,5,1,
50,5,623,132,15,19,1,5,1,
50,6,765,236,44,17,1,5,1,
50,7,665,311,73,18,1,5,1,
50,8,823,305,41,18,1,5,1,
50,9,756,371,31,12,1,5,1,
50,11,880,50,44,23,1,5,1,
50,12,517,15,114,29,1,5,1,
50,13,669,290,86,22,1,5,1,
50,16,623,426,29,9,1,5,1,
50,17,762,480,55,21,1,5,1,
50,18,366,72,354,86,1,5,1,
50,19,770,412,100,29,1,5,1,
50,20,925,263,34,17,1,5,1,
51,1,838,413,38,26,1,5,1,
51,2,725,399,56,20,1,5,1,
51,4,794,184,108,33,1,5,1,
51,5,622,133,16,19,1,5,1,
51,6,769,236,43,18,1,5,1,
51,7,674,311,72,18,1,5,1,
51,8,827,305,40,18,1,5,1,
51,9,760,371,30,12,1,5,1,
51,11,885,52,42,23,1,5,1,
51,12,525,14,116,28,1,5,1,
51,13,678,290,85,22,1,5,1,
51,16,620,425,29,9,1,5,1,
51,17,767,479,54,21,1,5,1,
51,18,385,69,362,88,1,5,1,
51,19,780,411,98,29,1,5,1,
51,20,922,263,37,16,1,5,1,
52,1,842,412,36,26,1,5,1,
52,2,721,398,56,20,1,5,1,
52,4,803,184,107,33,1,5,1,
52,5,621,134,16,19,1,5,1,
52,6,773,236,42,18,1,5,1,
52,7,683,311,71,18,1,5,1,
52,8,832,304,38,18,1,5,1,
52,9,763,370,31,12,1,5,1,
52,11,890,54,41,22,1,5,1,
52,12,533,12,118,29,1,5,1,
52,13,686,290,84,22,1,5,1,
52,16,616,424,30,9,1,5,1,
52,17,772,478,52,21,1,5,1,
52,18,405,66,369,89,1,5,1,
52,19,789,410,97,29,1,5,1,
52,20,918,263,41,16,1,5,1,
53,1,845,411,35,25,1,5,1,
53,2,717,397,56,19,1,5,1,
53,4,812,185,105,33,1,5,1,
53,5,620,135,17,19,1,5,1,
53,6,777,236,41,18,1,5,1,
53,7,692,310,69,18,1,5,1,
53,8,836,304,37,18,1,5,1,
53,9,767,369,30,12,1,5,1,
53,11,894,55,41,23,1,5,1,
53,12,542,11,119,29,1,5,1,
53,13,695,290,83,21,1,5,1,
53,16,613,423,29,9,1,5,1,
53,17,777,476,51,22,1,5,1,
53,18,429,63,373,91,1,5,1,
53,19,799,409,94,29,1,5,1,
53,20,914,263,45,16,1,5,1,
54,1,849,409,33,26,1,5,1,
54,2,714,396,56,19,1,5,1,
54,4,821,185,102,33,1,5,1,
54,5,618,137,18,18,1,5,1,
54,6,781,237,40,17,1,5,1,
54,7,701,309,66,18,1,5,1,
54,8,840,304,36,17,1,5,1,
54,9,771,369,29,12,1,5,1,
54,11,899,57,39,22,1,5,1,
54,12,550,9,121,29,1,5,1,
54,13,703,290,82,21,1,5,1,
54,16,609,422,30,9,1,5,1,
54,17,781,475,50,21,1,5,1,
54,18,452,61,379,91,1,5,1,
54,19,808,408,92,29,1,5,1,
54,20,910,263,48,16,1,5,1,
55,1,853,408,32,25,1,5,1,
55,2,710,395,56,19,1,5,1,
55,4,830,186,99,33,1,5,1,
55,5,617,138,18,18,1,5,1,
55,6,785,237,39,17,1,5,1,
55,7,709,308,64,18,1,5,1,
55,8,844,304,35,17,1,5,1,
55,9,774,368,28,12,1,5,1,
55,11,903,58,38,22,1,5,1,
55,12,559,8,122,29,1,5,1,
55,13,712,290,80,21,1,5,1,
55,16,606,422,29,8,1,5,1,
55,17,786,474,49,21,1,5,1,
55,18,478,58,382,93,1,5,1,
55,19,817,407,89,29,1,5,1,
55,20,906,263,48,16,1,5,1,
56,1,856,407,31,25,1,5,1,
56,2,706,394,56,18,1,5,1,
56,4,838,186,97,33,1,5,1,
56,5,615,139,19,18,1,5,1,
56,6,788,237,39,17,1,5,1,
56,7,716,308,64,18,1,5,1,
56,8,848,303,34,18,1,5,1,
56,9,778,368,27,11,1,5,1,
56,11,907,60,38,22,1,5,1,
56,12,568,7,123,29,1,5,1,
56,13,720,290,79,21,1,5,1,
56,16,602,421,30,8,1,5,1,
56,17,790,473,48,21,1,5,1,
56,18,503,56,387,94,1,5,1,
56,19,826,407,87,28,1,5,1,
56,20,902,263,48,16,1,5,1,
57,1,859,406,30,24,1,5,1,
57,2,703,393,55,18,1,5,1,
57,4,847,187,94,32,1,5,1,
57,5,613,140,20,18,1,5,1,
57,6,792,237,37,17,1,5,1,
57,7,724,308,63,17,1,5,1,
57,8,852,303,32,17,1,5,1,
57,9,781,367,27,12,1,5,1,
57,11,912,62,36,21,1,5,1,
57,12,577,5,125,30,1,5,1,
57,13,728,290,77,21,1,5,1,
57,16,598,420,30,8,1,5,1,
57,17,795,472,46,21,1,5,1,
57,18,531,55,390,94,1,5,1,
57,19,834,406,86,28,1,5,1,
57,20,898,264,48,15,1,5,1,
58,1,861,404,29,25,1,5,1,
58,2,699,392,56,18,1,5,1,
58,4,854,188,93,32,1,5,1,
58,5,612,141,20,18,1,5,1,
58,6,795,237,37,17,1,5,1,
58,7,731,307,62,18,1,5,1,
58,8,855,303,32,17,1,5,1,
58,9,784,366,26,12,1,5,1,
58,11,915,63,35,22,1,5,1,
58,12,586,4,126,30,1,5,1,
58,13,736,290,76,21,1,5,1,
58,16,595,419,30,8,1,5,1,
58,17,799,470,46,21,1,5,1,
58,18,557,53,395,95,1,5,1,
58,19,842,405,85,28,1,5,1,
58,20,894,264,48,15,1,5,1,
59,1,862,403,30,25,1,5,1,
59,2,696,391,55,17,1,5,1,
59,4,863,188,90,32,1,5,1,
59,5,610,142,21,18,1,5,1,
59,6,799,238,35,16,1,5,1,
59,7,739,307,61,18,1,5,1,
59,8,859,303,30,17,1,5,1,
59,9,788,366,25,11,1,5,1,
59,11,919,65,34,21,1,5,1,
59,12,595,3,128,30,1,5,1,
59,13,746,290,68,21,1,5,1,
59,16,591,419,30,7,1,5,1,
59,17,803,469,45,21,1,5,1,
59,18,586,51,374,96,1,5,1,
59,19,852,404,80,28,1,5,1,
59,20,893,263,43,15,1,5,1,
60,1,864,402,30,24,1,5,1,
60,2,692,391,55,16,1,5,1,
60,4,871,189,87,31,1,5,1,
60,5,608,143,22,17,1,5,1,
60,6,802,238,35,16,1,5,1,
60,7,747,307,59,17,1,5,1,
60,8,862,303,29,16,1,5,1,
60,9,791,365,24,12,1,5,1,
60,11,923,66,33,22,1,5,1,
60,12,605,2,128,30,1,5,1,
60,13,756,290,59,20,1,5,1,
60,17,807,468,44,21,1,5,1,
60,18,613,50,347,96,1,5,1,
60,19,861,403,76,27,1,5,1,
60,20,893,263,36,14,1,5,1,
61,1,866,401,29,24,1,5,1,
61,2,688,390,55,16,1,5,1,
61,4,879,189,80,32,1,5,1,
61,5,605,144,23,17,1,5,1,
61,6,807,238,29,17,1,5,1,
61,7,754,307,57,17,1,5,1,
61,8,866,302,27,17,1,5,1,
61,9,794,365,24,11,1,5,1,
61,11,926,68,33,21,1,5,1,
61,12,614,1,129,30,1,5,1,
61,13,766,290,48,20,1,5,1,
61,17,811,467,43,21,1,5,1,
61,18,639,49,321,96,1,5,1,
61,19,869,402,72,27,1,5,1,
61,20,894,263,30,14,1,5,1,
62,1,867,399,30,25,1,5,1,
62,2,685,389,55,16,1,5,1,
62,4,888,190,71,31,1,5,1,
62,5,603,145,24,17,1,5,1,
62,6,810,238,27,17,1,5,1,
62,7,761,306,55,18,1,5,1,
62,8,870,302,25,17,1,5,1,
62,9,796,364,24,11,1,5,1,
62,11,930,69,29,22,1,5,1,
62,12,623,0,131,30,1,5,1,
62,13,776,289,36,21,1,5,1,
62,17,814,466,42,21,1,5,1,
62,18,666,47,294,97,1,5,1,
62,19,877,401,68,27,1,5,1,
62,20,893,263,27,14,1,5,1,
63,1,868,398,30,24,1,5,1,
63,2,681,388,55,16,1,5,1,
63,4,897,190,63,31,1,5,1,
63,5,601,146,24,17,1,5,1,
63,6,813,239,27,16,1,5,1,
63,7,769,306,52,17,1,5,1,
63,8,873,302,24,16,1,5,1,
63,9,799,363,23,12,1,5,1,
63,11,933,71,26,21,1,5,1,
63,12,633,0,131,29,1,5,1,
63,13,780,289,40,20,1,5,1,
63,17,818,464,41,21,1,5,1,
63,18,696,46,264,97,1,5,1,
63,19,885,400,65,27,1,5,1,
63,20,892,263,26,14,1,5,1,
64,1,870,397,29,24,1,5,1,
64,2,677,387,55,16,1,5,1,
64,4,903,191,57,31,1,5,1,
64,5,598,147,26,17,1,5,1,
64,6,815,239,26,16,1,5,1,
64,7,776,306,50,17,1,5,1,
64,8,876,302,23,16,1,5,1,
64,9,802,363,22,11,1,5,1,
64,11,936,73,24,20,1,5,1,
64,12,642,0,133,28,1,5,1,
64,13,781,289,48,20,1,5,1,
64,17,822,463,40,21,1,5,1,
64,18,723,45,237,82,1,5,1,
64,19,891,399,65,26,1,5,1,
64,20,890,263,27,13,1,5,1,
65,1,871,396,28,23,1,5,1,
65,2,674,387,54,15,1,5,1,
65,4,909,192,51,30,1,5,1,
65,6,819,239,24,16,1,5,1,
65,7,783,306,49,16,1,5,1,
65,8,879,302,22,16,1,5,1,
65,9,805,362,21,11,1,5,1,
65,11,940,74,20,21,1,5,1,
65,12,654,0,131,27,1,5,1,
65,13,781,289,58,19,1,5,1,
65,17,826,462,38,21,1,5,1,
65,18,756,43,204,83,1,5,1,
65,19,897,398,62,26,1,5,1,
65,20,888,263,28,13,1,5,1,
66,1,871,395,29,23,1,5,1,
66,2,670,386,55,15,1,5,1,
66,4,913,192,47,30,1,5,1,
66,6,821,239,24,16,1,5,1,
66,7,787,305,51,17,1,5,1,
66,8,881,302,21,15,1,5,1,
66,9,807,362,21,11,1,5,1,
66,11,942,76,18,20,1,5,1,
66,12,662,0,134,27,1,5,1,
66,13,782,289,65,19,1,5,1,
66,17,829,461,38,21,1,5,1,
66,18,780,45,180,68,1,5,1,
66,19,901,397,59,26,1,5,1,
66,20,886,263,29,13,1,5,1,
67,1,872,394,28,23,1,5,1,
67,2,667,385,54,15,1,5,1,
67,4,918,193,42,30,1,5,1,
67,6,823,240,23,15,1,5,1,
67,7,793,305,50,17,1,5,1,
67,8,882,301,22,16,1,5,1,
67,9,810,361,20,11,1,5,1,
67,11,945,77,15,21,1,5,1,
67,12,672,0,134,26,1,5,1,
67,13,787,289,66,19,1,5,1,
67,17,833,460,36,20,1,5,1,
67,18,809,51,151,53,1,5,1,
67,19,907,397,53,25,1,5,1,
67,20,884,263,29,13,1,5,1,
68,1,873,392,28,23,1,5,1,
68,2,663,385,54,14,1,5,1,
68,4,923,194,37,29,1,5,1,
68,6,825,240,23,15,1,5,1,
68,7,798,305,51,17,1,5,1,
68,8,884,301,21,16,1,5,1,
68,9,812,360,20,11,1,5,1,
68,11,948,79,12,20,1,5,1,
68,12,682,0,134,25,1,5,1,
68,13,793,289,66,19,1,5,1,
68,17,836,459,36,20,1,5,1,
68,19,913,396,47,25,1,5,1,
68,20,882,263,29,13,1,5,1,
69,1,873,391,28,23,1,5,1,
69,2,659,384,54,14,1,5,1,
69,4,929,195,31,21,1,5,1,
69,6,827,240,23,15,1,5,1,
69,7,804,305,50,16,1,5,1,
69,8,885,301,21,15,1,5,1,
69,9,814,360,20,11,1,5,1,
69,11,950,80,10,20,1,5,1,
69,12,692,0,135,25,1,5,1,
69,13,799,288,65,20,1,5,1,
69,17,839,457,35,21,1,5,1,
69,19,920,395,40,25,1,5,1,
69,20,880,264,29,12,1,5,1,
70,1,873,390,28,23,1,5,1,
70,2,656,383,54,14,1,5,1,
70,4,935,196,25,19,1,5,1,
70,6,829,240,22,16,1,5,1,
70,7,810,305,49,16,1,5,1,
70,8,886,301,21,15,1,5,1,
70,9,816,359,20,11,1,5,1,
70,12,701,0,136,24,1,5,1,
70,13,806,288,64,20,1,5,1,
70,17,842,456,34,21,1,5,1,
70,19,926,398,34,21,1,5,1,
70,20,877,264,30,12,1,5,1,
71,1,874,389,27,23,1,5,1,
71,2,652,383,54,13,1,5,1,
71,6,831,240,22,16,1,5,1,
71,7,815,305,49,16,1,5,1,
71,8,888,300,20,16,1,5,1,
71,9,818,359,20,10,1,5,1,
71,12,711,0,136,24,1,5,1,
71,13,812,288,63,19,1,5,1,
71,17,845,455,34,20,1,5,1,
71,19,932,400,28,18,1,5,1,
71,20,875,264,30,12,1,5,1,
72,1,874,388,27,22,1,5,1,
72,2,649,382,54,13,1,5,1,
72,6,833,241,21,15,1,5,1,
72,7,820,304,49,16,1,5,1,
72,8,889,300,20,15,1,5,1,
72,9,820,358,19,11,1,5,1,
72,12,719,0,138,23,1,5,1,
72,13,817,288,63,19,1,5,1,
72,17,847,454,34,20,1,5,1,
72,19,938,399,22,14,1,5,1,
72,20,872,264,31,12,1,5,1,
73,1,874,386,27,23,1,5,1,
73,2,645,382,54,12,1,5,1,
73,6,834,241,21,15,1,5,1,
73,7,826,304,47,16,1,5,1,
73,8,890,300,20,15,1,5,1,
73,9,822,358,18,10,1,5,1,
73,12,730,0,138,23,1,5,1,
73,13,823,288,62,19,1,5,1,
73,17,850,453,33,20,1,5,1,
73,20,870,264,31,12,1,5,1,
74,1,874,385,27,23,1,5,1,
74,2,641,381,55,13,1,5,1,
74,6,836,241,20,15,1,5,1,
74,7,831,304,47,16,1,5,1,
74,8,891,299,20,15,1,5,1,
74,9,824,357,18,11,1,5,1,
74,12,738,0,140,23,1,5,1,
74,13,829,288,60,19,1,5,1,
74,17,852,451,33,21,1,5,1,
74,20,868,264,31,12,1,5,1,
75,1,874,384,26,23,1,5,1,
75,2,638,381,54,12,1,5,1,
75,6,837,241,20,15,1,5,1,
75,7,836,304,46,15,1,5,1,
75,8,892,299,20,15,1,5,1,
75,9,826,356,17,11,1,5,1,
75,12,748,0,140,22,1,5,1,
75,13,835,288,59,19,1,5,1,
75,17,855,450,32,21,1,5,1,
75,20,865,264,32,12,1,5,1,
76,1,874,383,26,22,1,5,1,
76,2,634,380,55,12,1,5,1,
76,6,838,242,20,14,1,5,1,
76,7,841,304,45,15,1,5,1,
76,8,893,299,19,15,1,5,1,
76,9,828,356,17,10,1,5,1,
76,12,758,0,140,22,1,5,1,
76,13,840,288,58,19,1,5,1,
76,16,535,418,19,9,1,5,1,
76,17,858,449,31,21,1,5,1,
76,20,863,264,32,12,1,5,1,
77,1,873,382,27,22,1,5,1,
77,2,630,380,55,11,1,5,1,
77,6,839,242,20,14,1,5,1,
77,7,847,303,44,16,1,5,1,
77,8,894,299,19,14,1,5,1,
77,9,830,355,16,11,1,5,1,
77,12,770,0,137,22,1,5,1,
77,13,848,288,50,18,1,5,1,
77,16,534,419,16,10,1,5,1,
77,17,861,448,30,20,1,5,1,
77,20,860,264,33,12,1,5,1,
78,1,873,381,26,22,1,5,1,
78,2,627,379,54,12,1,5,1,
78,6,840,242,20,15,1,5,1,
78,7,853,303,41,15,1,5,1,
78,8,894,299,20,14,1,5,1,
78,9,832,355,16,10,1,5,1,
78,12,780,0,137,22,1,5,1,
78,13,856,288,40,18,1,5,1,
78,16,533,420,14,10,1,5,1,
78,17,863,447,29,20,1,5,1,
78,20,857,264,33,12,1,5,1,
79,1,873,380,26,21,1,5,1,
79,2,623,379,54,11,1,5,1,
79,6,841,242,20,15,1,5,1,
79,7,859,303,38,15,1,5,1,
79,8,895,298,19,15,1,5,1,
79,9,833,354,16,10,1,5,1,
79,12,791,0,136,22,1,5,1,
79,13,866,287,31,19,1,5,1,
79,16,533,421,11,11,1,5,1,
79,17,866,446,28,20,1,5,1,
79,20,855,264,33,12,1,5,1,
80,1,873,379,25,21,1,5,1,
80,6,842,242,20,15,1,5,1,
80,7,863,303,37,15,1,5,1,
80,8,896,298,19,14,1,5,1,
80,9,835,354,16,10,1,5,1,
80,12,801,0,135,22,1,5,1,
80,13,870,287,26,18,1,5,1,
80,16,533,422,8,11,1,5,1,
80,17,868,445,28,20,1,5,1,
80,20,852,264,34,12,1,5,1,
81,1,872,378,26,21,1,5,1,
81,6,843,243,20,14,1,5,1,
81,7,868,302,34,15,1,5,1,
81,8,896,298,19,14,1,5,1,
81,9,836,353,16,10,1,5,1,
81,12,811,0,135,22,1,5,1,
81,13,870,287,26,18,1,5,1,
81,16,532,423,8,12,1,5,1,
81,17,871,444,27,19,1,5,1,
81,20,850,264,33,12,1,5,1,
82,1,872,377,25,21,1,5,1,
82,6,844,243,20,14,1,5,1,
82,7,873,302,31,15,1,5,1,
82,8,897,298,19,14,1,5,1,
82,9,838,353,15,10,1,5,1,
82,12,820,0,135,22,1,5,1,
82,13,873,287,25,18,1,5,1,
82,16,532,424,8,12,1,5,1,
82,17,873,443,27,19,1,5,1,
82,20,847,265,34,11,1,5,1,
83,1,872,376,25,20,1,5,1,
83,6,845,243,19,14,1,5,1,
83,7,877,302,29,15,1,5,1,
83,8,897,297,19,14,1,5,1,
83,9,839,352,15,10,1,5,1,
83,12,831,0,128,22,1,5,1,
83,13,876,287,24,17,1,5,1,
83,16,533,425,10,13,1,5,1,
83,17,875,442,26,19,1,5,1,
83,20,844,265,35,11,1,5,1,
84,1,872,375,24,20,1,5,1,
84,6,847,243,19,14,1,5,1,
84,7,881,302,28,14,1,5,1,
84,8,898,297,18,14,1,5,1,
84,9,841,351,14,10,1,5,1,
84,12,845,0,115,22,1,5,1,
84,13,876,287,30,17,1,5,1,
84,16,533,426,12,13,1,5,1,
84,17,877,440,26,20,1,5,1,
84,20,842,265,34,11,1,5,1,
85,1,871,374,25,20,1,5,1,
85,6,848,243,21,14,1,5,1,
85,7,884,301,29,15,1,5,1,
85,8,898,297,19,14,1,5,1,
85,9,843,351,13,10,1,5,1,
85,12,855,0,105,22,1,5,1,
85,13,874,286,39,18,1,5,1,
85,16,532,428,17,12,1,5,1,
85,17,880,439,25,20,1,5,1,
85,20,843,265,30,11,1,5,1,
86,1,871,373,24,20,1,5,1,
86,6,846,244,28,13,1,5,1,
86,7,887,301,29,15,1,5,1,
86,8,899,297,18,14,1,5,1,
86,9,843,350,13,10,1,5,1,
86,12,865,0,95,23,1,5,1,
86,13,874,286,43,17,1,5,1,
86,16,532,429,20,12,1,5,1,
86,17,882,438,24,20,1,5,1,
86,20,840,265,29,11,1,5,1,
87,1,870,372,24,20,1,5,1,
87,6,846,244,32,14,1,5,1,
87,7,890,301,29,14,1,5,1,
87,8,899,297,19,14,1,5,1,
87,9,843,349,13,10,1,5,1,
87,12,876,0,84,23,1,5,1,
87,13,877,286,43,17,1,5,1,
87,16,533,430,23,13,1,5,1,
87,17,885,437,22,20,1,5,1,
87,20,838,265,29,11,1,5,1,
88,1,869,371,24,20,1,5,1,
88,6,848,244,32,14,1,5,1,
88,7,893,301,28,14,1,5,1,
88,8,899,297,19,13,1,5,1,
88,9,843,349,13,10,1,5,1,
88,12,886,0,74,23,1,5,1,
88,13,881,286,42,17,1,5,1,
88,16,534,432,25,12,1,5,1,
88,17,887,436,22,20,1,5,1,
88,20,835,265,30,11,1,5,1,
89,1,869,370,24,20,1,5,1,
89,6,851,244,31,14,1,5,1,
89,7,896,300,28,15,1,5,1,
89,8,900,297,19,13,1,5,1,
89,9,843,348,13,10,1,5,1,
89,12,895,0,65,23,1,5,1,
89,13,885,286,41,17,1,5,1,
89,16,536,433,26,12,1,5,1,
89,17,888,435,22,20,1,5,1,
89,20,832,265,32,11,1,5,1,
90,1,868,370,24,19,1,5,1,
90,6,854,244,30,14,1,5,1,
90,7,899,300,27,14,1,5,1,
90,8,900,296,19,14,1,5,1,
90,9,843,347,12,10,1,5,1,
90,12,905,0,55,9,1,5,1,
90,13,889,286,40,17,1,5,1,
90,16,538,434,28,12,1,5,1,
90,17,889,434,22,20,1,5,1,
90,20,830,265,32,11,1,5,1,
91,1,867,369,25,18,1,5,1,
91,6,858,245,28,13,1,5,1,
91,7,903,300,26,14,1,5,1,
91,8,900,296,19,14,1,5,1,
91,9,842,347,13,10,1,5,1,
91,12,915,0,45,7,1,5,1,
91,13,893,286,39,16,1,5,1,
91,16,541,436,29,11,1,5,1,
91,17,890,433,22,19,1,5,1,
91,20,827,266,33,10,1,5,1,
92,1,866,368,25,18,1,5,1,
92,6,860,245,27,14,1,5,1,
92,7,906,300,25,14,1,5,1,
92,8,899,296,20,14,1,5,1,
92,9,842,346,13,10,1,5,1,
92,12,924,0,36,8,1,5,1,
92,13,897,286,38,16,1,5,1,
92,16,543,437,30,11,1,5,1,
92,17,891,432,22,19,1,5,1,
92,20,825,266,34,10,1,5,1,
93,1,866,367,24,18,1,5,1,
93,6,864,245,25,14,1,5,1,
93,7,909,300,25,13,1,5,1,
93,8,899,296,20,13,1,5,1,
93,9,842,346,12,9,1,5,1,
93,13,901,286,37,16,1,5,1,
93,14,951,344,8,9,1,5,1,
93,16,546,438,31,11,1,5,1,
93,17,892,431,22,19,1,5,1,
93,20,822,266,34,10,1,5,1,
94,1,865,366,25,18,1,5,1,
94,6,866,245,24,14,1,5,1,
94,7,912,299,24,14,1,5,1,
94,8,899,296,20,13,1,5,1,
94,9,841,345,13,10,1,5,1,
94,13,905,286,35,16,1,5,1,
94,14,950,342,9,11,1,5,1,
94,16,548,439,33,11,1,5,1,
94,17,893,430,22,19,1,5,1,
94,20,819,266,35,10,1,5,1,
95,1,864,365,25,18,1,5,1,
95,6,869,245,23,14,1,5,1,
95,7,915,299,23,14,1,5,1,
95,8,899,296,20,13,1,5,1,
95,9,841,344,12,10,1,5,1,
95,13,909,285,34,17,1,5,1,
95,14,947,342,12,11,1,5,1,
95,16,552,440,33,12,1,5,1,
95,17,894,428,21,20,1,5,1,
95,20,817,266,35,10,1,5,1,
96,1,863,365,25,17,1,5,1,
96,6,872,246,21,13,1,5,1,
96,7,918,299,23,13,1,5,1,
96,8,898,295,20,14,1,5,1,
96,9,841,344,12,9,1,5,1,
96,13,912,285,33,16,1,5,1,
96,14,946,341,13,12,1,5,1,
96,16,555,442,35,11,1,5,1,
96,17,895,427,21,19,1,5,1,
96,20,814,266,35,10,1,5,1,
97,1,862,364,25,17,1,5,1,
97,6,874,246,20,13,1,5,1,
97,7,921,299,22,13,1,5,1,
97,8,898,295,20,13,1,5,1,
97,9,840,343,12,10,1,5,1,
97,13,916,285,31,16,1,5,1,
97,14,945,341,14,12,1,5,1,
97,16,559,443,35,11,1,5,1,
97,17,896,426,21,19,1,5,1,
97,20,811,266,35,10,1,5,1,
98,1,862,363,24,17,1,5,1,
98,6,876,246,20,13,1,5,1,
98,7,923,299,22,13,1,5,1,
98,8,898,295,20,13,1,5,1,
98,9,840,343,11,9,1,5,1,
98,13,920,285,28,16,1,5,1,
98,14,944,340,15,13,1,5,1,
98,16,562,444,36,11,1,5,1,
98,17,896,425,21,19,1,5,1,
98,20,809,266,35,10,1,5,1,
99,1,861,362,23,17,1,5,1,
99,6,878,246,19,13,1,5,1,
99,7,926,298,20,13,1,5,1,
99,8,898,295,19,13,1,5,1,
99,9,839,342,12,9,1,5,1,
99,13,924,285,24,16,1,5,1,
99,14,944,340,15,12,1,5,1,
99,16,565,445,38,11,1,5,1,
99,17,897,424,21,19,1,5,1,
99,20,806,266,36,10,1,5,1,
100,1,860,361,23,17,1,5,1,
100,6,880,246,18,13,1,5,1,
100,7,928,298,20,13,1,5,1,
100,8,897,295,20,12,1,5,1,
100,9,839,342,11,9,1,5,1,
100,13,922,285,24,16,1,5,1,
100,14,944,339,16,13,1,5,1,
100,16,569,446,38,11,1,5,1,
100,17,898,423,20,19,1,5,1,
100,20,803,266,36,10,1,5,1,
101,1,860,361,22,17,1,5,1,
101,6,882,246,18,13,1,5,1,
101,7,930,298,19,13,1,5,1,
101,8,897,294,19,13,1,5,1,
101,9,838,341,12,9,1,5,1,
101,13,921,285,23,15,1,5,1,
101,14,943,339,16,12,1,5,1,
101,16,573,447,39,11,1,5,1,
101,17,898,422,21,19,1,5,1,
102,1,859,360,22,17,1,5,1,
102,6,884,247,16,13,1,5,1,
102,7,931,298,19,12,1,5,1,
102,8,896,294,20,13,1,5,1,
102,9,838,341,11,9,1,5,1,
102,13,919,285,24,15,1,5,1,
102,14,942,338,18,13,1,5,1,
102,16,577,448,40,10,1,5,1,
102,17,899,421,20,19,1,5,1,
103,1,858,359,23,17,1,5,1,
103,6,885,247,16,13,1,5,1,
103,7,932,297,19,13,1,5,1,
103,8,895,294,21,13,1,5,1,
103,9,837,340,11,9,1,5,1,
103,13,919,285,23,15,1,5,1,
103,14,940,338,19,12,1,5,1,
103,16,581,449,41,10,1,5,1,
103,17,899,420,20,18,1,5,1,
104,1,857,358,23,17,1,5,1,
104,2,550,380,18,14,1,5,1,
104,6,884,247,17,12,1,5,1,
104,7,932,297,19,13,1,5,1,
104,8,894,294,22,13,1,5,1,
104,9,836,340,11,8,1,5,1,
104,13,920,284,23,15,1,5,1,
104,14,939,337,20,12,1,5,1,
104,16,585,450,41,10,1,5,1,
104,17,899,419,21,18,1,5,1,
105,1,856,358,23,16,1,5,1,
105,2,550,381,14,14,1,5,1,
105,6,883,246,17,13,1,5,1,
105,7,933,297,19,12,1,5,1,
105,8,893,294,22,12,1,5,1,
105,9,835,339,12,9,1,5,1,
105,13,923,284,22,15,1,5,1,
105,14,938,337,21,12,1,5,1,
105,16,590,451,41,10,1,5,1,
105,17,900,418,20,18,1,5,1,
106,1,857,358,21,15,1,5,1,
106,2,550,382,13,13,1,5,1,
106,6,882,246,18,13,1,5,1,
106,7,934,297,19,12,1,5,1,
106,8,892,294,23,12,1,5,1,
106,9,834,339,12,8,1,5,1,
106,13,925,284,22,15,1,5,1,
106,14,937,336,20,12,1,5,1,
106,16,594,452,42,10,1,5,1,
106,17,900,417,20,18,1,5,1,
107,1,858,358,19,14,1,5,1,
107,2,550,383,14,13,1,5,1,
107,5,519,154,28,11,1,5,1,
107,6,883,247,17,12,1,5,1,
107,7,936,296,18,13,1,5,1,
107,8,891,293,24,13,1,5,1,
107,9,834,338,11,9,1,5,1,
107,13,927,284,21,14,1,5,1,
107,14,935,336,22,12,1,5,1,
107,16,599,453,42,10,1,5,1,
107,17,901,416,19,18,1,5,1,
108,1,859,358,18,14,1,5,1,
108,2,550,384,18,13,1,5,1,
108,5,519,153,32,12,1,5,1,
108,6,883,247,16,13,1,5,1,
108,7,936,296,19,12,1,5,1,
108,8,890,293,24,13,1,5,1,
108,9,833,338,12,8,1,5,1,
108,13,928,284,22,14,1,5,1,
108,14,934,335,22,12,1,5,1,
108,16,604,454,42,9,1,5,1,
108,17,901,415,20,18,1,5,1,
109,1,858,357,20,14,1,5,1,
109,2,549,384,23,14,1,5,1,
109,5,519,153,36,11,1,5,1,
109,6,881,247,19,13,1,5,1,
109,7,937,296,18,12,1,5,1,
109,8,888,293,25,12,1,5,1,
109,9,832,337,12,8,1,5,1,
109,13,930,284,21,14,1,5,1,
109,14,933,335,22,11,1,5,1,
109,16,609,455,42,9,1,5,1,
109,17,901,414,19,18,1,5,1,
110,1,857,356,22,15,1,5,1,
110,2,547,385,29,13,1,5,1,
110,5,521,152,37,11,1,5,1,
110,6,880,248,21,12,1,5,1,
110,7,938,296,18,12,1,5,1,
110,8,886,293,27,12,1,5,1,
110,9,831,337,12,8,1,5,1,
110,13,931,284,21,14,1,5,1,
110,14,931,334,24,12,1,5,1,
110,16,613,455,43,10,1,5,1,
110,17,901,413,19,18,1,5,1,
111,1,854,355,26,15,1,5,1,
111,2,546,385,35,14,1,5,1,
111,5,522,152,40,11,1,5,1,
111,6,878,248,23,12,1,5,1,
111,7,939,296,18,11,1,5,1,
111,8,884,293,28,12,1,5,1,
111,9,829,336,13,8,1,5,1,
111,13,932,284,22,14,1,5,1,
111,14,929,334,25,11,1,5,1,
111,16,618,456,43,9,1,5,1,
111,17,901,412,19,18,1,5,1,
112,1,851,354,29,15,1,5,1,
112,2,546,386,41,13,1,5,1,
112,5,524,151,41,11,1,5,1,
112,6,877,248,23,12,1,5,1,
112,7,939,296,18,11,1,5,1,
112,8,882,293,29,11,1,5,1,
112,9,828,336,13,8,1,5,1,
112,13,934,283,21,14,1,5,1,
112,14,927,333,26,12,1,5,1,
112,16,623,457,43,9,1,5,1,
112,17,900,411,19,18,1,5,1,
113,1,849,352,30,16,1,5,1,
113,2,547,386,45,14,1,5,1,
113,5,527,150,42,12,1,5,1,
113,6,876,248,23,12,1,5,1,
113,7,940,295,17,12,1,5,1,
113,8,880,292,29,12,1,5,1,
113,9,827,335,13,8,1,5,1,
113,13,935,283,21,14,1,5,1,
113,14,925,333,26,11,1,5,1,
113,16,628,457,44,10,1,5,1,
113,17,900,410,19,17,1,5,1,
114,1,848,352,28,15,1,5,1,
114,2,548,387,50,13,1,5,1,
114,5,529,150,44,12,1,5,1,
114,6,874,248,24,12,1,5,1,
114,7,940,295,18,12,1,5,1,
114,8,878,292,30,12,1,5,1,
114,9,826,335,13,8,1,5,1,
114,13,936,283,21,14,1,5,1,
114,14,923,332,26,11,1,5,1,
114,16,633,458,44,9,1,5,1,
114,17,899,409,19,17,1,5,1,
114,22,949,269,10,9,1,5,1,
115,1,847,351,26,15,1,5,1,
115,2,550,387,54,14,1,5,1,
115,5,532,149,45,12,1,5,1,
115,6,873,249,24,11,1,5,1,
115,7,941,295,17,11,1,5,1,
115,8,876,292,30,12,1,5,1,
115,9,825,334,13,8,1,5,1,
115,13,937,283,21,14,1,5,1,
115,14,921,332,26,11,1,5,1,
115,16,638,458,44,10,1,5,1,
115,17,898,408,21,17,1,5,1,
115,22,946,267,13,11,1,5,1,
116,1,845,350,26,15,1,5,1,
116,2,553,387,56,14,1,5,1,
116,5,535,149,45,12,1,5,1,
116,6,872,249,24,11,1,5,1,
116,7,941,295,17,11,1,5,1,
116,8,874,292,31,11,1,5,1,
116,9,823,334,14,8,1,5,1,
116,13,940,283,19,14,1,5,1,
116,14,918,331,27,11,1,5,1,
116,16,644,458,43,10,1,5,1,
116,17,896,407,25,17,1,5,1,
116,22,943,267,16,11,1,5,1,
117,1,844,350,26,14,1,5,1,
117,2,556,388,59,13,1,5,1,
117,5,538,149,46,11,1,5,1,
117,6,870,249,24,11,1,5,1,
117,7,941,295,17,11,1,5,1,
117,8,872,292,31,11,1,5,1,
117,9,822,333,14,8,1,5,1,
117,13,942,283,17,14,1,5,1,
117,14,916,331,27,11,1,5,1,
117,16,650,458,42,10,1,5,1,
117,17,894,406,28,17,1,5,1,
117,22,939,266,20,14,1,5,1,
118,1,843,349,25,15,1,5,1,
118,2,560,388,59,14,1,5,1,
118,5,541,148,47,12,1,5,1,
118,6,869,249,24,12,1,5,1,
118,7,942,294,16,11,1,5,1,
118,8,870,292,32,11,1,5,1,
118,9,821,333,14,8,1,5,1,
118,13,943,283,17,13,1,5,1,
118,14,914,330,27,11,1,5,1,
118,16,655,458,41,10,1,5,1,
118,17,892,405,29,17,1,5,1,
118,22,936,266,23,14,1,5,1,
119,1,842,349,25,14,1,5,1,
119,2,564,388,60,14,1,5,1,
119,5,544,148,48,12,1,5,1,
119,6,868,249,24,12,1,5,1,
119,7,941,294,17,11,1,5,1,
119,8,867,291,33,12,1,5,1,
119,9,819,332,14,8,1,5,1,
119,13,945,283,15,13,1,5,1,
119,14,912,330,27,11,1,5,1,
119,16,661,457,38,10,1,5,1,
119,17,890,403,30,18,1,5,1,
119,22,933,266,26,14,1,5,1,
120,1,840,348,26,14,1,5,1,
120,2,568,389,61,13,1,5,1,
120,5,547,147,49,12,1,5,1,
120,6,866,249,24,12,1,5,1,
120,7,942,294,16,11,1,5,1,
120,8,865,291,33,11,1,5,1,
120,13,947,283,13,13,1,5,1,
120,14,910,330,27,10,1,5,1,
120,16,667,457,35,9,1,5,1,
120,17,888,402,30,18,1,5,1,
120,22,930,266,29,13,1,5,1,
121,1,839,347,26,14,1,5,1,
121,2,572,389,62,13,1,5,1,
121,5,550,147,50,12,1,5,1,
121,6,864,250,25,11,1,5,1,
121,7,942,294,17,11,1,5,1,
121,8,863,291,33,11,1,5,1,
121,13,948,283,12,13,1,5,1,
121,14,908,329,27,11,1,5,1,
121,16,672,456,33,9,1,5,1,
121,17,886,401,30,18,1,5,1,
121,22,927,266,32,13,1,5,1,
122,1,837,347,26,14,1,5,1,
122,2,576,389,62,13,1,5,1,
122,5,553,147,51,12,1,5,1,
122,6,863,250,25,11,1,5,1,
122,7,942,293,17,11,1,5,1,
122,8,861,291,33,11,1,5,1,
122,13,949,285,11,11,1,5,1,
122,14,906,329,27,10,1,5,1,
122,16,678,455,28,10,1,5,1,
122,17,884,400,31,17,1,5,1,
122,22,923,266,36,13,1,5,1,
123,1,836,346,26,14,1,5,1,
123,2,581,389,61,13,1,5,1,
123,5,557,146,51,12,1,5,1,
123,6,861,250,25,11,1,5,1,
123,7,943,293,16,11,1,5,1,
123,8,858,291,34,11,1,5,1,
123,13,950,285,10,11,1,5,1,
123,14,904,328,27,11,1,5,1,
123,16,683,454,25,10,1,5,1,
123,17,883,399,30,17,1,5,1,
123,22,920,266,39,13,1,5,1,
124,1,835,346,26,13,1,5,1,
124,2,586,389,61,13,1,5,1,
124,5,560,146,51,12,1,5,1,
124,6,859,250,26,11,1,5,1,
124,7,943,293,16,11,1,5,1,
124,8,856,291,34,10,1,5,1,
124,14,902,328,27,10,1,5,1,
124,16,687,453,23,10,1,5,1,
124,17,881,398,30,17,1,5,1,
124,22,917,266,42,13,1,5,1,
125,1,833,345,26,14,1,5,1,
125,2,590,389,61,13,1,5,1,
125,5,564,146,51,12,1,5,1,
125,6,857,250,26,11,1,5,1,
125,7,943,293,16,11,1,5,1,
125,8,853,291,35,10,1,5,1,
125,11,956,154,4,10,1,5,1,
125,14,900,327,27,11,1,5,1,
125,16,690,452,23,11,1,5,1,
125,17,879,397,30,17,1,5,1,
125,22,914,266,45,13,1,5,1,
126,1,832,345,26,13,1,5,1,
126,2,595,389,60,13,1,5,1,
126,5,567,146,52,12,1,5,1,
126,7,943,293,16,10,1,5,1,
126,8,851,290,35,11,1,5,1,
126,11,954,155,6,10,1,5,1,
126,14,898,327,27,10,1,5,1,
126,16,694,451,21,10,1,5,1,
126,17,877,396,30,17,1,5,1,
126,22,910,266,48,13,1,5,1,
127,1,830,344,26,13,1,5,1,
127,2,600,389,59,13,1,5,1,
127,5,571,146,52,12,1,5,1,
127,7,943,293,16,10,1,5,1,
127,8,848,290,36,11,1,5,1,
127,11,953,155,6,10,1,5,1,
127,13,949,283,10,10,1,5,1,
127,16,696,450,21,11,1,5,1,
127,17,875,395,31,17,1,5,1,
127,22,907,266,48,13,1,5,1,
128,1,828,343,27,14,1,5,1,
128,2,604,388,59,14,1,5,1,
128,5,575,145,52,12,1,5,1,
128,7,943,292,16,11,1,5,1,
128,8,845,290,37,10,1,5,1,
128,11,952,155,7,11,1,5,1,
128,13,947,283,12,10,1,5,1,
128,16,699,449,20,10,1,5,1,
128,17,873,394,31,17,1,5,1,
128,22,904,266,48,13,1,5,1,
129,1,827,343,26,13,1,5,1,
129,2,609,388,58,14,1,5,1,
129,5,579,145,52,12,1,5,1,
129,7,943,292,16,11,1,5,1,
129,11,951,156,8,11,1,5,1,
129,13,944,282,15,11,1,5,1,
129,16,702,448,19,10,1,5,1,
129,17,871,393,31,16,1,5,1,
129,22,900,266,49,13,1,5,1,
130,2,612,388,58,14,1,5,1,
130,5,582,145,53,12,1,5,1,
130,7,942,292,16,10,1,5,1,
130,11,949,157,11,11,1,5,1,
130,13,942,282,17,12,1,5,1,
130,16,704,447,19,11,1,5,1,
130,17,869,393,31,16,1,5,1,
130,22,897,266,49,13,1,5,1,
131,2,616,388,58,14,1,5,1,
131,5,585,145,53,12,1,5,1,
131,7,942,292,16,10,1,5,1,
131,11,948,158,11,11,1,5,1,
131,13,939,282,21,12,1,5,1,
131,16,706,446,19,11,1,5,1,
131,17,867,392,31,16,1,5,1,
131,22,894,266,49,13,1,5,1,
132,2,620,388,58,14,1,5,1,
132,5,588,145,54,12,1,5,1,
132,7,941,292,16,10,1,5,1,
132,11,947,157,12,12,1,5,1,
132,13,937,282,22,12,1,5,1,
132,16,708,445,20,11,1,5,1,
132,17,865,391,32,16,1,5,1,
132,22,891,266,49,13,1,5,1,
133,2,624,388,58,13,1,5,1,
133,5,592,145,54,12,1,5,1,
133,7,941,292,15,10,1,5,1,
133,11,945,158,14,12,1,5,1,
133,13,934,282,25,12,1,5,1,
133,16,710,444,21,11,1,5,1,
133,22,888,266,49,13,1,5,1,
134,2,627,388,58,13,1,5,1,
134,5,595,145,55,12,1,5,1,
134,7,940,291,15,10,1,5,1,
134,11,944,159,15,12,1,5,1,
134,13,932,282,27,11,1,5,1,
134,16,711,443,22,11,1,5,1,
134,22,885,266,49,13,1,5,1,
135,2,632,387,55,14,1,5,1,
135,5,599,145,54,12,1,5,1,
135,7,939,291,15,10,1,5,1,
135,11,942,160,16,12,1,5,1,
135,13,931,281,28,12,1,5,1,
135,16,714,442,20,11,1,5,1,
135,22,882,266,48,13,1,5,1,
136,2,637,387,51,13,1,5,1,
136,5,602,145,55,12,1,5,1,
136,7,938,291,15,10,1,5,1,
136,11,941,160,16,12,1,5,1,
136,13,931,281,25,12,1,5,1,
136,16,716,441,19,11,1,5,1,
136,22,879,266,48,13,1,5,1,
137,2,643,386,46,13,1,5,1,
137,5,606,145,54,12,1,5,1,
137,7,938,291,15,10,1,5,1,
137,11,940,161,15,12,1,5,1,
137,13,931,281,21,12,1,5,1,
137,16,719,440,17,11,1,5,1,
137,22,876,266,48,12,1,5,1,
138,2,648,386,43,13,1,5,1,
138,5,610,145,54,12,1,5,1,
138,7,937,291,15,10,1,5,1,
138,11,938,162,16,12,1,5,1,
138,13,933,281,17,12,1,5,1,
138,16,722,439,15,11,1,5,1,
138,22,873,267,47,11,1,5,1,
139,2,653,385,40,13,1,5,1,
139,5,614,145,53,12,1,5,1,
139,7,936,291,15,9,1,5,1,
139,11,937,163,15,12,1,5,1,
139,13,933,281,17,11,1,5,1,
139,16,724,438,14,11,1,5,1,
139,22,873,267,43,11,1,5,1,
140,2,657,385,38,13,1,5,1,
140,3,950,344,9,7,1,5,1,
140,5,618,146,53,11,1,5,1,
140,7,935,290,15,10,1,5,1,
140,11,935,164,16,11,1,5,1,
140,13,933,281,17,11,1,5,1,
140,16,726,437,13,11,1,5,1,
140,19,953,336,6,9,1,5,1,
140,22,874,267,38,11,1,5,1,
141,2,662,384,35,13,1,5,1,
141,3,946,344,13,8,1,5,1,
141,5,623,146,51,11,1,5,1,
141,7,935,290,14,10,1,5,1,
141,11,934,165,15,11,1,5,1,
141,13,933,281,17,11,1,5,1,
141,16,728,436,12,11,1,5,1,
141,19,951,334,8,10,1,5,1,
141,22,874,267,32,11,1,5,1,
142,2,666,384,33,12,1,5,1,
142,3,942,343,17,8,1,5,1,
142,5,627,146,50,11,1,5,1,
142,7,934,290,14,10,1,5,1,
142,11,932,166,16,11,1,5,1,
142,13,933,281,17,11,1,5,1,
142,16,730,435,11,11,1,5,1,
142,19,949,333,10,11,1,5,1,
142,22,873,267,27,11,1,5,1,
143,2,669,383,32,13,1,5,1,
143,3,939,342,20,9,1,5,1,
143,5,631,146,49,12,1,5,1,
143,7,933,290,14,9,1,5,1,
143,11,931,166,15,11,1,5,1,
143,13,934,281,16,11,1,5,1,
143,16,732,433,10,11,1,5,1,
143,19,946,333,14,11,1,5,1,
143,21,951,285,8,7,1,5,1,
143,22,873,267,22,11,1,5,1,
144,2,672,382,31,13,1,5,1,
144,3,935,342,24,9,1,5,1,
144,5,635,146,49,12,1,5,1,
144,7,932,290,14,9,1,5,1,
144,11,929,167,15,11,1,5,1,
144,13,934,281,16,11,1,5,1,
144,16,734,432,9,11,1,5,1,
144,19,944,332,15,12,1,5,1,
144,21,949,285,10,8,1,5,1,
144,22,872,267,19,11,1,5,1,
145,2,676,382,28,12,1,5,1,
145,3,931,341,29,9,1,5,1,
145,5,639,146,48,12,1,5,1,
145,7,932,290,14,9,1,5,1,
145,11,928,168,15,11,1,5,1,
145,13,934,281,16,11,1,5,1,
145,16,735,431,9,11,1,5,1,
145,19,942,332,17,13,1,5,1,
145,21,946,284,13,10,1,5,1,
145,22,872,267,16,11,1,5,1,
146,2,678,381,28,13,1,5,1,
146,3,928,341,31,8,1,5,1,
146,5,643,147,47,11,1,5,1,
146,7,931,290,14,9,1,5,1,
146,11,926,169,15,10,1,5,1,
146,13,934,281,16,10,1,5,1,
146,16,736,430,9,11,1,5,1,
146,19,940,331,19,13,1,5,1,
146,21,944,284,16,10,1,5,1,
146,22,871,267,16,11,1,5,1,
147,2,681,381,27,12,1,5,1,
147,3,924,340,35,9,1,5,1,
147,5,647,147,46,11,1,5,1,
147,7,930,289,14,9,1,5,1,
147,11,925,170,15,10,1,5,1,
147,13,934,281,16,10,1,5,1,
147,16,738,429,8,11,1,5,1,
147,19,938,330,21,13,1,5,1,
147,21,942,284,17,10,1,5,1,
147,22,871,267,16,11,1,5,1,
148,2,683,380,26,13,1,5,1,
148,3,920,340,36,8,1,5,1,
148,5,650,147,46,11,1,5,1,
148,7,929,289,14,9,1,5,1,
148,11,923,170,15,11,1,5,1,
148,13,934,281,15,10,1,5,1,
148,16,739,428,7,10,1,5,1,
148,19,935,330,24,13,1,5,1,
148,21,940,284,19,9,1,5,1,
148,22,870,267,16,11,1,5,1,
149,2,686,380,25,12,1,5,1,
149,3,917,339,35,8,1,5,1,
149,5,654,148,44,11,1,5,1,
149,7,928,289,14,9,1,5,1,
149,11,921,171,16,10,1,5,1,
149,13,934,281,15,10,1,5,1,
149,16,739,427,8,10,1,5,1,
149,19,933,329,26,13,1,5,1,
149,21,937,284,22,9,1,5,1,
150,2,688,379,25,12,1,5,1,
150,3,913,338,36,9,1,5,1,
150,5,657,148,44,11,1,5,1,
150,7,927,289,15,9,1,5,1,
150,11,920,172,15,10,1,5,1,
150,13,934,281,15,10,1,5,1,
150,16,740,426,7,10,1,5,1,
150,19,931,329,28,13,1,5,1,
150,21,935,284,24,9,1,5,1,
