1,1,78,304,59,10,1,5,1,
1,2,0,344,133,28,1,5,1,
1,3,49,474,102,46,1,5,1,
1,4,505,252,196,50,1,5,1,
1,5,4,64,98,24,1,5,1,
1,6,536,200,92,21,1,5,1,
1,7,487,180,22,23,1,5,1,
1,8,869,183,91,29,1,5,1,
1,9,648,388,47,18,1,5,1,
1,10,676,77,101,38,1,5,1,
1,11,197,55,113,33,1,5,1,
1,12,688,243,40,14,1,5,1,
1,13,647,0,65,69,1,5,1,
1,14,465,465,76,18,1,5,1,
1,15,326,300,31,27,1,5,1,
1,16,85,335,91,27,1,5,1,
1,17,870,489,53,43,1,5,1,
1,18,864,26,95,42,1,5,1,
1,19,512,244,195,41,1,5,1,
1,21,195,6,58,38,1,5,1,
1,22,44,336,32,24,1,5,1,
1,23,282,40,24,26,1,5,1,
1,24,291,302,50,10,1,5,1,
1,25,297,443,36,34,1,5,1,
1,26,462,510,80,25,1,5,1,
1,27,701,324,22,17,1,5,1,
1,28,754,7,37,27,1,5,1,
1,29,413,220,22,11,1,5,1,
1,30,864,189,88,15,1,5,1,
1,31,165,210,46,18,1,5,1,
1,32,768,465,28,29,1,5,1,
1,33,419,333,92,35,1,5,1,
1,34,528,334,73,46,1,5,1,
1,36,386,482,22,34,1,5,1,
1,37,494,204,70,16,1,5,1,
2,1,70,305,54,10,1,5,1,
2,2,1,343,142,28,1,5,1,
2,3,37,480,91,47,1,5,1,
2,4,525,251,196,49,1,5,1,
2,5,25,66,81,22,1,5,1,
2,6,526,199,78,21,1,5,1,
2,7,486,178,23,23,1,5,1,
2,8,898,184,62,22,1,5,1,
2,9,656,391,46,16,1,5,1,
2,10,691,85,103,31,1,5,1,
2,11,226,63,97,26,1,5,1,
2,12,687,243,29,14,1,5,1,
2,13,645,0,54,75,1,5,1,
2,14,476,465,72,19,1,5,1,
2,15,323,301,34,28,1,5,1,
2,16,79,336,79,28,1,5,1,
2,17,871,488,34,51,1,5,1,
2,18,855,31,104,41,1,5,1,
2,19,499,244,175,41,1,5,1,
2,21,194,0,46,40,1,5,1,
2,22,48,334,31,24,1,5,1,
2,23,279,39,32,24,1,5,1,
2,24,301,301,46,11,1,5,1,
2,25,296,447,25,34,1,5,1,
2,26,456,507,71,31,1,5,1,
2,27,701,325,28,18,1,5,1,
2,28,754,3,32,27,1,5,1,
2,29,413,219,14,11,1,5,1,
2,30,855,190,80,16,1,5,1,
2,31,168,211,49,18,1,5,1,
2,32,767,464,35,27,1,5,1,
2,33,414,333,77,39,1,5,1,
2,34,529,336,51,49,1,5,1,
2,36,386,487,25,33,1,5,1,
2,37,508,204,63,16,1,5,1,
3,1,63,305,53,10,1,5,1,
3,2,18,343,133,27,1,5,1,
3,3,25,483,87,51,1,5,1,
3,4,539,251,203,49,1,5,1,
3,5,37,66,72,21,1,5,1,
3,6,516,199,73,20,1,5,1,
3,7,487,176,24,24,1,5,1,
3,9,662,393,48,16,1,5,1,
3,10,703,86,109,30,1,5,1,
3,11,243,65,92,25,1,5,1,
3,12,688,243,21,14,1,5,1,
3,13,644,0,42,80,1,5,1,
3,14,483,466,72,18,1,5,1,
3,15,320,302,40,28,1,5,1,
3,16,74,337,72,29,1,5,1,
3,17,869,488,35,55,1,5,1,
3,18,848,30,111,45,1,5,1,
3,19,485,244,169,42,1,5,1,
3,21,195,-3,36,39,1,5,1,
3,22,49,332,36,24,1,5,1,
3,23,278,38,40,23,1,5,1,
3,24,308,301,44,11,1,5,1,
3,25,296,450,18,36,1,5,1,
3,26,451,506,67,37,1,5,1,
3,27,700,326,34,19,1,5,1,
3,28,756,0,23,28,1,5,1,
3,29,413,218,12,11,1,5,1,
3,30,846,192,77,15,1,5,1,
3,31,171,211,53,19,1,5,1,
3,32,769,463,40,27,1,5,1,
3,33,411,333,67,43,1,5,1,
3,34,532,337,41,53,1,5,1,
3,36,385,491,29,32,1,5,1,
3,37,517,203,60,16,1,5,1,
4,1,56,305,52,11,1,5,1,
4,2,35,343,124,27,1,5,1,
4,3,14,488,84,54,1,5,1,
4,4,552,250,212,50,1,5,1,
4,5,47,65,64,21,1,5,1,
4,6,507,198,69,21,1,5,1,
4,7,487,175,26,23,1,5,1,
4,9,668,395,50,15,1,5,1,
4,10,714,86,118,30,1,5,1,
4,11,259,65,88,25,1,5,1,
4,12,688,243,17,14,1,5,1,
4,13,644,0,35,84,1,5,1,
4,14,489,466,73,19,1,5,1,
4,15,319,302,47,29,1,5,1,
4,16,71,338,65,30,1,5,1,
4,17,868,490,37,54,1,5,1,
4,18,841,24,118,55,1,5,1,
4,19,473,245,163,42,1,5,1,
4,21,197,-8,27,40,1,5,1,
4,22,47,330,47,24,1,5,1,
4,23,278,37,46,22,1,5,1,
4,24,314,301,43,11,1,5,1,
4,25,295,453,18,37,1,5,1,
4,26,447,506,62,37,1,5,1,
4,27,701,327,40,21,1,5,1,
4,28,754,-4,25,31,1,5,1,
4,29,412,217,13,12,1,5,1,
4,30,837,193,73,15,1,5,1,
4,31,175,212,56,19,1,5,1,
4,32,771,463,45,25,1,5,1,
4,33,409,334,58,46,1,5,1,
4,34,530,338,43,57,1,5,1,
4,36,385,495,34,30,1,5,1,
4,37,525,203,57,16,1,5,1,
5,1,49,306,51,10,1,5,1,
5,2,51,342,115,28,1,5,1,
5,3,8,492,75,51,1,5,1,
5,4,566,250,220,51,1,5,1,
5,5,57,64,54,21,1,5,1,
5,6,499,197,65,21,1,5,1,
5,7,484,173,33,24,1,5,1,
5,9,675,397,51,14,1,5,1,
5,10,730,85,120,30,1,5,1,
5,11,274,65,84,24,1,5,1,
5,12,687,243,17,15,1,5,1,
5,13,646,8,34,81,1,5,1,
5,14,496,467,73,19,1,5,1,
5,15,320,303,51,29,1,5,1,
5,16,70,340,55,30,1,5,1,
5,17,870,493,37,51,1,5,1,
5,18,837,24,117,58,1,5,1,
5,19,461,245,157,43,1,5,1,
5,21,196,-12,25,39,1,5,1,
5,22,47,329,57,23,1,5,1,
5,23,279,36,52,20,1,5,1,
5,24,320,301,41,11,1,5,1,
5,25,294,457,18,36,1,5,1,
5,26,447,506,54,38,1,5,1,
5,27,703,329,45,21,1,5,1,
5,28,755,-11,22,36,1,5,1,
5,29,412,217,13,11,1,5,1,
5,30,828,193,69,16,1,5,1,
5,31,180,213,58,19,1,5,1,
5,32,774,464,49,23,1,5,1,
5,33,409,336,47,48,1,5,1,
5,34,529,340,45,61,1,5,1,
5,36,385,500,41,28,1,5,1,
5,37,532,202,54,16,1,5,1,
6,1,43,306,49,11,1,5,1,
6,2,67,342,104,29,1,5,1,
6,3,1,498,68,46,1,5,1,
6,4,581,249,228,52,1,5,1,
6,5,67,62,44,21,1,5,1,
6,6,493,195,59,22,1,5,1,
6,7,482,171,45,25,1,5,1,
6,9,682,399,52,13,1,5,1,
6,10,746,85,120,30,1,5,1,
6,11,288,64,80,24,1,5,1,
6,12,686,244,18,15,1,5,1,
6,13,649,17,33,76,1,5,1,
6,14,503,468,73,19,1,5,1,
6,15,322,303,53,30,1,5,1,
6,16,70,341,46,30,1,5,1,
6,17,869,497,28,47,1,5,1,
6,18,833,28,105,58,1,5,1,
6,19,450,246,151,43,1,5,1,
6,21,198,-16,23,39,1,5,1,
6,22,48,327,66,23,1,5,1,
6,23,281,36,57,19,1,5,1,
6,24,325,302,41,10,1,5,1,
6,25,295,461,18,36,1,5,1,
6,26,443,507,50,37,1,5,1,
6,27,705,331,52,22,1,5,1,
6,28,756,-18,21,40,1,5,1,
6,29,414,216,13,12,1,5,1,
6,30,819,194,72,16,1,5,1,
6,31,185,214,60,19,1,5,1,
6,32,778,463,52,22,1,5,1,
6,33,411,337,36,52,1,5,1,
6,34,531,342,46,66,1,5,1,
6,36,387,504,45,26,1,5,1,
6,37,536,201,59,17,1,5,1,
7,1,38,306,46,11,1,5,1,
7,2,81,343,94,28,1,5,1,
7,3,-5,504,60,40,1,5,1,
7,4,597,249,236,54,1,5,1,
7,5,75,60,36,22,1,5,1,
7,6,488,193,53,23,1,5,1,
7,7,481,169,56,25,1,5,1,
7,9,690,402,52,12,1,5,1,
7,10,763,84,119,30,1,5,1,
7,11,302,62,75,24,1,5,1,
7,12,687,244,17,16,1,5,1,
7,13,650,25,35,70,1,5,1,
7,14,510,468,72,20,1,5,1,
7,15,323,304,59,30,1,5,1,
7,16,71,343,36,29,1,5,1,
7,17,865,502,43,42,1,5,1,
7,18,832,32,92,56,1,5,1,
7,19,440,246,144,45,1,5,1,
7,21,202,-20,20,38,1,5,1,
7,22,51,325,73,23,1,5,1,
7,23,285,37,59,18,1,5,1,
7,24,330,302,42,10,1,5,1,
7,25,295,465,20,35,1,5,1,
7,26,440,509,44,35,1,5,1,
7,27,708,334,58,21,1,5,1,
7,28,756,-25,20,43,1,5,1,
7,29,413,215,16,12,1,5,1,
7,30,811,196,73,15,1,5,1,
7,31,191,215,61,19,1,5,1,
7,32,783,462,54,22,1,5,1,
7,33,412,340,34,53,1,5,1,
7,34,530,344,52,71,1,5,1,
7,35,935,0,25,12,1,5,1,
7,36,389,508,51,23,1,5,1,
7,37,541,200,61,17,1,5,1,
8,1,33,307,43,11,1,5,1,
8,2,95,343,82,29,1,5,1,
8,3,-11,512,52,32,1,5,1,
8,4,612,249,242,55,1,5,1,
8,5,77,58,37,23,1,5,1,
8,6,484,190,47,25,1,5,1,
8,7,482,168,67,25,1,5,1,
8,9,698,403,51,11,1,5,1,
8,10,779,83,118,31,1,5,1,
8,11,315,58,70,24,1,5,1,
8,12,685,244,21,18,1,5,1,
8,13,646,33,47,65,1,5,1,
8,14,517,468,71,22,1,5,1,
8,15,324,304,65,31,1,5,1,
8,16,73,344,32,30,1,5,1,
8,17,863,508,58,36,1,5,1,
8,18,831,37,79,54,1,5,1,
8,19,431,247,136,48,1,5,1,
8,21,200,-23,19,35,1,5,1,
8,22,56,323,79,23,1,5,1,
8,23,289,38,61,18,1,5,1,
8,24,335,302,43,10,1,5,1,
8,25,293,469,24,34,1,5,1,
8,26,438,511,38,33,1,5,1,
8,27,713,336,63,22,1,5,1,
8,28,754,-33,31,47,1,5,1,
8,29,412,214,22,12,1,5,1,
8,30,803,196,74,15,1,5,1,
8,31,198,217,61,18,1,5,1,
8,32,789,462,54,23,1,5,1,
8,33,411,342,36,54,1,5,1,
8,34,525,347,72,75,1,5,1,
8,35,939,0,21,14,1,5,1,
8,36,394,510,49,24,1,5,1,
8,37,546,200,64,17,1,5,1,
9,1,30,307,38,11,1,5,1,
9,2,107,344,70,29,1,5,1,
9,3,-14,519,42,25,1,5,1,
9,4,629,249,245,55,1,5,1,
9,5,79,57,39,22,1,5,1,
9,6,481,187,40,26,1,5,1,
9,7,485,166,76,26,1,5,1,
9,9,706,404,51,12,1,5,1,
9,10,797,83,114,31,1,5,1,
9,11,326,54,69,25,1,5,1,
9,12,682,245,26,18,1,5,1,
9,13,644,41,59,58,1,5,1,
9,14,524,468,69,25,1,5,1,
9,15,326,305,70,31,1,5,1,
9,16,70,345,32,31,1,5,1,
9,18,832,41,65,52,1,5,1,
9,19,423,248,127,50,1,5,1,
9,22,61,322,84,22,1,5,1,
9,23,292,38,65,19,1,5,1,
9,24,340,302,44,11,1,5,1,
9,25,291,473,33,32,1,5,1,
9,26,437,514,32,30,1,5,1,
9,27,719,339,68,20,1,5,1,
9,29,413,213,27,13,1,5,1,
9,30,795,197,74,15,1,5,1,
9,31,204,218,61,17,1,5,1,
9,32,800,461,44,23,1,5,1,
9,33,412,345,37,55,1,5,1,
9,34,520,351,97,77,1,5,1,
9,35,945,0,15,15,1,5,1,
9,36,399,512,49,25,1,5,1,
9,37,552,199,67,17,1,5,1,
10,1,27,307,34,12,1,5,1,
10,2,116,345,60,30,1,5,1,
10,4,647,248,243,55,1,5,1,
10,5,82,55,40,22,1,5,1,
10,6,481,184,32,27,1,5,1,
10,7,489,165,85,25,1,5,1,
10,9,714,404,51,13,1,5,1,
10,10,813,83,113,31,1,5,1,
10,11,334,51,72,26,1,5,1,
10,12,681,245,34,20,1,5,1,
10,13,644,48,69,51,1,5,1,
10,14,531,468,66,30,1,5,1,
10,15,328,305,75,32,1,5,1,
10,16,70,346,32,32,1,5,1,
10,18,833,45,52,50,1,5,1,
10,19,417,250,117,53,1,5,1,
10,22,68,320,88,22,1,5,1,
10,23,295,38,68,19,1,5,1,
10,24,345,302,45,11,1,5,1,
10,25,292,477,39,31,1,5,1,
10,26,437,518,25,26,1,5,1,
10,27,725,341,74,19,1,5,1,
10,29,415,213,30,12,1,5,1,
10,30,788,197,72,15,1,5,1,
10,31,211,220,60,16,1,5,1,
10,32,809,459,36,25,1,5,1,
10,33,413,348,39,55,1,5,1,
10,34,518,355,123,79,1,5,1,
10,35,951,0,9,17,1,5,1,
10,36,403,514,51,25,1,5,1,
10,37,558,198,69,17,1,5,1,
11,1,25,308,28,12,1,5,1,
11,2,125,346,49,32,1,5,1,
11,4,667,247,235,55,1,5,1,
11,5,80,54,51,22,1,5,1,
11,6,481,180,27,28,1,5,1,
11,7,494,163,93,26,1,5,1,
11,9,722,405,51,13,1,5,1,
11,10,829,83,111,31,1,5,1,
11,11,342,48,76,26,1,5,1,
11,12,680,246,42,20,1,5,1,
11,13,646,55,78,44,1,5,1,
11,14,536,470,68,31,1,5,1,
11,15,330,306,81,32,1,5,1,
11,16,67,347,33,33,1,5,1,
11,18,832,49,42,49,1,5,1,
11,19,413,250,104,57,1,5,1,
11,22,75,319,91,21,1,5,1,
11,23,298,38,71,19,1,5,1,
11,24,351,302,45,11,1,5,1,
11,25,296,480,39,31,1,5,1,
11,26,438,523,17,21,1,5,1,
11,27,733,344,77,18,1,5,1,
11,29,418,212,32,13,1,5,1,
11,30,782,197,69,16,1,5,1,
11,31,217,221,60,15,1,5,1,
11,32,815,458,31,25,1,5,1,
11,33,409,351,49,55,1,5,1,
11,34,518,360,149,79,1,5,1,
11,35,955,0,5,15,1,5,1,
11,36,408,516,51,26,1,5,1,
11,37,564,197,72,18,1,5,1,
12,1,24,308,23,12,1,5,1,
12,2,129,347,47,33,1,5,1,
12,4,688,247,226,55,1,5,1,
12,5,82,54,58,22,1,5,1,
12,6,480,177,28,29,1,5,1,
12,7,501,162,99,26,1,5,1,
12,9,732,405,48,13,1,5,1,
12,10,845,83,109,32,1,5,1,
12,11,350,44,82,27,1,5,1,
12,12,680,248,50,20,1,5,1,
12,13,648,60,87,41,1,5,1,
12,14,542,472,70,31,1,5,1,
12,15,333,306,87,33,1,5,1,
12,16,64,348,34,34,1,5,1,
12,18,831,53,32,47,1,5,1,
12,19,411,251,90,61,1,5,1,
12,22,84,318,92,20,1,5,1,
12,23,302,38,72,19,1,5,1,
12,24,357,302,44,10,1,5,1,
12,25,299,482,41,32,1,5,1,
12,27,742,346,79,17,1,5,1,
12,29,422,211,33,13,1,5,1,
12,30,776,198,66,16,1,5,1,
12,31,224,222,58,14,1,5,1,
12,32,821,456,27,26,1,5,1,
12,33,405,354,67,54,1,5,1,
12,34,521,365,175,79,1,5,1,
12,36,413,518,51,25,1,5,1,
12,37,571,197,74,17,1,5,1,
13,1,24,309,17,12,1,5,1,
13,2,130,348,50,33,1,5,1,
13,4,706,247,225,55,1,5,1,
13,5,85,55,63,22,1,5,1,
13,6,480,173,30,30,1,5,1,
13,7,509,162,104,25,1,5,1,
13,9,741,405,44,13,1,5,1,
13,10,859,84,100,31,1,5,1,
13,11,357,41,89,27,1,5,1,
13,12,682,249,57,20,1,5,1,
13,13,652,66,95,36,1,5,1,
13,14,547,475,73,30,1,5,1,
13,15,338,307,89,33,1,5,1,
13,16,62,350,35,33,1,5,1,
13,18,831,56,29,46,1,5,1,
13,19,412,253,75,64,1,5,1,
13,22,93,317,93,20,1,5,1,
13,23,306,39,74,19,1,5,1,
13,24,363,302,44,10,1,5,1,
13,25,303,485,43,32,1,5,1,
13,27,752,347,80,17,1,5,1,
13,29,425,211,36,12,1,5,1,
13,30,772,198,61,17,1,5,1,
13,31,230,223,57,14,1,5,1,
13,32,825,454,24,26,1,5,1,
13,33,402,357,85,54,1,5,1,
13,34,526,370,200,78,1,5,1,
13,36,417,520,52,23,1,5,1,
13,37,578,196,76,18,1,5,1,
14,1,23,309,18,13,1,5,1,
14,2,131,349,54,34,1,5,1,
14,4,725,247,221,55,1,5,1,
14,5,90,55,67,22,1,5,1,
14,6,483,169,31,31,1,5,1,
14,7,519,161,106,26,1,5,1,
14,9,749,404,42,13,1,5,1,
14,10,875,84,85,31,1,5,1,
14,11,367,39,94,27,1,5,1,
14,12,684,250,64,20,1,5,1,
14,13,657,71,101,32,1,5,1,
14,14,552,478,77,29,1,5,1,
14,15,343,307,92,34,1,5,1,
14,16,59,351,37,34,1,5,1,
14,18,831,60,30,44,1,5,1,
14,19,416,255,62,67,1,5,1,
14,22,103,316,92,19,1,5,1,
14,23,311,39,74,20,1,5,1,
14,24,368,302,44,10,1,5,1,
14,25,306,488,46,32,1,5,1,
14,27,763,349,80,16,1,5,1,
14,29,430,210,37,13,1,5,1,
14,30,769,199,55,17,1,5,1,
14,31,237,223,55,14,1,5,1,
14,32,827,453,24,25,1,5,1,
14,33,401,360,103,53,1,5,1,
14,34,534,376,222,74,1,5,1,
14,36,422,522,50,22,1,5,1,
14,37,585,196,78,18,1,5,1,
15,1,23,310,18,12,1,5,1,
15,2,135,350,54,35,1,5,1,
15,4,743,247,216,54,1,5,1,
15,5,96,55,67,21,1,5,1,
15,6,484,165,35,32,1,5,1,
15,7,529,160,108,26,1,5,1,
15,9,757,404,39,13,1,5,1,
15,10,891,84,69,32,1,5,1,
15,11,377,38,99,27,1,5,1,
15,12,688,252,70,19,1,5,1,
15,13,663,72,109,30,1,5,1,
15,14,559,480,79,29,1,5,1,
15,15,349,307,93,34,1,5,1,
15,16,58,352,37,35,1,5,1,
15,18,833,65,29,40,1,5,1,
15,19,420,257,58,70,1,5,1,
15,22,113,316,91,18,1,5,1,
15,23,316,39,75,20,1,5,1,
15,24,374,302,44,10,1,5,1,
15,25,311,491,48,32,1,5,1,
15,27,774,349,78,16,1,5,1,
15,29,434,209,39,13,1,5,1,
15,30,766,201,50,15,1,5,1,
15,31,244,223,53,13,1,5,1,
15,32,829,451,22,26,1,5,1,
15,33,402,363,120,51,1,5,1,
15,34,546,381,239,71,1,5,1,
15,36,427,524,49,20,1,5,1,
15,37,593,195,79,18,1,5,1,
16,1,24,310,18,13,1,5,1,
16,2,137,351,59,35,1,5,1,
16,4,760,247,200,55,1,5,1,
16,5,102,54,67,21,1,5,1,
16,6,483,161,47,32,1,5,1,
16,7,539,159,111,26,1,5,1,
16,9,766,403,33,12,1,5,1,
16,10,906,85,54,31,1,5,1,
16,11,390,37,102,27,1,5,1,
16,12,692,253,75,18,1,5,1,
16,13,671,72,114,29,1,5,1,
16,14,565,483,82,28,1,5,1,
16,15,354,308,97,34,1,5,1,
16,16,57,354,38,35,1,5,1,
16,18,835,69,28,37,1,5,1,
16,19,418,259,62,72,1,5,1,
16,22,123,315,90,18,1,5,1,
16,23,322,39,75,20,1,5,1,
16,24,380,301,43,11,1,5,1,
16,25,315,494,51,32,1,5,1,
16,27,786,349,75,16,1,5,1,
16,29,439,209,40,13,1,5,1,
16,30,765,201,43,16,1,5,1,
16,31,251,222,49,14,1,5,1,
16,32,830,449,22,26,1,5,1,
16,33,404,366,135,49,1,5,1,
16,34,563,384,253,72,1,5,1,
16,36,432,527,50,17,1,5,1,
16,37,601,195,80,18,1,5,1,
17,1,25,311,18,12,1,5,1,
17,2,139,353,63,35,1,5,1,
17,4,779,247,181,55,1,5,1,
17,5,108,52,67,22,1,5,1,
17,6,483,157,63,33,1,5,1,
17,7,550,158,113,27,1,5,1,
17,9,773,402,28,12,1,5,1,
17,10,922,86,38,20,1,5,1,
17,11,404,36,102,27,1,5,1,
17,12,697,254,80,18,1,5,1,
17,13,680,72,114,29,1,5,1,
17,14,572,486,84,26,1,5,1,
17,15,359,308,102,35,1,5,1,
17,16,58,356,39,34,1,5,1,
17,18,831,73,39,34,1,5,1,
17,19,420,261,66,71,1,5,1,
17,22,134,315,87,17,1,5,1,
17,23,328,39,74,21,1,5,1,
17,24,385,301,44,11,1,5,1,
17,25,320,497,53,32,1,5,1,
17,27,798,349,70,16,1,5,1,
17,29,443,208,43,13,1,5,1,
17,30,764,202,37,16,1,5,1,
17,31,258,222,45,14,1,5,1,
17,32,830,447,22,26,1,5,1,
17,33,408,370,149,46,1,5,1,
17,34,582,387,266,73,1,5,1,
17,36,437,529,52,15,1,5,1,
17,37,609,194,81,19,1,5,1,
18,1,25,311,18,13,1,5,1,
18,2,142,354,68,36,1,5,1,
18,4,797,247,163,54,1,5,1,
18,5,114,51,66,22,1,5,1,
18,6,486,153,79,33,1,5,1,
18,7,561,157,114,27,1,5,1,
18,9,776,402,32,11,1,5,1,
18,11,418,35,104,28,1,5,1,
18,12,703,254,83,18,1,5,1,
18,13,690,70,117,29,1,5,1,
18,14,579,488,86,26,1,5,1,
18,15,363,309,108,35,1,5,1,
18,16,59,358,40,33,1,5,1,
18,18,829,78,48,31,1,5,1,
18,19,424,261,69,72,1,5,1,
18,22,144,314,84,18,1,5,1,
18,23,334,40,74,20,1,5,1,
18,24,391,301,43,11,1,5,1,
18,25,325,500,56,32,1,5,1,
18,27,809,348,65,16,1,5,1,
18,29,448,207,46,14,1,5,1,
18,30,764,203,30,16,1,5,1,
18,31,265,222,41,13,1,5,1,
18,32,831,446,22,24,1,5,1,
18,33,415,373,160,44,1,5,1,
18,34,600,392,279,72,1,5,1,
18,36,443,532,53,12,1,5,1,
18,37,618,193,81,19,1,5,1,
19,1,25,312,19,12,1,5,1,
19,2,145,355,72,37,1,5,1,
19,4,816,247,144,52,1,5,1,
19,5,120,49,65,23,1,5,1,
19,6,490,150,96,34,1,5,1,
19,7,572,156,116,28,1,5,1,
19,9,781,401,31,12,1,5,1,
19,11,432,34,105,28,1,5,1,
19,12,710,254,85,18,1,5,1,
19,13,700,69,116,30,1,5,1,
19,14,587,490,87,26,1,5,1,
19,15,369,309,112,36,1,5,1,
19,16,54,360,49,32,1,5,1,
19,18,830,81,52,29,1,5,1,
19,19,416,262,95,73,1,5,1,
19,22,154,314,81,18,1,5,1,
19,23,339,40,74,20,1,5,1,
19,24,396,301,44,11,1,5,1,
19,25,331,503,57,32,1,5,1,
19,27,821,347,58,17,1,5,1,
19,29,453,207,49,13,1,5,1,
19,30,764,204,24,15,1,5,1,
19,31,271,221,36,14,1,5,1,
19,32,831,444,22,24,1,5,1,
19,33,424,374,167,45,1,5,1,
19,34,622,398,285,70,1,5,1,
19,36,448,534,55,10,1,5,1,
19,37,626,193,82,18,1,5,1,
20,1,25,312,19,13,1,5,1,
20,2,148,357,77,36,1,5,1,
20,4,835,247,125,52,1,5,1,
20,5,126,48,65,23,1,5,1,
20,6,496,147,113,34,1,5,1,
20,7,584,155,117,28,1,5,1,
20,9,787,400,29,12,1,5,1,
20,11,447,33,105,28,1,5,1,
20,12,718,253,85,19,1,5,1,
20,13,711,69,114,30,1,5,1,
20,14,595,493,89,25,1,5,1,
20,15,374,310,118,36,1,5,1,
20,16,49,363,65,30,1,5,1,
20,18,835,82,49,29,1,5,1,
20,19,410,261,130,74,1,5,1,
20,22,165,314,75,18,1,5,1,
20,23,346,40,73,20,1,5,1,
20,24,402,301,43,11,1,5,1,
20,25,336,506,60,32,1,5,1,
20,27,832,346,50,17,1,5,1,
20,29,458,206,53,14,1,5,1,
20,30,764,205,18,15,1,5,1,
20,31,275,221,36,14,1,5,1,
20,32,831,442,22,24,1,5,1,
20,33,437,375,169,45,1,5,1,
20,34,650,403,281,67,1,5,1,
20,37,635,193,82,18,1,5,1,
21,1,25,313,19,12,1,5,1,
21,2,152,358,81,37,1,5,1,
21,4,852,250,108,49,1,5,1,
21,5,131,47,65,23,1,5,1,
21,6,505,143,127,36,1,5,1,
21,7,595,155,119,28,1,5,1,
21,9,792,399,28,12,1,5,1,
21,11,461,34,106,28,1,5,1,
21,12,726,253,85,19,1,5,1,
21,13,720,68,113,31,1,5,1,
21,14,603,495,90,24,1,5,1,
21,15,378,311,128,36,1,5,1,
21,16,47,365,78,30,1,5,1,
21,18,842,82,42,29,1,5,1,
21,19,406,261,166,75,1,5,1,
21,22,174,314,71,18,1,5,1,
21,23,351,41,74,20,1,5,1,
21,24,407,301,44,11,1,5,1,
21,25,342,509,63,32,1,5,1,
21,27,840,346,46,16,1,5,1,
21,29,464,206,56,14,1,5,1,
21,30,763,205,16,15,1,5,1,
21,31,278,221,36,13,1,5,1,
21,32,832,441,21,23,1,5,1,
21,33,448,376,175,46,1,5,1,
21,34,678,405,272,66,1,5,1,
21,37,644,193,82,18,1,5,1,
22,1,25,313,20,13,1,5,1,
22,2,156,359,86,38,1,5,1,
22,4,870,251,90,48,1,5,1,
22,5,137,45,65,23,1,5,1,
22,6,515,140,141,36,1,5,1,
22,7,608,154,119,28,1,5,1,
22,9,797,399,27,11,1,5,1,
22,11,476,34,107,28,1,5,1,
22,12,736,253,83,19,1,5,1,
22,13,731,68,111,31,1,5,1,
22,14,611,497,91,23,1,5,1,
22,15,382,311,137,37,1,5,1,
22,16,50,366,83,30,1,5,1,
22,18,847,83,39,30,1,5,1,
22,19,403,260,203,76,1,5,1,
22,22,183,314,66,18,1,5,1,
22,23,357,41,73,20,1,5,1,
22,24,413,301,43,11,1,5,1,
22,25,349,512,64,31,1,5,1,
22,27,847,346,44,16,1,5,1,
22,29,471,206,57,14,1,5,1,
22,30,762,206,15,15,1,5,1,
22,31,281,220,37,14,1,5,1,
22,32,832,439,21,23,1,5,1,
22,33,461,380,178,45,1,5,1,
22,34,708,405,251,66,1,5,1,
22,37,653,192,82,19,1,5,1,
23,1,26,313,19,14,1,5,1,
23,2,161,361,90,38,1,5,1,
23,4,888,256,72,38,1,5,1,
23,5,143,44,65,23,1,5,1,
23,6,530,136,151,37,1,5,1,
23,7,620,154,119,28,1,5,1,
23,9,802,398,25,11,1,5,1,
23,11,491,33,107,29,1,5,1,
23,12,745,253,80,18,1,5,1,
23,13,741,68,109,31,1,5,1,
23,14,620,498,92,24,1,5,1,
23,15,388,312,144,37,1,5,1,
23,16,56,367,85,30,1,5,1,
23,18,851,84,37,30,1,5,1,
23,19,402,259,240,78,1,5,1,
23,22,192,314,61,19,1,5,1,
23,23,362,41,73,21,1,5,1,
23,24,419,301,42,10,1,5,1,
23,25,355,515,67,28,1,5,1,
23,27,854,345,42,16,1,5,1,
23,29,479,206,57,14,1,5,1,
23,30,762,207,15,14,1,5,1,
23,31,284,220,37,14,1,5,1,
23,32,832,437,22,23,1,5,1,
23,33,474,381,181,45,1,5,1,
23,34,737,405,223,67,1,5,1,
23,37,662,192,81,19,1,5,1,
24,1,26,314,19,13,1,5,1,
24,2,172,361,82,39,1,5,1,
24,5,148,42,65,24,1,5,1,
24,6,546,132,160,38,1,5,1,
24,7,633,153,119,29,1,5,1,
24,9,806,397,25,11,1,5,1,
24,11,506,33,108,28,1,5,1,
24,12,755,253,75,18,1,5,1,
24,13,751,69,107,30,1,5,1,
24,14,629,500,92,23,1,5,1,
24,15,397,312,146,37,1,5,1,
24,16,63,368,85,30,1,5,1,
24,18,855,85,35,30,1,5,1,
24,19,403,259,275,79,1,5,1,
24,22,198,315,60,18,1,5,1,
24,23,368,41,73,21,1,5,1,
24,24,424,301,43,10,1,5,1,
24,25,362,518,66,25,1,5,1,
24,27,861,345,40,15,1,5,1,
24,29,487,206,57,14,1,5,1,
24,30,762,208,16,13,1,5,1,
24,31,288,219,37,15,1,5,1,
24,32,832,436,22,23,1,5,1,
24,33,489,382,180,44,1,5,1,
24,34,764,405,196,67,1,5,1,
24,37,671,192,81,19,1,5,1,
25,1,26,314,20,14,1,5,1,
25,2,179,361,83,42,1,5,1,
25,5,153,41,66,24,1,5,1,
25,6,564,129,167,39,1,5,1,
25,7,645,153,119,29,1,5,1,
25,9,810,396,24,11,1,5,1,
25,11,521,32,108,29,1,5,1,
25,12,765,253,68,18,1,5,1,
25,13,760,69,106,31,1,5,1,
25,14,638,501,92,23,1,5,1,
25,15,407,312,148,38,1,5,1,
25,16,69,368,87,31,1,5,1,
25,18,858,87,34,29,1,5,1,
25,19,407,258,305,81,1,5,1,
25,22,204,315,60,19,1,5,1,
25,23,373,42,73,21,1,5,1,
25,24,430,301,42,10,1,5,1,
25,25,369,521,66,23,1,5,1,
25,27,867,344,38,16,1,5,1,
25,29,495,206,57,14,1,5,1,
25,30,763,209,15,13,1,5,1,
25,31,290,219,39,14,1,5,1,
25,32,832,434,21,23,1,5,1,
25,33,505,382,178,44,1,5,1,
25,34,790,405,170,57,1,5,1,
25,37,680,192,80,19,1,5,1,
26,1,26,315,20,14,1,5,1,
26,2,184,363,88,42,1,5,1,
26,5,158,40,68,23,1,5,1,
26,6,584,127,173,39,1,5,1,
26,7,658,153,118,29,1,5,1,
26,9,815,395,22,11,1,5,1,
26,11,536,31,109,29,1,5,1,
26,12,775,253,61,18,1,5,1,
26,13,770,69,103,31,1,5,1,
26,14,647,502,92,22,1,5,1,
26,15,417,313,150,37,1,5,1,
26,16,76,369,88,31,1,5,1,
26,18,861,88,33,30,1,5,1,
26,19,414,257,330,83,1,5,1,
26,22,209,315,61,19,1,5,1,
26,23,379,42,72,21,1,5,1,
26,24,435,301,42,10,1,5,1,
26,25,376,524,70,20,1,5,1,
26,27,871,343,41,16,1,5,1,
26,29,503,206,57,14,1,5,1,
26,30,764,210,15,12,1,5,1,
26,31,294,219,40,14,1,5,1,
26,32,832,432,21,23,1,5,1,
26,33,519,382,183,45,1,5,1,
26,34,816,408,144,52,1,5,1,
26,37,689,192,80,19,1,5,1,
27,1,26,315,21,14,1,5,1,
27,2,189,364,92,43,1,5,1,
27,5,164,38,68,24,1,5,1,
27,6,607,125,176,39,1,5,1,
27,7,670,153,119,28,1,5,1,
27,9,819,395,21,10,1,5,1,
27,11,551,31,109,29,1,5,1,
27,12,784,253,55,17,1,5,1,
27,13,780,70,101,31,1,5,1,
27,14,656,502,92,23,1,5,1,
27,15,428,313,151,37,1,5,1,
27,16,82,370,91,31,1,5,1,
27,18,865,89,30,30,1,5,1,
27,19,426,257,348,83,1,5,1,
27,22,214,316,63,18,1,5,1,
27,23,385,43,72,21,1,5,1,
27,24,441,301,41,10,1,5,1,
27,25,384,527,73,17,1,5,1,
27,27,876,343,40,16,1,5,1,
27,29,511,206,58,14,1,5,1,
27,30,765,210,15,13,1,5,1,
27,31,297,218,41,15,1,5,1,
27,32,831,431,22,22,1,5,1,
27,33,534,382,185,46,1,5,1,
27,34,843,414,117,46,1,5,1,
27,37,698,192,79,19,1,5,1,
28,1,27,316,20,14,1,5,1,
28,2,194,366,97,43,1,5,1,
28,5,169,37,70,24,1,5,1,
28,6,630,123,180,40,1,5,1,
28,7,683,152,118,29,1,5,1,
28,9,822,394,21,10,1,5,1,
28,11,566,31,109,29,1,5,1,
28,12,790,253,54,17,1,5,1,
28,13,788,71,100,31,1,5,1,
28,14,665,503,92,23,1,5,1,
28,15,438,313,153,38,1,5,1,
28,16,89,371,93,31,1,5,1,
28,18,867,91,30,29,1,5,1,
28,19,442,256,357,83,1,5,1,
28,22,219,316,65,19,1,5,1,
28,23,390,43,72,21,1,5,1,
28,24,446,301,41,10,1,5,1,
28,25,393,529,75,15,1,5,1,
28,27,882,343,39,15,1,5,1,
28,29,519,206,58,14,1,5,1,
28,30,767,211,14,12,1,5,1,
28,31,300,218,42,14,1,5,1,
28,32,831,429,22,22,1,5,1,
28,33,550,383,185,45,1,5,1,
28,34,869,420,91,38,1,5,1,
28,37,707,192,79,19,1,5,1,
29,1,27,317,21,14,1,5,1,
29,2,200,367,101,44,1,5,1,
29,5,174,36,72,24,1,5,1,
29,6,655,121,182,41,1,5,1,
29,7,696,152,117,29,1,5,1,
29,9,826,393,20,10,1,5,1,
29,11,582,30,109,30,1,5,1,
29,12,796,253,52,17,1,5,1,
29,13,796,73,100,30,1,5,1,
29,14,674,503,93,23,1,5,1,
29,15,449,313,153,38,1,5,1,
29,16,96,371,95,32,1,5,1,
29,18,870,92,29,29,1,5,1,
29,19,462,256,357,82,1,5,1,
29,22,225,316,66,19,1,5,1,
29,23,396,43,71,22,1,5,1,
29,24,451,301,41,10,1,5,1,
29,25,402,531,77,13,1,5,1,
29,27,887,342,39,15,1,5,1,
29,29,528,206,57,14,1,5,1,
29,30,768,211,14,13,1,5,1,
29,31,304,218,43,14,1,5,1,
29,32,831,428,22,21,1,5,1,
29,33,565,383,186,45,1,5,1,
29,37,716,192,78,19,1,5,1,
30,1,28,317,21,14,1,5,1,
30,2,206,369,106,44,1,5,1,
30,5,180,34,72,25,1,5,1,
30,6,679,120,186,41,1,5,1,
30,7,708,152,118,29,1,5,1,
30,9,829,392,19,10,1,5,1,
30,11,597,30,109,30,1,5,1,
30,12,801,253,52,17,1,5,1,
30,13,804,73,100,30,1,5,1,
30,14,683,504,93,23,1,5,1,
30,15,460,313,154,38,1,5,1,
30,16,103,372,97,32,1,5,1,
30,18,872,94,29,28,1,5,1,
30,19,486,256,347,82,1,5,1,
30,22,231,316,67,19,1,5,1,
30,23,401,44,71,21,1,5,1,
30,24,457,300,40,10,1,5,1,
30,25,412,533,78,11,1,5,1,
30,27,892,342,39,15,1,5,1,
30,29,536,206,55,14,1,5,1,
30,30,769,212,14,12,1,5,1,
30,31,307,217,44,15,1,5,1,
30,32,831,426,21,21,1,5,1,
30,33,581,383,185,45,1,5,1,
30,37,723,192,81,20,1,5,1,
31,1,29,318,21,14,1,5,1,
31,2,213,370,110,45,1,5,1,
31,5,186,33,73,24,1,5,1,
31,6,704,118,189,42,1,5,1,
31,7,721,152,117,29,1,5,1,
31,9,833,391,18,10,1,5,1,
31,11,612,30,109,30,1,5,1,
31,12,807,253,50,17,1,5,1,
31,13,812,74,99,30,1,5,1,
31,14,692,505,93,23,1,5,1,
31,15,471,313,155,38,1,5,1,
31,16,111,373,99,32,1,5,1,
31,18,875,95,28,28,1,5,1,
31,19,514,257,330,80,1,5,1,
31,22,237,317,68,19,1,5,1,
31,23,407,44,70,22,1,5,1,
31,24,462,300,40,10,1,5,1,
31,27,897,341,39,15,1,5,1,
31,29,545,206,52,15,1,5,1,
31,30,770,212,14,13,1,5,1,
31,31,311,217,45,15,1,5,1,
31,32,830,425,22,21,1,5,1,
31,33,597,383,185,45,1,5,1,
31,37,731,193,81,19,1,5,1,
32,1,30,318,21,15,1,5,1,
32,2,220,372,115,45,1,5,1,
32,5,191,32,75,24,1,5,1,
32,6,729,117,193,41,1,5,1,
32,7,733,152,117,29,1,5,1,
32,9,836,390,18,10,1,5,1,
32,11,627,30,109,30,1,5,1,
32,12,812,253,49,17,1,5,1,
32,13,821,74,97,30,1,5,1,
32,14,701,505,93,23,1,5,1,
32,15,482,313,156,38,1,5,1,
32,16,118,374,101,32,1,5,1,
32,18,877,96,27,29,1,5,1,
32,19,541,258,319,79,1,5,1,
32,22,243,317,69,19,1,5,1,
32,23,412,45,70,22,1,5,1,
32,24,467,300,40,10,1,5,1,
32,27,903,341,38,15,1,5,1,
32,29,553,207,50,14,1,5,1,
32,30,770,213,15,12,1,5,1,
32,31,315,217,46,15,1,5,1,
32,32,829,423,25,21,1,5,1,
32,33,613,383,184,45,1,5,1,
32,37,740,193,81,19,1,5,1,
33,1,31,319,22,15,1,5,1,
33,2,228,374,118,46,1,5,1,
33,5,197,31,77,24,1,5,1,
33,6,756,115,196,42,1,5,1,
33,7,746,152,115,29,1,5,1,
33,9,839,390,17,9,1,5,1,
33,11,643,31,108,29,1,5,1,
33,12,818,253,47,17,1,5,1,
33,13,830,75,96,30,1,5,1,
33,14,711,505,92,23,1,5,1,
33,15,494,313,156,38,1,5,1,
33,16,127,375,102,32,1,5,1,
33,18,880,98,26,28,1,5,1,
33,19,569,258,310,78,1,5,1,
33,22,249,317,70,19,1,5,1,
33,23,418,45,69,22,1,5,1,
33,24,473,300,38,9,1,5,1,
33,27,908,340,37,15,1,5,1,
33,29,561,207,48,14,1,5,1,
33,30,771,213,14,12,1,5,1,
33,31,319,216,47,15,1,5,1,
33,32,828,422,27,21,1,5,1,
33,33,630,383,183,45,1,5,1,
33,37,749,192,80,20,1,5,1,
34,1,32,319,22,15,1,5,1,
34,2,236,375,123,47,1,5,1,
34,5,203,29,78,25,1,5,1,
34,6,782,113,178,43,1,5,1,
34,7,758,152,115,29,1,5,1,
34,9,842,389,16,9,1,5,1,
34,11,658,31,107,29,1,5,1,
34,12,823,253,46,17,1,5,1,
34,13,838,75,95,30,1,5,1,
34,14,720,506,92,23,1,5,1,
34,15,506,313,156,38,1,5,1,
34,16,134,375,105,33,1,5,1,
34,18,882,99,26,28,1,5,1,
34,19,595,258,303,78,1,5,1,
34,22,255,317,71,20,1,5,1,
34,23,423,46,69,22,1,5,1,
34,24,478,299,38,10,1,5,1,
34,27,914,340,35,15,1,5,1,
34,29,568,208,47,14,1,5,1,
34,30,771,214,14,12,1,5,1,
34,31,323,216,49,15,1,5,1,
34,32,827,420,27,21,1,5,1,
34,33,645,383,184,45,1,5,1,
34,37,758,192,80,20,1,5,1,
35,1,33,320,23,15,1,5,1,
35,2,244,377,127,48,1,5,1,
35,5,209,28,79,25,1,5,1,
35,6,809,112,151,43,1,5,1,
35,7,771,152,114,29,1,5,1,
35,9,845,388,16,10,1,5,1,
35,11,673,31,107,30,1,5,1,
35,12,828,253,45,17,1,5,1,
35,13,847,76,93,30,1,5,1,
35,14,728,507,94,24,1,5,1,
35,15,517,313,157,38,1,5,1,
35,16,143,376,106,33,1,5,1,
35,18,885,100,24,28,1,5,1,
35,19,620,258,297,77,1,5,1,
35,22,262,317,71,20,1,5,1,
35,23,428,47,69,22,1,5,1,
35,24,483,299,38,10,1,5,1,
35,27,919,339,34,15,1,5,1,
35,29,575,208,46,14,1,5,1,
35,30,772,215,14,11,1,5,1,
35,31,327,216,50,15,1,5,1,
35,32,826,419,28,20,1,5,1,
35,33,661,383,183,45,1,5,1,
35,37,766,192,80,20,1,5,1,
36,1,35,320,22,16,1,5,1,
36,2,253,378,131,49,1,5,1,
36,5,216,27,80,25,1,5,1,
36,6,837,110,123,44,1,5,1,
36,7,783,152,114,29,1,5,1,
36,9,848,387,15,10,1,5,1,
36,11,689,31,105,30,1,5,1,
36,12,833,253,44,17,1,5,1,
36,13,855,76,92,30,1,5,1,
36,14,737,507,95,25,1,5,1,
36,15,529,313,157,38,1,5,1,
36,16,151,377,108,33,1,5,1,
36,18,886,102,25,27,1,5,1,
36,19,646,258,289,77,1,5,1,
36,22,268,318,73,19,1,5,1,
36,23,434,47,67,23,1,5,1,
36,24,488,299,36,10,1,5,1,
36,27,924,339,33,15,1,5,1,
36,29,582,209,45,13,1,5,1,
36,30,772,215,14,12,1,5,1,
36,31,331,216,51,15,1,5,1,
36,32,825,418,28,20,1,5,1,
36,33,677,382,183,46,1,5,1,
36,37,775,192,80,20,1,5,1,
37,1,36,321,23,16,1,5,1,
37,2,262,380,135,50,1,5,1,
37,5,222,26,81,25,1,5,1,
37,6,865,112,95,41,1,5,1,
37,7,795,152,114,29,1,5,1,
37,9,851,386,14,10,1,5,1,
37,11,704,32,105,29,1,5,1,
37,12,838,253,42,17,1,5,1,
37,13,863,76,91,31,1,5,1,
37,14,747,508,94,24,1,5,1,
37,15,541,313,156,38,1,5,1,
37,16,160,378,109,33,1,5,1,
37,18,887,103,25,27,1,5,1,
37,19,671,258,282,76,1,5,1,
37,22,275,318,74,20,1,5,1,
37,23,439,47,66,24,1,5,1,
37,24,493,299,36,10,1,5,1,
37,27,929,339,30,14,1,5,1,
37,29,589,209,44,14,1,5,1,
37,30,772,216,14,11,1,5,1,
37,31,336,215,51,16,1,5,1,
37,32,824,416,28,20,1,5,1,
37,33,693,382,183,46,1,5,1,
37,37,784,192,79,20,1,5,1,
38,1,38,322,23,15,1,5,1,
38,2,271,382,140,51,1,5,1,
38,5,228,25,83,25,1,5,1,
38,6,894,119,66,20,1,5,1,
38,7,808,152,113,29,1,5,1,
38,9,854,385,12,10,1,5,1,
38,11,719,32,104,30,1,5,1,
38,12,843,253,41,17,1,5,1,
38,13,871,77,88,31,1,5,1,
38,14,756,508,95,25,1,5,1,
38,15,553,313,156,38,1,5,1,
38,16,169,379,110,33,1,5,1,
38,18,889,104,24,27,1,5,1,
38,19,695,258,264,76,1,5,1,
38,22,282,318,74,20,1,5,1,
38,23,445,47,62,25,1,5,1,
38,24,498,299,34,9,1,5,1,
38,27,933,338,27,15,1,5,1,
38,29,596,209,43,14,1,5,1,
38,30,772,216,14,11,1,5,1,
38,31,340,215,53,15,1,5,1,
38,32,822,415,29,20,1,5,1,
38,33,709,382,182,46,1,5,1,
38,37,793,192,78,20,1,5,1,
39,1,39,322,24,16,1,5,1,
39,2,281,383,145,52,1,5,1,
39,5,235,24,84,25,1,5,1,
39,7,824,152,102,30,1,5,1,
39,9,856,384,11,10,1,5,1,
39,11,734,32,103,30,1,5,1,
39,12,848,253,39,17,1,5,1,
39,13,880,77,79,31,1,5,1,
39,14,766,509,94,24,1,5,1,
39,15,565,313,155,38,1,5,1,
39,16,178,379,111,35,1,5,1,
39,18,890,106,24,26,1,5,1,
39,19,720,258,240,75,1,5,1,
39,22,289,318,75,20,1,5,1,
39,23,450,47,59,27,1,5,1,
39,24,502,299,36,9,1,5,1,
39,27,938,338,22,14,1,5,1,
39,29,602,210,42,13,1,5,1,
39,30,772,217,14,11,1,5,1,
39,31,345,215,54,15,1,5,1,
39,32,821,413,29,20,1,5,1,
39,33,726,382,180,46,1,5,1,
39,37,802,192,77,20,1,5,1,
40,1,40,323,25,16,1,5,1,
40,2,292,385,149,53,1,5,1,
40,5,242,23,85,25,1,5,1,
40,7,844,153,84,30,1,5,1,
40,9,857,383,11,10,1,5,1,
40,11,752,33,98,30,1,5,1,
40,12,854,253,36,17,1,5,1,
40,13,890,77,70,32,1,5,1,
40,14,778,509,91,25,1,5,1,
40,15,580,313,152,38,1,5,1,
40,16,189,380,111,35,1,5,1,
40,18,891,107,24,26,1,5,1,
40,19,749,259,211,73,1,5,1,
40,22,297,319,75,20,1,5,1,
40,23,456,48,53,28,1,5,1,
40,24,508,299,34,9,1,5,1,
40,27,944,338,16,13,1,5,1,
40,29,610,210,39,14,1,5,1,
40,30,772,217,14,11,1,5,1,
40,31,350,214,54,16,1,5,1,
40,32,819,412,30,19,1,5,1,
40,33,746,382,175,46,1,5,1,
40,37,813,192,74,20,1,5,1,
41,1,42,323,25,17,1,5,1,
41,2,301,387,155,54,1,5,1,
41,5,248,22,88,25,1,5,1,
41,7,857,153,73,30,1,5,1,
41,9,859,382,11,10,1,5,1,
41,11,764,34,100,30,1,5,1,
41,12,857,254,36,16,1,5,1,
41,13,896,78,64,32,1,5,1,
41,14,785,509,93,25,1,5,1,
41,15,590,313,153,38,1,5,1,
41,16,196,381,115,35,1,5,1,
41,18,892,108,24,26,1,5,1,
41,19,767,259,193,73,1,5,1,
41,22,303,319,77,20,1,5,1,
41,23,461,49,49,29,1,5,1,
41,24,512,298,33,10,1,5,1,
41,27,947,340,13,11,1,5,1,
41,29,615,211,39,13,1,5,1,
41,30,772,218,14,11,1,5,1,
41,31,354,214,56,16,1,5,1,
41,32,817,410,31,20,1,5,1,
41,33,759,382,176,46,1,5,1,
41,37,820,193,74,19,1,5,1,
42,1,44,324,26,17,1,5,1,
42,2,312,389,160,55,1,5,1,
42,5,255,21,89,25,1,5,1,
42,7,867,154,70,30,1,5,1,
42,9,860,381,11,10,1,5,1,
42,11,779,34,98,30,1,5,1,
42,12,861,254,35,16,1,5,1,
42,13,903,79,57,31,1,5,1,
42,14,795,509,91,25,1,5,1,
42,15,602,313,152,38,1,5,1,
42,16,206,382,116,35,1,5,1,
42,18,893,109,24,26,1,5,1,
42,19,789,259,171,72,1,5,1,
42,22,310,319,78,20,1,5,1,
42,23,466,49,44,31,1,5,1,
42,24,517,298,31,10,1,5,1,
42,29,621,211,37,13,1,5,1,
42,30,772,218,13,11,1,5,1,
42,31,359,214,57,16,1,5,1,
42,32,816,409,30,19,1,5,1,
42,33,780,380,160,45,1,5,1,
42,37,828,193,74,19,1,5,1,
43,1,45,325,27,17,1,5,1,
43,2,323,391,166,56,1,5,1,
43,5,262,20,90,25,1,5,1,
43,7,875,155,68,30,1,5,1,
43,9,861,380,11,10,1,5,1,
43,11,793,35,96,30,1,5,1,
43,12,865,254,33,16,1,5,1,
43,13,911,80,49,31,1,5,1,
43,14,805,510,90,24,1,5,1,
43,15,617,313,143,38,1,5,1,
43,16,215,383,119,35,1,5,1,
43,18,894,111,24,25,1,5,1,
43,19,811,259,149,72,1,5,1,
43,22,317,319,79,21,1,5,1,
43,23,471,50,38,33,1,5,1,
43,24,521,298,32,10,1,5,1,
43,29,627,212,35,13,1,5,1,
43,30,772,219,13,10,1,5,1,
43,31,363,214,60,16,1,5,1,
43,32,814,408,30,18,1,5,1,
43,33,799,380,149,44,1,5,1,
43,37,837,193,72,19,1,5,1,
44,1,47,325,28,17,1,5,1,
44,2,335,393,172,57,1,5,1,
44,5,270,19,91,26,1,5,1,
44,7,884,156,65,30,1,5,1,
44,9,862,380,11,9,1,5,1,
44,11,809,36,93,30,1,5,1,
44,12,870,254,31,16,1,5,1,
44,13,919,80,41,28,1,5,1,
44,14,815,510,88,24,1,5,1,
44,15,632,313,136,37,1,5,1,
44,16,225,384,120,35,1,5,1,
44,18,895,112,24,26,1,5,1,
44,19,834,259,126,71,1,5,1,
44,22,325,319,79,21,1,5,1,
44,23,476,52,33,33,1,5,1,
44,24,526,298,29,9,1,5,1,
44,29,633,212,33,13,1,5,1,
44,30,771,219,13,11,1,5,1,
44,31,367,214,63,16,1,5,1,
44,32,812,407,31,18,1,5,1,
44,33,816,379,143,44,1,5,1,
44,37,846,193,70,20,1,5,1,
45,1,49,326,29,17,1,5,1,
45,2,348,395,177,59,1,5,1,
45,5,278,18,92,26,1,5,1,
45,7,893,156,62,30,1,5,1,
45,9,863,379,11,9,1,5,1,
45,11,824,37,90,30,1,5,1,
45,12,874,254,29,16,1,5,1,
45,13,927,81,33,27,1,5,1,
45,14,826,510,86,24,1,5,1,
45,15,645,313,133,37,1,5,1,
45,16,236,385,121,36,1,5,1,
45,18,896,113,24,26,1,5,1,
45,19,857,261,103,60,1,5,1,
45,22,333,320,80,20,1,5,1,
45,23,479,54,31,33,1,5,1,
45,24,532,298,25,9,1,5,1,
45,29,639,213,32,13,1,5,1,
45,30,771,220,13,10,1,5,1,
45,31,373,214,63,16,1,5,1,
45,32,810,405,31,18,1,5,1,
45,33,832,378,128,44,1,5,1,
45,37,855,193,68,20,1,5,1,
46,1,51,327,30,17,1,5,1,
46,2,359,397,185,60,1,5,1,
46,5,284,17,94,26,1,5,1,
46,7,900,158,59,29,1,5,1,
46,9,864,378,11,9,1,5,1,
46,11,836,38,90,30,1,5,1,
46,12,877,254,29,16,1,5,1,
46,13,933,82,27,17,1,5,1,
46,14,834,510,86,24,1,5,1,
46,15,656,313,131,37,1,5,1,
46,16,245,386,124,36,1,5,1,
46,18,896,114,24,26,1,5,1,
46,19,874,266,86,45,1,5,1,
46,22,340,320,81,20,1,5,1,
46,23,481,56,30,32,1,5,1,
46,24,534,298,27,9,1,5,1,
46,29,644,213,31,13,1,5,1,
46,30,770,220,13,11,1,5,1,
46,31,378,214,64,16,1,5,1,
46,32,808,404,32,18,1,5,1,
46,33,844,378,116,43,1,5,1,
46,37,862,193,68,20,1,5,1,
47,1,54,327,30,18,1,5,1,
47,2,372,400,191,61,1,5,1,
47,5,292,17,95,26,1,5,1,
47,7,907,159,53,29,1,5,1,
47,9,865,377,11,9,1,5,1,
47,11,849,39,89,30,1,5,1,
47,12,880,254,28,16,1,5,1,
47,14,843,510,86,24,1,5,1,
47,15,667,312,129,37,1,5,1,
47,16,255,387,126,36,1,5,1,
47,18,897,115,23,26,1,5,1,
47,22,347,320,83,20,1,5,1,
47,23,484,58,28,32,1,5,1,
47,24,539,298,24,9,1,5,1,
47,29,648,214,30,13,1,5,1,
47,30,770,221,12,10,1,5,1,
47,31,384,214,64,17,1,5,1,
47,32,806,403,32,17,1,5,1,
47,33,857,377,103,43,1,5,1,
47,37,870,193,67,20,1,5,1,
48,1,56,328,32,18,1,5,1,
48,2,387,402,196,62,1,5,1,
48,5,301,16,95,26,1,5,1,
48,7,915,160,45,29,1,5,1,
48,9,866,376,10,9,1,5,1,
48,11,864,40,85,30,1,5,1,
48,12,884,254,26,16,1,5,1,
48,14,853,510,84,24,1,5,1,
48,15,680,312,125,37,1,5,1,
48,16,266,387,128,37,1,5,1,
48,18,897,116,23,26,1,5,1,
48,22,356,320,82,21,1,5,1,
48,23,486,60,27,32,1,5,1,
48,24,544,297,20,9,1,5,1,
48,29,654,214,28,13,1,5,1,
48,30,769,221,12,10,1,5,1,
48,31,391,214,63,17,1,5,1,
48,32,804,402,32,17,1,5,1,
48,33,873,376,87,41,1,5,1,
48,37,879,194,65,19,1,5,1,
49,1,59,329,32,18,1,5,1,
49,2,400,404,204,64,1,5,1,
49,5,308,15,97,26,1,5,1,
49,7,921,161,39,28,1,5,1,
49,9,866,375,11,9,1,5,1,
49,11,875,41,84,30,1,5,1,
49,12,887,254,25,16,1,5,1,
49,14,861,509,84,25,1,5,1,
49,15,689,312,125,36,1,5,1,
49,16,276,388,130,37,1,5,1,
49,18,897,118,23,25,1,5,1,
49,22,363,320,84,21,1,5,1,
49,23,488,62,25,32,1,5,1,
49,24,548,297,16,9,1,5,1,
49,29,658,215,28,12,1,5,1,
49,30,768,221,13,11,1,5,1,
49,31,397,214,63,17,1,5,1,
49,32,803,400,32,18,1,5,1,
49,33,884,376,76,40,1,5,1,
49,37,885,194,66,19,1,5,1,
50,1,62,329,33,19,1,5,1,
50,2,414,407,212,64,1,5,1,
50,5,316,15,98,26,1,5,1,
50,7,928,162,32,28,1,5,1,
50,9,867,374,11,9,1,5,1,
50,11,888,42,72,30,1,5,1,
50,12,890,255,24,15,1,5,1,
50,14,870,509,84,25,1,5,1,
50,15,700,312,122,36,1,5,1,
50,16,287,389,132,38,1,5,1,
50,18,897,119,24,25,1,5,1,
50,22,371,320,84,21,1,5,1,
50,23,491,64,23,31,1,5,1,
50,24,553,297,11,9,1,5,1,
50,29,662,215,27,13,1,5,1,
50,30,768,222,12,10,1,5,1,
50,31,403,215,63,16,1,5,1,
50,32,801,399,32,17,1,5,1,
50,33,896,381,64,34,1,5,1,
50,37,893,194,64,19,1,5,1,
51,1,65,330,34,19,1,5,1,
51,2,429,409,220,66,1,5,1,
51,5,324,14,98,26,1,5,1,
51,7,934,163,26,28,1,5,1,
51,9,868,373,10,9,1,5,1,
51,11,901,43,59,32,1,5,1,
51,12,893,255,23,15,1,5,1,
51,14,879,509,80,25,1,5,1,
51,15,710,311,121,37,1,5,1,
51,16,298,390,134,38,1,5,1,
51,18,898,120,23,25,1,5,1,
51,22,380,320,84,21,1,5,1,
51,23,493,66,21,31,1,5,1,
51,24,555,297,10,9,1,5,1,
51,29,665,216,30,12,1,5,1,
51,30,767,222,12,10,1,5,1,
51,31,409,215,63,16,1,5,1,
51,32,799,398,32,17,1,5,1,
51,33,909,384,51,28,1,5,1,
51,37,900,194,59,20,1,5,1,
52,1,68,331,35,19,1,5,1,
52,2,444,412,228,67,1,5,1,
52,5,332,13,99,27,1,5,1,
52,7,941,164,19,21,1,5,1,
52,9,868,373,10,8,1,5,1,
52,11,911,45,49,32,1,5,1,
52,12,896,255,22,15,1,5,1,
52,14,887,509,73,24,1,5,1,
52,15,720,311,119,36,1,5,1,
52,16,308,391,138,38,1,5,1,
52,18,898,121,22,25,1,5,1,
52,22,388,320,85,21,1,5,1,
52,23,494,68,20,31,1,5,1,
52,24,556,297,9,9,1,5,1,
52,29,670,216,28,12,1,5,1,
52,30,766,223,13,10,1,5,1,
52,31,416,215,62,16,1,5,1,
52,32,797,397,32,16,1,5,1,
52,37,907,195,53,19,1,5,1,
53,1,72,332,36,19,1,5,1,
53,2,459,415,237,68,1,5,1,
53,5,339,13,101,26,1,5,1,
53,9,868,372,11,8,1,5,1,
53,11,920,48,40,29,1,5,1,
53,12,898,255,22,15,1,5,1,
53,14,895,509,65,24,1,5,1,
53,15,730,311,117,36,1,5,1,
53,16,319,392,140,38,1,5,1,
53,18,898,123,22,24,1,5,1,
53,22,396,320,86,21,1,5,1,
53,23,496,70,19,30,1,5,1,
53,24,556,297,9,8,1,5,1,
53,29,674,217,28,11,1,5,1,
53,30,765,223,13,10,1,5,1,
53,31,421,215,62,16,1,5,1,
53,32,795,396,32,16,1,5,1,
53,37,914,195,46,19,1,5,1,
54,1,75,332,38,20,1,5,1,
54,2,476,417,246,70,1,5,1,
54,5,348,12,102,27,1,5,1,
54,9,869,371,10,8,1,5,1,
54,11,929,50,31,18,1,5,1,
54,12,901,255,21,15,1,5,1,
54,14,904,508,56,24,1,5,1,
54,15,739,311,116,35,1,5,1,
54,16,330,393,143,38,1,5,1,
54,18,898,124,22,24,1,5,1,
54,22,404,321,86,20,1,5,1,
54,23,498,72,17,30,1,5,1,
54,24,556,296,9,9,1,5,1,
54,29,678,217,27,12,1,5,1,
54,30,764,224,13,9,1,5,1,
54,31,428,215,60,16,1,5,1,
54,32,793,395,32,16,1,5,1,
54,37,921,195,39,19,1,5,1,
55,1,79,333,39,20,1,5,1,
55,2,493,420,255,70,1,5,1,
55,5,356,11,103,27,1,5,1,
55,9,869,370,10,9,1,5,1,
55,12,902,255,22,15,1,5,1,
55,14,912,508,48,19,1,5,1,
55,15,749,310,114,36,1,5,1,
55,16,342,394,145,39,1,5,1,
55,18,898,125,22,24,1,5,1,
55,22,412,321,87,20,1,5,1,
55,23,499,74,16,29,1,5,1,
55,24,556,296,9,9,1,5,1,
55,29,682,218,26,11,1,5,1,
55,30,763,224,13,10,1,5,1,
55,31,434,216,59,16,1,5,1,
55,32,791,394,32,16,1,5,1,
55,37,928,195,32,19,1,5,1,
56,1,83,334,41,20,1,5,1,
56,2,511,423,264,71,1,5,1,
56,5,364,11,104,27,1,5,1,
56,9,869,369,10,9,1,5,1,
56,12,904,255,22,15,1,5,1,
56,14,920,508,40,19,1,5,1,
56,15,758,310,113,35,1,5,1,
56,16,354,395,147,39,1,5,1,
56,18,898,126,22,24,1,5,1,
56,22,420,321,88,21,1,5,1,
56,23,501,76,15,29,1,5,1,
56,24,556,296,9,8,1,5,1,
56,29,686,218,25,11,1,5,1,
56,30,762,225,13,9,1,5,1,
56,31,440,216,58,16,1,5,1,
56,32,789,393,32,15,1,5,1,
56,37,934,196,26,14,1,5,1,
57,1,87,335,43,20,1,5,1,
57,2,530,426,272,72,1,5,1,
57,5,372,11,105,27,1,5,1,
57,9,869,368,11,9,1,5,1,
57,12,906,255,21,15,1,5,1,
57,14,928,516,32,11,1,5,1,
57,15,767,310,112,35,1,5,1,
57,16,365,396,150,39,1,5,1,
57,18,898,128,21,23,1,5,1,
57,22,429,321,88,21,1,5,1,
57,23,501,77,15,29,1,5,1,
57,24,556,296,9,8,1,5,1,
57,29,690,218,24,12,1,5,1,
57,30,761,225,13,9,1,5,1,
57,31,446,216,58,16,1,5,1,
57,32,787,392,32,15,1,5,1,
58,1,91,335,45,21,1,5,1,
58,2,552,430,278,71,1,5,1,
58,5,382,10,104,28,1,5,1,
58,9,869,368,11,8,1,5,1,
58,12,908,255,21,15,1,5,1,
58,15,778,310,108,34,1,5,1,
58,16,379,396,151,40,1,5,1,
58,18,897,129,22,23,1,5,1,
58,21,581,0,31,9,1,5,1,
58,22,438,321,88,21,1,5,1,
58,23,502,79,13,29,1,5,1,
58,24,556,295,9,9,1,5,1,
58,29,694,219,23,11,1,5,1,
58,30,760,226,13,9,1,5,1,
58,31,452,217,57,15,1,5,1,
58,32,785,391,32,15,1,5,1,
59,1,96,336,46,21,1,5,1,
59,2,572,433,286,71,1,5,1,
59,5,390,10,105,27,1,5,1,
59,9,870,367,10,8,1,5,1,
59,12,909,256,21,14,1,5,1,
59,15,787,309,106,35,1,5,1,
59,16,391,397,153,40,1,5,1,
59,18,897,130,22,23,1,5,1,
59,21,587,0,35,10,1,5,1,
59,22,447,321,87,21,1,5,1,
59,23,501,81,14,28,1,5,1,
59,24,555,295,9,8,1,5,1,
59,29,697,219,23,12,1,5,1,
59,30,759,226,13,9,1,5,1,
59,31,458,217,56,16,1,5,1,
59,32,783,390,32,15,1,5,1,
60,1,103,337,40,21,1,5,1,
60,2,592,435,295,73,1,5,1,
60,5,398,10,106,27,1,5,1,
60,9,870,366,10,8,1,5,1,
60,12,910,256,22,14,1,5,1,
60,15,795,309,105,34,1,5,1,
60,16,403,398,156,40,1,5,1,
60,18,897,131,21,23,1,5,1,
60,21,591,0,33,13,1,5,1,
60,22,455,321,88,21,1,5,1,
60,23,501,83,14,28,1,5,1,
60,24,555,295,9,8,1,5,1,
60,29,701,220,22,11,1,5,1,
60,30,758,226,13,9,1,5,1,
60,31,463,217,55,16,1,5,1,
60,32,781,388,32,15,1,5,1,
61,1,109,338,38,22,1,5,1,
61,2,613,438,302,72,1,5,1,
61,5,407,9,107,28,1,5,1,
61,9,869,365,10,8,1,5,1,
61,12,912,256,21,14,1,5,1,
61,15,804,309,103,34,1,5,1,
61,16,416,399,158,40,1,5,1,
61,18,897,132,21,23,1,5,1,
61,21,593,0,40,14,1,5,1,
61,22,463,321,89,21,1,5,1,
61,23,501,85,13,27,1,5,1,
61,24,555,295,9,8,1,5,1,
61,29,704,220,22,11,1,5,1,
61,30,757,227,13,9,1,5,1,
61,31,469,218,54,15,1,5,1,
61,32,779,388,32,14,1,5,1,
62,1,114,339,38,22,1,5,1,
62,2,635,441,309,72,1,5,1,
62,5,415,9,108,28,1,5,1,
62,9,869,364,10,9,1,5,1,
62,12,913,256,21,14,1,5,1,
62,15,812,309,102,33,1,5,1,
62,16,428,400,161,40,1,5,1,
62,18,896,133,21,23,1,5,1,
62,21,597,0,38,17,1,5,1,
62,22,471,321,90,21,1,5,1,
62,23,500,86,14,28,1,5,1,
62,24,554,295,9,8,1,5,1,
62,29,707,221,21,11,1,5,1,
62,30,755,227,14,9,1,5,1,
62,31,474,218,54,15,1,5,1,
62,32,776,387,33,14,1,5,1,
63,1,118,340,38,22,1,5,1,
63,2,662,442,297,72,1,5,1,
63,5,425,9,107,28,1,5,1,
63,9,869,364,10,8,1,5,1,
63,12,914,256,21,14,1,5,1,
63,15,822,309,99,33,1,5,1,
63,16,442,400,163,41,1,5,1,
63,18,896,135,21,22,1,5,1,
63,21,601,0,37,20,1,5,1,
63,22,480,321,90,21,1,5,1,
63,23,500,88,13,27,1,5,1,
63,24,554,294,9,8,1,5,1,
63,29,710,221,21,11,1,5,1,
63,30,754,228,14,8,1,5,1,
63,31,480,218,52,15,1,5,1,
63,32,774,386,33,14,1,5,1,
64,1,122,341,40,23,1,5,1,
64,2,690,442,269,71,1,5,1,
64,5,433,11,108,27,1,5,1,
64,9,869,363,10,8,1,5,1,
64,12,915,256,21,14,1,5,1,
64,15,830,308,96,33,1,5,1,
64,16,455,401,165,40,1,5,1,
64,18,896,136,20,22,1,5,1,
64,21,600,0,47,20,1,5,1,
64,22,489,321,90,21,1,5,1,
64,23,498,90,15,26,1,5,1,
64,24,554,294,8,8,1,5,1,
64,29,713,222,20,10,1,5,1,
64,30,753,228,14,9,1,5,1,
64,31,485,218,51,15,1,5,1,
64,32,774,384,31,15,1,5,1,
65,1,125,342,43,23,1,5,1,
65,2,720,441,240,71,1,5,1,
65,5,443,13,108,26,1,5,1,
65,9,868,362,11,8,1,5,1,
65,12,916,256,21,14,1,5,1,
65,15,839,308,93,33,1,5,1,
65,16,470,401,165,41,1,5,1,
65,18,895,137,21,22,1,5,1,
65,21,604,0,44,24,1,5,1,
65,22,498,321,89,21,1,5,1,
65,23,497,92,15,25,1,5,1,
65,24,553,294,9,8,1,5,1,
65,29,716,222,19,11,1,5,1,
65,30,751,228,15,9,1,5,1,
65,31,491,219,49,15,1,5,1,
65,32,772,383,30,15,1,5,1,
66,1,129,343,46,24,1,5,1,
66,2,749,441,211,70,1,5,1,
66,5,452,13,108,27,1,5,1,
66,9,868,361,11,8,1,5,1,
66,12,917,256,21,14,1,5,1,
66,15,848,308,90,32,1,5,1,
66,16,484,402,166,40,1,5,1,
66,18,894,138,21,21,1,5,1,
66,21,606,0,45,27,1,5,1,
66,22,507,321,89,21,1,5,1,
66,23,496,93,16,26,1,5,1,
66,24,553,294,9,7,1,5,1,
66,29,719,222,18,11,1,5,1,
66,30,750,229,14,8,1,5,1,
66,31,496,219,48,15,1,5,1,
66,32,770,381,29,15,1,5,1,
67,1,134,344,48,24,1,5,1,
67,2,776,440,184,66,1,5,1,
67,5,462,13,107,27,1,5,1,
67,9,869,360,10,8,1,5,1,
67,12,918,256,20,14,1,5,1,
67,15,857,307,86,33,1,5,1,
67,16,499,402,167,41,1,5,1,
67,18,894,139,20,21,1,5,1,
67,21,608,0,47,29,1,5,1,
67,22,516,321,89,20,1,5,1,
67,23,495,95,17,25,1,5,1,
67,24,552,294,9,7,1,5,1,
67,29,722,223,17,10,1,5,1,
67,30,749,229,14,9,1,5,1,
67,31,502,219,45,16,1,5,1,
67,32,768,379,28,16,1,5,1,
68,1,138,345,51,25,1,5,1,
68,2,804,438,156,62,1,5,1,
68,5,471,13,107,27,1,5,1,
68,9,869,359,11,9,1,5,1,
68,12,918,257,21,13,1,5,1,
68,15,865,307,83,32,1,5,1,
68,16,515,402,166,41,1,5,1,
68,18,893,140,20,21,1,5,1,
68,21,610,0,49,31,1,5,1,
68,22,526,321,87,20,1,5,1,
68,23,493,97,19,24,1,5,1,
68,24,551,293,10,8,1,5,1,
68,29,725,223,15,11,1,5,1,
68,30,747,229,14,9,1,5,1,
68,31,507,220,45,14,1,5,1,
68,32,766,378,26,15,1,5,1,
69,1,143,346,54,25,1,5,1,
69,2,827,441,133,58,1,5,1,
69,5,480,13,107,27,1,5,1,
69,9,869,359,11,8,1,5,1,
69,12,919,257,21,13,1,5,1,
69,15,873,307,80,32,1,5,1,
69,16,529,402,166,41,1,5,1,
69,18,893,141,20,21,1,5,1,
69,21,611,0,51,34,1,5,1,
69,22,534,321,88,20,1,5,1,
69,23,491,98,20,24,1,5,1,
69,24,551,293,9,8,1,5,1,
69,29,727,224,15,10,1,5,1,
69,30,746,230,14,8,1,5,1,
69,31,512,220,41,15,1,5,1,
69,32,764,377,25,14,1,5,1,
70,1,148,348,56,25,1,5,1,
70,2,850,447,110,51,1,5,1,
70,5,488,13,109,27,1,5,1,
70,9,870,358,11,8,1,5,1,
70,12,919,257,21,13,1,5,1,
70,15,880,306,77,32,1,5,1,
70,16,544,402,166,41,1,5,1,
70,18,892,142,20,21,1,5,1,
70,21,615,0,51,36,1,5,1,
70,22,543,320,87,21,1,5,1,
70,23,490,100,21,23,1,5,1,
70,24,550,293,10,7,1,5,1,
70,29,730,224,13,10,1,5,1,
70,30,745,230,14,8,1,5,1,
70,31,516,221,42,14,1,5,1,
70,32,762,376,25,14,1,5,1,
71,1,154,349,59,25,1,5,1,
71,2,874,455,86,36,1,5,1,
71,5,498,13,108,27,1,5,1,
71,9,870,357,11,9,1,5,1,
71,12,919,257,20,13,1,5,1,
71,15,888,306,71,32,1,5,1,
71,16,559,402,166,41,1,5,1,
71,18,891,143,20,21,1,5,1,
71,21,620,3,49,35,1,5,1,
71,22,552,320,86,21,1,5,1,
71,23,488,101,23,23,1,5,1,
71,24,549,293,10,7,1,5,1,
71,29,732,225,13,10,1,5,1,
71,30,742,231,16,8,1,5,1,
71,31,520,221,42,14,1,5,1,
71,32,761,376,24,13,1,5,1,
72,1,160,350,61,26,1,5,1,
72,5,506,13,108,27,1,5,1,
72,9,871,357,10,8,1,5,1,
72,12,919,257,20,14,1,5,1,
72,15,895,306,65,31,1,5,1,
72,16,574,402,165,41,1,5,1,
72,18,890,144,20,21,1,5,1,
72,21,625,5,48,35,1,5,1,
72,22,561,320,85,21,1,5,1,
72,23,485,103,25,22,1,5,1,
72,24,548,293,10,7,1,5,1,
72,29,734,225,13,10,1,5,1,
72,30,740,231,17,8,1,5,1,
72,31,525,221,40,14,1,5,1,
72,32,759,375,24,13,1,5,1,
73,1,166,351,64,27,1,5,1,
73,5,515,14,108,26,1,5,1,
73,9,871,356,11,8,1,5,1,
73,12,919,258,20,13,1,5,1,
73,15,901,306,59,30,1,5,1,
73,16,589,402,165,41,1,5,1,
73,18,890,145,18,21,1,5,1,
73,21,629,8,47,35,1,5,1,
73,22,569,320,86,21,1,5,1,
73,23,482,104,28,21,1,5,1,
73,24,547,293,11,7,1,5,1,
73,29,736,225,12,10,1,5,1,
73,30,738,231,17,8,1,5,1,
73,31,529,221,39,15,1,5,1,
74,1,172,352,68,27,1,5,1,
74,5,523,14,109,27,1,5,1,
74,9,871,356,11,8,1,5,1,
74,12,920,258,19,14,1,5,1,
74,15,907,305,53,30,1,5,1,
74,16,602,402,166,40,1,5,1,
74,18,889,146,18,20,1,5,1,
74,21,633,10,46,35,1,5,1,
74,22,577,320,86,20,1,5,1,
74,23,479,105,30,21,1,5,1,
74,24,546,292,11,8,1,5,1,
74,29,737,226,12,10,1,5,1,
74,30,737,232,17,8,1,5,1,
74,31,533,222,38,14,1,5,1,
75,1,179,354,70,27,1,5,1,
75,5,533,14,108,27,1,5,1,
75,9,871,355,11,8,1,5,1,
75,12,921,258,19,14,1,5,1,
75,15,918,305,42,30,1,5,1,
75,16,618,402,164,40,1,5,1,
75,18,888,147,18,20,1,5,1,
75,21,637,13,45,34,1,5,1,
75,22,586,321,85,20,1,5,1,
75,23,475,107,33,20,1,5,1,
75,24,545,292,11,7,1,5,1,
75,29,739,226,12,10,1,5,1,
75,30,735,232,17,8,1,5,1,
75,31,537,222,37,14,1,5,1,
76,1,186,355,73,28,1,5,1,
76,5,541,14,109,27,1,5,1,
76,9,871,354,11,8,1,5,1,
76,12,922,258,19,14,1,5,1,
76,15,928,304,32,30,1,5,1,
76,16,633,402,163,40,1,5,1,
76,18,887,148,19,20,1,5,1,
76,21,641,15,44,34,1,5,1,
76,22,594,322,85,20,1,5,1,
76,23,472,108,35,20,1,5,1,
76,24,544,292,11,7,1,5,1,
76,29,740,227,12,9,1,5,1,
76,30,733,232,17,8,1,5,1,
76,31,542,223,33,13,1,5,1,
77,1,194,356,76,28,1,5,1,
77,5,551,15,107,26,1,5,1,
77,9,871,354,11,8,1,5,1,
77,12,922,258,19,14,1,5,1,
77,15,926,303,33,30,1,5,1,
77,16,648,402,162,40,1,5,1,
77,18,885,149,21,20,1,5,1,
77,21,645,18,42,33,1,5,1,
77,22,604,322,83,20,1,5,1,
77,23,468,110,38,18,1,5,1,
77,24,543,292,12,7,1,5,1,
77,29,741,227,11,10,1,5,1,
77,30,729,233,20,7,1,5,1,
77,31,547,223,28,14,1,5,1,
78,1,202,358,79,28,1,5,1,
78,5,560,15,106,26,1,5,1,
78,9,871,353,11,8,1,5,1,
78,12,923,258,19,14,1,5,1,
78,15,926,303,33,30,1,5,1,
78,16,663,402,161,39,1,5,1,
78,18,883,150,23,21,1,5,1,
78,21,649,20,41,33,1,5,1,
78,22,613,322,81,20,1,5,1,
78,23,465,111,40,18,1,5,1,
78,24,542,292,12,7,1,5,1,
78,29,741,228,12,9,1,5,1,
78,31,552,223,23,14,1,5,1,
79,1,210,359,82,29,1,5,1,
79,5,569,15,105,27,1,5,1,
79,9,871,353,11,8,1,5,1,
79,12,924,259,18,13,1,5,1,
79,15,926,302,33,30,1,5,1,
79,16,678,401,159,40,1,5,1,
79,18,881,151,25,21,1,5,1,
79,21,653,22,39,33,1,5,1,
79,22,623,322,78,20,1,5,1,
79,23,461,112,43,17,1,5,1,
79,29,742,228,11,9,1,5,1,
79,31,555,224,21,14,1,5,1,
80,1,218,360,86,30,1,5,1,
80,5,576,15,107,28,1,5,1,
80,9,871,352,11,8,1,5,1,
80,12,924,259,18,13,1,5,1,
80,15,926,302,33,29,1,5,1,
80,16,691,401,159,40,1,5,1,
80,18,879,153,26,20,1,5,1,
80,21,656,24,39,33,1,5,1,
80,22,630,322,78,19,1,5,1,
80,23,457,114,45,15,1,5,1,
80,29,742,228,11,10,1,5,1,
80,31,558,224,19,14,1,5,1,
81,1,227,362,89,30,1,5,1,
81,5,585,16,106,27,1,5,1,
81,9,871,352,10,7,1,5,1,
81,12,924,259,19,13,1,5,1,
81,15,926,302,33,28,1,5,1,
81,16,706,401,158,39,1,5,1,
81,18,877,154,26,20,1,5,1,
81,21,660,27,37,32,1,5,1,
81,22,638,321,77,20,1,5,1,
81,23,453,115,48,15,1,5,1,
81,29,742,229,11,9,1,5,1,
81,31,560,225,18,13,1,5,1,
82,1,236,363,93,31,1,5,1,
82,5,594,17,104,27,1,5,1,
82,9,871,351,10,8,1,5,1,
82,12,924,259,19,13,1,5,1,
82,15,926,301,34,28,1,5,1,
82,16,719,400,158,40,1,5,1,
82,18,875,155,26,19,1,5,1,
82,21,662,29,39,32,1,5,1,
82,22,646,321,75,20,1,5,1,
82,23,450,116,49,14,1,5,1,
82,29,742,229,11,9,1,5,1,
82,31,562,225,17,14,1,5,1,
83,1,245,365,97,31,1,5,1,
83,5,603,17,103,28,1,5,1,
83,9,871,350,10,8,1,5,1,
83,12,925,259,18,13,1,5,1,
83,15,926,301,33,28,1,5,1,
83,16,734,400,155,39,1,5,1,
83,18,872,157,27,18,1,5,1,
83,21,665,32,38,31,1,5,1,
83,22,654,321,74,19,1,5,1,
83,23,446,117,51,13,1,5,1,
83,29,742,230,11,9,1,5,1,
83,31,564,226,16,13,1,5,1,
84,1,256,366,99,32,1,5,1,
84,5,611,18,103,27,1,5,1,
84,9,870,350,10,7,1,5,1,
84,12,925,259,18,13,1,5,1,
84,15,925,300,34,28,1,5,1,
84,16,749,400,153,38,1,5,1,
84,18,870,158,27,18,1,5,1,
84,21,668,34,37,31,1,5,1,
84,22,662,321,72,19,1,5,1,
84,23,443,118,51,12,1,5,1,
84,29,743,230,10,9,1,5,1,
84,31,566,226,15,13,1,5,1,
85,1,267,368,102,32,1,5,1,
85,5,621,18,100,28,1,5,1,
85,9,870,349,10,8,1,5,1,
85,12,925,259,18,13,1,5,1,
85,15,925,300,34,27,1,5,1,
85,16,764,399,151,39,1,5,1,
85,18,868,159,27,18,1,5,1,
85,21,672,37,36,30,1,5,1,
85,22,671,320,70,20,1,5,1,
85,23,440,118,51,11,1,5,1,
85,29,742,230,11,9,1,5,1,
85,31,568,227,14,13,1,5,1,
86,1,277,369,107,34,1,5,1,
86,5,629,19,100,28,1,5,1,
86,9,870,349,9,7,1,5,1,
86,12,925,259,18,13,1,5,1,
86,15,924,300,35,26,1,5,1,
86,16,777,399,150,38,1,5,1,
86,18,866,160,27,18,1,5,1,
86,21,675,39,35,30,1,5,1,
86,22,678,320,69,19,1,5,1,
86,23,437,117,52,12,1,5,1,
86,29,742,231,11,9,1,5,1,
86,31,569,227,14,13,1,5,1,
87,1,288,371,113,34,1,5,1,
87,5,638,19,98,29,1,5,1,
87,9,869,348,10,8,1,5,1,
87,12,925,259,17,13,1,5,1,
87,15,923,299,36,27,1,5,1,
87,16,792,398,147,39,1,5,1,
87,18,863,161,28,17,1,5,1,
87,21,678,41,33,30,1,5,1,
87,22,686,320,66,19,1,5,1,
87,23,434,117,51,11,1,5,1,
87,29,742,231,10,9,1,5,1,
87,31,571,228,12,12,1,5,1,
88,1,298,373,122,35,1,5,1,
88,5,646,20,97,29,1,5,1,
88,9,868,348,10,7,1,5,1,
88,12,924,259,18,13,1,5,1,
88,15,922,299,37,26,1,5,1,
88,16,806,398,145,38,1,5,1,
88,18,860,161,30,18,1,5,1,
88,21,681,43,32,29,1,5,1,
88,22,693,320,65,18,1,5,1,
88,23,431,116,51,12,1,5,1,
88,29,741,232,11,8,1,5,1,
88,31,572,228,12,13,1,5,1,
89,1,308,376,130,34,1,5,1,
89,5,654,21,96,29,1,5,1,
89,9,868,347,9,7,1,5,1,
89,12,924,260,17,12,1,5,1,
89,15,921,298,38,26,1,5,1,
89,16,820,397,139,38,1,5,1,
89,18,859,162,29,18,1,5,1,
89,21,684,45,31,29,1,5,1,
89,22,701,319,61,19,1,5,1,
89,23,429,116,50,11,1,5,1,
89,29,741,232,10,8,1,5,1,
89,31,572,228,12,13,1,5,1,
90,1,319,377,138,34,1,5,1,
90,5,662,21,94,30,1,5,1,
90,9,867,347,10,7,1,5,1,
90,12,923,260,18,12,1,5,1,
90,15,920,298,38,26,1,5,1,
90,16,833,397,127,37,1,5,1,
90,18,857,163,28,18,1,5,1,
90,21,687,47,29,29,1,5,1,
90,22,708,319,59,19,1,5,1,
90,23,427,115,48,11,1,5,1,
90,29,741,232,10,9,1,5,1,
90,31,573,229,12,12,1,5,1,
91,1,334,379,142,34,1,5,1,
91,5,671,22,91,30,1,5,1,
91,9,867,346,9,7,1,5,1,
91,12,923,260,17,12,1,5,1,
91,15,919,298,38,25,1,5,1,
91,16,848,396,112,38,1,5,1,
91,18,855,164,28,18,1,5,1,
91,21,690,49,28,29,1,5,1,
91,22,716,319,56,18,1,5,1,
91,23,424,114,47,12,1,5,1,
91,29,740,233,10,8,1,5,1,
91,31,573,229,12,12,1,5,1,
92,1,348,380,147,34,1,5,1,
92,5,679,23,90,30,1,5,1,
92,9,865,345,11,8,1,5,1,
92,12,922,260,18,12,1,5,1,
92,15,918,297,38,25,1,5,1,
92,16,861,395,99,36,1,5,1,
92,18,852,165,29,17,1,5,1,
92,21,692,51,27,29,1,5,1,
92,22,722,318,55,19,1,5,1,
92,23,422,113,46,12,1,5,1,
92,29,740,233,10,8,1,5,1,
92,31,574,230,12,12,1,5,1,
93,1,365,380,149,34,1,5,1,
93,5,687,24,88,30,1,5,1,
93,9,863,345,13,7,1,5,1,
93,12,922,260,17,12,1,5,1,
93,15,916,297,39,25,1,5,1,
93,16,875,395,85,35,1,5,1,
93,18,850,166,28,17,1,5,1,
93,21,695,53,26,28,1,5,1,
93,22,729,318,52,18,1,5,1,
93,23,420,112,45,12,1,5,1,
93,29,739,233,10,9,1,5,1,
93,31,574,230,12,12,1,5,1,
94,1,383,381,150,34,1,5,1,
94,5,695,25,86,30,1,5,1,
94,9,860,344,16,7,1,5,1,
94,12,921,260,17,12,1,5,1,
94,15,915,297,39,24,1,5,1,
94,16,889,396,71,33,1,5,1,
94,18,847,167,29,17,1,5,1,
94,21,698,55,24,28,1,5,1,
94,22,735,318,50,18,1,5,1,
94,23,418,111,43,12,1,5,1,
94,29,739,234,10,8,1,5,1,
94,31,574,230,12,12,1,5,1,
95,1,400,381,152,34,1,5,1,
95,5,702,26,84,30,1,5,1,
95,9,856,344,20,7,1,5,1,
95,12,920,260,17,12,1,5,1,
95,15,914,296,39,24,1,5,1,
95,16,902,400,58,28,1,5,1,
95,18,845,168,29,16,1,5,1,
95,21,700,57,23,28,1,5,1,
95,22,741,317,48,18,1,5,1,
95,23,416,110,42,12,1,5,1,
95,29,738,234,10,8,1,5,1,
95,31,574,231,12,12,1,5,1,
96,1,418,381,153,33,1,5,1,
96,5,709,27,83,30,1,5,1,
96,9,854,343,21,7,1,5,1,
96,12,919,260,17,12,1,5,1,
96,15,912,296,40,24,1,5,1,
96,16,915,405,45,20,1,5,1,
96,18,843,169,29,16,1,5,1,
96,21,702,59,22,28,1,5,1,
96,22,747,317,45,17,1,5,1,
96,23,415,108,40,14,1,5,1,
96,29,737,234,10,8,1,5,1,
96,31,575,231,11,12,1,5,1,
97,1,437,380,151,34,1,5,1,
97,5,717,28,80,31,1,5,1,
97,9,851,343,22,7,1,5,1,
97,12,918,260,17,12,1,5,1,
97,15,910,296,41,23,1,5,1,
97,18,840,170,30,16,1,5,1,
97,21,704,61,21,27,1,5,1,
97,22,753,316,42,18,1,5,1,
97,23,413,107,39,14,1,5,1,
97,29,737,235,9,8,1,5,1,
97,31,575,231,11,12,1,5,1,
98,1,455,380,150,33,1,5,1,
98,5,723,29,79,31,1,5,1,
98,9,848,342,22,7,1,5,1,
98,12,917,260,18,12,1,5,1,
98,15,909,296,41,22,1,5,1,
98,21,705,62,21,28,1,5,1,
98,22,758,316,40,17,1,5,1,
98,23,411,105,38,15,1,5,1,
98,29,736,235,10,8,1,5,1,
98,31,575,232,11,11,1,5,1,
98,37,951,223,8,11,1,5,1,
99,1,474,379,148,32,1,5,1,
99,5,730,30,77,31,1,5,1,
99,9,846,341,22,7,1,5,1,
99,12,916,260,18,12,1,5,1,
99,15,907,295,41,23,1,5,1,
99,21,708,64,19,28,1,5,1,
99,22,763,316,38,17,1,5,1,
99,23,410,104,36,15,1,5,1,
99,29,735,235,10,8,1,5,1,
99,31,575,232,11,12,1,5,1,
99,37,947,222,12,12,1,5,1,
100,1,493,378,145,32,1,5,1,
100,5,737,31,74,32,1,5,1,
100,9,843,341,22,7,1,5,1,
100,12,915,260,18,12,1,5,1,
100,15,905,295,41,22,1,5,1,
100,21,709,66,19,28,1,5,1,
100,22,768,315,35,17,1,5,1,
100,23,408,103,35,15,1,5,1,
100,29,735,236,9,7,1,5,1,
100,31,575,233,11,11,1,5,1,
100,37,944,222,15,12,1,5,1,
101,1,513,376,140,32,1,5,1,
101,5,744,32,70,33,1,5,1,
101,12,914,261,18,11,1,5,1,
101,15,903,295,42,22,1,5,1,
101,21,711,68,17,28,1,5,1,
101,22,773,315,32,16,1,5,1,
101,23,407,101,34,16,1,5,1,
101,29,734,236,10,8,1,5,1,
101,31,574,233,12,11,1,5,1,
101,37,940,222,19,13,1,5,1,
102,1,529,375,139,32,1,5,1,
102,5,750,33,68,33,1,5,1,
102,12,913,261,18,11,1,5,1,
102,15,901,294,42,22,1,5,1,
102,21,712,70,16,27,1,5,1,
102,22,777,314,31,17,1,5,1,
102,23,405,100,33,17,1,5,1,
102,29,733,236,10,8,1,5,1,
102,31,574,233,11,11,1,5,1,
102,37,936,222,23,13,1,5,1,
103,1,548,374,134,31,1,5,1,
103,5,756,35,66,33,1,5,1,
103,12,912,261,18,11,1,5,1,
103,15,899,294,42,22,1,5,1,
103,21,713,72,16,27,1,5,1,
103,22,781,314,29,16,1,5,1,
103,23,404,98,32,18,1,5,1,
103,29,732,237,10,7,1,5,1,
103,31,574,234,11,11,1,5,1,
103,37,933,223,26,13,1,5,1,
104,1,564,373,132,31,1,5,1,
104,5,762,36,63,33,1,5,1,
104,12,911,261,18,11,1,5,1,
104,15,897,294,42,21,1,5,1,
104,21,714,74,15,27,1,5,1,
104,22,785,313,27,17,1,5,1,
104,23,403,96,31,19,1,5,1,
104,29,731,237,10,7,1,5,1,
104,31,574,234,11,11,1,5,1,
104,37,929,223,30,13,1,5,1,
105,1,584,371,126,31,1,5,1,
105,5,768,38,61,33,1,5,1,
105,12,910,261,18,11,1,5,1,
105,15,895,294,42,21,1,5,1,
105,21,715,76,14,26,1,5,1,
105,22,788,313,26,16,1,5,1,
105,23,402,95,29,18,1,5,1,
105,29,730,237,10,8,1,5,1,
105,31,573,234,11,11,1,5,1,
105,37,926,224,33,12,1,5,1,
106,1,599,370,124,30,1,5,1,
106,5,773,40,60,33,1,5,1,
106,12,908,261,19,11,1,5,1,
106,15,893,293,42,21,1,5,1,
106,21,715,77,14,27,1,5,1,
106,22,791,313,25,16,1,5,1,
106,23,401,93,28,19,1,5,1,
106,29,729,238,11,7,1,5,1,
106,31,572,235,11,10,1,5,1,
106,37,922,224,37,13,1,5,1,
107,1,616,369,120,30,1,5,1,
107,5,779,42,57,32,1,5,1,
107,12,907,261,19,11,1,5,1,
107,15,891,293,42,21,1,5,1,
107,21,716,79,13,26,1,5,1,
107,22,795,312,23,16,1,5,1,
107,23,400,91,27,20,1,5,1,
107,29,728,238,11,7,1,5,1,
107,31,571,235,13,11,1,5,1,
107,37,919,225,37,12,1,5,1,
108,1,632,368,116,29,1,5,1,
108,5,783,43,56,33,1,5,1,
108,7,951,218,9,12,1,5,1,
108,12,906,261,19,11,1,5,1,
108,15,888,293,43,20,1,5,1,
108,21,716,81,13,26,1,5,1,
108,22,798,312,21,16,1,5,1,
108,23,399,90,26,20,1,5,1,
108,29,727,238,11,7,1,5,1,
108,31,568,235,17,11,1,5,1,
108,37,916,225,37,12,1,5,1,
109,1,648,367,113,29,1,5,1,
109,5,789,45,53,32,1,5,1,
109,7,948,217,11,13,1,5,1,
109,12,904,261,19,11,1,5,1,
109,15,886,293,43,20,1,5,1,
109,21,716,83,13,25,1,5,1,
109,22,801,311,20,16,1,5,1,
109,23,398,88,25,20,1,5,1,
109,29,725,238,12,7,1,5,1,
109,31,566,236,19,10,1,5,1,
109,37,912,226,37,12,1,5,1,
110,1,664,366,109,28,1,5,1,
110,5,794,47,51,32,1,5,1,
110,7,945,217,15,13,1,5,1,
110,12,903,261,19,11,1,5,1,
110,15,884,292,43,20,1,5,1,
110,21,716,85,13,25,1,5,1,
110,22,803,311,20,15,1,5,1,
110,23,397,86,24,21,1,5,1,
110,29,724,239,13,6,1,5,1,
110,31,564,236,20,10,1,5,1,
110,37,909,226,36,12,1,5,1,
111,1,679,365,106,28,1,5,1,
111,5,798,48,50,33,1,5,1,
111,7,942,217,17,14,1,5,1,
111,12,901,261,20,11,1,5,1,
111,15,881,292,43,20,1,5,1,
111,21,716,87,13,24,1,5,1,
111,22,806,311,19,15,1,5,1,
111,23,397,84,22,21,1,5,1,
111,29,722,239,14,7,1,5,1,
111,31,562,236,20,11,1,5,1,
111,37,905,227,36,11,1,5,1,
112,1,692,364,104,28,1,5,1,
112,5,803,50,47,32,1,5,1,
112,7,939,217,20,14,1,5,1,
112,12,900,261,20,11,1,5,1,
112,15,878,292,44,19,1,5,1,
112,21,716,88,13,25,1,5,1,
112,22,808,310,18,15,1,5,1,
112,23,396,82,21,22,1,5,1,
112,29,721,239,14,7,1,5,1,
112,31,560,237,21,10,1,5,1,
112,37,902,227,36,12,1,5,1,
113,1,707,363,101,27,1,5,1,
113,5,807,52,46,32,1,5,1,
113,7,936,218,23,14,1,5,1,
113,12,898,261,20,11,1,5,1,
113,15,875,292,45,19,1,5,1,
113,21,715,90,13,24,1,5,1,
113,22,810,310,17,15,1,5,1,
113,23,396,80,20,22,1,5,1,
113,29,719,240,14,6,1,5,1,
113,31,558,237,21,10,1,5,1,
113,37,898,228,37,11,1,5,1,
114,1,719,362,100,27,1,5,1,
114,5,810,54,49,31,1,5,1,
114,7,934,218,25,14,1,5,1,
114,12,897,261,20,11,1,5,1,
114,15,872,291,45,19,1,5,1,
114,21,715,92,14,23,1,5,1,
114,22,811,309,18,15,1,5,1,
114,23,395,78,19,23,1,5,1,
114,29,718,240,13,6,1,5,1,
114,31,556,237,21,10,1,5,1,
114,37,895,228,36,11,1,5,1,
115,1,733,361,96,27,1,5,1,
115,5,813,56,49,30,1,5,1,
115,7,931,219,28,14,1,5,1,
115,12,895,262,20,10,1,5,1,
115,15,869,291,46,19,1,5,1,
115,21,715,93,13,24,1,5,1,
115,22,813,309,17,15,1,5,1,
115,23,395,76,18,23,1,5,1,
115,29,716,240,13,6,1,5,1,
115,31,554,237,21,11,1,5,1,
115,37,892,229,35,11,1,5,1,
116,1,745,360,95,27,1,5,1,
116,5,817,58,48,29,1,5,1,
116,7,928,219,31,14,1,5,1,
116,12,894,262,20,10,1,5,1,
116,15,867,291,45,18,1,5,1,
116,21,713,95,14,23,1,5,1,
116,22,814,309,17,14,1,5,1,
116,23,394,74,17,24,1,5,1,
116,29,714,240,14,7,1,5,1,
116,31,552,238,22,10,1,5,1,
116,37,888,229,36,11,1,5,1,
117,1,758,359,92,26,1,5,1,
117,5,822,59,45,30,1,5,1,
117,7,925,220,32,13,1,5,1,
117,12,892,262,20,10,1,5,1,
117,15,864,291,45,18,1,5,1,
117,20,945,26,15,31,1,5,1,
117,21,710,96,17,24,1,5,1,
117,22,815,308,17,15,1,5,1,
117,23,393,72,17,24,1,5,1,
117,29,711,241,16,6,1,5,1,
117,31,550,238,22,10,1,5,1,
117,37,885,229,35,11,1,5,1,
118,1,771,358,89,26,1,5,1,
118,5,827,60,42,30,1,5,1,
118,7,922,220,32,14,1,5,1,
118,12,891,262,20,10,1,5,1,
118,15,861,290,45,18,1,5,1,
118,20,944,29,15,30,1,5,1,
118,21,706,97,23,24,1,5,1,
118,22,816,308,17,14,1,5,1,
118,23,393,70,16,24,1,5,1,
118,29,709,241,17,6,1,5,1,
118,37,882,230,35,11,1,5,1,
119,1,783,357,87,26,1,5,1,
119,5,831,62,41,30,1,5,1,
119,7,919,221,32,13,1,5,1,
119,15,858,290,45,18,1,5,1,
119,20,944,31,15,31,1,5,1,
119,21,702,98,28,24,1,5,1,
119,22,817,308,17,14,1,5,1,
119,23,393,68,15,24,1,5,1,
119,29,706,241,18,6,1,5,1,
119,37,879,230,34,11,1,5,1,
120,1,793,356,86,26,1,5,1,
120,5,834,63,40,30,1,5,1,
120,7,916,221,32,13,1,5,1,
120,15,855,290,46,18,1,5,1,
120,21,698,99,32,25,1,5,1,
120,22,818,307,16,14,1,5,1,
120,23,392,66,16,25,1,5,1,
120,29,703,241,20,6,1,5,1,
120,37,875,231,35,10,1,5,1,
121,1,803,355,85,26,1,5,1,
121,5,838,64,35,31,1,5,1,
121,7,914,222,31,13,1,5,1,
121,14,950,405,9,8,1,5,1,
121,15,852,290,46,17,1,5,1,
121,21,695,101,34,24,1,5,1,
121,22,818,307,17,14,1,5,1,
121,23,392,63,16,27,1,5,1,
121,29,701,242,20,6,1,5,1,
121,37,872,231,35,10,1,5,1,
122,1,813,354,84,26,1,5,1,
122,5,844,65,29,33,1,5,1,
122,7,911,222,32,13,1,5,1,
122,14,947,403,12,10,1,5,1,
122,15,849,290,47,17,1,5,1,
122,21,692,103,35,23,1,5,1,
122,22,818,307,17,13,1,5,1,
122,23,392,61,16,27,1,5,1,
122,29,699,242,20,6,1,5,1,
122,36,952,464,8,11,1,5,1,
122,37,869,231,35,11,1,5,1,
123,1,826,353,80,25,1,5,1,
123,5,847,65,24,36,1,5,1,
123,7,908,223,31,13,1,5,1,
123,14,944,402,15,12,1,5,1,
123,15,846,289,46,17,1,5,1,
123,20,945,27,14,43,1,5,1,
123,21,689,104,35,23,1,5,1,
123,22,818,306,17,14,1,5,1,
123,23,392,59,16,27,1,5,1,
123,36,951,462,8,15,1,5,1,
123,37,865,232,35,10,1,5,1,
124,1,837,352,78,25,1,5,1,
124,5,845,66,24,37,1,5,1,
124,7,905,224,31,12,1,5,1,
124,14,942,400,17,13,1,5,1,
124,15,844,289,45,17,1,5,1,
124,20,943,44,16,29,1,5,1,
124,21,686,106,35,23,1,5,1,
124,22,818,306,17,13,1,5,1,
124,23,392,57,16,27,1,5,1,
124,36,950,461,9,14,1,5,1,
124,37,862,232,34,10,1,5,1,
125,1,847,351,76,25,1,5,1,
125,5,843,67,26,39,1,5,1,
125,7,902,224,31,12,1,5,1,
125,14,939,399,20,14,1,5,1,
125,15,841,289,45,17,1,5,1,
125,20,941,44,18,31,1,5,1,
125,21,683,108,35,22,1,5,1,
125,22,818,305,16,14,1,5,1,
125,23,393,54,16,28,1,5,1,
125,36,949,459,10,14,1,5,1,
125,37,859,232,34,11,1,5,1,
126,1,859,351,72,24,1,5,1,
126,5,841,69,30,39,1,5,1,
126,7,900,224,30,13,1,5,1,
126,14,936,398,23,14,1,5,1,
126,15,838,289,45,16,1,5,1,
126,20,939,45,20,32,1,5,1,
126,21,680,109,35,22,1,5,1,
126,22,817,305,17,13,1,5,1,
126,23,393,52,16,28,1,5,1,
126,36,947,457,12,15,1,5,1,
126,37,856,233,33,10,1,5,1,
127,1,868,350,70,24,1,5,1,
127,5,838,71,32,39,1,5,1,
127,7,897,225,30,12,1,5,1,
127,14,932,397,27,14,1,5,1,
127,15,835,289,45,16,1,5,1,
127,20,938,46,21,33,1,5,1,
127,21,677,111,35,21,1,5,1,
127,22,817,305,17,13,1,5,1,
127,23,394,49,16,29,1,5,1,
127,27,954,305,5,6,1,5,1,
127,36,946,455,13,15,1,5,1,
127,37,853,233,33,10,1,5,1,
128,1,879,349,67,24,1,5,1,
128,5,836,74,32,38,1,5,1,
128,7,895,225,29,12,1,5,1,
128,14,929,396,30,14,1,5,1,
128,15,832,288,45,17,1,5,1,
128,20,936,48,23,33,1,5,1,
128,21,674,113,34,20,1,5,1,
128,22,816,304,17,13,1,5,1,
128,23,394,47,17,28,1,5,1,
128,27,953,305,6,6,1,5,1,
128,36,944,454,15,14,1,5,1,
128,37,850,233,32,10,1,5,1,
129,1,888,348,65,24,1,5,1,
129,5,834,77,31,37,1,5,1,
129,7,892,226,29,12,1,5,1,
129,14,926,394,33,14,1,5,1,
129,15,829,288,45,16,1,5,1,
129,20,935,50,24,33,1,5,1,
129,21,671,114,34,20,1,5,1,
129,22,816,304,17,13,1,5,1,
129,23,395,44,17,29,1,5,1,
129,27,951,305,8,7,1,5,1,
129,36,943,452,16,15,1,5,1,
129,37,847,234,32,10,1,5,1,
130,1,897,347,62,24,1,5,1,
130,5,833,80,28,35,1,5,1,
130,7,890,226,28,12,1,5,1,
130,14,923,393,36,16,1,5,1,
130,15,826,288,46,16,1,5,1,
130,20,934,50,25,35,1,5,1,
130,21,668,115,35,21,1,5,1,
130,22,815,304,18,12,1,5,1,
130,23,396,42,17,29,1,5,1,
130,27,950,304,9,8,1,5,1,
130,36,942,450,18,15,1,5,1,
130,37,844,234,32,10,1,5,1,
131,1,906,346,54,24,1,5,1,
131,5,833,83,22,33,1,5,1,
131,7,887,227,28,11,1,5,1,
131,14,920,392,39,15,1,5,1,
131,15,823,288,46,16,1,5,1,
131,20,932,47,27,40,1,5,1,
131,21,665,117,35,20,1,5,1,
131,22,814,303,18,13,1,5,1,
131,23,397,39,17,30,1,5,1,
131,27,948,304,11,7,1,5,1,
131,36,940,449,19,17,1,5,1,
131,37,841,234,32,10,1,5,1,
132,1,914,346,46,23,1,5,1,
132,5,831,86,21,32,1,5,1,
132,7,884,227,29,11,1,5,1,
132,14,916,390,41,16,1,5,1,
132,15,820,288,46,15,1,5,1,
132,20,931,49,28,40,1,5,1,
132,21,662,118,35,20,1,5,1,
132,22,813,303,19,12,1,5,1,
132,23,397,36,18,31,1,5,1,
132,27,946,304,13,7,1,5,1,
132,36,939,447,20,17,1,5,1,
132,37,838,235,31,9,1,5,1,
133,1,923,345,37,22,1,5,1,
133,5,829,87,25,33,1,5,1,
133,7,882,228,28,11,1,5,1,
133,14,911,389,43,16,1,5,1,
133,15,817,288,46,15,1,5,1,
133,20,929,52,30,39,1,5,1,
133,21,659,120,35,19,1,5,1,
133,22,812,303,20,12,1,5,1,
133,23,398,34,19,31,1,5,1,
133,36,938,446,20,16,1,5,1,
133,37,835,235,31,9,1,5,1,
134,1,929,347,31,20,1,5,1,
134,5,826,89,29,33,1,5,1,
134,7,879,228,28,11,1,5,1,
134,14,906,388,45,16,1,5,1,
134,15,814,287,46,16,1,5,1,
134,20,928,54,31,39,1,5,1,
134,21,656,121,35,19,1,5,1,
134,22,810,302,22,12,1,5,1,
134,23,398,31,21,32,1,5,1,
134,36,938,445,17,16,1,5,1,
134,37,832,235,32,10,1,5,1,
135,1,937,350,23,13,1,5,1,
135,5,824,91,30,33,1,5,1,
135,7,877,228,28,11,1,5,1,
135,14,902,387,45,15,1,5,1,
135,15,811,287,46,15,1,5,1,
135,20,926,56,31,39,1,5,1,
135,21,653,122,35,19,1,5,1,
135,22,808,302,23,12,1,5,1,
135,23,399,28,21,33,1,5,1,
135,36,939,444,14,15,1,5,1,
135,37,829,236,31,9,1,5,1,
136,5,821,93,32,33,1,5,1,
136,7,874,229,28,11,1,5,1,
136,14,899,386,44,14,1,5,1,
136,15,806,287,49,15,1,5,1,
136,20,925,59,31,38,1,5,1,
136,21,650,123,35,19,1,5,1,
136,22,806,301,25,12,1,5,1,
136,23,399,26,23,32,1,5,1,
136,36,940,443,14,14,1,5,1,
136,37,826,236,32,9,1,5,1,
137,5,819,95,31,32,1,5,1,
137,7,872,229,27,11,1,5,1,
137,14,896,385,42,14,1,5,1,
137,15,803,287,49,15,1,5,1,
137,20,923,61,31,38,1,5,1,
137,21,647,125,35,18,1,5,1,
137,22,804,301,25,12,1,5,1,
137,23,400,23,24,33,1,5,1,
137,28,953,143,7,9,1,5,1,
137,36,941,442,14,13,1,5,1,
137,37,823,236,31,9,1,5,1,
138,5,816,98,31,31,1,5,1,
138,7,869,229,27,11,1,5,1,
138,14,893,384,40,13,1,5,1,
138,15,800,287,48,14,1,5,1,
138,20,921,64,31,36,1,5,1,
138,21,644,126,34,17,1,5,1,
138,22,801,301,26,11,1,5,1,
138,23,401,20,25,33,1,5,1,
138,26,951,453,8,10,1,5,1,
138,28,950,142,9,11,1,5,1,
138,36,942,441,13,13,1,5,1,
138,37,820,237,31,8,1,5,1,
139,5,814,100,30,30,1,5,1,
139,7,866,230,28,10,1,5,1,
139,14,889,383,40,13,1,5,1,
139,15,797,287,48,14,1,5,1,
139,20,920,66,30,36,1,5,1,
139,21,641,127,33,17,1,5,1,
139,22,799,300,26,12,1,5,1,
139,23,402,17,27,32,1,5,1,
139,26,949,451,10,12,1,5,1,
139,28,947,143,12,11,1,5,1,
139,36,943,440,13,12,1,5,1,
139,37,817,237,30,9,1,5,1,
140,5,811,102,31,30,1,5,1,
140,7,863,230,29,11,1,5,1,
140,14,886,382,40,13,1,5,1,
140,15,793,287,49,14,1,5,1,
140,20,918,68,30,36,1,5,1,
140,21,638,128,34,17,1,5,1,
140,22,797,300,27,11,1,5,1,
140,23,403,14,29,33,1,5,1,
140,26,947,449,12,14,1,5,1,
140,28,944,143,15,12,1,5,1,
140,36,943,439,14,12,1,5,1,
140,37,814,237,31,9,1,5,1,
141,5,809,104,30,29,1,5,1,
141,7,861,231,28,10,1,5,1,
141,14,883,381,39,12,1,5,1,
141,15,790,286,48,14,1,5,1,
141,20,916,71,30,35,1,5,1,
141,21,635,130,33,16,1,5,1,
141,22,795,300,26,11,1,5,1,
141,23,405,11,30,33,1,5,1,
141,26,946,447,13,17,1,5,1,
141,28,941,144,18,12,1,5,1,
141,36,944,438,13,12,1,5,1,
141,37,811,237,30,9,1,5,1,
142,5,806,106,31,29,1,5,1,
142,7,858,231,28,10,1,5,1,
142,10,953,223,6,6,1,5,1,
142,14,879,380,39,12,1,5,1,
142,15,787,286,48,14,1,5,1,
142,20,915,73,30,34,1,5,1,
142,21,632,131,34,16,1,5,1,
142,22,793,300,26,11,1,5,1,
142,23,406,8,32,34,1,5,1,
142,26,943,445,16,17,1,5,1,
142,28,939,145,20,12,1,5,1,
142,36,945,437,13,12,1,5,1,
143,5,804,108,31,28,1,5,1,
143,7,856,231,28,10,1,5,1,
143,10,951,222,8,8,1,5,1,
143,14,876,379,40,13,1,5,1,
143,15,784,286,48,14,1,5,1,
143,20,913,75,30,34,1,5,1,
143,21,628,132,35,16,1,5,1,
143,22,791,299,27,11,1,5,1,
143,23,407,5,34,35,1,5,1,
143,26,942,444,17,18,1,5,1,
143,28,936,145,23,13,1,5,1,
143,36,945,436,13,12,1,5,1,
144,5,801,110,32,28,1,5,1,
144,7,853,232,28,10,1,5,1,
144,10,948,222,11,8,1,5,1,
144,14,873,378,39,13,1,5,1,
144,15,781,286,48,14,1,5,1,
144,20,911,77,30,34,1,5,1,
144,21,625,133,35,15,1,5,1,
144,22,789,299,26,11,1,5,1,
144,23,409,2,36,36,1,5,1,
144,26,941,442,18,18,1,5,1,
144,28,931,144,28,15,1,5,1,
144,36,946,435,13,12,1,5,1,
145,5,799,112,31,27,1,5,1,
145,7,850,232,29,10,1,5,1,
145,10,945,222,14,8,1,5,1,
145,14,870,377,38,13,1,5,1,
145,15,778,286,48,13,1,5,1,
145,20,910,79,30,33,1,5,1,
145,21,622,134,36,15,1,5,1,
145,22,786,299,27,10,1,5,1,
145,23,410,0,38,35,1,5,1,
145,26,939,441,20,17,1,5,1,
145,28,928,145,32,15,1,5,1,
145,36,946,434,13,12,1,5,1,
146,5,796,114,31,27,1,5,1,
146,7,848,232,28,10,1,5,1,
146,10,942,223,17,8,1,5,1,
146,14,868,376,36,13,1,5,1,
146,15,775,286,47,13,1,5,1,
146,20,908,81,30,33,1,5,1,
146,22,784,298,27,11,1,5,1,
146,23,412,-2,40,35,1,5,1,
146,26,938,440,21,17,1,5,1,
146,28,925,146,32,14,1,5,1,
146,36,947,433,12,12,1,5,1,
147,5,794,115,31,27,1,5,1,
147,7,845,233,28,9,1,5,1,
147,10,940,223,19,8,1,5,1,
147,14,866,376,35,12,1,5,1,
147,15,772,286,47,13,1,5,1,
147,20,906,83,30,32,1,5,1,
147,22,782,298,27,11,1,5,1,
147,23,414,-5,41,36,1,5,1,
147,26,938,438,21,20,1,5,1,
147,28,922,147,32,14,1,5,1,
147,36,947,432,12,12,1,5,1,
148,5,791,117,32,26,1,5,1,
148,7,842,233,29,10,1,5,1,
148,10,937,223,22,8,1,5,1,
148,14,863,375,35,12,1,5,1,
148,15,769,286,47,13,1,5,1,
148,20,904,85,31,32,1,5,1,
148,22,780,298,27,10,1,5,1,
148,23,416,-8,42,36,1,5,1,
148,26,937,437,22,19,1,5,1,
148,28,919,148,32,14,1,5,1,
148,36,948,431,11,12,1,5,1,
149,5,788,119,33,26,1,5,1,
149,7,839,233,29,10,1,5,1,
149,10,934,224,24,8,1,5,1,
149,14,860,374,36,12,1,5,1,
149,15,765,285,48,14,1,5,1,
149,20,902,87,32,31,1,5,1,
149,22,778,298,27,10,1,5,1,
149,23,418,-11,44,36,1,5,1,
149,26,935,436,24,19,1,5,1,
149,28,915,149,33,14,1,5,1,
149,36,948,430,11,12,1,5,1,
150,5,785,120,33,26,1,5,1,
150,7,837,234,29,9,1,5,1,
150,10,930,224,26,8,1,5,1,
150,14,857,374,37,11,1,5,1,
150,15,762,285,48,13,1,5,1,
150,20,900,88,33,32,1,5,1,
150,22,775,297,28,11,1,5,1,
150,23,420,-15,47,37,1,5,1,
150,26,934,435,24,18,1,5,1,
150,28,912,150,32,14,1,5,1,
150,36,948,429,11,12,1,5,1,
