1,1,662,458,195,46,1,5,1,
1,2,317,344,108,25,1,5,1,
1,3,175,102,85,30,1,5,1,
1,4,764,71,196,44,1,5,1,
1,5,436,312,30,15,1,5,1,
1,6,543,153,13,21,1,5,1,
1,7,34,308,101,20,1,5,1,
1,8,726,246,134,26,1,5,1,
1,9,766,51,111,23,1,5,1,
1,10,266,422,54,57,1,5,1,
1,11,592,197,89,19,1,5,1,
1,12,463,168,53,23,1,5,1,
1,13,175,33,73,35,1,5,1,
1,14,69,0,25,21,1,5,1,
1,15,660,47,48,32,1,5,1,
1,16,383,485,71,42,1,5,1,
1,17,248,267,86,20,1,5,1,
1,18,-15,281,95,20,1,5,1,
1,19,910,500,36,38,1,5,1,
1,20,463,448,58,14,1,5,1,
1,21,263,75,82,19,1,5,1,
1,22,616,148,34,18,1,5,1,
1,23,76,174,70,31,1,5,1,
2,1,651,454,191,46,1,5,1,
2,2,309,342,95,25,1,5,1,
2,3,188,106,80,29,1,5,1,
2,4,786,69,174,41,1,5,1,
2,5,437,311,34,15,1,5,1,
2,6,543,156,17,18,1,5,1,
2,7,27,309,95,20,1,5,1,
2,8,735,245,140,28,1,5,1,
2,9,779,50,105,24,1,5,1,
2,10,259,419,71,56,1,5,1,
2,11,587,195,83,21,1,5,1,
2,12,472,171,45,21,1,5,1,
2,13,187,36,65,34,1,5,1,
2,14,74,0,28,27,1,5,1,
2,15,668,44,41,31,1,5,1,
2,16,385,481,54,47,1,5,1,
2,17,255,267,89,20,1,5,1,
2,18,-25,281,100,21,1,5,1,
2,19,900,507,52,31,1,5,1,
2,20,472,449,56,14,1,5,1,
2,21,253,72,81,20,1,5,1,
2,22,617,147,25,17,1,5,1,
2,23,77,177,79,30,1,5,1,
3,1,641,449,182,51,1,5,1,
3,2,304,341,81,25,1,5,1,
3,3,201,109,74,28,1,5,1,
3,4,809,67,151,42,1,5,1,
3,5,439,311,38,15,1,5,1,
3,6,543,158,22,17,1,5,1,
3,7,21,309,88,20,1,5,1,
3,8,744,245,146,29,1,5,1,
3,9,792,49,101,24,1,5,1,
3,10,260,416,80,54,1,5,1,
3,11,583,194,77,22,1,5,1,
3,12,481,172,37,21,1,5,1,
3,13,197,39,58,34,1,5,1,
3,14,78,0,31,32,1,5,1,
3,15,672,42,43,31,1,5,1,
3,16,384,477,43,48,1,5,1,
3,17,262,267,91,20,1,5,1,
3,18,-32,281,100,22,1,5,1,
3,19,890,512,65,26,1,5,1,
3,20,482,450,53,13,1,5,1,
3,21,243,68,80,23,1,5,1,
3,22,617,145,18,18,1,5,1,
3,23,82,178,83,31,1,5,1,
4,1,634,444,171,56,1,5,1,
4,2,300,340,69,25,1,5,1,
4,3,211,112,72,27,1,5,1,
4,4,832,66,128,42,1,5,1,
4,5,443,311,39,14,1,5,1,
4,6,544,159,26,18,1,5,1,
4,7,15,308,83,21,1,5,1,
4,8,754,245,150,29,1,5,1,
4,9,802,49,99,24,1,5,1,
4,10,263,414,86,51,1,5,1,
4,11,580,192,71,23,1,5,1,
4,12,487,173,32,22,1,5,1,
4,13,205,41,54,35,1,5,1,
4,14,78,0,39,37,1,5,1,
4,15,673,39,50,32,1,5,1,
4,16,384,473,33,49,1,5,1,
4,17,270,267,91,20,1,5,1,
4,18,-38,281,97,22,1,5,1,
4,19,879,512,76,25,1,5,1,
4,20,490,449,51,13,1,5,1,
4,21,234,64,79,27,1,5,1,
4,22,617,143,18,19,1,5,1,
4,23,87,179,88,32,1,5,1,
5,1,628,439,159,59,1,5,1,
5,2,298,339,57,24,1,5,1,
5,3,220,115,72,26,1,5,1,
5,4,855,65,105,43,1,5,1,
5,5,447,310,40,15,1,5,1,
5,6,545,161,30,17,1,5,1,
5,7,11,308,75,21,1,5,1,
5,8,765,246,154,30,1,5,1,
5,9,812,48,97,24,1,5,1,
5,10,268,412,91,48,1,5,1,
5,11,578,189,64,25,1,5,1,
5,12,489,174,35,22,1,5,1,
5,13,210,45,54,34,1,5,1,
5,14,78,0,48,43,1,5,1,
5,15,674,37,57,32,1,5,1,
5,16,385,469,27,50,1,5,1,
5,17,279,267,90,20,1,5,1,
5,18,-43,282,92,20,1,5,1,
5,19,868,511,86,24,1,5,1,
5,20,499,449,47,12,1,5,1,
5,21,225,58,78,32,1,5,1,
5,22,617,142,19,19,1,5,1,
5,23,94,181,90,31,1,5,1,
6,1,625,434,143,62,1,5,1,
6,2,298,337,44,24,1,5,1,
6,3,229,119,72,24,1,5,1,
6,4,877,65,83,39,1,5,1,
6,5,450,310,42,14,1,5,1,
6,6,547,162,34,17,1,5,1,
6,7,9,308,66,22,1,5,1,
6,8,777,246,156,31,1,5,1,
6,9,822,48,95,24,1,5,1,
6,10,274,411,95,45,1,5,1,
6,11,576,187,58,26,1,5,1,
6,12,490,176,41,22,1,5,1,
6,13,214,49,57,32,1,5,1,
6,14,76,0,58,47,1,5,1,
6,15,674,34,65,33,1,5,1,
6,16,387,465,26,50,1,5,1,
6,17,288,267,89,20,1,5,1,
6,18,-47,282,85,17,1,5,1,
6,19,857,509,95,24,1,5,1,
6,20,508,448,43,12,1,5,1,
6,21,216,51,77,37,1,5,1,
6,22,618,140,19,19,1,5,1,
6,23,101,183,93,31,1,5,1,
7,1,623,429,127,64,1,5,1,
7,2,296,335,35,24,1,5,1,
7,3,238,122,72,21,1,5,1,
7,4,896,67,64,31,1,5,1,
7,5,453,310,45,14,1,5,1,
7,6,550,164,37,16,1,5,1,
7,7,7,308,58,22,1,5,1,
7,8,790,247,155,31,1,5,1,
7,9,832,48,93,24,1,5,1,
7,10,279,410,101,41,1,5,1,
7,11,576,184,50,28,1,5,1,
7,12,491,178,47,21,1,5,1,
7,13,219,53,60,29,1,5,1,
7,14,76,0,67,52,1,5,1,
7,15,675,32,73,33,1,5,1,
7,16,390,462,25,49,1,5,1,
7,17,296,267,89,20,1,5,1,
7,18,-50,284,78,12,1,5,1,
7,19,847,506,101,26,1,5,1,
7,20,516,446,39,13,1,5,1,
7,21,209,43,75,43,1,5,1,
7,22,617,138,22,20,1,5,1,
7,23,109,185,94,30,1,5,1,
8,1,622,425,110,64,1,5,1,
8,2,295,333,28,24,1,5,1,
8,3,248,124,72,20,1,5,1,
8,5,456,309,48,14,1,5,1,
8,6,553,166,40,15,1,5,1,
8,7,8,309,46,22,1,5,1,
8,8,805,247,151,31,1,5,1,
8,9,844,47,85,25,1,5,1,
8,10,285,410,105,37,1,5,1,
8,11,576,181,42,30,1,5,1,
8,12,494,180,51,19,1,5,1,
8,13,224,57,62,26,1,5,1,
8,14,80,2,72,54,1,5,1,
8,15,677,30,80,32,1,5,1,
8,16,391,459,27,48,1,5,1,
8,17,305,267,87,20,1,5,1,
8,19,837,503,106,28,1,5,1,
8,20,522,445,39,13,1,5,1,
8,21,201,35,73,48,1,5,1,
8,22,615,136,29,21,1,5,1,
8,23,118,188,95,28,1,5,1,
9,1,623,420,94,65,1,5,1,
9,2,297,331,24,24,1,5,1,
9,3,257,126,71,19,1,5,1,
9,5,460,309,51,14,1,5,1,
9,6,557,167,43,15,1,5,1,
9,7,9,309,35,23,1,5,1,
9,8,820,247,139,31,1,5,1,
9,9,853,47,82,26,1,5,1,
9,10,291,410,109,34,1,5,1,
9,11,578,178,34,32,1,5,1,
9,12,498,181,55,19,1,5,1,
9,13,230,60,63,24,1,5,1,
9,14,86,8,74,51,1,5,1,
9,15,679,29,86,31,1,5,1,
9,16,388,456,37,47,1,5,1,
9,17,313,267,87,20,1,5,1,
9,19,827,500,111,31,1,5,1,
9,20,527,444,40,12,1,5,1,
9,21,195,26,70,53,1,5,1,
9,22,614,134,38,21,1,5,1,
9,23,126,190,95,27,1,5,1,
10,1,626,416,75,63,1,5,1,
10,2,299,329,24,23,1,5,1,
10,3,267,127,70,18,1,5,1,
10,5,464,309,53,14,1,5,1,
10,6,561,169,46,14,1,5,1,
10,7,7,309,36,23,1,5,1,
10,8,836,247,124,31,1,5,1,
10,9,863,48,78,25,1,5,1,
10,10,298,410,111,31,1,5,1,
10,11,580,175,25,34,1,5,1,
10,12,502,183,59,18,1,5,1,
10,13,237,63,63,22,1,5,1,
10,14,93,14,76,48,1,5,1,
10,15,681,28,93,28,1,5,1,
10,16,386,453,46,45,1,5,1,
10,17,321,266,87,21,1,5,1,
10,19,819,496,111,35,1,5,1,
10,20,531,443,42,12,1,5,1,
10,21,190,17,65,57,1,5,1,
10,22,614,132,46,22,1,5,1,
10,23,136,193,94,25,1,5,1,
11,1,626,413,61,61,1,5,1,
11,2,303,327,22,22,1,5,1,
11,3,276,128,69,17,1,5,1,
11,5,468,309,56,13,1,5,1,
11,6,566,170,48,13,1,5,1,
11,7,7,310,36,23,1,5,1,
11,8,849,246,111,31,1,5,1,
11,9,871,48,75,26,1,5,1,
11,10,305,407,113,31,1,5,1,
11,11,580,171,25,37,1,5,1,
11,12,508,184,60,17,1,5,1,
11,13,244,66,63,20,1,5,1,
11,14,100,20,77,45,1,5,1,
11,15,685,28,97,25,1,5,1,
11,16,385,451,54,42,1,5,1,
11,17,329,266,87,21,1,5,1,
11,19,811,492,111,38,1,5,1,
11,20,536,442,43,12,1,5,1,
11,21,186,7,60,62,1,5,1,
11,22,614,130,55,22,1,5,1,
11,23,146,195,92,24,1,5,1,
12,1,626,410,48,57,1,5,1,
12,2,304,325,27,22,1,5,1,
12,3,286,128,67,17,1,5,1,
12,5,473,309,57,13,1,5,1,
12,6,571,171,50,12,1,5,1,
12,7,9,310,37,24,1,5,1,
12,8,863,246,97,31,1,5,1,
12,9,880,49,71,26,1,5,1,
12,10,313,405,113,29,1,5,1,
12,11,580,167,26,39,1,5,1,
12,12,514,184,59,17,1,5,1,
12,13,251,68,63,20,1,5,1,
12,14,109,26,76,41,1,5,1,
12,15,689,27,100,23,1,5,1,
12,16,386,449,61,39,1,5,1,
12,17,338,266,86,21,1,5,1,
12,19,804,488,108,41,1,5,1,
12,20,543,441,41,12,1,5,1,
12,21,184,0,52,62,1,5,1,
12,22,616,129,63,21,1,5,1,
12,23,156,197,90,22,1,5,1,
13,1,626,407,37,53,1,5,1,
13,2,303,323,36,21,1,5,1,
13,3,293,128,68,17,1,5,1,
13,5,478,309,58,13,1,5,1,
13,6,577,171,50,12,1,5,1,
13,7,11,311,38,24,1,5,1,
13,8,875,246,85,29,1,5,1,
13,9,888,49,68,26,1,5,1,
13,10,321,403,114,28,1,5,1,
13,11,582,163,26,40,1,5,1,
13,12,521,185,59,16,1,5,1,
13,13,259,71,61,18,1,5,1,
13,14,117,31,76,37,1,5,1,
13,15,694,27,102,22,1,5,1,
13,16,387,447,68,36,1,5,1,
13,17,345,266,86,21,1,5,1,
13,19,798,484,104,42,1,5,1,
13,20,548,440,42,12,1,5,1,
13,21,185,-8,42,62,1,5,1,
13,22,619,127,70,21,1,5,1,
13,23,166,199,87,20,1,5,1,
14,1,628,404,33,50,1,5,1,
14,2,305,322,42,20,1,5,1,
14,3,301,129,68,17,1,5,1,
14,5,484,309,59,13,1,5,1,
14,6,584,171,50,12,1,5,1,
14,7,6,311,49,25,1,5,1,
14,8,888,247,72,28,1,5,1,
14,9,897,49,62,27,1,5,1,
14,10,328,402,116,28,1,5,1,
14,11,582,158,28,43,1,5,1,
14,12,527,185,59,17,1,5,1,
14,13,266,73,60,17,1,5,1,
14,14,126,36,74,34,1,5,1,
14,15,700,26,102,22,1,5,1,
14,16,389,446,74,32,1,5,1,
14,17,353,266,86,21,1,5,1,
14,19,793,480,99,44,1,5,1,
14,20,554,439,42,12,1,5,1,
14,21,185,-17,34,63,1,5,1,
14,22,623,126,76,21,1,5,1,
14,23,176,200,84,19,1,5,1,
15,1,631,402,32,45,1,5,1,
15,2,307,320,49,20,1,5,1,
15,3,309,129,68,17,1,5,1,
15,5,490,309,59,13,1,5,1,
15,6,590,171,50,12,1,5,1,
15,7,3,312,63,25,1,5,1,
15,8,899,249,61,26,1,5,1,
15,9,904,50,56,27,1,5,1,
15,10,336,401,117,28,1,5,1,
15,11,579,155,36,42,1,5,1,
15,12,533,185,59,17,1,5,1,
15,13,274,76,59,15,1,5,1,
15,14,135,41,72,29,1,5,1,
15,15,707,26,100,22,1,5,1,
15,16,392,444,79,30,1,5,1,
15,17,361,267,86,21,1,5,1,
15,19,789,477,92,43,1,5,1,
15,20,560,438,41,12,1,5,1,
15,21,189,-25,22,63,1,5,1,
15,22,627,124,82,21,1,5,1,
15,23,184,199,82,20,1,5,1,
16,1,635,400,31,42,1,5,1,
16,2,311,319,55,19,1,5,1,
16,3,318,129,67,17,1,5,1,
16,5,496,309,59,13,1,5,1,
16,6,596,171,51,12,1,5,1,
16,7,2,312,73,26,1,5,1,
16,8,911,252,49,21,1,5,1,
16,9,911,50,49,28,1,5,1,
16,10,345,400,117,28,1,5,1,
16,11,577,152,47,41,1,5,1,
16,12,539,185,59,17,1,5,1,
16,13,281,77,57,14,1,5,1,
16,14,144,45,69,26,1,5,1,
16,15,714,25,98,23,1,5,1,
16,16,396,444,83,26,1,5,1,
16,17,368,267,86,21,1,5,1,
16,19,786,473,85,44,1,5,1,
16,20,566,437,41,12,1,5,1,
16,21,189,-33,15,62,1,5,1,
16,22,633,123,85,21,1,5,1,
16,23,193,199,79,18,1,5,1,
17,1,630,399,44,38,1,5,1,
17,2,316,318,59,19,1,5,1,
17,3,326,130,67,17,1,5,1,
17,5,502,309,59,13,1,5,1,
17,6,602,170,52,13,1,5,1,
17,7,5,313,77,26,1,5,1,
17,9,919,51,41,28,1,5,1,
17,10,354,399,117,29,1,5,1,
17,11,575,149,59,39,1,5,1,
17,12,546,186,58,16,1,5,1,
17,13,287,77,57,14,1,5,1,
17,14,153,49,66,23,1,5,1,
17,15,723,24,92,24,1,5,1,
17,16,401,443,86,23,1,5,1,
17,17,375,267,87,21,1,5,1,
17,19,784,470,76,43,1,5,1,
17,20,571,437,42,11,1,5,1,
17,21,188,-40,10,59,1,5,1,
17,22,640,122,88,21,1,5,1,
17,23,201,198,76,18,1,5,1,
18,1,627,398,56,34,1,5,1,
18,2,322,317,63,18,1,5,1,
18,3,334,130,67,17,1,5,1,
18,5,508,309,59,13,1,5,1,
18,6,608,170,52,12,1,5,1,
18,7,10,313,79,26,1,5,1,
18,9,926,51,34,29,1,5,1,
18,10,364,399,115,29,1,5,1,
18,11,574,147,70,37,1,5,1,
18,12,552,186,58,16,1,5,1,
18,13,294,77,56,14,1,5,1,
18,14,162,53,62,19,1,5,1,
18,15,731,24,86,25,1,5,1,
18,16,406,443,88,22,1,5,1,
18,17,382,267,88,21,1,5,1,
18,19,783,467,67,42,1,5,1,
18,20,577,436,41,11,1,5,1,
18,22,647,122,90,20,1,5,1,
18,23,209,197,73,19,1,5,1,
19,1,626,397,67,31,1,5,1,
19,2,329,316,67,18,1,5,1,
19,3,342,130,66,16,1,5,1,
19,5,514,309,60,13,1,5,1,
19,6,614,170,53,12,1,5,1,
19,7,16,314,81,26,1,5,1,
19,9,932,52,28,30,1,5,1,
19,10,373,399,115,29,1,5,1,
19,11,574,144,81,36,1,5,1,
19,12,557,186,59,17,1,5,1,
19,13,300,77,55,13,1,5,1,
19,14,170,56,59,16,1,5,1,
19,15,740,23,79,26,1,5,1,
19,16,412,443,90,22,1,5,1,
19,17,390,267,88,21,1,5,1,
19,19,783,464,58,41,1,5,1,
19,20,582,435,42,11,1,5,1,
19,22,656,121,90,20,1,5,1,
19,23,216,197,71,19,1,5,1,
20,1,625,396,79,29,1,5,1,
20,2,336,315,70,17,1,5,1,
20,3,350,129,66,16,1,5,1,
20,5,519,309,61,13,1,5,1,
20,6,620,170,53,12,1,5,1,
20,7,22,314,82,27,1,5,1,
20,9,939,53,21,30,1,5,1,
20,10,383,399,113,29,1,5,1,
20,11,574,142,92,33,1,5,1,
20,12,564,187,56,16,1,5,1,
20,13,306,76,55,13,1,5,1,
20,14,177,55,55,16,1,5,1,
20,15,749,21,70,30,1,5,1,
20,16,418,443,91,23,1,5,1,
20,17,397,267,90,21,1,5,1,
20,19,784,462,48,38,1,5,1,
20,20,587,434,43,12,1,5,1,
20,22,664,121,89,20,1,5,1,
20,23,222,196,70,19,1,5,1,
21,1,626,396,88,28,1,5,1,
21,2,344,315,72,16,1,5,1,
21,3,358,128,66,16,1,5,1,
21,5,525,309,61,13,1,5,1,
21,6,627,170,52,12,1,5,1,
21,7,28,315,83,26,1,5,1,
21,9,944,54,16,31,1,5,1,
21,10,392,399,112,30,1,5,1,
21,11,576,140,101,31,1,5,1,
21,12,571,187,52,17,1,5,1,
21,13,312,76,54,13,1,5,1,
21,14,185,54,51,16,1,5,1,
21,15,758,19,60,33,1,5,1,
21,16,425,444,91,23,1,5,1,
21,17,405,267,90,21,1,5,1,
21,19,785,460,38,36,1,5,1,
21,20,593,434,43,11,1,5,1,
21,22,673,121,88,20,1,5,1,
21,23,227,196,71,19,1,5,1,
22,1,629,395,97,28,1,5,1,
22,2,353,314,73,17,1,5,1,
22,3,365,128,67,16,1,5,1,
22,5,531,309,61,14,1,5,1,
22,6,633,170,52,12,1,5,1,
22,7,35,315,83,27,1,5,1,
22,10,401,400,112,30,1,5,1,
22,11,579,138,109,29,1,5,1,
22,12,577,188,50,16,1,5,1,
22,13,317,75,55,13,1,5,1,
22,14,191,51,47,17,1,5,1,
22,15,765,19,55,34,1,5,1,
22,16,432,446,91,22,1,5,1,
22,17,412,267,91,22,1,5,1,
22,19,785,458,30,33,1,5,1,
22,20,599,433,42,11,1,5,1,
22,22,682,120,88,21,1,5,1,
22,23,233,196,71,19,1,5,1,
23,1,633,395,102,28,1,5,1,
23,2,362,314,74,17,1,5,1,
23,3,372,128,67,16,1,5,1,
23,5,537,309,61,14,1,5,1,
23,6,639,170,52,12,1,5,1,
23,7,41,315,85,27,1,5,1,
23,10,408,401,114,30,1,5,1,
23,11,583,136,115,28,1,5,1,
23,12,582,189,50,16,1,5,1,
23,13,323,75,54,13,1,5,1,
23,14,198,49,41,17,1,5,1,
23,15,770,20,53,35,1,5,1,
23,16,438,447,92,22,1,5,1,
23,17,420,267,92,22,1,5,1,
23,19,785,456,24,31,1,5,1,
23,20,604,433,43,11,1,5,1,
23,22,690,120,88,21,1,5,1,
23,23,238,196,72,19,1,5,1,
24,1,640,395,103,28,1,5,1,
24,2,372,314,73,17,1,5,1,
24,3,380,128,67,16,1,5,1,
24,5,543,309,62,14,1,5,1,
24,6,645,170,52,12,1,5,1,
24,7,48,316,87,27,1,5,1,
24,10,416,401,115,31,1,5,1,
24,11,589,135,119,28,1,5,1,
24,12,587,189,49,16,1,5,1,
24,13,328,74,55,13,1,5,1,
24,14,203,46,38,18,1,5,1,
24,15,774,22,51,34,1,5,1,
24,16,445,448,92,22,1,5,1,
24,17,427,267,93,22,1,5,1,
24,19,786,455,21,28,1,5,1,
24,20,610,432,43,11,1,5,1,
24,22,699,120,88,21,1,5,1,
24,23,243,195,74,19,1,5,1,
25,1,648,394,102,28,1,5,1,
25,2,382,314,72,16,1,5,1,
25,3,388,128,67,16,1,5,1,
25,5,549,309,62,14,1,5,1,
25,6,652,170,51,12,1,5,1,
25,7,54,316,89,28,1,5,1,
25,10,424,402,116,31,1,5,1,
25,11,595,134,123,28,1,5,1,
25,12,593,190,48,16,1,5,1,
25,13,333,73,55,13,1,5,1,
25,14,207,44,38,18,1,5,1,
25,15,778,23,50,35,1,5,1,
25,16,452,448,93,22,1,5,1,
25,17,435,267,94,22,1,5,1,
25,19,789,454,19,25,1,5,1,
25,20,616,431,42,12,1,5,1,
25,22,707,120,89,21,1,5,1,
25,23,249,195,75,19,1,5,1,
26,1,657,394,100,27,1,5,1,
26,2,392,314,71,16,1,5,1,
26,3,396,128,67,16,1,5,1,
26,5,556,309,61,14,1,5,1,
26,6,658,170,51,12,1,5,1,
26,7,60,317,93,27,1,5,1,
26,10,432,403,117,30,1,5,1,
26,11,603,133,123,28,1,5,1,
26,12,598,190,47,16,1,5,1,
26,13,339,73,55,13,1,5,1,
26,14,210,43,39,17,1,5,1,
26,15,782,25,49,34,1,5,1,
26,16,459,448,93,23,1,5,1,
26,17,443,267,95,22,1,5,1,
26,19,791,453,19,23,1,5,1,
26,20,622,431,41,11,1,5,1,
26,22,716,120,88,21,1,5,1,
26,23,255,195,75,19,1,5,1,
27,1,665,393,99,28,1,5,1,
27,2,402,313,69,16,1,5,1,
27,3,403,128,68,16,1,5,1,
27,5,562,309,61,14,1,5,1,
27,6,664,170,51,13,1,5,1,
27,7,67,317,95,28,1,5,1,
27,10,440,403,118,31,1,5,1,
27,11,612,132,122,29,1,5,1,
27,12,603,191,46,15,1,5,1,
27,13,344,72,55,14,1,5,1,
27,14,212,41,41,18,1,5,1,
27,15,786,26,47,35,1,5,1,
27,16,465,449,94,22,1,5,1,
27,17,451,267,95,22,1,5,1,
27,19,792,451,20,23,1,5,1,
27,20,627,430,42,11,1,5,1,
27,22,725,119,87,21,1,5,1,
27,23,261,194,76,20,1,5,1,
28,1,674,393,97,27,1,5,1,
28,2,412,313,68,16,1,5,1,
28,3,412,128,66,17,1,5,1,
28,5,568,309,61,14,1,5,1,
28,6,671,170,50,13,1,5,1,
28,7,75,317,96,28,1,5,1,
28,10,448,404,120,31,1,5,1,
28,11,622,131,118,30,1,5,1,
28,12,608,191,45,16,1,5,1,
28,13,349,72,56,13,1,5,1,
28,14,216,40,42,17,1,5,1,
28,15,790,28,45,34,1,5,1,
28,16,473,449,94,23,1,5,1,
28,17,459,267,96,22,1,5,1,
28,19,794,450,19,22,1,5,1,
28,20,633,429,41,12,1,5,1,
28,22,734,119,87,21,1,5,1,
28,23,267,194,77,19,1,5,1,
29,1,683,392,95,27,1,5,1,
29,2,422,313,66,15,1,5,1,
29,3,419,129,67,16,1,5,1,
29,5,575,309,60,14,1,5,1,
29,6,677,170,49,13,1,5,1,
29,7,82,318,98,28,1,5,1,
29,10,456,405,121,31,1,5,1,
29,11,633,131,112,30,1,5,1,
29,12,613,191,44,16,1,5,1,
29,13,354,72,57,13,1,5,1,
29,14,219,38,43,18,1,5,1,
29,15,794,30,43,34,1,5,1,
29,16,480,450,94,22,1,5,1,
29,17,468,268,96,22,1,5,1,
29,19,795,448,19,22,1,5,1,
29,20,639,429,40,11,1,5,1,
29,22,743,119,86,21,1,5,1,
29,23,273,194,78,19,1,5,1,
30,1,691,392,93,27,1,5,1,
30,2,431,312,65,16,1,5,1,
30,3,428,129,66,16,1,5,1,
30,5,581,309,60,14,1,5,1,
30,6,683,170,49,13,1,5,1,
30,7,90,318,100,28,1,5,1,
30,10,465,405,122,32,1,5,1,
30,11,645,131,103,31,1,5,1,
30,12,618,192,42,16,1,5,1,
30,13,361,70,55,14,1,5,1,
30,14,223,36,43,18,1,5,1,
30,15,797,31,42,34,1,5,1,
30,16,487,450,95,23,1,5,1,
30,17,476,268,97,23,1,5,1,
30,19,797,446,18,22,1,5,1,
30,20,645,428,39,11,1,5,1,
30,22,751,119,87,21,1,5,1,
30,23,280,193,78,20,1,5,1,
31,1,700,391,91,27,1,5,1,
31,2,441,312,63,15,1,5,1,
31,3,436,129,65,16,1,5,1,
31,5,588,309,59,14,1,5,1,
31,6,690,170,47,13,1,5,1,
31,7,99,318,100,29,1,5,1,
31,10,474,406,122,31,1,5,1,
31,11,658,131,93,31,1,5,1,
31,12,623,192,41,16,1,5,1,
31,13,368,69,53,14,1,5,1,
31,14,227,34,43,18,1,5,1,
31,15,801,33,40,34,1,5,1,
31,16,495,450,94,23,1,5,1,
31,17,484,268,98,23,1,5,1,
31,19,798,445,18,22,1,5,1,
31,20,651,427,38,11,1,5,1,
31,22,761,119,85,21,1,5,1,
31,23,286,193,79,20,1,5,1,
32,1,708,390,89,27,1,5,1,
32,2,450,311,61,16,1,5,1,
32,3,444,129,65,16,1,5,1,
32,5,594,309,58,14,1,5,1,
32,6,696,171,46,12,1,5,1,
32,7,107,319,102,28,1,5,1,
32,10,482,407,124,31,1,5,1,
32,11,669,130,86,33,1,5,1,
32,12,627,193,41,15,1,5,1,
32,13,375,67,50,14,1,5,1,
32,14,231,32,43,19,1,5,1,
32,15,804,34,39,34,1,5,1,
32,16,502,451,95,23,1,5,1,
32,17,492,268,100,23,1,5,1,
32,19,799,443,18,22,1,5,1,
32,20,656,427,37,11,1,5,1,
32,22,769,119,85,21,1,5,1,
32,23,293,193,79,20,1,5,1,
33,1,718,390,85,27,1,5,1,
33,2,460,311,59,15,1,5,1,
33,3,453,130,63,16,1,5,1,
33,5,601,309,57,14,1,5,1,
33,6,703,171,45,13,1,5,1,
33,7,117,319,102,29,1,5,1,
33,10,493,407,123,32,1,5,1,
33,11,680,130,81,33,1,5,1,
33,12,633,193,38,16,1,5,1,
33,13,381,65,50,15,1,5,1,
33,14,235,30,44,19,1,5,1,
33,15,808,36,37,34,1,5,1,
33,16,510,451,94,23,1,5,1,
33,17,502,268,99,24,1,5,1,
33,19,800,442,18,21,1,5,1,
33,20,663,426,35,11,1,5,1,
33,22,779,119,84,21,1,5,1,
33,23,300,193,79,19,1,5,1,
34,1,724,389,85,27,1,5,1,
34,2,468,311,58,15,1,5,1,
34,3,460,130,64,16,1,5,1,
34,5,607,309,56,14,1,5,1,
34,6,708,171,45,13,1,5,1,
34,7,124,319,104,29,1,5,1,
34,10,501,408,125,31,1,5,1,
34,11,686,131,80,33,1,5,1,
34,12,636,194,39,15,1,5,1,
34,13,385,64,51,15,1,5,1,
34,14,238,28,45,19,1,5,1,
34,15,811,38,36,33,1,5,1,
34,16,517,451,95,23,1,5,1,
34,17,510,268,100,24,1,5,1,
34,19,801,440,18,22,1,5,1,
34,20,668,425,35,11,1,5,1,
34,22,787,119,84,21,1,5,1,
34,23,306,192,80,20,1,5,1,
35,1,731,389,85,26,1,5,1,
35,2,475,310,59,15,1,5,1,
35,3,467,130,64,16,1,5,1,
35,5,612,309,57,14,1,5,1,
35,6,713,171,45,13,1,5,1,
35,7,133,319,106,30,1,5,1,
35,10,509,408,127,32,1,5,1,
35,11,693,132,79,33,1,5,1,
35,12,640,194,38,16,1,5,1,
35,13,389,63,52,15,1,5,1,
35,14,242,27,46,18,1,5,1,
35,15,813,39,35,34,1,5,1,
35,16,523,452,96,23,1,5,1,
35,17,518,268,102,24,1,5,1,
35,19,802,439,18,21,1,5,1,
35,20,672,425,35,10,1,5,1,
35,22,795,119,84,21,1,5,1,
35,23,312,192,82,20,1,5,1,
36,1,739,388,83,26,1,5,1,
36,2,484,310,57,15,1,5,1,
36,3,475,131,63,16,1,5,1,
36,5,618,309,56,13,1,5,1,
36,6,719,171,43,13,1,5,1,
36,7,142,320,107,29,1,5,1,
36,10,518,409,128,32,1,5,1,
36,11,700,134,77,32,1,5,1,
36,12,644,195,38,15,1,5,1,
36,13,394,62,53,15,1,5,1,
36,14,245,25,48,19,1,5,1,
36,15,816,41,33,33,1,5,1,
36,16,531,452,96,23,1,5,1,
36,17,527,268,102,24,1,5,1,
36,19,802,437,18,21,1,5,1,
36,20,677,424,35,10,1,5,1,
36,22,803,119,84,21,1,5,1,
36,23,319,192,82,20,1,5,1,
37,1,746,387,81,27,1,5,1,
37,2,491,310,57,14,1,5,1,
37,3,482,131,63,16,1,5,1,
37,5,624,309,56,13,1,5,1,
37,6,725,171,41,13,1,5,1,
37,7,150,320,109,30,1,5,1,
37,10,527,409,129,32,1,5,1,
37,11,707,135,75,31,1,5,1,
37,12,648,195,37,15,1,5,1,
37,13,399,61,54,15,1,5,1,
37,14,249,23,49,19,1,5,1,
37,15,819,42,32,34,1,5,1,
37,16,538,452,97,23,1,5,1,
37,17,536,268,103,24,1,5,1,
37,19,803,436,18,21,1,5,1,
37,20,682,423,34,11,1,5,1,
37,22,811,119,84,21,1,5,1,
37,23,325,191,84,21,1,5,1,
38,1,753,387,80,26,1,5,1,
38,2,499,309,56,15,1,5,1,
38,3,490,132,62,15,1,5,1,
38,5,630,309,56,14,1,5,1,
38,6,732,171,37,13,1,5,1,
38,7,160,320,110,30,1,5,1,
38,10,537,410,129,32,1,5,1,
38,11,714,136,73,31,1,5,1,
38,12,653,196,35,15,1,5,1,
38,13,404,60,54,15,1,5,1,
38,14,253,21,50,19,1,5,1,
38,15,822,44,30,33,1,5,1,
38,16,546,452,96,23,1,5,1,
38,17,546,267,102,24,1,5,1,
38,19,803,434,18,21,1,5,1,
38,20,687,422,33,11,1,5,1,
38,22,820,119,83,21,1,5,1,
38,23,332,191,84,20,1,5,1,
39,1,760,386,79,26,1,5,1,
39,2,507,309,55,15,1,5,1,
39,3,498,132,61,16,1,5,1,
39,5,636,309,56,14,1,5,1,
39,6,737,172,36,12,1,5,1,
39,7,169,321,111,30,1,5,1,
39,10,546,410,130,32,1,5,1,
39,11,720,137,72,31,1,5,1,
39,12,656,196,35,15,1,5,1,
39,13,409,59,55,15,1,5,1,
39,14,257,19,51,20,1,5,1,
39,15,825,45,29,34,1,5,1,
39,16,553,452,97,24,1,5,1,
39,17,554,267,104,24,1,5,1,
39,19,804,433,17,20,1,5,1,
39,20,692,421,32,11,1,5,1,
39,22,828,119,83,21,1,5,1,
39,23,339,191,85,20,1,5,1,
40,1,767,386,78,25,1,5,1,
40,2,515,309,54,14,1,5,1,
40,3,506,133,60,15,1,5,1,
40,5,643,310,54,14,1,5,1,
40,6,743,172,34,13,1,5,1,
40,7,179,321,112,30,1,5,1,
40,10,556,411,130,32,1,5,1,
40,11,727,138,70,31,1,5,1,
40,12,661,197,33,15,1,5,1,
40,13,414,58,56,15,1,5,1,
40,14,262,17,51,20,1,5,1,
40,15,828,47,27,33,1,5,1,
40,16,561,453,96,23,1,5,1,
40,17,564,267,103,24,1,5,1,
40,19,804,432,18,20,1,5,1,
40,20,698,421,29,10,1,5,1,
40,22,837,119,82,21,1,5,1,
40,23,347,191,84,20,1,5,1,
41,1,773,385,78,26,1,5,1,
41,2,522,308,53,15,1,5,1,
41,3,513,133,60,16,1,5,1,
41,5,649,310,54,14,1,5,1,
41,6,747,173,34,12,1,5,1,
41,7,188,321,114,31,1,5,1,
41,10,565,411,131,33,1,5,1,
41,11,733,139,69,30,1,5,1,
41,12,664,197,32,15,1,5,1,
41,13,419,58,57,15,1,5,1,
41,14,266,15,53,20,1,5,1,
41,15,830,48,26,34,1,5,1,
41,16,568,453,97,23,1,5,1,
41,17,573,267,104,24,1,5,1,
41,19,805,430,17,20,1,5,1,
41,20,702,420,29,10,1,5,1,
41,22,845,119,82,21,1,5,1,
41,23,353,190,86,21,1,5,1,
42,1,782,385,75,25,1,5,1,
42,2,531,308,51,14,1,5,1,
42,3,521,134,59,15,1,5,1,
42,5,657,311,50,13,1,5,1,
42,6,752,173,32,12,1,5,1,
42,7,199,322,114,30,1,5,1,
42,10,576,412,130,32,1,5,1,
42,11,740,139,67,31,1,5,1,
42,12,668,198,31,14,1,5,1,
42,13,425,57,57,15,1,5,1,
42,14,271,13,53,20,1,5,1,
42,15,832,50,26,33,1,5,1,
42,16,577,453,95,23,1,5,1,
42,17,583,267,103,24,1,5,1,
42,19,805,429,17,20,1,5,1,
42,20,707,419,28,10,1,5,1,
42,22,854,119,81,21,1,5,1,
42,23,361,190,86,20,1,5,1,
43,1,789,384,73,25,1,5,1,
43,2,539,307,49,14,1,5,1,
43,3,529,134,58,16,1,5,1,
43,5,663,310,49,14,1,5,1,
43,6,757,174,31,12,1,5,1,
43,7,209,322,116,31,1,5,1,
43,10,586,412,128,32,1,5,1,
43,11,746,140,65,31,1,5,1,
43,12,672,198,30,15,1,5,1,
43,13,430,56,58,15,1,5,1,
43,14,275,11,55,21,1,5,1,
43,15,834,52,25,33,1,5,1,
43,16,585,453,95,23,1,5,1,
43,17,593,267,103,24,1,5,1,
43,19,805,427,17,20,1,5,1,
43,20,712,418,26,10,1,5,1,
43,22,863,119,80,21,1,5,1,
43,23,369,190,85,20,1,5,1,
44,1,796,384,71,25,1,5,1,
44,2,546,307,47,13,1,5,1,
44,3,536,135,57,15,1,5,1,
44,5,669,310,48,14,1,5,1,
44,6,761,174,30,12,1,5,1,
44,7,219,322,117,31,1,5,1,
44,10,596,412,127,31,1,5,1,
44,11,752,141,63,31,1,5,1,
44,12,675,199,30,14,1,5,1,
44,13,436,55,58,15,1,5,1,
44,14,280,9,55,21,1,5,1,
44,15,836,53,23,34,1,5,1,
44,16,593,453,94,23,1,5,1,
44,17,603,267,102,24,1,5,1,
44,19,805,426,17,20,1,5,1,
44,20,716,417,25,10,1,5,1,
44,22,871,119,79,22,1,5,1,
44,23,376,190,86,20,1,5,1,
45,1,802,383,70,25,1,5,1,
45,2,552,306,47,14,1,5,1,
45,3,543,135,57,16,1,5,1,
45,5,675,310,46,13,1,5,1,
45,6,765,175,30,12,1,5,1,
45,7,229,323,119,30,1,5,1,
45,10,606,412,127,31,1,5,1,
45,11,758,142,62,30,1,5,1,
45,12,678,199,29,15,1,5,1,
45,13,441,54,59,15,1,5,1,
45,14,284,7,57,21,1,5,1,
45,15,837,54,23,34,1,5,1,
45,16,600,453,94,23,1,5,1,
45,17,612,267,102,24,1,5,1,
45,19,805,425,17,19,1,5,1,
45,20,720,416,24,10,1,5,1,
45,22,880,120,78,21,1,5,1,
45,23,383,189,87,21,1,5,1,
46,1,809,382,68,25,1,5,1,
46,2,559,306,46,14,1,5,1,
46,3,550,136,56,15,1,5,1,
46,5,680,310,46,13,1,5,1,
46,6,769,175,29,12,1,5,1,
46,7,240,323,120,31,1,5,1,
46,10,616,412,126,31,1,5,1,
46,11,763,143,61,30,1,5,1,
46,12,682,200,28,14,1,5,1,
46,13,447,53,60,15,1,5,1,
46,14,289,6,58,20,1,5,1,
46,15,837,56,23,34,1,5,1,
46,16,608,453,93,23,1,5,1,
46,17,621,267,103,24,1,5,1,
46,18,0,295,24,28,1,5,1,
46,19,804,423,18,19,1,5,1,
46,20,724,415,24,10,1,5,1,
46,22,888,120,71,21,1,5,1,
46,23,391,189,87,21,1,5,1,
47,1,815,382,67,24,1,5,1,
47,2,566,306,45,13,1,5,1,
47,3,558,136,54,16,1,5,1,
47,5,686,310,45,13,1,5,1,
47,6,773,176,28,12,1,5,1,
47,7,251,323,121,32,1,5,1,
47,10,626,412,126,31,1,5,1,
47,11,769,144,59,30,1,5,1,
47,12,685,200,27,15,1,5,1,
47,13,453,52,60,15,1,5,1,
47,14,294,4,59,20,1,5,1,
47,15,838,58,23,33,1,5,1,
47,16,616,453,93,23,1,5,1,
47,17,631,267,102,24,1,5,1,
47,18,0,293,27,31,1,5,1,
47,19,804,422,18,19,1,5,1,
47,20,728,414,23,10,1,5,1,
47,22,896,120,64,21,1,5,1,
47,23,399,189,87,21,1,5,1,
48,1,821,381,66,24,1,5,1,
48,2,572,305,45,14,1,5,1,
48,3,565,137,53,15,1,5,1,
48,5,691,310,44,13,1,5,1,
48,6,777,176,27,12,1,5,1,
48,7,261,324,123,31,1,5,1,
48,10,637,410,121,32,1,5,1,
48,11,775,145,57,30,1,5,1,
48,12,688,201,26,14,1,5,1,
48,13,459,51,60,15,1,5,1,
48,14,299,2,61,21,1,5,1,
48,15,838,60,23,33,1,5,1,
48,16,624,453,92,23,1,5,1,
48,17,641,267,101,24,1,5,1,
48,18,0,293,30,32,1,5,1,
48,19,804,421,18,18,1,5,1,
48,20,732,413,21,10,1,5,1,
48,22,904,120,56,21,1,5,1,
48,23,406,189,88,20,1,5,1,
49,1,828,380,63,25,1,5,1,
49,2,579,305,44,14,1,5,1,
49,3,572,137,52,16,1,5,1,
49,5,696,309,43,14,1,5,1,
49,6,781,177,26,12,1,5,1,
49,7,273,324,123,32,1,5,1,
49,10,648,409,116,31,1,5,1,
49,11,780,146,56,29,1,5,1,
49,12,691,201,26,14,1,5,1,
49,13,465,50,61,16,1,5,1,
49,14,305,0,61,21,1,5,1,
49,15,839,61,22,33,1,5,1,
49,16,632,453,91,23,1,5,1,
49,17,651,267,100,24,1,5,1,
49,18,0,290,34,35,1,5,1,
49,19,803,419,19,19,1,5,1,
49,20,735,412,21,10,1,5,1,
49,22,913,120,47,22,1,5,1,
49,23,414,189,88,20,1,5,1,
50,1,834,380,62,24,1,5,1,
50,2,585,305,43,13,1,5,1,
50,3,579,138,51,15,1,5,1,
50,5,701,309,42,13,1,5,1,
50,6,785,177,25,12,1,5,1,
50,7,284,324,124,32,1,5,1,
50,10,656,409,116,30,1,5,1,
50,11,785,147,55,29,1,5,1,
50,12,694,202,25,14,1,5,1,
50,13,470,49,62,16,1,5,1,
50,14,310,0,62,19,1,5,1,
50,15,839,63,22,33,1,5,1,
50,16,639,453,91,23,1,5,1,
50,17,660,267,101,24,1,5,1,
50,18,0,291,37,35,1,5,1,
50,19,803,418,19,18,1,5,1,
50,20,739,412,20,9,1,5,1,
50,22,920,121,40,21,1,5,1,
50,23,422,188,88,21,1,5,1,
51,1,840,379,60,24,1,5,1,
51,2,592,305,41,13,1,5,1,
51,3,586,139,50,15,1,5,1,
51,5,707,309,41,13,1,5,1,
51,6,788,178,25,12,1,5,1,
51,7,295,325,126,32,1,5,1,
51,10,666,408,114,31,1,5,1,
51,11,790,148,54,29,1,5,1,
51,12,697,202,24,14,1,5,1,
51,13,477,48,62,16,1,5,1,
51,14,316,0,63,17,1,5,1,
51,15,839,65,22,32,1,5,1,
51,16,647,452,90,23,1,5,1,
51,17,671,267,99,24,1,5,1,
51,18,0,290,41,37,1,5,1,
51,19,802,417,19,18,1,5,1,
51,20,742,411,20,9,1,5,1,
51,22,929,121,31,15,1,5,1,
51,23,430,188,88,21,1,5,1,
52,1,845,378,59,24,1,5,1,
52,2,598,304,41,13,1,5,1,
52,3,592,139,50,15,1,5,1,
52,5,711,309,40,13,1,5,1,
52,6,792,178,23,12,1,5,1,
52,7,306,325,128,32,1,5,1,
52,10,674,408,114,31,1,5,1,
52,11,791,150,63,27,1,5,1,
52,12,699,203,24,14,1,5,1,
52,13,482,48,64,15,1,5,1,
52,14,321,-2,65,18,1,5,1,
52,15,840,67,22,32,1,5,1,
52,16,655,452,89,23,1,5,1,
52,17,680,267,99,24,1,5,1,
52,18,0,290,45,39,1,5,1,
52,19,802,415,19,18,1,5,1,
52,20,745,410,19,9,1,5,1,
52,22,936,123,24,10,1,5,1,
52,23,437,188,89,21,1,5,1,
53,1,851,378,58,23,1,5,1,
53,2,604,304,40,13,1,5,1,
53,3,599,140,48,15,1,5,1,
53,5,716,309,40,13,1,5,1,
53,6,795,179,23,12,1,5,1,
53,7,317,326,130,32,1,5,1,
53,10,683,408,114,30,1,5,1,
53,11,792,152,72,25,1,5,1,
53,12,702,203,23,14,1,5,1,
53,13,489,47,63,16,1,5,1,
53,14,326,-4,66,18,1,5,1,
53,15,840,68,22,32,1,5,1,
53,16,662,452,89,23,1,5,1,
53,17,689,267,99,24,1,5,1,
53,18,0,290,49,41,1,5,1,
53,19,801,414,20,18,1,5,1,
53,20,748,409,19,10,1,5,1,
53,23,445,188,90,21,1,5,1,
54,1,855,377,59,24,1,5,1,
54,2,609,304,40,13,1,5,1,
54,3,604,141,49,15,1,5,1,
54,5,720,309,40,12,1,5,1,
54,6,797,179,24,12,1,5,1,
54,7,328,326,132,32,1,5,1,
54,10,691,407,114,31,1,5,1,
54,11,797,153,72,25,1,5,1,
54,12,704,204,24,13,1,5,1,
54,13,494,46,65,16,1,5,1,
54,14,332,-6,65,18,1,5,1,
54,15,840,70,22,31,1,5,1,
54,16,669,452,89,23,1,5,1,
54,17,698,267,99,24,1,5,1,
54,18,0,290,54,42,1,5,1,
54,19,801,413,19,17,1,5,1,
54,20,751,408,18,10,1,5,1,
54,23,453,188,90,21,1,5,1,
55,1,861,376,57,24,1,5,1,
55,2,615,304,40,12,1,5,1,
55,3,611,141,47,15,1,5,1,
55,5,725,308,39,13,1,5,1,
55,6,801,180,23,12,1,5,1,
55,7,340,326,133,33,1,5,1,
55,10,700,407,113,30,1,5,1,
55,11,803,153,72,25,1,5,1,
55,12,707,204,22,14,1,5,1,
55,13,500,45,66,16,1,5,1,
55,14,338,-8,64,18,1,5,1,
55,15,840,71,22,32,1,5,1,
55,16,676,452,88,22,1,5,1,
55,17,707,267,99,24,1,5,1,
55,18,0,290,59,43,1,5,1,
55,19,800,412,20,17,1,5,1,
55,20,754,407,17,10,1,5,1,
55,23,461,188,90,21,1,5,1,
56,1,866,376,56,23,1,5,1,
56,2,619,304,43,12,1,5,1,
56,3,617,142,47,15,1,5,1,
56,5,729,308,38,13,1,5,1,
56,6,804,181,22,11,1,5,1,
56,7,352,327,134,32,1,5,1,
56,10,709,407,113,30,1,5,1,
56,11,809,154,71,24,1,5,1,
56,12,710,205,21,13,1,5,1,
56,13,507,44,65,17,1,5,1,
56,15,840,73,22,31,1,5,1,
56,16,684,452,87,22,1,5,1,
56,17,717,267,98,24,1,5,1,
56,18,0,291,64,43,1,5,1,
56,19,799,410,20,18,1,5,1,
56,20,757,406,17,10,1,5,1,
56,23,469,187,90,22,1,5,1,
57,1,871,375,55,23,1,5,1,
57,2,623,304,47,12,1,5,1,
57,3,623,143,46,15,1,5,1,
57,5,734,308,37,13,1,5,1,
57,6,807,181,21,12,1,5,1,
57,7,364,327,136,32,1,5,1,
57,10,718,406,112,31,1,5,1,
57,11,815,154,70,25,1,5,1,
57,12,712,205,20,13,1,5,1,
57,13,513,44,66,16,1,5,1,
57,15,840,75,22,31,1,5,1,
57,16,691,451,87,23,1,5,1,
57,17,726,267,99,24,1,5,1,
57,18,0,291,71,43,1,5,1,
57,19,798,409,21,17,1,5,1,
57,20,760,405,16,10,1,5,1,
57,23,476,187,92,22,1,5,1,
58,1,876,375,55,23,1,5,1,
58,2,629,304,48,12,1,5,1,
58,3,629,143,45,15,1,5,1,
58,5,738,308,37,13,1,5,1,
58,6,810,182,21,11,1,5,1,
58,7,376,327,137,33,1,5,1,
58,10,727,406,111,30,1,5,1,
58,11,821,155,69,24,1,5,1,
58,12,714,206,20,13,1,5,1,
58,13,519,43,67,16,1,5,1,
58,15,840,76,22,31,1,5,1,
58,16,698,451,87,23,1,5,1,
58,17,736,268,96,24,1,5,1,
58,18,0,291,78,44,1,5,1,
58,19,797,408,21,17,1,5,1,
58,20,762,404,16,10,1,5,1,
58,23,484,187,92,22,1,5,1,
59,1,881,374,54,23,1,5,1,
59,2,635,304,49,13,1,5,1,
59,3,635,144,44,15,1,5,1,
59,5,742,308,37,12,1,5,1,
59,6,813,182,20,12,1,5,1,
59,7,389,327,138,33,1,5,1,
59,10,735,406,111,30,1,5,1,
59,11,827,155,68,24,1,5,1,
59,12,717,206,18,13,1,5,1,
59,13,526,42,67,17,1,5,1,
59,15,840,78,21,30,1,5,1,
59,16,705,451,87,23,1,5,1,
59,17,748,269,90,24,1,5,1,
59,18,0,292,85,44,1,5,1,
59,19,796,407,21,17,1,5,1,
59,20,765,403,15,10,1,5,1,
59,23,492,187,92,22,1,5,1,
60,1,886,374,53,22,1,5,1,
60,2,641,305,51,12,1,5,1,
60,3,640,145,44,15,1,5,1,
60,5,747,308,35,12,1,5,1,
60,6,815,183,20,11,1,5,1,
60,7,402,327,138,33,1,5,1,
60,10,744,405,110,30,1,5,1,
60,11,833,156,66,24,1,5,1,
60,12,717,207,22,13,1,5,1,
60,13,532,42,68,16,1,5,1,
60,15,840,80,21,30,1,5,1,
60,16,712,451,86,22,1,5,1,
60,17,761,270,82,23,1,5,1,
60,18,0,292,93,45,1,5,1,
60,19,795,406,22,16,1,5,1,
60,20,767,402,15,10,1,5,1,
60,23,501,187,92,22,1,5,1,
61,1,891,373,51,23,1,5,1,
61,2,648,305,51,12,1,5,1,
61,3,646,145,43,15,1,5,1,
61,5,751,307,35,13,1,5,1,
61,6,818,183,19,11,1,5,1,
61,7,415,328,139,33,1,5,1,
61,10,753,405,108,30,1,5,1,
61,11,839,156,65,24,1,5,1,
61,12,718,207,24,13,1,5,1,
61,13,539,41,68,16,1,5,1,
61,15,840,81,21,30,1,5,1,
61,16,720,450,85,23,1,5,1,
61,17,772,270,78,23,1,5,1,
61,18,3,292,98,46,1,5,1,
61,19,794,405,22,16,1,5,1,
61,20,770,401,14,10,1,5,1,
61,23,509,187,92,22,1,5,1,
62,1,896,372,50,23,1,5,1,
62,2,656,304,48,12,1,5,1,
62,3,652,146,41,15,1,5,1,
62,5,755,307,34,13,1,5,1,
62,6,821,184,18,11,1,5,1,
62,7,428,328,140,33,1,5,1,
62,10,762,405,106,29,1,5,1,
62,11,846,157,62,24,1,5,1,
62,12,720,208,24,13,1,5,1,
62,13,545,40,69,17,1,5,1,
62,15,840,83,20,29,1,5,1,
62,16,728,450,83,23,1,5,1,
62,17,782,270,74,23,1,5,1,
62,18,7,292,102,47,1,5,1,
62,19,793,403,22,17,1,5,1,
62,20,772,401,13,9,1,5,1,
62,23,517,187,92,22,1,5,1,
63,1,902,372,47,22,1,5,1,
63,2,664,303,44,13,1,5,1,
63,3,658,147,40,15,1,5,1,
63,5,759,307,33,12,1,5,1,
63,6,823,184,18,11,1,5,1,
63,7,441,328,141,33,1,5,1,
63,10,771,404,103,30,1,5,1,
63,11,852,157,60,24,1,5,1,
63,12,722,209,24,12,1,5,1,
63,13,552,40,69,17,1,5,1,
63,15,840,84,20,29,1,5,1,
63,16,735,450,82,22,1,5,1,
63,17,791,270,71,23,1,5,1,
63,18,12,293,105,47,1,5,1,
63,19,792,402,22,16,1,5,1,
63,20,774,400,13,9,1,5,1,
63,23,526,187,92,21,1,5,1,
64,1,907,371,45,22,1,5,1,
64,2,670,303,44,12,1,5,1,
64,3,663,147,39,15,1,5,1,
64,5,763,307,32,12,1,5,1,
64,6,826,185,16,11,1,5,1,
64,7,454,328,142,34,1,5,1,
64,10,780,404,101,29,1,5,1,
64,11,857,158,59,24,1,5,1,
64,12,725,209,23,12,1,5,1,
64,13,559,39,69,17,1,5,1,
64,15,839,86,21,29,1,5,1,
64,16,742,449,81,22,1,5,1,
64,17,798,270,70,23,1,5,1,
64,18,16,293,110,48,1,5,1,
64,19,790,401,23,16,1,5,1,
64,20,777,399,12,9,1,5,1,
64,23,534,187,92,21,1,5,1,
65,1,911,370,44,22,1,5,1,
65,2,677,303,42,12,1,5,1,
65,3,667,148,41,15,1,5,1,
65,5,767,306,31,13,1,5,1,
65,6,828,185,16,11,1,5,1,
65,7,468,328,142,34,1,5,1,
65,10,788,403,100,30,1,5,1,
65,11,862,158,59,24,1,5,1,
65,12,727,209,23,13,1,5,1,
65,13,565,39,70,17,1,5,1,
65,15,839,87,20,29,1,5,1,
65,16,749,449,80,22,1,5,1,
65,17,806,270,69,23,1,5,1,
65,18,21,293,114,49,1,5,1,
65,19,789,400,23,16,1,5,1,
65,20,778,398,12,9,1,5,1,
65,23,542,187,92,21,1,5,1,
66,1,915,370,43,21,1,5,1,
66,2,682,303,44,13,1,5,1,
66,3,671,149,44,15,1,5,1,
66,5,771,306,30,12,1,5,1,
66,6,830,186,16,11,1,5,1,
66,7,481,329,143,33,1,5,1,
66,10,796,403,100,29,1,5,1,
66,11,867,159,58,24,1,5,1,
66,12,729,210,23,12,1,5,1,
66,13,572,38,70,17,1,5,1,
66,15,839,89,20,28,1,5,1,
66,16,756,448,79,22,1,5,1,
66,17,813,270,68,23,1,5,1,
66,18,27,294,117,49,1,5,1,
66,19,787,399,24,15,1,5,1,
66,20,780,397,12,9,1,5,1,
66,23,550,187,92,21,1,5,1,
67,1,919,369,40,22,1,5,1,
67,2,687,304,47,12,1,5,1,
67,3,674,150,48,14,1,5,1,
67,5,774,306,30,12,1,5,1,
67,6,833,186,14,11,1,5,1,
67,7,495,329,143,33,1,5,1,
67,10,803,402,100,29,1,5,1,
67,11,872,160,57,23,1,5,1,
67,12,732,210,22,12,1,5,1,
67,13,579,38,70,16,1,5,1,
67,15,838,91,20,27,1,5,1,
67,16,763,448,78,22,1,5,1,
67,17,819,270,69,23,1,5,1,
67,18,33,294,121,50,1,5,1,
67,19,786,398,24,15,1,5,1,
67,20,782,396,11,9,1,5,1,
67,23,558,186,93,22,1,5,1,
68,1,923,369,37,21,1,5,1,
68,2,694,303,44,12,1,5,1,
68,3,678,151,52,14,1,5,1,
68,5,778,306,29,12,1,5,1,
68,6,835,187,13,11,1,5,1,
68,7,508,329,144,33,1,5,1,
68,10,811,402,98,29,1,5,1,
68,11,877,160,56,24,1,5,1,
68,12,734,211,21,12,1,5,1,
68,13,586,37,71,17,1,5,1,
68,15,838,92,19,28,1,5,1,
68,16,770,447,77,22,1,5,1,
68,17,826,270,68,22,1,5,1,
68,18,39,294,125,51,1,5,1,
68,19,784,397,24,15,1,5,1,
68,20,784,395,10,9,1,5,1,
68,23,566,186,94,22,1,5,1,
69,1,927,368,33,21,1,5,1,
69,2,701,302,41,12,1,5,1,
69,3,683,151,54,14,1,5,1,
69,5,781,306,28,12,1,5,1,
69,6,837,188,13,10,1,5,1,
69,7,522,328,145,34,1,5,1,
69,10,819,401,97,29,1,5,1,
69,11,882,161,55,23,1,5,1,
69,12,736,211,21,12,1,5,1,
69,13,593,37,71,16,1,5,1,
69,15,837,93,20,28,1,5,1,
69,16,777,447,75,22,1,5,1,
69,17,833,270,68,22,1,5,1,
69,18,45,294,129,52,1,5,1,
69,19,782,396,25,15,1,5,1,
69,20,786,394,9,9,1,5,1,
69,23,573,186,96,21,1,5,1,
70,1,931,367,29,21,1,5,1,
70,2,706,303,44,12,1,5,1,
70,3,689,152,54,13,1,5,1,
70,5,785,306,27,11,1,5,1,
70,6,838,188,13,11,1,5,1,
70,7,536,328,145,34,1,5,1,
70,10,827,401,96,29,1,5,1,
70,11,887,161,54,24,1,5,1,
70,12,738,212,21,11,1,5,1,
70,13,600,36,72,17,1,5,1,
70,15,837,95,19,27,1,5,1,
70,16,784,446,74,22,1,5,1,
70,17,840,270,67,22,1,5,1,
70,18,52,295,133,52,1,5,1,
70,19,781,395,25,15,1,5,1,
70,20,787,393,10,9,1,5,1,
70,23,582,185,96,22,1,5,1,
71,1,935,368,25,19,1,5,1,
71,2,713,302,40,12,1,5,1,
71,3,695,152,55,13,1,5,1,
71,5,788,305,27,12,1,5,1,
71,6,840,189,13,10,1,5,1,
71,7,550,329,145,34,1,5,1,
71,10,835,400,94,29,1,5,1,
71,11,892,162,53,23,1,5,1,
71,12,740,212,21,12,1,5,1,
71,13,607,35,72,17,1,5,1,
71,15,837,96,18,27,1,5,1,
71,16,790,446,73,22,1,5,1,
71,17,847,270,66,22,1,5,1,
71,18,59,295,137,53,1,5,1,
71,19,779,394,25,14,1,5,1,
71,20,788,392,10,9,1,5,1,
71,23,590,185,97,22,1,5,1,
72,1,939,369,21,17,1,5,1,
72,2,719,302,41,12,1,5,1,
72,3,702,152,54,14,1,5,1,
72,5,792,305,25,12,1,5,1,
72,6,842,189,12,11,1,5,1,
72,7,565,329,145,34,1,5,1,
72,10,843,400,93,28,1,5,1,
72,11,898,162,50,23,1,5,1,
72,12,743,212,19,12,1,5,1,
72,13,615,35,72,17,1,5,1,
72,15,836,98,19,26,1,5,1,
72,16,797,445,72,22,1,5,1,
72,17,855,270,64,22,1,5,1,
72,18,67,295,140,54,1,5,1,
72,19,777,393,26,14,1,5,1,
72,20,789,392,10,8,1,5,1,
72,23,599,185,97,22,1,5,1,
73,1,943,370,17,16,1,5,1,
73,2,723,303,44,12,1,5,1,
73,3,708,152,53,14,1,5,1,
73,5,795,305,25,12,1,5,1,
73,6,842,190,13,10,1,5,1,
73,7,578,329,146,34,1,5,1,
73,10,850,399,92,29,1,5,1,
73,11,902,163,50,23,1,5,1,
73,12,746,213,16,11,1,5,1,
73,13,621,34,73,17,1,5,1,
73,15,835,99,19,27,1,5,1,
73,16,803,445,72,21,1,5,1,
73,17,861,270,64,22,1,5,1,
73,18,74,296,145,54,1,5,1,
73,19,775,392,27,14,1,5,1,
73,20,790,391,10,9,1,5,1,
73,23,607,185,98,21,1,5,1,
74,1,946,370,14,15,1,5,1,
74,2,730,302,41,12,1,5,1,
74,3,715,153,50,14,1,5,1,
74,5,798,305,24,11,1,5,1,
74,6,842,190,13,11,1,5,1,
74,7,592,329,147,34,1,5,1,
74,10,857,399,91,28,1,5,1,
74,11,907,163,47,23,1,5,1,
74,12,748,213,14,12,1,5,1,
74,13,628,34,73,17,1,5,1,
74,15,834,100,19,27,1,5,1,
74,16,810,444,70,22,1,5,1,
74,17,868,270,62,22,1,5,1,
74,18,82,296,149,56,1,5,1,
74,19,774,391,26,14,1,5,1,
74,20,791,390,9,9,1,5,1,
74,23,616,184,98,22,1,5,1,
75,2,737,302,37,11,1,5,1,
75,3,722,154,45,14,1,5,1,
75,5,801,305,23,11,1,5,1,
75,6,843,191,12,11,1,5,1,
75,7,606,329,147,34,1,5,1,
75,10,865,398,88,28,1,5,1,
75,11,912,164,45,23,1,5,1,
75,12,750,213,13,12,1,5,1,
75,13,635,33,73,17,1,5,1,
75,15,833,102,19,26,1,5,1,
75,16,816,444,69,21,1,5,1,
75,17,875,270,59,22,1,5,1,
75,18,90,296,154,57,1,5,1,
75,19,772,390,27,14,1,5,1,
75,20,792,389,9,9,1,5,1,
75,23,624,184,98,22,1,5,1,
76,2,742,302,39,12,1,5,1,
76,3,727,154,45,14,1,5,1,
76,5,804,304,22,12,1,5,1,
76,6,843,191,13,11,1,5,1,
76,7,620,329,148,34,1,5,1,
76,10,872,397,87,29,1,5,1,
76,11,916,165,43,22,1,5,1,
76,12,751,214,13,11,1,5,1,
76,13,642,33,74,17,1,5,1,
76,15,833,103,19,26,1,5,1,
76,16,822,443,68,21,1,5,1,
76,17,881,270,58,21,1,5,1,
76,18,98,297,159,57,1,5,1,
76,19,770,389,27,14,1,5,1,
76,20,793,388,9,9,1,5,1,
76,23,633,184,98,22,1,5,1,
77,2,746,302,41,12,1,5,1,
77,3,732,155,45,14,1,5,1,
77,5,807,304,21,12,1,5,1,
77,6,843,192,13,11,1,5,1,
77,7,633,329,149,34,1,5,1,
77,10,878,397,81,28,1,5,1,
77,11,920,165,39,23,1,5,1,
77,12,753,214,12,12,1,5,1,
77,13,649,32,74,17,1,5,1,
77,15,832,104,19,26,1,5,1,
77,16,828,443,67,21,1,5,1,
77,17,887,270,58,21,1,5,1,
77,18,106,297,165,58,1,5,1,
77,19,768,388,28,14,1,5,1,
77,20,793,387,9,9,1,5,1,
77,23,641,184,99,22,1,5,1,
78,2,753,301,37,12,1,5,1,
78,3,738,155,44,14,1,5,1,
78,5,809,304,21,11,1,5,1,
78,6,844,193,12,10,1,5,1,
78,7,648,329,149,35,1,5,1,
78,10,886,396,74,28,1,5,1,
78,11,924,166,36,22,1,5,1,
78,12,754,214,12,12,1,5,1,
78,13,656,32,74,17,1,5,1,
78,15,831,106,19,25,1,5,1,
78,16,834,442,66,21,1,5,1,
78,17,894,270,55,21,1,5,1,
78,18,115,298,170,59,1,5,1,
78,19,766,387,28,14,1,5,1,
78,20,794,386,9,9,1,5,1,
78,23,650,184,99,21,1,5,1,
79,2,759,301,34,11,1,5,1,
79,3,743,156,43,14,1,5,1,
79,5,812,304,20,11,1,5,1,
79,6,844,193,12,11,1,5,1,
79,7,662,329,150,35,1,5,1,
79,10,892,396,68,28,1,5,1,
79,11,928,166,32,24,1,5,1,
79,12,754,215,12,11,1,5,1,
79,13,663,31,75,18,1,5,1,
79,15,830,107,19,25,1,5,1,
79,16,840,441,64,21,1,5,1,
79,17,900,270,54,21,1,5,1,
79,18,124,298,176,60,1,5,1,
79,19,764,386,28,14,1,5,1,
79,20,794,385,9,9,1,5,1,
79,23,658,183,100,22,1,5,1,
80,2,763,301,37,12,1,5,1,
80,3,748,156,43,14,1,5,1,
80,5,815,303,19,12,1,5,1,
80,6,844,194,12,10,1,5,1,
80,7,677,329,149,35,1,5,1,
80,10,900,395,60,28,1,5,1,
80,11,931,167,29,24,1,5,1,
80,12,754,215,12,11,1,5,1,
80,13,671,31,74,17,1,5,1,
80,15,829,108,20,25,1,5,1,
80,16,846,441,63,20,1,5,1,
80,17,906,270,53,21,1,5,1,
80,18,134,298,181,61,1,5,1,
80,19,762,385,28,14,1,5,1,
80,20,795,385,9,8,1,5,1,
80,23,668,183,99,22,1,5,1,
81,2,768,301,37,12,1,5,1,
81,3,753,157,43,14,1,5,1,
81,5,817,303,19,11,1,5,1,
81,6,844,194,12,11,1,5,1,
81,7,691,329,150,35,1,5,1,
81,10,906,395,54,27,1,5,1,
81,11,933,168,27,23,1,5,1,
81,12,754,215,11,12,1,5,1,
81,13,678,31,75,17,1,5,1,
81,15,828,110,20,24,1,5,1,
81,16,851,440,63,21,1,5,1,
81,17,911,270,49,21,1,5,1,
81,18,144,299,186,62,1,5,1,
81,19,760,385,29,13,1,5,1,
81,20,795,384,9,8,1,5,1,
81,23,676,183,100,22,1,5,1,
82,2,773,301,37,12,1,5,1,
82,3,758,157,42,14,1,5,1,
82,5,820,303,17,11,1,5,1,
82,6,844,195,12,10,1,5,1,
82,7,706,329,150,35,1,5,1,
82,10,912,394,48,28,1,5,1,
82,11,935,169,25,23,1,5,1,
82,12,754,216,11,11,1,5,1,
82,13,685,30,75,18,1,5,1,
82,15,826,111,21,24,1,5,1,
82,16,857,439,62,21,1,5,1,
82,17,917,270,43,21,1,5,1,
82,18,154,299,192,63,1,5,1,
82,19,758,384,29,12,1,5,1,
82,20,796,383,9,8,1,5,1,
82,23,685,183,100,22,1,5,1,
83,2,778,301,37,11,1,5,1,
83,3,763,158,41,13,1,5,1,
83,5,822,303,17,11,1,5,1,
83,6,844,196,12,10,1,5,1,
83,7,720,329,150,35,1,5,1,
83,10,919,394,41,27,1,5,1,
83,11,938,170,22,22,1,5,1,
83,12,753,216,12,11,1,5,1,
83,13,692,30,75,17,1,5,1,
83,15,825,112,21,25,1,5,1,
83,16,862,439,62,20,1,5,1,
83,17,923,270,37,21,1,5,1,
83,18,165,300,198,64,1,5,1,
83,20,795,382,10,8,1,5,1,
83,23,694,183,99,22,1,5,1,
84,2,784,300,33,12,1,5,1,
84,3,768,158,40,14,1,5,1,
84,5,824,303,16,11,1,5,1,
84,6,844,196,12,10,1,5,1,
84,7,734,329,151,35,1,5,1,
84,10,925,396,35,21,1,5,1,
84,11,942,170,18,23,1,5,1,
84,12,753,217,11,11,1,5,1,
84,13,699,29,76,18,1,5,1,
84,15,824,113,21,25,1,5,1,
84,16,867,438,61,20,1,5,1,
84,17,928,272,32,16,1,5,1,
84,18,176,300,204,65,1,5,1,
84,20,795,381,10,9,1,5,1,
84,23,703,183,99,22,1,5,1,
85,2,789,301,34,11,1,5,1,
85,3,773,159,40,13,1,5,1,
85,5,826,302,16,11,1,5,1,
85,6,844,197,12,10,1,5,1,
85,7,748,330,152,34,1,5,1,
85,10,931,398,29,15,1,5,1,
85,11,945,171,15,22,1,5,1,
85,12,752,217,12,11,1,5,1,
85,13,706,29,76,18,1,5,1,
85,15,823,115,21,24,1,5,1,
85,16,872,437,61,20,1,5,1,
85,17,934,274,26,14,1,5,1,
85,18,187,300,211,67,1,5,1,
85,20,795,380,9,9,1,5,1,
85,23,711,183,100,22,1,5,1,
86,2,794,300,32,11,1,5,1,
86,3,778,159,38,14,1,5,1,
86,5,828,302,15,11,1,5,1,
86,6,844,197,11,10,1,5,1,
86,7,763,330,152,34,1,5,1,
86,12,752,218,11,10,1,5,1,
86,13,714,29,75,18,1,5,1,
86,15,822,116,21,24,1,5,1,
86,16,878,436,58,21,1,5,1,
86,17,939,274,21,14,1,5,1,
86,18,204,301,205,67,1,5,1,
86,20,794,379,10,9,1,5,1,
86,23,721,183,98,22,1,5,1,
87,2,797,300,34,11,1,5,1,
87,3,781,160,39,13,1,5,1,
87,5,830,302,14,11,1,5,1,
87,6,843,198,12,10,1,5,1,
87,7,775,330,155,35,1,5,1,
87,12,751,218,11,11,1,5,1,
87,13,720,29,76,17,1,5,1,
87,15,820,117,22,24,1,5,1,
87,16,882,436,59,20,1,5,1,
87,17,943,274,17,14,1,5,1,
87,18,218,301,209,70,1,5,1,
87,20,794,379,10,8,1,5,1,
87,23,728,183,100,22,1,5,1,
88,2,802,300,33,11,1,5,1,
88,3,786,160,38,14,1,5,1,
88,5,832,302,14,10,1,5,1,
88,6,843,198,11,10,1,5,1,
88,7,789,330,156,35,1,5,1,
88,12,751,218,11,11,1,5,1,
88,13,727,28,76,18,1,5,1,
88,15,819,118,22,24,1,5,1,
88,16,887,435,58,20,1,5,1,
88,18,231,302,215,71,1,5,1,
88,20,793,378,10,8,1,5,1,
88,23,737,182,99,23,1,5,1,
89,2,807,300,31,11,1,5,1,
89,3,790,161,37,13,1,5,1,
89,5,833,302,14,10,1,5,1,
89,6,843,199,11,10,1,5,1,
89,7,802,330,157,35,1,5,1,
89,12,750,219,11,10,1,5,1,
89,13,734,28,77,18,1,5,1,
89,15,818,119,22,24,1,5,1,
89,16,892,434,57,20,1,5,1,
89,18,242,303,224,73,1,5,1,
89,20,793,377,10,8,1,5,1,
89,23,745,182,100,23,1,5,1,
90,2,811,300,32,11,1,5,1,
90,3,794,161,37,14,1,5,1,
90,5,835,301,13,11,1,5,1,
90,6,842,200,11,9,1,5,1,
90,7,816,331,144,35,1,5,1,
90,12,749,219,11,11,1,5,1,
90,13,741,28,77,18,1,5,1,
90,15,816,121,22,23,1,5,1,
90,16,897,433,56,20,1,5,1,
90,18,253,304,235,75,1,5,1,
90,20,792,376,11,8,1,5,1,
90,23,753,182,100,23,1,5,1,
91,2,815,300,31,11,1,5,1,
91,3,798,162,36,13,1,5,1,
91,5,836,301,13,11,1,5,1,
91,6,842,200,11,10,1,5,1,
91,7,830,331,130,35,1,5,1,
91,12,748,220,12,10,1,5,1,
91,13,748,28,77,18,1,5,1,
91,15,815,122,22,22,1,5,1,
91,16,902,433,55,20,1,5,1,
91,18,263,305,247,77,1,5,1,
91,20,790,375,12,8,1,5,1,
91,23,762,182,99,23,1,5,1,
92,2,820,300,30,10,1,5,1,
92,3,803,162,34,14,1,5,1,
92,5,837,301,13,10,1,5,1,
92,6,841,201,11,9,1,5,1,
92,7,847,331,113,35,1,5,1,
92,12,748,220,11,10,1,5,1,
92,13,756,28,76,18,1,5,1,
92,15,814,123,22,22,1,5,1,
92,16,907,432,52,20,1,5,1,
92,18,276,306,258,79,1,5,1,
92,20,789,374,13,8,1,5,1,
92,23,771,182,99,23,1,5,1,
93,2,823,299,30,11,1,5,1,
93,3,807,163,34,13,1,5,1,
93,5,838,301,13,10,1,5,1,
93,6,840,201,11,10,1,5,1,
93,7,861,331,99,31,1,5,1,
93,12,747,221,12,10,1,5,1,
93,13,762,28,77,18,1,5,1,
93,15,812,124,22,22,1,5,1,
93,16,911,431,49,20,1,5,1,
93,18,286,307,274,81,1,5,1,
93,20,787,373,15,9,1,5,1,
93,23,779,182,99,23,1,5,1,
94,2,828,299,29,11,1,5,1,
94,3,811,163,33,14,1,5,1,
94,5,839,301,13,10,1,5,1,
94,6,840,202,11,9,1,5,1,
94,7,878,335,82,27,1,5,1,
94,12,746,221,12,10,1,5,1,
94,13,770,28,76,18,1,5,1,
94,15,811,125,22,22,1,5,1,
94,16,918,431,42,19,1,5,1,
94,18,298,308,289,84,1,5,1,
94,20,785,373,16,8,1,5,1,
94,23,789,182,97,23,1,5,1,
95,2,832,299,28,11,1,5,1,
95,3,814,164,33,13,1,5,1,
95,5,839,300,13,10,1,5,1,
95,6,839,202,11,10,1,5,1,
95,7,893,337,67,23,1,5,1,
95,12,745,221,12,10,1,5,1,
95,13,777,28,76,18,1,5,1,
95,16,927,430,33,19,1,5,1,
95,18,310,309,305,86,1,5,1,
95,20,784,372,16,8,1,5,1,
95,23,797,183,97,22,1,5,1,
96,2,836,299,27,11,1,5,1,
96,3,818,164,32,14,1,5,1,
96,5,840,300,13,10,1,5,1,
96,6,839,203,10,9,1,5,1,
96,7,907,338,53,19,1,5,1,
96,12,744,222,12,10,1,5,1,
96,13,784,28,75,18,1,5,1,
96,16,935,429,25,19,1,5,1,
96,18,321,310,324,88,1,5,1,
96,20,782,371,16,8,1,5,1,
96,23,805,183,97,22,1,5,1,
97,2,840,299,26,10,1,5,1,
97,3,822,165,30,13,1,5,1,
97,5,841,300,13,10,1,5,1,
97,6,838,203,11,9,1,5,1,
97,12,743,222,13,10,1,5,1,
97,13,791,28,75,18,1,5,1,
97,16,940,427,19,20,1,5,1,
97,18,333,311,342,90,1,5,1,
97,20,780,370,17,8,1,5,1,
97,23,814,183,95,22,1,5,1,
98,2,844,299,24,10,1,5,1,
98,3,825,166,30,13,1,5,1,
98,5,841,300,13,10,1,5,1,
98,6,837,204,11,9,1,5,1,
98,12,741,223,14,9,1,5,1,
98,13,798,28,75,18,1,5,1,
98,16,941,426,19,21,1,5,1,
98,18,345,312,360,91,1,5,1,
98,20,779,369,17,8,1,5,1,
98,23,822,183,95,22,1,5,1,
99,2,847,299,24,10,1,5,1,
99,3,828,166,29,13,1,5,1,
99,5,842,300,12,9,1,5,1,
99,6,837,204,10,9,1,5,1,
99,12,740,223,14,10,1,5,1,
99,13,804,28,75,18,1,5,1,
99,16,942,425,18,21,1,5,1,
99,18,359,312,375,92,1,5,1,
99,20,777,368,17,8,1,5,1,
99,23,830,183,95,22,1,5,1,
100,2,850,299,23,10,1,5,1,
100,3,831,167,29,13,1,5,1,
100,5,842,299,13,10,1,5,1,
100,6,836,205,10,9,1,5,1,
100,12,739,223,14,10,1,5,1,
100,13,811,28,75,18,1,5,1,
100,16,943,423,17,22,1,5,1,
100,18,376,312,386,92,1,5,1,
100,20,775,368,18,8,1,5,1,
100,23,838,183,94,22,1,5,1,
101,2,854,298,22,11,1,5,1,
101,3,834,167,28,14,1,5,1,
101,5,842,299,13,10,1,5,1,
101,6,835,205,11,9,1,5,1,
101,12,738,224,14,9,1,5,1,
101,13,818,28,74,19,1,5,1,
101,16,943,422,17,22,1,5,1,
101,18,396,312,393,92,1,5,1,
101,20,773,367,18,8,1,5,1,
101,23,846,183,93,22,1,5,1,
102,2,857,298,21,10,1,5,1,
102,3,838,168,27,13,1,5,1,
102,5,843,299,12,10,1,5,1,
102,6,834,206,11,9,1,5,1,
102,13,825,28,74,19,1,5,1,
102,16,944,421,16,21,1,5,1,
102,18,421,312,397,92,1,5,1,
102,20,771,366,18,8,1,5,1,
102,23,855,183,92,22,1,5,1,
103,2,860,298,21,10,1,5,1,
103,3,840,169,27,13,1,5,1,
103,5,843,299,12,9,1,5,1,
103,6,834,206,10,9,1,5,1,
103,13,831,28,74,19,1,5,1,
103,16,944,419,16,22,1,5,1,
103,18,441,312,406,92,1,5,1,
103,20,769,365,19,8,1,5,1,
103,23,861,184,93,21,1,5,1,
104,2,862,298,21,10,1,5,1,
104,3,843,169,26,13,1,5,1,
104,5,843,299,12,9,1,5,1,
104,6,833,207,11,8,1,5,1,
104,9,954,166,5,9,1,5,1,
104,13,838,29,73,18,1,5,1,
104,16,944,418,16,22,1,5,1,
104,18,467,312,410,92,1,5,1,
104,20,767,365,19,7,1,5,1,
104,23,870,184,89,22,1,5,1,
105,2,865,298,20,10,1,5,1,
105,3,846,170,24,13,1,5,1,
105,5,843,298,12,10,1,5,1,
105,6,832,207,11,9,1,5,1,
105,9,952,166,7,10,1,5,1,
105,13,844,29,73,19,1,5,1,
105,16,944,417,16,21,1,5,1,
105,18,492,312,416,93,1,5,1,
105,20,765,364,19,8,1,5,1,
105,23,878,184,82,22,1,5,1,
106,2,868,297,19,10,1,5,1,
106,3,849,170,22,13,1,5,1,
106,5,843,298,12,9,1,5,1,
106,6,831,208,11,8,1,5,1,
106,9,951,166,9,11,1,5,1,
106,13,852,29,71,19,1,5,1,
106,16,945,415,15,22,1,5,1,
106,18,521,312,419,93,1,5,1,
106,23,887,184,73,22,1,5,1,
107,2,871,297,18,10,1,5,1,
107,3,852,171,21,13,1,5,1,
107,5,843,298,12,9,1,5,1,
107,6,830,208,11,9,1,5,1,
107,9,949,166,11,12,1,5,1,
107,13,858,30,71,19,1,5,1,
107,16,944,414,15,22,1,5,1,
107,18,544,312,415,94,1,5,1,
107,23,893,184,67,22,1,5,1,
108,2,873,297,17,10,1,5,1,
108,3,854,172,20,13,1,5,1,
108,5,843,298,12,9,1,5,1,
108,6,829,209,11,8,1,5,1,
108,9,947,166,12,12,1,5,1,
108,13,865,30,70,19,1,5,1,
108,16,944,413,15,21,1,5,1,
108,18,572,313,388,94,1,5,1,
108,23,902,185,58,21,1,5,1,
109,2,876,296,15,10,1,5,1,
109,3,856,172,20,13,1,5,1,
109,5,842,298,13,9,1,5,1,
109,6,828,209,12,8,1,5,1,
109,9,946,166,13,13,1,5,1,
109,13,871,30,70,19,1,5,1,
109,16,944,411,15,20,1,5,1,
109,18,596,313,364,95,1,5,1,
109,23,908,185,52,22,1,5,1,
110,2,878,296,14,10,1,5,1,
110,3,858,173,19,13,1,5,1,
110,5,842,297,13,9,1,5,1,
110,6,827,210,12,8,1,5,1,
110,9,944,167,15,13,1,5,1,
110,13,878,31,68,19,1,5,1,
110,16,944,410,15,19,1,5,1,
110,18,624,313,336,96,1,5,1,
110,23,916,186,44,20,1,5,1,
111,2,880,296,14,9,1,5,1,
111,3,860,174,18,13,1,5,1,
111,5,842,297,12,9,1,5,1,
111,6,826,210,12,8,1,5,1,
111,9,943,167,16,13,1,5,1,
111,13,883,31,69,19,1,5,1,
111,16,943,409,16,19,1,5,1,
111,18,649,313,311,89,1,5,1,
111,23,923,187,37,17,1,5,1,
112,2,881,296,15,9,1,5,1,
112,3,862,174,18,13,1,5,1,
112,5,842,297,12,9,1,5,1,
112,9,939,168,20,13,1,5,1,
112,13,890,32,67,19,1,5,1,
112,16,943,408,16,18,1,5,1,
112,18,679,314,281,89,1,5,1,
112,23,931,189,29,11,1,5,1,
113,2,882,295,16,10,1,5,1,
113,3,863,175,18,13,1,5,1,
113,5,842,297,12,9,1,5,1,
113,9,935,169,24,13,1,5,1,
113,13,896,32,63,19,1,5,1,
113,16,943,407,17,18,1,5,1,
113,18,701,314,259,90,1,5,1,
114,2,884,295,15,10,1,5,1,
114,3,865,176,17,12,1,5,1,
114,5,841,297,12,8,1,5,1,
114,9,932,169,27,14,1,5,1,
114,13,901,33,59,19,1,5,1,
114,16,943,405,16,19,1,5,1,
114,18,729,319,231,86,1,5,1,
115,2,885,295,16,9,1,5,1,
115,3,866,176,17,13,1,5,1,
115,5,841,296,12,9,1,5,1,
115,13,906,33,54,19,1,5,1,
115,16,943,404,16,19,1,5,1,
115,18,751,322,209,74,1,5,1,
116,2,887,295,15,9,1,5,1,
116,3,868,177,16,12,1,5,1,
116,5,840,296,12,9,1,5,1,
116,13,911,34,49,19,1,5,1,
116,16,942,403,17,20,1,5,1,
116,18,776,327,184,69,1,5,1,
117,2,888,295,15,9,1,5,1,
117,3,869,177,16,13,1,5,1,
117,5,840,296,12,9,1,5,1,
117,13,917,34,43,20,1,5,1,
117,16,942,402,18,20,1,5,1,
117,18,802,332,158,48,1,5,1,
118,2,890,295,15,9,1,5,1,
118,3,871,178,15,13,1,5,1,
118,5,839,296,12,9,1,5,1,
118,13,922,35,38,18,1,5,1,
118,16,941,400,18,21,1,5,1,
119,2,891,295,15,8,1,5,1,
119,3,872,179,15,12,1,5,1,
119,5,839,296,12,8,1,5,1,
119,13,927,36,33,11,1,5,1,
119,16,941,399,18,21,1,5,1,
120,2,893,294,14,9,1,5,1,
120,3,873,179,14,13,1,5,1,
120,5,838,295,12,9,1,5,1,
120,13,932,36,28,12,1,5,1,
120,16,940,398,19,21,1,5,1,
121,2,894,294,14,9,1,5,1,
121,3,875,180,12,12,1,5,1,
121,5,837,295,13,9,1,5,1,
121,13,937,37,23,12,1,5,1,
121,16,940,397,19,21,1,5,1,
122,2,895,294,14,9,1,5,1,
122,3,875,181,13,12,1,5,1,
122,5,835,295,15,9,1,5,1,
122,11,950,200,9,14,1,5,1,
122,16,939,396,20,20,1,5,1,
123,2,896,294,14,9,1,5,1,
123,3,876,181,12,13,1,5,1,
123,5,835,295,14,8,1,5,1,
123,11,949,199,10,15,1,5,1,
123,16,938,395,21,20,1,5,1,
124,2,898,294,13,8,1,5,1,
124,3,876,182,12,12,1,5,1,
124,5,834,295,14,8,1,5,1,
124,11,948,199,11,16,1,5,1,
124,16,938,394,21,20,1,5,1,
125,2,899,294,13,8,1,5,1,
125,3,876,182,13,13,1,5,1,
125,11,947,200,12,15,1,5,1,
125,16,937,393,22,20,1,5,1,
126,2,900,293,12,9,1,5,1,
126,3,876,183,13,12,1,5,1,
126,11,946,200,13,16,1,5,1,
126,16,936,392,23,20,1,5,1,
127,2,901,293,12,9,1,5,1,
127,3,876,184,13,12,1,5,1,
127,11,946,201,13,15,1,5,1,
127,16,935,391,24,20,1,5,1,
128,2,901,293,12,9,1,5,1,
128,3,876,184,13,12,1,5,1,
128,11,945,201,14,15,1,5,1,
128,16,934,390,25,20,1,5,1,
129,2,902,293,12,8,1,5,1,
129,3,876,185,13,12,1,5,1,
129,11,944,201,15,16,1,5,1,
129,16,933,389,26,20,1,5,1,
130,2,902,293,12,8,1,5,1,
130,3,876,186,12,12,1,5,1,
130,11,943,202,16,15,1,5,1,
130,16,932,388,26,19,1,5,1,
131,2,903,293,12,8,1,5,1,
131,3,876,186,12,12,1,5,1,
131,11,942,202,17,16,1,5,1,
131,16,931,387,26,19,1,5,1,
132,2,903,293,12,8,1,5,1,
132,3,876,187,12,12,1,5,1,
132,11,941,203,18,15,1,5,1,
132,16,930,386,26,19,1,5,1,
133,2,904,292,11,9,1,5,1,
133,3,876,187,12,12,1,5,1,
133,11,940,203,19,15,1,5,1,
133,16,929,385,27,19,1,5,1,
134,2,904,292,12,8,1,5,1,
134,3,876,188,11,12,1,5,1,
134,11,939,203,20,16,1,5,1,
134,16,928,384,27,19,1,5,1,
135,2,904,292,12,8,1,5,1,
135,3,875,189,12,11,1,5,1,
135,11,938,204,21,15,1,5,1,
135,16,927,383,27,19,1,5,1,
136,2,905,292,11,8,1,5,1,
136,3,875,189,12,12,1,5,1,
136,11,937,204,22,16,1,5,1,
136,16,926,383,27,18,1,5,1,
137,2,905,292,11,8,1,5,1,
137,3,875,190,11,11,1,5,1,
137,11,936,205,23,15,1,5,1,
137,16,925,382,27,18,1,5,1,
138,2,905,292,11,8,1,5,1,
138,3,874,191,12,11,1,5,1,
138,11,935,205,23,15,1,5,1,
138,16,923,381,28,18,1,5,1,
139,2,905,291,11,8,1,5,1,
139,3,874,191,11,11,1,5,1,
139,11,934,206,23,15,1,5,1,
139,16,922,380,27,18,1,5,1,
140,2,905,291,11,8,1,5,1,
140,3,873,192,11,11,1,5,1,
140,11,933,206,23,15,1,5,1,
140,16,921,379,27,18,1,5,1,
141,2,905,291,12,8,1,5,1,
141,3,872,192,11,11,1,5,1,
141,11,932,207,23,14,1,5,1,
141,16,920,378,27,18,1,5,1,
142,2,905,291,11,8,1,5,1,
142,3,871,193,12,11,1,5,1,
142,11,931,207,23,15,1,5,1,
142,16,918,377,28,17,1,5,1,
143,2,905,291,11,8,1,5,1,
143,3,871,194,11,10,1,5,1,
143,11,930,208,23,14,1,5,1,
143,16,917,377,28,17,1,5,1,
144,2,905,291,11,7,1,5,1,
144,3,870,194,12,11,1,5,1,
144,11,929,208,23,14,1,5,1,
144,16,915,376,29,17,1,5,1,
145,2,905,291,11,7,1,5,1,
145,3,869,195,13,10,1,5,1,
145,11,928,209,22,14,1,5,1,
145,16,914,375,28,16,1,5,1,
146,2,905,291,11,7,1,5,1,
146,3,868,195,13,11,1,5,1,
146,11,927,209,22,14,1,5,1,
146,16,912,374,29,17,1,5,1,
147,2,905,290,11,8,1,5,1,
147,3,867,196,13,10,1,5,1,
147,11,926,210,22,14,1,5,1,
147,16,910,373,30,17,1,5,1,
148,2,905,290,11,8,1,5,1,
148,3,866,196,13,11,1,5,1,
148,11,924,210,23,14,1,5,1,
148,16,909,373,29,16,1,5,1,
149,2,905,290,10,7,1,5,1,
149,3,865,197,13,10,1,5,1,
149,11,923,211,23,13,1,5,1,
149,16,907,372,30,16,1,5,1,
150,2,905,290,10,7,1,5,1,
150,3,863,198,15,10,1,5,1,
150,11,920,211,25,13,1,5,1,
150,16,905,371,31,16,1,5,1,
