1,2,221,384,33,25,1,5,1,
1,3,933,383,26,40,1,5,1,
1,4,576,186,67,44,1,5,1,
1,5,-41,454,104,69,1,5,1,
1,6,757,75,77,20,1,5,1,
1,7,396,71,21,38,1,5,1,
1,8,790,4,56,52,1,5,1,
1,9,855,327,100,18,1,5,1,
1,10,823,261,56,14,1,5,1,
1,11,790,113,58,27,1,5,1,
1,12,0,467,140,36,1,5,1,
1,13,461,253,28,17,1,5,1,
1,14,669,67,91,24,1,5,1,
1,15,706,482,36,57,1,5,1,
1,16,303,108,45,32,1,5,1,
1,17,35,506,42,38,1,5,1,
1,18,59,21,32,35,1,5,1,
1,19,475,0,17,8,1,5,1,
1,20,18,238,68,23,1,5,1,
1,21,213,0,54,38,1,5,1,
1,22,564,57,37,24,1,5,1,
2,2,222,382,25,24,1,5,1,
2,3,931,387,28,37,1,5,1,
2,4,574,191,80,40,1,5,1,
2,5,-44,460,87,70,1,5,1,
2,6,755,73,67,21,1,5,1,
2,7,396,75,19,37,1,5,1,
2,8,787,-1,74,53,1,5,1,
2,9,849,326,90,18,1,5,1,
2,10,833,261,47,14,1,5,1,
2,11,802,111,45,26,1,5,1,
2,12,0,467,148,36,1,5,1,
2,13,461,253,19,17,1,5,1,
2,14,685,68,81,25,1,5,1,
2,15,711,480,35,52,1,5,1,
2,16,302,109,35,33,1,5,1,
2,17,31,511,40,33,1,5,1,
2,18,60,18,31,36,1,5,1,
2,19,473,0,16,12,1,5,1,
2,20,30,237,55,24,1,5,1,
2,21,216,0,55,42,1,5,1,
2,22,564,53,29,27,1,5,1,
3,2,224,380,25,24,1,5,1,
3,3,928,390,31,34,1,5,1,
3,4,575,195,91,36,1,5,1,
3,5,-44,466,69,70,1,5,1,
3,6,754,71,59,22,1,5,1,
3,7,397,77,18,38,1,5,1,
3,8,785,-8,87,55,1,5,1,
3,9,845,325,80,18,1,5,1,
3,10,842,261,38,14,1,5,1,
3,11,810,110,37,25,1,5,1,
3,12,3,467,153,37,1,5,1,
3,13,463,253,18,17,1,5,1,
3,14,698,68,74,27,1,5,1,
3,15,716,478,34,49,1,5,1,
3,16,302,110,26,34,1,5,1,
3,17,26,515,38,29,1,5,1,
3,18,60,15,31,36,1,5,1,
3,19,472,0,16,16,1,5,1,
3,20,36,237,47,24,1,5,1,
3,21,215,0,59,45,1,5,1,
3,22,565,49,21,29,1,5,1,
4,2,228,379,23,23,1,5,1,
4,3,918,393,41,30,1,5,1,
4,4,577,197,102,35,1,5,1,
4,6,754,68,51,24,1,5,1,
4,7,398,79,18,38,1,5,1,
4,8,785,-15,96,58,1,5,1,
4,9,842,324,72,18,1,5,1,
4,10,850,261,29,14,1,5,1,
4,11,818,109,31,25,1,5,1,
4,12,21,469,141,36,1,5,1,
4,13,465,253,17,16,1,5,1,
4,14,708,69,71,27,1,5,1,
4,15,717,478,38,44,1,5,1,
4,16,302,111,22,35,1,5,1,
4,17,22,519,35,25,1,5,1,
4,18,60,13,30,35,1,5,1,
4,19,472,0,14,21,1,5,1,
4,20,40,237,41,25,1,5,1,
4,21,218,0,60,49,1,5,1,
4,22,564,45,19,31,1,5,1,
5,2,227,377,28,23,1,5,1,
5,3,906,395,53,29,1,5,1,
5,4,580,197,112,35,1,5,1,
5,6,755,65,43,28,1,5,1,
5,7,400,82,17,37,1,5,1,
5,8,787,-21,111,59,1,5,1,
5,9,834,323,73,17,1,5,1,
5,10,857,262,21,13,1,5,1,
5,11,818,109,31,23,1,5,1,
5,12,35,470,133,37,1,5,1,
5,13,468,253,16,16,1,5,1,
5,14,717,70,69,27,1,5,1,
5,15,720,477,41,41,1,5,1,
5,16,303,112,22,36,1,5,1,
5,17,19,524,32,20,1,5,1,
5,18,59,10,31,36,1,5,1,
5,19,470,0,14,25,1,5,1,
5,20,43,238,37,24,1,5,1,
5,21,220,1,64,52,1,5,1,
5,22,564,40,20,33,1,5,1,
6,2,226,375,36,23,1,5,1,
6,3,893,395,66,28,1,5,1,
6,4,584,197,122,35,1,5,1,
6,6,757,61,34,32,1,5,1,
6,7,398,85,22,36,1,5,1,
6,8,791,-27,125,59,1,5,1,
6,9,827,323,72,16,1,5,1,
6,10,859,262,20,13,1,5,1,
6,11,817,108,31,23,1,5,1,
6,12,45,471,134,36,1,5,1,
6,13,467,253,22,16,1,5,1,
6,14,726,71,68,27,1,5,1,
6,15,730,475,33,40,1,5,1,
6,16,305,114,21,36,1,5,1,
6,18,60,8,30,35,1,5,1,
6,19,470,0,12,29,1,5,1,
6,20,45,239,34,25,1,5,1,
6,21,224,7,68,50,1,5,1,
6,22,565,34,20,36,1,5,1,
7,2,225,373,45,23,1,5,1,
7,3,880,395,79,28,1,5,1,
7,4,589,198,131,34,1,5,1,
7,6,759,58,27,34,1,5,1,
7,7,396,89,28,34,1,5,1,
7,8,796,-32,140,58,1,5,1,
7,9,821,322,71,16,1,5,1,
7,10,859,262,20,13,1,5,1,
7,11,815,108,30,22,1,5,1,
7,12,54,471,137,37,1,5,1,
7,13,466,253,28,16,1,5,1,
7,14,734,73,67,26,1,5,1,
7,15,735,473,29,39,1,5,1,
7,16,307,115,21,37,1,5,1,
7,18,61,7,30,33,1,5,1,
7,19,470,0,12,32,1,5,1,
7,20,44,239,35,25,1,5,1,
7,21,228,13,72,47,1,5,1,
7,22,567,29,21,37,1,5,1,
8,2,225,371,52,23,1,5,1,
8,3,866,394,93,28,1,5,1,
8,4,596,198,138,34,1,5,1,
8,6,760,55,24,36,1,5,1,
8,7,395,92,33,33,1,5,1,
8,8,803,-37,152,57,1,5,1,
8,9,816,321,69,16,1,5,1,
8,10,858,262,19,13,1,5,1,
8,11,810,108,32,23,1,5,1,
8,12,63,472,139,37,1,5,1,
8,13,466,253,34,16,1,5,1,
8,14,743,74,65,26,1,5,1,
8,15,735,470,31,39,1,5,1,
8,16,304,117,29,38,1,5,1,
8,18,63,6,30,31,1,5,1,
8,19,471,0,11,36,1,5,1,
8,20,42,239,39,25,1,5,1,
8,21,233,19,76,44,1,5,1,
8,22,565,23,26,39,1,5,1,
9,2,228,370,57,23,1,5,1,
9,3,853,393,106,27,1,5,1,
9,4,604,198,145,35,1,5,1,
9,5,0,533,21,11,1,5,1,
9,6,760,52,24,36,1,5,1,
9,7,395,96,39,30,1,5,1,
9,9,810,321,67,15,1,5,1,
9,10,856,262,22,13,1,5,1,
9,11,801,108,44,25,1,5,1,
9,12,72,472,141,37,1,5,1,
9,13,468,253,39,16,1,5,1,
9,14,752,75,64,26,1,5,1,
9,15,734,467,34,40,1,5,1,
9,16,302,120,37,36,1,5,1,
9,18,64,3,31,31,1,5,1,
9,19,472,2,11,37,1,5,1,
9,20,41,239,42,26,1,5,1,
9,21,240,26,78,38,1,5,1,
9,22,564,18,36,39,1,5,1,
10,2,230,368,63,23,1,5,1,
10,3,840,392,119,28,1,5,1,
10,4,613,198,151,36,1,5,1,
10,5,0,533,29,11,1,5,1,
10,6,759,50,24,34,1,5,1,
10,7,396,99,42,28,1,5,1,
10,9,802,320,69,16,1,5,1,
10,10,853,262,27,13,1,5,1,
10,11,792,107,56,30,1,5,1,
10,12,81,473,143,37,1,5,1,
10,13,470,254,43,16,1,5,1,
10,14,758,77,69,25,1,5,1,
10,15,731,464,43,41,1,5,1,
10,16,301,122,44,36,1,5,1,
10,18,66,0,31,31,1,5,1,
10,19,471,7,15,35,1,5,1,
10,20,40,239,45,26,1,5,1,
10,21,246,31,80,34,1,5,1,
10,22,564,13,45,40,1,5,1,
11,2,234,366,67,23,1,5,1,
11,3,828,390,131,29,1,5,1,
11,4,624,198,151,36,1,5,1,
11,5,0,531,44,13,1,5,1,
11,6,756,48,29,32,1,5,1,
11,7,398,102,45,27,1,5,1,
11,9,794,319,72,16,1,5,1,
11,10,850,262,30,13,1,5,1,
11,11,782,105,67,36,1,5,1,
11,12,91,473,144,37,1,5,1,
11,13,474,254,42,16,1,5,1,
11,14,763,80,77,22,1,5,1,
11,15,724,460,55,42,1,5,1,
11,16,301,125,50,35,1,5,1,
11,18,66,-2,33,29,1,5,1,
11,19,470,11,20,34,1,5,1,
11,20,41,239,47,26,1,5,1,
11,21,254,36,81,30,1,5,1,
11,22,565,8,55,40,1,5,1,
12,2,239,365,70,22,1,5,1,
12,3,816,388,140,29,1,5,1,
12,4,634,198,156,36,1,5,1,
12,6,750,47,38,28,1,5,1,
12,7,401,104,47,26,1,5,1,
12,9,786,319,74,15,1,5,1,
12,10,846,262,34,13,1,5,1,
12,11,772,103,76,43,1,5,1,
12,12,102,474,143,37,1,5,1,
12,13,479,254,41,16,1,5,1,
12,14,769,80,84,23,1,5,1,
12,15,716,455,65,44,1,5,1,
12,16,302,128,55,33,1,5,1,
12,18,66,-6,36,30,1,5,1,
12,19,469,16,25,31,1,5,1,
12,20,41,238,51,27,1,5,1,
12,21,262,40,81,27,1,5,1,
12,22,567,4,64,38,1,5,1,
13,2,244,363,73,22,1,5,1,
13,3,806,386,142,30,1,5,1,
13,4,642,197,162,36,1,5,1,
13,6,742,46,49,25,1,5,1,
13,7,404,107,49,24,1,5,1,
13,9,780,318,73,15,1,5,1,
13,10,843,263,37,12,1,5,1,
13,11,762,103,84,49,1,5,1,
13,12,112,475,144,37,1,5,1,
13,13,484,255,39,15,1,5,1,
13,14,776,81,91,21,1,5,1,
13,15,707,451,74,45,1,5,1,
13,16,303,131,60,31,1,5,1,
13,18,67,-9,37,29,1,5,1,
13,19,470,21,28,28,1,5,1,
13,20,42,238,54,27,1,5,1,
13,21,271,43,80,25,1,5,1,
13,22,570,0,73,37,1,5,1,
14,2,250,362,75,21,1,5,1,
14,3,796,384,142,30,1,5,1,
14,4,651,196,168,36,1,5,1,
14,6,733,45,60,24,1,5,1,
14,7,408,109,50,23,1,5,1,
14,9,775,318,71,15,1,5,1,
14,10,840,263,38,12,1,5,1,
14,11,752,103,90,54,1,5,1,
14,12,123,475,143,37,1,5,1,
14,13,489,255,37,15,1,5,1,
14,14,784,81,93,21,1,5,1,
14,15,703,447,74,45,1,5,1,
14,16,306,134,64,29,1,5,1,
14,18,71,-16,35,35,1,5,1,
14,19,471,25,32,25,1,5,1,
14,20,43,238,57,27,1,5,1,
14,21,279,46,80,22,1,5,1,
14,22,574,-1,82,33,1,5,1,
15,2,257,361,76,20,1,5,1,
15,3,788,382,137,30,1,5,1,
15,4,664,195,168,36,1,5,1,
15,6,724,45,70,23,1,5,1,
15,7,412,111,51,22,1,5,1,
15,9,771,317,65,15,1,5,1,
15,10,837,263,38,12,1,5,1,
15,11,743,103,93,60,1,5,1,
15,12,135,476,142,37,1,5,1,
15,13,494,255,35,15,1,5,1,
15,14,796,80,89,23,1,5,1,
15,15,701,444,67,43,1,5,1,
15,16,310,137,67,26,1,5,1,
15,18,77,-23,28,40,1,5,1,
15,19,473,30,35,21,1,5,1,
15,20,45,237,59,27,1,5,1,
15,21,289,49,78,19,1,5,1,
15,22,581,-3,87,28,1,5,1,
16,2,264,361,77,17,1,5,1,
16,3,780,380,132,30,1,5,1,
16,4,677,195,167,36,1,5,1,
16,6,714,44,79,25,1,5,1,
16,7,416,113,52,21,1,5,1,
16,9,767,317,61,14,1,5,1,
16,10,834,263,38,12,1,5,1,
16,11,734,105,96,64,1,5,1,
16,12,146,477,141,37,1,5,1,
16,13,499,255,33,15,1,5,1,
16,14,809,80,83,23,1,5,1,
16,15,697,439,63,43,1,5,1,
16,16,314,140,69,24,1,5,1,
16,19,476,33,37,19,1,5,1,
16,20,47,237,61,27,1,5,1,
16,21,298,49,76,19,1,5,1,
16,22,588,-4,92,23,1,5,1,
17,2,271,361,77,16,1,5,1,
17,3,774,378,125,31,1,5,1,
17,4,690,194,166,36,1,5,1,
17,6,704,44,87,25,1,5,1,
17,7,420,114,53,21,1,5,1,
17,9,763,316,57,15,1,5,1,
17,10,832,263,37,12,1,5,1,
17,11,726,108,97,66,1,5,1,
17,12,157,480,139,37,1,5,1,
17,13,503,255,32,15,1,5,1,
17,14,820,81,78,23,1,5,1,
17,15,694,436,58,41,1,5,1,
17,16,319,142,71,23,1,5,1,
17,19,480,36,37,18,1,5,1,
17,20,49,237,63,27,1,5,1,
17,21,305,49,76,19,1,5,1,
17,22,596,-5,96,20,1,5,1,
18,2,278,361,77,16,1,5,1,
18,3,770,376,116,31,1,5,1,
18,4,703,194,163,36,1,5,1,
18,6,695,44,92,26,1,5,1,
18,7,425,116,52,20,1,5,1,
18,9,760,316,53,14,1,5,1,
18,10,829,263,37,12,1,5,1,
18,11,718,112,97,66,1,5,1,
18,12,166,482,140,37,1,5,1,
18,13,507,255,30,15,1,5,1,
18,14,831,81,73,24,1,5,1,
18,15,693,433,50,39,1,5,1,
18,16,324,145,72,21,1,5,1,
18,19,483,38,37,17,1,5,1,
18,20,51,236,66,28,1,5,1,
18,21,312,49,75,19,1,5,1,
18,22,606,-6,96,20,1,5,1,
19,2,286,361,75,16,1,5,1,
19,3,767,374,105,31,1,5,1,
19,4,717,193,160,37,1,5,1,
19,6,685,44,97,28,1,5,1,
19,7,429,117,53,20,1,5,1,
19,9,757,315,49,14,1,5,1,
19,10,826,263,37,12,1,5,1,
19,11,711,116,95,66,1,5,1,
19,12,174,483,143,37,1,5,1,
19,13,511,256,29,14,1,5,1,
19,14,842,82,67,23,1,5,1,
19,15,691,430,44,38,1,5,1,
19,16,330,147,72,19,1,5,1,
19,19,487,39,37,18,1,5,1,
19,20,53,236,69,28,1,5,1,
19,21,320,50,74,18,1,5,1,
19,22,616,-7,95,19,1,5,1,
20,2,293,360,75,17,1,5,1,
20,3,765,372,93,31,1,5,1,
20,4,731,193,156,37,1,5,1,
20,6,676,43,99,30,1,5,1,
20,7,434,118,52,20,1,5,1,
20,9,755,315,44,13,1,5,1,
20,10,823,263,37,12,1,5,1,
20,11,705,121,91,65,1,5,1,
20,12,183,483,145,38,1,5,1,
20,13,515,256,27,14,1,5,1,
20,14,851,82,63,25,1,5,1,
20,15,690,428,38,36,1,5,1,
20,16,336,148,72,19,1,5,1,
20,19,491,41,37,17,1,5,1,
20,20,56,236,71,28,1,5,1,
20,21,327,50,74,18,1,5,1,
21,2,300,360,75,17,1,5,1,
21,3,764,370,82,31,1,5,1,
21,4,743,193,155,37,1,5,1,
21,6,667,42,101,34,1,5,1,
21,7,439,119,51,20,1,5,1,
21,9,753,314,41,14,1,5,1,
21,10,820,263,37,12,1,5,1,
21,11,701,126,85,63,1,5,1,
21,12,193,484,147,38,1,5,1,
21,13,518,256,26,14,1,5,1,
21,14,860,83,59,25,1,5,1,
21,15,688,426,35,34,1,5,1,
21,16,342,149,71,18,1,5,1,
21,19,495,42,36,17,1,5,1,
21,20,59,235,73,29,1,5,1,
21,21,333,50,75,18,1,5,1,
22,2,307,360,74,18,1,5,1,
22,3,764,369,70,29,1,5,1,
22,4,755,193,154,36,1,5,1,
22,6,659,42,102,37,1,5,1,
22,7,443,120,51,20,1,5,1,
22,9,751,314,37,13,1,5,1,
22,10,817,263,37,12,1,5,1,
22,11,697,131,80,61,1,5,1,
22,12,202,485,150,38,1,5,1,
22,13,521,256,26,14,1,5,1,
22,14,867,84,57,25,1,5,1,
22,15,688,424,31,34,1,5,1,
22,16,347,149,71,18,1,5,1,
22,19,499,44,36,17,1,5,1,
22,20,62,235,76,29,1,5,1,
22,21,339,50,76,18,1,5,1,
23,2,314,361,74,18,1,5,1,
23,3,766,367,56,29,1,5,1,
23,4,768,193,152,36,1,5,1,
23,6,652,42,99,40,1,5,1,
23,7,448,121,50,19,1,5,1,
23,9,750,313,33,14,1,5,1,
23,10,814,263,37,12,1,5,1,
23,11,694,137,72,57,1,5,1,
23,12,213,485,150,39,1,5,1,
23,13,525,256,24,14,1,5,1,
23,14,875,85,54,25,1,5,1,
23,15,687,421,28,33,1,5,1,
23,16,353,150,70,18,1,5,1,
23,19,503,45,35,17,1,5,1,
23,20,65,234,78,30,1,5,1,
23,21,346,50,76,19,1,5,1,
24,2,321,361,75,18,1,5,1,
24,3,766,366,45,27,1,5,1,
24,4,780,193,150,36,1,5,1,
24,6,646,43,95,43,1,5,1,
24,7,452,122,49,19,1,5,1,
24,9,749,313,29,13,1,5,1,
24,10,811,263,37,12,1,5,1,
24,11,692,143,64,53,1,5,1,
24,12,224,486,151,38,1,5,1,
24,13,528,256,22,14,1,5,1,
24,14,882,86,51,25,1,5,1,
24,15,687,420,24,31,1,5,1,
24,16,358,150,70,18,1,5,1,
24,19,507,46,34,17,1,5,1,
24,20,69,234,80,30,1,5,1,
24,21,353,50,75,19,1,5,1,
25,2,329,361,74,18,1,5,1,
25,3,765,365,36,25,1,5,1,
25,4,793,193,147,36,1,5,1,
25,6,640,45,89,44,1,5,1,
25,7,457,123,47,19,1,5,1,
25,9,748,312,25,13,1,5,1,
25,10,808,264,37,11,1,5,1,
25,11,691,148,54,50,1,5,1,
25,12,235,486,152,39,1,5,1,
25,13,531,256,21,14,1,5,1,
25,14,889,87,49,25,1,5,1,
25,15,688,418,23,30,1,5,1,
25,16,364,150,69,19,1,5,1,
25,19,511,48,32,17,1,5,1,
25,20,72,234,83,30,1,5,1,
25,21,360,50,75,19,1,5,1,
26,2,336,361,74,18,1,5,1,
26,3,766,364,27,24,1,5,1,
26,4,806,193,144,36,1,5,1,
26,6,636,47,81,46,1,5,1,
26,7,462,124,45,19,1,5,1,
26,9,747,312,22,13,1,5,1,
26,10,805,264,37,11,1,5,1,
26,11,690,154,47,44,1,5,1,
26,12,246,487,153,39,1,5,1,
26,13,534,257,20,13,1,5,1,
26,14,896,88,46,26,1,5,1,
26,15,688,416,23,29,1,5,1,
26,16,369,150,68,19,1,5,1,
26,19,515,49,31,17,1,5,1,
26,20,76,233,85,31,1,5,1,
26,21,367,51,75,18,1,5,1,
27,2,343,360,74,19,1,5,1,
27,3,767,363,27,23,1,5,1,
27,4,818,193,141,36,1,5,1,
27,6,633,50,73,46,1,5,1,
27,7,466,125,43,19,1,5,1,
27,9,746,311,20,13,1,5,1,
27,10,802,264,37,11,1,5,1,
27,11,690,159,39,40,1,5,1,
27,12,258,487,153,39,1,5,1,
27,13,537,257,19,13,1,5,1,
27,14,904,89,38,27,1,5,1,
27,15,689,414,23,28,1,5,1,
27,16,375,151,67,19,1,5,1,
27,19,518,50,30,18,1,5,1,
27,20,80,233,88,30,1,5,1,
27,21,374,51,74,19,1,5,1,
28,2,351,360,73,18,1,5,1,
28,3,769,362,26,23,1,5,1,
28,4,830,193,130,36,1,5,1,
28,6,630,53,65,46,1,5,1,
28,7,470,126,42,19,1,5,1,
28,9,745,311,18,13,1,5,1,
28,10,799,264,37,11,1,5,1,
28,11,689,162,35,36,1,5,1,
28,12,268,487,155,40,1,5,1,
28,13,539,257,18,13,1,5,1,
28,14,910,90,32,28,1,5,1,
28,15,690,413,22,27,1,5,1,
28,16,380,151,67,19,1,5,1,
28,19,521,52,30,17,1,5,1,
28,20,84,232,90,31,1,5,1,
28,21,380,51,75,19,1,5,1,
29,2,358,360,73,18,1,5,1,
29,3,770,361,26,22,1,5,1,
29,4,842,193,118,36,1,5,1,
29,6,629,57,56,45,1,5,1,
29,7,474,127,41,19,1,5,1,
29,9,744,311,18,12,1,5,1,
29,10,796,264,37,11,1,5,1,
29,11,689,166,31,32,1,5,1,
29,12,280,488,155,39,1,5,1,
29,13,542,257,16,13,1,5,1,
29,14,914,92,30,28,1,5,1,
29,15,691,411,22,27,1,5,1,
29,16,385,152,66,19,1,5,1,
29,19,525,53,28,18,1,5,1,
29,20,88,232,93,31,1,5,1,
29,21,387,52,74,19,1,5,1,
30,2,366,360,72,18,1,5,1,
30,3,771,360,25,22,1,5,1,
30,4,854,193,106,36,1,5,1,
30,6,629,60,46,44,1,5,1,
30,7,478,128,40,19,1,5,1,
30,9,743,310,18,13,1,5,1,
30,10,794,264,36,11,1,5,1,
30,11,689,168,27,29,1,5,1,
30,12,291,488,156,39,1,5,1,
30,13,544,257,16,13,1,5,1,
30,14,917,95,30,26,1,5,1,
30,15,691,409,22,27,1,5,1,
30,16,390,152,65,19,1,5,1,
30,19,528,55,27,17,1,5,1,
30,20,93,231,95,32,1,5,1,
30,21,394,52,74,19,1,5,1,
31,2,375,359,70,18,1,5,1,
31,3,772,359,25,22,1,5,1,
31,4,869,193,91,36,1,5,1,
31,6,628,65,36,41,1,5,1,
31,7,483,129,37,19,1,5,1,
31,9,742,310,17,12,1,5,1,
31,10,791,264,35,11,1,5,1,
31,11,688,170,24,27,1,5,1,
31,12,306,488,153,40,1,5,1,
31,13,547,257,14,13,1,5,1,
31,14,921,97,29,26,1,5,1,
31,15,692,408,22,25,1,5,1,
31,16,397,152,62,20,1,5,1,
31,19,532,56,26,18,1,5,1,
31,20,98,231,97,32,1,5,1,
31,21,402,52,72,20,1,5,1,
32,2,382,359,69,18,1,5,1,
32,3,772,358,26,22,1,5,1,
32,4,878,194,82,34,1,5,1,
32,6,628,68,29,40,1,5,1,
32,7,486,130,37,19,1,5,1,
32,9,741,309,18,12,1,5,1,
32,10,788,264,35,11,1,5,1,
32,11,688,172,22,25,1,5,1,
32,12,316,489,155,39,1,5,1,
32,13,549,258,13,12,1,5,1,
32,14,924,98,28,26,1,5,1,
32,15,693,406,21,25,1,5,1,
32,16,402,153,61,19,1,5,1,
32,19,534,58,26,17,1,5,1,
32,20,103,231,100,32,1,5,1,
32,21,408,52,73,20,1,5,1,
33,2,389,358,69,18,1,5,1,
33,3,773,357,25,22,1,5,1,
33,4,888,195,72,34,1,5,1,
33,6,628,72,23,37,1,5,1,
33,7,489,131,36,19,1,5,1,
33,9,739,309,19,12,1,5,1,
33,10,785,264,36,11,1,5,1,
33,11,689,173,22,25,1,5,1,
33,12,327,489,156,39,1,5,1,
33,13,550,258,13,12,1,5,1,
33,14,927,100,27,26,1,5,1,
33,15,693,404,21,25,1,5,1,
33,16,406,153,61,20,1,5,1,
33,19,537,59,25,18,1,5,1,
33,20,107,230,104,33,1,5,1,
33,21,414,53,73,20,1,5,1,
34,2,396,358,68,18,1,5,1,
34,3,774,356,24,21,1,5,1,
34,4,899,196,61,33,1,5,1,
34,6,629,76,18,35,1,5,1,
34,7,492,132,35,19,1,5,1,
34,9,738,309,18,11,1,5,1,
34,10,782,264,36,11,1,5,1,
34,11,691,174,22,24,1,5,1,
34,12,339,489,156,39,1,5,1,
34,13,552,258,12,12,1,5,1,
34,14,930,102,26,26,1,5,1,
34,15,693,403,21,24,1,5,1,
34,16,411,154,60,20,1,5,1,
34,19,540,61,24,17,1,5,1,
34,20,113,230,105,33,1,5,1,
34,21,421,53,72,20,1,5,1,
35,2,403,358,67,17,1,5,1,
35,3,775,356,24,20,1,5,1,
35,4,908,198,52,31,1,5,1,
35,6,630,79,18,32,1,5,1,
35,7,496,133,33,19,1,5,1,
35,9,737,308,18,12,1,5,1,
35,10,779,264,36,11,1,5,1,
35,11,694,175,21,23,1,5,1,
35,12,350,489,157,39,1,5,1,
35,13,554,258,11,12,1,5,1,
35,14,932,104,26,25,1,5,1,
35,15,694,401,20,24,1,5,1,
35,16,416,155,59,19,1,5,1,
35,19,542,62,24,17,1,5,1,
35,20,118,229,109,34,1,5,1,
35,21,427,54,73,20,1,5,1,
36,2,411,357,65,17,1,5,1,
36,3,776,355,24,20,1,5,1,
36,4,919,199,41,22,1,5,1,
36,6,631,82,19,30,1,5,1,
36,7,499,134,31,19,1,5,1,
36,9,737,308,16,12,1,5,1,
36,10,776,264,36,11,1,5,1,
36,11,696,176,21,23,1,5,1,
36,12,363,489,157,39,1,5,1,
36,13,555,258,11,12,1,5,1,
36,14,935,106,24,25,1,5,1,
36,15,694,400,21,23,1,5,1,
36,16,421,155,57,20,1,5,1,
36,19,545,63,22,18,1,5,1,
36,20,124,229,111,34,1,5,1,
36,21,434,54,72,21,1,5,1,
37,2,418,356,64,18,1,5,1,
37,3,777,354,24,20,1,5,1,
37,6,629,84,23,28,1,5,1,
37,7,502,135,30,19,1,5,1,
37,9,738,308,14,11,1,5,1,
37,10,773,264,36,11,1,5,1,
37,11,697,177,22,22,1,5,1,
37,12,374,489,158,39,1,5,1,
37,13,556,258,11,12,1,5,1,
37,14,938,107,21,25,1,5,1,
37,15,695,398,20,24,1,5,1,
37,16,426,156,56,20,1,5,1,
37,19,547,65,22,17,1,5,1,
37,20,130,228,113,35,1,5,1,
37,21,441,55,71,21,1,5,1,
38,2,425,356,63,17,1,5,1,
38,3,778,353,23,20,1,5,1,
38,6,629,86,25,26,1,5,1,
38,7,505,136,29,19,1,5,1,
38,9,737,308,15,11,1,5,1,
38,10,771,264,35,11,1,5,1,
38,11,699,178,22,22,1,5,1,
38,12,387,489,157,39,1,5,1,
38,13,557,258,11,12,1,5,1,
38,14,939,109,20,24,1,5,1,
38,15,695,397,20,23,1,5,1,
38,16,430,157,55,19,1,5,1,
38,19,550,67,20,17,1,5,1,
38,20,136,228,116,34,1,5,1,
38,21,447,56,71,20,1,5,1,
39,2,432,355,61,17,1,5,1,
39,3,778,352,24,20,1,5,1,
39,6,629,87,29,26,1,5,1,
39,7,507,137,29,19,1,5,1,
39,9,736,307,16,11,1,5,1,
39,10,768,264,35,11,1,5,1,
39,11,700,179,23,21,1,5,1,
39,12,398,489,158,39,1,5,1,
39,13,558,258,11,12,1,5,1,
39,14,940,110,19,25,1,5,1,
39,15,695,396,20,22,1,5,1,
39,16,435,157,54,20,1,5,1,
39,19,552,68,20,17,1,5,1,
39,20,142,228,119,34,1,5,1,
39,21,453,56,70,21,1,5,1,
40,2,439,355,59,17,1,5,1,
40,3,779,351,23,20,1,5,1,
40,6,630,88,32,25,1,5,1,
40,7,510,138,28,18,1,5,1,
40,9,736,307,15,11,1,5,1,
40,10,765,265,35,10,1,5,1,
40,11,702,180,23,21,1,5,1,
40,12,411,489,157,39,1,5,1,
40,13,559,259,11,11,1,5,1,
40,14,941,112,18,24,1,5,1,
40,15,695,394,20,22,1,5,1,
40,16,439,158,53,19,1,5,1,
40,19,554,70,19,17,1,5,1,
40,20,149,227,121,35,1,5,1,
40,21,460,56,67,22,1,5,1,
41,2,446,354,57,17,1,5,1,
41,3,779,351,23,19,1,5,1,
41,6,631,88,35,26,1,5,1,
41,7,512,139,28,18,1,5,1,
41,9,735,307,16,11,1,5,1,
41,10,762,265,35,9,1,5,1,
41,11,704,180,23,21,1,5,1,
41,12,423,489,157,39,1,5,1,
41,13,559,258,12,12,1,5,1,
41,14,942,114,17,24,1,5,1,
41,15,698,394,18,21,1,5,1,
41,16,444,158,50,20,1,5,1,
41,19,556,71,19,17,1,5,1,
41,20,155,227,125,35,1,5,1,
41,21,467,55,63,24,1,5,1,
42,2,453,354,55,16,1,5,1,
42,3,781,350,22,19,1,5,1,
42,6,634,88,35,27,1,5,1,
42,7,515,140,25,18,1,5,1,
42,9,734,307,16,10,1,5,1,
42,10,759,265,35,9,1,5,1,
42,11,706,181,22,21,1,5,1,
42,12,436,488,156,40,1,5,1,
42,13,561,258,12,12,1,5,1,
42,14,943,116,17,23,1,5,1,
42,15,700,394,17,19,1,5,1,
42,16,448,159,52,20,1,5,1,
42,19,558,72,18,17,1,5,1,
42,20,162,226,128,36,1,5,1,
42,21,474,55,59,26,1,5,1,
43,2,459,353,54,16,1,5,1,
43,3,783,350,22,18,1,5,1,
43,6,639,88,30,29,1,5,1,
43,7,518,141,24,18,1,5,1,
43,9,734,306,15,11,1,5,1,
43,10,758,265,33,9,1,5,1,
43,11,709,182,21,21,1,5,1,
43,12,448,488,156,39,1,5,1,
43,13,560,258,16,11,1,5,1,
43,14,945,117,14,23,1,5,1,
43,15,702,393,16,19,1,5,1,
43,16,451,161,55,18,1,5,1,
43,19,560,74,17,17,1,5,1,
43,20,169,226,130,36,1,5,1,
43,21,482,55,52,29,1,5,1,
44,2,466,352,52,17,1,5,1,
44,3,784,349,21,18,1,5,1,
44,6,645,88,24,31,1,5,1,
44,7,520,142,24,18,1,5,1,
44,9,733,306,15,10,1,5,1,
44,10,757,265,29,9,1,5,1,
44,11,711,183,20,20,1,5,1,
44,12,461,488,155,39,1,5,1,
44,13,559,258,20,11,1,5,1,
44,14,947,119,13,22,1,5,1,
44,15,703,392,16,19,1,5,1,
44,16,454,162,58,18,1,5,1,
44,19,562,75,16,17,1,5,1,
44,20,177,226,133,36,1,5,1,
44,21,489,55,46,31,1,5,1,
45,2,472,352,50,16,1,5,1,
45,3,783,348,22,18,1,5,1,
45,6,651,89,19,31,1,5,1,
45,7,521,144,25,17,1,5,1,
45,9,731,306,17,10,1,5,1,
45,10,755,265,27,9,1,5,1,
45,11,712,184,20,20,1,5,1,
45,12,473,487,154,40,1,5,1,
45,13,558,258,25,11,1,5,1,
45,14,947,120,13,22,1,5,1,
45,15,702,390,17,20,1,5,1,
45,16,458,164,60,16,1,5,1,
45,19,563,77,17,17,1,5,1,
45,20,184,225,136,37,1,5,1,
45,21,493,57,48,30,1,5,1,
46,2,478,351,48,16,1,5,1,
46,3,781,346,22,19,1,5,1,
46,6,651,89,19,33,1,5,1,
46,7,523,145,25,17,1,5,1,
46,9,729,305,19,11,1,5,1,
46,10,752,265,28,9,1,5,1,
46,11,713,184,19,21,1,5,1,
46,12,486,487,153,39,1,5,1,
46,13,558,258,29,11,1,5,1,
46,14,947,127,12,17,1,5,1,
46,15,701,388,17,21,1,5,1,
46,16,463,165,61,15,1,5,1,
46,19,565,79,16,16,1,5,1,
46,20,192,225,139,37,1,5,1,
46,21,496,61,52,27,1,5,1,
47,2,484,350,46,16,1,5,1,
47,3,780,346,22,18,1,5,1,
47,6,651,91,19,32,1,5,1,
47,7,525,146,23,17,1,5,1,
47,9,726,305,23,10,1,5,1,
47,11,713,185,19,20,1,5,1,
47,12,499,487,150,39,1,5,1,
47,13,560,258,30,11,1,5,1,
47,14,946,129,13,16,1,5,1,
47,15,701,387,17,20,1,5,1,
47,16,467,166,62,14,1,5,1,
47,19,566,80,16,16,1,5,1,
47,20,200,224,142,38,1,5,1,
47,21,499,64,56,25,1,5,1,
48,2,489,350,45,15,1,5,1,
48,3,780,345,22,18,1,5,1,
48,6,652,92,18,32,1,5,1,
48,7,527,147,23,17,1,5,1,
48,9,721,305,28,10,1,5,1,
48,11,714,186,19,20,1,5,1,
48,12,512,486,147,39,1,5,1,
48,13,562,259,32,10,1,5,1,
48,14,946,129,13,18,1,5,1,
48,15,701,386,17,19,1,5,1,
48,16,472,166,62,15,1,5,1,
48,19,568,81,15,16,1,5,1,
48,20,208,224,145,38,1,5,1,
48,21,503,67,60,23,1,5,1,
49,2,494,349,43,15,1,5,1,
49,3,780,344,21,18,1,5,1,
49,6,653,94,18,32,1,5,1,
49,7,529,148,23,17,1,5,1,
49,9,718,304,30,10,1,5,1,
49,11,714,187,19,19,1,5,1,
49,12,525,484,143,40,1,5,1,
49,13,564,259,32,10,1,5,1,
49,14,945,130,14,18,1,5,1,
49,15,701,385,17,19,1,5,1,
49,16,476,166,63,15,1,5,1,
49,19,569,83,15,16,1,5,1,
49,20,216,224,148,38,1,5,1,
49,21,507,70,63,21,1,5,1,
50,2,500,348,41,16,1,5,1,
50,3,779,343,22,18,1,5,1,
50,6,653,97,18,30,1,5,1,
50,7,531,149,21,16,1,5,1,
50,9,716,304,30,10,1,5,1,
50,11,715,188,19,19,1,5,1,
50,12,539,483,139,39,1,5,1,
50,13,568,259,31,10,1,5,1,
50,14,943,132,16,18,1,5,1,
50,15,701,383,17,19,1,5,1,
50,16,481,166,62,15,1,5,1,
50,19,571,84,13,16,1,5,1,
50,20,225,223,151,39,1,5,1,
50,21,512,73,65,18,1,5,1,
51,2,505,348,39,15,1,5,1,
51,3,779,343,21,17,1,5,1,
51,6,653,98,18,30,1,5,1,
51,7,533,150,20,16,1,5,1,
51,9,713,304,30,10,1,5,1,
51,11,715,188,19,20,1,5,1,
51,12,551,482,137,38,1,5,1,
51,13,571,259,31,10,1,5,1,
51,14,942,133,18,18,1,5,1,
51,15,701,382,16,19,1,5,1,
51,16,486,166,62,15,1,5,1,
51,19,572,85,13,16,1,5,1,
51,20,233,223,155,38,1,5,1,
51,21,517,74,66,18,1,5,1,
52,2,510,347,37,15,1,5,1,
52,3,778,342,21,17,1,5,1,
52,6,654,100,18,30,1,5,1,
52,7,535,151,19,16,1,5,1,
52,9,710,303,31,10,1,5,1,
52,11,716,189,18,19,1,5,1,
52,12,564,481,133,38,1,5,1,
52,13,574,259,30,10,1,5,1,
52,14,941,134,18,19,1,5,1,
52,15,700,381,17,19,1,5,1,
52,16,490,166,62,15,1,5,1,
52,19,574,87,11,16,1,5,1,
52,20,243,223,157,38,1,5,1,
52,21,523,75,66,17,1,5,1,
53,2,514,346,36,15,1,5,1,
53,3,778,341,21,17,1,5,1,
53,6,655,102,17,29,1,5,1,
53,7,537,152,18,16,1,5,1,
53,9,708,303,30,10,1,5,1,
53,11,716,190,19,19,1,5,1,
53,12,575,479,131,38,1,5,1,
53,13,577,259,30,10,1,5,1,
53,14,940,135,20,19,1,5,1,
53,15,700,380,17,18,1,5,1,
53,16,495,166,62,15,1,5,1,
53,19,575,88,11,16,1,5,1,
53,20,252,222,160,39,1,5,1,
53,21,529,75,66,17,1,5,1,
54,2,519,346,34,14,1,5,1,
54,3,778,341,20,17,1,5,1,
54,6,655,103,18,29,1,5,1,
54,7,538,153,17,16,1,5,1,
54,9,705,303,30,9,1,5,1,
54,11,717,191,18,18,1,5,1,
54,12,588,478,127,37,1,5,1,
54,13,581,259,28,10,1,5,1,
54,14,939,134,20,22,1,5,1,
54,15,699,379,18,18,1,5,1,
54,16,500,166,61,15,1,5,1,
54,19,576,90,11,15,1,5,1,
54,20,262,222,163,39,1,5,1,
54,21,535,76,65,17,1,5,1,
55,2,523,345,33,14,1,5,1,
55,3,777,340,20,17,1,5,1,
55,6,655,105,18,28,1,5,1,
55,7,540,154,16,16,1,5,1,
55,9,703,303,30,9,1,5,1,
55,11,717,191,18,19,1,5,1,
55,12,599,476,125,38,1,5,1,
55,13,584,259,27,10,1,5,1,
55,14,937,135,22,22,1,5,1,
55,15,699,378,18,17,1,5,1,
55,16,504,166,61,15,1,5,1,
55,19,577,91,10,16,1,5,1,
55,20,272,222,166,39,1,5,1,
55,21,541,76,64,17,1,5,1,
56,2,528,344,30,14,1,5,1,
56,3,776,339,21,17,1,5,1,
56,6,655,106,17,29,1,5,1,
56,7,542,155,14,16,1,5,1,
56,9,700,302,30,10,1,5,1,
56,11,717,192,18,18,1,5,1,
56,12,612,475,121,37,1,5,1,
56,13,587,259,26,10,1,5,1,
56,14,936,137,22,21,1,5,1,
56,15,698,377,18,17,1,5,1,
56,16,509,166,60,15,1,5,1,
56,19,578,92,9,16,1,5,1,
56,20,283,222,168,39,1,5,1,
56,21,547,76,64,18,1,5,1,
57,2,532,344,29,14,1,5,1,
57,3,776,339,20,16,1,5,1,
57,6,654,107,17,29,1,5,1,
57,7,544,155,12,16,1,5,1,
57,9,698,302,29,9,1,5,1,
57,11,717,193,17,18,1,5,1,
57,12,622,474,119,36,1,5,1,
57,13,590,259,25,10,1,5,1,
57,14,934,138,22,21,1,5,1,
57,15,698,376,18,17,1,5,1,
57,16,514,166,59,15,1,5,1,
57,19,579,94,9,15,1,5,1,
57,20,293,221,171,40,1,5,1,
57,21,553,77,63,17,1,5,1,
58,2,535,343,28,14,1,5,1,
58,3,775,338,20,16,1,5,1,
58,6,654,109,17,28,1,5,1,
58,7,545,156,12,16,1,5,1,
58,9,695,302,30,9,1,5,1,
58,11,716,193,18,18,1,5,1,
58,12,633,472,116,36,1,5,1,
58,13,593,259,24,10,1,5,1,
58,14,933,140,22,21,1,5,1,
58,15,697,375,19,17,1,5,1,
58,16,518,167,59,15,1,5,1,
58,19,580,95,8,15,1,5,1,
58,20,304,221,174,40,1,5,1,
58,21,559,77,62,18,1,5,1,
59,2,539,342,26,14,1,5,1,
59,3,775,337,20,16,1,5,1,
59,6,653,110,17,28,1,5,1,
59,7,546,157,11,16,1,5,1,
59,9,693,302,29,9,1,5,1,
59,11,716,194,18,18,1,5,1,
59,12,643,471,114,35,1,5,1,
59,13,596,259,23,10,1,5,1,
59,14,931,142,22,20,1,5,1,
59,15,697,374,18,16,1,5,1,
59,16,523,167,58,15,1,5,1,
59,19,580,96,8,15,1,5,1,
59,20,315,221,176,40,1,5,1,
59,21,564,77,62,18,1,5,1,
60,2,542,341,25,14,1,5,1,
60,3,774,337,20,16,1,5,1,
60,6,653,112,17,28,1,5,1,
60,7,546,158,11,16,1,5,1,
60,9,690,301,29,9,1,5,1,
60,11,716,195,18,17,1,5,1,
60,12,654,469,110,35,1,5,1,
60,13,599,259,22,10,1,5,1,
60,14,929,143,23,20,1,5,1,
60,15,696,373,19,16,1,5,1,
60,16,527,167,58,15,1,5,1,
60,19,580,98,8,15,1,5,1,
60,20,327,221,178,40,1,5,1,
60,21,570,78,61,18,1,5,1,
61,2,546,341,23,13,1,5,1,
61,3,773,336,20,16,1,5,1,
61,6,654,114,16,27,1,5,1,
61,7,546,159,12,17,1,5,1,
61,9,687,301,30,9,1,5,1,
61,11,715,196,18,17,1,5,1,
61,12,664,468,108,35,1,5,1,
61,13,601,260,21,9,1,5,1,
61,14,928,145,22,19,1,5,1,
61,15,695,372,19,16,1,5,1,
61,16,532,167,57,15,1,5,1,
61,20,338,221,180,40,1,5,1,
61,21,575,78,61,18,1,5,1,
62,2,549,340,22,13,1,5,1,
62,3,772,336,21,15,1,5,1,
62,6,655,116,15,26,1,5,1,
62,7,546,161,12,16,1,5,1,
62,9,685,301,29,9,1,5,1,
62,11,715,196,18,18,1,5,1,
62,12,674,466,105,35,1,5,1,
62,13,604,260,19,9,1,5,1,
62,14,926,146,23,20,1,5,1,
62,15,694,371,20,16,1,5,1,
62,16,536,167,57,16,1,5,1,
62,20,351,221,181,41,1,5,1,
62,21,581,79,60,18,1,5,1,
63,2,551,339,22,14,1,5,1,
63,3,772,335,20,15,1,5,1,
63,6,655,118,15,25,1,5,1,
63,7,547,162,12,15,1,5,1,
63,9,682,301,30,9,1,5,1,
63,11,715,197,17,18,1,5,1,
63,12,683,465,103,34,1,5,1,
63,13,607,260,15,9,1,5,1,
63,14,924,148,23,19,1,5,1,
63,15,693,370,20,16,1,5,1,
63,16,540,168,56,15,1,5,1,
63,20,363,221,182,41,1,5,1,
63,21,586,79,59,19,1,5,1,
64,2,554,339,20,13,1,5,1,
64,3,771,334,20,16,1,5,1,
64,6,656,120,15,24,1,5,1,
64,7,547,163,12,15,1,5,1,
64,9,680,300,29,9,1,5,1,
64,11,715,197,17,18,1,5,1,
64,12,693,463,100,34,1,5,1,
64,13,611,260,12,9,1,5,1,
64,14,923,149,22,19,1,5,1,
64,15,693,369,19,16,1,5,1,
64,16,545,168,55,14,1,5,1,
64,20,377,221,182,41,1,5,1,
64,21,592,80,58,18,1,5,1,
65,2,557,338,19,13,1,5,1,
65,3,770,334,21,15,1,5,1,
65,6,656,122,15,23,1,5,1,
65,7,548,164,11,15,1,5,1,
65,11,715,198,17,18,1,5,1,
65,12,702,462,98,33,1,5,1,
65,13,612,260,13,9,1,5,1,
65,14,920,150,24,19,1,5,1,
65,15,692,368,20,16,1,5,1,
65,16,549,167,54,15,1,5,1,
65,20,389,221,183,41,1,5,1,
65,21,597,80,58,18,1,5,1,
66,2,559,338,19,12,1,5,1,
66,3,769,333,21,15,1,5,1,
66,6,657,123,15,23,1,5,1,
66,11,715,199,17,17,1,5,1,
66,12,711,460,95,33,1,5,1,
66,13,614,260,12,10,1,5,1,
66,14,918,152,25,18,1,5,1,
66,15,691,367,20,15,1,5,1,
66,16,554,166,52,16,1,5,1,
66,20,403,221,181,41,1,5,1,
66,21,602,81,57,18,1,5,1,
67,2,561,337,18,12,1,5,1,
67,3,768,333,21,15,1,5,1,
67,6,658,124,14,23,1,5,1,
67,11,715,200,17,17,1,5,1,
67,12,719,459,94,32,1,5,1,
67,13,616,260,10,10,1,5,1,
67,14,916,153,25,19,1,5,1,
67,15,690,366,20,15,1,5,1,
67,16,558,166,51,16,1,5,1,
67,20,415,221,181,41,1,5,1,
67,21,607,81,56,18,1,5,1,
68,2,563,336,17,13,1,5,1,
68,3,767,332,21,15,1,5,1,
68,6,658,125,14,23,1,5,1,
68,11,715,200,17,17,1,5,1,
68,12,727,457,92,33,1,5,1,
68,13,616,260,10,10,1,5,1,
68,14,913,154,26,19,1,5,1,
68,15,689,365,20,15,1,5,1,
68,16,563,166,47,16,1,5,1,
68,20,429,222,179,40,1,5,1,
68,21,612,81,54,19,1,5,1,
69,2,565,336,16,12,1,5,1,
69,3,766,332,21,14,1,5,1,
69,6,658,126,14,23,1,5,1,
69,11,715,201,17,16,1,5,1,
69,12,735,456,90,32,1,5,1,
69,13,616,261,10,9,1,5,1,
69,14,911,156,25,18,1,5,1,
69,15,688,364,20,15,1,5,1,
69,16,569,166,41,17,1,5,1,
69,20,443,222,177,40,1,5,1,
69,21,618,81,51,20,1,5,1,
70,2,568,335,14,12,1,5,1,
70,3,765,331,21,14,1,5,1,
70,6,658,128,14,22,1,5,1,
70,11,715,202,16,16,1,5,1,
70,12,746,454,84,32,1,5,1,
70,13,616,261,10,9,1,5,1,
70,14,909,157,24,18,1,5,1,
70,15,686,364,21,14,1,5,1,
70,16,576,166,34,18,1,5,1,
70,20,462,222,169,40,1,5,1,
70,21,625,82,47,20,1,5,1,
71,2,570,334,13,12,1,5,1,
71,3,764,330,22,15,1,5,1,
71,6,658,128,14,23,1,5,1,
71,11,716,202,16,15,1,5,1,
71,12,753,453,83,31,1,5,1,
71,13,616,261,10,9,1,5,1,
71,14,906,158,25,18,1,5,1,
71,15,685,363,21,14,1,5,1,
71,16,581,166,28,18,1,5,1,
71,20,474,222,167,40,1,5,1,
71,21,629,82,45,21,1,5,1,
72,2,571,334,13,12,1,5,1,
72,3,763,330,22,14,1,5,1,
72,6,657,129,15,23,1,5,1,
72,11,716,203,17,15,1,5,1,
72,12,761,451,80,32,1,5,1,
72,13,615,261,10,9,1,5,1,
72,14,904,160,25,17,1,5,1,
72,15,684,362,21,14,1,5,1,
72,16,585,166,22,19,1,5,1,
72,20,488,223,164,39,1,5,1,
72,21,634,83,42,22,1,5,1,
73,2,573,333,12,12,1,5,1,
73,3,762,329,22,15,1,5,1,
73,6,657,130,14,23,1,5,1,
73,11,716,203,16,15,1,5,1,
73,12,768,450,79,31,1,5,1,
73,13,615,261,10,9,1,5,1,
73,14,902,161,25,17,1,5,1,
73,15,683,361,21,14,1,5,1,
73,16,590,166,17,20,1,5,1,
73,20,500,223,162,39,1,5,1,
73,21,638,83,40,23,1,5,1,
74,2,574,333,12,11,1,5,1,
74,3,761,329,22,14,1,5,1,
74,6,656,132,14,22,1,5,1,
74,11,716,204,16,15,1,5,1,
74,12,779,448,73,31,1,5,1,
74,13,614,261,12,9,1,5,1,
74,14,899,163,24,16,1,5,1,
74,15,681,360,22,14,1,5,1,
74,16,593,167,14,19,1,5,1,
74,20,521,223,150,39,1,5,1,
74,21,646,84,31,24,1,5,1,
75,2,575,332,11,11,1,5,1,
75,3,760,328,22,14,1,5,1,
75,6,656,133,14,22,1,5,1,
75,11,715,204,16,15,1,5,1,
75,12,788,446,69,31,1,5,1,
75,13,613,261,13,9,1,5,1,
75,14,896,164,25,16,1,5,1,
75,15,680,360,22,13,1,5,1,
75,16,593,168,14,19,1,5,1,
75,20,536,223,145,39,1,5,1,
75,21,652,85,24,25,1,5,1,
76,2,575,332,12,11,1,5,1,
76,3,759,328,22,13,1,5,1,
76,6,655,133,15,23,1,5,1,
76,11,715,205,16,15,1,5,1,
76,12,793,445,68,30,1,5,1,
76,13,612,261,14,9,1,5,1,
76,14,894,165,25,16,1,5,1,
76,15,678,359,23,13,1,5,1,
76,16,592,168,14,20,1,5,1,
76,20,546,224,144,38,1,5,1,
76,21,656,85,20,27,1,5,1,
77,2,576,331,11,11,1,5,1,
77,3,758,327,22,14,1,5,1,
77,6,654,135,16,21,1,5,1,
77,11,714,205,17,15,1,5,1,
77,12,801,443,65,30,1,5,1,
77,13,611,261,14,9,1,5,1,
77,14,891,166,25,16,1,5,1,
77,15,677,358,23,13,1,5,1,
77,16,591,169,14,19,1,5,1,
77,20,561,224,138,38,1,5,1,
77,21,661,86,15,27,1,5,1,
78,2,576,330,11,11,1,5,1,
78,3,757,327,22,13,1,5,1,
78,6,653,135,17,22,1,5,1,
78,11,713,206,17,14,1,5,1,
78,12,806,442,64,30,1,5,1,
78,14,889,167,25,16,1,5,1,
78,15,675,357,24,13,1,5,1,
78,16,591,170,14,19,1,5,1,
78,20,570,225,137,37,1,5,1,
78,21,660,87,15,28,1,5,1,
79,2,576,330,12,11,1,5,1,
79,3,756,327,22,13,1,5,1,
79,6,652,137,17,21,1,5,1,
79,11,712,206,18,15,1,5,1,
79,12,811,440,63,30,1,5,1,
79,14,883,168,29,16,1,5,1,
79,15,674,357,23,13,1,5,1,
79,16,592,171,13,19,1,5,1,
79,20,581,225,135,37,1,5,1,
79,21,659,88,15,29,1,5,1,
80,2,577,329,11,11,1,5,1,
80,3,755,326,22,13,1,5,1,
80,6,651,138,17,21,1,5,1,
80,11,712,207,17,14,1,5,1,
80,12,816,439,63,30,1,5,1,
80,14,878,169,33,16,1,5,1,
80,15,672,356,24,13,1,5,1,
80,16,593,172,13,19,1,5,1,
80,20,591,225,133,37,1,5,1,
80,21,657,90,17,29,1,5,1,
81,2,577,329,11,11,1,5,1,
81,3,753,326,22,13,1,5,1,
81,6,651,139,16,21,1,5,1,
81,11,711,207,17,15,1,5,1,
81,12,822,437,61,30,1,5,1,
81,14,872,170,38,16,1,5,1,
81,15,670,355,25,13,1,5,1,
81,16,594,173,13,19,1,5,1,
81,20,603,226,129,36,1,5,1,
81,21,654,91,22,29,1,5,1,
82,2,577,328,11,11,1,5,1,
82,3,752,325,22,13,1,5,1,
82,6,650,140,15,21,1,5,1,
82,11,710,208,17,14,1,5,1,
82,12,828,436,58,29,1,5,1,
82,14,868,171,40,15,1,5,1,
82,15,669,354,24,13,1,5,1,
82,16,593,174,17,19,1,5,1,
82,20,613,226,126,36,1,5,1,
82,21,652,93,24,29,1,5,1,
83,2,577,328,11,10,1,5,1,
83,3,751,325,22,13,1,5,1,
83,6,649,141,15,21,1,5,1,
83,11,710,208,16,14,1,5,1,
83,12,834,434,56,30,1,5,1,
83,14,864,172,40,15,1,5,1,
83,15,667,354,25,12,1,5,1,
83,16,591,176,22,18,1,5,1,
83,20,625,227,122,35,1,5,1,
83,21,649,95,27,28,1,5,1,
84,2,576,327,12,11,1,5,1,
84,3,750,324,22,13,1,5,1,
84,11,709,209,17,14,1,5,1,
84,12,839,433,55,29,1,5,1,
84,14,860,173,41,15,1,5,1,
84,15,665,353,26,13,1,5,1,
84,16,591,177,23,17,1,5,1,
84,20,635,227,119,35,1,5,1,
84,21,649,97,25,28,1,5,1,
85,2,576,327,12,10,1,5,1,
85,3,748,324,23,12,1,5,1,
85,11,708,209,17,14,1,5,1,
85,12,844,431,53,29,1,5,1,
85,14,856,174,41,15,1,5,1,
85,15,664,352,25,13,1,5,1,
85,16,591,178,24,17,1,5,1,
85,20,645,228,116,35,1,5,1,
85,21,649,99,21,28,1,5,1,
86,2,576,326,12,10,1,5,1,
86,3,747,323,22,13,1,5,1,
86,11,707,210,17,13,1,5,1,
86,12,849,430,51,29,1,5,1,
86,14,852,175,41,15,1,5,1,
86,15,662,352,26,12,1,5,1,
86,16,592,179,25,16,1,5,1,
86,20,655,228,113,35,1,5,1,
86,21,648,101,17,27,1,5,1,
87,2,576,326,11,10,1,5,1,
87,3,746,323,22,12,1,5,1,
87,11,707,210,16,14,1,5,1,
87,12,855,429,48,28,1,5,1,
87,14,848,177,40,14,1,5,1,
87,15,660,351,26,12,1,5,1,
87,16,594,180,24,16,1,5,1,
87,20,666,229,108,34,1,5,1,
87,21,649,104,13,25,1,5,1,
88,2,575,325,12,10,1,5,1,
88,3,744,323,23,12,1,5,1,
88,12,859,427,47,28,1,5,1,
88,14,844,177,41,14,1,5,1,
88,15,658,351,27,12,1,5,1,
88,16,595,181,24,15,1,5,1,
88,20,674,229,106,34,1,5,1,
88,21,650,106,13,24,1,5,1,
89,2,575,325,12,10,1,5,1,
89,3,743,322,23,12,1,5,1,
89,12,863,426,46,28,1,5,1,
89,14,840,178,41,14,1,5,1,
89,15,657,350,26,12,1,5,1,
89,16,597,181,21,16,1,5,1,
89,20,683,229,104,34,1,5,1,
89,21,652,108,13,23,1,5,1,
90,2,574,324,13,10,1,5,1,
90,3,741,322,24,12,1,5,1,
90,12,867,424,45,28,1,5,1,
90,14,836,179,41,14,1,5,1,
90,16,600,182,18,15,1,5,1,
90,20,691,230,102,33,1,5,1,
90,21,651,110,19,22,1,5,1,
91,2,573,324,13,10,1,5,1,
91,3,740,321,23,12,1,5,1,
91,12,871,423,43,28,1,5,1,
91,14,832,180,41,14,1,5,1,
91,16,603,182,15,15,1,5,1,
91,20,699,230,99,33,1,5,1,
91,21,649,112,24,21,1,5,1,
92,2,573,323,13,10,1,5,1,
92,3,738,321,24,12,1,5,1,
92,12,874,421,43,28,1,5,1,
92,14,828,181,42,14,1,5,1,
92,16,605,182,13,16,1,5,1,
92,20,706,231,98,32,1,5,1,
92,21,649,114,25,20,1,5,1,
93,2,572,323,14,10,1,5,1,
93,3,737,321,24,12,1,5,1,
93,12,879,420,40,27,1,5,1,
93,14,824,182,41,13,1,5,1,
93,16,605,183,12,15,1,5,1,
93,20,715,231,94,32,1,5,1,
93,21,650,116,23,19,1,5,1,
94,2,570,323,15,9,1,5,1,
94,3,735,320,24,12,1,5,1,
94,12,882,418,39,28,1,5,1,
94,14,821,183,41,13,1,5,1,
94,16,604,183,13,15,1,5,1,
94,20,722,232,92,31,1,5,1,
94,21,652,116,21,21,1,5,1,
95,2,569,322,16,10,1,5,1,
95,12,888,417,33,27,1,5,1,
95,14,817,184,40,13,1,5,1,
95,20,731,232,88,32,1,5,1,
95,21,655,117,17,21,1,5,1,
96,2,568,322,16,9,1,5,1,
96,12,891,415,32,28,1,5,1,
96,14,813,184,41,13,1,5,1,
96,20,737,233,87,31,1,5,1,
96,21,658,118,14,21,1,5,1,
97,2,567,321,17,10,1,5,1,
97,12,889,413,35,29,1,5,1,
97,14,809,185,42,13,1,5,1,
97,20,743,233,86,31,1,5,1,
97,21,658,119,13,22,1,5,1,
98,2,565,321,18,9,1,5,1,
98,12,888,411,36,31,1,5,1,
98,14,806,186,42,13,1,5,1,
98,20,749,233,84,31,1,5,1,
98,21,657,119,13,23,1,5,1,
99,2,564,321,18,9,1,5,1,
99,12,887,409,36,32,1,5,1,
99,14,802,187,42,12,1,5,1,
99,20,756,234,81,30,1,5,1,
99,21,653,120,18,23,1,5,1,
100,2,562,320,19,9,1,5,1,
100,12,885,407,37,32,1,5,1,
100,14,798,188,42,12,1,5,1,
100,20,763,234,78,30,1,5,1,
100,21,649,121,22,23,1,5,1,
101,2,561,320,20,9,1,5,1,
101,12,884,406,38,32,1,5,1,
101,14,795,188,41,12,1,5,1,
101,20,769,235,76,29,1,5,1,
101,21,645,122,27,23,1,5,1,
102,2,559,319,21,9,1,5,1,
102,12,882,404,40,32,1,5,1,
102,14,791,189,42,12,1,5,1,
102,20,775,235,74,29,1,5,1,
102,21,642,124,31,22,1,5,1,
103,12,880,402,41,31,1,5,1,
103,14,787,190,40,12,1,5,1,
103,20,785,236,68,28,1,5,1,
103,21,639,126,33,21,1,5,1,
104,12,879,400,41,31,1,5,1,
104,14,784,191,40,11,1,5,1,
104,20,790,236,66,29,1,5,1,
104,21,636,127,36,21,1,5,1,
105,12,877,399,42,31,1,5,1,
105,14,780,191,41,12,1,5,1,
105,20,794,236,65,29,1,5,1,
105,21,633,128,38,21,1,5,1,
106,12,875,397,43,31,1,5,1,
106,14,777,192,41,11,1,5,1,
106,20,800,237,62,28,1,5,1,
106,21,630,129,38,20,1,5,1,
107,12,873,396,43,30,1,5,1,
107,14,773,193,41,11,1,5,1,
107,20,804,237,61,28,1,5,1,
107,21,627,130,39,20,1,5,1,
108,12,870,394,45,30,1,5,1,
108,14,770,193,41,11,1,5,1,
108,20,809,238,59,27,1,5,1,
108,21,624,131,40,20,1,5,1,
109,12,868,393,45,29,1,5,1,
109,14,766,194,41,11,1,5,1,
109,20,814,238,57,27,1,5,1,
109,21,621,133,40,19,1,5,1,
110,12,866,391,45,29,1,5,1,
110,14,763,195,41,10,1,5,1,
110,20,819,239,55,26,1,5,1,
110,21,618,134,40,19,1,5,1,
111,12,863,390,46,28,1,5,1,
111,14,759,195,41,11,1,5,1,
111,20,824,239,53,26,1,5,1,
111,21,615,135,40,19,1,5,1,
112,12,861,388,46,28,1,5,1,
112,14,756,196,40,10,1,5,1,
112,20,829,239,50,26,1,5,1,
112,21,612,136,40,19,1,5,1,
113,12,859,387,46,27,1,5,1,
113,14,752,196,41,11,1,5,1,
113,20,833,240,48,25,1,5,1,
113,21,609,137,41,19,1,5,1,
114,12,856,385,47,27,1,5,1,
114,14,749,197,40,10,1,5,1,
114,18,894,0,39,12,1,5,1,
114,20,837,240,46,25,1,5,1,
114,21,606,138,41,18,1,5,1,
115,12,854,384,46,26,1,5,1,
115,14,745,198,40,10,1,5,1,
115,18,898,0,38,15,1,5,1,
115,20,841,241,44,25,1,5,1,
115,21,602,140,41,17,1,5,1,
116,12,851,383,47,25,1,5,1,
116,14,742,198,39,10,1,5,1,
116,18,902,0,37,17,1,5,1,
116,20,846,241,41,25,1,5,1,
116,21,599,141,41,17,1,5,1,
117,12,849,381,47,25,1,5,1,
117,14,739,199,38,10,1,5,1,
117,18,905,0,37,19,1,5,1,
117,20,849,241,39,25,1,5,1,
117,21,596,142,41,17,1,5,1,
118,12,846,380,47,25,1,5,1,
118,18,908,0,36,22,1,5,1,
118,20,853,242,37,24,1,5,1,
118,21,593,143,41,16,1,5,1,
119,12,843,379,48,24,1,5,1,
119,18,912,0,35,24,1,5,1,
119,20,856,242,35,24,1,5,1,
119,21,590,144,41,16,1,5,1,
120,12,841,378,48,23,1,5,1,
120,18,915,0,34,26,1,5,1,
120,20,859,242,33,24,1,5,1,
120,21,587,145,41,16,1,5,1,
121,12,838,376,48,24,1,5,1,
121,18,916,0,36,28,1,5,1,
121,20,862,243,31,23,1,5,1,
121,21,584,146,41,15,1,5,1,
122,8,946,163,13,9,1,5,1,
122,12,835,375,49,23,1,5,1,
122,18,917,0,37,31,1,5,1,
122,20,864,243,30,23,1,5,1,
122,21,580,147,43,15,1,5,1,
123,8,942,162,17,11,1,5,1,
123,12,833,374,48,23,1,5,1,
123,18,918,0,39,33,1,5,1,
123,20,865,244,30,22,1,5,1,
124,8,937,162,23,12,1,5,1,
124,12,830,373,49,22,1,5,1,
124,18,919,0,40,35,1,5,1,
124,20,866,244,30,22,1,5,1,
125,8,932,161,27,14,1,5,1,
125,12,827,372,49,22,1,5,1,
125,18,920,0,39,37,1,5,1,
125,20,867,244,29,22,1,5,1,
126,8,927,161,32,15,1,5,1,
126,12,825,371,49,22,1,5,1,
126,18,922,0,37,40,1,5,1,
126,20,868,245,29,21,1,5,1,
127,8,922,161,37,15,1,5,1,
127,12,822,370,49,21,1,5,1,
127,18,924,0,35,42,1,5,1,
127,20,868,245,29,22,1,5,1,
128,8,918,162,41,15,1,5,1,
128,12,819,369,50,21,1,5,1,
128,18,925,0,34,44,1,5,1,
128,20,869,245,28,22,1,5,1,
129,8,913,162,46,16,1,5,1,
129,12,816,367,51,21,1,5,1,
129,18,927,0,33,46,1,5,1,
129,20,869,246,29,21,1,5,1,
130,8,909,163,50,16,1,5,1,
130,12,813,366,51,21,1,5,1,
130,18,931,2,29,46,1,5,1,
130,20,869,246,29,21,1,5,1,
131,8,904,164,55,15,1,5,1,
131,12,811,365,50,21,1,5,1,
131,18,934,4,26,46,1,5,1,
131,20,869,246,29,21,1,5,1,
132,8,900,165,59,15,1,5,1,
132,12,808,364,50,20,1,5,1,
132,18,936,7,24,45,1,5,1,
132,20,869,247,29,20,1,5,1,
133,8,895,163,64,18,1,5,1,
133,12,805,363,50,20,1,5,1,
133,18,939,9,21,44,1,5,1,
133,20,869,247,29,20,1,5,1,
134,7,418,165,15,12,1,5,1,
134,8,891,164,68,18,1,5,1,
134,12,802,363,51,19,1,5,1,
134,18,942,11,18,43,1,5,1,
134,20,869,247,29,20,1,5,1,
135,7,418,164,13,12,1,5,1,
135,8,887,165,67,17,1,5,1,
135,12,799,362,51,18,1,5,1,
135,18,944,14,16,42,1,5,1,
135,20,868,247,29,20,1,5,1,
136,7,417,163,13,12,1,5,1,
136,8,882,166,65,17,1,5,1,
136,12,796,361,50,18,1,5,1,
136,18,946,17,14,41,1,5,1,
136,20,868,248,29,19,1,5,1,
137,7,417,162,11,13,1,5,1,
137,8,878,167,64,17,1,5,1,
137,12,793,360,50,18,1,5,1,
137,18,947,20,13,40,1,5,1,
137,20,867,248,29,19,1,5,1,
138,7,416,161,11,13,1,5,1,
138,8,874,168,64,16,1,5,1,
138,12,790,359,50,17,1,5,1,
138,20,866,248,30,19,1,5,1,
139,7,416,160,11,13,1,5,1,
139,8,869,169,64,16,1,5,1,
139,12,787,358,51,17,1,5,1,
139,20,866,249,29,18,1,5,1,
140,7,416,159,11,13,1,5,1,
140,8,865,169,64,17,1,5,1,
140,12,785,357,50,17,1,5,1,
140,20,865,249,29,18,1,5,1,
141,7,416,158,11,14,1,5,1,
141,8,861,170,64,16,1,5,1,
141,12,782,356,50,17,1,5,1,
141,20,864,249,30,18,1,5,1,
142,7,416,157,11,14,1,5,1,
142,8,857,171,63,16,1,5,1,
142,12,779,356,50,16,1,5,1,
142,20,863,249,31,18,1,5,1,
143,7,416,156,11,14,1,5,1,
143,8,853,172,63,15,1,5,1,
143,12,776,355,51,16,1,5,1,
143,20,861,250,32,18,1,5,1,
144,7,416,155,12,15,1,5,1,
144,12,773,354,51,16,1,5,1,
144,20,860,250,33,18,1,5,1,
145,4,943,246,16,9,1,5,1,
145,7,417,154,11,15,1,5,1,
145,12,770,353,51,16,1,5,1,
145,20,859,250,33,18,1,5,1,
146,4,938,245,21,10,1,5,1,
146,7,417,153,12,15,1,5,1,
146,12,767,352,51,16,1,5,1,
146,20,857,251,34,17,1,5,1,
147,4,933,245,26,12,1,5,1,
147,7,418,152,11,15,1,5,1,
147,12,764,352,51,15,1,5,1,
147,20,856,251,35,17,1,5,1,
148,4,929,244,30,13,1,5,1,
148,7,418,151,12,15,1,5,1,
148,12,761,351,51,15,1,5,1,
148,20,854,251,36,17,1,5,1,
149,4,924,244,35,13,1,5,1,
149,7,419,150,12,15,1,5,1,
149,12,758,350,51,15,1,5,1,
149,20,852,251,37,17,1,5,1,
150,4,920,244,39,13,1,5,1,
150,7,419,149,12,15,1,5,1,
150,12,755,350,51,14,1,5,1,
150,20,850,251,37,17,1,5,1,
