1,1,782,0,114,41,1,5,1,
1,2,797,257,18,14,1,5,1,
1,3,114,9,71,21,1,5,1,
1,4,505,149,73,19,1,5,1,
1,5,381,441,132,44,1,5,1,
1,6,741,21,48,13,1,5,1,
1,7,737,3,22,30,1,5,1,
1,8,113,22,49,30,1,5,1,
1,9,275,441,26,23,1,5,1,
1,10,465,77,48,16,1,5,1,
1,11,830,325,72,15,1,5,1,
1,12,840,57,119,33,1,5,1,
1,13,405,35,81,23,1,5,1,
1,14,128,121,38,12,1,5,1,
1,15,68,190,45,14,1,5,1,
1,16,789,244,72,14,1,5,1,
1,17,581,-1,66,12,1,5,1,
1,18,215,456,64,15,1,5,1,
1,19,794,283,115,22,1,5,1,
1,20,336,0,50,29,1,5,1,
1,21,25,385,72,14,1,5,1,
1,22,14,186,115,30,1,5,1,
1,23,187,41,26,28,1,5,1,
1,25,408,9,68,38,1,5,1,
1,26,0,350,30,18,1,5,1,
1,27,2,392,47,17,1,5,1,
1,28,854,200,18,15,1,5,1,
2,1,771,0,110,47,1,5,1,
2,2,797,258,18,13,1,5,1,
2,3,104,5,72,24,1,5,1,
2,4,515,149,72,19,1,5,1,
2,5,368,439,132,51,1,5,1,
2,6,747,20,49,12,1,5,1,
2,7,736,0,23,32,1,5,1,
2,8,119,16,43,33,1,5,1,
2,9,275,439,32,23,1,5,1,
2,10,461,76,46,19,1,5,1,
2,11,824,325,68,14,1,5,1,
2,12,826,56,127,38,1,5,1,
2,13,410,35,82,24,1,5,1,
2,14,134,120,33,12,1,5,1,
2,15,74,189,39,15,1,5,1,
2,16,782,244,73,14,1,5,1,
2,17,602,0,50,11,1,5,1,
2,18,221,456,65,15,1,5,1,
2,19,781,282,116,23,1,5,1,
2,20,337,0,47,36,1,5,1,
2,21,34,385,71,14,1,5,1,
2,22,0,186,122,29,1,5,1,
2,23,189,39,26,27,1,5,1,
2,25,414,11,66,39,1,5,1,
2,26,0,350,40,18,1,5,1,
2,27,4,393,52,17,1,5,1,
2,28,853,201,18,15,1,5,1,
3,1,762,0,107,52,1,5,1,
3,2,797,258,18,14,1,5,1,
3,3,95,1,73,26,1,5,1,
3,4,524,150,72,19,1,5,1,
3,5,355,438,132,60,1,5,1,
3,6,753,18,50,13,1,5,1,
3,7,736,-6,24,36,1,5,1,
3,8,124,9,39,38,1,5,1,
3,9,275,437,38,23,1,5,1,
3,10,457,77,43,20,1,5,1,
3,11,819,324,63,14,1,5,1,
3,12,813,57,129,41,1,5,1,
3,13,416,36,81,24,1,5,1,
3,14,140,119,27,13,1,5,1,
3,15,79,189,33,15,1,5,1,
3,16,776,245,72,13,1,5,1,
3,17,610,0,47,12,1,5,1,
3,18,227,456,65,15,1,5,1,
3,19,770,281,113,23,1,5,1,
3,20,338,0,40,43,1,5,1,
3,21,44,384,69,14,1,5,1,
3,22,-12,186,125,29,1,5,1,
3,23,191,37,25,27,1,5,1,
3,25,419,14,64,38,1,5,1,
3,26,0,351,51,17,1,5,1,
3,27,8,393,54,18,1,5,1,
3,28,852,202,18,14,1,5,1,
4,1,755,3,97,54,1,5,1,
4,2,797,259,19,13,1,5,1,
4,3,88,-3,70,28,1,5,1,
4,4,535,150,69,20,1,5,1,
4,5,344,437,129,71,1,5,1,
4,6,761,16,48,13,1,5,1,
4,7,738,-13,24,42,1,5,1,
4,8,128,3,35,41,1,5,1,
4,9,276,435,43,23,1,5,1,
4,10,455,77,39,23,1,5,1,
4,11,815,323,57,14,1,5,1,
4,12,801,58,127,44,1,5,1,
4,13,422,35,80,26,1,5,1,
4,14,146,118,21,13,1,5,1,
4,15,85,188,26,15,1,5,1,
4,16,771,245,68,14,1,5,1,
4,17,616,0,45,14,1,5,1,
4,18,234,456,64,14,1,5,1,
4,19,759,280,109,22,1,5,1,
4,20,336,0,37,49,1,5,1,
4,21,54,384,65,13,1,5,1,
4,22,-34,185,137,30,1,5,1,
4,23,191,34,26,28,1,5,1,
4,25,424,16,62,40,1,5,1,
4,26,0,351,63,17,1,5,1,
4,27,13,394,54,17,1,5,1,
4,28,852,203,17,14,1,5,1,
5,1,749,8,87,54,1,5,1,
5,2,797,259,17,14,1,5,1,
5,3,83,-9,66,31,1,5,1,
5,4,546,150,64,22,1,5,1,
5,5,332,437,126,81,1,5,1,
5,6,768,15,47,13,1,5,1,
5,7,737,-19,23,45,1,5,1,
5,8,129,0,40,39,1,5,1,
5,9,279,433,46,22,1,5,1,
5,10,453,78,34,25,1,5,1,
5,11,812,322,52,14,1,5,1,
5,12,790,59,123,47,1,5,1,
5,13,429,36,78,27,1,5,1,
5,14,151,117,18,13,1,5,1,
5,15,90,187,22,16,1,5,1,
5,16,766,245,65,14,1,5,1,
5,17,621,0,43,15,1,5,1,
5,18,240,455,64,14,1,5,1,
5,19,751,279,102,22,1,5,1,
5,20,336,0,35,56,1,5,1,
5,21,63,384,62,13,1,5,1,
5,22,-58,184,147,30,1,5,1,
5,23,191,31,26,29,1,5,1,
5,24,603,0,32,11,1,5,1,
5,25,430,19,59,39,1,5,1,
5,26,4,351,66,18,1,5,1,
5,27,19,394,52,18,1,5,1,
5,28,851,203,17,14,1,5,1,
6,1,745,14,74,53,1,5,1,
6,2,798,260,16,13,1,5,1,
6,3,75,-15,63,33,1,5,1,
6,4,558,151,57,22,1,5,1,
6,5,322,439,120,91,1,5,1,
6,6,777,14,43,13,1,5,1,
6,7,735,-26,29,49,1,5,1,
6,8,132,-4,44,36,1,5,1,
6,9,282,431,49,22,1,5,1,
6,10,452,79,29,27,1,5,1,
6,11,810,322,45,13,1,5,1,
6,12,781,62,115,48,1,5,1,
6,13,435,37,76,28,1,5,1,
6,14,152,115,17,14,1,5,1,
6,15,91,186,20,16,1,5,1,
6,16,763,245,58,15,1,5,1,
6,17,628,0,39,17,1,5,1,
6,18,247,455,63,14,1,5,1,
6,19,744,278,92,21,1,5,1,
6,20,337,0,35,62,1,5,1,
6,21,73,384,57,13,1,5,1,
6,22,-83,187,156,27,1,5,1,
6,23,192,28,26,30,1,5,1,
6,24,606,0,32,15,1,5,1,
6,25,435,23,58,38,1,5,1,
6,26,15,351,58,19,1,5,1,
6,27,26,395,48,18,1,5,1,
6,28,851,204,17,14,1,5,1,
7,1,742,19,63,53,1,5,1,
7,2,801,260,15,13,1,5,1,
7,3,68,-21,60,35,1,5,1,
7,4,565,154,59,19,1,5,1,
7,5,313,441,115,102,1,5,1,
7,6,784,14,40,12,1,5,1,
7,7,733,-33,39,52,1,5,1,
7,8,134,-9,51,36,1,5,1,
7,9,285,430,53,20,1,5,1,
7,10,451,81,24,28,1,5,1,
7,11,809,321,39,13,1,5,1,
7,12,773,65,108,49,1,5,1,
7,13,442,38,73,29,1,5,1,
7,14,151,113,17,15,1,5,1,
7,15,89,185,21,16,1,5,1,
7,16,760,246,53,14,1,5,1,
7,17,627,0,44,19,1,5,1,
7,18,254,454,62,14,1,5,1,
7,19,738,277,84,21,1,5,1,
7,20,340,0,33,69,1,5,1,
7,21,82,384,51,13,1,5,1,
7,22,-110,189,168,21,1,5,1,
7,23,192,25,26,30,1,5,1,
7,24,611,0,29,20,1,5,1,
7,25,440,25,56,38,1,5,1,
7,26,25,352,50,19,1,5,1,
7,27,32,395,44,19,1,5,1,
7,28,851,205,16,13,1,5,1,
8,1,740,25,51,51,1,5,1,
8,2,804,260,15,13,1,5,1,
8,4,576,154,53,21,1,5,1,
8,5,309,445,104,98,1,5,1,
8,6,788,13,44,12,1,5,1,
8,8,137,-12,59,32,1,5,1,
8,9,289,428,55,20,1,5,1,
8,10,451,83,19,29,1,5,1,
8,11,809,321,31,12,1,5,1,
8,12,767,68,97,49,1,5,1,
8,13,448,40,72,29,1,5,1,
8,14,149,111,17,15,1,5,1,
8,15,87,184,20,17,1,5,1,
8,16,758,246,47,15,1,5,1,
8,17,626,0,50,22,1,5,1,
8,18,261,454,61,14,1,5,1,
8,19,734,276,74,20,1,5,1,
8,20,344,0,31,74,1,5,1,
8,21,90,384,46,14,1,5,1,
8,23,192,21,27,32,1,5,1,
8,24,616,0,27,24,1,5,1,
8,25,445,28,56,36,1,5,1,
8,26,33,353,46,18,1,5,1,
8,27,37,396,42,19,1,5,1,
8,28,851,206,17,13,1,5,1,
9,1,740,30,40,50,1,5,1,
9,2,804,260,15,12,1,5,1,
9,4,586,155,47,22,1,5,1,
9,5,306,449,94,95,1,5,1,
9,6,791,11,48,13,1,5,1,
9,8,140,-14,67,29,1,5,1,
9,9,293,427,57,19,1,5,1,
9,10,450,85,15,30,1,5,1,
9,11,809,320,25,13,1,5,1,
9,12,763,72,87,49,1,5,1,
9,13,453,42,72,28,1,5,1,
9,14,146,108,17,17,1,5,1,
9,15,84,183,21,17,1,5,1,
9,16,757,247,41,14,1,5,1,
9,17,627,0,53,24,1,5,1,
9,18,266,454,62,14,1,5,1,
9,19,732,275,64,20,1,5,1,
9,20,343,0,38,80,1,5,1,
9,21,97,384,41,15,1,5,1,
9,23,192,18,27,33,1,5,1,
9,24,618,0,30,27,1,5,1,
9,25,449,31,56,35,1,5,1,
9,26,38,353,46,19,1,5,1,
9,27,41,396,40,20,1,5,1,
9,28,851,206,16,13,1,5,1,
10,1,737,36,33,48,1,5,1,
10,2,803,259,16,13,1,5,1,
10,4,596,157,39,21,1,5,1,
10,5,300,455,86,89,1,5,1,
10,6,796,10,52,13,1,5,1,
10,8,145,-15,76,27,1,5,1,
10,9,298,426,58,18,1,5,1,
10,10,450,87,12,31,1,5,1,
10,11,808,319,20,13,1,5,1,
10,12,759,76,77,48,1,5,1,
10,13,458,44,72,27,1,5,1,
10,14,143,106,19,18,1,5,1,
10,15,82,182,21,17,1,5,1,
10,16,756,248,34,14,1,5,1,
10,17,630,2,58,23,1,5,1,
10,18,273,454,61,14,1,5,1,
10,19,731,275,54,18,1,5,1,
10,20,338,0,51,85,1,5,1,
10,21,104,385,35,15,1,5,1,
10,23,192,15,28,33,1,5,1,
10,24,619,0,34,30,1,5,1,
10,25,453,33,57,34,1,5,1,
10,26,44,354,45,19,1,5,1,
10,27,46,397,38,21,1,5,1,
10,28,851,207,16,13,1,5,1,
11,1,735,41,27,47,1,5,1,
11,2,802,259,17,12,1,5,1,
11,4,604,159,35,21,1,5,1,
11,5,296,462,75,82,1,5,1,
11,6,800,8,56,13,1,5,1,
11,9,303,426,59,16,1,5,1,
11,10,450,90,12,32,1,5,1,
11,11,808,319,16,12,1,5,1,
11,12,757,80,65,48,1,5,1,
11,13,464,45,72,27,1,5,1,
11,14,141,104,19,18,1,5,1,
11,15,80,181,21,17,1,5,1,
11,16,757,248,26,14,1,5,1,
11,17,635,3,58,22,1,5,1,
11,18,279,454,60,14,1,5,1,
11,19,731,274,43,18,1,5,1,
11,20,336,5,61,85,1,5,1,
11,21,111,385,28,16,1,5,1,
11,23,193,12,28,33,1,5,1,
11,24,620,0,39,33,1,5,1,
11,25,458,36,57,33,1,5,1,
11,26,49,355,45,19,1,5,1,
11,27,50,398,36,21,1,5,1,
11,28,852,208,16,12,1,5,1,
12,1,734,47,23,45,1,5,1,
12,2,801,259,17,12,1,5,1,
12,4,609,160,35,20,1,5,1,
12,5,295,470,63,74,1,5,1,
12,6,806,7,58,13,1,5,1,
12,9,308,425,59,15,1,5,1,
12,10,451,93,12,32,1,5,1,
12,11,809,318,16,12,1,5,1,
12,12,756,84,53,47,1,5,1,
12,13,470,47,71,26,1,5,1,
12,14,139,102,19,18,1,5,1,
12,15,78,180,21,18,1,5,1,
12,16,756,249,22,13,1,5,1,
12,17,641,4,56,22,1,5,1,
12,18,285,454,60,15,1,5,1,
12,19,731,273,34,18,1,5,1,
12,20,337,13,69,81,1,5,1,
12,21,116,385,23,17,1,5,1,
12,23,194,8,29,34,1,5,1,
12,24,620,0,44,36,1,5,1,
12,25,462,38,58,32,1,5,1,
12,26,54,356,45,19,1,5,1,
12,27,54,399,34,21,1,5,1,
12,28,853,208,16,13,1,5,1,
13,1,735,53,22,42,1,5,1,
13,2,801,259,16,12,1,5,1,
13,4,612,162,38,19,1,5,1,
13,5,296,479,49,65,1,5,1,
13,6,812,6,60,13,1,5,1,
13,9,314,425,59,13,1,5,1,
13,10,453,96,11,32,1,5,1,
13,11,811,318,15,12,1,5,1,
13,12,757,89,40,45,1,5,1,
13,13,475,49,73,26,1,5,1,
13,14,138,100,18,19,1,5,1,
13,15,76,179,21,18,1,5,1,
13,16,756,249,18,12,1,5,1,
13,17,647,4,54,23,1,5,1,
13,18,291,455,59,14,1,5,1,
13,19,730,273,27,17,1,5,1,
13,20,338,22,78,75,1,5,1,
13,21,120,386,20,18,1,5,1,
13,23,194,4,29,36,1,5,1,
13,24,622,0,48,38,1,5,1,
13,25,466,41,60,30,1,5,1,
13,26,58,356,47,20,1,5,1,
13,27,57,400,34,22,1,5,1,
13,28,854,209,15,12,1,5,1,
14,1,737,59,22,38,1,5,1,
14,2,803,259,16,12,1,5,1,
14,4,616,163,40,19,1,5,1,
14,5,299,490,34,54,1,5,1,
14,6,818,5,63,13,1,5,1,
14,9,320,425,58,13,1,5,1,
14,10,452,100,15,30,1,5,1,
14,11,813,317,17,12,1,5,1,
14,12,754,93,33,44,1,5,1,
14,13,480,52,75,24,1,5,1,
14,14,135,98,19,19,1,5,1,
14,15,73,178,22,18,1,5,1,
14,16,757,249,16,12,1,5,1,
14,17,653,5,52,24,1,5,1,
14,18,297,455,58,15,1,5,1,
14,19,731,273,20,17,1,5,1,
14,20,341,30,85,69,1,5,1,
14,21,122,387,19,19,1,5,1,
14,23,195,1,29,36,1,5,1,
14,24,627,4,49,36,1,5,1,
14,25,471,44,60,29,1,5,1,
14,26,63,357,48,20,1,5,1,
14,27,59,401,35,22,1,5,1,
14,28,855,210,16,11,1,5,1,
15,1,739,64,23,35,1,5,1,
15,2,805,259,16,12,1,5,1,
15,4,620,164,42,19,1,5,1,
15,5,303,501,19,43,1,5,1,
15,6,825,4,63,13,1,5,1,
15,9,326,425,56,13,1,5,1,
15,10,451,103,20,30,1,5,1,
15,11,813,317,22,12,1,5,1,
15,12,754,98,25,42,1,5,1,
15,13,486,54,74,23,1,5,1,
15,14,133,96,19,19,1,5,1,
15,15,71,177,22,18,1,5,1,
15,16,758,249,16,13,1,5,1,
15,17,658,5,50,25,1,5,1,
15,18,303,456,56,14,1,5,1,
15,19,732,272,20,17,1,5,1,
15,20,346,38,89,63,1,5,1,
15,21,123,388,20,20,1,5,1,
15,23,197,0,29,33,1,5,1,
15,24,632,8,50,34,1,5,1,
15,25,476,46,60,28,1,5,1,
15,26,67,358,51,20,1,5,1,
15,27,62,402,36,23,1,5,1,
15,28,857,210,15,12,1,5,1,
16,1,738,69,30,31,1,5,1,
16,2,807,259,16,12,1,5,1,
16,4,627,165,38,18,1,5,1,
16,6,833,3,62,13,1,5,1,
16,9,332,425,55,14,1,5,1,
16,10,452,107,24,28,1,5,1,
16,11,815,317,24,12,1,5,1,
16,12,754,103,24,39,1,5,1,
16,13,492,55,73,23,1,5,1,
16,14,131,94,19,19,1,5,1,
16,15,69,176,22,18,1,5,1,
16,16,760,250,15,12,1,5,1,
16,17,664,6,48,25,1,5,1,
16,18,309,456,55,15,1,5,1,
16,19,735,272,19,17,1,5,1,
16,20,351,46,94,56,1,5,1,
16,21,123,390,21,19,1,5,1,
16,23,196,-3,33,32,1,5,1,
16,24,638,11,49,34,1,5,1,
16,25,482,47,58,28,1,5,1,
16,26,70,358,60,20,1,5,1,
16,27,63,404,40,22,1,5,1,
16,28,859,211,15,11,1,5,1,
17,1,738,73,38,28,1,5,1,
17,2,807,260,21,11,1,5,1,
17,4,633,166,35,18,1,5,1,
17,6,841,3,60,13,1,5,1,
17,9,337,426,53,13,1,5,1,
17,10,453,111,27,26,1,5,1,
17,11,817,317,26,11,1,5,1,
17,12,756,107,24,36,1,5,1,
17,13,498,55,72,23,1,5,1,
17,14,130,91,18,20,1,5,1,
17,15,67,174,23,19,1,5,1,
17,16,761,250,15,12,1,5,1,
17,17,670,7,45,26,1,5,1,
17,18,315,457,54,15,1,5,1,
17,19,737,272,21,17,1,5,1,
17,20,358,53,97,49,1,5,1,
17,21,124,391,22,20,1,5,1,
17,23,196,-6,35,32,1,5,1,
17,24,644,14,48,33,1,5,1,
17,25,487,47,56,29,1,5,1,
17,26,75,359,63,20,1,5,1,
17,27,66,405,42,22,1,5,1,
17,28,861,211,15,11,1,5,1,
18,1,739,77,46,25,1,5,1,
18,2,808,260,26,11,1,5,1,
18,4,636,167,40,18,1,5,1,
18,6,850,3,57,13,1,5,1,
18,9,343,426,51,14,1,5,1,
18,10,454,114,31,25,1,5,1,
18,11,821,316,26,12,1,5,1,
18,12,760,112,22,32,1,5,1,
18,13,504,55,71,24,1,5,1,
18,14,128,89,19,20,1,5,1,
18,15,65,173,23,19,1,5,1,
18,16,763,250,14,13,1,5,1,
18,17,675,8,42,26,1,5,1,
18,18,320,458,53,15,1,5,1,
18,19,737,272,26,16,1,5,1,
18,20,365,59,100,43,1,5,1,
18,21,125,393,23,19,1,5,1,
18,23,197,-9,37,32,1,5,1,
18,24,649,17,49,32,1,5,1,
18,25,493,48,55,29,1,5,1,
18,26,82,359,64,21,1,5,1,
18,27,69,406,43,22,1,5,1,
18,28,863,212,15,11,1,5,1,
19,1,743,80,49,23,1,5,1,
19,2,809,260,31,12,1,5,1,
19,4,638,169,46,16,1,5,1,
19,6,858,2,54,14,1,5,1,
19,9,349,427,47,14,1,5,1,
19,10,457,117,34,23,1,5,1,
19,11,824,316,27,12,1,5,1,
19,12,758,115,30,29,1,5,1,
19,13,509,56,71,23,1,5,1,
19,14,126,87,20,20,1,5,1,
19,15,63,172,23,19,1,5,1,
19,16,764,251,14,12,1,5,1,
19,17,680,9,40,27,1,5,1,
19,18,325,458,52,16,1,5,1,
19,19,737,271,33,17,1,5,1,
19,20,373,64,102,39,1,5,1,
19,21,126,394,24,20,1,5,1,
19,23,199,-13,38,33,1,5,1,
19,24,654,20,50,31,1,5,1,
19,25,497,50,56,28,1,5,1,
19,26,88,360,66,20,1,5,1,
19,27,72,407,45,23,1,5,1,
19,28,865,212,15,11,1,5,1,
20,1,748,82,50,23,1,5,1,
20,2,815,260,25,11,1,5,1,
20,4,642,170,50,15,1,5,1,
20,6,867,2,48,14,1,5,1,
20,9,354,427,45,16,1,5,1,
20,10,460,120,36,21,1,5,1,
20,11,829,316,25,11,1,5,1,
20,12,757,119,38,26,1,5,1,
20,13,515,57,70,23,1,5,1,
20,14,124,84,20,21,1,5,1,
20,15,61,171,24,19,1,5,1,
20,16,764,251,15,12,1,5,1,
20,17,685,10,37,28,1,5,1,
20,18,331,459,50,17,1,5,1,
20,19,738,271,39,16,1,5,1,
20,20,382,69,102,34,1,5,1,
20,21,128,395,24,21,1,5,1,
20,23,201,-16,39,33,1,5,1,
20,24,660,23,49,29,1,5,1,
20,25,502,52,55,27,1,5,1,
20,26,96,361,67,20,1,5,1,
20,27,76,408,46,23,1,5,1,
20,28,867,212,14,11,1,5,1,
21,1,754,84,51,22,1,5,1,
21,2,820,259,20,12,1,5,1,
21,4,646,170,55,15,1,5,1,
21,6,875,1,43,16,1,5,1,
21,9,358,427,45,17,1,5,1,
21,10,463,123,39,19,1,5,1,
21,11,833,316,23,11,1,5,1,
21,12,757,122,47,24,1,5,1,
21,13,520,58,70,23,1,5,1,
21,14,123,82,20,21,1,5,1,
21,15,59,169,24,20,1,5,1,
21,16,765,251,14,12,1,5,1,
21,17,691,10,30,31,1,5,1,
21,18,335,460,51,17,1,5,1,
21,19,739,271,46,16,1,5,1,
21,20,390,73,103,30,1,5,1,
21,21,129,397,25,20,1,5,1,
21,23,203,-20,40,34,1,5,1,
21,24,665,25,50,29,1,5,1,
21,25,506,53,56,27,1,5,1,
21,26,103,361,69,21,1,5,1,
21,27,79,410,48,22,1,5,1,
21,28,868,213,15,10,1,5,1,
22,1,758,86,57,20,1,5,1,
22,2,825,259,14,11,1,5,1,
22,4,651,170,60,15,1,5,1,
22,6,883,1,36,18,1,5,1,
22,9,362,429,45,16,1,5,1,
22,10,467,126,40,17,1,5,1,
22,11,837,315,21,12,1,5,1,
22,12,758,124,55,23,1,5,1,
22,13,526,58,69,24,1,5,1,
22,14,121,79,20,22,1,5,1,
22,15,57,168,24,20,1,5,1,
22,16,765,251,15,12,1,5,1,
22,17,695,12,27,31,1,5,1,
22,18,339,461,52,17,1,5,1,
22,19,741,271,52,16,1,5,1,
22,20,399,75,103,28,1,5,1,
22,21,131,398,25,21,1,5,1,
22,24,671,28,49,28,1,5,1,
22,25,511,55,55,27,1,5,1,
22,26,110,362,71,20,1,5,1,
22,27,83,411,49,23,1,5,1,
22,28,869,213,15,11,1,5,1,
23,1,763,88,63,18,1,5,1,
23,2,825,259,15,11,1,5,1,
23,4,657,170,63,16,1,5,1,
23,6,890,1,30,19,1,5,1,
23,9,365,430,47,17,1,5,1,
23,10,471,129,42,14,1,5,1,
23,11,840,315,20,11,1,5,1,
23,12,762,126,58,21,1,5,1,
23,13,531,59,69,24,1,5,1,
23,14,119,77,21,22,1,5,1,
23,15,55,167,25,20,1,5,1,
23,16,765,251,15,12,1,5,1,
23,17,698,14,25,31,1,5,1,
23,18,344,462,53,17,1,5,1,
23,19,746,271,54,16,1,5,1,
23,20,409,75,102,28,1,5,1,
23,21,133,400,26,21,1,5,1,
23,24,676,30,50,28,1,5,1,
23,25,515,57,55,26,1,5,1,
23,26,118,362,72,21,1,5,1,
23,27,87,412,50,23,1,5,1,
23,28,870,214,14,10,1,5,1,
24,1,768,88,69,18,1,5,1,
24,2,824,259,15,11,1,5,1,
24,4,663,170,67,16,1,5,1,
24,6,897,1,22,22,1,5,1,
24,9,369,431,48,17,1,5,1,
24,10,476,131,42,13,1,5,1,
24,11,844,314,18,12,1,5,1,
24,12,768,127,58,21,1,5,1,
24,13,536,60,69,24,1,5,1,
24,14,118,74,21,22,1,5,1,
24,15,53,165,25,21,1,5,1,
24,16,765,251,15,12,1,5,1,
24,17,700,17,25,30,1,5,1,
24,18,348,464,54,17,1,5,1,
24,19,752,271,56,16,1,5,1,
24,20,419,75,101,27,1,5,1,
24,21,135,401,26,22,1,5,1,
24,24,681,33,50,27,1,5,1,
24,25,519,59,56,25,1,5,1,
24,26,125,362,75,21,1,5,1,
24,27,91,413,52,24,1,5,1,
24,28,871,214,14,10,1,5,1,
25,1,775,88,74,17,1,5,1,
25,2,823,259,15,11,1,5,1,
25,4,671,170,68,16,1,5,1,
25,6,902,2,17,23,1,5,1,
25,9,373,432,48,17,1,5,1,
25,10,481,133,43,12,1,5,1,
25,11,847,314,16,11,1,5,1,
25,12,773,128,59,21,1,5,1,
25,13,542,62,68,23,1,5,1,
25,14,116,71,22,23,1,5,1,
25,15,51,164,26,21,1,5,1,
25,16,765,251,15,12,1,5,1,
25,17,703,19,23,30,1,5,1,
25,18,353,465,55,17,1,5,1,
25,19,758,271,57,16,1,5,1,
25,20,429,73,98,27,1,5,1,
25,21,137,403,26,22,1,5,1,
25,24,687,35,50,27,1,5,1,
25,25,523,61,58,24,1,5,1,
25,26,133,363,76,21,1,5,1,
25,27,95,414,53,24,1,5,1,
25,28,871,214,15,11,1,5,1,
26,1,782,87,79,18,1,5,1,
26,2,824,259,15,11,1,5,1,
26,4,679,170,69,16,1,5,1,
26,6,903,3,16,25,1,5,1,
26,9,377,433,49,17,1,5,1,
26,10,486,135,43,10,1,5,1,
26,11,849,314,16,11,1,5,1,
26,12,778,129,63,21,1,5,1,
26,13,547,63,68,22,1,5,1,
26,14,115,68,22,24,1,5,1,
26,15,49,163,26,21,1,5,1,
26,16,766,252,14,11,1,5,1,
26,17,705,21,23,30,1,5,1,
26,18,358,466,56,17,1,5,1,
26,19,765,271,58,15,1,5,1,
26,20,439,71,95,27,1,5,1,
26,21,140,404,24,23,1,5,1,
26,24,692,37,50,26,1,5,1,
26,25,526,64,62,22,1,5,1,
26,26,142,363,77,21,1,5,1,
26,27,100,416,53,23,1,5,1,
26,28,872,215,14,10,1,5,1,
27,1,791,87,79,17,1,5,1,
27,2,825,259,15,11,1,5,1,
27,4,687,170,70,15,1,5,1,
27,6,902,5,16,26,1,5,1,
27,9,381,435,50,16,1,5,1,
27,10,490,135,43,10,1,5,1,
27,11,852,314,16,10,1,5,1,
27,12,782,131,68,19,1,5,1,
27,13,552,64,68,22,1,5,1,
27,14,113,66,23,24,1,5,1,
27,15,47,161,27,22,1,5,1,
27,16,766,252,14,11,1,5,1,
27,17,707,23,22,30,1,5,1,
27,18,363,467,57,17,1,5,1,
27,19,770,271,64,15,1,5,1,
27,20,449,68,92,28,1,5,1,
27,21,142,406,23,24,1,5,1,
27,24,698,39,50,25,1,5,1,
27,25,531,66,61,21,1,5,1,
27,26,150,364,78,21,1,5,1,
27,27,104,417,55,24,1,5,1,
27,28,873,215,14,10,1,5,1,
28,1,801,86,79,18,1,5,1,
28,2,826,259,15,11,1,5,1,
28,4,696,169,70,16,1,5,1,
28,6,901,7,15,27,1,5,1,
28,9,385,436,51,17,1,5,1,
28,10,495,135,43,10,1,5,1,
28,11,854,313,15,11,1,5,1,
28,12,787,132,72,19,1,5,1,
28,13,557,65,67,21,1,5,1,
28,14,112,63,23,24,1,5,1,
28,15,45,160,27,22,1,5,1,
28,16,766,252,14,11,1,5,1,
28,17,709,26,22,29,1,5,1,
28,18,368,468,58,17,1,5,1,
28,19,775,271,70,15,1,5,1,
28,20,459,65,88,28,1,5,1,
28,21,143,408,23,24,1,5,1,
28,24,704,40,50,24,1,5,1,
28,25,536,66,60,22,1,5,1,
28,26,159,364,79,21,1,5,1,
28,27,108,418,56,24,1,5,1,
28,28,874,216,14,10,1,5,1,
29,1,810,85,81,18,1,5,1,
29,2,827,260,14,10,1,5,1,
29,4,705,169,71,16,1,5,1,
29,6,898,9,19,28,1,5,1,
29,9,389,437,52,17,1,5,1,
29,10,499,135,42,10,1,5,1,
29,11,857,313,14,11,1,5,1,
29,12,793,132,74,19,1,5,1,
29,13,563,65,65,22,1,5,1,
29,14,111,60,23,25,1,5,1,
29,15,44,158,27,22,1,5,1,
29,16,766,252,14,11,1,5,1,
29,17,712,28,20,29,1,5,1,
29,18,373,470,59,16,1,5,1,
29,19,782,271,74,15,1,5,1,
29,20,466,62,89,29,1,5,1,
29,21,144,410,24,25,1,5,1,
29,24,711,41,49,24,1,5,1,
29,25,542,67,58,21,1,5,1,
29,26,167,364,82,22,1,5,1,
29,27,113,420,58,24,1,5,1,
29,28,875,216,14,10,1,5,1,
30,1,819,84,82,18,1,5,1,
30,2,827,260,15,10,1,5,1,
30,4,713,169,72,15,1,5,1,
30,6,894,12,24,28,1,5,1,
30,9,393,438,54,17,1,5,1,
30,10,504,135,42,11,1,5,1,
30,11,859,313,14,10,1,5,1,
30,12,800,132,75,18,1,5,1,
30,13,568,65,64,22,1,5,1,
30,14,109,57,24,25,1,5,1,
30,15,42,156,27,23,1,5,1,
30,16,766,252,14,11,1,5,1,
30,17,714,30,19,29,1,5,1,
30,18,378,471,60,16,1,5,1,
30,19,790,271,76,15,1,5,1,
30,20,472,60,91,29,1,5,1,
30,21,145,412,23,25,1,5,1,
30,24,718,41,48,25,1,5,1,
30,25,547,67,57,22,1,5,1,
30,26,178,365,78,22,1,5,1,
30,27,118,421,57,25,1,5,1,
30,28,875,217,14,9,1,5,1,
31,1,829,84,82,17,1,5,1,
31,2,828,260,14,10,1,5,1,
31,4,722,168,73,16,1,5,1,
31,6,893,15,21,27,1,5,1,
31,9,398,440,54,16,1,5,1,
31,10,509,135,41,11,1,5,1,
31,11,861,312,14,11,1,5,1,
31,12,808,132,74,18,1,5,1,
31,13,573,65,63,23,1,5,1,
31,14,108,54,24,26,1,5,1,
31,15,40,155,28,23,1,5,1,
31,16,766,252,14,11,1,5,1,
31,17,715,32,21,28,1,5,1,
31,18,384,472,60,16,1,5,1,
31,19,799,271,77,16,1,5,1,
31,20,476,57,98,30,1,5,1,
31,21,147,414,21,26,1,5,1,
31,24,725,42,46,25,1,5,1,
31,25,552,68,56,22,1,5,1,
31,26,189,366,72,22,1,5,1,
31,27,123,422,56,25,1,5,1,
31,28,876,217,14,10,1,5,1,
32,1,839,83,82,18,1,5,1,
32,2,828,260,14,10,1,5,1,
32,4,731,168,73,15,1,5,1,
32,6,892,18,17,26,1,5,1,
32,9,402,441,56,17,1,5,1,
32,10,513,135,41,11,1,5,1,
32,11,863,312,14,10,1,5,1,
32,12,816,132,73,18,1,5,1,
32,13,579,66,62,23,1,5,1,
32,14,107,51,24,26,1,5,1,
32,15,38,153,29,24,1,5,1,
32,16,766,252,13,11,1,5,1,
32,17,719,33,17,29,1,5,1,
32,18,389,472,61,17,1,5,1,
32,19,808,271,78,16,1,5,1,
32,20,479,55,105,30,1,5,1,
32,21,147,416,20,28,1,5,1,
32,24,731,44,45,25,1,5,1,
32,25,557,68,55,23,1,5,1,
32,26,199,367,67,23,1,5,1,
32,27,130,423,52,26,1,5,1,
32,28,876,217,14,10,1,5,1,
33,1,850,82,81,18,1,5,1,
33,2,828,260,14,10,1,5,1,
33,4,741,167,72,16,1,5,1,
33,6,892,21,15,25,1,5,1,
33,9,407,442,56,17,1,5,1,
33,10,518,136,40,11,1,5,1,
33,11,864,312,16,10,1,5,1,
33,12,824,132,72,19,1,5,1,
33,13,584,66,60,24,1,5,1,
33,14,107,48,25,26,1,5,1,
33,15,37,151,29,24,1,5,1,
33,16,766,253,13,10,1,5,1,
33,17,721,35,16,29,1,5,1,
33,18,395,473,62,17,1,5,1,
33,19,818,271,77,16,1,5,1,
33,20,485,54,109,29,1,5,1,
33,21,146,419,20,29,1,5,1,
33,24,737,45,43,25,1,5,1,
33,25,563,68,52,23,1,5,1,
33,26,205,368,74,22,1,5,1,
33,27,136,424,51,27,1,5,1,
33,28,877,218,14,9,1,5,1,
34,1,860,82,81,18,1,5,1,
34,2,829,260,14,10,1,5,1,
34,4,750,167,72,16,1,5,1,
34,6,891,23,15,25,1,5,1,
34,9,412,443,57,17,1,5,1,
34,10,523,136,39,11,1,5,1,
34,11,866,312,16,10,1,5,1,
34,12,832,132,71,19,1,5,1,
34,13,589,67,58,23,1,5,1,
34,14,107,45,25,26,1,5,1,
34,15,36,150,29,24,1,5,1,
34,16,765,253,14,10,1,5,1,
34,17,723,37,15,29,1,5,1,
34,18,401,474,62,17,1,5,1,
34,19,827,271,78,16,1,5,1,
34,20,492,52,111,30,1,5,1,
34,21,144,422,22,29,1,5,1,
34,24,740,48,47,24,1,5,1,
34,25,568,69,50,23,1,5,1,
34,26,210,368,82,22,1,5,1,
34,27,140,425,52,28,1,5,1,
34,28,877,218,14,10,1,5,1,
35,1,869,81,82,18,1,5,1,
35,2,829,260,14,10,1,5,1,
35,4,759,167,73,16,1,5,1,
35,6,890,26,15,25,1,5,1,
35,9,417,445,58,16,1,5,1,
35,10,527,136,39,11,1,5,1,
35,11,868,311,16,11,1,5,1,
35,12,839,132,72,19,1,5,1,
35,13,594,67,57,24,1,5,1,
35,14,107,42,25,26,1,5,1,
35,15,34,148,31,25,1,5,1,
35,16,765,253,13,10,1,5,1,
35,17,724,39,15,29,1,5,1,
35,18,407,475,63,17,1,5,1,
35,19,837,271,77,16,1,5,1,
35,20,499,50,114,30,1,5,1,
35,21,143,425,23,29,1,5,1,
35,24,743,51,52,22,1,5,1,
35,25,572,69,50,24,1,5,1,
35,26,217,368,88,22,1,5,1,
35,27,144,427,54,28,1,5,1,
35,28,878,219,13,9,1,5,1,
36,1,879,81,80,18,1,5,1,
36,2,829,260,14,10,1,5,1,
36,4,768,167,73,16,1,5,1,
36,6,889,28,15,25,1,5,1,
36,9,422,446,58,17,1,5,1,
36,10,532,136,38,12,1,5,1,
36,11,871,311,15,10,1,5,1,
36,12,848,132,65,20,1,5,1,
36,13,598,69,57,23,1,5,1,
36,14,106,38,26,28,1,5,1,
36,15,33,146,31,25,1,5,1,
36,16,765,253,13,11,1,5,1,
36,17,724,41,16,29,1,5,1,
36,18,413,476,63,17,1,5,1,
36,19,846,271,78,16,1,5,1,
36,20,508,48,116,31,1,5,1,
36,21,143,429,25,28,1,5,1,
36,24,748,52,52,22,1,5,1,
36,25,577,70,48,24,1,5,1,
36,26,225,368,93,22,1,5,1,
36,27,148,428,56,29,1,5,1,
36,28,878,219,14,9,1,5,1,
37,1,889,79,71,19,1,5,1,
37,2,829,260,14,10,1,5,1,
37,4,777,166,73,16,1,5,1,
37,6,888,31,15,24,1,5,1,
37,9,427,447,59,17,1,5,1,
37,10,536,137,37,11,1,5,1,
37,11,874,311,14,10,1,5,1,
37,12,857,133,58,19,1,5,1,
37,13,603,69,55,24,1,5,1,
37,14,106,35,26,28,1,5,1,
37,15,31,144,32,26,1,5,1,
37,16,764,253,13,11,1,5,1,
37,17,725,43,15,28,1,5,1,
37,18,419,476,64,18,1,5,1,
37,19,856,271,76,16,1,5,1,
37,20,516,46,118,31,1,5,1,
37,21,143,432,28,27,1,5,1,
37,24,754,54,51,21,1,5,1,
37,25,581,71,47,24,1,5,1,
37,26,235,368,94,22,1,5,1,
37,27,153,430,56,29,1,5,1,
37,28,878,219,14,10,1,5,1,
38,1,901,78,59,19,1,5,1,
38,2,829,260,14,10,1,5,1,
38,4,787,166,72,16,1,5,1,
38,6,887,33,15,24,1,5,1,
38,9,432,448,61,17,1,5,1,
38,10,540,137,37,12,1,5,1,
38,11,876,311,14,10,1,5,1,
38,12,863,133,57,20,1,5,1,
38,13,608,70,51,25,1,5,1,
38,14,106,32,26,28,1,5,1,
38,15,30,143,32,25,1,5,1,
38,16,764,253,13,11,1,5,1,
38,17,726,45,15,28,1,5,1,
38,18,425,477,65,17,1,5,1,
38,19,866,271,75,16,1,5,1,
38,20,524,44,120,31,1,5,1,
38,21,142,434,32,28,1,5,1,
38,24,759,55,54,21,1,5,1,
38,25,586,72,45,24,1,5,1,
38,26,246,368,95,21,1,5,1,
38,27,157,432,58,29,1,5,1,
38,28,879,220,13,9,1,5,1,
39,1,912,78,48,19,1,5,1,
39,2,829,261,14,9,1,5,1,
39,4,796,166,72,16,1,5,1,
39,6,886,36,15,23,1,5,1,
39,9,437,449,62,17,1,5,1,
39,10,545,138,35,12,1,5,1,
39,11,878,310,13,10,1,5,1,
39,12,869,134,56,19,1,5,1,
39,13,613,71,49,25,1,5,1,
39,14,106,28,27,29,1,5,1,
39,15,29,141,32,26,1,5,1,
39,16,763,254,13,10,1,5,1,
39,17,726,47,15,28,1,5,1,
39,18,431,478,65,17,1,5,1,
39,19,875,271,75,16,1,5,1,
39,20,533,42,122,32,1,5,1,
39,21,143,437,36,27,1,5,1,
39,24,763,57,58,21,1,5,1,
39,25,590,73,43,24,1,5,1,
39,26,258,367,95,22,1,5,1,
39,27,162,434,60,29,1,5,1,
39,28,879,220,13,9,1,5,1,
40,1,922,78,38,16,1,5,1,
40,2,829,261,14,9,1,5,1,
40,4,805,166,72,16,1,5,1,
40,6,885,38,15,23,1,5,1,
40,9,442,450,63,17,1,5,1,
40,10,549,138,34,12,1,5,1,
40,11,880,310,13,10,1,5,1,
40,12,875,135,55,19,1,5,1,
40,13,617,72,47,25,1,5,1,
40,14,106,24,27,30,1,5,1,
40,15,28,139,33,26,1,5,1,
40,16,763,254,13,10,1,5,1,
40,17,726,49,15,28,1,5,1,
40,18,437,478,66,18,1,5,1,
40,19,885,271,74,16,1,5,1,
40,20,542,40,124,32,1,5,1,
40,21,145,439,39,28,1,5,1,
40,24,767,60,63,19,1,5,1,
40,25,594,74,42,24,1,5,1,
40,26,269,367,95,21,1,5,1,
40,27,167,435,61,30,1,5,1,
40,28,878,220,13,10,1,5,1,
41,1,931,79,29,13,1,5,1,
41,2,829,261,13,9,1,5,1,
41,4,814,166,72,16,1,5,1,
41,6,883,40,16,23,1,5,1,
41,9,448,451,63,18,1,5,1,
41,10,553,139,33,12,1,5,1,
41,11,881,310,13,10,1,5,1,
41,12,880,135,55,20,1,5,1,
41,13,621,73,46,25,1,5,1,
41,14,106,21,28,30,1,5,1,
41,15,27,137,33,27,1,5,1,
41,16,762,254,14,10,1,5,1,
41,17,727,51,15,28,1,5,1,
41,18,444,479,66,17,1,5,1,
41,19,894,271,66,16,1,5,1,
41,20,550,39,127,32,1,5,1,
41,21,147,442,43,27,1,5,1,
41,24,772,62,68,17,1,5,1,
41,25,598,75,41,24,1,5,1,
41,26,280,367,95,21,1,5,1,
41,27,172,437,63,30,1,5,1,
41,28,876,221,14,9,1,5,1,
42,2,828,261,14,9,1,5,1,
42,4,823,165,73,17,1,5,1,
42,6,882,43,15,22,1,5,1,
42,9,454,452,64,18,1,5,1,
42,10,557,139,32,12,1,5,1,
42,11,882,309,14,10,1,5,1,
42,12,886,136,55,19,1,5,1,
42,13,625,74,44,25,1,5,1,
42,14,106,17,28,31,1,5,1,
42,15,25,135,35,27,1,5,1,
42,16,761,254,15,10,1,5,1,
42,17,727,53,15,27,1,5,1,
42,18,450,479,67,18,1,5,1,
42,19,903,271,57,16,1,5,1,
42,20,560,37,128,32,1,5,1,
42,21,150,444,47,28,1,5,1,
42,24,778,63,71,16,1,5,1,
42,25,602,76,39,25,1,5,1,
42,26,292,366,94,21,1,5,1,
42,27,177,439,65,30,1,5,1,
42,28,874,221,16,10,1,5,1,
43,2,828,261,13,9,1,5,1,
43,4,831,165,74,17,1,5,1,
43,6,881,45,15,22,1,5,1,
43,9,459,453,65,18,1,5,1,
43,10,560,140,32,12,1,5,1,
43,11,883,309,14,10,1,5,1,
43,12,891,137,55,19,1,5,1,
43,13,628,75,44,25,1,5,1,
43,14,107,13,28,32,1,5,1,
43,15,24,133,35,28,1,5,1,
43,16,760,254,15,10,1,5,1,
43,17,727,55,15,27,1,5,1,
43,18,456,480,68,18,1,5,1,
43,19,911,271,49,16,1,5,1,
43,20,569,35,130,33,1,5,1,
43,21,153,447,50,27,1,5,1,
43,24,785,63,73,15,1,5,1,
43,25,605,78,39,24,1,5,1,
43,26,304,366,93,21,1,5,1,
43,27,182,441,68,30,1,5,1,
43,28,874,221,13,10,1,5,1,
44,2,827,261,13,9,1,5,1,
44,4,840,165,74,17,1,5,1,
44,6,880,47,15,22,1,5,1,
44,9,465,454,66,18,1,5,1,
44,10,564,141,31,12,1,5,1,
44,11,885,309,13,9,1,5,1,
44,12,896,137,55,19,1,5,1,
44,13,632,76,42,25,1,5,1,
44,14,107,9,29,32,1,5,1,
44,15,24,130,35,29,1,5,1,
44,16,759,254,15,10,1,5,1,
44,17,727,57,15,27,1,5,1,
44,18,463,480,68,18,1,5,1,
44,19,921,272,39,15,1,5,1,
44,20,578,33,133,33,1,5,1,
44,21,156,449,55,28,1,5,1,
44,24,792,63,74,15,1,5,1,
44,25,609,79,37,24,1,5,1,
44,26,315,365,93,21,1,5,1,
44,27,187,442,70,31,1,5,1,
44,28,875,222,13,9,1,5,1,
45,2,827,261,13,9,1,5,1,
45,4,850,165,73,16,1,5,1,
45,6,878,49,16,22,1,5,1,
45,9,471,455,66,19,1,5,1,
45,10,567,141,30,12,1,5,1,
45,11,886,309,13,9,1,5,1,
45,12,902,138,53,19,1,5,1,
45,13,635,77,41,26,1,5,1,
45,14,108,5,29,33,1,5,1,
45,15,23,128,35,29,1,5,1,
45,16,759,254,14,10,1,5,1,
45,17,727,59,15,26,1,5,1,
45,18,470,481,68,18,1,5,1,
45,19,930,273,30,12,1,5,1,
45,20,588,31,135,33,1,5,1,
45,21,161,451,57,28,1,5,1,
45,24,800,62,74,16,1,5,1,
45,25,612,80,36,24,1,5,1,
45,26,327,364,92,22,1,5,1,
45,27,193,444,72,31,1,5,1,
45,28,873,222,13,9,1,5,1,
46,2,826,261,13,9,1,5,1,
46,4,859,165,73,16,1,5,1,
46,6,877,52,15,21,1,5,1,
46,9,477,456,67,19,1,5,1,
46,10,571,142,29,12,1,5,1,
46,11,887,308,13,10,1,5,1,
46,12,907,138,52,19,1,5,1,
46,13,639,79,39,25,1,5,1,
46,14,109,1,30,33,1,5,1,
46,15,22,126,36,30,1,5,1,
46,16,758,254,14,10,1,5,1,
46,17,727,61,15,26,1,5,1,
46,18,476,481,69,18,1,5,1,
46,20,598,29,137,34,1,5,1,
46,21,165,454,61,28,1,5,1,
46,24,809,62,73,15,1,5,1,
46,25,615,81,35,24,1,5,1,
46,26,339,364,90,21,1,5,1,
46,27,199,446,74,31,1,5,1,
46,28,872,223,15,9,1,5,1,
47,2,826,261,12,9,1,5,1,
47,4,868,165,73,16,1,5,1,
47,6,876,54,15,21,1,5,1,
47,9,483,457,68,19,1,5,1,
47,10,574,143,28,12,1,5,1,
47,11,888,308,13,9,1,5,1,
47,12,913,139,46,19,1,5,1,
47,13,642,80,38,25,1,5,1,
47,14,110,-1,30,32,1,5,1,
47,15,21,124,37,30,1,5,1,
47,16,756,255,16,9,1,5,1,
47,17,727,63,14,26,1,5,1,
47,18,483,481,69,19,1,5,1,
47,20,608,27,139,34,1,5,1,
47,21,171,456,64,28,1,5,1,
47,24,817,61,73,16,1,5,1,
47,25,619,82,33,24,1,5,1,
47,26,351,363,88,21,1,5,1,
47,27,205,448,77,31,1,5,1,
47,28,870,223,16,9,1,5,1,
48,2,825,261,13,9,1,5,1,
48,4,877,165,73,16,1,5,1,
48,6,874,56,16,21,1,5,1,
48,9,489,459,69,18,1,5,1,
48,10,577,143,28,12,1,5,1,
48,11,889,308,13,9,1,5,1,
48,12,918,139,42,19,1,5,1,
48,13,645,81,36,25,1,5,1,
48,14,111,-5,31,32,1,5,1,
48,15,21,121,37,31,1,5,1,
48,16,755,255,16,9,1,5,1,
48,17,727,65,14,25,1,5,1,
48,18,490,482,69,18,1,5,1,
48,20,617,25,142,35,1,5,1,
48,21,176,458,68,29,1,5,1,
48,24,824,61,74,16,1,5,1,
48,25,622,83,32,25,1,5,1,
48,26,361,363,88,20,1,5,1,
48,27,211,450,79,31,1,5,1,
48,28,869,223,16,10,1,5,1,
49,2,824,261,13,9,1,5,1,
49,4,887,164,72,17,1,5,1,
49,6,873,58,15,21,1,5,1,
49,9,495,460,70,19,1,5,1,
49,10,581,144,26,12,1,5,1,
49,11,889,307,13,10,1,5,1,
49,12,923,140,37,19,1,5,1,
49,13,648,82,35,25,1,5,1,
49,14,112,-10,31,34,1,5,1,
49,15,20,119,38,31,1,5,1,
49,16,754,255,16,9,1,5,1,
49,17,727,66,14,26,1,5,1,
49,18,497,482,69,18,1,5,1,
49,20,628,24,144,34,1,5,1,
49,21,182,461,71,28,1,5,1,
49,24,833,61,72,16,1,5,1,
49,25,625,85,31,24,1,5,1,
49,26,373,362,86,21,1,5,1,
49,27,218,451,81,32,1,5,1,
49,28,869,224,13,9,1,5,1,
50,2,824,261,13,9,1,5,1,
50,4,896,164,64,17,1,5,1,
50,6,872,60,15,20,1,5,1,
50,9,501,461,71,19,1,5,1,
50,10,584,145,25,12,1,5,1,
50,11,891,307,13,9,1,5,1,
50,12,928,140,32,19,1,5,1,
50,13,651,84,34,25,1,5,1,
50,14,116,-14,29,34,1,5,1,
50,15,20,116,38,32,1,5,1,
50,16,754,255,15,9,1,5,1,
50,17,727,68,13,25,1,5,1,
50,18,504,482,69,19,1,5,1,
50,20,638,22,146,35,1,5,1,
50,21,188,463,74,29,1,5,1,
50,24,840,60,73,16,1,5,1,
50,25,628,86,30,24,1,5,1,
50,26,384,361,85,21,1,5,1,
50,27,225,453,84,32,1,5,1,
50,28,869,224,12,9,1,5,1,
51,2,825,262,12,8,1,5,1,
51,4,905,164,55,17,1,5,1,
51,6,870,62,15,20,1,5,1,
51,9,508,462,71,19,1,5,1,
51,10,587,145,24,13,1,5,1,
51,11,892,307,13,9,1,5,1,
51,12,933,141,27,17,1,5,1,
51,13,654,85,32,25,1,5,1,
51,14,117,-19,30,35,1,5,1,
51,15,19,114,40,32,1,5,1,
51,16,752,255,17,9,1,5,1,
51,17,726,70,14,25,1,5,1,
51,18,511,482,69,19,1,5,1,
51,20,649,20,148,35,1,5,1,
51,21,195,465,77,29,1,5,1,
51,24,848,60,73,16,1,5,1,
51,25,630,87,30,24,1,5,1,
51,26,395,360,83,21,1,5,1,
51,27,232,455,86,32,1,5,1,
51,28,869,225,12,8,1,5,1,
52,2,825,262,12,8,1,5,1,
52,4,914,164,46,17,1,5,1,
52,6,869,64,15,20,1,5,1,
52,9,514,463,72,20,1,5,1,
52,10,589,146,24,12,1,5,1,
52,11,893,307,13,9,1,5,1,
52,12,938,142,22,17,1,5,1,
52,13,657,86,31,25,1,5,1,
52,14,119,-24,23,36,1,5,1,
52,15,19,111,40,33,1,5,1,
52,16,749,255,21,9,1,5,1,
52,17,726,72,13,25,1,5,1,
52,18,518,483,69,18,1,5,1,
52,20,660,18,150,35,1,5,1,
52,21,203,467,79,29,1,5,1,
52,24,856,60,73,16,1,5,1,
52,25,633,88,28,24,1,5,1,
52,26,406,360,82,20,1,5,1,
52,27,240,457,88,32,1,5,1,
52,28,869,225,12,8,1,5,1,
53,2,825,262,12,8,1,5,1,
53,4,922,164,38,16,1,5,1,
53,6,867,66,15,20,1,5,1,
53,9,521,464,72,20,1,5,1,
53,10,592,147,23,12,1,5,1,
53,11,894,306,13,10,1,5,1,
53,12,943,142,17,10,1,5,1,
53,13,659,87,30,25,1,5,1,
53,15,19,108,41,34,1,5,1,
53,16,746,255,24,10,1,5,1,
53,17,726,74,13,24,1,5,1,
53,18,525,483,69,18,1,5,1,
53,20,671,16,152,36,1,5,1,
53,21,210,470,83,28,1,5,1,
53,24,864,60,73,16,1,5,1,
53,25,636,90,27,23,1,5,1,
53,26,416,359,81,20,1,5,1,
53,27,247,459,91,32,1,5,1,
53,28,868,225,12,9,1,5,1,
54,2,825,262,12,8,1,5,1,
54,4,931,165,29,12,1,5,1,
54,6,866,68,15,19,1,5,1,
54,9,527,465,74,20,1,5,1,
54,10,595,148,22,12,1,5,1,
54,11,895,306,12,9,1,5,1,
54,13,662,89,28,25,1,5,1,
54,15,19,106,41,34,1,5,1,
54,16,743,256,25,9,1,5,1,
54,17,725,75,13,25,1,5,1,
54,18,532,483,69,18,1,5,1,
54,20,681,14,156,36,1,5,1,
54,21,218,472,86,29,1,5,1,
54,24,872,60,72,16,1,5,1,
54,25,638,91,26,24,1,5,1,
54,26,426,358,80,20,1,5,1,
54,27,255,460,93,33,1,5,1,
54,28,867,226,13,8,1,5,1,
55,2,824,262,12,8,1,5,1,
55,6,864,70,16,19,1,5,1,
55,9,533,466,75,21,1,5,1,
55,10,597,148,21,13,1,5,1,
55,11,895,306,13,9,1,5,1,
55,13,664,90,27,25,1,5,1,
55,15,19,103,42,35,1,5,1,
55,16,741,256,26,9,1,5,1,
55,17,725,77,13,24,1,5,1,
55,18,539,483,69,19,1,5,1,
55,20,692,13,158,36,1,5,1,
55,21,226,474,89,29,1,5,1,
55,24,879,60,73,16,1,5,1,
55,25,640,92,26,24,1,5,1,
55,26,436,358,78,20,1,5,1,
55,27,262,462,96,33,1,5,1,
55,28,865,226,14,8,1,5,1,
56,2,824,262,12,8,1,5,1,
56,6,863,71,15,20,1,5,1,
56,9,540,467,76,21,1,5,1,
56,10,599,149,21,12,1,5,1,
56,11,896,306,13,9,1,5,1,
56,13,666,91,26,25,1,5,1,
56,15,19,100,43,36,1,5,1,
56,17,724,79,13,23,1,5,1,
56,18,545,483,69,19,1,5,1,
56,20,703,11,161,36,1,5,1,
56,21,235,476,91,29,1,5,1,
56,24,887,59,72,17,1,5,1,
56,25,643,93,24,24,1,5,1,
56,26,445,357,78,20,1,5,1,
56,27,270,464,99,33,1,5,1,
56,28,864,226,14,8,1,5,1,
57,2,824,262,11,8,1,5,1,
57,6,861,73,16,19,1,5,1,
57,9,546,469,77,20,1,5,1,
57,10,601,150,20,12,1,5,1,
57,11,896,305,13,9,1,5,1,
57,13,668,92,25,25,1,5,1,
57,15,19,97,44,37,1,5,1,
57,17,723,80,13,24,1,5,1,
57,18,552,482,69,19,1,5,1,
57,20,713,9,164,37,1,5,1,
57,21,243,477,95,30,1,5,1,
57,24,894,59,66,17,1,5,1,
57,25,645,94,23,24,1,5,1,
57,26,454,356,78,20,1,5,1,
57,27,278,466,101,33,1,5,1,
57,28,863,227,14,8,1,5,1,
58,2,823,262,12,8,1,5,1,
58,6,860,75,15,19,1,5,1,
58,9,553,470,78,20,1,5,1,
58,10,604,151,18,12,1,5,1,
58,11,897,305,13,9,1,5,1,
58,13,670,94,24,24,1,5,1,
58,15,20,94,44,38,1,5,1,
58,17,723,82,12,23,1,5,1,
58,18,559,482,69,19,1,5,1,
58,20,725,7,166,37,1,5,1,
58,21,252,479,98,30,1,5,1,
58,24,901,59,59,17,1,5,1,
58,25,647,96,22,23,1,5,1,
58,26,463,356,79,19,1,5,1,
58,27,287,467,103,34,1,5,1,
58,28,862,227,14,8,1,5,1,
59,2,823,262,11,8,1,5,1,
59,6,858,77,16,18,1,5,1,
59,9,560,471,78,20,1,5,1,
59,10,606,151,18,13,1,5,1,
59,11,897,305,13,9,1,5,1,
59,13,672,95,23,25,1,5,1,
59,15,20,90,45,39,1,5,1,
59,17,722,84,13,23,1,5,1,
59,18,566,482,68,19,1,5,1,
59,20,736,5,169,38,1,5,1,
59,21,262,481,99,30,1,5,1,
59,24,909,59,51,17,1,5,1,
59,25,649,97,21,23,1,5,1,
59,26,471,355,82,19,1,5,1,
59,27,296,469,104,34,1,5,1,
59,28,861,227,14,8,1,5,1,
60,2,822,262,12,8,1,5,1,
60,6,857,79,15,18,1,5,1,
60,9,567,472,79,20,1,5,1,
60,10,608,152,17,12,1,5,1,
60,11,898,305,12,8,1,5,1,
60,13,674,96,22,25,1,5,1,
60,15,21,87,46,40,1,5,1,
60,17,721,85,13,23,1,5,1,
60,18,573,482,68,19,1,5,1,
60,20,749,3,170,38,1,5,1,
60,21,273,483,99,30,1,5,1,
60,24,917,59,43,16,1,5,1,
60,25,651,98,20,23,1,5,1,
60,26,480,355,83,19,1,5,1,
60,27,306,470,105,35,1,5,1,
60,28,860,228,14,8,1,5,1,
61,2,821,262,12,8,1,5,1,
61,6,855,80,15,18,1,5,1,
61,9,575,473,79,20,1,5,1,
61,10,610,153,16,12,1,5,1,
61,11,898,304,12,9,1,5,1,
61,13,676,98,21,24,1,5,1,
61,15,22,84,47,40,1,5,1,
61,17,720,87,13,22,1,5,1,
61,18,581,482,66,19,1,5,1,
61,20,763,2,171,38,1,5,1,
61,21,285,485,98,31,1,5,1,
61,24,925,59,35,10,1,5,1,
61,25,653,100,19,23,1,5,1,
61,26,491,355,83,19,1,5,1,
61,27,317,472,105,36,1,5,1,
61,28,859,228,14,8,1,5,1,
62,2,821,262,11,8,1,5,1,
62,6,853,82,16,18,1,5,1,
62,9,582,474,80,20,1,5,1,
62,10,612,154,15,12,1,5,1,
62,11,898,304,13,9,1,5,1,
62,13,678,99,20,24,1,5,1,
62,15,23,80,47,42,1,5,1,
62,17,720,89,13,22,1,5,1,
62,18,588,481,66,19,1,5,1,
62,20,774,0,174,38,1,5,1,
62,21,295,486,99,33,1,5,1,
62,24,933,60,27,7,1,5,1,
62,25,655,101,18,23,1,5,1,
62,26,500,355,84,19,1,5,1,
62,27,326,474,106,37,1,5,1,
62,28,857,228,15,8,1,5,1,
63,2,820,262,12,8,1,5,1,
63,6,852,84,15,17,1,5,1,
63,9,589,474,81,21,1,5,1,
63,10,613,155,15,12,1,5,1,
63,11,898,304,13,8,1,5,1,
63,13,679,100,19,24,1,5,1,
63,15,25,77,47,42,1,5,1,
63,17,719,90,13,22,1,5,1,
63,18,593,481,68,19,1,5,1,
63,20,786,0,173,37,1,5,1,
63,21,305,488,101,34,1,5,1,
63,25,656,102,18,23,1,5,1,
63,26,509,355,86,20,1,5,1,
63,27,336,475,107,38,1,5,1,
63,28,856,229,15,7,1,5,1,
64,2,819,262,12,8,1,5,1,
64,6,849,85,17,18,1,5,1,
64,9,597,475,80,21,1,5,1,
64,10,615,155,13,12,1,5,1,
64,11,899,304,12,8,1,5,1,
64,13,681,102,18,24,1,5,1,
64,15,26,73,49,43,1,5,1,
64,17,718,92,13,21,1,5,1,
64,18,599,481,69,19,1,5,1,
64,20,799,0,161,35,1,5,1,
64,21,316,490,101,36,1,5,1,
64,25,658,103,17,23,1,5,1,
64,26,519,356,86,20,1,5,1,
64,27,346,477,109,39,1,5,1,
64,28,855,229,14,8,1,5,1,
65,2,818,262,13,8,1,5,1,
65,6,844,87,22,17,1,5,1,
65,9,603,476,82,21,1,5,1,
65,10,616,156,13,12,1,5,1,
65,11,898,303,12,9,1,5,1,
65,13,682,103,18,24,1,5,1,
65,15,28,69,49,45,1,5,1,
65,17,717,93,14,22,1,5,1,
65,18,603,482,73,18,1,5,1,
65,20,811,0,149,34,1,5,1,
65,21,326,492,102,37,1,5,1,
65,25,659,104,17,23,1,5,1,
65,26,528,357,88,20,1,5,1,
65,27,355,479,111,40,1,5,1,
65,28,853,229,16,8,1,5,1,
66,2,816,263,16,8,1,5,1,
66,6,840,88,25,17,1,5,1,
66,9,609,477,84,21,1,5,1,
66,10,618,157,12,12,1,5,1,
66,11,897,303,13,9,1,5,1,
66,13,683,104,17,24,1,5,1,
66,15,29,65,51,46,1,5,1,
66,17,716,95,15,21,1,5,1,
66,18,609,482,74,18,1,5,1,
66,20,824,0,136,32,1,5,1,
66,21,337,495,103,38,1,5,1,
66,25,661,106,15,22,1,5,1,
66,26,538,358,88,20,1,5,1,
66,27,365,481,113,41,1,5,1,
66,28,851,230,17,7,1,5,1,
67,2,814,263,17,8,1,5,1,
67,6,839,90,23,17,1,5,1,
67,9,616,478,85,21,1,5,1,
67,10,619,158,11,12,1,5,1,
67,11,897,303,12,8,1,5,1,
67,13,685,105,15,24,1,5,1,
67,15,30,61,52,47,1,5,1,
67,17,715,96,15,21,1,5,1,
67,18,615,483,75,18,1,5,1,
67,20,837,0,123,31,1,5,1,
67,21,347,498,106,39,1,5,1,
67,25,662,107,15,22,1,5,1,
67,26,547,359,90,20,1,5,1,
67,27,374,484,116,42,1,5,1,
67,28,848,230,19,8,1,5,1,
68,2,812,263,17,8,1,5,1,
68,6,839,92,19,16,1,5,1,
68,9,623,480,86,21,1,5,1,
68,10,620,159,11,11,1,5,1,
68,11,896,303,12,8,1,5,1,
68,13,686,106,15,24,1,5,1,
68,15,32,57,54,48,1,5,1,
68,17,714,98,14,21,1,5,1,
68,18,622,484,76,18,1,5,1,
68,20,851,0,109,30,1,5,1,
68,21,358,501,109,40,1,5,1,
68,25,663,108,15,22,1,5,1,
68,26,557,360,92,20,1,5,1,
68,27,384,486,119,43,1,5,1,
69,2,810,263,18,8,1,5,1,
69,6,838,93,16,17,1,5,1,
69,9,630,481,88,21,1,5,1,
69,10,621,159,11,12,1,5,1,
69,11,896,302,12,9,1,5,1,
69,13,687,108,14,23,1,5,1,
69,15,33,53,56,49,1,5,1,
69,17,714,99,12,21,1,5,1,
69,18,628,484,78,19,1,5,1,
69,20,863,-1,97,24,1,5,1,
69,21,367,504,114,39,1,5,1,
69,22,-5543,3184,0,-2640,1,5,1,
69,25,664,109,15,22,1,5,1,
69,26,566,360,94,21,1,5,1,
69,27,394,489,122,43,1,5,1,
70,2,808,263,18,8,1,5,1,
70,6,837,95,14,16,1,5,1,
70,9,638,482,89,22,1,5,1,
70,10,622,160,10,12,1,5,1,
70,11,895,302,12,8,1,5,1,
70,13,687,109,14,23,1,5,1,
70,15,34,49,58,50,1,5,1,
70,17,713,101,11,20,1,5,1,
70,18,636,485,77,18,1,5,1,
70,20,877,-3,83,21,1,5,1,
70,21,379,507,116,36,1,5,1,
70,22,-3622,2084,0,-1540,1,5,1,
70,25,665,111,14,21,1,5,1,
70,26,576,361,96,21,1,5,1,
70,27,405,491,125,44,1,5,1,
71,6,835,96,14,16,1,5,1,
71,9,646,483,90,22,1,5,1,
71,10,623,161,9,11,1,5,1,
71,11,895,302,11,8,1,5,1,
71,13,688,110,14,23,1,5,1,
71,15,36,44,60,51,1,5,1,
71,17,713,103,10,19,1,5,1,
71,18,643,486,78,18,1,5,1,
71,20,891,-4,69,19,1,5,1,
71,21,390,511,114,33,1,5,1,
71,25,666,112,14,21,1,5,1,
71,26,586,362,97,21,1,5,1,
71,27,415,494,129,44,1,5,1,
72,6,834,98,14,15,1,5,1,
72,9,653,484,92,23,1,5,1,
72,10,624,162,9,11,1,5,1,
72,11,894,302,12,8,1,5,1,
72,13,688,112,14,22,1,5,1,
72,15,37,39,63,53,1,5,1,
72,17,712,104,11,19,1,5,1,
72,18,650,487,79,18,1,5,1,
72,21,401,514,114,30,1,5,1,
72,25,667,113,13,21,1,5,1,
72,26,596,363,100,21,1,5,1,
72,27,425,497,133,45,1,5,1,
73,6,832,99,14,16,1,5,1,
73,9,660,486,93,22,1,5,1,
73,10,625,162,8,12,1,5,1,
73,11,893,302,12,8,1,5,1,
73,13,688,113,14,23,1,5,1,
73,15,39,35,65,55,1,5,1,
73,17,712,105,11,19,1,5,1,
73,18,656,487,80,19,1,5,1,
73,21,411,517,119,27,1,5,1,
73,25,668,114,13,21,1,5,1,
73,26,605,364,103,21,1,5,1,
73,27,435,499,138,44,1,5,1,
74,6,831,100,14,16,1,5,1,
74,9,668,487,94,22,1,5,1,
74,10,625,163,8,12,1,5,1,
74,11,893,301,12,8,1,5,1,
74,13,688,114,14,22,1,5,1,
74,15,42,30,67,57,1,5,1,
74,17,713,107,11,18,1,5,1,
74,18,663,488,81,18,1,5,1,
74,21,423,521,123,23,1,5,1,
74,25,668,115,13,21,1,5,1,
74,26,615,364,105,22,1,5,1,
74,27,446,502,141,41,1,5,1,
75,6,830,102,13,15,1,5,1,
75,9,676,488,95,22,1,5,1,
75,10,626,164,7,11,1,5,1,
75,11,892,301,12,8,1,5,1,
75,13,689,115,13,22,1,5,1,
75,15,44,24,70,59,1,5,1,
75,17,713,108,10,18,1,5,1,
75,18,670,488,82,19,1,5,1,
75,21,435,524,128,20,1,5,1,
75,25,669,117,13,20,1,5,1,
75,26,625,365,108,22,1,5,1,
75,27,457,504,144,39,1,5,1,
76,6,829,103,13,15,1,5,1,
76,9,685,489,95,22,1,5,1,
76,10,626,165,8,11,1,5,1,
76,11,891,301,13,8,1,5,1,
76,13,689,117,13,22,1,5,1,
76,15,46,19,73,61,1,5,1,
76,17,712,109,10,18,1,5,1,
76,18,678,489,82,19,1,5,1,
76,21,448,528,133,16,1,5,1,
76,25,669,118,13,20,1,5,1,
76,26,636,366,110,22,1,5,1,
76,27,469,507,143,36,1,5,1,
77,6,827,104,14,15,1,5,1,
77,9,693,489,96,23,1,5,1,
77,11,890,301,14,7,1,5,1,
77,13,689,118,13,22,1,5,1,
77,15,49,14,76,62,1,5,1,
77,17,712,110,11,18,1,5,1,
77,18,685,490,82,18,1,5,1,
77,25,670,119,13,20,1,5,1,
77,26,647,367,112,22,1,5,1,
77,27,481,510,143,34,1,5,1,
78,6,826,106,14,15,1,5,1,
78,9,700,490,98,23,1,5,1,
78,11,888,301,15,7,1,5,1,
78,13,689,119,13,22,1,5,1,
78,15,52,8,80,65,1,5,1,
78,18,691,490,84,19,1,5,1,
78,25,670,120,13,20,1,5,1,
78,26,657,367,115,23,1,5,1,
78,27,492,513,148,31,1,5,1,
79,6,825,107,13,15,1,5,1,
79,9,707,491,100,23,1,5,1,
79,11,886,300,17,8,1,5,1,
79,13,689,120,13,21,1,5,1,
79,15,55,2,85,68,1,5,1,
79,18,697,491,86,18,1,5,1,
79,25,671,121,12,20,1,5,1,
79,26,666,368,119,23,1,5,1,
79,27,502,515,155,29,1,5,1,
80,6,824,108,13,15,1,5,1,
80,9,715,492,101,23,1,5,1,
80,11,884,300,18,8,1,5,1,
80,13,689,121,13,21,1,5,1,
80,15,58,0,90,67,1,5,1,
80,18,704,491,87,19,1,5,1,
80,25,671,122,12,20,1,5,1,
80,26,676,369,123,23,1,5,1,
80,27,514,518,160,26,1,5,1,
81,6,823,109,13,15,1,5,1,
81,9,723,492,102,24,1,5,1,
81,11,882,300,19,7,1,5,1,
81,13,688,122,13,21,1,5,1,
81,15,62,0,95,63,1,5,1,
81,18,711,492,88,19,1,5,1,
81,25,671,123,12,20,1,5,1,
81,26,687,370,126,23,1,5,1,
81,27,527,521,165,23,1,5,1,
82,6,821,110,14,15,1,5,1,
82,9,732,493,102,23,1,5,1,
82,11,880,300,20,7,1,5,1,
82,13,688,123,12,21,1,5,1,
82,15,66,-7,100,66,1,5,1,
82,18,718,492,88,19,1,5,1,
82,25,671,124,12,20,1,5,1,
82,26,699,371,128,23,1,5,1,
82,27,540,524,170,20,1,5,1,
83,6,820,112,14,14,1,5,1,
83,9,740,493,103,24,1,5,1,
83,11,878,299,20,8,1,5,1,
83,13,687,124,13,21,1,5,1,
83,15,70,-14,105,69,1,5,1,
83,18,726,492,88,19,1,5,1,
83,25,672,125,12,20,1,5,1,
83,26,711,371,130,24,1,5,1,
83,27,554,527,174,17,1,5,1,
84,6,818,113,14,14,1,5,1,
84,9,750,493,101,24,1,5,1,
84,11,874,299,22,7,1,5,1,
84,13,687,125,12,21,1,5,1,
84,15,75,-21,108,71,1,5,1,
84,18,734,493,88,19,1,5,1,
84,25,673,126,12,19,1,5,1,
84,26,724,372,131,24,1,5,1,
85,6,817,114,14,14,1,5,1,
85,9,757,494,103,24,1,5,1,
85,11,870,299,25,7,1,5,1,
85,12,952,176,8,10,1,5,1,
85,13,686,126,13,21,1,5,1,
85,15,79,-29,109,76,1,5,1,
85,18,740,493,90,19,1,5,1,
85,25,673,127,13,19,1,5,1,
85,26,734,373,135,23,1,5,1,
86,9,767,494,101,24,1,5,1,
86,11,865,299,29,7,1,5,1,
86,12,949,176,10,11,1,5,1,
86,13,685,127,13,21,1,5,1,
86,15,84,-37,104,79,1,5,1,
86,18,749,494,89,19,1,5,1,
86,26,748,374,136,23,1,5,1,
87,9,774,494,102,24,1,5,1,
87,11,860,299,33,7,1,5,1,
87,12,946,175,13,13,1,5,1,
87,13,685,128,13,21,1,5,1,
87,15,89,-45,111,83,1,5,1,
87,18,754,494,91,19,1,5,1,
87,26,758,374,141,24,1,5,1,
88,9,782,494,103,24,1,5,1,
88,11,856,299,36,7,1,5,1,
88,12,942,175,17,14,1,5,1,
88,13,684,129,14,21,1,5,1,
88,15,94,-53,118,86,1,5,1,
88,18,761,494,92,19,1,5,1,
88,26,770,375,143,24,1,5,1,
89,9,791,494,102,24,1,5,1,
89,11,850,299,39,6,1,5,1,
89,12,939,176,20,14,1,5,1,
89,13,682,130,16,21,1,5,1,
89,15,101,-63,124,91,1,5,1,
89,18,769,494,92,20,1,5,1,
89,26,783,376,145,24,1,5,1,
90,9,800,494,101,24,1,5,1,
90,11,845,298,42,7,1,5,1,
90,12,935,176,24,14,1,5,1,
90,18,777,495,91,19,1,5,1,
90,26,796,376,147,25,1,5,1,
91,9,806,494,102,24,1,5,1,
91,11,841,298,44,7,1,5,1,
91,12,932,176,27,15,1,5,1,
91,18,782,495,94,19,1,5,1,
91,26,805,377,154,24,1,5,1,
92,9,812,494,104,24,1,5,1,
92,11,836,298,47,7,1,5,1,
92,12,927,177,32,15,1,5,1,
92,18,787,495,96,19,1,5,1,
92,26,815,377,145,25,1,5,1,
93,9,818,494,106,24,1,5,1,
93,11,832,298,48,7,1,5,1,
93,12,923,178,36,15,1,5,1,
93,18,793,495,98,19,1,5,1,
93,26,825,378,135,25,1,5,1,
94,9,826,494,105,24,1,5,1,
94,12,920,179,39,15,1,5,1,
94,18,800,495,98,19,1,5,1,
94,26,837,379,123,24,1,5,1,
95,9,832,494,106,24,1,5,1,
95,12,916,179,43,16,1,5,1,
95,18,805,495,100,20,1,5,1,
95,26,846,379,114,20,1,5,1,
96,9,838,493,107,24,1,5,1,
96,12,913,178,47,17,1,5,1,
96,18,811,495,102,20,1,5,1,
96,26,857,380,103,20,1,5,1,
97,9,850,493,102,24,1,5,1,
97,12,910,179,47,17,1,5,1,
97,18,821,495,99,20,1,5,1,
97,26,877,382,83,19,1,5,1,
98,9,857,493,102,23,1,5,1,
98,12,906,180,48,17,1,5,1,
98,18,827,495,100,20,1,5,1,
98,26,888,382,72,17,1,5,1,
99,9,863,492,97,24,1,5,1,
99,12,903,181,48,16,1,5,1,
99,18,833,495,101,20,1,5,1,
99,26,899,383,61,14,1,5,1,
100,9,871,491,89,24,1,5,1,
100,12,901,182,47,16,1,5,1,
100,18,841,495,100,20,1,5,1,
101,9,877,491,83,24,1,5,1,
101,12,895,182,50,17,1,5,1,
101,18,846,495,103,20,1,5,1,
102,9,882,490,78,22,1,5,1,
102,12,890,183,52,17,1,5,1,
102,18,851,495,104,19,1,5,1,
103,9,888,495,72,16,1,5,1,
103,12,886,184,54,16,1,5,1,
103,18,857,495,102,19,1,5,1,
104,9,896,494,64,16,1,5,1,
104,12,880,184,57,17,1,5,1,
104,18,863,495,97,19,1,5,1,
105,9,902,499,58,10,1,5,1,
105,12,874,185,60,16,1,5,1,
105,18,869,495,91,19,1,5,1,
106,9,908,498,52,11,1,5,1,
106,12,869,186,63,16,1,5,1,
106,18,876,495,84,19,1,5,1,
107,9,915,497,45,11,1,5,1,
107,12,863,187,66,15,1,5,1,
107,18,882,494,78,15,1,5,1,
108,9,926,495,34,12,1,5,1,
108,12,857,188,67,15,1,5,1,
108,18,894,499,66,10,1,5,1,
109,12,852,189,70,14,1,5,1,
109,18,900,499,60,10,1,5,1,
110,12,847,189,72,15,1,5,1,
110,18,905,500,55,9,1,5,1,
111,12,841,190,76,14,1,5,1,
111,18,910,500,50,9,1,5,1,
112,12,836,190,78,14,1,5,1,
112,18,916,501,44,8,1,5,1,
113,12,832,191,80,14,1,5,1,
113,18,921,500,39,8,1,5,1,
114,12,827,191,81,14,1,5,1,
114,18,927,500,33,6,1,5,1,
115,7,949,104,10,11,1,5,1,
115,12,822,192,83,14,1,5,1,
116,7,946,104,13,12,1,5,1,
116,12,817,193,84,13,1,5,1,
117,7,942,104,17,14,1,5,1,
117,12,812,193,84,14,1,5,1,
118,7,938,104,21,15,1,5,1,
118,12,808,194,83,13,1,5,1,
119,7,935,103,24,17,1,5,1,
119,12,803,194,84,13,1,5,1,
120,7,931,104,28,18,1,5,1,
120,12,798,195,84,13,1,5,1,
121,7,928,103,31,20,1,5,1,
121,12,794,196,83,12,1,5,1,
122,7,924,104,35,20,1,5,1,
122,12,789,196,82,13,1,5,1,
123,7,921,104,38,21,1,5,1,
123,12,785,197,81,12,1,5,1,
124,7,917,105,42,22,1,5,1,
124,12,781,197,80,12,1,5,1,
125,7,915,106,44,22,1,5,1,
125,12,776,198,80,12,1,5,1,
126,7,912,106,47,23,1,5,1,
126,12,772,198,79,12,1,5,1,
127,7,908,107,51,23,1,5,1,
127,12,768,199,78,12,1,5,1,
128,7,905,107,54,24,1,5,1,
128,12,763,199,78,12,1,5,1,
129,7,902,106,57,27,1,5,1,
129,12,759,200,76,12,1,5,1,
130,7,899,106,60,28,1,5,1,
130,12,755,200,76,12,1,5,1,
131,7,896,108,60,27,1,5,1,
131,12,751,201,75,11,1,5,1,
132,7,892,109,60,27,1,5,1,
133,7,888,110,61,27,1,5,1,
134,7,884,111,62,27,1,5,1,
134,15,-14269,7029,0,-6485,1,5,1,
135,15,-10928,5337,0,-4793,1,5,1,
136,15,-8954,4335,0,-3791,1,5,1,
147,4,952,224,7,5,1,5,1,
148,4,950,223,9,6,1,5,1,
149,4,946,223,13,7,1,5,1,
150,4,944,223,15,7,1,5,1,
