1,1,941,200,18,16,1,5,1,
1,2,28,100,40,30,1,5,1,
1,3,497,447,38,37,1,5,1,
1,4,91,438,74,35,1,5,1,
1,5,546,249,118,28,1,5,1,
1,6,516,118,53,42,1,5,1,
1,7,244,43,106,31,1,5,1,
1,8,267,113,98,23,1,5,1,
1,9,343,208,43,16,1,5,1,
1,10,256,516,51,27,1,5,1,
1,11,119,129,78,17,1,5,1,
1,12,572,360,70,17,1,5,1,
1,13,812,349,96,20,1,5,1,
1,14,702,0,74,16,1,5,1,
1,15,710,0,36,20,1,5,1,
1,16,112,292,48,14,1,5,1,
1,17,590,82,13,23,1,5,1,
1,18,260,499,85,25,1,5,1,
1,19,0,355,77,18,1,5,1,
1,20,871,223,30,20,1,5,1,
1,21,110,322,120,26,1,5,1,
1,22,934,383,25,13,1,5,1,
1,23,554,265,55,17,1,5,1,
1,24,490,180,51,19,1,5,1,
1,25,298,398,24,25,1,5,1,
1,26,814,486,79,51,1,5,1,
1,27,648,98,69,32,1,5,1,
1,28,665,481,57,38,1,5,1,
1,29,380,399,57,39,1,5,1,
1,30,742,70,54,69,1,5,1,
1,31,833,319,126,32,1,5,1,
1,32,880,500,80,30,1,5,1,
1,33,414,370,54,14,1,5,1,
1,34,317,244,146,40,1,5,1,
1,35,816,46,113,45,1,5,1,
1,36,337,473,86,25,1,5,1,
1,37,140,280,85,30,1,5,1,
1,38,171,150,51,43,1,5,1,
2,1,936,199,23,16,1,5,1,
2,2,30,99,40,29,1,5,1,
2,3,500,446,40,36,1,5,1,
2,4,86,439,72,37,1,5,1,
2,5,535,249,121,28,1,5,1,
2,6,517,122,43,40,1,5,1,
2,7,257,41,100,31,1,5,1,
2,8,255,111,102,25,1,5,1,
2,9,347,209,46,16,1,5,1,
2,10,258,514,55,26,1,5,1,
2,11,110,128,82,17,1,5,1,
2,12,577,361,71,18,1,5,1,
2,13,803,349,96,19,1,5,1,
2,14,694,0,80,16,1,5,1,
2,15,704,0,38,24,1,5,1,
2,16,115,292,55,14,1,5,1,
2,17,590,85,14,21,1,5,1,
2,18,256,498,80,24,1,5,1,
2,19,5,353,82,19,1,5,1,
2,20,866,222,31,21,1,5,1,
2,21,121,321,122,26,1,5,1,
2,22,930,382,29,13,1,5,1,
2,23,558,264,62,18,1,5,1,
2,24,493,179,58,19,1,5,1,
2,25,298,399,20,26,1,5,1,
2,26,818,489,88,53,1,5,1,
2,27,660,99,59,33,1,5,1,
2,28,668,483,61,40,1,5,1,
2,29,381,397,65,39,1,5,1,
2,30,737,76,67,65,1,5,1,
2,31,826,318,133,31,1,5,1,
2,32,887,503,73,30,1,5,1,
2,33,420,371,55,14,1,5,1,
2,34,324,245,150,41,1,5,1,
2,35,807,48,112,45,1,5,1,
2,36,333,469,81,28,1,5,1,
2,37,140,281,94,30,1,5,1,
2,38,174,148,52,43,1,5,1,
3,1,926,199,33,16,1,5,1,
3,2,32,98,41,28,1,5,1,
3,3,502,444,45,35,1,5,1,
3,4,81,441,68,39,1,5,1,
3,5,525,250,120,27,1,5,1,
3,6,516,125,35,38,1,5,1,
3,7,270,37,93,32,1,5,1,
3,8,244,107,103,27,1,5,1,
3,9,352,210,48,16,1,5,1,
3,10,262,512,58,25,1,5,1,
3,11,101,126,85,19,1,5,1,
3,12,584,362,71,17,1,5,1,
3,13,795,348,94,19,1,5,1,
3,14,686,0,82,18,1,5,1,
3,15,699,0,42,27,1,5,1,
3,16,120,292,60,14,1,5,1,
3,17,590,87,14,19,1,5,1,
3,18,253,494,74,25,1,5,1,
3,19,12,352,85,18,1,5,1,
3,20,857,222,42,21,1,5,1,
3,21,134,320,121,26,1,5,1,
3,22,925,382,34,12,1,5,1,
3,23,565,264,66,19,1,5,1,
3,24,496,178,65,19,1,5,1,
3,25,298,401,16,27,1,5,1,
3,26,823,493,95,50,1,5,1,
3,27,672,100,48,34,1,5,1,
3,28,672,486,65,41,1,5,1,
3,29,383,396,72,37,1,5,1,
3,30,732,84,82,59,1,5,1,
3,31,821,317,132,31,1,5,1,
3,32,897,506,63,22,1,5,1,
3,33,427,372,55,14,1,5,1,
3,34,332,245,155,42,1,5,1,
3,35,799,50,108,46,1,5,1,
3,36,331,465,73,31,1,5,1,
3,37,145,282,95,30,1,5,1,
3,38,174,146,58,42,1,5,1,
4,1,915,199,44,16,1,5,1,
4,2,31,97,45,28,1,5,1,
4,3,504,444,51,32,1,5,1,
4,4,77,443,64,40,1,5,1,
4,5,516,250,117,28,1,5,1,
4,6,517,128,27,36,1,5,1,
4,7,282,33,86,34,1,5,1,
4,8,233,103,103,30,1,5,1,
4,9,358,212,50,14,1,5,1,
4,10,267,510,59,24,1,5,1,
4,11,92,123,87,21,1,5,1,
4,12,591,363,70,17,1,5,1,
4,13,786,348,93,18,1,5,1,
4,14,678,0,69,20,1,5,1,
4,15,694,0,43,31,1,5,1,
4,16,126,292,64,14,1,5,1,
4,17,589,89,14,17,1,5,1,
4,18,251,491,66,27,1,5,1,
4,19,20,351,86,18,1,5,1,
4,20,847,222,54,20,1,5,1,
4,21,147,319,120,26,1,5,1,
4,22,919,380,40,13,1,5,1,
4,23,572,264,71,19,1,5,1,
4,24,501,177,70,19,1,5,1,
4,25,297,403,16,27,1,5,1,
4,26,829,497,96,46,1,5,1,
4,27,683,101,37,37,1,5,1,
4,28,677,489,67,42,1,5,1,
4,29,386,394,78,36,1,5,1,
4,30,735,89,82,58,1,5,1,
4,31,818,316,114,30,1,5,1,
4,32,909,510,51,21,1,5,1,
4,33,434,372,55,14,1,5,1,
4,34,339,245,163,42,1,5,1,
4,35,791,53,105,46,1,5,1,
4,36,330,461,64,35,1,5,1,
4,37,147,282,102,31,1,5,1,
4,38,169,144,78,42,1,5,1,
5,1,904,199,55,17,1,5,1,
5,2,30,95,50,29,1,5,1,
5,3,506,444,56,29,1,5,1,
5,4,74,445,58,41,1,5,1,
5,5,509,250,110,29,1,5,1,
5,6,518,130,25,35,1,5,1,
5,7,295,28,76,36,1,5,1,
5,8,221,98,104,34,1,5,1,
5,9,364,213,51,14,1,5,1,
5,10,272,508,60,23,1,5,1,
5,11,83,121,88,21,1,5,1,
5,12,599,364,68,17,1,5,1,
5,13,780,347,90,19,1,5,1,
5,14,670,0,69,24,1,5,1,
5,15,691,0,41,35,1,5,1,
5,16,133,292,68,14,1,5,1,
5,17,588,91,13,16,1,5,1,
5,18,251,486,56,32,1,5,1,
5,19,29,350,86,17,1,5,1,
5,20,837,221,66,21,1,5,1,
5,21,161,319,118,25,1,5,1,
5,22,913,379,44,13,1,5,1,
5,23,579,264,76,20,1,5,1,
5,24,507,177,74,18,1,5,1,
5,25,297,405,15,28,1,5,1,
5,26,837,502,99,42,1,5,1,
5,27,692,103,27,38,1,5,1,
5,28,683,492,67,43,1,5,1,
5,29,390,393,83,34,1,5,1,
5,30,740,93,80,56,1,5,1,
5,31,816,315,97,29,1,5,1,
5,32,922,515,38,19,1,5,1,
5,33,442,373,53,13,1,5,1,
5,34,348,245,168,43,1,5,1,
5,35,784,56,100,46,1,5,1,
5,36,330,457,54,39,1,5,1,
5,37,155,283,98,31,1,5,1,
5,38,166,143,100,42,1,5,1,
6,1,891,200,64,16,1,5,1,
6,2,30,95,57,29,1,5,1,
6,3,507,443,63,27,1,5,1,
6,4,72,448,51,41,1,5,1,
6,5,503,250,102,31,1,5,1,
6,6,520,133,24,34,1,5,1,
6,7,306,23,68,39,1,5,1,
6,8,210,93,104,38,1,5,1,
6,9,371,214,52,13,1,5,1,
6,10,277,507,60,21,1,5,1,
6,11,74,119,89,22,1,5,1,
6,12,607,365,66,17,1,5,1,
6,13,776,346,85,19,1,5,1,
6,14,663,0,69,28,1,5,1,
6,15,689,0,36,39,1,5,1,
6,16,144,291,64,15,1,5,1,
6,17,586,93,16,14,1,5,1,
6,18,251,482,47,36,1,5,1,
6,19,38,349,86,17,1,5,1,
6,20,826,221,76,21,1,5,1,
6,21,175,318,115,25,1,5,1,
6,22,908,378,45,13,1,5,1,
6,23,588,264,80,21,1,5,1,
6,24,515,176,76,19,1,5,1,
6,25,296,407,16,29,1,5,1,
6,26,846,507,104,37,1,5,1,
6,27,696,106,26,37,1,5,1,
6,28,689,497,68,41,1,5,1,
6,29,395,393,87,31,1,5,1,
6,30,746,96,79,54,1,5,1,
6,31,816,314,80,28,1,5,1,
6,33,450,373,51,13,1,5,1,
6,34,359,246,170,42,1,5,1,
6,35,777,60,95,45,1,5,1,
6,36,332,452,44,42,1,5,1,
6,37,156,284,109,30,1,5,1,
6,38,170,141,109,43,1,5,1,
7,1,878,200,71,17,1,5,1,
7,2,31,93,61,29,1,5,1,
7,3,509,442,70,24,1,5,1,
7,4,70,451,45,43,1,5,1,
7,5,498,250,93,32,1,5,1,
7,6,523,135,23,33,1,5,1,
7,7,308,20,79,37,1,5,1,
7,8,200,87,102,42,1,5,1,
7,9,377,214,53,13,1,5,1,
7,10,282,506,61,20,1,5,1,
7,11,66,116,88,24,1,5,1,
7,12,616,366,61,17,1,5,1,
7,13,772,345,80,19,1,5,1,
7,14,657,0,69,32,1,5,1,
7,15,689,0,32,43,1,5,1,
7,16,154,291,61,15,1,5,1,
7,17,584,94,17,14,1,5,1,
7,18,252,477,38,39,1,5,1,
7,19,48,349,84,16,1,5,1,
7,20,816,221,85,21,1,5,1,
7,21,189,318,111,24,1,5,1,
7,22,903,377,45,12,1,5,1,
7,23,596,264,84,21,1,5,1,
7,24,523,176,78,19,1,5,1,
7,25,295,410,16,28,1,5,1,
7,26,857,513,103,31,1,5,1,
7,27,698,110,29,34,1,5,1,
7,28,696,501,67,39,1,5,1,
7,29,399,392,93,29,1,5,1,
7,30,753,99,79,52,1,5,1,
7,31,818,313,63,28,1,5,1,
7,33,458,373,49,12,1,5,1,
7,34,372,247,169,42,1,5,1,
7,35,772,63,87,45,1,5,1,
7,36,331,448,36,42,1,5,1,
7,37,159,285,119,30,1,5,1,
7,38,176,139,117,44,1,5,1,
8,1,865,201,77,17,1,5,1,
8,2,33,91,65,30,1,5,1,
8,3,512,442,75,22,1,5,1,
8,4,69,454,37,44,1,5,1,
8,5,495,251,82,32,1,5,1,
8,6,523,137,27,33,1,5,1,
8,7,313,17,85,37,1,5,1,
8,8,190,79,100,47,1,5,1,
8,9,385,214,52,13,1,5,1,
8,10,288,505,60,18,1,5,1,
8,11,59,113,86,25,1,5,1,
8,12,624,367,57,17,1,5,1,
8,13,769,344,74,19,1,5,1,
8,14,652,0,68,37,1,5,1,
8,15,689,0,28,47,1,5,1,
8,16,163,291,58,15,1,5,1,
8,17,581,94,19,15,1,5,1,
8,18,251,473,32,41,1,5,1,
8,19,58,348,83,16,1,5,1,
8,20,805,221,93,21,1,5,1,
8,21,202,318,108,24,1,5,1,
8,22,898,376,45,12,1,5,1,
8,23,605,263,87,21,1,5,1,
8,24,532,176,79,19,1,5,1,
8,25,294,413,15,26,1,5,1,
8,26,869,519,91,25,1,5,1,
8,27,701,113,34,32,1,5,1,
8,28,703,506,66,37,1,5,1,
8,29,412,392,85,26,1,5,1,
8,30,754,102,92,49,1,5,1,
8,31,817,312,51,27,1,5,1,
8,33,466,372,46,13,1,5,1,
8,34,387,248,165,42,1,5,1,
8,35,768,67,77,44,1,5,1,
8,36,330,444,29,43,1,5,1,
8,37,163,286,125,30,1,5,1,
8,38,182,136,124,46,1,5,1,
9,1,852,202,81,16,1,5,1,
9,2,44,88,52,30,1,5,1,
9,3,515,441,80,23,1,5,1,
9,4,70,457,28,44,1,5,1,
9,5,494,253,70,31,1,5,1,
9,6,521,139,36,32,1,5,1,
9,7,318,14,91,36,1,5,1,
9,8,180,72,98,50,1,5,1,
9,9,392,215,52,13,1,5,1,
9,10,294,505,59,16,1,5,1,
9,11,51,110,85,26,1,5,1,
9,12,633,368,51,16,1,5,1,
9,13,766,343,67,18,1,5,1,
9,14,647,0,70,41,1,5,1,
9,15,689,0,21,50,1,5,1,
9,16,170,291,60,14,1,5,1,
9,17,577,95,21,15,1,5,1,
9,18,252,468,24,43,1,5,1,
9,19,69,348,79,15,1,5,1,
9,20,795,221,99,21,1,5,1,
9,21,215,318,104,25,1,5,1,
9,22,894,375,44,12,1,5,1,
9,23,615,262,89,21,1,5,1,
9,24,542,177,78,19,1,5,1,
9,25,293,416,14,27,1,5,1,
9,26,881,525,79,19,1,5,1,
9,27,704,116,39,30,1,5,1,
9,28,711,511,62,32,1,5,1,
9,29,421,391,82,25,1,5,1,
9,30,760,104,98,47,1,5,1,
9,31,818,312,45,26,1,5,1,
9,33,471,371,47,13,1,5,1,
9,34,402,250,160,40,1,5,1,
9,35,765,71,67,43,1,5,1,
9,36,331,439,23,45,1,5,1,
9,37,169,287,132,30,1,5,1,
9,38,190,134,130,46,1,5,1,
10,1,840,202,84,17,1,5,1,
10,2,54,87,45,30,1,5,1,
10,3,520,441,83,23,1,5,1,
10,4,71,461,22,43,1,5,1,
10,5,494,254,58,31,1,5,1,
10,6,520,141,44,31,1,5,1,
10,7,321,12,103,36,1,5,1,
10,8,171,64,94,53,1,5,1,
10,9,399,215,52,14,1,5,1,
10,10,300,505,57,14,1,5,1,
10,11,45,107,82,27,1,5,1,
10,12,642,368,44,17,1,5,1,
10,13,765,342,59,18,1,5,1,
10,14,644,0,68,45,1,5,1,
10,15,689,5,18,48,1,5,1,
10,16,178,291,62,14,1,5,1,
10,17,574,95,21,17,1,5,1,
10,18,253,462,22,46,1,5,1,
10,19,79,348,76,15,1,5,1,
10,20,786,221,103,21,1,5,1,
10,21,228,318,99,25,1,5,1,
10,22,889,373,43,12,1,5,1,
10,23,626,262,91,21,1,5,1,
10,24,553,177,75,19,1,5,1,
10,25,291,418,16,28,1,5,1,
10,27,713,118,33,30,1,5,1,
10,28,719,515,58,28,1,5,1,
10,29,425,391,87,24,1,5,1,
10,30,769,106,93,47,1,5,1,
10,31,813,311,47,25,1,5,1,
10,33,475,371,50,12,1,5,1,
10,34,415,250,160,41,1,5,1,
10,35,763,74,57,42,1,5,1,
10,36,333,435,22,45,1,5,1,
10,37,178,287,133,29,1,5,1,
10,38,204,131,125,47,1,5,1,
11,1,828,203,85,17,1,5,1,
11,2,60,85,42,31,1,5,1,
11,3,527,440,83,23,1,5,1,
11,4,71,466,22,41,1,5,1,
11,5,495,256,45,29,1,5,1,
11,6,520,144,52,29,1,5,1,
11,7,328,12,110,35,1,5,1,
11,8,163,56,89,55,1,5,1,
11,9,406,216,51,14,1,5,1,
11,10,306,504,55,15,1,5,1,
11,11,40,104,77,28,1,5,1,
11,12,650,368,38,16,1,5,1,
11,13,763,341,52,17,1,5,1,
11,14,641,0,66,49,1,5,1,
11,15,690,11,17,44,1,5,1,
11,16,186,291,63,14,1,5,1,
11,17,572,96,19,17,1,5,1,
11,18,255,457,22,47,1,5,1,
11,19,89,348,73,15,1,5,1,
11,20,777,222,105,21,1,5,1,
11,21,240,318,95,26,1,5,1,
11,22,885,372,42,12,1,5,1,
11,23,637,262,92,21,1,5,1,
11,24,563,178,73,19,1,5,1,
11,25,290,422,18,26,1,5,1,
11,27,719,120,31,30,1,5,1,
11,28,727,520,53,23,1,5,1,
11,29,429,390,91,24,1,5,1,
11,30,785,104,76,50,1,5,1,
11,31,808,309,47,26,1,5,1,
11,33,482,370,49,13,1,5,1,
11,34,427,250,160,41,1,5,1,
11,35,763,78,46,40,1,5,1,
11,36,335,430,22,46,1,5,1,
11,37,189,286,131,30,1,5,1,
11,38,213,129,130,47,1,5,1,
12,1,817,204,84,16,1,5,1,
12,2,62,83,42,32,1,5,1,
12,3,535,440,81,22,1,5,1,
12,4,70,471,23,37,1,5,1,
12,5,494,257,36,29,1,5,1,
12,6,522,146,58,28,1,5,1,
12,7,335,12,117,35,1,5,1,
12,8,156,48,84,57,1,5,1,
12,9,413,217,51,13,1,5,1,
12,10,311,504,53,15,1,5,1,
12,11,36,102,72,27,1,5,1,
12,12,658,368,30,16,1,5,1,
12,13,763,340,43,16,1,5,1,
12,14,639,0,59,53,1,5,1,
12,15,689,17,20,40,1,5,1,
12,16,194,291,65,14,1,5,1,
12,17,570,97,17,18,1,5,1,
12,18,259,453,20,47,1,5,1,
12,19,99,348,68,15,1,5,1,
12,20,768,222,106,21,1,5,1,
12,21,253,318,89,26,1,5,1,
12,22,881,371,41,12,1,5,1,
12,23,648,262,92,22,1,5,1,
12,24,571,178,75,19,1,5,1,
12,25,287,425,24,25,1,5,1,
12,27,724,122,31,30,1,5,1,
12,28,735,525,48,18,1,5,1,
12,29,440,390,86,24,1,5,1,
12,30,802,103,56,52,1,5,1,
12,31,803,309,47,24,1,5,1,
12,33,489,369,48,13,1,5,1,
12,34,439,250,160,40,1,5,1,
12,35,763,82,36,38,1,5,1,
12,36,337,426,23,45,1,5,1,
12,37,199,285,132,30,1,5,1,
12,38,221,127,137,48,1,5,1,
13,1,806,205,83,16,1,5,1,
13,2,65,82,40,32,1,5,1,
13,3,543,439,79,22,1,5,1,
13,4,67,475,28,34,1,5,1,
13,5,493,259,28,27,1,5,1,
13,6,525,148,63,26,1,5,1,
13,7,349,12,116,34,1,5,1,
13,8,152,40,75,59,1,5,1,
13,9,420,216,51,14,1,5,1,
13,10,317,504,50,15,1,5,1,
13,11,33,99,66,27,1,5,1,
13,12,665,367,23,16,1,5,1,
13,13,762,339,36,16,1,5,1,
13,14,638,0,51,57,1,5,1,
13,15,685,22,26,36,1,5,1,
13,16,202,291,66,15,1,5,1,
13,17,569,99,13,18,1,5,1,
13,18,259,448,26,47,1,5,1,
13,19,109,348,63,16,1,5,1,
13,20,761,223,104,20,1,5,1,
13,21,266,318,83,26,1,5,1,
13,22,876,370,41,11,1,5,1,
13,23,660,262,90,22,1,5,1,
13,24,581,178,72,18,1,5,1,
13,25,286,428,31,23,1,5,1,
13,27,729,125,29,28,1,5,1,
13,28,743,528,42,15,1,5,1,
13,29,452,389,78,24,1,5,1,
13,30,814,102,46,56,1,5,1,
13,31,802,308,36,24,1,5,1,
13,33,495,369,48,13,1,5,1,
13,34,451,249,160,40,1,5,1,
13,35,763,85,29,37,1,5,1,
13,36,335,423,31,44,1,5,1,
13,37,210,284,130,30,1,5,1,
13,38,231,124,143,50,1,5,1,
14,1,797,205,80,16,1,5,1,
14,2,66,79,41,33,1,5,1,
14,3,552,438,76,22,1,5,1,
14,4,63,480,35,29,1,5,1,
14,5,494,261,26,26,1,5,1,
14,6,530,150,65,25,1,5,1,
14,7,362,11,115,34,1,5,1,
14,8,149,32,66,60,1,5,1,
14,9,427,216,51,13,1,5,1,
14,10,322,505,48,15,1,5,1,
14,11,32,97,58,26,1,5,1,
14,12,672,366,17,16,1,5,1,
14,13,761,338,30,16,1,5,1,
14,14,637,4,43,57,1,5,1,
14,15,684,27,32,32,1,5,1,
14,16,213,291,63,14,1,5,1,
14,17,569,101,10,19,1,5,1,
14,18,258,444,33,47,1,5,1,
14,19,118,349,58,15,1,5,1,
14,20,754,223,101,20,1,5,1,
14,21,278,319,77,26,1,5,1,
14,22,872,369,41,11,1,5,1,
14,23,673,262,88,21,1,5,1,
14,24,591,178,68,18,1,5,1,
14,25,286,430,38,22,1,5,1,
14,27,732,127,33,27,1,5,1,
14,28,751,528,34,15,1,5,1,
14,29,464,388,70,24,1,5,1,
14,30,815,103,46,57,1,5,1,
14,31,802,307,31,24,1,5,1,
14,33,501,369,48,12,1,5,1,
14,34,462,249,163,40,1,5,1,
14,35,762,88,26,36,1,5,1,
14,36,334,419,39,43,1,5,1,
14,37,222,283,127,31,1,5,1,
14,38,242,122,148,50,1,5,1,
15,1,789,206,75,16,1,5,1,
15,2,67,77,42,33,1,5,1,
15,3,560,437,73,23,1,5,1,
15,4,65,481,34,30,1,5,1,
15,5,496,262,25,25,1,5,1,
15,6,536,151,64,25,1,5,1,
15,7,372,9,118,34,1,5,1,
15,8,148,24,56,61,1,5,1,
15,9,434,216,51,13,1,5,1,
15,10,327,506,45,16,1,5,1,
15,11,32,94,49,26,1,5,1,
15,12,672,365,17,16,1,5,1,
15,13,760,337,24,16,1,5,1,
15,14,638,9,34,55,1,5,1,
15,15,684,30,37,30,1,5,1,
15,16,222,291,63,14,1,5,1,
15,17,569,103,10,19,1,5,1,
15,18,258,441,40,45,1,5,1,
15,19,127,349,52,16,1,5,1,
15,20,748,223,97,21,1,5,1,
15,21,290,319,69,27,1,5,1,
15,22,868,368,40,11,1,5,1,
15,23,687,261,83,21,1,5,1,
15,24,601,178,63,18,1,5,1,
15,25,287,433,44,20,1,5,1,
15,27,737,129,32,27,1,5,1,
15,28,758,528,28,15,1,5,1,
15,29,476,387,60,25,1,5,1,
15,30,814,105,45,57,1,5,1,
15,31,801,307,31,23,1,5,1,
15,33,507,369,47,12,1,5,1,
15,34,475,247,160,40,1,5,1,
15,35,761,90,24,35,1,5,1,
15,36,334,416,46,41,1,5,1,
15,37,233,283,125,30,1,5,1,
15,38,252,120,155,51,1,5,1,
16,1,782,206,69,17,1,5,1,
16,2,64,71,44,34,1,5,1,
16,3,568,436,70,22,1,5,1,
16,4,69,482,32,31,1,5,1,
16,5,499,263,25,23,1,5,1,
16,6,543,152,63,25,1,5,1,
16,7,381,7,123,34,1,5,1,
16,8,150,17,42,60,1,5,1,
16,9,441,216,51,13,1,5,1,
16,10,332,507,41,17,1,5,1,
16,11,33,92,40,25,1,5,1,
16,12,673,364,16,16,1,5,1,
16,13,759,336,19,16,1,5,1,
16,14,638,14,27,52,1,5,1,
16,15,687,32,36,29,1,5,1,
16,16,230,291,63,14,1,5,1,
16,17,569,106,11,18,1,5,1,
16,18,259,438,46,41,1,5,1,
16,19,130,350,57,15,1,5,1,
16,20,744,223,90,21,1,5,1,
16,21,299,320,63,28,1,5,1,
16,22,864,367,39,11,1,5,1,
16,23,701,261,78,21,1,5,1,
16,24,611,178,57,19,1,5,1,
16,25,289,435,50,19,1,5,1,
16,27,745,130,23,28,1,5,1,
16,28,765,528,21,15,1,5,1,
16,29,488,385,48,27,1,5,1,
16,30,816,108,45,55,1,5,1,
16,31,801,306,30,23,1,5,1,
16,33,513,368,48,13,1,5,1,
16,34,489,246,156,39,1,5,1,
16,35,760,93,22,34,1,5,1,
16,36,335,413,52,39,1,5,1,
16,37,245,282,121,31,1,5,1,
16,38,262,117,164,52,1,5,1,
17,1,776,207,63,17,1,5,1,
17,2,60,65,45,38,1,5,1,
17,3,575,435,68,22,1,5,1,
17,4,68,484,35,31,1,5,1,
17,5,500,264,27,22,1,5,1,
17,6,551,153,58,25,1,5,1,
17,7,390,5,128,34,1,5,1,
17,8,150,10,40,59,1,5,1,
17,9,447,216,52,13,1,5,1,
17,10,334,509,43,17,1,5,1,
17,11,26,89,44,25,1,5,1,
17,12,674,363,16,15,1,5,1,
17,13,759,335,19,16,1,5,1,
17,14,637,19,21,50,1,5,1,
17,15,689,34,37,29,1,5,1,
17,16,239,291,63,14,1,5,1,
17,17,567,108,14,17,1,5,1,
17,18,261,436,51,36,1,5,1,
17,19,133,350,61,15,1,5,1,
17,20,740,224,83,21,1,5,1,
17,21,306,322,58,28,1,5,1,
17,22,860,366,39,11,1,5,1,
17,23,715,261,71,21,1,5,1,
17,24,620,179,51,19,1,5,1,
17,25,292,437,55,17,1,5,1,
17,27,746,132,23,28,1,5,1,
17,28,769,527,18,16,1,5,1,
17,29,495,384,44,26,1,5,1,
17,30,816,111,44,54,1,5,1,
17,31,800,306,30,22,1,5,1,
17,33,519,368,48,12,1,5,1,
17,34,503,245,149,39,1,5,1,
17,35,759,95,20,33,1,5,1,
17,36,337,411,58,36,1,5,1,
17,37,255,282,119,30,1,5,1,
17,38,272,115,173,53,1,5,1,
18,1,771,208,56,16,1,5,1,
18,2,54,58,46,43,1,5,1,
18,3,582,434,66,22,1,5,1,
18,4,68,487,38,30,1,5,1,
18,5,498,264,35,22,1,5,1,
18,6,558,154,56,25,1,5,1,
18,7,400,3,132,35,1,5,1,
18,8,148,5,43,56,1,5,1,
18,9,454,216,51,14,1,5,1,
18,10,336,511,48,17,1,5,1,
18,11,19,85,48,27,1,5,1,
18,12,675,362,16,15,1,5,1,
18,13,759,335,20,15,1,5,1,
18,14,637,24,18,47,1,5,1,
18,15,692,36,37,28,1,5,1,
18,16,248,291,62,14,1,5,1,
18,17,567,110,17,17,1,5,1,
18,18,263,434,57,32,1,5,1,
18,19,139,350,61,15,1,5,1,
18,20,738,224,75,21,1,5,1,
18,21,309,323,62,28,1,5,1,
18,22,856,365,38,11,1,5,1,
18,23,729,262,63,20,1,5,1,
18,24,628,179,45,20,1,5,1,
18,25,297,437,58,17,1,5,1,
18,27,746,133,23,29,1,5,1,
18,28,769,525,18,18,1,5,1,
18,29,499,382,44,26,1,5,1,
18,30,816,115,43,51,1,5,1,
18,31,800,305,30,22,1,5,1,
18,33,526,368,46,12,1,5,1,
18,34,517,245,141,38,1,5,1,
18,35,758,97,20,33,1,5,1,
18,36,340,409,62,33,1,5,1,
18,37,263,282,122,30,1,5,1,
18,38,282,112,183,55,1,5,1,
19,1,768,209,49,16,1,5,1,
19,2,41,51,55,46,1,5,1,
19,3,589,433,63,21,1,5,1,
19,4,70,489,39,30,1,5,1,
19,5,498,264,43,22,1,5,1,
19,6,564,155,54,25,1,5,1,
19,7,411,1,134,35,1,5,1,
19,8,150,0,43,52,1,5,1,
19,9,461,216,51,14,1,5,1,
19,10,338,512,53,18,1,5,1,
19,11,11,82,53,28,1,5,1,
19,12,676,361,16,15,1,5,1,
19,13,760,334,19,15,1,5,1,
19,14,638,29,18,43,1,5,1,
19,15,695,38,36,28,1,5,1,
19,16,257,291,61,14,1,5,1,
19,17,566,113,22,16,1,5,1,
19,18,267,433,60,28,1,5,1,
19,19,146,350,60,15,1,5,1,
19,20,736,225,66,20,1,5,1,
19,21,312,324,68,28,1,5,1,
19,22,852,364,38,11,1,5,1,
19,23,742,262,55,21,1,5,1,
19,24,636,180,38,20,1,5,1,
19,25,302,436,61,17,1,5,1,
19,27,747,136,22,28,1,5,1,
19,28,768,523,20,20,1,5,1,
19,29,504,381,42,25,1,5,1,
19,30,816,118,43,50,1,5,1,
19,31,800,305,29,21,1,5,1,
19,33,535,368,42,12,1,5,1,
19,34,530,245,137,38,1,5,1,
19,35,758,100,19,31,1,5,1,
19,36,344,408,66,29,1,5,1,
19,37,273,281,121,31,1,5,1,
19,38,294,110,192,56,1,5,1,
20,1,766,210,41,16,1,5,1,
20,2,37,47,54,47,1,5,1,
20,3,596,432,60,21,1,5,1,
20,4,72,490,39,31,1,5,1,
20,5,499,264,50,22,1,5,1,
20,6,570,156,52,24,1,5,1,
20,7,422,0,137,35,1,5,1,
20,8,153,-3,44,47,1,5,1,
20,9,468,216,51,13,1,5,1,
20,10,342,513,56,18,1,5,1,
20,11,6,79,53,28,1,5,1,
20,12,677,360,15,15,1,5,1,
20,13,761,333,19,16,1,5,1,
20,14,640,34,17,39,1,5,1,
20,15,697,40,37,27,1,5,1,
20,16,266,291,61,14,1,5,1,
20,17,569,114,21,16,1,5,1,
20,18,271,431,64,25,1,5,1,
20,19,152,350,60,15,1,5,1,
20,20,736,226,56,20,1,5,1,
20,21,316,325,73,29,1,5,1,
20,22,849,363,36,11,1,5,1,
20,23,755,263,45,20,1,5,1,
20,24,642,180,32,21,1,5,1,
20,25,308,435,62,17,1,5,1,
20,27,748,138,22,28,1,5,1,
20,28,767,521,22,22,1,5,1,
20,29,509,380,40,24,1,5,1,
20,30,817,120,41,49,1,5,1,
20,31,800,304,29,22,1,5,1,
20,33,541,367,40,12,1,5,1,
20,34,541,245,135,37,1,5,1,
20,35,758,102,19,31,1,5,1,
20,36,348,407,70,26,1,5,1,
20,37,282,281,121,31,1,5,1,
20,38,306,108,201,56,1,5,1,
21,1,765,211,33,15,1,5,1,
21,2,35,42,52,48,1,5,1,
21,3,603,431,58,21,1,5,1,
21,4,74,492,40,31,1,5,1,
21,5,500,264,57,21,1,5,1,
21,6,576,157,51,24,1,5,1,
21,7,433,0,141,34,1,5,1,
21,8,150,-6,53,41,1,5,1,
21,9,475,215,51,13,1,5,1,
21,10,346,514,59,18,1,5,1,
21,11,1,75,53,30,1,5,1,
21,12,678,360,15,14,1,5,1,
21,13,761,333,19,15,1,5,1,
21,14,639,38,20,37,1,5,1,
21,15,700,42,37,26,1,5,1,
21,16,274,291,61,14,1,5,1,
21,17,571,115,22,16,1,5,1,
21,18,276,430,66,21,1,5,1,
21,19,160,350,55,16,1,5,1,
21,20,736,227,47,19,1,5,1,
21,21,320,325,79,30,1,5,1,
21,22,845,363,36,10,1,5,1,
21,23,766,263,37,20,1,5,1,
21,24,648,180,25,23,1,5,1,
21,25,314,435,64,16,1,5,1,
21,27,748,140,22,27,1,5,1,
21,28,765,517,27,26,1,5,1,
21,29,512,378,41,24,1,5,1,
21,30,817,123,41,48,1,5,1,
21,31,800,304,28,21,1,5,1,
21,33,547,366,39,12,1,5,1,
21,34,553,246,132,36,1,5,1,
21,35,757,104,19,30,1,5,1,
21,36,353,406,72,22,1,5,1,
21,37,291,281,121,31,1,5,1,
21,38,319,106,210,57,1,5,1,
22,1,765,212,25,15,1,5,1,
22,2,33,37,52,49,1,5,1,
22,3,609,429,55,21,1,5,1,
22,4,77,493,38,32,1,5,1,
22,5,502,264,63,21,1,5,1,
22,6,582,158,49,24,1,5,1,
22,7,445,0,143,32,1,5,1,
22,8,151,-11,59,41,1,5,1,
22,9,482,215,50,13,1,5,1,
22,10,351,514,61,19,1,5,1,
22,11,0,72,49,30,1,5,1,
22,12,679,358,15,14,1,5,1,
22,13,762,332,19,15,1,5,1,
22,14,640,40,20,37,1,5,1,
22,15,706,41,31,28,1,5,1,
22,16,283,291,61,14,1,5,1,
22,17,573,116,21,16,1,5,1,
22,18,281,428,68,19,1,5,1,
22,19,168,351,50,15,1,5,1,
22,20,738,227,37,20,1,5,1,
22,21,331,327,71,30,1,5,1,
22,22,841,362,36,10,1,5,1,
22,23,772,263,35,20,1,5,1,
22,24,653,181,21,23,1,5,1,
22,25,320,434,65,16,1,5,1,
22,27,749,143,21,26,1,5,1,
22,28,761,513,33,30,1,5,1,
22,29,516,377,40,23,1,5,1,
22,30,818,126,40,46,1,5,1,
22,31,800,303,28,21,1,5,1,
22,33,552,366,39,12,1,5,1,
22,34,565,246,129,36,1,5,1,
22,35,757,106,19,29,1,5,1,
22,36,359,405,74,19,1,5,1,
22,37,301,281,120,31,1,5,1,
22,38,334,104,216,58,1,5,1,
23,1,763,213,21,15,1,5,1,
23,2,29,32,53,51,1,5,1,
23,3,614,428,55,20,1,5,1,
23,4,80,494,36,34,1,5,1,
23,5,506,264,68,21,1,5,1,
23,6,587,159,48,24,1,5,1,
23,7,458,0,144,31,1,5,1,
23,8,155,-17,61,42,1,5,1,
23,9,489,215,50,13,1,5,1,
23,10,357,514,62,19,1,5,1,
23,11,-1,68,45,31,1,5,1,
23,12,680,358,14,13,1,5,1,
23,13,763,331,19,15,1,5,1,
23,14,642,42,19,36,1,5,1,
23,15,711,41,26,30,1,5,1,
23,16,291,291,61,14,1,5,1,
23,17,576,118,20,15,1,5,1,
23,18,288,427,68,18,1,5,1,
23,19,176,351,44,16,1,5,1,
23,20,737,228,31,19,1,5,1,
23,21,340,327,63,33,1,5,1,
23,22,837,361,36,10,1,5,1,
23,23,778,263,34,20,1,5,1,
23,24,655,183,21,22,1,5,1,
23,25,327,433,66,16,1,5,1,
23,27,750,145,21,25,1,5,1,
23,28,758,510,36,33,1,5,1,
23,29,519,376,40,22,1,5,1,
23,30,818,129,40,45,1,5,1,
23,31,800,303,28,20,1,5,1,
23,33,558,365,38,12,1,5,1,
23,34,576,246,127,36,1,5,1,
23,35,757,107,19,29,1,5,1,
23,36,365,405,75,17,1,5,1,
23,37,312,281,117,31,1,5,1,
23,38,351,103,221,58,1,5,1,
24,1,763,214,17,14,1,5,1,
24,2,25,27,55,52,1,5,1,
24,3,619,427,54,20,1,5,1,
24,4,83,496,34,36,1,5,1,
24,5,510,265,73,20,1,5,1,
24,6,593,160,46,24,1,5,1,
24,7,471,0,146,30,1,5,1,
24,8,160,-24,62,44,1,5,1,
24,9,496,215,49,13,1,5,1,
24,10,364,513,62,19,1,5,1,
24,11,-6,65,45,31,1,5,1,
24,12,680,357,15,13,1,5,1,
24,13,764,331,18,15,1,5,1,
24,14,643,45,19,35,1,5,1,
24,15,714,43,25,30,1,5,1,
24,16,300,291,60,14,1,5,1,
24,17,578,119,19,15,1,5,1,
24,18,295,426,67,17,1,5,1,
24,19,183,351,37,17,1,5,1,
24,20,736,229,29,18,1,5,1,
24,21,347,328,60,34,1,5,1,
24,22,834,360,35,10,1,5,1,
24,23,783,263,34,20,1,5,1,
24,24,657,184,21,22,1,5,1,
24,25,334,432,66,17,1,5,1,
24,27,750,147,21,25,1,5,1,
24,28,755,508,37,32,1,5,1,
24,29,523,375,40,22,1,5,1,
24,30,819,131,39,44,1,5,1,
24,31,801,302,27,21,1,5,1,
24,33,563,365,38,12,1,5,1,
24,34,587,246,124,36,1,5,1,
24,35,757,109,18,29,1,5,1,
24,36,372,404,75,18,1,5,1,
24,37,325,281,112,30,1,5,1,
24,38,367,101,227,60,1,5,1,
25,1,764,215,17,13,1,5,1,
25,2,21,21,56,54,1,5,1,
25,3,625,426,52,20,1,5,1,
25,4,86,497,32,38,1,5,1,
25,5,515,265,77,20,1,5,1,
25,6,597,161,46,23,1,5,1,
25,7,485,0,147,29,1,5,1,
25,8,165,-30,65,45,1,5,1,
25,9,502,215,50,13,1,5,1,
25,10,371,512,61,18,1,5,1,
25,11,-11,61,46,32,1,5,1,
25,12,681,356,15,14,1,5,1,
25,13,765,330,18,15,1,5,1,
25,14,645,47,17,35,1,5,1,
25,15,716,44,24,30,1,5,1,
25,16,309,291,59,14,1,5,1,
25,17,580,120,18,15,1,5,1,
25,18,302,424,66,18,1,5,1,
25,19,189,351,31,19,1,5,1,
25,20,735,229,28,19,1,5,1,
25,21,350,330,66,34,1,5,1,
25,22,830,359,35,10,1,5,1,
25,23,788,264,34,19,1,5,1,
25,24,660,185,20,22,1,5,1,
25,25,342,432,65,17,1,5,1,
25,27,751,149,20,24,1,5,1,
25,28,753,505,36,32,1,5,1,
25,29,526,373,40,22,1,5,1,
25,30,820,133,39,43,1,5,1,
25,31,801,302,27,20,1,5,1,
25,33,568,364,38,12,1,5,1,
25,34,598,246,122,36,1,5,1,
25,35,757,111,18,28,1,5,1,
25,36,379,404,75,18,1,5,1,
25,37,336,281,107,31,1,5,1,
25,38,385,100,231,60,1,5,1,
26,1,766,216,16,13,1,5,1,
26,2,17,15,58,56,1,5,1,
26,3,630,425,51,19,1,5,1,
26,4,89,499,30,39,1,5,1,
26,5,522,265,77,20,1,5,1,
26,6,600,163,51,22,1,5,1,
26,7,498,0,148,29,1,5,1,
26,9,509,215,49,13,1,5,1,
26,10,379,511,59,18,1,5,1,
26,11,-17,58,47,32,1,5,1,
26,12,682,355,14,14,1,5,1,
26,13,766,330,18,14,1,5,1,
26,14,646,49,17,34,1,5,1,
26,15,718,46,23,30,1,5,1,
26,16,317,291,59,14,1,5,1,
26,17,582,121,17,15,1,5,1,
26,18,309,423,66,17,1,5,1,
26,19,192,352,31,19,1,5,1,
26,20,734,230,27,18,1,5,1,
26,21,353,331,72,35,1,5,1,
26,22,826,358,35,10,1,5,1,
26,23,793,264,34,18,1,5,1,
26,24,662,186,20,21,1,5,1,
26,25,349,432,65,17,1,5,1,
26,27,752,151,20,24,1,5,1,
26,28,751,503,36,31,1,5,1,
26,29,530,372,39,21,1,5,1,
26,30,821,136,38,41,1,5,1,
26,31,801,302,26,19,1,5,1,
26,33,573,364,38,12,1,5,1,
26,34,606,247,124,35,1,5,1,
26,35,756,113,19,27,1,5,1,
26,36,386,403,75,19,1,5,1,
26,37,346,281,102,32,1,5,1,
26,38,404,98,234,61,1,5,1,
27,1,769,216,16,13,1,5,1,
27,2,13,9,59,58,1,5,1,
27,3,635,423,50,20,1,5,1,
27,4,90,501,30,40,1,5,1,
27,5,530,265,76,20,1,5,1,
27,6,603,164,56,21,1,5,1,
27,7,512,0,149,28,1,5,1,
27,9,516,215,48,13,1,5,1,
27,10,385,510,58,18,1,5,1,
27,11,-22,54,47,33,1,5,1,
27,12,682,354,15,14,1,5,1,
27,13,766,329,18,15,1,5,1,
27,14,647,51,17,34,1,5,1,
27,15,720,48,22,29,1,5,1,
27,16,326,291,58,14,1,5,1,
27,17,584,122,16,15,1,5,1,
27,18,316,422,65,17,1,5,1,
27,19,194,353,32,19,1,5,1,
27,20,733,230,26,18,1,5,1,
27,21,357,333,77,36,1,5,1,
27,22,823,358,34,9,1,5,1,
27,23,798,264,34,18,1,5,1,
27,24,664,188,20,20,1,5,1,
27,25,356,432,65,17,1,5,1,
27,27,753,153,19,23,1,5,1,
27,28,749,501,36,30,1,5,1,
27,29,534,371,39,20,1,5,1,
27,30,822,138,37,40,1,5,1,
27,31,801,301,26,20,1,5,1,
27,33,578,363,38,12,1,5,1,
27,34,616,247,123,35,1,5,1,
27,35,756,114,18,28,1,5,1,
27,36,394,404,73,18,1,5,1,
27,37,356,282,96,32,1,5,1,
27,38,422,97,234,63,1,5,1,
28,1,770,217,19,13,1,5,1,
28,2,10,3,60,59,1,5,1,
28,3,640,422,49,20,1,5,1,
28,4,90,504,32,39,1,5,1,
28,5,538,265,75,20,1,5,1,
28,6,607,166,60,19,1,5,1,
28,7,526,0,149,27,1,5,1,
28,9,522,216,49,12,1,5,1,
28,10,391,509,58,18,1,5,1,
28,11,-28,50,48,34,1,5,1,
28,12,684,354,15,13,1,5,1,
28,13,767,329,18,14,1,5,1,
28,14,645,55,20,32,1,5,1,
28,15,721,50,23,29,1,5,1,
28,16,334,291,59,14,1,5,1,
28,17,585,124,18,15,1,5,1,
28,18,322,422,66,16,1,5,1,
28,19,196,354,34,19,1,5,1,
28,20,732,231,26,17,1,5,1,
28,21,361,334,84,37,1,5,1,
28,22,819,357,34,9,1,5,1,
28,23,803,264,33,18,1,5,1,
28,24,666,189,20,20,1,5,1,
28,25,364,432,64,17,1,5,1,
28,27,754,154,19,23,1,5,1,
28,28,746,498,37,30,1,5,1,
28,29,537,370,39,20,1,5,1,
28,30,823,140,37,40,1,5,1,
28,31,802,301,25,19,1,5,1,
28,33,584,363,37,12,1,5,1,
28,34,627,247,120,35,1,5,1,
28,35,756,116,17,27,1,5,1,
28,36,401,405,71,18,1,5,1,
28,37,361,282,99,33,1,5,1,
28,38,442,97,229,64,1,5,1,
29,1,773,218,18,12,1,5,1,
29,2,6,-3,62,61,1,5,1,
29,3,645,421,48,20,1,5,1,
29,4,90,506,33,37,1,5,1,
29,5,545,265,75,20,1,5,1,
29,6,613,166,59,19,1,5,1,
29,7,543,0,147,27,1,5,1,
29,9,529,216,48,12,1,5,1,
29,10,397,508,57,18,1,5,1,
29,12,685,353,14,14,1,5,1,
29,13,768,328,17,14,1,5,1,
29,14,642,59,26,29,1,5,1,
29,15,722,52,23,28,1,5,1,
29,16,342,291,59,14,1,5,1,
29,17,585,126,21,14,1,5,1,
29,18,329,421,65,16,1,5,1,
29,19,199,354,34,20,1,5,1,
29,20,731,232,25,17,1,5,1,
29,21,362,336,100,37,1,5,1,
29,22,815,356,34,9,1,5,1,
29,23,809,264,31,18,1,5,1,
29,24,669,190,19,20,1,5,1,
29,25,371,433,64,16,1,5,1,
29,27,755,156,19,22,1,5,1,
29,28,744,496,36,29,1,5,1,
29,29,541,369,38,20,1,5,1,
29,30,824,142,37,39,1,5,1,
29,31,802,300,25,19,1,5,1,
29,33,589,362,37,12,1,5,1,
29,34,638,247,117,35,1,5,1,
29,35,755,118,18,26,1,5,1,
29,36,408,405,69,19,1,5,1,
29,37,367,282,101,34,1,5,1,
29,38,465,96,217,66,1,5,1,
30,1,776,218,18,12,1,5,1,
30,2,2,-10,64,63,1,5,1,
30,3,650,420,47,19,1,5,1,
30,4,91,509,33,34,1,5,1,
30,5,553,265,73,19,1,5,1,
30,6,619,167,58,19,1,5,1,
30,7,560,0,143,27,1,5,1,
30,9,536,216,47,12,1,5,1,
30,10,402,507,58,18,1,5,1,
30,12,686,353,14,13,1,5,1,
30,13,769,328,17,14,1,5,1,
30,14,643,61,28,29,1,5,1,
30,15,724,54,23,28,1,5,1,
30,16,351,291,58,14,1,5,1,
30,17,587,128,20,13,1,5,1,
30,18,336,421,64,15,1,5,1,
30,19,201,355,36,20,1,5,1,
30,20,729,232,26,17,1,5,1,
30,21,366,338,113,37,1,5,1,
30,22,812,355,33,9,1,5,1,
30,23,814,264,31,18,1,5,1,
30,24,671,191,19,19,1,5,1,
30,25,378,433,63,17,1,5,1,
30,27,757,158,19,21,1,5,1,
30,28,742,494,36,29,1,5,1,
30,29,545,368,37,19,1,5,1,
30,30,825,144,36,38,1,5,1,
30,31,802,300,24,19,1,5,1,
30,33,594,362,36,12,1,5,1,
30,34,650,247,111,35,1,5,1,
30,35,755,119,18,26,1,5,1,
30,36,415,405,66,21,1,5,1,
30,37,374,282,102,34,1,5,1,
30,38,489,95,205,69,1,5,1,
31,1,776,219,24,12,1,5,1,
31,2,0,-17,65,65,1,5,1,
31,3,655,419,45,19,1,5,1,
31,4,91,512,35,32,1,5,1,
31,5,560,265,72,19,1,5,1,
31,6,628,167,51,20,1,5,1,
31,7,599,0,118,27,1,5,1,
31,9,542,216,47,12,1,5,1,
31,10,408,506,57,18,1,5,1,
31,12,686,352,14,13,1,5,1,
31,13,769,327,17,14,1,5,1,
31,14,645,63,27,28,1,5,1,
31,15,726,56,22,27,1,5,1,
31,16,361,291,55,14,1,5,1,
31,17,590,129,19,13,1,5,1,
31,18,342,420,65,16,1,5,1,
31,19,204,356,37,20,1,5,1,
31,20,728,232,25,17,1,5,1,
31,21,371,340,126,37,1,5,1,
31,22,808,355,33,9,1,5,1,
31,23,819,264,30,18,1,5,1,
31,24,673,192,18,19,1,5,1,
31,25,385,433,63,17,1,5,1,
31,27,758,160,19,20,1,5,1,
31,28,739,492,37,28,1,5,1,
31,29,549,367,36,19,1,5,1,
31,30,826,145,35,38,1,5,1,
31,31,802,301,24,18,1,5,1,
31,33,599,361,36,12,1,5,1,
31,34,660,247,108,35,1,5,1,
31,35,755,121,17,26,1,5,1,
31,36,421,406,64,22,1,5,1,
31,37,377,282,113,35,1,5,1,
31,38,511,96,198,69,1,5,1,
32,1,777,219,29,12,1,5,1,
32,2,0,-24,63,67,1,5,1,
32,3,659,416,44,20,1,5,1,
32,4,92,514,35,30,1,5,1,
32,5,568,265,70,19,1,5,1,
32,6,637,167,43,21,1,5,1,
32,7,615,0,116,27,1,5,1,
32,9,549,216,45,13,1,5,1,
32,10,414,506,56,17,1,5,1,
32,12,686,351,14,13,1,5,1,
32,13,769,327,18,13,1,5,1,
32,14,647,65,26,28,1,5,1,
32,15,728,57,21,28,1,5,1,
32,16,370,291,53,15,1,5,1,
32,17,592,130,18,13,1,5,1,
32,18,349,420,64,15,1,5,1,
32,19,207,357,38,20,1,5,1,
32,20,727,232,21,17,1,5,1,
32,21,379,341,136,37,1,5,1,
32,22,805,354,33,9,1,5,1,
32,23,823,264,29,18,1,5,1,
32,24,676,193,17,19,1,5,1,
32,25,391,434,64,17,1,5,1,
32,26,947,490,12,15,1,5,1,
32,27,759,161,19,21,1,5,1,
32,28,737,490,36,27,1,5,1,
32,29,552,366,36,19,1,5,1,
32,30,826,147,36,37,1,5,1,
32,31,803,301,22,19,1,5,1,
32,33,604,361,35,12,1,5,1,
32,34,670,248,105,33,1,5,1,
32,35,754,123,18,25,1,5,1,
32,36,426,407,65,23,1,5,1,
32,37,380,282,123,35,1,5,1,
32,38,530,101,203,64,1,5,1,
33,1,778,219,35,13,1,5,1,
33,2,0,-32,62,70,1,5,1,
33,3,662,415,44,20,1,5,1,
33,4,93,517,36,27,1,5,1,
33,5,576,265,66,19,1,5,1,
33,6,642,167,42,21,1,5,1,
33,7,631,0,115,26,1,5,1,
33,9,556,217,42,12,1,5,1,
33,10,419,505,57,17,1,5,1,
33,12,686,350,14,13,1,5,1,
33,13,770,326,17,14,1,5,1,
33,14,649,66,25,28,1,5,1,
33,15,729,59,21,27,1,5,1,
33,16,379,291,51,15,1,5,1,
33,17,594,131,17,13,1,5,1,
33,18,356,419,63,15,1,5,1,
33,19,210,358,40,20,1,5,1,
33,20,727,233,20,17,1,5,1,
33,21,389,342,143,37,1,5,1,
33,22,801,353,33,9,1,5,1,
33,23,828,264,28,17,1,5,1,
33,24,678,194,17,19,1,5,1,
33,25,398,434,63,18,1,5,1,
33,26,944,487,16,18,1,5,1,
33,27,760,162,19,21,1,5,1,
33,28,734,488,37,27,1,5,1,
33,29,556,365,34,18,1,5,1,
33,30,827,149,35,36,1,5,1,
33,31,803,302,23,18,1,5,1,
33,33,609,360,34,12,1,5,1,
33,34,679,248,103,33,1,5,1,
33,35,754,124,17,25,1,5,1,
33,36,431,409,67,22,1,5,1,
33,37,385,282,131,35,1,5,1,
33,38,551,102,197,64,1,5,1,
34,1,782,220,37,12,1,5,1,
34,2,0,-41,61,73,1,5,1,
34,3,666,414,44,19,1,5,1,
34,4,93,520,38,24,1,5,1,
34,5,584,265,63,19,1,5,1,
34,6,647,168,41,21,1,5,1,
34,7,648,0,112,26,1,5,1,
34,9,563,217,38,13,1,5,1,
34,10,425,504,56,17,1,5,1,
34,12,687,350,13,12,1,5,1,
34,13,770,326,17,13,1,5,1,
34,14,651,68,25,27,1,5,1,
34,15,734,59,17,29,1,5,1,
34,16,387,291,50,15,1,5,1,
34,17,596,132,15,13,1,5,1,
34,18,362,418,63,15,1,5,1,
34,19,213,358,41,20,1,5,1,
34,20,728,233,20,18,1,5,1,
34,21,401,342,147,37,1,5,1,
34,22,797,353,33,8,1,5,1,
34,23,832,264,28,17,1,5,1,
34,24,680,195,16,18,1,5,1,
34,25,405,435,63,18,1,5,1,
34,26,941,485,18,19,1,5,1,
34,27,761,164,19,20,1,5,1,
34,28,731,486,38,26,1,5,1,
34,29,560,364,33,18,1,5,1,
34,30,828,151,34,35,1,5,1,
34,31,804,301,23,19,1,5,1,
34,33,614,360,33,11,1,5,1,
34,34,689,248,99,33,1,5,1,
34,35,754,126,17,24,1,5,1,
34,36,436,410,68,23,1,5,1,
34,37,391,282,137,35,1,5,1,
34,38,572,103,190,64,1,5,1,
35,1,787,220,38,12,1,5,1,
35,2,10,-48,51,75,1,5,1,
35,3,671,413,42,19,1,5,1,
35,4,94,523,39,21,1,5,1,
35,5,591,265,60,19,1,5,1,
35,6,651,169,40,21,1,5,1,
35,7,663,0,110,27,1,5,1,
35,9,570,218,34,12,1,5,1,
35,10,431,503,55,18,1,5,1,
35,12,687,349,13,12,1,5,1,
35,13,771,325,17,13,1,5,1,
35,14,654,69,23,28,1,5,1,
35,15,735,59,16,30,1,5,1,
35,16,393,292,51,15,1,5,1,
35,17,598,133,14,13,1,5,1,
35,18,369,418,62,15,1,5,1,
35,19,216,359,43,20,1,5,1,
35,20,729,234,19,18,1,5,1,
35,21,416,342,148,37,1,5,1,
35,22,794,352,32,9,1,5,1,
35,23,837,264,26,17,1,5,1,
35,24,679,196,19,19,1,5,1,
35,25,411,436,64,17,1,5,1,
35,26,938,482,21,22,1,5,1,
35,27,762,165,18,20,1,5,1,
35,28,729,484,37,26,1,5,1,
35,29,563,362,32,19,1,5,1,
35,30,828,152,34,35,1,5,1,
35,31,805,301,24,18,1,5,1,
35,33,619,359,32,12,1,5,1,
35,34,698,248,96,33,1,5,1,
35,35,754,127,16,24,1,5,1,
35,36,441,412,70,22,1,5,1,
35,37,400,282,139,34,1,5,1,
35,38,593,104,182,64,1,5,1,
36,1,792,220,38,12,1,5,1,
36,3,675,412,41,19,1,5,1,
36,4,95,525,40,19,1,5,1,
36,5,597,265,59,19,1,5,1,
36,6,656,170,39,20,1,5,1,
36,7,677,0,109,27,1,5,1,
36,9,575,218,32,13,1,5,1,
36,10,437,503,54,17,1,5,1,
36,12,688,348,13,12,1,5,1,
36,13,772,325,16,13,1,5,1,
36,14,656,71,21,27,1,5,1,
36,15,735,62,17,29,1,5,1,
36,16,400,292,52,15,1,5,1,
36,17,600,133,12,14,1,5,1,
36,18,375,417,62,15,1,5,1,
36,19,222,360,37,21,1,5,1,
36,20,729,235,20,18,1,5,1,
36,21,431,342,148,36,1,5,1,
36,22,790,351,33,9,1,5,1,
36,23,841,264,25,17,1,5,1,
36,24,679,198,21,18,1,5,1,
36,25,417,437,65,17,1,5,1,
36,26,935,479,24,24,1,5,1,
36,27,763,167,18,19,1,5,1,
36,28,726,482,38,25,1,5,1,
36,29,567,361,30,19,1,5,1,
36,30,829,154,34,34,1,5,1,
36,31,807,301,23,18,1,5,1,
36,33,624,359,31,11,1,5,1,
36,34,707,248,93,33,1,5,1,
36,35,753,129,17,23,1,5,1,
36,36,447,413,71,22,1,5,1,
36,37,411,282,139,35,1,5,1,
36,38,612,106,178,63,1,5,1,
37,1,797,220,40,12,1,5,1,
37,3,679,411,40,19,1,5,1,
37,4,98,528,39,16,1,5,1,
37,5,604,265,56,19,1,5,1,
37,6,660,171,38,20,1,5,1,
37,7,690,0,109,28,1,5,1,
37,9,580,218,30,13,1,5,1,
37,10,444,502,52,17,1,5,1,
37,12,689,347,12,13,1,5,1,
37,13,773,324,16,13,1,5,1,
37,14,658,72,21,28,1,5,1,
37,15,735,65,17,27,1,5,1,
37,16,406,292,54,15,1,5,1,
37,17,601,135,12,13,1,5,1,
37,18,381,416,62,15,1,5,1,
37,19,227,361,32,22,1,5,1,
37,20,726,236,27,17,1,5,1,
37,21,447,342,147,36,1,5,1,
37,22,787,351,32,8,1,5,1,
37,23,845,264,25,17,1,5,1,
37,24,681,199,21,18,1,5,1,
37,25,423,437,66,18,1,5,1,
37,26,932,477,27,23,1,5,1,
37,27,763,168,18,19,1,5,1,
37,28,723,480,38,25,1,5,1,
37,29,570,360,30,18,1,5,1,
37,30,830,155,33,34,1,5,1,
37,31,808,300,24,18,1,5,1,
37,33,629,358,30,12,1,5,1,
37,34,715,249,92,32,1,5,1,
37,35,753,131,16,23,1,5,1,
37,36,452,415,74,22,1,5,1,
37,37,422,283,139,36,1,5,1,
37,38,630,108,174,63,1,5,1,
38,1,802,220,41,12,1,5,1,
38,3,684,409,38,20,1,5,1,
38,5,610,265,55,19,1,5,1,
38,6,664,172,38,20,1,5,1,
38,7,703,0,109,28,1,5,1,
38,9,584,219,30,13,1,5,1,
38,10,451,501,50,19,1,5,1,
38,12,689,347,13,12,1,5,1,
38,13,773,324,17,13,1,5,1,
38,14,659,74,21,27,1,5,1,
38,15,735,67,18,27,1,5,1,
38,16,413,292,54,15,1,5,1,
38,17,602,136,11,13,1,5,1,
38,18,386,416,63,15,1,5,1,
38,19,230,362,29,23,1,5,1,
38,20,725,237,33,17,1,5,1,
38,21,463,342,146,36,1,5,1,
38,22,783,350,32,8,1,5,1,
38,23,849,264,24,17,1,5,1,
38,24,682,200,25,17,1,5,1,
38,25,429,438,67,18,1,5,1,
38,26,929,474,30,23,1,5,1,
38,27,764,169,17,19,1,5,1,
38,28,720,478,39,25,1,5,1,
38,29,573,360,29,17,1,5,1,
38,30,831,157,33,33,1,5,1,
38,31,810,300,24,18,1,5,1,
38,33,633,358,30,11,1,5,1,
38,34,723,249,90,32,1,5,1,
38,35,753,132,16,23,1,5,1,
38,36,458,417,75,22,1,5,1,
38,37,432,283,140,36,1,5,1,
38,38,649,110,168,62,1,5,1,
39,1,807,220,43,12,1,5,1,
39,3,688,408,37,19,1,5,1,
39,5,615,265,54,19,1,5,1,
39,6,668,173,38,19,1,5,1,
39,7,715,0,110,29,1,5,1,
39,9,588,219,29,13,1,5,1,
39,10,455,500,51,18,1,5,1,
39,12,690,346,13,12,1,5,1,
39,13,774,323,16,13,1,5,1,
39,14,660,76,21,26,1,5,1,
39,15,738,68,16,27,1,5,1,
39,16,419,292,57,15,1,5,1,
39,17,603,137,11,13,1,5,1,
39,18,392,415,63,16,1,5,1,
39,19,232,363,29,23,1,5,1,
39,20,725,238,37,17,1,5,1,
39,21,479,341,145,37,1,5,1,
39,22,780,349,32,9,1,5,1,
39,23,853,265,23,16,1,5,1,
39,24,684,201,28,15,1,5,1,
39,25,436,439,67,17,1,5,1,
39,26,925,472,34,22,1,5,1,
39,27,765,171,17,18,1,5,1,
39,28,718,476,38,24,1,5,1,
39,29,576,359,28,17,1,5,1,
39,30,832,159,33,32,1,5,1,
39,31,812,300,23,17,1,5,1,
39,33,637,357,29,11,1,5,1,
39,34,731,249,89,32,1,5,1,
39,35,753,133,15,23,1,5,1,
39,36,464,418,77,22,1,5,1,
39,37,441,284,143,36,1,5,1,
39,38,666,112,164,61,1,5,1,
40,1,813,221,43,12,1,5,1,
40,3,692,407,35,19,1,5,1,
40,5,619,266,53,19,1,5,1,
40,6,672,173,37,20,1,5,1,
40,7,727,0,111,29,1,5,1,
40,9,592,220,29,12,1,5,1,
40,10,460,499,51,18,1,5,1,
40,12,690,345,13,12,1,5,1,
40,13,775,323,16,13,1,5,1,
40,14,662,77,20,26,1,5,1,
40,15,738,70,16,26,1,5,1,
40,16,426,292,59,15,1,5,1,
40,17,605,138,9,13,1,5,1,
40,18,399,414,62,16,1,5,1,
40,19,234,364,29,24,1,5,1,
40,20,727,238,37,17,1,5,1,
40,21,495,341,143,36,1,5,1,
40,22,776,349,32,8,1,5,1,
40,23,856,265,24,16,1,5,1,
40,24,687,201,31,15,1,5,1,
40,25,443,438,67,18,1,5,1,
40,26,922,469,37,25,1,5,1,
40,27,765,172,17,18,1,5,1,
40,28,715,475,39,23,1,5,1,
40,29,579,358,27,17,1,5,1,
40,30,834,160,32,31,1,5,1,
40,31,813,299,24,18,1,5,1,
40,33,642,357,28,11,1,5,1,
40,34,738,249,88,32,1,5,1,
40,35,753,135,15,22,1,5,1,
40,36,470,420,79,21,1,5,1,
40,37,451,284,145,36,1,5,1,
40,38,684,114,158,60,1,5,1,
41,1,819,221,44,12,1,5,1,
41,3,695,406,35,19,1,5,1,
41,5,623,266,53,20,1,5,1,
41,6,676,174,37,19,1,5,1,
41,7,736,0,117,30,1,5,1,
41,9,596,220,28,13,1,5,1,
41,10,465,498,51,17,1,5,1,
41,12,689,344,14,12,1,5,1,
41,13,775,322,16,13,1,5,1,
41,14,664,79,19,26,1,5,1,
41,15,739,71,15,27,1,5,1,
41,16,433,292,60,15,1,5,1,
41,17,606,139,8,13,1,5,1,
41,18,405,413,63,16,1,5,1,
41,19,235,365,31,24,1,5,1,
41,20,731,238,35,17,1,5,1,
41,21,511,341,141,36,1,5,1,
41,22,773,348,31,8,1,5,1,
41,23,860,265,23,15,1,5,1,
41,24,690,201,34,15,1,5,1,
41,25,450,438,67,17,1,5,1,
41,26,919,467,40,26,1,5,1,
41,27,766,173,16,18,1,5,1,
41,28,712,473,39,23,1,5,1,
41,29,582,355,25,18,1,5,1,
41,30,835,161,31,31,1,5,1,
41,31,815,299,24,17,1,5,1,
41,33,646,356,28,11,1,5,1,
41,34,746,249,86,32,1,5,1,
41,35,752,136,15,22,1,5,1,
41,36,477,421,81,21,1,5,1,
41,37,461,284,147,37,1,5,1,
41,38,701,116,154,59,1,5,1,
42,1,825,221,44,12,1,5,1,
42,3,699,405,33,19,1,5,1,
42,5,627,267,52,20,1,5,1,
42,6,680,175,37,19,1,5,1,
42,7,749,0,116,30,1,5,1,
42,9,600,221,28,12,1,5,1,
42,10,470,497,51,16,1,5,1,
42,12,688,343,17,12,1,5,1,
42,13,776,322,16,13,1,5,1,
42,14,666,80,17,26,1,5,1,
42,15,739,71,15,28,1,5,1,
42,16,442,292,59,15,1,5,1,
42,17,606,140,8,13,1,5,1,
42,18,411,413,63,16,1,5,1,
42,19,237,366,33,25,1,5,1,
42,20,734,238,35,17,1,5,1,
42,21,527,340,138,36,1,5,1,
42,22,769,348,32,8,1,5,1,
42,23,864,265,22,15,1,5,1,
42,24,694,201,36,14,1,5,1,
42,25,458,437,66,17,1,5,1,
42,26,916,465,42,25,1,5,1,
42,27,766,174,17,18,1,5,1,
42,28,709,471,39,23,1,5,1,
42,29,585,353,22,19,1,5,1,
42,30,836,163,31,30,1,5,1,
42,31,817,299,24,17,1,5,1,
42,33,650,356,27,11,1,5,1,
42,34,753,250,85,31,1,5,1,
42,35,752,137,15,22,1,5,1,
42,36,484,422,82,21,1,5,1,
42,37,472,284,148,37,1,5,1,
42,38,717,117,149,59,1,5,1,
43,1,832,221,42,12,1,5,1,
43,3,703,404,31,18,1,5,1,
43,5,630,268,52,20,1,5,1,
43,6,684,176,36,18,1,5,1,
43,7,762,0,116,31,1,5,1,
43,9,604,221,28,12,1,5,1,
43,10,475,496,50,16,1,5,1,
43,12,687,342,18,12,1,5,1,
43,13,777,322,15,12,1,5,1,
43,14,667,81,17,26,1,5,1,
43,15,739,74,15,27,1,5,1,
43,16,450,292,60,15,1,5,1,
43,17,606,141,8,13,1,5,1,
43,18,418,413,62,15,1,5,1,
43,19,239,368,34,24,1,5,1,
43,20,737,239,34,16,1,5,1,
43,21,543,340,136,35,1,5,1,
43,22,766,347,31,8,1,5,1,
43,23,867,265,22,15,1,5,1,
43,24,698,201,38,14,1,5,1,
43,25,465,437,66,17,1,5,1,
43,26,913,462,42,25,1,5,1,
43,27,767,176,16,17,1,5,1,
43,28,706,469,39,22,1,5,1,
43,29,587,352,19,18,1,5,1,
43,30,838,164,31,30,1,5,1,
43,31,820,298,22,17,1,5,1,
43,33,654,355,26,11,1,5,1,
43,34,763,250,79,31,1,5,1,
43,35,751,138,15,22,1,5,1,
43,36,491,423,84,21,1,5,1,
43,37,482,284,150,37,1,5,1,
43,38,733,119,144,59,1,5,1,
44,1,838,221,41,12,1,5,1,
44,3,706,402,30,19,1,5,1,
44,5,635,269,50,19,1,5,1,
44,6,688,177,35,18,1,5,1,
44,7,775,0,115,32,1,5,1,
44,9,607,221,30,12,1,5,1,
44,10,480,495,50,16,1,5,1,
44,12,687,342,17,12,1,5,1,
44,13,777,321,16,13,1,5,1,
44,14,669,83,16,26,1,5,1,
44,15,739,76,15,26,1,5,1,
44,16,458,292,61,16,1,5,1,
44,17,606,142,8,13,1,5,1,
44,18,424,412,62,16,1,5,1,
44,19,241,369,36,25,1,5,1,
44,20,740,239,33,16,1,5,1,
44,21,558,339,134,36,1,5,1,
44,22,762,346,31,8,1,5,1,
44,23,871,265,21,15,1,5,1,
44,24,704,202,36,14,1,5,1,
44,25,472,436,66,17,1,5,1,
44,26,913,461,38,24,1,5,1,
44,27,767,177,16,17,1,5,1,
44,28,703,468,40,21,1,5,1,
44,29,588,350,18,19,1,5,1,
44,30,839,165,31,29,1,5,1,
44,31,822,298,22,17,1,5,1,
44,33,658,355,26,11,1,5,1,
44,34,770,250,77,31,1,5,1,
44,35,751,140,14,21,1,5,1,
44,36,498,423,86,21,1,5,1,
44,37,494,283,149,37,1,5,1,
44,38,748,121,140,58,1,5,1,
45,1,845,221,39,12,1,5,1,
45,3,709,401,29,19,1,5,1,
45,5,640,269,49,19,1,5,1,
45,6,692,177,35,18,1,5,1,
45,7,783,0,119,32,1,5,1,
45,9,611,222,32,11,1,5,1,
45,10,486,494,48,17,1,5,1,
45,12,686,341,18,12,1,5,1,
45,13,777,321,16,12,1,5,1,
45,14,669,84,17,26,1,5,1,
45,15,740,78,15,25,1,5,1,
45,16,466,292,61,16,1,5,1,
45,17,606,143,8,13,1,5,1,
45,18,430,412,62,16,1,5,1,
45,19,244,370,37,26,1,5,1,
45,20,743,239,32,16,1,5,1,
45,21,576,339,126,35,1,5,1,
45,22,759,346,31,8,1,5,1,
45,23,874,265,21,15,1,5,1,
45,24,709,202,35,14,1,5,1,
45,25,479,436,65,17,1,5,1,
45,26,912,460,37,23,1,5,1,
45,27,769,178,16,16,1,5,1,
45,28,700,466,40,21,1,5,1,
45,29,588,349,19,19,1,5,1,
45,30,841,167,30,28,1,5,1,
45,31,824,298,21,16,1,5,1,
45,33,662,354,25,11,1,5,1,
45,34,777,250,75,30,1,5,1,
45,35,750,141,15,21,1,5,1,
45,36,507,423,85,21,1,5,1,
45,37,505,284,151,37,1,5,1,
45,38,763,123,136,57,1,5,1,
46,1,851,221,38,12,1,5,1,
46,3,713,400,26,19,1,5,1,
46,5,644,269,48,18,1,5,1,
46,6,696,178,34,18,1,5,1,
46,7,788,0,126,33,1,5,1,
46,9,616,222,29,11,1,5,1,
46,10,492,492,46,18,1,5,1,
46,12,685,340,18,12,1,5,1,
46,13,778,320,15,12,1,5,1,
46,14,671,86,15,25,1,5,1,
46,15,741,78,15,26,1,5,1,
46,16,474,292,62,16,1,5,1,
46,17,605,144,9,12,1,5,1,
46,18,437,412,61,15,1,5,1,
46,19,246,371,39,26,1,5,1,
46,20,746,239,31,16,1,5,1,
46,21,591,338,123,35,1,5,1,
46,22,755,345,31,8,1,5,1,
46,23,877,265,21,15,1,5,1,
46,24,714,203,31,14,1,5,1,
46,25,486,435,65,17,1,5,1,
46,26,910,458,38,24,1,5,1,
46,27,772,179,16,15,1,5,1,
46,28,696,465,41,20,1,5,1,
46,29,589,348,18,19,1,5,1,
46,30,842,168,30,28,1,5,1,
46,31,825,298,22,16,1,5,1,
46,33,666,354,25,10,1,5,1,
46,34,784,250,72,30,1,5,1,
46,35,749,142,15,21,1,5,1,
46,36,516,423,84,21,1,5,1,
46,37,517,284,150,37,1,5,1,
46,38,778,125,131,56,1,5,1,
47,1,857,221,36,12,1,5,1,
47,3,717,398,21,19,1,5,1,
47,5,649,269,46,18,1,5,1,
47,6,699,179,34,18,1,5,1,
47,7,816,0,100,35,1,5,1,
47,9,621,222,26,12,1,5,1,
47,10,497,491,46,18,1,5,1,
47,12,684,340,19,11,1,5,1,
47,13,778,320,16,12,1,5,1,
47,14,672,87,15,25,1,5,1,
47,15,741,79,16,26,1,5,1,
47,16,483,292,61,16,1,5,1,
47,17,605,145,8,12,1,5,1,
47,18,443,412,61,15,1,5,1,
47,19,249,373,40,26,1,5,1,
47,20,749,239,31,16,1,5,1,
47,21,606,337,119,35,1,5,1,
47,23,880,265,21,15,1,5,1,
47,24,719,203,27,14,1,5,1,
47,25,493,435,64,16,1,5,1,
47,26,906,456,40,23,1,5,1,
47,27,772,181,20,14,1,5,1,
47,28,693,463,41,20,1,5,1,
47,29,589,348,21,18,1,5,1,
47,30,844,169,29,27,1,5,1,
47,31,827,297,21,17,1,5,1,
47,33,670,353,24,11,1,5,1,
47,34,791,251,69,29,1,5,1,
47,35,749,143,14,21,1,5,1,
47,36,526,422,81,21,1,5,1,
47,37,530,284,147,37,1,5,1,
47,38,793,126,124,56,1,5,1,
48,1,863,222,35,11,1,5,1,
48,3,718,396,20,20,1,5,1,
48,5,654,269,45,18,1,5,1,
48,6,703,179,33,18,1,5,1,
48,7,831,0,86,38,1,5,1,
48,9,624,223,28,11,1,5,1,
48,10,503,490,44,18,1,5,1,
48,12,683,339,19,12,1,5,1,
48,13,778,320,16,12,1,5,1,
48,14,673,88,14,25,1,5,1,
48,15,742,79,16,27,1,5,1,
48,16,491,293,62,15,1,5,1,
48,17,605,146,8,12,1,5,1,
48,18,449,411,60,16,1,5,1,
48,19,252,374,42,27,1,5,1,
48,20,751,239,31,16,1,5,1,
48,21,622,336,109,34,1,5,1,
48,23,883,265,20,15,1,5,1,
48,24,723,204,23,14,1,5,1,
48,25,500,434,63,17,1,5,1,
48,26,903,454,40,23,1,5,1,
48,27,775,181,20,15,1,5,1,
48,28,690,462,41,19,1,5,1,
48,29,587,347,28,18,1,5,1,
48,30,845,170,29,27,1,5,1,
48,31,829,297,21,16,1,5,1,
48,33,673,353,24,10,1,5,1,
48,34,798,251,65,29,1,5,1,
48,35,748,144,14,21,1,5,1,
48,36,536,421,77,20,1,5,1,
48,37,543,283,144,37,1,5,1,
48,38,807,128,118,55,1,5,1,
49,1,868,222,33,12,1,5,1,
49,3,719,395,20,19,1,5,1,
49,5,658,269,44,18,1,5,1,
49,6,707,180,32,18,1,5,1,
49,7,844,0,71,42,1,5,1,
49,9,627,223,31,11,1,5,1,
49,10,508,489,43,18,1,5,1,
49,12,682,339,19,11,1,5,1,
49,13,779,319,15,12,1,5,1,
49,14,674,89,14,25,1,5,1,
49,15,743,81,16,26,1,5,1,
49,16,499,293,62,15,1,5,1,
49,17,604,147,8,12,1,5,1,
49,18,455,411,60,15,1,5,1,
49,19,254,375,45,27,1,5,1,
49,20,754,240,29,15,1,5,1,
49,21,636,335,104,33,1,5,1,
49,23,885,265,21,15,1,5,1,
49,24,727,204,18,15,1,5,1,
49,25,507,434,63,16,1,5,1,
49,26,900,452,40,22,1,5,1,
49,27,778,182,19,14,1,5,1,
49,28,687,460,41,19,1,5,1,
49,29,589,347,28,17,1,5,1,
49,30,846,171,29,27,1,5,1,
49,31,832,296,20,16,1,5,1,
49,33,676,352,24,11,1,5,1,
49,34,803,251,65,29,1,5,1,
49,35,747,145,14,20,1,5,1,
49,36,545,420,74,20,1,5,1,
49,37,555,283,141,37,1,5,1,
49,38,821,130,111,55,1,5,1,
50,1,872,223,31,12,1,5,1,
50,3,720,394,20,19,1,5,1,
50,5,662,269,43,18,1,5,1,
50,6,711,181,30,17,1,5,1,
50,7,854,0,57,46,1,5,1,
50,9,632,223,28,11,1,5,1,
50,10,513,488,42,17,1,5,1,
50,12,681,338,19,11,1,5,1,
50,13,779,319,15,12,1,5,1,
50,14,674,91,14,25,1,5,1,
50,15,743,82,16,26,1,5,1,
50,16,508,293,62,15,1,5,1,
50,17,603,148,8,12,1,5,1,
50,18,461,410,60,16,1,5,1,
50,19,258,376,46,28,1,5,1,
50,20,757,240,28,15,1,5,1,
50,21,649,334,100,33,1,5,1,
50,23,888,265,20,15,1,5,1,
50,24,730,205,15,15,1,5,1,
50,25,514,433,62,17,1,5,1,
50,26,897,450,40,22,1,5,1,
50,27,781,183,17,14,1,5,1,
50,28,684,459,41,19,1,5,1,
50,29,592,346,27,17,1,5,1,
50,30,847,172,29,27,1,5,1,
50,31,833,296,21,15,1,5,1,
50,33,682,352,19,10,1,5,1,
50,34,810,251,61,29,1,5,1,
50,35,746,146,15,20,1,5,1,
50,36,553,419,73,20,1,5,1,
50,37,568,283,137,36,1,5,1,
50,38,833,132,106,54,1,5,1,
51,1,876,223,29,13,1,5,1,
51,3,721,393,20,19,1,5,1,
51,5,667,269,40,18,1,5,1,
51,6,714,181,29,18,1,5,1,
51,7,860,0,53,50,1,5,1,
51,9,637,224,24,11,1,5,1,
51,10,518,487,41,17,1,5,1,
51,12,680,338,19,11,1,5,1,
51,13,779,318,15,12,1,5,1,
51,14,674,92,15,25,1,5,1,
51,15,742,83,17,27,1,5,1,
51,16,517,293,61,15,1,5,1,
51,17,603,149,8,12,1,5,1,
51,18,468,410,59,15,1,5,1,
51,19,261,378,48,28,1,5,1,
51,20,760,240,26,15,1,5,1,
51,21,662,333,95,33,1,5,1,
51,23,890,265,20,15,1,5,1,
51,24,731,206,17,14,1,5,1,
51,25,521,432,61,17,1,5,1,
51,26,894,448,40,21,1,5,1,
51,27,784,183,16,15,1,5,1,
51,28,681,457,41,19,1,5,1,
51,29,596,345,24,17,1,5,1,
51,30,849,174,28,25,1,5,1,
51,31,834,295,21,15,1,5,1,
51,33,687,351,15,10,1,5,1,
51,34,816,251,58,29,1,5,1,
51,35,745,147,16,20,1,5,1,
51,36,561,419,71,20,1,5,1,
51,37,580,283,134,36,1,5,1,
51,38,845,133,101,54,1,5,1,
52,1,880,224,28,12,1,5,1,
52,3,722,392,20,19,1,5,1,
52,5,671,269,38,18,1,5,1,
52,6,718,182,28,17,1,5,1,
52,7,861,0,55,53,1,5,1,
52,9,641,224,21,12,1,5,1,
52,10,522,485,40,18,1,5,1,
52,12,678,337,20,11,1,5,1,
52,13,779,318,15,12,1,5,1,
52,14,675,93,14,25,1,5,1,
52,15,741,85,16,26,1,5,1,
52,16,525,293,61,15,1,5,1,
52,17,602,150,8,12,1,5,1,
52,18,474,410,58,15,1,5,1,
52,19,264,379,51,28,1,5,1,
52,20,763,240,24,16,1,5,1,
52,21,673,332,93,33,1,5,1,
52,23,890,265,21,14,1,5,1,
52,24,732,206,20,14,1,5,1,
52,25,527,432,61,16,1,5,1,
52,26,891,446,40,21,1,5,1,
52,27,787,184,14,14,1,5,1,
52,28,678,456,41,18,1,5,1,
52,29,599,344,22,17,1,5,1,
52,30,850,175,28,25,1,5,1,
52,31,835,295,21,15,1,5,1,
52,33,691,350,11,10,1,5,1,
52,34,822,252,55,28,1,5,1,
52,35,744,148,16,20,1,5,1,
52,36,569,418,69,20,1,5,1,
52,37,592,283,131,36,1,5,1,
52,38,856,135,97,53,1,5,1,
53,1,884,224,28,12,1,5,1,
53,3,722,391,20,18,1,5,1,
53,5,676,269,35,18,1,5,1,
53,6,721,183,27,17,1,5,1,
53,7,864,0,56,57,1,5,1,
53,9,643,224,23,11,1,5,1,
53,10,527,484,39,18,1,5,1,
53,12,677,336,20,11,1,5,1,
53,13,779,318,15,11,1,5,1,
53,14,675,95,14,24,1,5,1,
53,15,741,87,16,25,1,5,1,
53,16,534,292,59,15,1,5,1,
53,17,601,151,9,11,1,5,1,
53,18,480,409,58,15,1,5,1,
53,19,268,381,53,28,1,5,1,
53,20,766,240,23,16,1,5,1,
53,21,685,332,88,32,1,5,1,
53,23,890,265,21,14,1,5,1,
53,24,734,206,23,13,1,5,1,
53,25,534,431,60,17,1,5,1,
53,26,888,444,40,21,1,5,1,
53,27,789,185,14,14,1,5,1,
53,28,674,455,41,17,1,5,1,
53,29,601,344,21,17,1,5,1,
53,30,852,176,27,25,1,5,1,
53,31,835,295,21,15,1,5,1,
53,33,691,349,11,10,1,5,1,
53,34,827,252,53,28,1,5,1,
53,35,743,149,16,20,1,5,1,
53,36,576,417,68,20,1,5,1,
53,37,604,283,127,35,1,5,1,
53,38,867,137,92,53,1,5,1,
54,1,888,224,27,12,1,5,1,
54,3,723,389,20,19,1,5,1,
54,5,679,269,34,17,1,5,1,
54,6,724,183,27,17,1,5,1,
54,7,870,4,54,56,1,5,1,
54,9,647,225,22,11,1,5,1,
54,10,532,483,37,18,1,5,1,
54,12,675,336,21,11,1,5,1,
54,13,779,317,15,12,1,5,1,
54,14,675,96,14,24,1,5,1,
54,15,741,88,16,25,1,5,1,
54,16,543,292,57,15,1,5,1,
54,17,600,152,9,11,1,5,1,
54,18,486,409,57,15,1,5,1,
54,19,272,382,55,29,1,5,1,
54,20,768,240,22,16,1,5,1,
54,21,697,331,83,31,1,5,1,
54,23,891,265,21,14,1,5,1,
54,24,739,207,17,13,1,5,1,
54,25,541,431,59,16,1,5,1,
54,26,886,442,39,21,1,5,1,
54,27,790,186,15,13,1,5,1,
54,28,671,453,41,18,1,5,1,
54,29,605,343,18,17,1,5,1,
54,30,853,177,27,24,1,5,1,
54,31,835,294,20,15,1,5,1,
54,33,691,347,10,10,1,5,1,
54,34,832,252,51,28,1,5,1,
54,35,741,151,17,19,1,5,1,
54,36,584,416,66,20,1,5,1,
54,37,617,283,122,35,1,5,1,
54,38,877,139,82,52,1,5,1,
55,1,892,224,26,13,1,5,1,
55,3,723,388,20,19,1,5,1,
55,5,683,269,32,17,1,5,1,
55,6,728,184,25,17,1,5,1,
55,7,875,8,52,55,1,5,1,
55,9,650,225,21,11,1,5,1,
55,10,536,482,37,17,1,5,1,
55,12,673,335,22,11,1,5,1,
55,13,779,317,14,11,1,5,1,
55,14,675,97,14,25,1,5,1,
55,15,741,90,15,25,1,5,1,
55,16,552,292,56,15,1,5,1,
55,17,598,153,10,11,1,5,1,
55,18,492,409,57,14,1,5,1,
55,19,276,383,58,29,1,5,1,
55,20,770,241,21,15,1,5,1,
55,21,708,330,79,31,1,5,1,
55,23,892,265,20,14,1,5,1,
55,24,742,207,14,14,1,5,1,
55,25,548,430,58,17,1,5,1,
55,26,883,440,39,21,1,5,1,
55,27,792,186,15,14,1,5,1,
55,28,668,452,41,17,1,5,1,
55,29,607,342,17,17,1,5,1,
55,30,854,178,26,24,1,5,1,
55,31,834,294,21,15,1,5,1,
55,33,691,346,10,10,1,5,1,
55,34,837,252,49,28,1,5,1,
55,35,738,153,20,19,1,5,1,
55,36,592,415,63,20,1,5,1,
55,37,628,283,119,35,1,5,1,
55,38,887,141,73,51,1,5,1,
56,1,896,225,24,12,1,5,1,
56,3,723,387,20,18,1,5,1,
56,5,687,269,30,17,1,5,1,
56,6,731,185,24,17,1,5,1,
56,7,880,12,50,54,1,5,1,
56,9,653,225,20,11,1,5,1,
56,10,541,480,35,18,1,5,1,
56,12,672,335,22,10,1,5,1,
56,13,779,317,14,11,1,5,1,
56,14,675,99,14,24,1,5,1,
56,15,740,91,16,25,1,5,1,
56,16,560,292,55,14,1,5,1,
56,17,597,153,11,12,1,5,1,
56,18,498,408,56,15,1,5,1,
56,19,281,385,60,29,1,5,1,
56,20,772,241,20,15,1,5,1,
56,21,718,329,75,31,1,5,1,
56,23,893,265,20,14,1,5,1,
56,24,742,207,14,15,1,5,1,
56,25,555,429,56,17,1,5,1,
56,26,880,439,39,19,1,5,1,
56,27,793,187,15,14,1,5,1,
56,28,665,451,41,16,1,5,1,
56,29,608,342,17,16,1,5,1,
56,30,854,179,27,24,1,5,1,
56,31,834,294,21,14,1,5,1,
56,33,690,345,11,10,1,5,1,
56,34,842,252,47,28,1,5,1,
56,35,735,154,22,19,1,5,1,
56,36,599,414,62,20,1,5,1,
56,37,640,282,114,35,1,5,1,
56,38,897,143,63,50,1,5,1,
57,1,899,225,22,13,1,5,1,
57,3,723,386,20,18,1,5,1,
57,5,690,269,28,17,1,5,1,
57,6,734,185,22,17,1,5,1,
57,7,885,16,48,53,1,5,1,
57,9,656,226,19,11,1,5,1,
57,10,545,479,34,18,1,5,1,
57,12,670,334,23,11,1,5,1,
57,13,778,316,14,11,1,5,1,
57,14,675,100,13,24,1,5,1,
57,15,739,93,15,24,1,5,1,
57,16,568,292,54,14,1,5,1,
57,17,596,154,11,12,1,5,1,
57,18,504,408,55,14,1,5,1,
57,19,285,386,63,30,1,5,1,
57,20,774,241,19,15,1,5,1,
57,21,728,328,71,31,1,5,1,
57,23,893,266,20,13,1,5,1,
57,24,744,208,14,14,1,5,1,
57,25,561,429,56,16,1,5,1,
57,26,877,437,39,19,1,5,1,
57,27,794,188,15,13,1,5,1,
57,28,661,450,41,16,1,5,1,
57,29,608,341,17,16,1,5,1,
57,30,855,180,26,23,1,5,1,
57,31,834,294,20,14,1,5,1,
57,33,691,344,11,10,1,5,1,
57,34,847,253,45,27,1,5,1,
57,35,733,156,22,18,1,5,1,
57,36,606,413,60,20,1,5,1,
57,37,651,282,111,35,1,5,1,
57,38,906,145,54,49,1,5,1,
58,1,902,226,19,12,1,5,1,
58,3,723,385,19,18,1,5,1,
58,5,693,269,27,17,1,5,1,
58,6,737,186,21,17,1,5,1,
58,7,889,20,46,52,1,5,1,
58,9,659,226,19,11,1,5,1,
58,10,549,478,33,18,1,5,1,
58,12,668,334,23,10,1,5,1,
58,13,778,316,14,11,1,5,1,
58,14,675,102,13,23,1,5,1,
58,15,739,94,15,24,1,5,1,
58,16,576,292,53,14,1,5,1,
58,18,510,407,54,15,1,5,1,
58,19,290,388,66,30,1,5,1,
58,20,776,241,18,15,1,5,1,
58,21,737,328,68,30,1,5,1,
58,23,894,266,19,13,1,5,1,
58,24,746,209,15,12,1,5,1,
58,25,568,428,54,16,1,5,1,
58,26,874,435,39,19,1,5,1,
58,27,796,189,14,13,1,5,1,
58,28,658,449,41,15,1,5,1,
58,29,609,340,17,16,1,5,1,
58,30,856,181,26,23,1,5,1,
58,31,834,293,20,15,1,5,1,
58,33,691,343,11,10,1,5,1,
58,34,851,253,43,27,1,5,1,
58,35,731,157,23,18,1,5,1,
58,36,613,412,58,20,1,5,1,
58,37,661,282,108,34,1,5,1,
58,38,915,146,45,49,1,5,1,
59,1,905,227,17,12,1,5,1,
59,3,723,384,19,17,1,5,1,
59,5,695,269,26,17,1,5,1,
59,6,739,187,21,16,1,5,1,
59,7,893,24,44,51,1,5,1,
59,9,662,227,18,10,1,5,1,
59,10,553,476,32,18,1,5,1,
59,12,665,333,27,11,1,5,1,
59,13,777,316,14,10,1,5,1,
59,14,675,103,13,23,1,5,1,
59,15,738,96,16,23,1,5,1,
59,16,584,291,52,15,1,5,1,
59,18,516,407,53,14,1,5,1,
59,19,295,389,68,30,1,5,1,
59,20,778,241,17,15,1,5,1,
59,21,746,327,65,30,1,5,1,
59,23,894,266,20,13,1,5,1,
59,24,747,209,14,13,1,5,1,
59,25,574,427,54,17,1,5,1,
59,26,871,434,39,18,1,5,1,
59,27,797,189,14,14,1,5,1,
59,29,610,340,17,16,1,5,1,
59,30,856,181,26,23,1,5,1,
59,31,833,293,19,14,1,5,1,
59,33,691,343,11,10,1,5,1,
59,34,856,253,41,27,1,5,1,
59,35,731,157,20,18,1,5,1,
59,36,619,411,57,19,1,5,1,
59,37,671,282,105,34,1,5,1,
59,38,923,148,37,48,1,5,1,
60,1,907,227,17,12,1,5,1,
60,3,723,383,19,17,1,5,1,
60,5,694,269,33,17,1,5,1,
60,6,742,187,20,17,1,5,1,
60,7,897,28,42,50,1,5,1,
60,9,663,227,21,10,1,5,1,
60,10,557,475,31,18,1,5,1,
60,12,661,333,30,10,1,5,1,
60,13,777,315,14,11,1,5,1,
60,14,675,104,13,23,1,5,1,
60,15,738,97,16,24,1,5,1,
60,16,591,291,52,15,1,5,1,
60,18,522,406,52,15,1,5,1,
60,19,301,391,71,30,1,5,1,
60,20,779,242,17,14,1,5,1,
60,21,754,326,62,29,1,5,1,
60,23,894,266,20,12,1,5,1,
60,24,749,209,14,13,1,5,1,
60,25,580,427,53,16,1,5,1,
60,26,868,432,39,18,1,5,1,
60,27,798,190,14,13,1,5,1,
60,29,611,339,16,16,1,5,1,
60,30,857,182,26,23,1,5,1,
60,31,832,293,20,14,1,5,1,
60,33,692,342,10,10,1,5,1,
60,34,859,253,41,27,1,5,1,
60,35,731,158,18,17,1,5,1,
60,36,626,410,55,19,1,5,1,
60,37,681,282,102,34,1,5,1,
60,38,931,150,29,47,1,5,1,
61,1,909,228,17,11,1,5,1,
61,3,723,382,19,17,1,5,1,
61,5,694,269,39,17,1,5,1,
61,6,744,188,20,16,1,5,1,
61,7,894,34,51,46,1,5,1,
61,9,665,227,23,11,1,5,1,
61,10,561,474,30,17,1,5,1,
61,12,658,332,31,10,1,5,1,
61,13,776,315,16,11,1,5,1,
61,14,674,105,14,23,1,5,1,
61,15,737,98,16,24,1,5,1,
61,16,599,291,51,15,1,5,1,
61,18,527,405,52,15,1,5,1,
61,19,306,392,74,31,1,5,1,
61,20,781,242,16,14,1,5,1,
61,21,762,325,59,29,1,5,1,
61,23,895,266,19,12,1,5,1,
61,24,750,210,16,12,1,5,1,
61,25,586,426,52,16,1,5,1,
61,26,865,430,38,18,1,5,1,
61,27,799,191,15,13,1,5,1,
61,29,612,339,16,15,1,5,1,
61,30,858,183,25,23,1,5,1,
61,31,832,293,19,14,1,5,1,
61,33,692,341,11,10,1,5,1,
61,34,861,253,43,26,1,5,1,
61,35,730,158,18,18,1,5,1,
61,36,632,409,54,19,1,5,1,
61,37,691,282,98,33,1,5,1,
62,1,911,228,16,11,1,5,1,
62,3,723,381,19,17,1,5,1,
62,5,696,269,42,17,1,5,1,
62,6,746,189,20,16,1,5,1,
62,7,893,39,64,42,1,5,1,
62,9,668,228,23,10,1,5,1,
62,10,565,472,28,18,1,5,1,
62,12,654,332,34,10,1,5,1,
62,13,776,315,17,10,1,5,1,
62,14,674,106,13,23,1,5,1,
62,15,736,100,17,23,1,5,1,
62,16,606,291,50,14,1,5,1,
62,18,533,405,51,14,1,5,1,
62,19,312,394,77,30,1,5,1,
62,20,782,242,16,14,1,5,1,
62,21,769,325,57,28,1,5,1,
62,23,895,266,19,12,1,5,1,
62,24,752,210,18,11,1,5,1,
62,25,592,425,51,16,1,5,1,
62,26,862,429,38,18,1,5,1,
62,27,801,192,14,12,1,5,1,
62,29,612,338,17,15,1,5,1,
62,30,858,184,26,22,1,5,1,
62,31,832,293,19,13,1,5,1,
62,33,692,341,11,9,1,5,1,
62,34,864,253,44,26,1,5,1,
62,35,728,159,19,17,1,5,1,
62,36,638,408,53,19,1,5,1,
62,37,700,282,96,33,1,5,1,
63,1,913,228,16,11,1,5,1,
63,3,723,380,19,17,1,5,1,
63,5,700,269,41,17,1,5,1,
63,6,748,189,20,16,1,5,1,
63,7,905,38,52,44,1,5,1,
63,9,671,228,22,10,1,5,1,
63,10,568,471,28,18,1,5,1,
63,12,649,332,37,9,1,5,1,
63,13,776,315,18,10,1,5,1,
63,14,674,108,13,22,1,5,1,
63,15,736,101,16,23,1,5,1,
63,16,614,291,49,14,1,5,1,
63,18,538,405,52,14,1,5,1,
63,19,318,395,80,31,1,5,1,
63,20,782,242,17,14,1,5,1,
63,21,777,324,54,28,1,5,1,
63,23,896,266,19,12,1,5,1,
63,24,754,210,20,12,1,5,1,
63,25,598,424,50,16,1,5,1,
63,26,859,427,38,18,1,5,1,
63,27,802,192,14,13,1,5,1,
63,29,613,337,16,16,1,5,1,
63,30,859,185,25,22,1,5,1,
63,31,832,293,19,13,1,5,1,
63,32,949,414,10,9,1,5,1,
63,33,693,340,10,10,1,5,1,
63,34,869,254,41,25,1,5,1,
63,35,726,160,19,17,1,5,1,
63,36,644,408,52,18,1,5,1,
63,37,707,282,98,33,1,5,1,
64,1,915,228,15,12,1,5,1,
64,3,723,379,18,17,1,5,1,
64,5,704,269,40,16,1,5,1,
64,6,751,190,18,16,1,5,1,
64,7,915,39,44,45,1,5,1,
64,9,675,228,21,10,1,5,1,
64,10,571,470,28,17,1,5,1,
64,13,774,315,21,10,1,5,1,
64,14,674,109,12,22,1,5,1,
64,15,735,103,16,22,1,5,1,
64,16,621,291,48,14,1,5,1,
64,18,543,405,53,15,1,5,1,
64,19,325,397,83,30,1,5,1,
64,20,783,242,17,14,1,5,1,
64,21,783,323,52,28,1,5,1,
64,23,896,266,19,12,1,5,1,
64,24,757,211,19,11,1,5,1,
64,25,604,424,49,16,1,5,1,
64,26,856,426,38,17,1,5,1,
64,27,803,193,14,12,1,5,1,
64,29,614,337,16,15,1,5,1,
64,30,860,186,24,21,1,5,1,
64,31,832,292,18,14,1,5,1,
64,32,946,412,13,11,1,5,1,
64,33,693,340,10,9,1,5,1,
64,34,873,254,40,25,1,5,1,
64,35,725,160,19,18,1,5,1,
64,36,650,407,50,18,1,5,1,
64,37,716,282,95,32,1,5,1,
65,1,917,229,15,11,1,5,1,
65,3,723,378,18,16,1,5,1,
65,5,708,269,39,16,1,5,1,
65,6,753,191,18,15,1,5,1,
65,7,920,41,39,45,1,5,1,
65,9,678,229,19,10,1,5,1,
65,10,575,469,27,17,1,5,1,
65,13,773,315,21,9,1,5,1,
65,14,673,110,13,22,1,5,1,
65,15,734,104,17,22,1,5,1,
65,16,628,291,47,14,1,5,1,
65,18,549,405,52,14,1,5,1,
65,19,332,398,86,31,1,5,1,
65,20,783,242,17,14,1,5,1,
65,21,790,322,49,28,1,5,1,
65,23,897,266,18,12,1,5,1,
65,24,760,211,17,11,1,5,1,
65,25,609,423,49,16,1,5,1,
65,26,853,424,38,17,1,5,1,
65,27,804,194,14,12,1,5,1,
65,29,614,336,16,15,1,5,1,
65,30,860,187,25,21,1,5,1,
65,31,831,292,19,13,1,5,1,
65,32,943,410,16,13,1,5,1,
65,33,693,339,10,9,1,5,1,
65,34,877,254,39,25,1,5,1,
65,35,723,161,20,18,1,5,1,
65,36,656,406,49,18,1,5,1,
65,37,725,281,92,33,1,5,1,
66,1,918,229,15,11,1,5,1,
66,3,723,377,18,16,1,5,1,
66,5,712,269,37,16,1,5,1,
66,6,755,191,17,16,1,5,1,
66,7,925,44,34,45,1,5,1,
66,9,681,229,18,10,1,5,1,
66,10,575,468,31,17,1,5,1,
66,13,771,314,22,10,1,5,1,
66,14,673,111,12,22,1,5,1,
66,15,733,105,17,22,1,5,1,
66,16,635,291,46,14,1,5,1,
66,18,555,405,51,14,1,5,1,
66,19,339,400,89,30,1,5,1,
66,20,785,242,16,14,1,5,1,
66,21,797,322,46,27,1,5,1,
66,23,897,266,18,12,1,5,1,
66,24,763,211,16,12,1,5,1,
66,25,615,422,48,16,1,5,1,
66,26,850,423,38,16,1,5,1,
66,27,805,194,14,13,1,5,1,
66,29,614,336,16,14,1,5,1,
66,30,860,187,25,22,1,5,1,
66,31,831,292,18,13,1,5,1,
66,32,941,409,18,15,1,5,1,
66,33,693,338,10,10,1,5,1,
66,34,881,254,37,25,1,5,1,
66,35,721,162,20,17,1,5,1,
66,36,661,405,48,18,1,5,1,
66,37,734,281,89,32,1,5,1,
67,1,920,229,14,11,1,5,1,
67,3,723,376,17,16,1,5,1,
67,5,716,269,35,16,1,5,1,
67,6,758,192,16,15,1,5,1,
67,7,929,47,30,44,1,5,1,
67,9,683,229,18,10,1,5,1,
67,10,576,467,35,16,1,5,1,
67,13,770,314,21,10,1,5,1,
67,14,672,112,13,22,1,5,1,
67,15,732,107,17,21,1,5,1,
67,16,642,291,45,13,1,5,1,
67,18,561,404,50,14,1,5,1,
67,19,346,401,92,31,1,5,1,
67,20,785,242,17,14,1,5,1,
67,21,803,321,43,27,1,5,1,
67,23,897,266,18,12,1,5,1,
67,24,765,212,15,11,1,5,1,
67,25,621,421,46,16,1,5,1,
67,26,847,421,38,17,1,5,1,
67,27,806,195,14,12,1,5,1,
67,29,614,335,16,15,1,5,1,
67,30,861,188,24,21,1,5,1,
67,31,831,292,19,13,1,5,1,
67,32,938,408,21,15,1,5,1,
67,33,693,338,11,9,1,5,1,
67,34,885,254,36,25,1,5,1,
67,35,720,163,20,17,1,5,1,
67,36,668,403,44,18,1,5,1,
67,37,743,281,85,32,1,5,1,
68,1,921,229,14,11,1,5,1,
68,3,722,375,18,16,1,5,1,
68,5,720,269,33,16,1,5,1,
68,6,759,192,17,16,1,5,1,
68,7,932,50,27,43,1,5,1,
68,9,686,229,17,11,1,5,1,
68,10,578,467,38,15,1,5,1,
68,13,768,314,22,9,1,5,1,
68,15,731,108,17,22,1,5,1,
68,16,648,290,45,14,1,5,1,
68,18,566,403,49,15,1,5,1,
68,19,354,403,95,30,1,5,1,
68,20,786,243,16,13,1,5,1,
68,21,809,320,40,27,1,5,1,
68,23,897,266,18,12,1,5,1,
68,24,768,212,14,11,1,5,1,
68,25,626,420,46,16,1,5,1,
68,26,844,420,38,16,1,5,1,
68,27,807,196,13,12,1,5,1,
68,29,614,334,16,15,1,5,1,
68,30,861,189,24,21,1,5,1,
68,31,832,292,18,13,1,5,1,
68,32,935,406,24,15,1,5,1,
68,33,694,337,10,9,1,5,1,
68,34,888,254,35,25,1,5,1,
68,35,719,164,19,16,1,5,1,
68,36,673,402,43,18,1,5,1,
68,37,750,281,86,32,1,5,1,
69,1,922,230,14,11,1,5,1,
69,3,722,374,17,16,1,5,1,
69,5,723,269,32,16,1,5,1,
69,6,761,193,16,15,1,5,1,
69,7,936,52,24,43,1,5,1,
69,9,688,230,16,10,1,5,1,
69,10,579,466,42,15,1,5,1,
69,13,766,313,23,10,1,5,1,
69,15,729,109,18,22,1,5,1,
69,16,655,290,44,14,1,5,1,
69,18,572,403,48,14,1,5,1,
69,19,362,404,98,31,1,5,1,
69,20,786,243,17,13,1,5,1,
69,21,814,320,39,26,1,5,1,
69,23,897,266,18,12,1,5,1,
69,24,770,213,14,11,1,5,1,
69,25,632,419,44,16,1,5,1,
69,26,841,418,38,16,1,5,1,
69,27,808,196,13,12,1,5,1,
69,29,614,334,16,14,1,5,1,
69,30,861,190,24,20,1,5,1,
69,31,832,292,19,12,1,5,1,
69,32,932,405,27,15,1,5,1,
69,33,694,337,10,9,1,5,1,
69,34,890,255,36,24,1,5,1,
69,35,719,164,17,16,1,5,1,
69,36,678,401,41,18,1,5,1,
69,37,759,281,82,32,1,5,1,
70,1,922,230,14,11,1,5,1,
70,3,721,373,17,16,1,5,1,
70,5,727,269,30,16,1,5,1,
70,6,762,194,16,15,1,5,1,
70,7,938,55,22,43,1,5,1,
70,9,691,230,15,10,1,5,1,
70,10,582,466,44,15,1,5,1,
70,13,765,313,22,10,1,5,1,
70,16,661,290,44,14,1,5,1,
70,18,576,403,50,14,1,5,1,
70,19,371,406,100,30,1,5,1,
70,20,787,243,16,13,1,5,1,
70,21,819,319,37,26,1,5,1,
70,23,897,266,17,12,1,5,1,
70,24,772,213,13,11,1,5,1,
70,25,637,419,43,15,1,5,1,
70,26,838,417,38,16,1,5,1,
70,27,808,197,14,12,1,5,1,
70,29,615,333,15,15,1,5,1,
70,30,862,190,23,21,1,5,1,
70,31,833,292,20,13,1,5,1,
70,32,929,404,30,14,1,5,1,
70,33,694,336,9,9,1,5,1,
70,34,893,255,35,24,1,5,1,
70,35,718,165,17,16,1,5,1,
70,36,682,400,41,18,1,5,1,
70,37,767,281,79,31,1,5,1,
71,1,923,230,14,11,1,5,1,
71,3,721,372,16,16,1,5,1,
71,5,730,269,29,15,1,5,1,
71,6,764,194,16,15,1,5,1,
71,7,940,58,20,42,1,5,1,
71,9,693,230,15,10,1,5,1,
71,10,584,467,47,14,1,5,1,
71,13,763,313,23,9,1,5,1,
71,16,668,290,42,14,1,5,1,
71,18,581,403,50,14,1,5,1,
71,19,380,407,103,31,1,5,1,
71,20,787,243,16,13,1,5,1,
71,21,824,318,35,26,1,5,1,
71,23,897,266,17,12,1,5,1,
71,24,773,214,14,11,1,5,1,
71,25,641,418,44,15,1,5,1,
71,26,835,416,38,15,1,5,1,
71,27,809,198,13,11,1,5,1,
71,29,615,333,15,14,1,5,1,
71,30,862,191,23,20,1,5,1,
71,31,832,292,22,13,1,5,1,
71,32,926,403,33,14,1,5,1,
71,33,694,336,9,8,1,5,1,
71,34,895,255,35,24,1,5,1,
71,36,687,399,40,18,1,5,1,
71,37,775,281,76,31,1,5,1,
72,1,924,230,13,11,1,5,1,
72,3,720,371,17,16,1,5,1,
72,5,734,268,27,16,1,5,1,
72,6,765,195,16,15,1,5,1,
72,7,942,61,18,41,1,5,1,
72,9,695,231,14,9,1,5,1,
72,10,590,466,45,14,1,5,1,
72,13,761,313,24,9,1,5,1,
72,16,674,290,42,13,1,5,1,
72,18,586,403,50,13,1,5,1,
72,19,389,408,105,31,1,5,1,
72,20,787,243,17,13,1,5,1,
72,21,828,318,34,25,1,5,1,
72,23,897,266,17,12,1,5,1,
72,24,775,214,13,11,1,5,1,
72,25,647,417,42,15,1,5,1,
72,26,832,414,38,16,1,5,1,
72,27,810,198,13,12,1,5,1,
72,29,616,332,15,14,1,5,1,
72,30,862,192,23,20,1,5,1,
72,31,831,292,22,12,1,5,1,
72,32,923,401,36,16,1,5,1,
72,33,694,335,9,9,1,5,1,
72,34,897,255,35,23,1,5,1,
72,36,692,398,38,18,1,5,1,
72,37,782,281,74,30,1,5,1,
73,1,924,231,14,10,1,5,1,
73,3,720,370,16,16,1,5,1,
73,5,739,268,23,15,1,5,1,
73,6,766,196,16,14,1,5,1,
73,7,944,64,16,40,1,5,1,
73,9,697,231,14,10,1,5,1,
73,10,597,465,41,14,1,5,1,
73,13,759,312,24,10,1,5,1,
73,16,680,290,41,13,1,5,1,
73,18,592,402,49,14,1,5,1,
73,19,398,410,108,30,1,5,1,
73,20,788,243,16,13,1,5,1,
73,21,832,317,32,25,1,5,1,
73,23,897,266,16,12,1,5,1,
73,24,776,215,13,10,1,5,1,
73,25,651,416,42,15,1,5,1,
73,26,830,413,36,15,1,5,1,
73,27,810,199,13,11,1,5,1,
73,29,618,332,14,14,1,5,1,
73,30,862,193,23,19,1,5,1,
73,31,830,292,22,12,1,5,1,
73,32,921,400,36,15,1,5,1,
73,33,694,335,9,8,1,5,1,
73,34,900,255,34,23,1,5,1,
73,36,696,397,38,18,1,5,1,
73,37,790,281,70,30,1,5,1,
74,1,924,231,14,11,1,5,1,
74,3,719,370,17,15,1,5,1,
74,5,743,267,21,15,1,5,1,
74,6,767,196,16,15,1,5,1,
74,9,699,231,14,10,1,5,1,
74,10,603,463,38,16,1,5,1,
74,13,757,312,24,9,1,5,1,
74,16,686,290,40,13,1,5,1,
74,18,597,402,48,13,1,5,1,
74,19,408,411,110,31,1,5,1,
74,20,788,244,16,12,1,5,1,
74,21,834,316,32,25,1,5,1,
74,23,896,267,17,11,1,5,1,
74,24,777,215,13,11,1,5,1,
74,25,656,415,41,15,1,5,1,
74,26,827,412,36,15,1,5,1,
74,27,811,200,12,11,1,5,1,
74,29,620,332,13,13,1,5,1,
74,30,862,193,23,20,1,5,1,
74,31,828,292,23,12,1,5,1,
74,32,918,399,36,15,1,5,1,
74,33,694,334,9,9,1,5,1,
74,34,902,255,34,23,1,5,1,
74,36,701,396,36,17,1,5,1,
74,37,797,281,67,29,1,5,1,
75,1,924,231,14,11,1,5,1,
75,3,719,369,16,15,1,5,1,
75,5,748,267,18,14,1,5,1,
75,6,768,197,16,14,1,5,1,
75,9,701,232,13,9,1,5,1,
75,10,610,462,33,16,1,5,1,
75,13,755,312,24,9,1,5,1,
75,16,692,290,39,13,1,5,1,
75,18,602,401,48,14,1,5,1,
75,19,418,412,112,31,1,5,1,
75,20,788,244,16,12,1,5,1,
75,21,837,316,32,24,1,5,1,
75,23,896,267,16,11,1,5,1,
75,24,779,216,12,10,1,5,1,
75,25,661,414,40,16,1,5,1,
75,26,824,410,35,15,1,5,1,
75,27,811,200,13,11,1,5,1,
75,29,623,332,12,13,1,5,1,
75,30,862,194,23,20,1,5,1,
75,31,827,291,23,12,1,5,1,
75,32,915,398,35,14,1,5,1,
75,33,694,334,9,8,1,5,1,
75,34,904,255,34,23,1,5,1,
75,36,705,395,35,17,1,5,1,
75,37,803,281,65,29,1,5,1,
76,1,924,232,14,10,1,5,1,
76,3,719,368,16,15,1,5,1,
76,5,751,267,17,14,1,5,1,
76,6,769,197,16,15,1,5,1,
76,9,703,232,12,9,1,5,1,
76,10,616,461,28,16,1,5,1,
76,13,753,311,25,9,1,5,1,
76,16,698,289,38,13,1,5,1,
76,18,608,401,46,13,1,5,1,
76,19,429,413,113,31,1,5,1,
76,20,788,244,16,13,1,5,1,
76,21,839,315,31,24,1,5,1,
76,23,896,267,16,10,1,5,1,
76,24,780,216,12,10,1,5,1,
76,25,666,413,38,16,1,5,1,
76,26,822,408,32,15,1,5,1,
76,27,812,201,12,11,1,5,1,
76,29,624,333,14,12,1,5,1,
76,30,862,195,22,19,1,5,1,
76,31,826,291,22,12,1,5,1,
76,32,912,397,34,14,1,5,1,
76,33,694,333,9,8,1,5,1,
76,34,905,256,35,22,1,5,1,
76,36,710,394,33,17,1,5,1,
76,37,810,280,62,30,1,5,1,
77,1,924,232,14,10,1,5,1,
77,3,718,367,18,15,1,5,1,
77,5,752,267,17,14,1,5,1,
77,6,770,198,16,14,1,5,1,
77,9,705,232,12,9,1,5,1,
77,10,618,460,31,16,1,5,1,
77,16,703,289,38,13,1,5,1,
77,18,613,400,46,14,1,5,1,
77,19,440,414,115,31,1,5,1,
77,20,788,244,16,13,1,5,1,
77,21,841,315,31,23,1,5,1,
77,23,895,267,16,10,1,5,1,
77,24,780,216,13,11,1,5,1,
77,25,670,412,38,16,1,5,1,
77,26,820,406,30,15,1,5,1,
77,27,812,202,12,11,1,5,1,
77,29,625,333,15,12,1,5,1,
77,30,862,195,22,20,1,5,1,
77,31,824,291,23,12,1,5,1,
77,32,910,395,33,14,1,5,1,
77,33,694,333,9,8,1,5,1,
77,34,907,256,34,22,1,5,1,
77,36,714,393,31,17,1,5,1,
77,37,816,280,59,29,1,5,1,
78,1,924,232,13,10,1,5,1,
78,3,717,366,19,15,1,5,1,
78,5,753,267,17,14,1,5,1,
78,6,771,199,15,14,1,5,1,
78,9,707,232,12,9,1,5,1,
78,10,619,460,35,14,1,5,1,
78,16,708,289,37,13,1,5,1,
78,18,618,400,45,13,1,5,1,
78,19,450,415,117,31,1,5,1,
78,20,788,244,16,13,1,5,1,
78,21,843,314,31,23,1,5,1,
78,23,895,267,16,10,1,5,1,
78,24,781,217,13,10,1,5,1,
78,25,674,411,37,16,1,5,1,
78,26,818,405,28,14,1,5,1,
78,27,812,202,12,11,1,5,1,
78,29,627,333,15,12,1,5,1,
78,30,862,196,22,19,1,5,1,
78,31,823,291,23,12,1,5,1,
78,32,907,394,33,14,1,5,1,
78,33,694,332,9,8,1,5,1,
78,34,908,256,34,22,1,5,1,
78,36,718,392,30,17,1,5,1,
78,37,822,280,57,29,1,5,1,
79,1,924,232,13,11,1,5,1,
79,3,717,366,18,14,1,5,1,
79,5,753,267,18,14,1,5,1,
79,6,772,199,15,14,1,5,1,
79,9,709,232,11,9,1,5,1,
79,10,620,459,39,14,1,5,1,
79,16,714,289,36,13,1,5,1,
79,18,623,399,44,14,1,5,1,
79,19,461,416,119,32,1,5,1,
79,20,788,245,16,12,1,5,1,
79,21,844,313,31,23,1,5,1,
79,23,894,267,16,10,1,5,1,
79,24,782,217,13,11,1,5,1,
79,25,679,411,36,15,1,5,1,
79,26,816,404,27,14,1,5,1,
79,27,812,203,12,11,1,5,1,
79,29,628,332,15,12,1,5,1,
79,30,862,197,21,18,1,5,1,
79,31,822,291,23,11,1,5,1,
79,32,905,393,31,14,1,5,1,
79,33,694,332,9,8,1,5,1,
79,34,910,256,33,22,1,5,1,
79,36,721,391,29,17,1,5,1,
79,37,828,280,54,28,1,5,1,
80,1,924,233,13,10,1,5,1,
80,3,716,365,18,14,1,5,1,
80,5,754,267,17,14,1,5,1,
80,6,773,200,15,14,1,5,1,
80,9,712,233,10,8,1,5,1,
80,10,622,460,42,13,1,5,1,
80,16,719,289,35,13,1,5,1,
80,18,628,399,43,13,1,5,1,
80,19,473,417,120,32,1,5,1,
80,20,788,245,15,12,1,5,1,
80,21,846,313,30,22,1,5,1,
80,23,893,267,16,10,1,5,1,
80,24,783,218,12,10,1,5,1,
80,25,683,410,35,15,1,5,1,
80,26,814,403,27,13,1,5,1,
80,27,812,204,12,10,1,5,1,
80,29,628,331,16,12,1,5,1,
80,30,861,197,22,19,1,5,1,
80,31,820,291,23,11,1,5,1,
80,32,902,392,32,14,1,5,1,
80,33,693,331,9,8,1,5,1,
80,34,911,256,34,22,1,5,1,
80,36,725,390,28,17,1,5,1,
80,37,833,280,53,28,1,5,1,
81,1,923,233,13,10,1,5,1,
81,3,715,364,18,14,1,5,1,
81,5,754,267,18,13,1,5,1,
81,6,773,200,15,14,1,5,1,
81,9,713,233,10,8,1,5,1,
81,10,628,458,39,14,1,5,1,
81,16,724,289,35,12,1,5,1,
81,18,633,398,42,13,1,5,1,
81,19,484,418,122,32,1,5,1,
81,20,788,245,15,12,1,5,1,
81,21,847,312,30,22,1,5,1,
81,23,893,267,15,10,1,5,1,
81,24,782,218,13,10,1,5,1,
81,25,687,409,34,15,1,5,1,
81,26,812,401,26,14,1,5,1,
81,27,812,204,12,11,1,5,1,
81,29,631,331,14,12,1,5,1,
81,30,861,198,21,18,1,5,1,
81,31,819,291,23,11,1,5,1,
81,32,900,391,31,13,1,5,1,
81,33,693,331,9,8,1,5,1,
81,34,912,256,33,22,1,5,1,
81,36,729,389,26,17,1,5,1,
81,37,839,280,50,28,1,5,1,
82,1,923,233,13,10,1,5,1,
82,3,714,363,19,14,1,5,1,
82,5,755,267,17,13,1,5,1,
82,6,774,201,15,13,1,5,1,
82,9,714,233,10,9,1,5,1,
82,10,634,457,35,15,1,5,1,
82,16,729,289,34,12,1,5,1,
82,18,638,398,41,13,1,5,1,
82,19,496,420,123,33,1,5,1,
82,20,787,245,16,12,1,5,1,
82,21,849,312,29,21,1,5,1,
82,23,892,267,15,10,1,5,1,
82,24,781,219,12,9,1,5,1,
82,25,691,408,33,15,1,5,1,
82,26,810,400,26,14,1,5,1,
82,27,812,205,12,10,1,5,1,
82,29,633,331,13,12,1,5,1,
82,30,861,199,21,18,1,5,1,
82,31,817,290,23,12,1,5,1,
82,32,897,390,31,13,1,5,1,
82,33,693,330,9,8,1,5,1,
82,34,913,256,33,22,1,5,1,
82,36,732,388,25,16,1,5,1,
82,37,844,280,48,27,1,5,1,
83,1,922,234,13,10,1,5,1,
83,3,713,362,19,14,1,5,1,
83,5,755,267,17,13,1,5,1,
83,6,774,201,15,14,1,5,1,
83,9,715,234,10,8,1,5,1,
83,10,640,456,30,16,1,5,1,
83,16,734,289,34,12,1,5,1,
83,18,642,397,41,13,1,5,1,
83,19,508,422,125,34,1,5,1,
83,20,787,245,15,12,1,5,1,
83,21,850,311,30,22,1,5,1,
83,23,891,267,15,10,1,5,1,
83,24,779,219,13,10,1,5,1,
83,25,695,407,32,15,1,5,1,
83,26,808,399,26,13,1,5,1,
83,27,812,205,11,11,1,5,1,
83,29,634,331,12,11,1,5,1,
83,30,860,199,22,18,1,5,1,
83,31,815,290,24,11,1,5,1,
83,32,895,389,31,13,1,5,1,
83,33,693,330,9,8,1,5,1,
83,34,914,257,33,21,1,5,1,
83,36,735,387,25,16,1,5,1,
83,37,848,280,47,27,1,5,1,
84,1,921,234,13,10,1,5,1,
84,3,712,362,20,13,1,5,1,
84,5,755,267,17,13,1,5,1,
84,6,774,202,15,13,1,5,1,
84,9,715,234,10,8,1,5,1,
84,10,646,454,25,17,1,5,1,
84,16,739,288,34,13,1,5,1,
84,18,647,396,40,14,1,5,1,
84,19,519,425,128,34,1,5,1,
84,20,787,246,15,11,1,5,1,
84,21,851,311,30,21,1,5,1,
84,23,890,267,15,10,1,5,1,
84,24,777,219,15,11,1,5,1,
84,25,699,406,31,15,1,5,1,
84,26,806,398,26,13,1,5,1,
84,27,811,206,12,10,1,5,1,
84,29,634,330,13,12,1,5,1,
84,30,860,200,22,18,1,5,1,
84,31,813,290,24,11,1,5,1,
84,32,892,388,31,13,1,5,1,
84,33,692,330,10,7,1,5,1,
84,34,915,257,33,21,1,5,1,
84,36,739,386,23,16,1,5,1,
84,37,853,280,45,27,1,5,1,
85,1,920,234,13,10,1,5,1,
85,3,711,361,20,13,1,5,1,
85,5,754,267,17,13,1,5,1,
85,6,774,203,15,13,1,5,1,
85,9,716,234,10,8,1,5,1,
85,10,647,453,29,16,1,5,1,
85,16,743,288,35,12,1,5,1,
85,18,652,396,39,13,1,5,1,
85,19,531,427,130,33,1,5,1,
85,20,786,246,15,11,1,5,1,
85,21,856,310,28,21,1,5,1,
85,23,889,267,15,10,1,5,1,
85,24,777,220,13,10,1,5,1,
85,25,702,405,31,15,1,5,1,
85,26,804,397,26,13,1,5,1,
85,27,811,206,11,10,1,5,1,
85,29,634,330,13,11,1,5,1,
85,30,859,201,23,17,1,5,1,
85,31,811,290,25,11,1,5,1,
85,32,890,387,30,13,1,5,1,
85,33,691,329,11,8,1,5,1,
85,34,918,257,32,21,1,5,1,
85,36,739,385,26,16,1,5,1,
85,37,857,280,45,26,1,5,1,
86,1,920,235,12,9,1,5,1,
86,3,710,360,20,14,1,5,1,
86,5,754,267,17,13,1,5,1,
86,6,774,203,15,13,1,5,1,
86,9,717,234,10,8,1,5,1,
86,10,648,453,32,15,1,5,1,
86,16,748,288,35,12,1,5,1,
86,18,656,395,38,13,1,5,1,
86,19,543,429,132,33,1,5,1,
86,20,786,246,15,11,1,5,1,
86,21,858,310,29,20,1,5,1,
86,23,889,267,14,10,1,5,1,
86,24,778,220,12,9,1,5,1,
86,25,706,404,30,15,1,5,1,
86,26,802,396,26,13,1,5,1,
86,27,811,207,11,10,1,5,1,
86,29,634,329,13,12,1,5,1,
86,30,859,201,22,18,1,5,1,
86,31,810,290,24,11,1,5,1,
86,32,888,386,30,13,1,5,1,
86,33,691,329,11,7,1,5,1,
86,34,920,257,33,21,1,5,1,
86,36,741,384,27,16,1,5,1,
86,37,861,280,44,26,1,5,1,
87,1,919,235,12,9,1,5,1,
87,3,709,359,20,14,1,5,1,
87,5,754,267,17,13,1,5,1,
87,6,775,204,14,13,1,5,1,
87,9,717,235,10,8,1,5,1,
87,10,650,453,35,13,1,5,1,
87,16,753,288,34,12,1,5,1,
87,18,659,394,39,13,1,5,1,
87,19,556,431,134,32,1,5,1,
87,20,785,246,15,11,1,5,1,
87,21,860,309,28,21,1,5,1,
87,23,888,267,14,10,1,5,1,
87,24,778,221,13,9,1,5,1,
87,25,710,403,28,15,1,5,1,
87,26,800,395,26,13,1,5,1,
87,27,810,207,12,10,1,5,1,
87,29,633,329,14,11,1,5,1,
87,30,859,202,22,17,1,5,1,
87,31,808,290,24,10,1,5,1,
87,32,885,385,30,12,1,5,1,
87,33,690,328,11,8,1,5,1,
87,34,921,257,35,21,1,5,1,
87,36,744,383,26,16,1,5,1,
87,37,866,279,42,27,1,5,1,
88,1,918,235,12,10,1,5,1,
88,3,708,359,20,13,1,5,1,
88,5,754,267,17,13,1,5,1,
88,6,775,204,14,13,1,5,1,
88,9,718,235,10,8,1,5,1,
88,10,655,452,32,15,1,5,1,
88,16,758,288,33,12,1,5,1,
88,18,664,393,37,13,1,5,1,
88,19,569,432,136,32,1,5,1,
88,20,785,246,14,12,1,5,1,
88,21,862,309,28,20,1,5,1,
88,23,887,267,14,10,1,5,1,
88,24,779,221,12,9,1,5,1,
88,25,713,402,28,15,1,5,1,
88,26,798,394,25,12,1,5,1,
88,27,810,208,11,10,1,5,1,
88,29,633,328,15,12,1,5,1,
88,30,858,202,22,18,1,5,1,
88,31,806,289,25,11,1,5,1,
88,32,883,384,30,12,1,5,1,
88,33,689,328,11,7,1,5,1,
88,34,925,257,33,21,1,5,1,
88,36,748,382,24,16,1,5,1,
88,37,870,279,41,26,1,5,1,
89,1,917,235,12,10,1,5,1,
89,3,707,358,20,13,1,5,1,
89,5,754,267,16,13,1,5,1,
89,6,775,205,14,13,1,5,1,
89,9,719,235,9,8,1,5,1,
89,10,661,450,27,16,1,5,1,
89,16,763,288,32,12,1,5,1,
89,18,668,393,37,13,1,5,1,
89,19,583,432,136,33,1,5,1,
89,20,784,246,15,12,1,5,1,
89,21,864,308,27,20,1,5,1,
89,23,886,267,15,10,1,5,1,
89,24,778,221,12,9,1,5,1,
89,25,717,401,26,15,1,5,1,
89,26,796,393,25,12,1,5,1,
89,27,810,209,11,9,1,5,1,
89,29,633,328,15,11,1,5,1,
89,30,858,203,22,17,1,5,1,
89,31,804,289,25,11,1,5,1,
89,32,880,383,30,12,1,5,1,
89,33,689,327,11,8,1,5,1,
89,34,928,257,31,21,1,5,1,
89,36,751,381,23,16,1,5,1,
89,37,875,279,38,26,1,5,1,
90,1,916,236,12,9,1,5,1,
90,3,705,357,21,13,1,5,1,
90,5,754,268,16,12,1,5,1,
90,6,775,205,14,13,1,5,1,
90,9,719,236,10,7,1,5,1,
90,10,666,449,23,16,1,5,1,
90,16,768,288,32,11,1,5,1,
90,18,672,392,36,13,1,5,1,
90,19,596,433,138,33,1,5,1,
90,20,784,247,14,11,1,5,1,
90,21,866,308,27,20,1,5,1,
90,23,885,267,15,10,1,5,1,
90,24,777,222,12,8,1,5,1,
90,25,720,400,25,15,1,5,1,
90,26,793,392,26,12,1,5,1,
90,27,809,209,12,10,1,5,1,
90,29,632,327,16,11,1,5,1,
90,30,857,204,23,16,1,5,1,
90,31,801,289,27,10,1,5,1,
90,32,878,382,29,12,1,5,1,
90,33,688,327,11,7,1,5,1,
90,34,932,257,27,20,1,5,1,
90,36,754,380,22,16,1,5,1,
90,37,878,279,38,26,1,5,1,
91,1,915,236,12,9,1,5,1,
91,3,704,357,21,13,1,5,1,
91,5,753,268,16,12,1,5,1,
91,6,775,206,14,12,1,5,1,
91,9,719,236,10,8,1,5,1,
91,10,670,447,20,16,1,5,1,
91,16,772,288,32,11,1,5,1,
91,18,676,392,35,12,1,5,1,
91,19,610,434,138,33,1,5,1,
91,21,867,308,27,19,1,5,1,
91,23,884,267,15,10,1,5,1,
91,24,775,222,14,9,1,5,1,
91,25,723,400,24,14,1,5,1,
91,26,791,391,26,12,1,5,1,
91,27,809,210,12,9,1,5,1,
91,29,631,327,17,11,1,5,1,
91,30,857,204,22,17,1,5,1,
91,31,800,288,25,11,1,5,1,
91,32,876,382,29,11,1,5,1,
91,33,687,326,11,8,1,5,1,
91,34,934,257,25,20,1,5,1,
91,36,756,379,21,16,1,5,1,
91,37,882,279,37,25,1,5,1,
92,1,913,236,13,10,1,5,1,
92,3,703,356,20,13,1,5,1,
92,5,752,268,16,12,1,5,1,
92,6,774,206,15,13,1,5,1,
92,9,720,236,9,8,1,5,1,
92,10,673,445,18,16,1,5,1,
92,16,777,288,31,11,1,5,1,
92,18,680,391,35,13,1,5,1,
92,19,624,435,139,33,1,5,1,
92,21,868,307,27,19,1,5,1,
92,23,883,267,15,10,1,5,1,
92,24,773,222,16,10,1,5,1,
92,25,726,399,24,14,1,5,1,
92,26,789,390,26,12,1,5,1,
92,27,808,210,12,10,1,5,1,
92,29,630,326,18,11,1,5,1,
92,30,856,205,23,16,1,5,1,
92,31,798,288,24,10,1,5,1,
92,32,873,381,29,11,1,5,1,
92,33,686,326,11,7,1,5,1,
92,34,936,257,24,20,1,5,1,
92,36,759,379,20,15,1,5,1,
92,37,886,279,36,25,1,5,1,
93,1,912,237,13,9,1,5,1,
93,3,702,355,20,13,1,5,1,
93,5,752,268,15,12,1,5,1,
93,6,774,207,14,12,1,5,1,
93,9,720,236,9,8,1,5,1,
93,10,676,444,16,15,1,5,1,
93,16,781,287,31,12,1,5,1,
93,18,684,390,34,13,1,5,1,
93,19,638,435,140,34,1,5,1,
93,21,869,307,27,19,1,5,1,
93,23,882,267,15,10,1,5,1,
93,24,770,222,18,10,1,5,1,
93,25,729,398,23,14,1,5,1,
93,26,787,389,26,12,1,5,1,
93,27,807,211,12,9,1,5,1,
93,30,855,205,23,17,1,5,1,
93,31,796,288,24,10,1,5,1,
93,32,871,380,29,11,1,5,1,
93,34,937,258,23,19,1,5,1,
93,36,762,378,19,15,1,5,1,
93,37,889,279,35,25,1,5,1,
94,1,910,237,14,9,1,5,1,
94,3,700,355,21,12,1,5,1,
94,5,751,268,16,11,1,5,1,
94,6,774,207,14,13,1,5,1,
94,9,720,237,9,7,1,5,1,
94,10,678,443,15,14,1,5,1,
94,16,786,287,30,12,1,5,1,
94,18,688,390,33,12,1,5,1,
94,19,651,436,141,34,1,5,1,
94,21,870,306,27,19,1,5,1,
94,23,881,267,15,10,1,5,1,
94,24,770,223,16,9,1,5,1,
94,25,731,397,23,14,1,5,1,
94,27,806,211,13,9,1,5,1,
94,30,854,206,23,16,1,5,1,
94,31,794,288,24,10,1,5,1,
94,32,869,379,28,11,1,5,1,
94,34,939,258,21,19,1,5,1,
94,36,764,377,18,15,1,5,1,
94,37,892,279,35,25,1,5,1,
95,1,909,237,13,9,1,5,1,
95,3,699,354,20,12,1,5,1,
95,5,750,268,16,11,1,5,1,
95,6,773,208,14,12,1,5,1,
95,9,720,237,9,7,1,5,1,
95,10,680,442,14,14,1,5,1,
95,16,790,287,29,12,1,5,1,
95,18,691,389,33,13,1,5,1,
95,19,665,436,142,34,1,5,1,
95,21,871,306,27,18,1,5,1,
95,23,880,267,15,9,1,5,1,
95,24,769,223,14,9,1,5,1,
95,25,734,396,22,14,1,5,1,
95,27,806,212,12,9,1,5,1,
95,30,854,206,22,17,1,5,1,
95,31,792,288,24,10,1,5,1,
95,32,866,378,29,11,1,5,1,
95,34,941,258,19,19,1,5,1,
95,36,766,376,18,15,1,5,1,
95,37,894,279,35,24,1,5,1,
96,1,908,238,13,8,1,5,1,
96,5,749,268,16,11,1,5,1,
96,6,773,208,14,12,1,5,1,
96,9,720,237,9,8,1,5,1,
96,10,682,441,14,14,1,5,1,
96,16,794,287,29,11,1,5,1,
96,18,695,388,31,13,1,5,1,
96,19,679,437,142,34,1,5,1,
96,21,872,306,26,18,1,5,1,
96,23,879,268,14,8,1,5,1,
96,24,769,223,12,9,1,5,1,
96,25,736,395,21,14,1,5,1,
96,27,805,212,12,9,1,5,1,
96,30,853,207,23,16,1,5,1,
96,31,790,288,24,10,1,5,1,
96,32,864,377,29,11,1,5,1,
96,34,942,258,18,19,1,5,1,
96,36,769,375,16,15,1,5,1,
96,37,896,279,35,24,1,5,1,
97,1,906,238,14,9,1,5,1,
97,5,749,268,16,11,1,5,1,
97,6,773,209,13,12,1,5,1,
97,9,720,238,9,7,1,5,1,
97,10,684,439,13,15,1,5,1,
97,16,798,287,28,11,1,5,1,
97,18,699,388,30,12,1,5,1,
97,19,694,437,142,34,1,5,1,
97,21,873,305,25,18,1,5,1,
97,23,877,268,15,8,1,5,1,
97,24,769,224,11,9,1,5,1,
97,25,739,394,20,14,1,5,1,
97,27,804,213,13,9,1,5,1,
97,30,853,208,22,15,1,5,1,
97,31,788,288,24,9,1,5,1,
97,32,862,376,28,12,1,5,1,
97,34,943,258,17,19,1,5,1,
97,36,770,374,17,15,1,5,1,
97,37,899,279,34,24,1,5,1,
98,1,905,238,13,9,1,5,1,
98,5,748,268,16,11,1,5,1,
98,6,772,209,14,12,1,5,1,
98,9,720,238,9,7,1,5,1,
98,10,686,438,12,14,1,5,1,
98,16,802,287,28,11,1,5,1,
98,18,702,387,30,12,1,5,1,
98,19,709,437,141,35,1,5,1,
98,21,873,305,26,18,1,5,1,
98,23,876,268,15,8,1,5,1,
98,24,770,224,10,9,1,5,1,
98,25,741,393,20,14,1,5,1,
98,27,804,213,12,9,1,5,1,
98,30,852,208,23,16,1,5,1,
98,31,787,287,24,10,1,5,1,
98,32,860,376,28,11,1,5,1,
98,34,945,259,15,18,1,5,1,
98,36,772,373,16,15,1,5,1,
98,37,901,279,34,23,1,5,1,
99,1,903,238,14,9,1,5,1,
99,5,747,268,16,11,1,5,1,
99,6,772,210,13,12,1,5,1,
99,9,720,238,9,7,1,5,1,
99,10,687,437,12,14,1,5,1,
99,16,806,287,27,11,1,5,1,
99,18,705,386,30,13,1,5,1,
99,19,723,438,142,34,1,5,1,
99,21,873,304,26,18,1,5,1,
99,23,875,268,15,8,1,5,1,
99,24,768,225,12,8,1,5,1,
99,25,743,392,19,14,1,5,1,
99,27,803,214,12,8,1,5,1,
99,30,851,209,23,15,1,5,1,
99,31,785,287,24,10,1,5,1,
99,36,773,373,16,14,1,5,1,
99,37,902,279,35,23,1,5,1,
100,1,902,239,14,8,1,5,1,
100,5,746,268,17,11,1,5,1,
100,6,771,210,14,12,1,5,1,
100,9,720,238,9,7,1,5,1,
100,10,689,436,10,14,1,5,1,
100,16,810,287,27,11,1,5,1,
100,17,525,159,17,7,1,5,1,
100,18,708,386,29,12,1,5,1,
100,19,736,438,143,34,1,5,1,
100,21,874,304,25,17,1,5,1,
100,23,874,268,15,8,1,5,1,
100,24,766,225,15,8,1,5,1,
100,25,745,392,19,13,1,5,1,
100,27,802,214,13,9,1,5,1,
100,30,851,209,22,16,1,5,1,
100,31,783,287,24,10,1,5,1,
100,36,774,372,17,14,1,5,1,
100,37,904,279,34,23,1,5,1,
101,1,900,239,14,8,1,5,1,
101,5,745,268,17,11,1,5,1,
101,6,771,211,14,11,1,5,1,
101,9,719,239,9,7,1,5,1,
101,10,689,435,11,14,1,5,1,
101,16,814,287,26,11,1,5,1,
101,17,526,158,19,8,1,5,1,
101,18,712,385,28,12,1,5,1,
101,19,751,438,143,35,1,5,1,
101,21,874,304,25,17,1,5,1,
101,23,873,268,15,8,1,5,1,
101,24,764,225,16,8,1,5,1,
101,25,748,391,18,13,1,5,1,
101,27,801,215,13,8,1,5,1,
101,30,850,210,23,15,1,5,1,
101,31,781,287,24,10,1,5,1,
101,36,776,371,16,14,1,5,1,
101,37,906,278,34,24,1,5,1,
102,1,898,239,16,8,1,5,1,
102,5,744,268,18,11,1,5,1,
102,6,770,211,14,12,1,5,1,
102,9,719,239,9,7,1,5,1,
102,10,690,434,11,13,1,5,1,
102,16,817,287,26,10,1,5,1,
102,17,528,157,20,8,1,5,1,
102,18,715,384,27,13,1,5,1,
102,19,766,438,142,35,1,5,1,
102,21,874,303,25,17,1,5,1,
102,23,872,268,15,8,1,5,1,
102,24,761,225,18,9,1,5,1,
102,25,750,390,17,13,1,5,1,
102,27,800,215,13,9,1,5,1,
102,30,849,210,23,15,1,5,1,
102,31,779,287,25,9,1,5,1,
102,36,777,370,16,14,1,5,1,
102,37,908,278,33,23,1,5,1,
103,1,895,239,18,8,1,5,1,
103,5,743,268,18,11,1,5,1,
103,6,769,212,15,11,1,5,1,
103,9,719,239,8,7,1,5,1,
103,10,691,433,10,13,1,5,1,
103,16,821,286,25,11,1,5,1,
103,17,529,157,22,7,1,5,1,
103,18,718,384,26,12,1,5,1,
103,19,780,438,142,35,1,5,1,
103,21,874,303,25,17,1,5,1,
103,23,871,268,15,8,1,5,1,
103,24,758,226,20,8,1,5,1,
103,25,752,389,16,13,1,5,1,
103,27,799,215,13,9,1,5,1,
103,30,848,211,24,15,1,5,1,
103,31,777,287,25,9,1,5,1,
103,36,778,369,16,14,1,5,1,
103,37,909,278,34,23,1,5,1,
104,1,892,239,20,8,1,5,1,
104,5,742,268,18,11,1,5,1,
104,6,768,212,16,12,1,5,1,
104,9,718,239,9,7,1,5,1,
104,10,692,431,10,14,1,5,1,
104,16,824,286,25,11,1,5,1,
104,17,531,156,23,8,1,5,1,
104,18,721,383,26,12,1,5,1,
104,19,795,438,141,35,1,5,1,
104,21,875,303,23,16,1,5,1,
104,23,869,268,15,8,1,5,1,
104,24,757,226,18,8,1,5,1,
104,25,754,388,16,13,1,5,1,
104,27,798,216,14,8,1,5,1,
104,30,847,211,24,15,1,5,1,
104,36,779,368,16,15,1,5,1,
104,37,911,278,33,23,1,5,1,
105,1,889,240,21,7,1,5,1,
105,5,741,268,18,11,1,5,1,
105,6,768,213,15,11,1,5,1,
105,7,950,138,9,18,1,5,1,
105,9,718,240,8,6,1,5,1,
105,10,692,430,10,14,1,5,1,
105,16,828,286,24,11,1,5,1,
105,17,533,155,25,8,1,5,1,
105,18,724,382,25,12,1,5,1,
105,19,809,438,141,35,1,5,1,
105,21,875,302,23,17,1,5,1,
105,23,868,268,15,8,1,5,1,
105,24,757,226,15,8,1,5,1,
105,25,755,387,16,13,1,5,1,
105,27,797,216,14,9,1,5,1,
105,30,846,212,24,15,1,5,1,
105,36,780,368,16,14,1,5,1,
105,37,912,278,33,22,1,5,1,
106,1,886,240,22,7,1,5,1,
106,5,740,268,18,11,1,5,1,
106,6,767,213,15,11,1,5,1,
106,7,949,138,10,20,1,5,1,
106,9,717,240,9,7,1,5,1,
106,10,693,429,10,14,1,5,1,
106,16,831,286,24,11,1,5,1,
106,17,535,155,26,7,1,5,1,
106,18,727,382,24,12,1,5,1,
106,19,824,438,135,35,1,5,1,
106,21,875,302,23,16,1,5,1,
106,23,867,268,15,8,1,5,1,
106,24,757,227,13,8,1,5,1,
106,25,757,386,16,13,1,5,1,
106,27,796,217,13,8,1,5,1,
106,30,845,212,24,15,1,5,1,
106,36,781,367,15,14,1,5,1,
106,37,914,278,32,22,1,5,1,
107,1,884,240,21,8,1,5,1,
107,5,739,268,18,11,1,5,1,
107,6,766,214,16,11,1,5,1,
107,9,717,240,8,7,1,5,1,
107,10,693,428,10,13,1,5,1,
107,16,835,286,23,11,1,5,1,
107,17,538,154,27,8,1,5,1,
107,18,730,381,23,12,1,5,1,
107,19,839,438,121,35,1,5,1,
107,21,875,302,23,16,1,5,1,
107,23,865,268,15,8,1,5,1,
107,24,757,227,12,8,1,5,1,
107,25,759,386,15,12,1,5,1,
107,27,795,217,13,8,1,5,1,
107,30,844,213,24,14,1,5,1,
107,36,781,366,16,14,1,5,1,
107,37,915,278,33,22,1,5,1,
108,1,881,240,22,8,1,5,1,
108,5,737,268,19,11,1,5,1,
108,6,765,214,16,11,1,5,1,
108,7,949,141,10,18,1,5,1,
108,9,717,240,8,7,1,5,1,
108,10,693,427,10,13,1,5,1,
108,16,838,286,22,11,1,5,1,
108,17,540,153,28,8,1,5,1,
108,18,732,380,23,12,1,5,1,
108,19,853,438,107,35,1,5,1,
108,21,875,301,23,16,1,5,1,
108,23,864,268,15,8,1,5,1,
108,24,755,227,14,8,1,5,1,
108,25,761,385,14,12,1,5,1,
108,27,794,218,13,8,1,5,1,
108,30,842,213,25,15,1,5,1,
108,36,782,365,16,14,1,5,1,
108,37,917,278,32,22,1,5,1,
109,1,878,241,22,7,1,5,1,
109,5,736,268,18,11,1,5,1,
109,6,764,215,16,10,1,5,1,
109,7,948,141,11,20,1,5,1,
109,9,716,240,8,7,1,5,1,
109,10,693,426,11,13,1,5,1,
109,16,841,286,22,10,1,5,1,
109,17,543,153,29,8,1,5,1,
109,18,735,380,22,12,1,5,1,
109,19,868,438,92,30,1,5,1,
109,21,875,301,23,16,1,5,1,
109,23,863,268,15,8,1,5,1,
109,24,753,227,15,8,1,5,1,
109,25,762,384,15,12,1,5,1,
109,27,792,218,14,8,1,5,1,
109,30,841,214,25,14,1,5,1,
109,36,783,365,15,13,1,5,1,
109,37,918,278,32,21,1,5,1,
110,1,876,241,21,7,1,5,1,
110,5,735,268,18,10,1,5,1,
110,6,763,215,16,11,1,5,1,
110,7,948,142,12,20,1,5,1,
110,9,715,241,9,6,1,5,1,
110,10,694,424,10,14,1,5,1,
110,16,844,286,22,10,1,5,1,
110,17,546,152,30,8,1,5,1,
110,18,738,379,21,12,1,5,1,
110,19,883,440,77,27,1,5,1,
110,21,875,301,23,15,1,5,1,
110,23,861,268,15,8,1,5,1,
110,24,750,228,17,7,1,5,1,
110,25,764,383,14,13,1,5,1,
110,27,791,218,14,8,1,5,1,
110,30,839,214,26,14,1,5,1,
110,36,783,364,16,13,1,5,1,
110,37,919,278,32,21,1,5,1,
111,1,873,241,22,7,1,5,1,
111,5,733,268,19,10,1,5,1,
111,6,761,215,17,11,1,5,1,
111,7,947,143,12,20,1,5,1,
111,10,694,423,10,13,1,5,1,
111,16,847,286,22,10,1,5,1,
111,17,549,152,30,8,1,5,1,
111,18,740,378,20,12,1,5,1,
111,19,897,443,63,24,1,5,1,
111,21,875,300,23,16,1,5,1,
111,23,860,268,15,8,1,5,1,
111,24,747,228,19,8,1,5,1,
111,25,765,382,14,13,1,5,1,
111,27,790,219,14,8,1,5,1,
111,28,523,450,30,16,1,5,1,
111,30,838,215,26,13,1,5,1,
111,36,784,363,15,13,1,5,1,
111,37,920,278,32,21,1,5,1,
112,1,870,242,22,7,1,5,1,
112,5,732,268,19,10,1,5,1,
112,6,760,216,17,10,1,5,1,
112,7,946,144,13,20,1,5,1,
112,10,694,422,10,13,1,5,1,
112,16,850,286,21,10,1,5,1,
112,17,552,151,31,8,1,5,1,
112,18,742,378,20,11,1,5,1,
112,19,912,446,48,19,1,5,1,
112,21,876,300,22,15,1,5,1,
112,23,858,268,15,8,1,5,1,
112,24,744,228,20,8,1,5,1,
112,25,766,382,14,12,1,5,1,
112,27,788,219,15,8,1,5,1,
112,28,524,452,32,15,1,5,1,
112,30,836,215,27,14,1,5,1,
112,36,784,362,15,13,1,5,1,
112,37,921,278,32,21,1,5,1,
113,1,867,242,22,7,1,5,1,
113,5,730,268,20,10,1,5,1,
113,7,946,145,13,20,1,5,1,
113,16,853,286,21,10,1,5,1,
113,17,555,150,32,9,1,5,1,
113,18,745,377,19,12,1,5,1,
113,21,876,300,22,15,1,5,1,
113,23,856,268,16,8,1,5,1,
113,25,767,381,14,12,1,5,1,
113,27,787,220,14,7,1,5,1,
113,28,525,453,35,15,1,5,1,
113,30,835,215,26,14,1,5,1,
113,36,784,361,16,14,1,5,1,
113,37,922,278,31,20,1,5,1,
114,1,864,242,23,7,1,5,1,
114,5,729,268,19,10,1,5,1,
114,7,945,147,14,19,1,5,1,
114,16,855,285,21,11,1,5,1,
114,17,558,150,33,8,1,5,1,
114,18,746,376,19,12,1,5,1,
114,21,876,299,22,15,1,5,1,
114,23,855,268,15,8,1,5,1,
114,25,768,380,14,12,1,5,1,
114,28,527,455,37,14,1,5,1,
114,30,833,216,27,13,1,5,1,
114,36,785,361,15,13,1,5,1,
114,37,923,278,31,20,1,5,1,
115,1,862,242,22,7,1,5,1,
115,5,727,268,20,10,1,5,1,
115,7,944,148,15,19,1,5,1,
115,16,858,285,21,11,1,5,1,
115,17,560,150,35,8,1,5,1,
115,18,748,376,19,11,1,5,1,
115,21,877,299,21,15,1,5,1,
115,23,854,268,15,8,1,5,1,
115,25,769,379,14,12,1,5,1,
115,28,528,456,40,14,1,5,1,
115,30,832,216,26,14,1,5,1,
115,36,785,360,15,13,1,5,1,
115,37,924,278,31,20,1,5,1,
116,1,859,243,22,6,1,5,1,
116,5,726,268,19,10,1,5,1,
116,7,943,146,17,22,1,5,1,
116,16,861,285,20,10,1,5,1,
116,17,564,149,35,8,1,5,1,
116,18,750,375,18,12,1,5,1,
116,21,877,299,21,15,1,5,1,
116,23,852,268,15,8,1,5,1,
116,25,770,378,14,12,1,5,1,
116,28,531,457,42,14,1,5,1,
116,30,830,217,27,13,1,5,1,
116,36,785,359,15,13,1,5,1,
116,37,925,278,30,20,1,5,1,
117,1,856,243,23,7,1,5,1,
117,5,724,268,20,10,1,5,1,
117,7,942,147,17,22,1,5,1,
117,16,863,285,21,10,1,5,1,
117,17,567,149,36,8,1,5,1,
117,18,752,374,18,12,1,5,1,
117,21,877,299,21,14,1,5,1,
117,23,851,268,15,8,1,5,1,
117,25,771,378,14,12,1,5,1,
117,28,533,459,44,13,1,5,1,
117,30,828,217,27,13,1,5,1,
117,36,785,359,15,12,1,5,1,
117,37,926,278,30,20,1,5,1,
118,1,853,243,23,7,1,5,1,
118,5,722,268,21,10,1,5,1,
118,7,942,148,17,22,1,5,1,
118,16,866,285,20,10,1,5,1,
118,17,571,148,36,8,1,5,1,
118,18,754,374,17,11,1,5,1,
118,21,878,298,20,15,1,5,1,
118,23,850,268,14,8,1,5,1,
118,25,772,377,13,12,1,5,1,
118,28,536,460,45,13,1,5,1,
118,36,785,358,15,13,1,5,1,
118,37,927,278,30,19,1,5,1,
119,1,851,243,23,7,1,5,1,
119,5,720,268,21,10,1,5,1,
119,7,941,150,18,21,1,5,1,
119,16,868,285,20,10,1,5,1,
119,17,574,148,38,8,1,5,1,
119,18,756,373,17,12,1,5,1,
119,21,878,298,21,14,1,5,1,
119,23,850,268,12,8,1,5,1,
119,25,773,376,13,12,1,5,1,
119,28,539,461,47,13,1,5,1,
119,36,785,357,15,13,1,5,1,
119,37,927,278,30,19,1,5,1,
120,1,848,243,23,7,1,5,1,
120,7,940,151,19,21,1,5,1,
120,16,870,285,23,10,1,5,1,
120,17,578,148,38,8,1,5,1,
120,18,758,372,16,12,1,5,1,
120,21,879,298,20,14,1,5,1,
120,23,850,269,10,7,1,5,1,
120,25,774,375,13,12,1,5,1,
120,28,542,462,48,13,1,5,1,
120,36,786,357,14,12,1,5,1,
120,37,929,277,29,20,1,5,1,
121,1,845,244,23,6,1,5,1,
121,7,939,152,20,21,1,5,1,
121,16,871,285,27,10,1,5,1,
121,17,582,147,38,8,1,5,1,
121,18,759,372,16,11,1,5,1,
121,21,880,298,20,14,1,5,1,
121,23,849,269,11,7,1,5,1,
121,25,775,375,13,11,1,5,1,
121,28,545,463,50,13,1,5,1,
121,36,785,356,14,12,1,5,1,
121,37,930,278,29,19,1,5,1,
122,1,843,244,22,6,1,5,1,
122,7,938,153,21,21,1,5,1,
122,16,874,285,29,10,1,5,1,
122,17,585,147,39,8,1,5,1,
122,18,761,371,15,12,1,5,1,
122,21,881,297,19,14,1,5,1,
122,23,848,269,11,7,1,5,1,
122,25,775,374,13,11,1,5,1,
122,28,549,464,50,13,1,5,1,
122,36,784,355,15,12,1,5,1,
122,37,931,278,28,19,1,5,1,
123,7,937,154,20,21,1,5,1,
123,16,877,285,30,10,1,5,1,
123,17,589,147,39,8,1,5,1,
123,18,763,370,14,12,1,5,1,
123,21,881,297,19,14,1,5,1,
123,23,848,269,11,7,1,5,1,
123,25,776,373,13,12,1,5,1,
123,28,552,464,52,14,1,5,1,
123,36,784,354,14,13,1,5,1,
123,37,932,277,27,19,1,5,1,
124,7,936,156,20,20,1,5,1,
124,16,880,285,30,10,1,5,1,
124,17,593,147,39,8,1,5,1,
124,18,764,370,15,11,1,5,1,
124,21,882,297,19,14,1,5,1,
124,23,847,269,11,7,1,5,1,
124,25,777,373,13,11,1,5,1,
124,28,556,465,52,13,1,5,1,
124,36,784,353,14,13,1,5,1,
124,37,933,277,26,19,1,5,1,
125,7,935,157,20,20,1,5,1,
125,16,884,286,28,9,1,5,1,
125,17,597,146,39,9,1,5,1,
125,18,765,369,15,11,1,5,1,
125,21,883,297,19,13,1,5,1,
125,23,846,269,11,7,1,5,1,
125,25,777,372,13,11,1,5,1,
125,28,560,465,53,14,1,5,1,
125,36,783,353,14,12,1,5,1,
125,37,934,278,25,18,1,5,1,
126,7,934,158,20,19,1,5,1,
126,16,889,286,26,9,1,5,1,
126,17,600,146,40,8,1,5,1,
126,18,767,368,14,12,1,5,1,
126,21,883,297,20,13,1,5,1,
126,23,845,269,12,7,1,5,1,
126,25,778,371,13,11,1,5,1,
126,28,564,466,54,14,1,5,1,
126,36,783,352,14,12,1,5,1,
126,37,935,278,24,18,1,5,1,
127,7,933,159,20,19,1,5,1,
127,16,893,286,25,9,1,5,1,
127,17,604,146,41,8,1,5,1,
127,18,768,368,14,11,1,5,1,
127,21,884,296,19,14,1,5,1,
127,23,844,269,12,7,1,5,1,
127,25,779,370,12,12,1,5,1,
127,28,568,466,54,14,1,5,1,
127,36,782,351,14,13,1,5,1,
127,37,936,278,23,18,1,5,1,
128,7,931,160,21,19,1,5,1,
128,16,897,286,24,9,1,5,1,
128,17,609,146,40,8,1,5,1,
128,18,770,367,13,11,1,5,1,
128,21,885,296,19,13,1,5,1,
128,23,844,269,11,7,1,5,1,
128,25,779,370,13,11,1,5,1,
128,28,572,467,54,13,1,5,1,
128,36,782,351,14,12,1,5,1,
128,37,937,278,22,18,1,5,1,
129,7,930,161,21,19,1,5,1,
129,16,900,286,25,9,1,5,1,
129,17,613,146,40,8,1,5,1,
129,18,771,367,13,11,1,5,1,
129,21,886,296,19,13,1,5,1,
129,23,843,269,11,7,1,5,1,
129,25,780,369,12,11,1,5,1,
129,28,576,467,55,14,1,5,1,
129,36,781,350,14,12,1,5,1,
129,37,938,277,21,18,1,5,1,
130,7,929,162,21,19,1,5,1,
130,16,903,286,25,9,1,5,1,
130,17,617,146,40,8,1,5,1,
130,18,772,366,13,11,1,5,1,
130,21,887,296,18,13,1,5,1,
130,23,842,269,11,7,1,5,1,
130,25,780,368,13,11,1,5,1,
130,28,581,467,54,14,1,5,1,
130,36,781,349,14,12,1,5,1,
130,37,939,277,21,18,1,5,1,
131,7,927,163,22,19,1,5,1,
131,16,906,286,26,9,1,5,1,
131,17,621,146,40,8,1,5,1,
131,18,773,365,13,11,1,5,1,
131,21,887,296,19,12,1,5,1,
131,23,841,269,11,7,1,5,1,
131,25,781,368,12,11,1,5,1,
131,28,585,467,55,14,1,5,1,
131,36,780,349,14,12,1,5,1,
131,37,940,277,19,18,1,5,1,
132,7,926,164,22,18,1,5,1,
132,16,910,286,25,9,1,5,1,
132,17,625,146,40,8,1,5,1,
132,18,774,365,13,11,1,5,1,
132,21,888,295,19,13,1,5,1,
132,23,841,269,11,7,1,5,1,
132,25,782,367,12,11,1,5,1,
132,28,590,467,54,14,1,5,1,
132,34,952,265,7,10,1,5,1,
132,36,779,348,15,12,1,5,1,
132,37,941,277,18,18,1,5,1,
133,7,924,165,23,18,1,5,1,
133,16,913,286,25,9,1,5,1,
133,17,629,146,40,8,1,5,1,
133,18,775,364,13,11,1,5,1,
133,21,889,295,18,13,1,5,1,
133,23,840,269,11,7,1,5,1,
133,25,782,367,12,10,1,5,1,
133,28,594,467,54,14,1,5,1,
133,34,945,263,14,12,1,5,1,
133,36,780,348,13,11,1,5,1,
133,37,942,278,18,17,1,5,1,
134,7,922,166,24,18,1,5,1,
134,16,916,286,26,9,1,5,1,
134,17,634,146,39,8,1,5,1,
134,18,776,364,13,10,1,5,1,
134,21,890,295,18,13,1,5,1,
134,25,783,366,12,10,1,5,1,
134,28,599,467,53,15,1,5,1,
134,34,940,262,19,13,1,5,1,
134,36,781,348,12,11,1,5,1,
134,37,943,278,17,16,1,5,1,
135,7,920,167,25,18,1,5,1,
135,16,919,286,26,9,1,5,1,
135,17,637,146,39,8,1,5,1,
135,18,777,363,13,11,1,5,1,
135,21,891,295,18,12,1,5,1,
135,25,784,365,12,11,1,5,1,
135,28,603,467,53,15,1,5,1,
135,34,937,262,22,14,1,5,1,
135,36,782,348,11,10,1,5,1,
135,37,944,279,16,15,1,5,1,
136,7,918,168,25,18,1,5,1,
136,16,923,287,25,8,1,5,1,
136,17,642,146,38,8,1,5,1,
136,18,778,363,14,10,1,5,1,
136,21,892,295,17,12,1,5,1,
136,25,785,365,12,10,1,5,1,
136,28,608,467,52,15,1,5,1,
136,34,932,262,28,14,1,5,1,
136,36,783,348,11,10,1,5,1,
136,37,942,278,18,16,1,5,1,
137,7,916,169,26,17,1,5,1,
137,16,926,287,25,8,1,5,1,
137,17,646,146,38,8,1,5,1,
137,18,779,362,14,11,1,5,1,
137,21,892,295,18,12,1,5,1,
137,25,786,364,12,10,1,5,1,
137,28,612,467,52,14,1,5,1,
137,34,929,262,30,14,1,5,1,
137,36,784,348,12,10,1,5,1,
137,37,941,277,19,17,1,5,1,
138,7,914,170,26,17,1,5,1,
138,16,930,287,24,8,1,5,1,
138,17,649,146,39,8,1,5,1,
138,18,780,362,14,10,1,5,1,
138,21,893,294,17,13,1,5,1,
138,25,787,364,12,10,1,5,1,
138,28,617,467,51,14,1,5,1,
138,34,925,262,34,14,1,5,1,
138,36,784,348,12,9,1,5,1,
138,37,939,276,20,18,1,5,1,
139,7,911,171,28,17,1,5,1,
139,16,933,287,23,8,1,5,1,
139,17,653,146,38,8,1,5,1,
139,18,782,361,12,11,1,5,1,
139,21,893,294,18,12,1,5,1,
139,25,787,363,12,10,1,5,1,
139,28,621,467,51,14,1,5,1,
139,34,921,262,38,14,1,5,1,
139,36,784,347,12,10,1,5,1,
139,37,937,276,22,17,1,5,1,
140,7,908,172,29,17,1,5,1,
140,16,937,287,21,8,1,5,1,
140,17,658,146,37,8,1,5,1,
140,18,781,360,13,11,1,5,1,
140,21,894,294,17,12,1,5,1,
140,25,787,362,12,11,1,5,1,
140,28,626,467,50,14,1,5,1,
140,34,917,262,42,14,1,5,1,
140,36,783,347,13,9,1,5,1,
140,37,935,276,24,17,1,5,1,
141,7,905,172,30,18,1,5,1,
141,16,941,286,17,9,1,5,1,
141,17,661,146,38,8,1,5,1,
141,18,781,360,12,10,1,5,1,
141,21,894,294,17,12,1,5,1,
141,25,787,362,12,10,1,5,1,
141,28,630,467,50,14,1,5,1,
141,34,913,262,46,14,1,5,1,
141,36,783,346,13,9,1,5,1,
141,37,932,277,27,17,1,5,1,
142,7,902,173,31,18,1,5,1,
142,16,945,285,14,9,1,5,1,
142,17,665,146,37,8,1,5,1,
142,18,780,359,13,11,1,5,1,
142,21,894,294,17,11,1,5,1,
142,25,787,361,12,10,1,5,1,
142,28,634,466,49,14,1,5,1,
142,34,909,262,50,14,1,5,1,
142,36,782,345,14,10,1,5,1,
142,37,930,277,29,17,1,5,1,
143,7,899,174,32,17,1,5,1,
143,16,948,285,11,8,1,5,1,
143,17,669,146,36,8,1,5,1,
143,18,779,358,14,11,1,5,1,
143,21,894,293,17,12,1,5,1,
143,25,787,360,11,11,1,5,1,
143,28,639,466,48,14,1,5,1,
143,34,905,262,54,14,1,5,1,
143,36,781,345,15,9,1,5,1,
143,37,929,277,30,17,1,5,1,
144,7,898,175,30,17,1,5,1,
144,16,948,284,11,9,1,5,1,
144,17,673,146,36,9,1,5,1,
144,18,778,358,15,10,1,5,1,
144,21,894,293,17,12,1,5,1,
144,25,786,360,12,10,1,5,1,
144,28,643,466,47,14,1,5,1,
144,34,903,262,56,14,1,5,1,
144,36,780,344,16,10,1,5,1,
144,37,928,277,29,16,1,5,1,
145,7,895,177,29,16,1,5,1,
145,16,948,284,11,8,1,5,1,
145,17,677,147,35,8,1,5,1,
145,18,777,357,15,10,1,5,1,
145,21,894,293,17,12,1,5,1,
145,25,786,359,11,10,1,5,1,
145,28,648,465,46,14,1,5,1,
145,34,900,262,53,13,1,5,1,
145,36,780,344,16,9,1,5,1,
145,37,926,277,29,16,1,5,1,
146,7,893,177,29,17,1,5,1,
146,16,947,283,12,9,1,5,1,
146,17,681,147,35,8,1,5,1,
146,18,776,356,16,11,1,5,1,
146,21,894,293,16,11,1,5,1,
146,25,785,359,11,9,1,5,1,
146,28,652,465,45,14,1,5,1,
146,34,896,262,53,14,1,5,1,
146,36,779,343,16,9,1,5,1,
146,37,925,277,28,16,1,5,1,
147,7,890,178,29,16,1,5,1,
147,16,947,283,12,8,1,5,1,
147,17,684,147,35,8,1,5,1,
147,21,893,293,17,11,1,5,1,
147,25,784,358,12,10,1,5,1,
147,28,656,464,44,14,1,5,1,
147,34,893,263,52,13,1,5,1,
147,36,778,343,16,9,1,5,1,
147,37,923,277,28,16,1,5,1,
148,7,887,179,30,16,1,5,1,
148,16,946,282,13,9,1,5,1,
148,17,688,147,34,8,1,5,1,
148,21,893,293,17,11,1,5,1,
148,28,660,464,43,14,1,5,1,
148,34,889,263,53,13,1,5,1,
148,37,922,277,28,16,1,5,1,
149,7,884,180,31,16,1,5,1,
149,16,945,282,13,9,1,5,1,
149,17,690,147,35,9,1,5,1,
149,21,893,293,16,11,1,5,1,
149,28,663,463,44,14,1,5,1,
149,34,886,263,53,13,1,5,1,
149,37,920,277,29,15,1,5,1,
150,7,882,181,31,16,1,5,1,
150,16,943,282,13,9,1,5,1,
150,17,694,148,34,8,1,5,1,
150,21,892,292,16,11,1,5,1,
150,28,666,463,44,14,1,5,1,
150,34,882,263,54,13,1,5,1,
150,37,919,277,29,15,1,5,1,
