1,1,135,347,67,12,1,5,1,
1,2,482,372,45,23,1,5,1,
1,3,401,84,114,65,1,5,1,
1,4,534,400,71,16,1,5,1,
1,5,619,40,125,33,1,5,1,
1,6,345,41,23,35,1,5,1,
1,7,765,93,34,33,1,5,1,
1,8,24,483,68,50,1,5,1,
1,9,395,424,57,38,1,5,1,
1,10,188,94,132,53,1,5,1,
2,1,139,346,71,13,1,5,1,
2,2,483,373,52,22,1,5,1,
2,3,405,88,120,63,1,5,1,
2,4,537,400,73,17,1,5,1,
2,5,609,39,131,38,1,5,1,
2,6,346,43,26,37,1,5,1,
2,7,763,91,33,33,1,5,1,
2,8,19,484,71,54,1,5,1,
2,9,392,425,57,42,1,5,1,
2,10,184,88,131,57,1,5,1,
3,1,145,346,73,12,1,5,1,
3,2,484,374,59,22,1,5,1,
3,3,410,94,130,57,1,5,1,
3,4,541,401,74,16,1,5,1,
3,5,601,38,132,45,1,5,1,
3,6,346,45,31,38,1,5,1,
3,7,760,90,32,32,1,5,1,
3,8,16,487,69,55,1,5,1,
3,9,391,426,53,45,1,5,1,
3,10,183,82,123,62,1,5,1,
4,1,156,345,69,12,1,5,1,
4,2,487,376,64,21,1,5,1,
4,3,419,102,135,50,1,5,1,
4,4,548,401,71,16,1,5,1,
4,5,594,37,126,51,1,5,1,
4,6,347,48,34,38,1,5,1,
4,7,749,89,37,29,1,5,1,
4,8,14,490,63,53,1,5,1,
4,9,391,429,45,47,1,5,1,
4,10,183,76,109,67,1,5,1,
5,1,165,345,66,12,1,5,1,
5,2,490,378,69,19,1,5,1,
5,3,429,108,139,47,1,5,1,
5,4,554,401,68,15,1,5,1,
5,5,588,36,120,58,1,5,1,
5,6,348,51,38,38,1,5,1,
5,7,736,89,53,28,1,5,1,
5,8,13,494,56,49,1,5,1,
5,9,392,431,37,50,1,5,1,
5,10,187,70,92,70,1,5,1,
6,1,174,345,63,12,1,5,1,
6,2,495,379,72,19,1,5,1,
6,3,440,113,133,44,1,5,1,
6,4,561,400,64,16,1,5,1,
6,5,583,37,111,63,1,5,1,
6,6,350,54,40,38,1,5,1,
6,7,723,89,69,28,1,5,1,
6,8,12,498,48,46,1,5,1,
6,9,391,434,30,52,1,5,1,
6,10,193,64,72,73,1,5,1,
7,1,183,345,59,12,1,5,1,
7,2,500,380,74,19,1,5,1,
7,3,453,115,125,43,1,5,1,
7,4,568,399,61,16,1,5,1,
7,5,580,38,101,67,1,5,1,
7,6,352,57,44,38,1,5,1,
7,7,710,89,84,29,1,5,1,
7,8,11,503,40,41,1,5,1,
7,9,391,436,24,55,1,5,1,
7,10,192,58,60,76,1,5,1,
8,1,192,346,54,12,1,5,1,
8,2,505,382,77,17,1,5,1,
8,3,467,117,113,43,1,5,1,
8,4,575,398,58,16,1,5,1,
8,5,576,40,92,69,1,5,1,
8,6,354,61,47,36,1,5,1,
8,7,696,90,98,29,1,5,1,
8,8,10,508,33,36,1,5,1,
8,9,391,439,25,57,1,5,1,
8,10,192,53,62,76,1,5,1,
9,1,200,346,52,12,1,5,1,
9,2,511,382,79,18,1,5,1,
9,3,482,118,99,44,1,5,1,
9,4,580,398,56,15,1,5,1,
9,5,572,44,84,69,1,5,1,
9,6,357,65,49,34,1,5,1,
9,7,682,91,111,31,1,5,1,
9,8,9,513,27,31,1,5,1,
9,9,393,443,26,58,1,5,1,
9,10,195,48,63,77,1,5,1,
10,1,207,346,51,13,1,5,1,
10,2,518,383,79,17,1,5,1,
10,3,497,120,83,44,1,5,1,
10,4,586,397,54,16,1,5,1,
10,5,569,49,76,67,1,5,1,
10,6,360,69,51,32,1,5,1,
10,7,668,92,121,34,1,5,1,
10,8,8,517,24,27,1,5,1,
10,9,394,447,30,58,1,5,1,
10,10,201,44,63,76,1,5,1,
11,1,213,347,52,12,1,5,1,
11,2,525,383,80,18,1,5,1,
11,3,511,122,67,44,1,5,1,
11,4,591,396,52,16,1,5,1,
11,5,567,54,67,65,1,5,1,
11,6,364,73,52,29,1,5,1,
11,7,655,90,129,41,1,5,1,
11,8,8,521,23,23,1,5,1,
11,9,393,451,40,58,1,5,1,
11,10,199,40,82,74,1,5,1,
12,1,219,347,52,13,1,5,1,
12,2,532,384,81,17,1,5,1,
12,3,524,123,53,46,1,5,1,
12,4,596,395,50,16,1,5,1,
12,5,564,60,61,61,1,5,1,
12,6,368,77,54,26,1,5,1,
12,7,643,89,134,46,1,5,1,
12,8,9,525,16,19,1,5,1,
12,9,391,455,53,58,1,5,1,
12,10,195,38,107,70,1,5,1,
13,1,225,347,53,13,1,5,1,
13,2,539,384,82,17,1,5,1,
13,3,536,126,41,45,1,5,1,
13,4,600,394,49,16,1,5,1,
13,5,561,66,55,57,1,5,1,
13,6,373,81,54,24,1,5,1,
13,7,632,89,136,51,1,5,1,
13,8,8,528,15,16,1,5,1,
13,9,390,460,65,55,1,5,1,
13,10,189,36,135,66,1,5,1,
14,1,230,348,54,12,1,5,1,
14,2,546,384,82,18,1,5,1,
14,3,546,128,30,46,1,5,1,
14,4,605,394,47,16,1,5,1,
14,5,558,72,50,53,1,5,1,
14,6,377,85,55,21,1,5,1,
14,7,622,90,135,55,1,5,1,
14,9,389,465,78,52,1,5,1,
14,10,183,35,163,60,1,5,1,
15,1,236,348,55,13,1,5,1,
15,2,553,384,83,18,1,5,1,
15,3,547,130,28,47,1,5,1,
15,4,609,393,46,16,1,5,1,
15,5,556,78,46,49,1,5,1,
15,6,381,88,56,19,1,5,1,
15,7,613,91,133,59,1,5,1,
15,9,390,470,90,48,1,5,1,
15,10,180,35,188,58,1,5,1,
16,1,241,348,56,13,1,5,1,
16,2,560,385,83,17,1,5,1,
16,3,547,133,28,46,1,5,1,
16,4,613,392,45,16,1,5,1,
16,5,555,82,41,48,1,5,1,
16,6,386,91,56,16,1,5,1,
16,7,605,92,129,62,1,5,1,
16,9,393,475,100,43,1,5,1,
16,10,178,34,210,59,1,5,1,
17,1,247,349,57,12,1,5,1,
17,2,567,385,83,17,1,5,1,
17,3,548,136,27,44,1,5,1,
17,4,617,391,43,16,1,5,1,
17,5,555,86,35,46,1,5,1,
17,6,390,94,56,14,1,5,1,
17,7,600,95,121,64,1,5,1,
17,9,396,480,109,40,1,5,1,
17,10,180,33,226,60,1,5,1,
18,1,253,349,58,13,1,5,1,
18,2,575,385,83,17,1,5,1,
18,3,548,139,27,43,1,5,1,
18,4,621,390,42,16,1,5,1,
18,5,554,90,31,44,1,5,1,
18,6,395,95,55,13,1,5,1,
18,7,595,98,112,65,1,5,1,
18,9,402,484,114,37,1,5,1,
18,10,184,32,239,61,1,5,1,
19,1,259,349,59,13,1,5,1,
19,2,582,385,83,17,1,5,1,
19,3,549,142,26,42,1,5,1,
19,4,625,389,40,16,1,5,1,
19,5,553,94,27,42,1,5,1,
19,6,399,95,56,14,1,5,1,
19,7,592,102,102,64,1,5,1,
19,9,408,488,119,35,1,5,1,
19,10,193,32,247,60,1,5,1,
20,1,265,349,60,13,1,5,1,
20,2,590,385,81,17,1,5,1,
20,3,551,145,25,41,1,5,1,
20,4,629,388,37,17,1,5,1,
20,5,552,97,23,41,1,5,1,
20,6,404,96,55,13,1,5,1,
20,7,591,107,88,62,1,5,1,
20,9,417,490,122,35,1,5,1,
20,10,206,31,251,61,1,5,1,
21,1,272,350,60,13,1,5,1,
21,2,598,385,78,16,1,5,1,
21,3,551,148,25,39,1,5,1,
21,4,633,387,33,17,1,5,1,
21,5,552,100,19,40,1,5,1,
21,6,408,96,55,14,1,5,1,
21,7,590,111,76,62,1,5,1,
21,9,426,492,125,35,1,5,1,
21,10,219,31,254,61,1,5,1,
22,1,278,350,61,13,1,5,1,
22,2,606,384,74,17,1,5,1,
22,3,552,151,25,38,1,5,1,
22,4,638,386,27,17,1,5,1,
22,5,553,103,18,39,1,5,1,
22,6,413,97,54,13,1,5,1,
22,7,591,117,62,58,1,5,1,
22,9,437,494,126,34,1,5,1,
22,10,235,30,255,62,1,5,1,
23,1,285,350,62,13,1,5,1,
23,2,615,383,68,17,1,5,1,
23,3,553,154,24,36,1,5,1,
23,4,643,385,23,17,1,5,1,
23,5,553,106,18,38,1,5,1,
23,6,417,98,54,13,1,5,1,
23,7,590,122,51,56,1,5,1,
23,9,446,496,129,34,1,5,1,
23,10,250,30,257,62,1,5,1,
24,1,292,350,62,13,1,5,1,
24,2,624,382,63,18,1,5,1,
24,3,554,156,24,36,1,5,1,
24,4,648,384,18,18,1,5,1,
24,5,554,109,18,36,1,5,1,
24,6,422,99,52,13,1,5,1,
24,7,589,127,41,53,1,5,1,
24,9,457,498,130,33,1,5,1,
24,10,267,30,257,62,1,5,1,
25,1,298,351,63,13,1,5,1,
25,2,632,382,60,17,1,5,1,
25,3,556,159,23,34,1,5,1,
25,4,651,383,14,18,1,5,1,
25,5,556,112,17,35,1,5,1,
25,6,426,99,52,13,1,5,1,
25,7,590,132,30,50,1,5,1,
25,9,468,501,131,30,1,5,1,
25,10,283,30,258,62,1,5,1,
26,1,305,351,64,13,1,5,1,
26,2,639,381,56,17,1,5,1,
26,3,557,161,23,33,1,5,1,
26,4,650,382,15,18,1,5,1,
26,5,555,115,20,33,1,5,1,
26,6,431,100,50,13,1,5,1,
26,7,592,137,23,46,1,5,1,
26,9,479,502,131,29,1,5,1,
26,10,300,30,257,62,1,5,1,
27,1,312,351,64,13,1,5,1,
27,2,646,380,52,17,1,5,1,
27,3,559,164,22,31,1,5,1,
27,4,650,381,15,18,1,5,1,
27,5,554,118,23,32,1,5,1,
27,6,435,100,50,14,1,5,1,
27,7,595,142,22,43,1,5,1,
27,9,490,501,129,28,1,5,1,
27,10,316,30,257,63,1,5,1,
28,1,319,351,65,13,1,5,1,
28,2,653,379,48,17,1,5,1,
28,3,560,166,22,31,1,5,1,
28,4,649,380,15,18,1,5,1,
28,5,553,120,27,31,1,5,1,
28,6,439,101,49,14,1,5,1,
28,7,597,146,25,39,1,5,1,
28,9,503,498,124,29,1,5,1,
28,10,333,31,256,63,1,5,1,
29,1,326,351,65,14,1,5,1,
29,2,659,377,42,18,1,5,1,
29,3,561,168,23,30,1,5,1,
29,4,649,379,15,18,1,5,1,
29,5,553,123,31,29,1,5,1,
29,6,444,101,47,14,1,5,1,
29,7,594,150,34,36,1,5,1,
29,9,515,496,121,29,1,5,1,
29,10,350,31,256,63,1,5,1,
30,1,334,352,65,13,1,5,1,
30,2,666,376,34,18,1,5,1,
30,3,560,170,31,29,1,5,1,
30,4,648,378,16,17,1,5,1,
30,5,553,125,36,29,1,5,1,
30,6,448,102,46,14,1,5,1,
30,7,592,154,44,33,1,5,1,
30,9,528,495,117,28,1,5,1,
30,10,368,32,254,62,1,5,1,
31,1,340,352,67,13,1,5,1,
31,2,672,375,33,18,1,5,1,
31,3,559,172,38,28,1,5,1,
31,4,647,377,17,17,1,5,1,
31,5,553,127,41,28,1,5,1,
31,6,452,102,45,15,1,5,1,
31,7,591,158,53,30,1,5,1,
31,9,539,493,115,29,1,5,1,
31,10,383,33,256,61,1,5,1,
32,1,348,352,67,13,1,5,1,
32,2,676,375,34,16,1,5,1,
32,3,558,175,46,27,1,5,1,
32,4,646,376,18,17,1,5,1,
32,5,554,130,45,26,1,5,1,
32,6,456,103,43,15,1,5,1,
32,7,591,161,60,28,1,5,1,
32,9,552,491,110,29,1,5,1,
32,10,402,33,254,62,1,5,1,
33,1,354,352,69,13,1,5,1,
33,2,678,375,37,15,1,5,1,
33,3,559,177,50,26,1,5,1,
33,4,645,375,18,17,1,5,1,
33,5,555,132,49,24,1,5,1,
33,6,459,104,42,15,1,5,1,
33,7,593,164,63,25,1,5,1,
33,9,562,489,109,29,1,5,1,
33,10,417,33,250,64,1,5,1,
34,1,363,351,68,13,1,5,1,
34,2,681,374,38,15,1,5,1,
34,3,561,179,51,24,1,5,1,
34,4,645,374,18,17,1,5,1,
34,5,557,134,50,23,1,5,1,
34,6,464,105,40,15,1,5,1,
34,7,597,166,64,24,1,5,1,
34,9,575,486,103,30,1,5,1,
34,10,437,35,238,66,1,5,1,
35,1,370,351,69,13,1,5,1,
35,2,684,373,38,15,1,5,1,
35,3,564,180,51,24,1,5,1,
35,4,644,373,18,17,1,5,1,
35,5,560,136,49,22,1,5,1,
35,6,467,105,39,16,1,5,1,
35,7,601,167,64,23,1,5,1,
35,9,584,484,102,30,1,5,1,
35,10,452,37,235,66,1,5,1,
36,1,380,351,66,13,1,5,1,
36,2,689,372,35,15,1,5,1,
36,3,569,182,49,23,1,5,1,
36,4,642,372,20,16,1,5,1,
36,5,565,137,47,22,1,5,1,
36,6,472,106,36,16,1,5,1,
36,7,608,168,62,23,1,5,1,
36,9,597,483,97,29,1,5,1,
36,10,474,38,227,66,1,5,1,
37,1,386,351,68,13,1,5,1,
37,2,692,371,35,15,1,5,1,
37,3,573,183,49,23,1,5,1,
37,4,641,371,20,16,1,5,1,
37,5,569,137,46,23,1,5,1,
37,6,475,107,34,16,1,5,1,
37,7,613,169,61,23,1,5,1,
37,9,606,481,95,29,1,5,1,
37,10,488,40,226,66,1,5,1,
38,1,395,351,67,12,1,5,1,
38,2,697,370,29,15,1,5,1,
38,3,578,184,47,22,1,5,1,
38,4,640,370,20,16,1,5,1,
38,5,573,138,44,23,1,5,1,
38,6,478,108,33,16,1,5,1,
38,7,619,170,59,23,1,5,1,
38,9,616,479,93,29,1,5,1,
38,10,506,43,220,64,1,5,1,
39,1,403,350,66,13,1,5,1,
39,2,701,369,31,15,1,5,1,
39,3,582,185,46,22,1,5,1,
39,4,639,369,20,16,1,5,1,
39,5,577,139,43,23,1,5,1,
39,6,481,109,31,16,1,5,1,
39,7,624,171,58,22,1,5,1,
39,9,625,477,91,29,1,5,1,
39,10,522,45,217,63,1,5,1,
40,1,412,350,65,13,1,5,1,
40,2,705,368,29,15,1,5,1,
40,3,587,186,44,22,1,5,1,
40,4,637,368,21,15,1,5,1,
40,5,582,141,40,22,1,5,1,
40,6,485,110,28,16,1,5,1,
40,7,631,172,55,22,1,5,1,
40,9,637,475,86,28,1,5,1,
40,10,541,47,210,62,1,5,1,
41,1,420,350,64,13,1,5,1,
41,2,708,367,25,15,1,5,1,
41,3,592,187,42,22,1,5,1,
41,4,635,368,22,14,1,5,1,
41,5,585,142,40,22,1,5,1,
41,6,488,111,26,17,1,5,1,
41,7,636,173,54,22,1,5,1,
41,9,646,474,85,27,1,5,1,
41,10,557,49,206,62,1,5,1,
42,1,429,350,63,12,1,5,1,
42,2,712,367,26,14,1,5,1,
42,3,596,188,41,21,1,5,1,
42,4,634,367,22,14,1,5,1,
42,5,589,143,38,22,1,5,1,
42,6,491,112,24,17,1,5,1,
42,7,642,174,52,21,1,5,1,
42,9,655,472,82,27,1,5,1,
42,10,574,51,201,61,1,5,1,
43,1,436,350,63,12,1,5,1,
43,2,715,365,23,15,1,5,1,
43,3,599,189,41,21,1,5,1,
43,4,632,366,23,14,1,5,1,
43,5,592,144,37,22,1,5,1,
43,6,493,113,22,17,1,5,1,
43,7,646,174,52,22,1,5,1,
43,9,663,470,81,27,1,5,1,
43,10,588,52,199,61,1,5,1,
44,1,444,350,63,12,1,5,1,
44,2,718,365,24,14,1,5,1,
44,3,604,190,39,21,1,5,1,
44,4,630,365,24,14,1,5,1,
44,5,595,145,36,22,1,5,1,
44,6,496,114,19,17,1,5,1,
44,7,651,175,50,22,1,5,1,
44,9,672,469,80,26,1,5,1,
44,10,604,54,194,60,1,5,1,
45,1,451,350,64,12,1,5,1,
45,2,720,363,21,15,1,5,1,
45,3,607,191,39,20,1,5,1,
45,4,628,364,25,14,1,5,1,
45,5,598,146,35,22,1,5,1,
45,6,498,115,17,17,1,5,1,
45,7,655,176,50,21,1,5,1,
45,9,678,468,82,25,1,5,1,
45,10,617,56,193,60,1,5,1,
46,1,459,350,64,13,1,5,1,
46,2,723,363,23,14,1,5,1,
46,3,610,192,39,20,1,5,1,
46,4,627,364,25,13,1,5,1,
46,5,601,148,34,21,1,5,1,
46,6,500,117,15,16,1,5,1,
46,7,660,177,49,21,1,5,1,
46,9,686,467,83,24,1,5,1,
46,10,633,57,187,60,1,5,1,
47,1,466,351,64,13,1,5,1,
47,2,725,362,20,14,1,5,1,
47,3,613,193,39,19,1,5,1,
47,4,625,363,26,13,1,5,1,
47,5,604,149,33,21,1,5,1,
47,6,502,118,13,16,1,5,1,
47,7,664,178,48,20,1,5,1,
47,9,693,467,83,23,1,5,1,
47,10,645,59,186,59,1,5,1,
48,1,475,351,63,13,1,5,1,
48,2,729,360,17,15,1,5,1,
48,3,617,194,37,19,1,5,1,
48,4,623,362,26,13,1,5,1,
48,5,607,150,32,20,1,5,1,
48,6,504,119,10,16,1,5,1,
48,7,669,179,46,20,1,5,1,
48,9,702,465,81,24,1,5,1,
48,10,661,61,181,58,1,5,1,
49,1,481,351,65,13,1,5,1,
49,2,732,360,15,14,1,5,1,
49,3,620,194,37,20,1,5,1,
49,4,621,361,27,14,1,5,1,
49,5,609,151,31,20,1,5,1,
49,6,505,120,9,16,1,5,1,
49,7,673,179,46,21,1,5,1,
49,9,710,464,80,23,1,5,1,
49,10,673,62,179,59,1,5,1,
50,1,490,351,64,13,1,5,1,
50,2,733,360,18,13,1,5,1,
50,3,624,195,35,19,1,5,1,
50,4,618,361,28,13,1,5,1,
50,5,612,152,30,20,1,5,1,
50,6,504,121,10,16,1,5,1,
50,7,678,180,44,20,1,5,1,
50,9,719,462,77,23,1,5,1,
50,10,688,64,174,58,1,5,1,
51,1,497,352,65,12,1,5,1,
51,2,733,359,19,13,1,5,1,
51,3,627,196,34,19,1,5,1,
51,4,616,360,29,13,1,5,1,
51,5,615,153,28,20,1,5,1,
51,6,502,122,12,16,1,5,1,
51,7,682,181,43,20,1,5,1,
51,9,726,461,77,23,1,5,1,
51,10,700,66,171,57,1,5,1,
52,1,505,352,65,13,1,5,1,
52,2,736,358,16,13,1,5,1,
52,3,631,197,33,18,1,5,1,
52,4,614,359,29,13,1,5,1,
52,5,617,154,28,20,1,5,1,
52,6,501,123,13,16,1,5,1,
52,7,686,182,41,19,1,5,1,
52,9,735,460,74,22,1,5,1,
52,10,714,67,167,57,1,5,1,
53,1,512,352,66,13,1,5,1,
53,2,738,356,15,14,1,5,1,
53,3,634,198,32,18,1,5,1,
53,4,612,359,29,12,1,5,1,
53,5,619,155,27,20,1,5,1,
53,6,499,124,16,16,1,5,1,
53,7,689,183,41,19,1,5,1,
53,9,742,458,73,23,1,5,1,
53,10,725,69,165,57,1,5,1,
54,1,521,352,64,13,1,5,1,
54,2,737,355,15,14,1,5,1,
54,3,637,198,31,19,1,5,1,
54,4,610,358,30,12,1,5,1,
54,5,622,156,25,20,1,5,1,
54,6,495,125,20,15,1,5,1,
54,7,694,183,39,20,1,5,1,
54,9,751,457,69,22,1,5,1,
54,10,739,71,160,56,1,5,1,
55,1,527,352,66,13,1,5,1,
55,2,739,354,14,15,1,5,1,
55,3,640,199,29,18,1,5,1,
55,4,607,357,31,12,1,5,1,
55,5,624,157,24,19,1,5,1,
55,6,492,127,24,14,1,5,1,
55,7,697,184,38,19,1,5,1,
55,9,758,455,68,23,1,5,1,
55,10,750,72,158,56,1,5,1,
56,1,536,352,65,13,1,5,1,
56,2,741,354,13,13,1,5,1,
56,3,643,200,28,18,1,5,1,
56,4,605,357,31,11,1,5,1,
56,5,626,158,23,20,1,5,1,
56,6,488,128,28,14,1,5,1,
56,7,701,185,37,19,1,5,1,
56,9,766,454,65,22,1,5,1,
56,10,763,74,154,55,1,5,1,
57,1,543,352,66,13,1,5,1,
57,2,743,354,13,12,1,5,1,
57,3,645,201,28,17,1,5,1,
57,5,628,159,22,19,1,5,1,
57,6,485,129,30,13,1,5,1,
57,7,704,186,36,18,1,5,1,
57,9,772,452,64,23,1,5,1,
57,10,773,76,152,55,1,5,1,
58,1,550,352,67,13,1,5,1,
58,2,743,353,13,12,1,5,1,
58,3,648,201,27,18,1,5,1,
58,5,630,160,21,19,1,5,1,
58,6,481,130,33,12,1,5,1,
58,7,707,186,36,19,1,5,1,
58,9,779,451,62,22,1,5,1,
58,10,784,77,150,55,1,5,1,
59,1,558,352,66,13,1,5,1,
59,2,742,351,14,14,1,5,1,
59,3,650,202,26,17,1,5,1,
59,5,631,161,21,19,1,5,1,
59,7,710,187,35,19,1,5,1,
59,9,785,449,61,23,1,5,1,
59,10,794,79,148,54,1,5,1,
60,1,565,352,67,13,1,5,1,
60,2,741,350,14,14,1,5,1,
60,3,652,203,26,17,1,5,1,
60,5,633,162,20,19,1,5,1,
60,7,713,188,34,18,1,5,1,
60,9,791,448,60,23,1,5,1,
60,10,804,81,145,53,1,5,1,
61,1,572,352,68,13,1,5,1,
61,2,739,349,16,14,1,5,1,
61,3,654,203,25,17,1,5,1,
61,5,634,163,20,19,1,5,1,
61,7,716,188,33,19,1,5,1,
61,9,797,446,58,23,1,5,1,
61,10,814,82,143,53,1,5,1,
62,1,580,352,67,13,1,5,1,
62,2,737,348,18,14,1,5,1,
62,3,656,204,24,17,1,5,1,
62,5,636,164,19,18,1,5,1,
62,7,719,189,32,18,1,5,1,
62,9,803,445,56,23,1,5,1,
62,10,824,84,135,53,1,5,1,
63,1,586,352,69,12,1,5,1,
63,2,734,347,21,14,1,5,1,
63,3,658,205,24,16,1,5,1,
63,5,637,165,19,18,1,5,1,
63,7,721,190,32,18,1,5,1,
63,9,808,443,55,23,1,5,1,
63,10,832,86,127,52,1,5,1,
64,1,595,351,66,13,1,5,1,
64,2,731,347,25,13,1,5,1,
64,3,661,205,22,17,1,5,1,
64,5,639,166,18,18,1,5,1,
64,7,724,191,31,17,1,5,1,
64,9,814,441,52,24,1,5,1,
64,10,843,88,117,51,1,5,1,
65,1,602,351,65,12,1,5,1,
65,2,729,346,26,13,1,5,1,
65,3,663,206,21,16,1,5,1,
65,5,640,167,17,18,1,5,1,
65,7,727,191,29,18,1,5,1,
65,9,820,439,48,25,1,5,1,
65,10,852,89,108,51,1,5,1,
66,1,612,350,61,13,1,5,1,
66,2,726,345,28,13,1,5,1,
66,3,664,207,23,15,1,5,1,
66,5,641,168,17,17,1,5,1,
66,6,455,133,42,9,1,5,1,
66,7,730,192,29,17,1,5,1,
66,9,827,437,44,25,1,5,1,
66,10,863,91,97,50,1,5,1,
67,1,619,350,60,12,1,5,1,
67,2,724,344,28,13,1,5,1,
67,3,665,208,27,14,1,5,1,
67,5,642,169,17,17,1,5,1,
67,6,453,133,41,8,1,5,1,
67,7,732,193,30,17,1,5,1,
67,9,832,436,42,24,1,5,1,
67,10,872,92,88,50,1,5,1,
68,1,628,349,57,13,1,5,1,
68,2,725,344,24,12,1,5,1,
68,3,666,208,31,14,1,5,1,
68,5,643,170,17,16,1,5,1,
68,6,451,132,39,9,1,5,1,
68,7,735,194,30,16,1,5,1,
68,9,837,434,40,24,1,5,1,
68,10,883,94,77,49,1,5,1,
69,1,634,349,58,12,1,5,1,
69,2,724,343,22,12,1,5,1,
69,3,667,208,35,14,1,5,1,
69,5,643,171,19,16,1,5,1,
69,6,449,131,38,9,1,5,1,
69,7,736,194,31,16,1,5,1,
69,9,841,433,39,24,1,5,1,
69,10,891,96,69,42,1,5,1,
70,1,642,349,56,12,1,5,1,
70,2,724,342,19,12,1,5,1,
70,3,668,208,39,13,1,5,1,
70,5,644,172,19,15,1,5,1,
70,6,448,131,35,8,1,5,1,
70,7,739,195,31,16,1,5,1,
70,9,846,431,36,24,1,5,1,
70,10,900,97,60,42,1,5,1,
71,1,648,348,55,13,1,5,1,
71,2,725,342,14,11,1,5,1,
71,3,670,208,40,14,1,5,1,
71,5,645,172,19,16,1,5,1,
71,6,447,130,33,9,1,5,1,
71,7,741,195,31,16,1,5,1,
71,9,850,430,35,23,1,5,1,
71,10,909,99,51,41,1,5,1,
72,1,656,348,53,12,1,5,1,
72,2,727,342,11,10,1,5,1,
72,3,673,209,40,13,1,5,1,
72,5,647,173,18,16,1,5,1,
72,6,447,129,29,9,1,5,1,
72,7,744,196,30,15,1,5,1,
72,9,854,428,33,23,1,5,1,
72,10,918,100,42,29,1,5,1,
73,1,662,348,53,12,1,5,1,
73,2,729,342,10,10,1,5,1,
73,3,677,209,39,13,1,5,1,
73,5,648,173,18,16,1,5,1,
73,6,447,128,26,10,1,5,1,
73,7,747,196,29,16,1,5,1,
73,9,858,427,32,22,1,5,1,
74,1,668,347,52,12,1,5,1,
74,2,730,341,10,10,1,5,1,
74,3,681,209,37,14,1,5,1,
74,5,650,174,17,16,1,5,1,
74,6,447,126,23,11,1,5,1,
74,7,750,197,28,15,1,5,1,
74,9,861,425,31,23,1,5,1,
75,1,673,347,53,12,1,5,1,
75,2,730,341,11,10,1,5,1,
75,3,684,210,37,13,1,5,1,
75,5,651,175,16,15,1,5,1,
75,6,448,125,20,12,1,5,1,
75,7,752,197,27,16,1,5,1,
75,9,864,424,30,22,1,5,1,
76,1,680,346,51,12,1,5,1,
76,2,731,340,11,10,1,5,1,
76,3,688,210,35,13,1,5,1,
76,5,652,175,16,16,1,5,1,
76,6,449,124,15,12,1,5,1,
76,7,755,198,26,15,1,5,1,
76,9,868,422,29,23,1,5,1,
77,1,686,346,50,12,1,5,1,
77,2,732,340,10,10,1,5,1,
77,3,691,211,35,13,1,5,1,
77,5,654,176,15,16,1,5,1,
77,6,449,123,13,13,1,5,1,
77,7,757,198,25,16,1,5,1,
77,9,871,421,28,22,1,5,1,
78,1,693,346,48,11,1,5,1,
78,2,733,339,10,10,1,5,1,
78,3,695,211,33,13,1,5,1,
78,5,655,177,14,15,1,5,1,
78,6,449,121,10,14,1,5,1,
78,7,760,199,23,15,1,5,1,
78,9,874,419,26,22,1,5,1,
79,1,698,345,47,12,1,5,1,
79,2,733,339,11,9,1,5,1,
79,3,698,211,32,13,1,5,1,
79,5,656,177,14,16,1,5,1,
79,6,450,120,10,14,1,5,1,
79,7,762,199,23,15,1,5,1,
79,9,877,418,25,22,1,5,1,
80,1,704,345,46,12,1,5,1,
80,2,734,338,10,10,1,5,1,
80,3,701,212,31,12,1,5,1,
80,5,657,178,13,16,1,5,1,
80,6,450,119,11,14,1,5,1,
80,7,764,200,22,15,1,5,1,
80,9,879,416,25,22,1,5,1,
81,1,710,344,44,12,1,5,1,
81,2,734,338,11,9,1,5,1,
81,3,704,212,30,13,1,5,1,
81,5,658,179,12,15,1,5,1,
81,6,450,117,12,15,1,5,1,
81,7,766,201,22,14,1,5,1,
81,9,882,415,23,21,1,5,1,
82,1,716,344,43,11,1,5,1,
82,2,735,337,10,10,1,5,1,
82,3,707,213,29,12,1,5,1,
82,5,659,180,11,15,1,5,1,
82,6,451,116,12,14,1,5,1,
82,7,769,201,20,15,1,5,1,
82,9,885,413,22,22,1,5,1,
83,1,721,343,42,12,1,5,1,
83,2,735,337,10,9,1,5,1,
83,3,710,213,28,12,1,5,1,
83,5,659,180,12,15,1,5,1,
83,6,451,115,14,14,1,5,1,
83,7,770,202,20,14,1,5,1,
83,9,886,412,22,21,1,5,1,
84,1,727,343,40,11,1,5,1,
84,2,736,336,9,9,1,5,1,
84,3,713,213,27,13,1,5,1,
84,5,659,181,12,15,1,5,1,
84,6,451,114,15,14,1,5,1,
84,7,772,202,19,15,1,5,1,
84,9,887,411,22,21,1,5,1,
85,1,731,342,40,12,1,5,1,
85,2,736,336,10,9,1,5,1,
85,3,715,214,26,12,1,5,1,
85,5,659,182,12,14,1,5,1,
85,6,452,112,16,15,1,5,1,
85,7,774,203,18,14,1,5,1,
85,9,888,409,22,21,1,5,1,
86,1,736,342,38,11,1,5,1,
86,2,736,335,10,9,1,5,1,
86,3,718,214,25,12,1,5,1,
86,5,659,182,12,15,1,5,1,
86,6,453,111,17,15,1,5,1,
86,7,775,203,18,15,1,5,1,
86,9,889,408,22,21,1,5,1,
87,1,741,341,37,12,1,5,1,
87,2,736,335,10,9,1,5,1,
87,3,720,215,24,12,1,5,1,
87,5,659,183,11,15,1,5,1,
87,6,453,110,19,14,1,5,1,
87,7,777,204,17,14,1,5,1,
87,9,890,406,21,21,1,5,1,
88,1,746,341,36,11,1,5,1,
88,2,736,334,10,9,1,5,1,
88,3,723,215,23,12,1,5,1,
88,5,659,184,11,14,1,5,1,
88,6,454,108,21,15,1,5,1,
88,7,779,204,16,14,1,5,1,
88,9,891,405,21,20,1,5,1,
89,1,750,340,35,12,1,5,1,
89,2,736,334,10,9,1,5,1,
89,3,725,215,22,12,1,5,1,
89,5,659,184,11,15,1,5,1,
89,6,455,107,22,15,1,5,1,
89,7,780,205,16,14,1,5,1,
89,9,892,404,21,20,1,5,1,
90,1,755,340,33,11,1,5,1,
90,2,735,333,11,9,1,5,1,
90,3,727,216,21,12,1,5,1,
90,5,659,185,11,14,1,5,1,
90,6,456,106,24,15,1,5,1,
90,7,781,205,15,14,1,5,1,
90,9,892,402,21,20,1,5,1,
91,1,759,339,32,12,1,5,1,
91,2,734,332,12,10,1,5,1,
91,3,729,216,21,12,1,5,1,
91,5,658,186,11,14,1,5,1,
91,6,458,104,24,16,1,5,1,
91,7,782,206,16,13,1,5,1,
91,9,893,401,20,20,1,5,1,
92,1,763,339,31,11,1,5,1,
92,2,731,331,15,10,1,5,1,
92,3,731,217,20,11,1,5,1,
92,5,658,186,11,14,1,5,1,
92,6,459,103,26,15,1,5,1,
92,7,782,207,17,12,1,5,1,
92,9,893,400,21,19,1,5,1,
93,1,767,338,30,11,1,5,1,
93,2,727,330,19,10,1,5,1,
93,3,733,217,19,12,1,5,1,
93,5,658,187,11,14,1,5,1,
93,6,461,102,27,15,1,5,1,
93,7,783,207,18,13,1,5,1,
93,9,894,399,20,19,1,5,1,
94,1,771,338,29,11,1,5,1,
94,2,723,330,24,10,1,5,1,
94,3,735,217,19,12,1,5,1,
94,5,658,188,11,13,1,5,1,
94,6,462,101,29,15,1,5,1,
94,7,784,208,18,12,1,5,1,
94,9,894,397,20,20,1,5,1,
95,1,775,337,27,11,1,5,1,
95,2,719,329,28,10,1,5,1,
95,3,737,218,18,11,1,5,1,
95,6,464,99,30,15,1,5,1,
95,7,785,208,18,12,1,5,1,
95,9,894,396,20,19,1,5,1,
96,1,778,337,27,11,1,5,1,
96,2,714,329,33,9,1,5,1,
96,3,738,218,18,11,1,5,1,
96,6,466,98,32,15,1,5,1,
96,7,787,208,16,13,1,5,1,
96,9,894,395,20,19,1,5,1,
97,1,781,336,26,11,1,5,1,
97,2,710,328,36,10,1,5,1,
97,3,740,218,17,12,1,5,1,
97,6,467,97,34,15,1,5,1,
97,7,788,209,16,12,1,5,1,
97,9,894,394,20,19,1,5,1,
98,1,784,336,25,11,1,5,1,
98,2,707,328,37,9,1,5,1,
98,3,741,219,18,11,1,5,1,
98,6,469,95,36,16,1,5,1,
98,7,789,209,16,13,1,5,1,
98,9,894,392,19,19,1,5,1,
99,1,787,335,25,11,1,5,1,
99,2,703,327,39,9,1,5,1,
99,3,743,219,17,11,1,5,1,
99,6,472,94,36,16,1,5,1,
99,7,791,210,15,12,1,5,1,
99,9,894,391,19,19,1,5,1,
100,1,790,335,24,10,1,5,1,
100,2,700,327,39,9,1,5,1,
100,3,744,220,17,11,1,5,1,
100,6,474,93,38,15,1,5,1,
100,7,792,210,14,12,1,5,1,
100,9,894,390,19,19,1,5,1,
101,1,793,334,22,11,1,5,1,
101,2,697,327,39,9,1,5,1,
101,3,746,220,15,11,1,5,1,
101,6,476,92,40,15,1,5,1,
101,7,792,210,15,13,1,5,1,
101,9,894,389,18,18,1,5,1,
102,1,796,334,21,10,1,5,1,
102,2,694,326,39,9,1,5,1,
102,3,747,220,15,11,1,5,1,
102,6,479,90,41,16,1,5,1,
102,7,793,211,14,12,1,5,1,
102,9,893,388,19,18,1,5,1,
103,1,798,333,21,11,1,5,1,
103,3,749,221,14,10,1,5,1,
103,6,481,89,43,16,1,5,1,
103,7,793,211,15,12,1,5,1,
103,9,893,387,18,18,1,5,1,
104,1,801,333,20,10,1,5,1,
104,3,750,221,14,11,1,5,1,
104,6,484,88,44,16,1,5,1,
104,7,794,212,14,12,1,5,1,
104,9,892,386,18,18,1,5,1,
105,1,803,332,19,11,1,5,1,
105,3,751,221,13,11,1,5,1,
105,6,487,87,45,15,1,5,1,
105,7,794,212,15,12,1,5,1,
105,9,892,384,17,18,1,5,1,
106,1,805,332,19,10,1,5,1,
106,3,751,222,13,10,1,5,1,
106,6,489,85,48,16,1,5,1,
106,7,794,213,15,11,1,5,1,
106,9,891,383,18,18,1,5,1,
107,1,807,331,19,11,1,5,1,
107,3,750,222,13,11,1,5,1,
107,6,492,84,49,16,1,5,1,
107,7,794,213,14,12,1,5,1,
107,9,891,382,17,18,1,5,1,
108,1,810,331,17,10,1,5,1,
108,3,749,222,13,11,1,5,1,
108,6,495,83,51,16,1,5,1,
108,7,793,213,14,12,1,5,1,
108,9,890,381,18,18,1,5,1,
109,1,811,330,17,10,1,5,1,
109,3,748,223,13,11,1,5,1,
109,6,498,82,52,16,1,5,1,
109,7,792,214,14,12,1,5,1,
109,9,889,380,19,18,1,5,1,
110,1,813,330,17,10,1,5,1,
110,3,746,223,15,12,1,5,1,
110,6,502,81,53,15,1,5,1,
110,7,791,214,14,12,1,5,1,
110,9,888,379,19,17,1,5,1,
111,1,815,329,16,10,1,5,1,
111,3,744,223,17,12,1,5,1,
111,6,505,79,55,16,1,5,1,
111,7,790,215,15,12,1,5,1,
111,9,887,378,19,17,1,5,1,
112,1,817,329,15,10,1,5,1,
112,3,742,224,20,11,1,5,1,
112,6,509,78,56,16,1,5,1,
112,7,790,215,14,12,1,5,1,
112,9,887,377,19,17,1,5,1,
113,1,819,328,14,10,1,5,1,
113,3,741,224,20,12,1,5,1,
113,6,512,77,58,16,1,5,1,
113,7,789,215,15,13,1,5,1,
113,9,886,376,19,17,1,5,1,
114,1,821,328,13,9,1,5,1,
114,3,739,225,21,11,1,5,1,
114,6,517,76,58,15,1,5,1,
114,7,788,216,15,12,1,5,1,
114,9,885,375,19,16,1,5,1,
115,1,822,327,13,10,1,5,1,
115,3,737,225,22,11,1,5,1,
115,6,520,75,60,15,1,5,1,
115,7,787,217,16,11,1,5,1,
115,9,883,374,21,16,1,5,1,
116,1,823,327,12,9,1,5,1,
116,3,736,226,22,11,1,5,1,
116,6,524,74,61,15,1,5,1,
116,7,786,217,16,12,1,5,1,
116,9,882,373,21,16,1,5,1,
117,1,825,327,11,9,1,5,1,
117,3,734,226,22,11,1,5,1,
117,6,529,72,62,16,1,5,1,
117,7,785,218,16,11,1,5,1,
117,9,881,372,21,16,1,5,1,
118,1,825,326,12,9,1,5,1,
118,3,732,227,22,10,1,5,1,
118,6,533,71,63,15,1,5,1,
118,7,784,218,16,11,1,5,1,
118,9,880,371,21,16,1,5,1,
119,1,826,326,11,9,1,5,1,
119,3,730,227,23,10,1,5,1,
119,6,537,70,65,15,1,5,1,
119,7,783,218,17,12,1,5,1,
119,9,879,370,21,16,1,5,1,
120,1,827,325,11,9,1,5,1,
120,3,729,227,22,11,1,5,1,
120,6,541,69,66,15,1,5,1,
120,7,782,219,17,11,1,5,1,
120,9,878,369,21,16,1,5,1,
121,1,827,325,11,9,1,5,1,
121,3,727,228,22,10,1,5,1,
121,4,467,356,20,14,1,5,1,
121,6,546,68,67,15,1,5,1,
121,7,781,219,17,11,1,5,1,
121,9,876,369,22,15,1,5,1,
122,1,827,324,11,9,1,5,1,
122,3,725,228,22,10,1,5,1,
122,4,468,357,21,13,1,5,1,
122,6,551,67,67,15,1,5,1,
122,7,780,220,17,11,1,5,1,
122,9,875,368,22,15,1,5,1,
123,1,828,324,10,9,1,5,1,
123,3,723,228,22,10,1,5,1,
123,4,468,358,23,13,1,5,1,
123,6,557,66,67,14,1,5,1,
123,7,778,220,17,11,1,5,1,
123,9,873,367,23,14,1,5,1,
124,1,828,323,11,9,1,5,1,
124,4,469,358,25,14,1,5,1,
124,6,562,65,68,14,1,5,1,
124,7,777,221,17,10,1,5,1,
124,9,872,366,22,14,1,5,1,
125,1,828,323,11,9,1,5,1,
125,4,469,359,27,13,1,5,1,
125,6,566,64,70,14,1,5,1,
125,7,776,221,18,10,1,5,1,
125,9,871,365,22,14,1,5,1,
126,1,828,323,11,8,1,5,1,
126,4,470,359,29,14,1,5,1,
126,6,571,63,70,14,1,5,1,
126,7,775,221,17,11,1,5,1,
126,9,869,364,23,14,1,5,1,
127,1,828,322,11,9,1,5,1,
127,4,471,360,31,14,1,5,1,
127,6,575,62,72,14,1,5,1,
127,7,774,222,18,10,1,5,1,
127,9,868,363,23,14,1,5,1,
128,1,828,322,10,8,1,5,1,
128,4,472,361,32,13,1,5,1,
128,6,580,61,73,14,1,5,1,
128,9,866,363,23,13,1,5,1,
129,1,828,321,10,9,1,5,1,
129,4,473,361,34,14,1,5,1,
129,6,585,61,74,13,1,5,1,
129,9,864,362,24,14,1,5,1,
130,1,828,321,10,8,1,5,1,
130,4,474,362,36,14,1,5,1,
130,6,589,60,76,13,1,5,1,
130,9,862,361,25,14,1,5,1,
131,1,828,320,10,9,1,5,1,
131,4,476,362,38,14,1,5,1,
131,6,594,59,77,13,1,5,1,
131,9,861,360,25,14,1,5,1,
132,1,827,320,10,8,1,5,1,
132,4,478,363,39,14,1,5,1,
132,6,599,58,78,14,1,5,1,
132,9,859,359,25,14,1,5,1,
133,1,827,320,10,8,1,5,1,
133,4,479,363,41,15,1,5,1,
133,6,604,57,80,14,1,5,1,
133,9,857,359,26,13,1,5,1,
134,1,827,319,10,9,1,5,1,
134,4,481,364,42,14,1,5,1,
134,6,609,57,81,13,1,5,1,
134,9,855,358,26,13,1,5,1,
135,1,826,319,10,8,1,5,1,
135,4,483,364,44,15,1,5,1,
135,6,615,56,81,14,1,5,1,
135,9,853,357,27,14,1,5,1,
136,1,826,318,9,9,1,5,1,
136,4,485,365,46,15,1,5,1,
136,6,621,55,81,14,1,5,1,
136,9,851,357,27,13,1,5,1,
137,1,825,318,10,8,1,5,1,
137,4,487,366,47,14,1,5,1,
137,6,626,55,82,13,1,5,1,
137,9,849,356,27,13,1,5,1,
138,1,825,318,9,8,1,5,1,
138,4,490,366,48,15,1,5,1,
138,6,632,54,83,14,1,5,1,
138,9,848,355,27,13,1,5,1,
139,1,824,317,10,8,1,5,1,
139,4,492,367,50,15,1,5,1,
139,6,637,53,84,14,1,5,1,
139,9,846,354,27,13,1,5,1,
140,1,823,317,11,8,1,5,1,
140,4,495,367,51,15,1,5,1,
140,6,644,53,83,14,1,5,1,
140,9,844,354,27,12,1,5,1,
141,1,823,317,10,7,1,5,1,
141,4,498,368,52,15,1,5,1,
141,6,650,52,83,14,1,5,1,
141,9,842,353,27,12,1,5,1,
142,1,822,316,11,8,1,5,1,
142,4,500,369,54,15,1,5,1,
142,6,656,52,83,14,1,5,1,
142,9,842,352,26,13,1,5,1,
143,1,821,316,11,8,1,5,1,
143,4,503,369,55,15,1,5,1,
143,6,661,51,85,14,1,5,1,
143,9,840,351,26,13,1,5,1,
144,1,821,315,11,8,1,5,1,
144,4,506,370,56,15,1,5,1,
144,6,667,51,85,14,1,5,1,
144,9,839,351,24,12,1,5,1,
145,1,820,315,11,8,1,5,1,
145,4,509,370,57,15,1,5,1,
145,6,674,51,84,14,1,5,1,
145,9,838,350,23,12,1,5,1,
146,1,820,315,10,7,1,5,1,
146,4,512,371,59,15,1,5,1,
146,6,679,50,85,14,1,5,1,
146,9,838,349,21,12,1,5,1,
147,1,820,314,9,8,1,5,1,
147,4,516,372,59,15,1,5,1,
147,6,686,50,84,14,1,5,1,
147,9,837,349,19,12,1,5,1,
148,1,819,314,10,7,1,5,1,
148,4,519,372,61,15,1,5,1,
148,6,691,50,85,14,1,5,1,
148,9,836,348,18,12,1,5,1,
149,1,819,314,9,7,1,5,1,
149,4,522,373,62,15,1,5,1,
149,6,698,49,84,14,1,5,1,
149,9,835,348,17,11,1,5,1,
150,1,818,313,9,8,1,5,1,
150,4,527,373,62,15,1,5,1,
150,6,706,49,82,14,1,5,1,
150,9,834,347,17,11,1,5,1,
