1,1,372,474,60,17,1,5,1,
1,2,541,112,104,52,1,5,1,
1,3,405,0,33,72,1,5,1,
1,4,392,20,73,19,1,5,1,
1,5,520,425,74,53,1,5,1,
1,6,789,437,81,62,1,5,1,
1,7,381,95,33,36,1,5,1,
1,8,102,348,82,17,1,5,1,
2,1,364,474,65,20,1,5,1,
2,2,547,114,101,52,1,5,1,
2,3,409,0,31,77,1,5,1,
2,4,387,17,76,22,1,5,1,
2,5,520,423,86,53,1,5,1,
2,6,788,433,72,63,1,5,1,
2,7,380,91,42,40,1,5,1,
2,8,106,347,89,16,1,5,1,
3,1,357,475,66,23,1,5,1,
3,2,556,116,98,51,1,5,1,
3,3,413,0,30,81,1,5,1,
3,4,382,13,77,26,1,5,1,
3,5,519,421,101,50,1,5,1,
3,6,790,430,54,61,1,5,1,
3,7,378,89,55,41,1,5,1,
3,8,113,347,91,15,1,5,1,
4,1,350,475,65,27,1,5,1,
4,2,567,119,92,50,1,5,1,
4,3,412,0,39,86,1,5,1,
4,4,378,9,75,30,1,5,1,
4,5,521,420,113,44,1,5,1,
4,6,794,427,41,56,1,5,1,
4,7,376,86,68,42,1,5,1,
4,8,125,346,89,15,1,5,1,
5,1,344,476,63,31,1,5,1,
5,2,575,121,89,49,1,5,1,
5,3,408,6,51,84,1,5,1,
5,4,375,3,72,38,1,5,1,
5,5,525,419,123,39,1,5,1,
5,6,797,425,41,52,1,5,1,
5,7,375,85,80,40,1,5,1,
5,8,135,346,88,15,1,5,1,
6,1,338,477,61,35,1,5,1,
6,2,582,124,88,47,1,5,1,
6,3,405,13,63,80,1,5,1,
6,4,372,-1,69,42,1,5,1,
6,5,531,418,130,36,1,5,1,
6,6,800,422,40,49,1,5,1,
6,7,375,84,91,38,1,5,1,
6,8,146,346,86,15,1,5,1,
7,1,333,478,59,40,1,5,1,
7,2,588,127,90,45,1,5,1,
7,3,404,21,74,75,1,5,1,
7,4,374,-7,61,49,1,5,1,
7,5,539,417,130,35,1,5,1,
7,6,803,419,39,47,1,5,1,
7,7,377,83,101,36,1,5,1,
7,8,156,347,84,14,1,5,1,
8,1,329,480,55,44,1,5,1,
8,2,595,130,88,43,1,5,1,
8,3,405,28,82,71,1,5,1,
8,4,374,-14,55,55,1,5,1,
8,5,550,415,127,35,1,5,1,
8,6,805,417,39,44,1,5,1,
8,7,380,84,109,31,1,5,1,
8,8,167,347,80,15,1,5,1,
9,1,326,482,51,48,1,5,1,
9,2,601,132,87,43,1,5,1,
9,3,406,34,91,67,1,5,1,
9,4,373,-20,50,60,1,5,1,
9,5,560,413,124,36,1,5,1,
9,6,806,414,39,44,1,5,1,
9,7,384,85,116,29,1,5,1,
9,8,177,348,77,15,1,5,1,
10,1,323,486,45,51,1,5,1,
10,2,610,134,83,42,1,5,1,
10,3,410,43,97,59,1,5,1,
10,4,373,-27,43,65,1,5,1,
10,5,575,411,115,36,1,5,1,
10,6,808,412,38,42,1,5,1,
10,7,393,83,116,29,1,5,1,
10,8,189,349,71,16,1,5,1,
11,1,322,489,39,54,1,5,1,
11,2,616,136,82,41,1,5,1,
11,3,414,49,103,54,1,5,1,
11,4,374,-34,37,69,1,5,1,
11,5,586,409,110,36,1,5,1,
11,6,809,409,37,42,1,5,1,
11,7,400,80,119,30,1,5,1,
11,8,198,349,67,18,1,5,1,
12,1,322,494,32,49,1,5,1,
12,2,623,138,81,40,1,5,1,
12,3,420,56,107,48,1,5,1,
12,4,375,-40,30,72,1,5,1,
12,5,599,407,101,36,1,5,1,
12,6,809,406,37,41,1,5,1,
12,7,410,77,119,31,1,5,1,
12,8,208,349,61,20,1,5,1,
13,1,322,498,26,46,1,5,1,
13,2,628,140,81,39,1,5,1,
13,3,425,61,112,44,1,5,1,
13,4,377,-47,23,76,1,5,1,
13,5,610,405,95,36,1,5,1,
13,6,810,404,36,41,1,5,1,
13,7,417,74,123,31,1,5,1,
13,8,217,350,56,21,1,5,1,
14,1,325,503,17,41,1,5,1,
14,2,634,142,81,38,1,5,1,
14,3,433,67,114,40,1,5,1,
14,4,378,-52,17,76,1,5,1,
14,5,622,403,86,35,1,5,1,
14,6,810,402,36,39,1,5,1,
14,7,426,71,124,32,1,5,1,
14,8,226,351,49,22,1,5,1,
15,1,324,508,13,36,1,5,1,
15,2,640,144,80,37,1,5,1,
15,3,440,73,116,34,1,5,1,
15,5,632,401,79,36,1,5,1,
15,6,810,399,35,39,1,5,1,
15,7,433,68,128,33,1,5,1,
15,8,234,352,42,23,1,5,1,
16,1,324,513,10,31,1,5,1,
16,2,645,145,79,37,1,5,1,
16,3,448,77,118,29,1,5,1,
16,5,642,398,72,37,1,5,1,
16,6,810,397,34,38,1,5,1,
16,7,440,65,133,34,1,5,1,
16,8,241,353,36,23,1,5,1,
17,1,324,519,15,25,1,5,1,
17,2,651,147,79,36,1,5,1,
17,3,456,80,121,25,1,5,1,
17,5,650,396,66,37,1,5,1,
17,6,809,395,34,38,1,5,1,
17,7,448,62,137,35,1,5,1,
17,8,248,355,31,22,1,5,1,
18,1,324,525,22,19,1,5,1,
18,2,657,149,78,35,1,5,1,
18,3,465,77,122,26,1,5,1,
18,5,659,394,59,37,1,5,1,
18,6,809,393,33,37,1,5,1,
18,7,455,60,142,35,1,5,1,
18,8,253,356,29,23,1,5,1,
19,2,662,150,78,34,1,5,1,
19,3,474,75,122,26,1,5,1,
19,5,666,392,54,37,1,5,1,
19,6,808,390,32,37,1,5,1,
19,7,463,57,146,36,1,5,1,
19,8,257,358,29,22,1,5,1,
20,2,668,152,76,33,1,5,1,
20,3,484,72,122,28,1,5,1,
20,5,673,390,49,36,1,5,1,
20,6,807,388,32,36,1,5,1,
20,7,471,54,150,36,1,5,1,
20,8,260,359,32,23,1,5,1,
21,2,672,153,76,33,1,5,1,
21,3,492,71,124,27,1,5,1,
21,5,679,388,46,36,1,5,1,
21,6,806,386,31,36,1,5,1,
21,7,477,52,156,36,1,5,1,
21,8,261,361,36,22,1,5,1,
22,2,677,154,75,33,1,5,1,
22,3,499,70,126,27,1,5,1,
22,5,684,386,43,36,1,5,1,
22,6,805,385,31,35,1,5,1,
22,7,484,51,161,36,1,5,1,
22,8,263,362,40,22,1,5,1,
23,2,683,156,73,32,1,5,1,
23,3,508,68,127,28,1,5,1,
23,5,689,384,39,36,1,5,1,
23,6,805,383,31,34,1,5,1,
23,7,491,49,165,37,1,5,1,
23,8,266,363,43,22,1,5,1,
24,2,690,157,69,32,1,5,1,
24,3,516,67,129,28,1,5,1,
24,5,694,382,36,35,1,5,1,
24,6,808,382,29,32,1,5,1,
24,7,499,48,168,38,1,5,1,
24,8,269,365,47,21,1,5,1,
25,2,696,158,65,32,1,5,1,
25,3,524,66,131,28,1,5,1,
25,5,697,381,36,34,1,5,1,
25,6,810,381,29,30,1,5,1,
25,7,507,48,172,37,1,5,1,
25,8,271,366,52,21,1,5,1,
26,2,703,159,61,32,1,5,1,
26,3,532,65,133,28,1,5,1,
26,5,700,379,35,33,1,5,1,
26,6,811,379,29,29,1,5,1,
26,7,518,47,172,38,1,5,1,
26,8,275,367,56,21,1,5,1,
27,2,709,160,57,32,1,5,1,
27,3,541,64,134,28,1,5,1,
27,5,702,377,35,33,1,5,1,
27,6,810,377,29,29,1,5,1,
27,7,529,46,173,39,1,5,1,
27,8,279,368,60,21,1,5,1,
28,2,714,161,55,32,1,5,1,
28,3,548,63,137,28,1,5,1,
28,5,705,376,33,32,1,5,1,
28,6,808,375,28,29,1,5,1,
28,7,539,46,174,39,1,5,1,
28,8,282,369,65,21,1,5,1,
29,2,720,163,51,31,1,5,1,
29,3,558,62,137,29,1,5,1,
29,5,709,374,29,31,1,5,1,
29,6,808,374,28,28,1,5,1,
29,7,552,46,172,39,1,5,1,
29,8,287,371,68,21,1,5,1,
30,2,726,164,46,31,1,5,1,
30,3,568,61,138,29,1,5,1,
30,5,711,372,28,31,1,5,1,
30,6,809,373,28,27,1,5,1,
30,7,565,46,170,40,1,5,1,
30,8,293,372,70,21,1,5,1,
31,2,732,165,42,31,1,5,1,
31,3,579,60,137,29,1,5,1,
31,5,713,371,27,29,1,5,1,
31,6,809,371,27,27,1,5,1,
31,7,580,46,166,40,1,5,1,
31,8,300,373,71,21,1,5,1,
32,2,736,166,41,31,1,5,1,
32,3,587,60,139,29,1,5,1,
32,5,714,369,27,30,1,5,1,
32,6,807,370,27,26,1,5,1,
32,7,590,46,167,40,1,5,1,
32,8,305,374,75,21,1,5,1,
33,2,740,167,39,30,1,5,1,
33,3,596,59,140,29,1,5,1,
33,5,714,368,27,28,1,5,1,
33,6,805,368,27,26,1,5,1,
33,7,602,46,165,40,1,5,1,
33,8,312,375,76,21,1,5,1,
34,2,744,169,37,29,1,5,1,
34,3,605,58,141,30,1,5,1,
34,5,714,366,26,29,1,5,1,
34,6,805,367,26,26,1,5,1,
34,7,614,47,164,40,1,5,1,
34,8,319,376,78,21,1,5,1,
35,2,747,170,35,29,1,5,1,
35,3,614,58,142,29,1,5,1,
35,5,714,365,26,28,1,5,1,
35,6,806,366,25,25,1,5,1,
35,7,625,47,163,40,1,5,1,
35,8,325,377,81,22,1,5,1,
36,2,751,171,33,29,1,5,1,
36,3,624,57,142,30,1,5,1,
36,5,715,364,26,27,1,5,1,
36,6,805,364,25,25,1,5,1,
36,7,637,48,161,40,1,5,1,
36,8,332,378,84,22,1,5,1,
37,2,754,172,31,29,1,5,1,
37,3,634,57,142,29,1,5,1,
37,5,715,362,25,27,1,5,1,
37,6,803,363,25,24,1,5,1,
37,7,649,48,159,40,1,5,1,
37,8,340,379,85,22,1,5,1,
38,2,757,173,30,29,1,5,1,
38,3,643,56,142,30,1,5,1,
38,5,715,361,25,26,1,5,1,
38,6,801,362,27,24,1,5,1,
38,7,660,49,158,40,1,5,1,
38,8,347,380,88,22,1,5,1,
39,2,760,174,28,29,1,5,1,
39,3,654,56,141,30,1,5,1,
39,5,714,360,25,25,1,5,1,
39,6,801,361,26,23,1,5,1,
39,7,673,49,155,40,1,5,1,
39,8,356,381,89,23,1,5,1,
40,2,762,176,27,27,1,5,1,
40,3,664,56,141,30,1,5,1,
40,5,714,358,24,25,1,5,1,
40,6,800,360,26,22,1,5,1,
40,7,685,50,153,40,1,5,1,
40,8,364,382,91,23,1,5,1,
41,2,763,177,27,27,1,5,1,
41,3,675,55,139,31,1,5,1,
41,5,714,357,24,25,1,5,1,
41,6,799,358,26,23,1,5,1,
41,7,697,51,150,40,1,5,1,
41,8,373,383,93,23,1,5,1,
42,2,763,178,27,27,1,5,1,
42,3,684,55,135,32,1,5,1,
42,5,713,356,24,24,1,5,1,
42,6,797,357,27,22,1,5,1,
42,7,707,51,147,41,1,5,1,
42,8,380,384,96,23,1,5,1,
43,2,762,179,27,27,1,5,1,
43,3,695,55,128,33,1,5,1,
43,5,713,355,23,23,1,5,1,
43,6,795,356,28,22,1,5,1,
43,7,720,52,140,41,1,5,1,
43,8,389,385,98,24,1,5,1,
44,2,761,180,27,26,1,5,1,
44,3,708,56,117,34,1,5,1,
44,5,712,353,22,24,1,5,1,
44,6,794,355,28,21,1,5,1,
44,7,732,53,133,42,1,5,1,
44,8,399,386,99,24,1,5,1,
45,2,759,181,27,27,1,5,1,
45,3,718,57,111,35,1,5,1,
45,5,711,352,22,23,1,5,1,
45,6,792,354,29,21,1,5,1,
45,7,743,54,128,43,1,5,1,
45,8,407,387,103,24,1,5,1,
46,2,759,182,26,28,1,5,1,
46,3,728,58,107,35,1,5,1,
46,5,710,351,22,23,1,5,1,
46,6,790,353,30,21,1,5,1,
46,7,754,55,124,43,1,5,1,
46,8,416,389,105,23,1,5,1,
47,2,760,183,25,28,1,5,1,
47,3,740,59,101,35,1,5,1,
47,5,709,350,22,22,1,5,1,
47,6,789,352,29,20,1,5,1,
47,7,766,56,119,43,1,5,1,
47,8,427,390,106,23,1,5,1,
48,2,762,184,23,29,1,5,1,
48,3,747,60,101,36,1,5,1,
48,5,707,349,23,22,1,5,1,
48,6,787,351,29,20,1,5,1,
48,7,775,58,117,42,1,5,1,
48,8,436,391,109,23,1,5,1,
49,2,764,185,22,30,1,5,1,
49,3,755,61,98,36,1,5,1,
49,5,706,348,23,21,1,5,1,
49,6,785,350,29,20,1,5,1,
49,7,784,59,115,43,1,5,1,
49,8,445,392,112,23,1,5,1,
50,2,766,187,22,29,1,5,1,
50,3,763,63,96,35,1,5,1,
50,5,705,347,23,20,1,5,1,
50,6,784,349,28,19,1,5,1,
50,7,794,61,111,42,1,5,1,
50,8,457,393,113,23,1,5,1,
51,2,765,189,25,28,1,5,1,
51,3,770,64,95,35,1,5,1,
51,5,704,346,23,20,1,5,1,
51,6,783,348,27,19,1,5,1,
51,7,802,62,110,42,1,5,1,
51,8,466,394,116,23,1,5,1,
52,2,763,191,28,26,1,5,1,
52,3,776,66,95,34,1,5,1,
52,5,702,345,24,20,1,5,1,
52,6,781,347,27,18,1,5,1,
52,7,810,64,108,41,1,5,1,
52,8,476,395,119,22,1,5,1,
53,2,762,193,30,25,1,5,1,
53,3,785,67,91,34,1,5,1,
53,5,701,344,24,19,1,5,1,
53,6,780,346,26,18,1,5,1,
53,7,820,66,104,41,1,5,1,
53,8,489,395,119,23,1,5,1,
54,2,762,195,32,23,1,5,1,
54,3,791,68,90,34,1,5,1,
54,5,699,343,25,19,1,5,1,
54,6,779,345,25,18,1,5,1,
54,7,827,67,103,41,1,5,1,
54,8,499,396,122,23,1,5,1,
55,2,763,196,32,22,1,5,1,
55,3,797,70,90,33,1,5,1,
55,5,698,343,25,18,1,5,1,
55,6,777,344,25,18,1,5,1,
55,7,835,68,100,41,1,5,1,
55,8,509,397,125,22,1,5,1,
56,2,765,197,32,22,1,5,1,
56,3,805,71,87,34,1,5,1,
56,5,696,342,25,18,1,5,1,
56,6,776,343,24,18,1,5,1,
56,7,844,70,97,40,1,5,1,
56,8,523,397,124,23,1,5,1,
57,2,767,198,31,21,1,5,1,
57,3,811,72,86,34,1,5,1,
57,5,695,341,25,18,1,5,1,
57,6,774,343,25,17,1,5,1,
57,7,851,71,95,41,1,5,1,
57,8,534,398,126,22,1,5,1,
58,1,676,537,33,6,1,5,1,
58,2,769,199,30,21,1,5,1,
58,3,817,73,84,34,1,5,1,
58,5,693,340,26,18,1,5,1,
58,6,773,342,25,17,1,5,1,
58,7,858,73,93,40,1,5,1,
58,8,545,398,128,23,1,5,1,
59,1,680,535,35,8,1,5,1,
59,2,772,200,28,20,1,5,1,
59,3,826,75,80,33,1,5,1,
59,5,691,339,26,17,1,5,1,
59,6,772,341,24,16,1,5,1,
59,7,868,75,89,39,1,5,1,
59,8,561,399,125,22,1,5,1,
60,1,682,533,40,10,1,5,1,
60,2,774,200,27,20,1,5,1,
60,3,832,76,79,33,1,5,1,
60,5,689,338,26,17,1,5,1,
60,6,770,340,24,16,1,5,1,
60,7,875,76,84,39,1,5,1,
60,8,574,399,126,23,1,5,1,
61,1,685,532,43,11,1,5,1,
61,2,776,201,26,20,1,5,1,
61,3,839,78,76,32,1,5,1,
61,5,688,338,25,16,1,5,1,
61,6,769,340,23,15,1,5,1,
61,7,883,78,76,39,1,5,1,
61,8,588,399,125,23,1,5,1,
62,1,685,530,49,13,1,5,1,
62,2,778,201,25,20,1,5,1,
62,3,845,79,75,32,1,5,1,
62,5,686,337,26,16,1,5,1,
62,6,767,339,24,15,1,5,1,
62,7,890,79,70,39,1,5,1,
62,8,601,400,125,23,1,5,1,
63,1,687,528,53,15,1,5,1,
63,2,780,202,23,20,1,5,1,
63,3,851,80,73,32,1,5,1,
63,5,684,336,26,16,1,5,1,
63,6,766,338,23,15,1,5,1,
63,7,897,81,63,38,1,5,1,
63,8,614,400,125,23,1,5,1,
64,1,686,527,60,16,1,5,1,
64,2,781,202,23,20,1,5,1,
64,3,857,81,71,32,1,5,1,
64,5,682,335,26,16,1,5,1,
64,6,765,337,23,16,1,5,1,
64,7,903,82,57,38,1,5,1,
64,8,626,400,126,23,1,5,1,
65,1,693,525,59,18,1,5,1,
65,2,783,203,22,19,1,5,1,
65,3,863,83,69,32,1,5,1,
65,5,680,335,26,15,1,5,1,
65,6,763,337,23,15,1,5,1,
65,7,910,84,50,38,1,5,1,
65,8,641,400,124,23,1,5,1,
66,1,700,523,57,20,1,5,1,
66,2,784,203,21,20,1,5,1,
66,3,868,84,68,32,1,5,1,
66,5,678,334,27,15,1,5,1,
66,6,762,336,23,15,1,5,1,
66,7,915,85,45,38,1,5,1,
66,8,652,400,126,24,1,5,1,
67,1,707,522,55,19,1,5,1,
67,2,784,204,20,19,1,5,1,
67,3,874,85,66,32,1,5,1,
67,5,676,333,27,15,1,5,1,
67,6,760,335,23,15,1,5,1,
67,7,922,87,38,37,1,5,1,
67,8,667,400,123,24,1,5,1,
68,1,713,520,55,20,1,5,1,
68,2,783,204,20,20,1,5,1,
68,3,879,86,64,32,1,5,1,
68,5,674,332,27,15,1,5,1,
68,6,759,335,23,14,1,5,1,
68,7,927,88,33,31,1,5,1,
68,8,679,400,124,24,1,5,1,
69,1,720,518,53,20,1,5,1,
69,2,781,204,21,20,1,5,1,
69,3,884,88,63,31,1,5,1,
69,5,672,332,27,14,1,5,1,
69,6,757,334,24,14,1,5,1,
69,7,933,90,27,31,1,5,1,
69,8,692,400,124,24,1,5,1,
70,1,726,516,52,20,1,5,1,
70,2,778,205,25,20,1,5,1,
70,3,889,89,62,31,1,5,1,
70,5,669,331,28,14,1,5,1,
70,6,756,333,23,14,1,5,1,
70,8,705,400,123,24,1,5,1,
71,1,732,514,50,20,1,5,1,
71,2,772,205,32,20,1,5,1,
71,3,893,90,61,31,1,5,1,
71,5,667,331,28,14,1,5,1,
71,6,754,333,24,14,1,5,1,
71,8,717,400,124,24,1,5,1,
72,1,737,512,50,21,1,5,1,
72,2,769,205,37,21,1,5,1,
72,3,897,91,60,31,1,5,1,
72,5,664,330,30,14,1,5,1,
72,6,752,332,25,14,1,5,1,
72,8,727,400,126,24,1,5,1,
73,1,742,510,49,21,1,5,1,
73,2,766,206,41,20,1,5,1,
73,3,901,93,58,30,1,5,1,
73,5,662,329,30,14,1,5,1,
73,6,750,332,26,13,1,5,1,
73,8,739,400,126,24,1,5,1,
74,1,748,508,48,21,1,5,1,
74,2,763,207,43,20,1,5,1,
74,3,906,94,53,30,1,5,1,
74,5,659,329,31,13,1,5,1,
74,6,748,331,26,14,1,5,1,
74,8,752,400,125,24,1,5,1,
75,1,753,507,47,21,1,5,1,
75,2,760,207,44,20,1,5,1,
75,3,910,95,50,30,1,5,1,
75,5,657,328,31,14,1,5,1,
75,6,746,330,26,14,1,5,1,
75,8,764,400,126,24,1,5,1,
76,1,758,505,46,21,1,5,1,
76,2,757,208,45,20,1,5,1,
76,3,914,96,46,30,1,5,1,
76,5,654,328,32,13,1,5,1,
76,6,745,330,26,13,1,5,1,
76,8,775,400,126,24,1,5,1,
77,1,764,503,44,21,1,5,1,
77,2,754,209,45,19,1,5,1,
77,3,919,98,41,30,1,5,1,
77,5,652,327,31,13,1,5,1,
77,6,743,329,25,13,1,5,1,
77,8,791,400,122,23,1,5,1,
78,1,769,501,42,21,1,5,1,
78,2,751,210,45,19,1,5,1,
78,3,923,99,37,30,1,5,1,
78,5,650,326,31,13,1,5,1,
78,6,741,329,26,13,1,5,1,
78,8,802,399,123,24,1,5,1,
79,1,774,499,41,21,1,5,1,
79,2,752,211,41,18,1,5,1,
79,3,926,100,34,30,1,5,1,
79,4,712,0,18,7,1,5,1,
79,5,647,326,32,13,1,5,1,
79,6,740,328,25,13,1,5,1,
79,8,814,399,122,24,1,5,1,
80,1,780,497,38,20,1,5,1,
80,2,753,212,34,17,1,5,1,
80,3,932,102,28,29,1,5,1,
80,4,712,0,20,9,1,5,1,
80,5,645,325,31,13,1,5,1,
80,6,738,328,24,12,1,5,1,
80,8,831,399,117,23,1,5,1,
81,1,785,495,37,21,1,5,1,
81,2,748,212,35,18,1,5,1,
81,3,935,103,25,25,1,5,1,
81,4,712,0,22,11,1,5,1,
81,5,643,325,30,12,1,5,1,
81,6,736,327,24,13,1,5,1,
81,8,843,399,116,23,1,5,1,
82,1,790,493,35,20,1,5,1,
82,2,749,213,30,17,1,5,1,
82,3,939,104,21,26,1,5,1,
82,4,713,0,22,13,1,5,1,
82,5,641,324,30,13,1,5,1,
82,6,735,327,23,12,1,5,1,
82,8,856,398,104,24,1,5,1,
83,1,794,491,34,20,1,5,1,
83,2,745,214,31,17,1,5,1,
83,3,943,105,17,26,1,5,1,
83,4,713,0,24,15,1,5,1,
83,5,639,324,29,12,1,5,1,
83,6,733,326,23,12,1,5,1,
83,8,869,398,91,23,1,5,1,
84,1,798,490,33,19,1,5,1,
84,2,740,214,34,17,1,5,1,
84,4,714,0,24,17,1,5,1,
84,5,636,323,30,12,1,5,1,
84,6,731,326,23,12,1,5,1,
84,8,881,398,79,23,1,5,1,
85,1,802,488,31,20,1,5,1,
85,2,740,215,33,16,1,5,1,
85,4,716,0,23,20,1,5,1,
85,5,634,323,30,12,1,5,1,
85,6,730,325,23,12,1,5,1,
85,8,891,397,69,24,1,5,1,
86,1,805,486,31,20,1,5,1,
86,2,736,215,36,17,1,5,1,
86,4,717,0,23,22,1,5,1,
86,5,631,322,31,12,1,5,1,
86,6,728,325,23,11,1,5,1,
86,8,902,399,58,21,1,5,1,
87,1,809,484,30,20,1,5,1,
87,2,736,216,34,16,1,5,1,
87,4,718,0,23,24,1,5,1,
87,5,629,322,31,12,1,5,1,
87,6,726,324,24,12,1,5,1,
87,8,913,399,47,18,1,5,1,
88,1,812,482,29,21,1,5,1,
88,2,737,216,30,16,1,5,1,
88,4,718,0,24,26,1,5,1,
88,5,627,321,31,12,1,5,1,
88,6,725,324,23,11,1,5,1,
88,8,923,403,37,10,1,5,1,
89,1,816,480,27,21,1,5,1,
89,2,733,217,30,16,1,5,1,
89,4,719,0,24,28,1,5,1,
89,5,625,321,30,11,1,5,1,
89,6,723,323,23,12,1,5,1,
90,1,819,478,27,21,1,5,1,
90,2,729,218,32,15,1,5,1,
90,4,719,0,25,30,1,5,1,
90,5,623,320,30,12,1,5,1,
90,6,721,323,23,11,1,5,1,
91,1,822,477,26,20,1,5,1,
91,2,724,218,36,15,1,5,1,
91,4,718,0,26,32,1,5,1,
91,5,620,320,31,11,1,5,1,
91,6,719,322,24,12,1,5,1,
92,1,824,475,26,21,1,5,1,
92,2,719,218,40,16,1,5,1,
92,4,719,0,26,35,1,5,1,
92,5,618,320,31,11,1,5,1,
92,6,715,322,27,11,1,5,1,
93,1,828,473,24,20,1,5,1,
93,2,719,219,40,15,1,5,1,
93,4,721,2,25,35,1,5,1,
93,5,613,319,33,11,1,5,1,
93,6,711,322,29,11,1,5,1,
94,1,831,471,22,20,1,5,1,
94,2,719,219,38,16,1,5,1,
94,4,723,4,23,35,1,5,1,
94,5,609,319,36,11,1,5,1,
94,6,707,321,33,11,1,5,1,
95,1,833,469,22,21,1,5,1,
95,2,719,220,35,15,1,5,1,
95,4,724,6,23,35,1,5,1,
95,5,604,319,40,10,1,5,1,
95,6,703,321,36,10,1,5,1,
96,1,836,468,21,20,1,5,1,
96,2,720,220,30,15,1,5,1,
96,4,726,8,21,35,1,5,1,
96,5,600,319,42,10,1,5,1,
96,6,700,321,38,10,1,5,1,
97,1,838,466,21,20,1,5,1,
97,2,717,221,29,15,1,5,1,
97,4,727,10,21,35,1,5,1,
97,5,596,318,45,11,1,5,1,
97,6,697,321,39,10,1,5,1,
98,1,840,464,20,20,1,5,1,
98,2,713,221,30,15,1,5,1,
98,4,729,12,19,35,1,5,1,
98,5,592,318,47,10,1,5,1,
98,6,693,320,41,10,1,5,1,
99,1,843,462,19,20,1,5,1,
99,2,709,222,31,14,1,5,1,
99,4,730,15,18,34,1,5,1,
99,5,588,318,49,10,1,5,1,
99,6,689,320,42,10,1,5,1,
100,1,845,461,18,20,1,5,1,
100,2,704,222,35,14,1,5,1,
100,4,731,17,17,34,1,5,1,
100,5,584,318,50,10,1,5,1,
100,6,686,320,43,9,1,5,1,
101,1,847,459,17,20,1,5,1,
101,2,700,223,39,14,1,5,1,
101,4,732,19,16,34,1,5,1,
101,5,579,317,52,10,1,5,1,
101,6,682,319,44,10,1,5,1,
102,1,849,457,16,20,1,5,1,
102,2,696,223,43,14,1,5,1,
102,4,732,21,16,34,1,5,1,
102,5,575,317,52,10,1,5,1,
102,6,679,319,44,9,1,5,1,
103,1,851,456,15,19,1,5,1,
103,2,693,224,46,13,1,5,1,
103,4,732,23,15,34,1,5,1,
103,5,571,317,53,10,1,5,1,
103,6,675,319,45,9,1,5,1,
104,1,852,454,15,20,1,5,1,
104,2,690,224,48,13,1,5,1,
104,4,732,25,15,33,1,5,1,
104,5,568,317,53,10,1,5,1,
104,6,672,318,45,10,1,5,1,
105,1,854,452,14,19,1,5,1,
105,2,687,224,48,14,1,5,1,
105,4,732,28,15,32,1,5,1,
105,5,564,317,53,10,1,5,1,
106,1,855,451,14,19,1,5,1,
106,2,683,225,50,13,1,5,1,
106,4,732,29,14,33,1,5,1,
106,5,560,317,54,10,1,5,1,
107,1,856,449,14,20,1,5,1,
107,2,680,225,51,13,1,5,1,
107,4,731,31,15,33,1,5,1,
107,5,557,317,54,10,1,5,1,
108,1,857,448,13,19,1,5,1,
108,2,677,225,51,14,1,5,1,
108,4,731,33,15,33,1,5,1,
108,5,554,317,53,10,1,5,1,
109,1,858,446,13,19,1,5,1,
109,2,674,226,51,13,1,5,1,
109,4,730,35,15,33,1,5,1,
109,5,552,317,51,10,1,5,1,
110,1,858,444,13,20,1,5,1,
110,4,729,37,16,32,1,5,1,
110,5,550,317,49,11,1,5,1,
111,1,859,443,13,19,1,5,1,
111,4,728,39,16,32,1,5,1,
111,5,548,317,47,11,1,5,1,
112,1,859,441,13,20,1,5,1,
112,4,727,40,17,33,1,5,1,
112,5,547,317,44,12,1,5,1,
113,1,859,440,13,19,1,5,1,
113,4,726,42,17,32,1,5,1,
113,5,546,318,42,12,1,5,1,
114,1,859,438,13,20,1,5,1,
114,4,725,44,17,32,1,5,1,
114,5,546,318,37,13,1,5,1,
115,1,860,437,12,19,1,5,1,
115,4,724,46,18,32,1,5,1,
115,5,546,318,33,14,1,5,1,
116,1,860,435,12,20,1,5,1,
116,4,723,48,18,31,1,5,1,
116,5,547,318,28,15,1,5,1,
117,1,860,434,12,19,1,5,1,
117,4,722,50,19,31,1,5,1,
117,5,546,319,25,14,1,5,1,
118,1,860,432,12,19,1,5,1,
118,4,720,51,21,32,1,5,1,
118,5,546,319,22,15,1,5,1,
119,1,859,431,13,19,1,5,1,
119,4,719,53,21,31,1,5,1,
119,5,547,319,17,16,1,5,1,
120,1,859,429,12,19,1,5,1,
120,4,718,55,21,31,1,5,1,
120,5,548,320,12,16,1,5,1,
121,1,859,428,12,19,1,5,1,
121,4,716,57,23,30,1,5,1,
121,5,549,320,14,16,1,5,1,
122,1,859,427,12,18,1,5,1,
122,4,715,59,23,30,1,5,1,
122,5,549,321,18,16,1,5,1,
123,1,858,425,12,18,1,5,1,
123,4,713,61,24,29,1,5,1,
123,5,549,322,23,15,1,5,1,
124,1,858,424,12,18,1,5,1,
124,4,711,62,25,30,1,5,1,
124,5,549,322,28,16,1,5,1,
125,1,857,423,12,18,1,5,1,
125,4,710,64,25,29,1,5,1,
125,5,548,323,34,15,1,5,1,
126,1,857,421,12,18,1,5,1,
126,4,708,66,26,29,1,5,1,
126,5,548,324,39,14,1,5,1,
127,1,856,420,12,17,1,5,1,
127,4,706,68,27,28,1,5,1,
127,5,547,325,45,13,1,5,1,
128,1,856,419,12,17,1,5,1,
128,4,704,69,27,28,1,5,1,
128,5,547,325,49,14,1,5,1,
129,1,855,417,12,17,1,5,1,
129,4,702,71,28,28,1,5,1,
129,5,548,326,53,13,1,5,1,
130,1,854,416,13,17,1,5,1,
130,4,700,73,29,27,1,5,1,
130,5,550,327,56,12,1,5,1,
131,1,853,415,14,17,1,5,1,
131,4,698,74,30,27,1,5,1,
131,5,552,327,58,13,1,5,1,
132,1,853,413,13,17,1,5,1,
132,4,696,76,30,26,1,5,1,
132,5,555,328,60,12,1,5,1,
133,1,852,412,14,17,1,5,1,
133,4,694,78,30,26,1,5,1,
133,5,558,328,62,12,1,5,1,
134,1,851,411,14,17,1,5,1,
134,5,561,329,64,12,1,5,1,
135,1,850,410,14,16,1,5,1,
135,5,564,329,66,12,1,5,1,
136,1,849,409,15,16,1,5,1,
136,5,567,329,68,12,1,5,1,
137,1,848,407,15,17,1,5,1,
137,5,570,329,70,13,1,5,1,
138,1,847,406,16,17,1,5,1,
138,5,573,330,72,12,1,5,1,
139,1,846,405,16,17,1,5,1,
139,5,577,330,74,12,1,5,1,
140,1,844,404,17,16,1,5,1,
140,5,581,330,75,13,1,5,1,
141,1,843,403,17,16,1,5,1,
141,5,585,331,76,12,1,5,1,
142,1,842,402,17,16,1,5,1,
142,5,589,331,78,12,1,5,1,
143,1,841,401,17,16,1,5,1,
143,5,594,331,78,12,1,5,1,
144,1,840,400,17,16,1,5,1,
144,5,599,331,78,13,1,5,1,
145,1,838,399,18,15,1,5,1,
145,5,603,332,80,12,1,5,1,
146,1,837,398,18,15,1,5,1,
146,5,607,332,81,12,1,5,1,
147,1,835,396,19,16,1,5,1,
147,5,613,332,81,12,1,5,1,
148,1,834,395,19,16,1,5,1,
148,5,617,332,82,13,1,5,1,
149,1,832,394,20,16,1,5,1,
149,5,622,332,83,13,1,5,1,
150,1,831,393,19,15,1,5,1,
150,5,627,332,83,13,1,5,1,
