1,1,0,433,21,32,1,5,1,
1,2,527,484,36,20,1,5,1,
1,3,606,330,20,19,1,5,1,
1,4,770,398,132,32,1,5,1,
1,5,471,-31,101,52,1,5,1,
1,6,601,154,25,33,1,5,1,
1,7,869,201,90,20,1,5,1,
2,1,0,430,24,36,1,5,1,
2,2,525,481,36,23,1,5,1,
2,3,604,330,22,18,1,5,1,
2,4,776,399,138,32,1,5,1,
2,5,472,-34,115,54,1,5,1,
2,6,604,156,23,31,1,5,1,
2,7,863,201,96,21,1,5,1,
3,1,0,426,29,35,1,5,1,
3,2,524,478,33,25,1,5,1,
3,3,602,329,24,19,1,5,1,
3,4,784,400,140,32,1,5,1,
3,5,473,-35,128,52,1,5,1,
3,6,607,158,23,30,1,5,1,
3,7,858,202,97,21,1,5,1,
4,1,0,422,40,37,1,5,1,
4,2,524,475,30,27,1,5,1,
4,3,602,329,23,18,1,5,1,
4,4,793,401,139,31,1,5,1,
4,6,609,160,25,28,1,5,1,
4,7,855,202,94,21,1,5,1,
5,1,0,419,51,38,1,5,1,
5,2,524,472,26,29,1,5,1,
5,3,603,328,20,19,1,5,1,
5,4,803,402,135,30,1,5,1,
5,6,607,162,33,28,1,5,1,
5,7,852,203,92,21,1,5,1,
6,1,0,415,63,39,1,5,1,
6,2,524,469,23,31,1,5,1,
6,3,603,327,20,19,1,5,1,
6,4,813,401,127,30,1,5,1,
6,6,606,163,40,28,1,5,1,
6,7,850,203,88,22,1,5,1,
7,1,0,412,75,39,1,5,1,
7,2,524,466,20,32,1,5,1,
7,3,604,327,19,18,1,5,1,
7,4,825,400,116,29,1,5,1,
7,6,606,165,47,27,1,5,1,
7,7,849,204,82,21,1,5,1,
8,1,0,408,88,40,1,5,1,
8,2,525,463,15,32,1,5,1,
8,3,605,326,19,18,1,5,1,
8,4,839,398,108,29,1,5,1,
8,6,606,166,53,27,1,5,1,
8,7,849,205,74,21,1,5,1,
9,1,0,405,100,41,1,5,1,
9,2,527,461,11,32,1,5,1,
9,3,607,325,18,19,1,5,1,
9,4,852,396,102,30,1,5,1,
9,6,607,167,57,28,1,5,1,
9,7,848,206,67,20,1,5,1,
10,1,0,402,112,44,1,5,1,
10,2,529,459,12,31,1,5,1,
10,3,608,325,18,18,1,5,1,
10,4,865,394,94,31,1,5,1,
10,6,608,169,61,27,1,5,1,
10,7,846,207,60,20,1,5,1,
11,1,0,400,124,45,1,5,1,
11,2,529,458,16,28,1,5,1,
11,3,610,324,18,18,1,5,1,
11,4,877,393,83,30,1,5,1,
11,6,611,171,63,26,1,5,1,
11,7,843,208,55,19,1,5,1,
12,1,0,398,136,46,1,5,1,
12,2,529,456,21,27,1,5,1,
12,3,609,324,20,17,1,5,1,
12,4,887,390,73,32,1,5,1,
12,6,614,172,64,25,1,5,1,
12,7,840,209,52,19,1,5,1,
13,1,5,396,143,44,1,5,1,
13,2,529,455,26,25,1,5,1,
13,3,609,323,23,18,1,5,1,
13,4,897,387,62,33,1,5,1,
13,6,617,174,66,24,1,5,1,
13,7,838,210,48,18,1,5,1,
14,1,18,394,140,39,1,5,1,
14,2,528,454,32,21,1,5,1,
14,3,609,323,26,17,1,5,1,
14,4,912,384,47,33,1,5,1,
14,6,624,176,60,23,1,5,1,
14,7,835,211,44,18,1,5,1,
15,1,28,392,141,38,1,5,1,
15,2,529,453,36,20,1,5,1,
15,3,609,323,28,16,1,5,1,
15,4,922,383,38,33,1,5,1,
15,6,629,177,60,23,1,5,1,
15,7,832,212,44,17,1,5,1,
16,1,37,391,142,35,1,5,1,
16,2,530,453,41,18,1,5,1,
16,3,610,322,30,17,1,5,1,
16,4,928,384,32,31,1,5,1,
16,6,633,178,61,22,1,5,1,
16,7,830,212,43,17,1,5,1,
17,1,48,390,140,32,1,5,1,
17,2,531,452,46,16,1,5,1,
17,3,610,322,33,16,1,5,1,
17,4,932,382,28,30,1,5,1,
17,6,638,179,60,22,1,5,1,
17,7,827,213,43,17,1,5,1,
18,1,59,390,138,29,1,5,1,
18,2,533,451,50,15,1,5,1,
18,3,611,321,35,16,1,5,1,
18,4,935,378,25,32,1,5,1,
18,6,642,180,57,22,1,5,1,
18,7,824,214,43,16,1,5,1,
19,1,70,389,135,27,1,5,1,
19,2,536,451,53,13,1,5,1,
19,3,612,321,37,16,1,5,1,
19,4,939,380,21,28,1,5,1,
19,6,647,181,56,21,1,5,1,
19,7,822,214,43,17,1,5,1,
20,1,82,389,130,24,1,5,1,
20,2,539,451,56,11,1,5,1,
20,3,613,321,39,15,1,5,1,
20,4,941,377,19,29,1,5,1,
20,6,652,182,53,21,1,5,1,
20,7,819,215,43,16,1,5,1,
21,1,94,389,124,21,1,5,1,
21,2,543,451,58,11,1,5,1,
21,3,615,320,39,16,1,5,1,
21,4,939,372,20,32,1,5,1,
21,6,657,182,50,22,1,5,1,
21,7,816,216,43,15,1,5,1,
22,1,105,389,119,21,1,5,1,
22,2,547,451,59,10,1,5,1,
22,3,617,320,39,16,1,5,1,
22,4,942,373,18,29,1,5,1,
22,6,662,183,49,21,1,5,1,
22,7,814,216,42,16,1,5,1,
23,1,119,389,109,21,1,5,1,
23,2,552,450,60,11,1,5,1,
23,3,619,320,38,15,1,5,1,
23,4,946,375,14,25,1,5,1,
23,6,667,184,47,21,1,5,1,
23,7,811,217,43,15,1,5,1,
24,1,129,390,102,21,1,5,1,
24,2,557,450,60,11,1,5,1,
24,3,621,319,38,16,1,5,1,
24,4,952,376,8,22,1,5,1,
24,6,671,185,47,21,1,5,1,
24,7,808,217,43,16,1,5,1,
25,1,140,390,96,22,1,5,1,
25,2,562,450,60,10,1,5,1,
25,3,624,319,37,15,1,5,1,
25,5,767,0,80,18,1,5,1,
25,6,674,186,47,20,1,5,1,
25,7,806,218,42,15,1,5,1,
26,1,152,391,91,22,1,5,1,
26,2,568,449,59,11,1,5,1,
26,3,627,319,35,15,1,5,1,
26,5,775,0,80,20,1,5,1,
26,6,678,187,46,20,1,5,1,
26,7,803,218,42,15,1,5,1,
27,1,161,392,89,22,1,5,1,
27,2,574,449,58,11,1,5,1,
27,3,630,318,33,15,1,5,1,
27,5,781,0,83,21,1,5,1,
27,6,682,188,41,19,1,5,1,
27,7,800,219,43,15,1,5,1,
28,1,169,393,88,22,1,5,1,
28,2,579,448,58,11,1,5,1,
28,3,632,318,32,15,1,5,1,
28,5,789,0,81,22,1,5,1,
28,6,686,188,38,20,1,5,1,
28,7,797,219,43,15,1,5,1,
29,1,177,393,87,23,1,5,1,
29,2,585,448,57,11,1,5,1,
29,3,635,318,30,14,1,5,1,
29,4,944,361,15,18,1,5,1,
29,5,794,0,84,24,1,5,1,
29,6,690,189,36,20,1,5,1,
29,7,795,220,42,14,1,5,1,
30,1,184,394,87,23,1,5,1,
30,2,592,447,55,11,1,5,1,
30,3,639,318,27,14,1,5,1,
30,5,799,0,86,25,1,5,1,
30,6,694,190,34,19,1,5,1,
30,7,792,221,42,14,1,5,1,
31,1,190,394,89,24,1,5,1,
31,2,597,446,54,11,1,5,1,
31,3,642,317,25,15,1,5,1,
31,5,805,0,87,27,1,5,1,
31,6,698,191,32,19,1,5,1,
31,7,789,221,43,14,1,5,1,
32,1,196,395,90,24,1,5,1,
32,2,603,446,53,11,1,5,1,
32,3,646,317,21,14,1,5,1,
32,5,809,0,91,28,1,5,1,
32,6,701,192,30,19,1,5,1,
32,7,787,222,42,13,1,5,1,
33,1,202,396,92,24,1,5,1,
33,2,608,445,52,11,1,5,1,
33,3,649,317,19,14,1,5,1,
33,4,944,356,15,17,1,5,1,
33,5,813,0,93,30,1,5,1,
33,6,704,192,29,19,1,5,1,
33,7,784,222,43,14,1,5,1,
34,1,208,397,94,24,1,5,1,
34,2,614,444,50,11,1,5,1,
34,3,652,316,16,14,1,5,1,
34,4,941,354,18,19,1,5,1,
34,5,817,0,95,31,1,5,1,
34,6,707,193,27,19,1,5,1,
34,7,781,222,43,14,1,5,1,
35,1,215,398,95,24,1,5,1,
35,2,620,444,48,10,1,5,1,
35,3,654,316,15,14,1,5,1,
35,4,939,353,20,19,1,5,1,
35,5,825,0,85,34,1,5,1,
35,6,710,194,25,19,1,5,1,
35,7,778,223,43,13,1,5,1,
36,1,222,399,96,24,1,5,1,
36,2,625,443,47,11,1,5,1,
36,3,654,315,15,14,1,5,1,
36,4,939,352,20,22,1,5,1,
36,5,835,0,71,38,1,5,1,
36,6,713,195,23,18,1,5,1,
36,7,776,223,42,14,1,5,1,
37,1,229,400,97,24,1,5,1,
37,2,630,442,46,11,1,5,1,
37,3,655,315,14,14,1,5,1,
37,4,936,351,23,22,1,5,1,
37,5,844,0,60,43,1,5,1,
37,6,716,196,20,18,1,5,1,
37,7,773,224,42,13,1,5,1,
38,1,236,401,99,24,1,5,1,
38,2,636,441,43,12,1,5,1,
38,3,655,315,14,13,1,5,1,
38,4,934,349,25,22,1,5,1,
38,5,855,0,48,49,1,5,1,
38,6,718,197,18,18,1,5,1,
38,7,770,224,42,13,1,5,1,
39,1,243,402,101,24,1,5,1,
39,2,641,440,42,12,1,5,1,
39,3,655,314,14,14,1,5,1,
39,4,931,348,28,21,1,5,1,
39,5,861,0,42,52,1,5,1,
39,6,718,197,18,18,1,5,1,
39,7,767,225,42,12,1,5,1,
40,1,250,402,102,25,1,5,1,
40,2,645,439,41,12,1,5,1,
40,3,655,314,14,13,1,5,1,
40,4,929,347,30,21,1,5,1,
40,5,862,0,41,56,1,5,1,
40,6,718,198,17,18,1,5,1,
40,7,765,225,42,13,1,5,1,
41,1,257,403,104,25,1,5,1,
41,2,650,438,39,12,1,5,1,
41,3,655,314,14,13,1,5,1,
41,4,926,346,33,20,1,5,1,
41,5,863,0,40,59,1,5,1,
41,6,718,199,17,17,1,5,1,
41,7,762,226,42,12,1,5,1,
42,1,264,404,106,25,1,5,1,
42,2,654,437,39,12,1,5,1,
42,3,655,313,14,13,1,5,1,
42,4,923,345,36,20,1,5,1,
42,5,863,0,40,62,1,5,1,
42,6,718,200,17,17,1,5,1,
42,7,759,226,42,12,1,5,1,
43,1,271,405,108,24,1,5,1,
43,2,659,436,35,13,1,5,1,
43,3,654,313,14,13,1,5,1,
43,4,921,344,38,20,1,5,1,
43,5,864,0,39,65,1,5,1,
43,6,718,200,16,18,1,5,1,
43,7,756,226,42,13,1,5,1,
44,1,279,406,110,24,1,5,1,
44,2,663,435,31,13,1,5,1,
44,3,654,313,14,12,1,5,1,
44,4,918,343,38,20,1,5,1,
44,5,864,0,39,68,1,5,1,
44,6,717,201,16,17,1,5,1,
44,7,754,227,41,12,1,5,1,
45,1,289,407,109,24,1,5,1,
45,2,669,433,25,14,1,5,1,
45,3,653,312,14,13,1,5,1,
45,4,915,342,38,19,1,5,1,
45,5,864,3,38,68,1,5,1,
45,6,716,202,16,17,1,5,1,
45,7,751,227,41,12,1,5,1,
46,1,296,407,112,24,1,5,1,
46,2,673,431,21,15,1,5,1,
46,3,652,312,15,12,1,5,1,
46,4,912,341,38,19,1,5,1,
46,5,864,7,37,67,1,5,1,
46,6,715,203,16,17,1,5,1,
46,7,748,228,42,11,1,5,1,
47,1,304,408,113,24,1,5,1,
47,2,678,429,16,16,1,5,1,
47,3,651,311,16,13,1,5,1,
47,4,910,340,38,19,1,5,1,
47,5,864,11,37,66,1,5,1,
47,6,714,204,16,16,1,5,1,
47,7,745,228,42,12,1,5,1,
48,1,312,408,115,25,1,5,1,
48,2,682,427,12,17,1,5,1,
48,3,649,311,19,13,1,5,1,
48,4,907,339,38,18,1,5,1,
48,5,863,15,37,65,1,5,1,
48,6,713,204,17,17,1,5,1,
48,7,743,228,41,12,1,5,1,
49,1,319,409,118,24,1,5,1,
49,2,683,425,11,18,1,5,1,
49,3,647,311,21,12,1,5,1,
49,4,904,338,38,18,1,5,1,
49,5,863,19,36,64,1,5,1,
49,6,712,205,17,16,1,5,1,
50,1,327,409,119,25,1,5,1,
50,2,681,423,13,19,1,5,1,
50,3,645,310,23,13,1,5,1,
50,4,901,337,39,18,1,5,1,
50,5,862,23,36,62,1,5,1,
50,6,711,206,18,16,1,5,1,
51,1,334,410,122,24,1,5,1,
51,2,680,422,13,18,1,5,1,
51,3,642,310,26,12,1,5,1,
51,4,898,336,39,18,1,5,1,
51,5,862,26,34,62,1,5,1,
51,6,709,207,19,15,1,5,1,
52,1,343,410,123,25,1,5,1,
52,2,678,420,14,19,1,5,1,
52,3,640,310,28,12,1,5,1,
52,4,895,335,39,18,1,5,1,
52,5,861,29,34,61,1,5,1,
52,6,708,207,19,16,1,5,1,
53,1,351,410,125,25,1,5,1,
53,2,676,419,17,18,1,5,1,
53,3,638,309,30,12,1,5,1,
53,4,892,334,39,18,1,5,1,
53,5,860,33,34,60,1,5,1,
53,6,707,208,19,15,1,5,1,
54,1,359,411,127,24,1,5,1,
54,2,674,417,19,18,1,5,1,
54,3,636,309,31,12,1,5,1,
54,4,889,333,40,18,1,5,1,
54,5,859,36,33,59,1,5,1,
54,6,705,209,20,15,1,5,1,
55,1,368,411,128,24,1,5,1,
55,2,672,416,20,18,1,5,1,
55,4,885,333,41,17,1,5,1,
55,5,858,40,33,58,1,5,1,
55,6,704,209,20,15,1,5,1,
56,1,376,411,130,25,1,5,1,
56,2,670,415,21,17,1,5,1,
56,4,882,332,41,17,1,5,1,
56,5,857,43,32,57,1,5,1,
56,6,703,210,20,15,1,5,1,
57,1,393,411,123,25,1,5,1,
57,2,668,413,21,16,1,5,1,
57,4,879,331,38,16,1,5,1,
57,5,856,49,31,54,1,5,1,
57,6,701,211,20,15,1,5,1,
58,1,403,411,123,25,1,5,1,
58,2,666,412,21,16,1,5,1,
58,4,876,330,38,16,1,5,1,
58,5,855,52,31,53,1,5,1,
58,6,699,212,21,14,1,5,1,
59,1,410,411,126,25,1,5,1,
59,2,664,410,22,16,1,5,1,
59,4,872,330,40,15,1,5,1,
59,5,854,55,31,52,1,5,1,
59,6,698,212,21,14,1,5,1,
60,1,417,411,129,24,1,5,1,
60,2,662,409,23,16,1,5,1,
60,4,869,329,41,15,1,5,1,
60,5,852,57,32,52,1,5,1,
60,6,696,213,22,14,1,5,1,
61,1,424,411,132,24,1,5,1,
61,2,660,408,24,16,1,5,1,
61,4,866,328,41,15,1,5,1,
61,5,851,59,33,52,1,5,1,
61,6,695,213,22,14,1,5,1,
62,1,433,411,133,24,1,5,1,
62,2,658,407,24,16,1,5,1,
62,4,862,327,43,16,1,5,1,
62,5,849,62,34,52,1,5,1,
62,6,693,214,23,14,1,5,1,
63,1,441,411,134,24,1,5,1,
63,2,656,405,25,17,1,5,1,
63,4,859,327,43,15,1,5,1,
63,5,848,64,34,52,1,5,1,
63,6,691,214,24,14,1,5,1,
64,1,450,410,135,24,1,5,1,
64,2,654,404,25,16,1,5,1,
64,4,856,326,43,15,1,5,1,
64,5,846,67,35,51,1,5,1,
64,6,689,215,24,14,1,5,1,
65,1,460,410,134,24,1,5,1,
65,2,652,403,25,16,1,5,1,
65,4,852,325,44,15,1,5,1,
65,5,845,70,35,50,1,5,1,
65,6,687,216,25,13,1,5,1,
66,1,469,410,134,23,1,5,1,
66,2,650,402,26,16,1,5,1,
66,4,849,325,44,14,1,5,1,
66,5,843,73,35,48,1,5,1,
66,6,685,216,25,13,1,5,1,
67,1,479,409,133,24,1,5,1,
67,2,647,401,27,15,1,5,1,
67,4,846,324,43,15,1,5,1,
67,5,841,76,36,47,1,5,1,
67,6,683,217,26,13,1,5,1,
68,1,490,409,131,23,1,5,1,
68,2,645,400,27,15,1,5,1,
68,4,843,324,43,14,1,5,1,
68,5,839,79,37,46,1,5,1,
68,6,681,217,26,13,1,5,1,
69,1,499,408,131,24,1,5,1,
69,2,643,399,27,15,1,5,1,
69,4,839,323,44,14,1,5,1,
69,5,837,81,37,46,1,5,1,
69,6,679,218,26,13,1,5,1,
70,1,509,408,130,23,1,5,1,
70,2,640,398,28,14,1,5,1,
70,4,836,322,44,14,1,5,1,
70,5,836,84,37,45,1,5,1,
70,6,677,218,27,13,1,5,1,
71,1,519,407,128,23,1,5,1,
71,2,638,397,28,14,1,5,1,
71,4,833,322,43,13,1,5,1,
71,5,834,86,37,45,1,5,1,
71,6,675,219,27,12,1,5,1,
72,1,529,407,127,23,1,5,1,
72,2,638,396,26,14,1,5,1,
72,4,829,321,44,13,1,5,1,
72,5,832,89,37,43,1,5,1,
72,6,673,219,27,13,1,5,1,
73,1,539,406,125,23,1,5,1,
73,2,638,395,23,14,1,5,1,
73,4,826,321,44,13,1,5,1,
73,5,830,91,37,43,1,5,1,
73,6,670,220,28,12,1,5,1,
74,1,549,405,123,23,1,5,1,
74,2,638,394,21,13,1,5,1,
74,4,823,320,43,13,1,5,1,
74,5,828,94,38,42,1,5,1,
74,6,668,220,28,13,1,5,1,
75,1,558,404,121,23,1,5,1,
75,2,638,393,19,13,1,5,1,
75,4,819,320,44,12,1,5,1,
75,5,826,96,38,41,1,5,1,
75,6,666,221,29,12,1,5,1,
76,1,568,404,119,22,1,5,1,
76,2,638,392,16,13,1,5,1,
76,4,816,319,44,13,1,5,1,
76,5,823,98,39,41,1,5,1,
76,6,664,221,29,12,1,5,1,
77,1,578,403,117,22,1,5,1,
77,2,639,391,12,13,1,5,1,
77,4,813,319,43,12,1,5,1,
77,5,821,101,39,39,1,5,1,
77,6,662,222,29,12,1,5,1,
78,1,587,402,115,23,1,5,1,
78,2,639,390,10,13,1,5,1,
78,4,810,318,43,12,1,5,1,
78,5,819,103,39,39,1,5,1,
78,6,659,222,30,12,1,5,1,
79,1,596,401,113,23,1,5,1,
79,2,639,389,8,13,1,5,1,
79,4,806,318,44,12,1,5,1,
79,5,816,105,40,38,1,5,1,
79,6,657,223,30,11,1,5,1,
80,1,606,400,110,23,1,5,1,
80,2,638,388,8,13,1,5,1,
80,4,803,317,43,12,1,5,1,
80,5,814,107,40,38,1,5,1,
80,6,655,223,30,12,1,5,1,
81,1,614,400,109,22,1,5,1,
81,2,635,387,11,13,1,5,1,
81,4,800,317,43,11,1,5,1,
81,5,812,109,40,37,1,5,1,
81,6,652,224,31,11,1,5,1,
82,1,622,399,108,22,1,5,1,
82,2,632,386,13,13,1,5,1,
82,4,796,316,44,12,1,5,1,
82,5,809,111,41,37,1,5,1,
82,6,650,224,31,11,1,5,1,
83,1,632,398,104,22,1,5,1,
83,4,793,316,43,11,1,5,1,
83,5,806,114,41,35,1,5,1,
83,6,648,225,30,10,1,5,1,
84,1,639,397,104,23,1,5,1,
84,4,790,315,44,12,1,5,1,
84,5,804,115,41,35,1,5,1,
84,6,645,225,32,11,1,5,1,
85,1,645,396,104,23,1,5,1,
85,4,787,315,44,11,1,5,1,
85,5,801,117,43,35,1,5,1,
85,6,643,225,32,11,1,5,1,
86,1,653,395,102,23,1,5,1,
86,4,783,314,45,12,1,5,1,
86,5,799,118,43,35,1,5,1,
86,6,641,226,32,10,1,5,1,
87,1,661,394,100,23,1,5,1,
87,4,780,314,45,11,1,5,1,
87,5,796,120,43,34,1,5,1,
87,6,638,226,33,11,1,5,1,
88,1,668,394,99,22,1,5,1,
88,4,777,314,45,11,1,5,1,
88,5,793,122,44,34,1,5,1,
88,6,636,226,33,11,1,5,1,
89,1,675,393,98,22,1,5,1,
89,4,773,313,46,11,1,5,1,
89,5,791,124,44,33,1,5,1,
89,6,633,227,34,10,1,5,1,
90,1,683,392,95,22,1,5,1,
90,4,770,313,45,11,1,5,1,
90,5,788,125,45,33,1,5,1,
90,6,631,227,34,10,1,5,1,
91,1,690,391,94,22,1,5,1,
91,4,767,312,45,11,1,5,1,
91,5,785,127,45,32,1,5,1,
92,1,696,390,93,22,1,5,1,
92,4,764,312,46,11,1,5,1,
92,5,783,128,45,32,1,5,1,
93,1,701,389,93,23,1,5,1,
93,4,760,312,47,10,1,5,1,
93,5,780,130,47,31,1,5,1,
94,1,707,388,92,23,1,5,1,
94,4,757,311,47,11,1,5,1,
94,5,777,131,47,32,1,5,1,
95,1,714,387,90,23,1,5,1,
95,4,754,311,47,10,1,5,1,
95,5,774,133,48,31,1,5,1,
96,1,719,386,89,23,1,5,1,
96,4,751,311,48,10,1,5,1,
96,5,772,134,48,31,1,5,1,
97,1,725,386,88,22,1,5,1,
97,4,748,310,48,10,1,5,1,
97,5,769,135,49,31,1,5,1,
98,1,731,385,86,22,1,5,1,
98,4,744,310,49,10,1,5,1,
98,5,766,137,50,30,1,5,1,
99,1,738,384,83,22,1,5,1,
99,4,741,310,48,9,1,5,1,
99,5,763,138,50,30,1,5,1,
100,1,744,383,82,22,1,5,1,
100,4,738,309,48,10,1,5,1,
100,5,760,140,51,29,1,5,1,
101,1,749,382,81,22,1,5,1,
101,4,735,309,48,10,1,5,1,
101,5,758,141,50,29,1,5,1,
102,1,755,381,78,23,1,5,1,
102,4,731,309,49,9,1,5,1,
102,5,755,142,51,29,1,5,1,
103,1,761,380,76,23,1,5,1,
103,4,728,308,49,10,1,5,1,
103,5,752,144,51,28,1,5,1,
104,1,767,379,74,23,1,5,1,
104,4,725,308,48,9,1,5,1,
104,5,749,145,51,28,1,5,1,
105,1,772,378,72,23,1,5,1,
105,4,722,308,48,9,1,5,1,
105,5,746,147,52,27,1,5,1,
106,1,777,378,70,22,1,5,1,
106,4,719,307,48,10,1,5,1,
106,5,743,148,52,26,1,5,1,
107,1,783,377,67,22,1,5,1,
107,4,715,307,49,9,1,5,1,
107,5,740,149,52,26,1,5,1,
108,1,788,376,66,22,1,5,1,
108,4,712,307,49,9,1,5,1,
108,5,738,150,52,26,1,5,1,
109,1,793,375,63,22,1,5,1,
109,4,709,307,49,9,1,5,1,
109,5,735,152,52,25,1,5,1,
110,1,798,374,61,22,1,5,1,
110,4,706,306,48,9,1,5,1,
110,5,732,153,52,25,1,5,1,
111,1,804,373,58,22,1,5,1,
111,4,703,306,47,9,1,5,1,
111,5,729,155,52,24,1,5,1,
112,1,809,372,55,22,1,5,1,
112,4,700,306,47,9,1,5,1,
112,5,726,156,52,23,1,5,1,
113,1,814,371,53,22,1,5,1,
113,4,696,306,47,8,1,5,1,
113,5,723,157,52,23,1,5,1,
114,1,818,371,51,21,1,5,1,
114,5,720,158,52,23,1,5,1,
115,1,823,370,48,20,1,5,1,
115,5,717,159,52,23,1,5,1,
116,1,826,369,48,21,1,5,1,
116,5,714,160,53,22,1,5,1,
117,1,829,368,47,21,1,5,1,
117,5,712,161,53,22,1,5,1,
118,1,831,367,46,21,1,5,1,
118,5,709,162,54,22,1,5,1,
119,1,834,366,45,22,1,5,1,
119,5,706,162,55,23,1,5,1,
120,1,837,366,44,21,1,5,1,
120,5,703,163,55,22,1,5,1,
121,1,840,365,43,21,1,5,1,
121,5,700,164,56,22,1,5,1,
122,1,843,364,42,21,1,5,1,
122,5,697,165,57,21,1,5,1,
123,1,845,363,42,22,1,5,1,
123,5,694,166,58,21,1,5,1,
124,1,848,362,40,22,1,5,1,
124,5,691,167,58,21,1,5,1,
125,1,851,362,39,21,1,5,1,
125,5,688,168,58,20,1,5,1,
126,1,854,361,37,21,1,5,1,
126,5,685,169,59,20,1,5,1,
127,1,856,360,37,21,1,5,1,
127,5,682,169,59,21,1,5,1,
128,1,859,359,35,21,1,5,1,
129,1,860,358,35,22,1,5,1,
130,1,863,358,33,21,1,5,1,
131,1,865,357,32,21,1,5,1,
132,1,866,356,32,22,1,5,1,
133,1,868,355,30,22,1,5,1,
134,1,870,355,29,21,1,5,1,
135,1,871,354,29,21,1,5,1,
136,1,873,353,27,22,1,5,1,
137,1,875,352,25,22,1,5,1,
138,1,876,352,25,21,1,5,1,
139,1,878,351,23,21,1,5,1,
140,1,879,350,22,22,1,5,1,
141,1,880,350,21,21,1,5,1,
142,1,882,349,19,21,1,5,1,
143,1,883,348,18,21,1,5,1,
144,1,883,348,18,20,1,5,1,
145,1,883,347,18,20,1,5,1,
146,1,883,346,18,21,1,5,1,
147,1,882,346,18,20,1,5,1,
148,1,882,345,18,20,1,5,1,
149,1,882,344,18,20,1,5,1,
150,1,882,344,17,19,1,5,1,
