1,1,643,438,71,31,1,5,1,
1,2,329,432,72,26,1,5,1,
1,3,731,57,35,39,1,5,1,
1,4,697,205,96,19,1,5,1,
1,5,731,343,166,66,1,5,1,
1,6,649,381,62,15,1,5,1,
1,7,441,228,88,20,1,5,1,
1,8,0,494,20,32,1,5,1,
1,9,712,100,42,32,1,5,1,
1,10,202,49,85,34,1,5,1,
1,11,207,104,51,12,1,5,1,
1,12,834,268,46,32,1,5,1,
1,13,0,98,56,36,1,5,1,
1,14,865,0,79,50,1,5,1,
1,15,709,142,65,14,1,5,1,
1,16,245,423,65,62,1,5,1,
1,17,59,437,107,21,1,5,1,
1,18,727,8,183,87,1,5,1,
1,19,28,420,95,37,1,5,1,
1,20,807,157,33,16,1,5,1,
1,21,702,236,76,25,1,5,1,
1,22,840,201,20,18,1,5,1,
1,23,105,315,119,23,1,5,1,
1,24,89,151,24,19,1,5,1,
1,25,627,8,38,34,1,5,1,
1,26,845,431,67,86,1,5,1,
1,27,386,85,108,26,1,5,1,
1,28,0,483,129,50,1,5,1,
1,29,84,229,72,14,1,5,1,
1,30,907,49,53,20,1,5,1,
1,31,471,466,166,58,1,5,1,
2,1,643,434,56,35,1,5,1,
2,2,334,436,73,24,1,5,1,
2,3,725,53,51,40,1,5,1,
2,4,710,204,93,20,1,5,1,
2,5,737,346,187,69,1,5,1,
2,6,659,383,58,13,1,5,1,
2,7,455,229,82,19,1,5,1,
2,8,0,493,19,25,1,5,1,
2,9,709,96,56,32,1,5,1,
2,10,216,56,79,27,1,5,1,
2,11,201,102,47,12,1,5,1,
2,12,832,268,49,33,1,5,1,
2,13,0,104,69,33,1,5,1,
2,14,862,0,69,56,1,5,1,
2,15,720,142,58,14,1,5,1,
2,16,248,419,49,62,1,5,1,
2,17,77,437,96,20,1,5,1,
2,18,721,16,146,85,1,5,1,
2,19,17,422,86,41,1,5,1,
2,20,808,156,22,16,1,5,1,
2,21,701,234,90,27,1,5,1,
2,22,842,203,20,17,1,5,1,
2,23,122,316,111,23,1,5,1,
2,24,90,150,24,18,1,5,1,
2,25,629,15,43,28,1,5,1,
2,26,839,438,96,90,1,5,1,
2,27,408,85,97,26,1,5,1,
2,28,0,479,142,51,1,5,1,
2,29,100,229,62,14,1,5,1,
2,30,924,46,36,18,1,5,1,
2,31,489,475,164,54,1,5,1,
3,1,644,431,46,37,1,5,1,
3,2,337,440,77,22,1,5,1,
3,3,723,49,64,41,1,5,1,
3,4,719,204,94,21,1,5,1,
3,5,743,349,210,72,1,5,1,
3,6,666,383,57,13,1,5,1,
3,7,465,228,80,20,1,5,1,
3,8,0,493,20,21,1,5,1,
3,9,708,93,70,32,1,5,1,
3,10,226,59,77,25,1,5,1,
3,11,195,100,46,13,1,5,1,
3,12,833,268,51,34,1,5,1,
3,13,0,102,82,37,1,5,1,
3,14,860,4,54,57,1,5,1,
3,15,727,142,54,14,1,5,1,
3,16,253,414,46,63,1,5,1,
3,17,88,437,92,20,1,5,1,
3,18,716,22,124,85,1,5,1,
3,19,7,424,81,46,1,5,1,
3,20,808,154,20,17,1,5,1,
3,21,702,233,102,27,1,5,1,
3,22,845,205,20,15,1,5,1,
3,23,133,317,109,23,1,5,1,
3,24,89,149,26,18,1,5,1,
3,25,632,19,48,25,1,5,1,
3,26,837,443,122,97,1,5,1,
3,27,422,84,94,26,1,5,1,
3,28,0,477,154,50,1,5,1,
3,29,110,229,57,14,1,5,1,
3,31,501,484,168,48,1,5,1,
4,1,645,428,38,38,1,5,1,
4,2,342,441,79,21,1,5,1,
4,3,722,45,77,42,1,5,1,
4,4,727,203,98,21,1,5,1,
4,5,752,352,207,74,1,5,1,
4,6,673,383,55,13,1,5,1,
4,7,474,228,78,20,1,5,1,
4,8,-6,492,30,20,1,5,1,
4,9,709,89,83,33,1,5,1,
4,10,235,62,76,22,1,5,1,
4,11,189,98,45,14,1,5,1,
4,12,836,268,52,34,1,5,1,
4,13,0,103,96,39,1,5,1,
4,14,860,12,41,53,1,5,1,
4,15,734,142,50,15,1,5,1,
4,16,258,410,45,62,1,5,1,
4,17,98,438,88,20,1,5,1,
4,18,713,29,104,83,1,5,1,
4,19,0,427,75,50,1,5,1,
4,20,808,151,20,19,1,5,1,
4,21,704,232,114,28,1,5,1,
4,22,846,205,24,16,1,5,1,
4,23,143,317,107,23,1,5,1,
4,24,86,148,33,18,1,5,1,
4,25,635,22,52,23,1,5,1,
4,26,838,448,122,95,1,5,1,
4,27,432,83,96,26,1,5,1,
4,28,9,475,157,46,1,5,1,
4,29,117,229,55,14,1,5,1,
4,31,514,490,171,45,1,5,1,
5,1,645,425,30,38,1,5,1,
5,2,348,442,80,21,1,5,1,
5,3,722,41,90,43,1,5,1,
5,4,736,203,100,20,1,5,1,
5,5,763,356,197,69,1,5,1,
5,6,680,383,52,13,1,5,1,
5,7,482,228,77,19,1,5,1,
5,8,-14,491,41,20,1,5,1,
5,9,711,85,96,35,1,5,1,
5,10,243,63,75,22,1,5,1,
5,11,184,96,44,15,1,5,1,
5,12,831,268,63,36,1,5,1,
5,13,10,108,99,36,1,5,1,
5,14,857,19,33,50,1,5,1,
5,15,740,142,45,15,1,5,1,
5,16,251,407,59,61,1,5,1,
5,17,107,438,84,20,1,5,1,
5,18,712,36,85,82,1,5,1,
5,19,-5,431,67,51,1,5,1,
5,20,809,149,21,21,1,5,1,
5,21,707,231,125,28,1,5,1,
5,22,845,206,32,16,1,5,1,
5,23,153,317,106,23,1,5,1,
5,24,84,148,41,17,1,5,1,
5,25,639,25,56,21,1,5,1,
5,26,842,454,118,90,1,5,1,
5,27,442,81,98,27,1,5,1,
5,28,22,473,155,42,1,5,1,
5,29,124,230,54,13,1,5,1,
5,31,528,493,173,44,1,5,1,
6,1,644,422,25,36,1,5,1,
6,2,354,443,80,21,1,5,1,
6,3,723,38,102,42,1,5,1,
6,4,746,202,102,21,1,5,1,
6,5,778,361,182,66,1,5,1,
6,6,688,382,47,13,1,5,1,
6,7,491,227,74,20,1,5,1,
6,8,-22,491,51,19,1,5,1,
6,9,715,81,108,35,1,5,1,
6,10,251,64,75,21,1,5,1,
6,11,179,93,42,16,1,5,1,
6,12,826,268,86,39,1,5,1,
6,13,23,112,98,34,1,5,1,
6,14,856,26,27,48,1,5,1,
6,15,747,142,39,16,1,5,1,
6,16,247,403,74,59,1,5,1,
6,17,114,440,82,19,1,5,1,
6,18,713,44,64,78,1,5,1,
6,19,-12,436,61,50,1,5,1,
6,20,809,147,20,20,1,5,1,
6,21,712,230,134,29,1,5,1,
6,22,846,207,40,15,1,5,1,
6,23,163,317,105,23,1,5,1,
6,24,82,147,51,17,1,5,1,
6,25,644,28,59,18,1,5,1,
6,26,848,462,112,82,1,5,1,
6,27,453,80,99,27,1,5,1,
6,28,37,472,150,37,1,5,1,
6,29,130,230,54,13,1,5,1,
6,31,543,494,174,44,1,5,1,
7,1,645,420,21,34,1,5,1,
7,2,360,443,80,21,1,5,1,
7,3,726,34,112,42,1,5,1,
7,4,755,201,105,21,1,5,1,
7,5,796,366,164,66,1,5,1,
7,6,695,382,43,13,1,5,1,
7,7,498,227,73,20,1,5,1,
7,8,-31,491,60,18,1,5,1,
7,9,721,78,118,35,1,5,1,
7,10,259,64,74,22,1,5,1,
7,11,175,91,39,16,1,5,1,
7,12,823,268,111,42,1,5,1,
7,13,34,116,99,31,1,5,1,
7,14,857,32,26,46,1,5,1,
7,15,753,142,34,17,1,5,1,
7,16,245,400,88,57,1,5,1,
7,17,120,440,84,21,1,5,1,
7,18,710,52,51,74,1,5,1,
7,19,-18,442,54,49,1,5,1,
7,20,808,146,20,18,1,5,1,
7,21,718,229,141,29,1,5,1,
7,22,849,207,46,15,1,5,1,
7,23,172,317,105,22,1,5,1,
7,24,83,146,57,18,1,5,1,
7,25,650,29,61,18,1,5,1,
7,26,858,469,102,75,1,5,1,
7,27,463,79,102,27,1,5,1,
7,28,51,471,145,33,1,5,1,
7,29,136,230,55,14,1,5,1,
7,31,558,495,175,44,1,5,1,
8,1,647,418,20,32,1,5,1,
8,2,366,444,81,21,1,5,1,
8,3,729,31,122,40,1,5,1,
8,4,766,201,106,21,1,5,1,
8,5,817,372,143,49,1,5,1,
8,6,703,381,37,13,1,5,1,
8,7,504,226,75,21,1,5,1,
8,8,-40,491,68,15,1,5,1,
8,9,728,74,127,36,1,5,1,
8,10,267,65,73,22,1,5,1,
8,11,172,88,35,17,1,5,1,
8,12,821,269,138,45,1,5,1,
8,13,48,119,97,29,1,5,1,
8,14,860,39,25,41,1,5,1,
8,15,755,143,35,17,1,5,1,
8,16,245,397,99,54,1,5,1,
8,17,127,440,84,21,1,5,1,
8,18,709,61,39,68,1,5,1,
8,19,-21,448,45,50,1,5,1,
8,20,804,146,23,17,1,5,1,
8,21,726,229,145,29,1,5,1,
8,22,853,207,51,14,1,5,1,
8,23,182,317,103,22,1,5,1,
8,24,86,146,60,18,1,5,1,
8,25,656,30,63,16,1,5,1,
8,26,872,478,88,66,1,5,1,
8,27,474,78,103,27,1,5,1,
8,28,66,471,139,30,1,5,1,
8,29,142,229,56,14,1,5,1,
8,31,575,495,173,44,1,5,1,
9,1,649,416,20,30,1,5,1,
9,2,373,445,80,21,1,5,1,
9,3,734,28,130,39,1,5,1,
9,4,775,200,108,21,1,5,1,
9,5,837,376,123,47,1,5,1,
9,6,709,380,32,14,1,5,1,
9,7,510,226,78,20,1,5,1,
9,8,-50,489,76,17,1,5,1,
9,9,736,72,134,34,1,5,1,
9,10,275,66,73,22,1,5,1,
9,11,169,86,32,17,1,5,1,
9,12,822,271,138,46,1,5,1,
9,13,60,122,96,27,1,5,1,
9,14,864,45,24,37,1,5,1,
9,15,756,144,41,17,1,5,1,
9,16,247,395,109,50,1,5,1,
9,17,134,440,84,21,1,5,1,
9,18,710,69,35,62,1,5,1,
9,19,-23,455,36,50,1,5,1,
9,20,798,145,31,16,1,5,1,
9,21,735,228,148,29,1,5,1,
9,22,859,207,54,14,1,5,1,
9,23,192,317,102,22,1,5,1,
9,24,91,145,61,18,1,5,1,
9,25,662,30,66,16,1,5,1,
9,27,485,77,105,27,1,5,1,
9,28,80,471,133,30,1,5,1,
9,29,149,229,57,14,1,5,1,
9,31,590,496,172,44,1,5,1,
10,1,649,415,23,27,1,5,1,
10,2,379,445,81,21,1,5,1,
10,3,741,26,135,36,1,5,1,
10,4,787,200,107,21,1,5,1,
10,5,857,379,103,41,1,5,1,
10,6,716,380,25,13,1,5,1,
10,7,516,225,81,21,1,5,1,
10,9,746,69,140,33,1,5,1,
10,10,283,66,72,23,1,5,1,
10,11,167,83,28,18,1,5,1,
10,12,825,272,135,45,1,5,1,
10,13,73,125,94,24,1,5,1,
10,14,863,50,32,34,1,5,1,
10,15,757,146,46,15,1,5,1,
10,16,251,393,117,46,1,5,1,
10,17,141,441,84,20,1,5,1,
10,18,712,76,34,58,1,5,1,
10,20,791,144,39,16,1,5,1,
10,21,746,227,147,30,1,5,1,
10,22,865,207,56,14,1,5,1,
10,23,201,317,102,22,1,5,1,
10,24,96,145,62,18,1,5,1,
10,25,669,29,67,16,1,5,1,
10,27,496,76,107,27,1,5,1,
10,28,94,470,126,31,1,5,1,
10,29,155,229,58,14,1,5,1,
10,31,606,496,171,44,1,5,1,
11,1,647,414,31,24,1,5,1,
11,2,385,446,82,21,1,5,1,
11,3,748,24,140,33,1,5,1,
11,4,798,199,106,22,1,5,1,
11,5,878,381,82,36,1,5,1,
11,6,722,378,18,14,1,5,1,
11,7,522,225,84,21,1,5,1,
11,9,757,67,143,31,1,5,1,
11,10,290,67,72,23,1,5,1,
11,11,166,80,24,18,1,5,1,
11,12,830,273,130,47,1,5,1,
11,13,86,128,91,22,1,5,1,
11,14,863,55,41,30,1,5,1,
11,15,760,147,48,15,1,5,1,
11,16,257,391,123,43,1,5,1,
11,17,149,441,84,20,1,5,1,
11,18,715,82,33,54,1,5,1,
11,20,784,144,46,16,1,5,1,
11,21,757,227,145,30,1,5,1,
11,22,873,208,54,13,1,5,1,
11,23,211,317,100,22,1,5,1,
11,24,100,144,64,18,1,5,1,
11,25,675,29,68,15,1,5,1,
11,27,507,75,109,27,1,5,1,
11,28,107,471,119,30,1,5,1,
11,29,161,229,60,14,1,5,1,
11,31,622,496,170,44,1,5,1,
12,1,646,413,38,21,1,5,1,
12,2,391,446,82,22,1,5,1,
12,3,757,23,142,31,1,5,1,
12,4,809,199,106,21,1,5,1,
12,6,726,377,15,14,1,5,1,
12,7,529,224,86,22,1,5,1,
12,9,769,66,145,31,1,5,1,
12,10,298,68,71,23,1,5,1,
12,11,166,78,19,18,1,5,1,
12,12,839,274,121,41,1,5,1,
12,13,98,130,89,20,1,5,1,
12,14,864,60,50,26,1,5,1,
12,15,764,148,49,14,1,5,1,
12,16,263,389,128,41,1,5,1,
12,17,156,441,84,20,1,5,1,
12,18,714,89,38,48,1,5,1,
12,20,776,144,53,17,1,5,1,
12,21,769,227,140,30,1,5,1,
12,22,880,208,53,13,1,5,1,
12,23,220,316,100,22,1,5,1,
12,24,105,144,65,18,1,5,1,
12,25,682,29,68,15,1,5,1,
12,27,519,73,111,28,1,5,1,
12,28,118,473,113,30,1,5,1,
12,29,168,229,60,14,1,5,1,
12,31,637,496,169,44,1,5,1,
13,1,648,413,41,18,1,5,1,
13,2,397,447,83,22,1,5,1,
13,3,768,22,140,31,1,5,1,
13,4,820,198,105,22,1,5,1,
13,6,726,376,15,14,1,5,1,
13,7,536,224,88,21,1,5,1,
13,9,783,62,151,31,1,5,1,
13,10,306,69,70,23,1,5,1,
13,11,166,76,15,17,1,5,1,
13,12,850,275,110,43,1,5,1,
13,13,111,132,85,19,1,5,1,
13,14,867,63,58,24,1,5,1,
13,15,767,149,50,14,1,5,1,
13,16,271,388,132,38,1,5,1,
13,17,163,441,84,20,1,5,1,
13,18,711,95,51,43,1,5,1,
13,20,768,144,59,17,1,5,1,
13,21,783,226,131,31,1,5,1,
13,22,888,208,52,14,1,5,1,
13,23,229,316,99,22,1,5,1,
13,24,110,144,66,18,1,5,1,
13,25,689,28,68,15,1,5,1,
13,27,532,72,111,28,1,5,1,
13,28,127,475,109,30,1,5,1,
13,29,176,229,61,14,1,5,1,
13,31,653,496,167,44,1,5,1,
14,1,653,412,37,18,1,5,1,
14,2,404,447,82,23,1,5,1,
14,3,779,21,138,32,1,5,1,
14,4,831,198,105,22,1,5,1,
14,6,726,375,15,14,1,5,1,
14,7,544,223,89,22,1,5,1,
14,9,796,57,158,32,1,5,1,
14,10,313,70,70,23,1,5,1,
14,11,165,73,15,17,1,5,1,
14,12,864,277,96,38,1,5,1,
14,13,122,132,82,18,1,5,1,
14,14,872,67,65,21,1,5,1,
14,15,772,149,46,14,1,5,1,
14,16,280,388,134,35,1,5,1,
14,17,170,441,84,21,1,5,1,
14,18,710,100,63,40,1,5,1,
14,20,759,144,65,18,1,5,1,
14,21,797,226,120,31,1,5,1,
14,22,895,208,51,14,1,5,1,
14,23,238,316,99,22,1,5,1,
14,24,115,143,68,18,1,5,1,
14,25,696,28,68,15,1,5,1,
14,27,543,70,114,28,1,5,1,
14,28,135,477,107,30,1,5,1,
14,29,183,228,62,14,1,5,1,
14,31,669,495,165,45,1,5,1,
15,1,659,410,33,19,1,5,1,
15,2,410,448,83,23,1,5,1,
15,3,792,20,131,32,1,5,1,
15,4,842,198,103,22,1,5,1,
15,6,726,374,15,14,1,5,1,
15,7,551,223,92,22,1,5,1,
15,9,810,54,149,32,1,5,1,
15,10,321,71,68,23,1,5,1,
15,11,166,71,15,17,1,5,1,
15,12,883,280,77,37,1,5,1,
15,13,132,132,80,17,1,5,1,
15,14,879,68,68,20,1,5,1,
15,15,778,150,40,14,1,5,1,
15,16,290,388,135,33,1,5,1,
15,17,178,441,84,21,1,5,1,
15,18,712,105,70,36,1,5,1,
15,19,0,506,18,25,1,5,1,
15,20,751,144,69,19,1,5,1,
15,21,809,227,114,30,1,5,1,
15,22,902,208,50,14,1,5,1,
15,23,248,316,97,22,1,5,1,
15,24,121,143,68,18,1,5,1,
15,25,703,27,67,15,1,5,1,
15,27,556,69,115,28,1,5,1,
15,28,142,478,108,30,1,5,1,
15,29,192,228,61,14,1,5,1,
15,31,685,495,163,44,1,5,1,
16,1,663,409,31,19,1,5,1,
16,2,417,449,83,22,1,5,1,
16,3,807,19,121,33,1,5,1,
16,4,853,197,100,22,1,5,1,
16,6,726,373,15,14,1,5,1,
16,7,560,222,93,23,1,5,1,
16,9,825,51,135,33,1,5,1,
16,10,329,72,67,23,1,5,1,
16,11,167,69,15,15,1,5,1,
16,13,142,132,78,18,1,5,1,
16,14,890,67,68,20,1,5,1,
16,15,784,149,34,15,1,5,1,
16,16,301,388,135,32,1,5,1,
16,17,186,441,83,21,1,5,1,
16,18,719,107,69,35,1,5,1,
16,19,0,507,30,24,1,5,1,
16,20,743,143,71,22,1,5,1,
16,21,821,227,110,30,1,5,1,
16,22,910,208,47,14,1,5,1,
16,23,257,316,97,22,1,5,1,
16,24,126,143,70,18,1,5,1,
16,25,711,27,65,16,1,5,1,
16,27,569,68,116,28,1,5,1,
16,28,149,479,109,30,1,5,1,
16,29,200,228,60,14,1,5,1,
16,31,703,495,159,44,1,5,1,
17,1,667,408,29,19,1,5,1,
17,2,423,450,84,22,1,5,1,
17,3,822,19,109,34,1,5,1,
17,4,863,197,96,23,1,5,1,
17,6,726,372,15,14,1,5,1,
17,7,568,222,95,22,1,5,1,
17,9,839,50,121,33,1,5,1,
17,10,336,73,66,23,1,5,1,
17,11,167,68,17,14,1,5,1,
17,13,150,132,78,18,1,5,1,
17,14,901,66,59,20,1,5,1,
17,15,789,149,28,16,1,5,1,
17,16,311,389,136,32,1,5,1,
17,17,193,441,83,21,1,5,1,
17,18,726,108,68,35,1,5,1,
17,19,0,507,42,25,1,5,1,
17,20,735,143,73,24,1,5,1,
17,21,830,227,107,30,1,5,1,
17,22,918,208,41,14,1,5,1,
17,23,266,316,96,21,1,5,1,
17,24,132,142,71,18,1,5,1,
17,25,719,27,62,16,1,5,1,
17,27,582,67,117,28,1,5,1,
17,28,157,480,109,30,1,5,1,
17,29,207,228,61,14,1,5,1,
17,31,717,494,160,45,1,5,1,
18,1,670,407,28,18,1,5,1,
18,2,429,450,85,23,1,5,1,
18,3,836,18,97,36,1,5,1,
18,4,874,198,85,23,1,5,1,
18,6,728,371,14,13,1,5,1,
18,7,576,221,97,23,1,5,1,
18,9,854,48,106,33,1,5,1,
18,10,343,74,65,23,1,5,1,
18,11,166,66,21,14,1,5,1,
18,13,158,133,78,18,1,5,1,
18,14,913,66,47,20,1,5,1,
18,15,794,149,22,16,1,5,1,
18,16,322,389,134,31,1,5,1,
18,17,200,442,84,20,1,5,1,
18,18,734,110,65,35,1,5,1,
18,19,0,507,54,26,1,5,1,
18,20,728,144,73,25,1,5,1,
18,21,840,227,104,30,1,5,1,
18,22,927,209,32,13,1,5,1,
18,23,275,316,95,21,1,5,1,
18,24,138,142,72,18,1,5,1,
18,25,726,27,60,16,1,5,1,
18,27,594,66,119,29,1,5,1,
18,28,164,480,111,31,1,5,1,
18,29,215,228,61,14,1,5,1,
18,31,732,494,159,44,1,5,1,
19,1,672,406,30,18,1,5,1,
19,2,436,451,85,23,1,5,1,
19,3,851,15,82,40,1,5,1,
19,4,885,198,75,23,1,5,1,
19,6,730,371,14,12,1,5,1,
19,7,584,221,100,23,1,5,1,
19,9,869,47,91,29,1,5,1,
19,10,351,75,64,23,1,5,1,
19,11,168,64,22,14,1,5,1,
19,13,167,133,79,18,1,5,1,
19,14,926,66,34,20,1,5,1,
19,15,800,148,17,18,1,5,1,
19,16,333,388,133,32,1,5,1,
19,17,208,442,83,20,1,5,1,
19,18,741,111,63,35,1,5,1,
19,19,0,508,63,26,1,5,1,
19,20,721,144,73,27,1,5,1,
19,21,850,227,99,30,1,5,1,
19,22,936,209,23,14,1,5,1,
19,23,285,316,93,21,1,5,1,
19,24,144,142,73,18,1,5,1,
19,25,734,26,56,18,1,5,1,
19,27,607,65,120,29,1,5,1,
19,28,171,481,112,31,1,5,1,
19,29,222,228,61,14,1,5,1,
19,31,748,494,156,44,1,5,1,
20,1,673,406,33,17,1,5,1,
20,2,442,452,87,23,1,5,1,
20,3,861,15,76,41,1,5,1,
20,4,895,198,65,24,1,5,1,
20,6,732,370,14,12,1,5,1,
20,7,593,220,101,23,1,5,1,
20,9,885,48,75,25,1,5,1,
20,10,358,76,63,23,1,5,1,
20,11,170,62,23,14,1,5,1,
20,13,176,133,79,19,1,5,1,
20,14,936,66,24,21,1,5,1,
20,15,802,148,15,19,1,5,1,
20,16,344,387,131,32,1,5,1,
20,17,215,442,84,20,1,5,1,
20,18,748,113,61,34,1,5,1,
20,19,0,509,72,27,1,5,1,
20,20,715,145,70,28,1,5,1,
20,21,860,227,95,30,1,5,1,
20,22,941,210,18,13,1,5,1,
20,23,294,315,93,22,1,5,1,
20,24,150,142,74,18,1,5,1,
20,25,741,26,53,19,1,5,1,
20,27,621,64,120,29,1,5,1,
20,28,179,482,113,31,1,5,1,
20,29,230,228,61,14,1,5,1,
20,31,764,493,153,44,1,5,1,
21,1,676,405,34,17,1,5,1,
21,2,449,453,87,22,1,5,1,
21,3,871,16,69,42,1,5,1,
21,4,905,198,55,24,1,5,1,
21,6,732,370,19,12,1,5,1,
21,7,602,220,103,23,1,5,1,
21,9,902,47,58,19,1,5,1,
21,10,366,77,61,23,1,5,1,
21,11,172,61,25,14,1,5,1,
21,13,185,133,80,19,1,5,1,
21,15,801,148,15,20,1,5,1,
21,16,355,387,129,31,1,5,1,
21,17,223,442,83,20,1,5,1,
21,18,752,116,63,33,1,5,1,
21,19,3,510,78,28,1,5,1,
21,20,710,147,66,28,1,5,1,
21,21,870,227,89,30,1,5,1,
21,22,943,210,16,14,1,5,1,
21,23,303,315,92,21,1,5,1,
21,24,157,142,74,18,1,5,1,
21,25,748,25,50,20,1,5,1,
21,27,635,63,120,29,1,5,1,
21,28,187,483,114,31,1,5,1,
21,29,238,228,61,14,1,5,1,
21,31,782,492,147,44,1,5,1,
22,1,676,405,41,16,1,5,1,
22,2,455,454,88,22,1,5,1,
22,3,878,17,65,42,1,5,1,
22,4,914,199,46,23,1,5,1,
22,6,732,370,23,11,1,5,1,
22,7,611,219,105,24,1,5,1,
22,10,372,78,60,24,1,5,1,
22,11,174,59,26,14,1,5,1,
22,13,194,134,80,18,1,5,1,
22,15,800,148,15,21,1,5,1,
22,16,365,386,128,31,1,5,1,
22,17,230,442,84,20,1,5,1,
22,18,758,117,61,33,1,5,1,
22,19,11,511,79,29,1,5,1,
22,20,706,148,62,29,1,5,1,
22,21,878,228,81,30,1,5,1,
22,22,944,211,15,13,1,5,1,
22,23,311,315,92,21,1,5,1,
22,24,163,141,75,19,1,5,1,
22,25,754,26,48,20,1,5,1,
22,27,647,62,122,29,1,5,1,
22,28,194,483,115,31,1,5,1,
22,29,246,228,59,14,1,5,1,
22,31,796,491,144,44,1,5,1,
23,1,676,405,47,16,1,5,1,
23,2,462,454,89,23,1,5,1,
23,3,885,18,61,43,1,5,1,
23,4,922,199,38,20,1,5,1,
23,6,734,369,25,12,1,5,1,
23,7,619,219,108,24,1,5,1,
23,10,378,80,60,23,1,5,1,
23,11,177,57,27,14,1,5,1,
23,13,203,134,80,18,1,5,1,
23,15,799,149,18,21,1,5,1,
23,16,375,385,127,31,1,5,1,
23,17,237,442,84,20,1,5,1,
23,18,765,118,57,34,1,5,1,
23,19,19,513,80,28,1,5,1,
23,20,702,150,58,29,1,5,1,
23,21,886,228,74,30,1,5,1,
23,22,945,211,15,14,1,5,1,
23,23,319,315,91,21,1,5,1,
23,24,169,141,75,19,1,5,1,
23,25,759,26,46,21,1,5,1,
23,27,660,61,123,30,1,5,1,
23,28,202,484,116,31,1,5,1,
23,29,255,228,56,14,1,5,1,
23,31,811,490,140,44,1,5,1,
24,1,677,405,53,16,1,5,1,
24,2,469,455,89,22,1,5,1,
24,3,892,19,57,44,1,5,1,
24,4,926,200,34,16,1,5,1,
24,6,736,369,27,11,1,5,1,
24,7,629,218,110,24,1,5,1,
24,10,385,81,59,23,1,5,1,
24,11,180,55,27,15,1,5,1,
24,13,213,134,79,19,1,5,1,
24,15,797,150,22,20,1,5,1,
24,16,385,385,126,31,1,5,1,
24,17,245,442,83,21,1,5,1,
24,18,772,120,53,33,1,5,1,
24,19,28,514,80,29,1,5,1,
24,20,699,152,52,28,1,5,1,
24,21,894,228,66,30,1,5,1,
24,22,947,212,13,13,1,5,1,
24,23,328,315,90,20,1,5,1,
24,24,176,141,75,19,1,5,1,
24,25,765,27,44,22,1,5,1,
24,27,674,60,123,31,1,5,1,
24,28,210,485,116,31,1,5,1,
24,29,263,228,53,14,1,5,1,
24,31,827,489,132,43,1,5,1,
25,1,679,405,58,16,1,5,1,
25,2,476,455,90,23,1,5,1,
25,3,898,21,54,44,1,5,1,
25,4,930,202,30,10,1,5,1,
25,6,738,369,29,11,1,5,1,
25,7,639,218,112,24,1,5,1,
25,10,392,82,58,23,1,5,1,
25,11,183,53,28,15,1,5,1,
25,13,222,134,80,19,1,5,1,
25,15,794,151,26,20,1,5,1,
25,16,396,384,124,31,1,5,1,
25,17,253,442,83,21,1,5,1,
25,18,779,121,48,33,1,5,1,
25,19,36,515,81,28,1,5,1,
25,20,697,155,47,25,1,5,1,
25,21,901,228,59,30,1,5,1,
25,22,948,212,12,13,1,5,1,
25,23,337,315,89,20,1,5,1,
25,24,183,141,75,18,1,5,1,
25,25,770,28,43,22,1,5,1,
25,27,688,60,123,30,1,5,1,
25,28,218,486,117,31,1,5,1,
25,29,270,228,53,14,1,5,1,
25,31,842,488,118,43,1,5,1,
26,1,682,406,62,16,1,5,1,
26,2,483,456,90,23,1,5,1,
26,3,904,23,51,44,1,5,1,
26,6,741,369,31,11,1,5,1,
26,7,649,218,114,24,1,5,1,
26,10,398,84,57,22,1,5,1,
26,11,186,52,29,14,1,5,1,
26,13,232,135,79,18,1,5,1,
26,15,789,152,32,20,1,5,1,
26,16,406,383,122,31,1,5,1,
26,17,260,442,83,21,1,5,1,
26,18,785,122,44,33,1,5,1,
26,19,45,517,82,26,1,5,1,
26,20,696,156,40,26,1,5,1,
26,21,909,228,51,30,1,5,1,
26,23,346,314,87,21,1,5,1,
26,24,191,140,72,19,1,5,1,
26,25,776,29,40,22,1,5,1,
26,27,702,60,123,30,1,5,1,
26,28,226,487,118,31,1,5,1,
26,29,276,228,54,14,1,5,1,
26,31,856,487,104,42,1,5,1,
27,1,685,406,66,16,1,5,1,
27,2,489,456,92,23,1,5,1,
27,3,909,24,49,44,1,5,1,
27,6,746,368,26,11,1,5,1,
27,7,658,217,117,25,1,5,1,
27,10,404,85,57,22,1,5,1,
27,11,189,50,30,15,1,5,1,
27,13,241,135,79,19,1,5,1,
27,15,784,153,35,20,1,5,1,
27,16,416,383,121,30,1,5,1,
27,17,267,443,84,20,1,5,1,
27,18,790,124,41,33,1,5,1,
27,19,53,519,84,24,1,5,1,
27,20,695,158,34,26,1,5,1,
27,21,916,229,44,29,1,5,1,
27,23,354,314,87,21,1,5,1,
27,24,200,140,68,19,1,5,1,
27,25,780,30,40,22,1,5,1,
27,27,715,59,123,31,1,5,1,
27,28,234,488,119,31,1,5,1,
27,29,282,228,55,14,1,5,1,
27,31,869,486,91,41,1,5,1,
28,1,692,406,63,16,1,5,1,
28,2,496,457,92,23,1,5,1,
28,3,915,26,44,44,1,5,1,
28,6,751,367,21,11,1,5,1,
28,7,668,217,119,25,1,5,1,
28,10,410,86,56,22,1,5,1,
28,11,192,48,31,15,1,5,1,
28,13,250,135,79,19,1,5,1,
28,15,782,154,33,20,1,5,1,
28,16,425,382,120,30,1,5,1,
28,17,275,443,83,20,1,5,1,
28,18,795,125,38,33,1,5,1,
28,19,61,520,86,23,1,5,1,
28,20,696,160,26,25,1,5,1,
28,21,923,229,37,28,1,5,1,
28,23,362,314,86,20,1,5,1,
28,24,209,139,63,19,1,5,1,
28,25,786,30,36,23,1,5,1,
28,27,728,59,124,30,1,5,1,
28,28,242,488,120,32,1,5,1,
28,29,289,228,55,13,1,5,1,
28,31,883,484,77,37,1,5,1,
29,1,698,405,61,16,1,5,1,
29,2,503,458,93,23,1,5,1,
29,3,920,28,40,44,1,5,1,
29,6,756,365,16,12,1,5,1,
29,7,679,216,120,26,1,5,1,
29,10,416,88,56,21,1,5,1,
29,11,195,46,32,15,1,5,1,
29,13,260,136,78,18,1,5,1,
29,15,780,156,31,18,1,5,1,
29,16,435,381,118,30,1,5,1,
29,17,282,443,84,20,1,5,1,
29,18,800,127,35,32,1,5,1,
29,19,70,522,86,21,1,5,1,
29,20,696,162,20,24,1,5,1,
29,21,929,230,31,21,1,5,1,
29,23,370,314,86,20,1,5,1,
29,24,217,139,58,19,1,5,1,
29,25,790,32,35,23,1,5,1,
29,27,742,59,123,30,1,5,1,
29,28,250,489,121,32,1,5,1,
29,29,295,227,56,14,1,5,1,
29,31,895,483,65,37,1,5,1,
30,1,705,405,58,16,1,5,1,
30,2,511,458,93,23,1,5,1,
30,3,924,30,36,42,1,5,1,
30,6,759,364,13,12,1,5,1,
30,7,690,216,121,26,1,5,1,
30,10,422,89,55,21,1,5,1,
30,11,199,44,32,15,1,5,1,
30,13,270,136,76,18,1,5,1,
30,15,779,157,28,18,1,5,1,
30,16,445,381,116,30,1,5,1,
30,17,290,443,83,20,1,5,1,
30,18,804,129,33,32,1,5,1,
30,19,79,524,85,19,1,5,1,
30,20,695,165,16,22,1,5,1,
30,21,935,232,25,17,1,5,1,
30,23,379,314,84,20,1,5,1,
30,24,225,138,54,19,1,5,1,
30,25,795,33,33,23,1,5,1,
30,27,757,58,122,31,1,5,1,
30,28,259,490,121,32,1,5,1,
30,29,302,227,56,14,1,5,1,
30,31,908,482,52,36,1,5,1,
31,1,712,404,54,16,1,5,1,
31,2,519,459,92,23,1,5,1,
31,3,929,32,31,39,1,5,1,
31,6,759,363,13,12,1,5,1,
31,7,701,215,122,26,1,5,1,
31,10,428,90,54,21,1,5,1,
31,11,203,43,33,15,1,5,1,
31,13,279,135,75,19,1,5,1,
31,15,777,158,27,18,1,5,1,
31,16,455,380,114,30,1,5,1,
31,17,297,443,84,20,1,5,1,
31,18,808,130,31,32,1,5,1,
31,19,88,526,84,18,1,5,1,
31,20,695,167,14,21,1,5,1,
31,23,387,313,83,20,1,5,1,
31,24,230,137,54,19,1,5,1,
31,25,798,34,33,23,1,5,1,
31,27,770,58,122,31,1,5,1,
31,28,267,491,123,31,1,5,1,
31,29,309,227,56,14,1,5,1,
31,31,921,493,39,24,1,5,1,
32,1,718,404,51,15,1,5,1,
32,2,527,460,91,22,1,5,1,
32,3,936,34,24,38,1,5,1,
32,6,758,362,13,12,1,5,1,
32,7,712,215,123,26,1,5,1,
32,10,434,92,54,20,1,5,1,
32,11,206,41,34,15,1,5,1,
32,13,288,135,72,18,1,5,1,
32,15,775,159,25,18,1,5,1,
32,16,464,379,113,30,1,5,1,
32,17,304,443,85,20,1,5,1,
32,18,812,132,29,31,1,5,1,
32,19,97,527,85,17,1,5,1,
32,20,696,169,14,21,1,5,1,
32,23,395,313,82,20,1,5,1,
32,24,235,136,55,19,1,5,1,
32,25,802,36,32,23,1,5,1,
32,27,784,58,121,31,1,5,1,
32,28,275,491,124,32,1,5,1,
32,29,315,227,57,14,1,5,1,
33,1,724,403,48,16,1,5,1,
33,2,536,459,88,23,1,5,1,
33,3,941,35,19,38,1,5,1,
33,6,757,361,13,12,1,5,1,
33,7,725,215,121,26,1,5,1,
33,10,439,93,54,20,1,5,1,
33,11,210,39,35,15,1,5,1,
33,13,297,134,70,18,1,5,1,
33,15,774,160,23,18,1,5,1,
33,16,473,379,112,29,1,5,1,
33,17,312,443,84,20,1,5,1,
33,18,815,133,28,32,1,5,1,
33,19,107,529,82,15,1,5,1,
33,20,696,171,15,20,1,5,1,
33,23,403,313,81,20,1,5,1,
33,24,239,134,56,20,1,5,1,
33,25,805,37,32,23,1,5,1,
33,27,797,58,121,31,1,5,1,
33,28,283,492,126,32,1,5,1,
33,29,322,227,57,14,1,5,1,
34,1,730,402,44,16,1,5,1,
34,2,546,459,84,23,1,5,1,
34,3,945,37,15,38,1,5,1,
34,6,756,361,14,11,1,5,1,
34,7,737,215,120,26,1,5,1,
34,10,445,94,53,20,1,5,1,
34,11,214,37,35,15,1,5,1,
34,13,306,133,67,18,1,5,1,
34,15,773,162,21,17,1,5,1,
34,16,482,378,110,29,1,5,1,
34,17,319,443,85,20,1,5,1,
34,18,818,135,26,31,1,5,1,
34,19,116,531,83,13,1,5,1,
34,20,693,174,21,18,1,5,1,
34,23,411,313,80,19,1,5,1,
34,24,244,133,57,20,1,5,1,
34,25,809,39,31,23,1,5,1,
34,27,811,58,119,32,1,5,1,
34,28,291,492,127,33,1,5,1,
34,29,329,227,58,14,1,5,1,
35,1,735,401,42,16,1,5,1,
35,2,557,458,77,23,1,5,1,
35,6,755,360,15,11,1,5,1,
35,7,750,214,118,27,1,5,1,
35,10,450,95,53,20,1,5,1,
35,11,218,36,36,15,1,5,1,
35,13,314,132,67,18,1,5,1,
35,15,771,163,21,17,1,5,1,
35,16,492,377,108,29,1,5,1,
35,17,327,443,85,20,1,5,1,
35,18,819,137,27,30,1,5,1,
35,19,127,532,82,12,1,5,1,
35,20,693,176,23,16,1,5,1,
35,23,419,313,79,19,1,5,1,
35,24,248,132,59,20,1,5,1,
35,25,812,41,30,22,1,5,1,
35,27,824,59,119,31,1,5,1,
35,28,300,493,128,32,1,5,1,
35,29,336,226,58,15,1,5,1,
36,1,739,401,41,15,1,5,1,
36,2,567,457,70,22,1,5,1,
36,6,755,359,14,12,1,5,1,
36,7,761,214,118,26,1,5,1,
36,10,456,97,52,19,1,5,1,
36,11,223,34,36,16,1,5,1,
36,13,321,131,68,19,1,5,1,
36,15,769,164,20,17,1,5,1,
36,16,500,377,107,29,1,5,1,
36,17,334,443,84,21,1,5,1,
36,18,821,139,26,30,1,5,1,
36,19,137,533,82,11,1,5,1,
36,20,694,177,23,16,1,5,1,
36,23,426,313,78,19,1,5,1,
36,24,253,131,60,21,1,5,1,
36,25,815,42,30,22,1,5,1,
36,27,837,59,118,31,1,5,1,
36,28,309,493,128,33,1,5,1,
36,29,342,226,60,15,1,5,1,
37,1,744,400,38,15,1,5,1,
37,2,578,455,61,24,1,5,1,
37,6,754,358,15,12,1,5,1,
37,7,773,214,116,26,1,5,1,
37,10,461,98,54,20,1,5,1,
37,11,229,33,35,15,1,5,1,
37,13,329,130,69,19,1,5,1,
37,15,767,165,21,16,1,5,1,
37,16,509,377,106,28,1,5,1,
37,17,342,444,83,20,1,5,1,
37,18,822,140,26,30,1,5,1,
37,20,696,177,22,17,1,5,1,
37,23,434,312,77,20,1,5,1,
37,24,258,130,61,21,1,5,1,
37,25,818,44,29,22,1,5,1,
37,27,851,59,108,31,1,5,1,
37,28,318,493,129,33,1,5,1,
37,29,349,226,60,14,1,5,1,
38,1,748,399,37,16,1,5,1,
38,2,585,454,59,25,1,5,1,
38,6,753,357,15,12,1,5,1,
38,7,785,214,114,26,1,5,1,
38,10,465,100,56,18,1,5,1,
38,11,233,31,36,15,1,5,1,
38,13,336,129,70,19,1,5,1,
38,15,766,166,20,16,1,5,1,
38,16,518,376,104,28,1,5,1,
38,17,350,444,82,21,1,5,1,
38,18,823,142,26,29,1,5,1,
38,20,698,178,21,16,1,5,1,
38,23,442,312,75,19,1,5,1,
38,24,263,129,62,21,1,5,1,
38,25,821,45,29,22,1,5,1,
38,27,863,59,97,32,1,5,1,
38,28,327,494,130,33,1,5,1,
38,29,356,226,61,14,1,5,1,
39,1,752,398,35,16,1,5,1,
39,2,591,452,57,25,1,5,1,
39,6,751,357,16,11,1,5,1,
39,7,797,214,112,26,1,5,1,
39,10,471,102,57,17,1,5,1,
39,11,238,29,36,15,1,5,1,
39,13,343,128,71,19,1,5,1,
39,15,764,167,20,16,1,5,1,
39,16,527,375,102,28,1,5,1,
39,17,357,445,83,20,1,5,1,
39,18,824,143,26,29,1,5,1,
39,20,700,179,20,16,1,5,1,
39,23,449,312,74,19,1,5,1,
39,24,268,128,63,21,1,5,1,
39,25,824,47,28,22,1,5,1,
39,27,876,60,84,31,1,5,1,
39,28,336,494,130,33,1,5,1,
39,29,363,226,61,14,1,5,1,
40,1,756,397,33,16,1,5,1,
40,2,597,451,55,25,1,5,1,
40,6,750,356,17,11,1,5,1,
40,7,808,214,111,26,1,5,1,
40,10,476,104,59,16,1,5,1,
40,11,242,27,37,15,1,5,1,
40,13,351,127,72,19,1,5,1,
40,15,762,168,21,16,1,5,1,
40,16,535,374,101,28,1,5,1,
40,17,364,445,84,20,1,5,1,
40,18,825,145,25,29,1,5,1,
40,20,702,180,19,15,1,5,1,
40,23,457,312,72,19,1,5,1,
40,24,273,127,64,21,1,5,1,
40,25,828,48,26,22,1,5,1,
40,27,889,60,71,32,1,5,1,
40,28,346,494,130,33,1,5,1,
40,29,371,226,61,14,1,5,1,
41,1,760,397,31,15,1,5,1,
41,2,602,449,54,25,1,5,1,
41,6,749,355,17,11,1,5,1,
41,7,820,214,108,26,1,5,1,
41,10,482,104,59,16,1,5,1,
41,11,246,24,38,16,1,5,1,
41,13,359,126,73,19,1,5,1,
41,15,759,169,22,15,1,5,1,
41,16,544,374,99,28,1,5,1,
41,17,371,445,84,21,1,5,1,
41,18,826,147,24,28,1,5,1,
41,20,703,180,19,16,1,5,1,
41,23,464,311,71,19,1,5,1,
41,24,279,126,64,21,1,5,1,
41,25,831,50,25,21,1,5,1,
41,27,902,61,58,29,1,5,1,
41,28,355,494,131,34,1,5,1,
41,29,378,226,61,14,1,5,1,
42,1,763,396,29,15,1,5,1,
42,2,608,448,52,24,1,5,1,
42,6,748,354,17,11,1,5,1,
42,7,831,214,107,26,1,5,1,
42,10,488,105,59,15,1,5,1,
42,11,251,22,38,16,1,5,1,
42,13,367,125,73,19,1,5,1,
42,15,757,170,22,15,1,5,1,
42,16,552,373,97,28,1,5,1,
42,17,379,446,84,20,1,5,1,
42,18,826,148,25,28,1,5,1,
42,20,705,181,18,16,1,5,1,
42,23,469,311,74,19,1,5,1,
42,24,285,125,64,21,1,5,1,
42,25,833,51,26,22,1,5,1,
42,27,914,62,46,16,1,5,1,
42,28,364,495,132,33,1,5,1,
42,29,385,225,62,15,1,5,1,
43,1,767,395,27,15,1,5,1,
43,2,613,446,51,25,1,5,1,
43,6,746,354,18,10,1,5,1,
43,7,843,214,104,26,1,5,1,
43,10,494,105,59,15,1,5,1,
43,11,255,20,40,16,1,5,1,
43,13,375,124,74,20,1,5,1,
43,15,755,171,23,15,1,5,1,
43,16,560,372,96,28,1,5,1,
43,17,386,446,85,21,1,5,1,
43,18,827,150,24,27,1,5,1,
43,20,707,182,16,15,1,5,1,
43,23,474,311,77,19,1,5,1,
43,24,290,124,66,21,1,5,1,
43,25,836,53,24,21,1,5,1,
43,28,374,495,131,33,1,5,1,
43,29,393,225,62,15,1,5,1,
44,1,770,394,26,15,1,5,1,
44,2,617,445,52,24,1,5,1,
44,6,745,353,17,11,1,5,1,
44,7,853,214,103,26,1,5,1,
44,10,499,106,60,15,1,5,1,
44,11,259,17,41,17,1,5,1,
44,13,383,123,75,20,1,5,1,
44,15,753,171,23,15,1,5,1,
44,16,567,372,96,27,1,5,1,
44,17,393,446,85,21,1,5,1,
44,18,830,152,23,26,1,5,1,
44,20,708,182,16,16,1,5,1,
44,23,479,311,79,19,1,5,1,
44,24,295,123,68,21,1,5,1,
44,25,839,54,24,21,1,5,1,
44,28,383,495,132,34,1,5,1,
44,29,400,225,63,15,1,5,1,
45,1,773,393,24,15,1,5,1,
45,2,622,444,51,23,1,5,1,
45,6,743,352,18,11,1,5,1,
45,7,863,214,96,26,1,5,1,
45,10,505,107,59,15,1,5,1,
45,11,264,15,42,17,1,5,1,
45,13,391,122,76,20,1,5,1,
45,15,751,172,23,15,1,5,1,
45,16,575,371,94,27,1,5,1,
45,17,400,447,86,20,1,5,1,
45,18,828,154,29,25,1,5,1,
45,20,709,183,16,15,1,5,1,
45,23,485,311,80,19,1,5,1,
45,24,302,123,68,21,1,5,1,
45,25,841,56,24,21,1,5,1,
45,28,393,496,132,33,1,5,1,
45,29,407,225,64,15,1,5,1,
46,1,776,392,22,16,1,5,1,
46,2,626,443,51,23,1,5,1,
46,6,742,352,18,10,1,5,1,
46,7,874,215,86,25,1,5,1,
46,10,511,107,58,15,1,5,1,
46,11,269,13,43,17,1,5,1,
46,13,399,121,77,20,1,5,1,
46,15,749,173,23,15,1,5,1,
46,16,583,371,93,26,1,5,1,
46,17,408,447,86,21,1,5,1,
46,18,826,156,39,23,1,5,1,
46,20,710,184,15,15,1,5,1,
46,23,492,311,81,19,1,5,1,
46,24,309,123,68,21,1,5,1,
46,25,844,57,23,21,1,5,1,
46,28,403,496,132,33,1,5,1,
46,29,415,225,64,15,1,5,1,
47,1,779,391,20,16,1,5,1,
47,2,631,441,50,23,1,5,1,
47,6,740,351,19,10,1,5,1,
47,7,884,215,76,26,1,5,1,
47,10,516,108,59,14,1,5,1,
47,11,274,11,44,17,1,5,1,
47,13,408,119,78,21,1,5,1,
47,15,747,174,23,15,1,5,1,
47,16,591,370,90,27,1,5,1,
47,17,416,447,86,21,1,5,1,
47,18,825,158,49,22,1,5,1,
47,20,711,184,15,15,1,5,1,
47,23,499,311,81,19,1,5,1,
47,24,316,121,67,22,1,5,1,
47,25,846,59,23,20,1,5,1,
47,28,412,496,133,34,1,5,1,
47,29,422,225,65,15,1,5,1,
48,1,782,390,18,16,1,5,1,
48,2,636,440,48,23,1,5,1,
48,6,738,350,19,10,1,5,1,
48,7,894,215,66,25,1,5,1,
48,10,522,108,59,14,1,5,1,
48,11,279,8,45,17,1,5,1,
48,13,416,119,80,20,1,5,1,
48,15,744,175,24,14,1,5,1,
48,16,600,369,87,27,1,5,1,
48,17,423,448,87,21,1,5,1,
48,18,827,159,54,20,1,5,1,
48,20,712,185,14,15,1,5,1,
48,22,952,227,8,8,1,5,1,
48,23,506,311,81,19,1,5,1,
48,24,323,120,67,22,1,5,1,
48,25,848,60,23,20,1,5,1,
48,28,422,496,133,34,1,5,1,
48,29,430,224,65,15,1,5,1,
49,1,784,390,18,15,1,5,1,
49,2,642,439,46,22,1,5,1,
49,6,736,349,20,11,1,5,1,
49,7,905,216,55,24,1,5,1,
49,10,529,108,58,14,1,5,1,
49,11,285,6,45,17,1,5,1,
49,13,427,118,78,20,1,5,1,
49,15,742,176,24,14,1,5,1,
49,16,608,369,85,26,1,5,1,
49,17,432,448,85,21,1,5,1,
49,18,832,159,57,19,1,5,1,
49,20,713,186,13,15,1,5,1,
49,22,951,227,9,8,1,5,1,
49,23,514,311,80,19,1,5,1,
49,24,331,119,65,22,1,5,1,
49,25,851,61,22,21,1,5,1,
49,28,433,496,132,34,1,5,1,
49,29,438,224,65,15,1,5,1,
50,1,786,389,17,15,1,5,1,
50,2,647,437,44,23,1,5,1,
50,6,734,349,20,10,1,5,1,
50,7,915,217,45,23,1,5,1,
50,10,534,108,58,15,1,5,1,
50,11,290,4,46,17,1,5,1,
50,13,436,117,79,21,1,5,1,
50,15,740,176,24,14,1,5,1,
50,16,616,368,82,26,1,5,1,
50,17,439,448,86,21,1,5,1,
50,18,836,158,61,20,1,5,1,
50,20,714,186,13,15,1,5,1,
50,22,951,227,8,8,1,5,1,
50,23,521,311,80,18,1,5,1,
50,24,337,118,66,22,1,5,1,
50,25,853,63,22,20,1,5,1,
50,28,442,496,133,34,1,5,1,
50,29,446,224,65,15,1,5,1,
51,1,787,388,17,15,1,5,1,
51,2,651,436,43,23,1,5,1,
51,6,732,348,20,10,1,5,1,
51,7,925,219,35,18,1,5,1,
51,10,540,109,57,14,1,5,1,
51,11,296,1,47,18,1,5,1,
51,13,446,117,78,20,1,5,1,
51,15,737,177,25,14,1,5,1,
51,16,623,367,80,26,1,5,1,
51,17,446,449,87,21,1,5,1,
51,18,842,158,63,19,1,5,1,
51,20,715,187,12,15,1,5,1,
51,22,950,227,9,9,1,5,1,
51,23,528,311,80,18,1,5,1,
51,24,343,116,67,23,1,5,1,
51,25,856,64,21,20,1,5,1,
51,28,452,496,132,34,1,5,1,
51,29,454,224,65,15,1,5,1,
52,1,788,387,17,15,1,5,1,
52,2,656,435,41,22,1,5,1,
52,6,730,348,21,9,1,5,1,
52,10,546,109,57,14,1,5,1,
52,11,301,0,48,16,1,5,1,
52,13,454,116,81,21,1,5,1,
52,15,735,178,25,14,1,5,1,
52,16,630,366,78,26,1,5,1,
52,17,454,449,87,21,1,5,1,
52,18,848,158,65,18,1,5,1,
52,20,715,188,12,14,1,5,1,
52,22,949,227,10,10,1,5,1,
52,23,536,311,79,18,1,5,1,
52,24,348,115,69,23,1,5,1,
52,25,858,65,20,20,1,5,1,
52,28,462,496,132,34,1,5,1,
52,29,461,224,67,15,1,5,1,
53,1,789,386,17,15,1,5,1,
53,2,660,433,40,23,1,5,1,
53,6,728,347,21,10,1,5,1,
53,10,551,109,57,14,1,5,1,
53,11,307,-2,49,16,1,5,1,
53,13,462,116,84,21,1,5,1,
53,16,634,365,83,26,1,5,1,
53,17,462,449,87,21,1,5,1,
53,18,854,158,68,18,1,5,1,
53,20,715,188,12,15,1,5,1,
53,22,948,227,11,10,1,5,1,
53,23,543,311,79,18,1,5,1,
53,24,354,113,71,23,1,5,1,
53,25,860,67,20,20,1,5,1,
53,28,471,496,133,34,1,5,1,
53,29,469,224,67,15,1,5,1,
54,1,790,385,17,15,1,5,1,
54,2,664,432,39,22,1,5,1,
54,6,726,346,21,10,1,5,1,
54,10,556,109,57,15,1,5,1,
54,11,312,-5,48,17,1,5,1,
54,13,470,115,86,21,1,5,1,
54,16,636,364,90,26,1,5,1,
54,17,469,450,88,21,1,5,1,
54,18,861,158,66,18,1,5,1,
54,20,715,189,12,14,1,5,1,
54,22,947,228,12,10,1,5,1,
54,23,549,310,80,19,1,5,1,
54,24,359,111,73,24,1,5,1,
54,25,862,68,20,20,1,5,1,
54,28,481,497,133,33,1,5,1,
54,29,476,223,68,16,1,5,1,
55,1,791,384,17,15,1,5,1,
55,2,667,431,40,22,1,5,1,
55,6,724,346,22,9,1,5,1,
55,10,562,109,57,15,1,5,1,
55,11,317,-8,49,18,1,5,1,
55,13,479,115,87,21,1,5,1,
55,16,640,364,94,26,1,5,1,
55,17,476,450,89,21,1,5,1,
55,18,868,158,65,18,1,5,1,
55,20,715,190,12,14,1,5,1,
55,22,947,228,12,10,1,5,1,
55,23,555,309,81,19,1,5,1,
55,24,364,110,76,23,1,5,1,
55,25,864,69,19,20,1,5,1,
55,28,490,497,134,33,1,5,1,
55,29,483,223,70,16,1,5,1,
56,1,792,383,16,15,1,5,1,
56,2,670,430,40,21,1,5,1,
56,6,722,345,22,10,1,5,1,
56,10,567,110,59,13,1,5,1,
56,11,323,-10,50,17,1,5,1,
56,13,489,115,88,21,1,5,1,
56,16,646,363,94,26,1,5,1,
56,17,484,450,89,21,1,5,1,
56,18,875,159,63,18,1,5,1,
56,20,715,190,11,14,1,5,1,
56,22,945,228,14,10,1,5,1,
56,23,563,308,79,19,1,5,1,
56,24,371,108,77,24,1,5,1,
56,25,867,70,18,20,1,5,1,
56,28,500,497,133,33,1,5,1,
56,29,492,223,69,15,1,5,1,
57,1,792,382,17,15,1,5,1,
57,2,674,429,39,21,1,5,1,
57,6,720,344,22,10,1,5,1,
57,10,573,109,60,14,1,5,1,
57,13,499,114,89,21,1,5,1,
57,16,653,363,94,25,1,5,1,
57,17,492,450,89,21,1,5,1,
57,18,882,159,62,18,1,5,1,
57,20,715,191,11,14,1,5,1,
57,22,944,228,15,10,1,5,1,
57,23,571,308,77,18,1,5,1,
57,24,377,107,79,24,1,5,1,
57,25,869,72,17,20,1,5,1,
57,28,510,496,133,33,1,5,1,
57,29,500,223,70,15,1,5,1,
58,1,793,382,16,14,1,5,1,
58,2,678,427,37,21,1,5,1,
58,6,718,344,22,9,1,5,1,
58,10,579,109,59,14,1,5,1,
58,13,507,114,90,21,1,5,1,
58,16,660,362,93,26,1,5,1,
58,17,500,450,90,21,1,5,1,
58,18,888,159,61,18,1,5,1,
58,20,714,191,12,14,1,5,1,
58,22,943,229,16,10,1,5,1,
58,23,578,307,74,19,1,5,1,
58,24,383,105,82,24,1,5,1,
58,25,870,73,18,20,1,5,1,
58,28,520,496,132,33,1,5,1,
58,29,508,223,71,15,1,5,1,
59,1,793,381,17,15,1,5,1,
59,2,682,426,35,21,1,5,1,
59,6,716,343,22,10,1,5,1,
59,10,585,109,57,15,1,5,1,
59,13,517,114,92,21,1,5,1,
59,16,668,362,90,25,1,5,1,
59,17,508,451,90,21,1,5,1,
59,18,894,160,60,18,1,5,1,
59,20,714,192,11,14,1,5,1,
59,22,941,229,18,10,1,5,1,
59,23,585,307,74,19,1,5,1,
59,24,389,104,84,24,1,5,1,
59,25,872,74,17,20,1,5,1,
59,28,530,496,132,33,1,5,1,
59,29,516,222,71,16,1,5,1,
60,1,793,380,17,15,1,5,1,
60,2,686,425,33,21,1,5,1,
60,6,714,343,22,9,1,5,1,
60,10,591,110,54,15,1,5,1,
60,13,527,113,92,22,1,5,1,
60,16,675,362,89,25,1,5,1,
60,17,516,451,90,21,1,5,1,
60,18,901,160,58,18,1,5,1,
60,20,714,193,11,13,1,5,1,
60,22,940,230,18,9,1,5,1,
60,23,592,307,72,18,1,5,1,
60,24,396,102,86,25,1,5,1,
60,25,874,76,16,19,1,5,1,
60,28,540,496,131,32,1,5,1,
60,29,524,222,72,16,1,5,1,
61,1,794,379,16,15,1,5,1,
61,2,690,424,32,20,1,5,1,
61,6,712,342,23,9,1,5,1,
61,10,596,110,54,15,1,5,1,
61,13,537,112,91,23,1,5,1,
61,16,682,361,88,25,1,5,1,
61,17,524,451,90,21,1,5,1,
61,18,907,160,53,18,1,5,1,
61,20,713,193,11,14,1,5,1,
61,22,939,230,18,10,1,5,1,
61,23,598,307,72,18,1,5,1,
61,24,402,101,89,25,1,5,1,
61,25,875,77,16,20,1,5,1,
61,28,550,495,130,33,1,5,1,
61,29,533,222,72,16,1,5,1,
62,1,794,378,16,15,1,5,1,
62,2,693,422,31,21,1,5,1,
62,10,602,110,51,16,1,5,1,
62,13,547,112,93,22,1,5,1,
62,16,690,361,86,25,1,5,1,
62,17,532,451,90,21,1,5,1,
62,18,913,161,47,17,1,5,1,
62,20,711,194,13,13,1,5,1,
62,22,937,230,19,10,1,5,1,
62,23,605,307,71,18,1,5,1,
62,24,410,99,90,25,1,5,1,
62,25,874,79,20,19,1,5,1,
62,28,560,494,129,33,1,5,1,
62,29,541,223,73,16,1,5,1,
63,1,794,377,16,15,1,5,1,
63,2,696,421,30,20,1,5,1,
63,10,607,111,50,16,1,5,1,
63,13,557,111,93,23,1,5,1,
63,16,696,360,85,25,1,5,1,
63,17,539,451,91,21,1,5,1,
63,18,918,161,42,18,1,5,1,
63,20,709,194,15,14,1,5,1,
63,22,936,231,18,9,1,5,1,
63,23,611,307,71,18,1,5,1,
63,24,417,98,93,25,1,5,1,
63,25,874,81,23,19,1,5,1,
63,28,569,494,129,32,1,5,1,
63,29,549,223,73,17,1,5,1,
64,1,794,377,16,14,1,5,1,
64,2,699,420,29,20,1,5,1,
64,10,611,112,53,15,1,5,1,
64,13,568,111,90,22,1,5,1,
64,16,703,360,83,24,1,5,1,
64,17,548,451,90,21,1,5,1,
64,18,924,161,36,17,1,5,1,
64,20,706,195,20,13,1,5,1,
64,22,934,231,19,10,1,5,1,
64,23,618,307,69,18,1,5,1,
64,24,424,96,96,26,1,5,1,
64,25,874,83,25,17,1,5,1,
64,28,580,493,127,33,1,5,1,
64,29,558,224,73,17,1,5,1,
65,1,794,376,16,14,1,5,1,
65,2,702,419,28,20,1,5,1,
65,10,615,114,57,13,1,5,1,
65,13,578,111,90,23,1,5,1,
65,16,710,359,82,25,1,5,1,
65,17,555,451,91,21,1,5,1,
65,18,929,162,31,17,1,5,1,
65,20,703,195,23,14,1,5,1,
65,22,933,231,18,10,1,5,1,
65,23,624,306,69,18,1,5,1,
65,24,432,95,98,26,1,5,1,
65,25,875,85,26,16,1,5,1,
65,28,589,492,127,33,1,5,1,
65,29,566,224,74,17,1,5,1,
66,1,794,375,15,14,1,5,1,
66,2,705,418,27,19,1,5,1,
66,10,621,114,54,14,1,5,1,
66,13,589,111,89,23,1,5,1,
66,16,716,359,81,24,1,5,1,
66,17,564,451,89,21,1,5,1,
66,18,935,164,25,15,1,5,1,
66,20,700,196,26,13,1,5,1,
66,22,932,232,18,9,1,5,1,
66,23,630,306,68,18,1,5,1,
66,24,440,94,100,25,1,5,1,
66,25,878,86,25,16,1,5,1,
66,28,599,492,125,32,1,5,1,
66,29,575,224,74,17,1,5,1,
67,1,793,374,16,14,1,5,1,
67,2,708,416,25,20,1,5,1,
67,10,626,114,51,14,1,5,1,
67,13,599,112,88,22,1,5,1,
67,16,723,358,79,24,1,5,1,
67,17,572,451,89,21,1,5,1,
67,18,941,164,19,12,1,5,1,
67,20,698,197,26,13,1,5,1,
67,22,930,232,18,9,1,5,1,
67,23,637,306,66,18,1,5,1,
67,24,448,92,102,26,1,5,1,
67,25,880,87,25,16,1,5,1,
67,28,608,491,125,33,1,5,1,
67,29,583,224,74,17,1,5,1,
68,1,793,373,16,14,1,5,1,
68,2,711,415,24,19,1,5,1,
68,10,632,113,47,16,1,5,1,
68,13,609,112,88,23,1,5,1,
68,16,730,358,77,24,1,5,1,
68,17,580,451,89,21,1,5,1,
68,20,696,197,26,13,1,5,1,
68,22,929,233,18,9,1,5,1,
68,23,643,306,66,18,1,5,1,
68,24,456,91,104,26,1,5,1,
68,25,883,88,24,16,1,5,1,
68,28,619,490,123,33,1,5,1,
68,29,592,224,74,16,1,5,1,
69,1,793,372,15,14,1,5,1,
69,2,713,414,24,19,1,5,1,
69,10,636,114,50,16,1,5,1,
69,13,618,112,88,23,1,5,1,
69,16,735,357,77,24,1,5,1,
69,17,587,451,90,20,1,5,1,
69,20,693,198,27,13,1,5,1,
69,22,927,233,19,9,1,5,1,
69,23,648,306,66,18,1,5,1,
69,24,464,89,107,27,1,5,1,
69,25,885,89,24,16,1,5,1,
69,28,627,490,123,32,1,5,1,
69,29,600,224,75,16,1,5,1,
70,1,792,372,16,14,1,5,1,
70,2,716,413,22,19,1,5,1,
70,10,640,116,54,14,1,5,1,
70,13,628,113,88,23,1,5,1,
70,16,742,357,75,24,1,5,1,
70,17,595,451,90,20,1,5,1,
70,20,691,199,27,12,1,5,1,
70,22,926,233,18,9,1,5,1,
70,23,655,306,64,17,1,5,1,
70,24,472,88,110,26,1,5,1,
70,25,887,90,23,16,1,5,1,
70,28,637,489,121,32,1,5,1,
70,29,608,224,76,16,1,5,1,
71,1,792,371,16,14,1,5,1,
71,2,718,412,22,19,1,5,1,
71,10,644,117,57,13,1,5,1,
71,13,638,113,87,23,1,5,1,
71,16,748,356,73,24,1,5,1,
71,17,603,450,89,21,1,5,1,
71,22,924,234,19,8,1,5,1,
71,23,661,306,63,17,1,5,1,
71,24,481,86,112,27,1,5,1,
71,25,890,91,22,16,1,5,1,
71,28,646,488,120,33,1,5,1,
71,29,617,224,76,16,1,5,1,
72,1,791,370,16,14,1,5,1,
72,2,721,410,20,19,1,5,1,
72,10,649,117,55,13,1,5,1,
72,13,648,114,86,22,1,5,1,
72,16,754,356,72,23,1,5,1,
72,17,611,450,89,21,1,5,1,
72,22,922,234,19,9,1,5,1,
72,23,666,305,63,18,1,5,1,
72,24,490,85,114,27,1,5,1,
72,25,892,92,21,16,1,5,1,
72,28,656,488,118,32,1,5,1,
72,29,626,224,75,16,1,5,1,
73,1,791,369,16,14,1,5,1,
73,2,723,409,20,19,1,5,1,
73,10,654,117,52,14,1,5,1,
73,13,657,114,86,23,1,5,1,
73,16,759,356,71,23,1,5,1,
73,17,618,450,90,21,1,5,1,
73,22,921,234,18,9,1,5,1,
73,23,671,305,63,18,1,5,1,
73,24,498,83,117,28,1,5,1,
73,25,893,93,22,15,1,5,1,
73,28,664,487,118,32,1,5,1,
73,29,633,224,77,16,1,5,1,
74,1,790,369,17,13,1,5,1,
74,2,725,408,19,19,1,5,1,
74,10,661,117,46,15,1,5,1,
74,13,668,114,84,23,1,5,1,
74,16,766,355,69,23,1,5,1,
74,17,627,449,88,21,1,5,1,
74,22,919,234,19,9,1,5,1,
74,23,678,305,60,18,1,5,1,
74,24,509,82,118,27,1,5,1,
74,25,896,94,20,15,1,5,1,
74,28,675,486,115,32,1,5,1,
74,29,643,223,76,17,1,5,1,
75,1,789,368,18,13,1,5,1,
75,2,728,407,16,19,1,5,1,
75,10,667,116,42,16,1,5,1,
75,13,677,115,84,23,1,5,1,
75,16,771,355,68,23,1,5,1,
75,17,635,449,88,21,1,5,1,
75,22,917,235,19,8,1,5,1,
75,23,683,305,60,17,1,5,1,
75,24,518,80,120,28,1,5,1,
75,25,898,95,20,15,1,5,1,
75,28,683,485,115,32,1,5,1,
75,29,651,223,77,17,1,5,1,
76,1,789,367,17,13,1,5,1,
76,2,729,405,16,19,1,5,1,
76,10,671,117,41,16,1,5,1,
76,13,686,115,84,23,1,5,1,
76,16,777,354,66,23,1,5,1,
76,17,642,449,88,21,1,5,1,
76,22,915,235,19,9,1,5,1,
76,23,689,305,58,17,1,5,1,
76,24,528,79,122,28,1,5,1,
76,25,899,96,20,15,1,5,1,
76,28,692,484,113,32,1,5,1,
76,29,660,223,76,17,1,5,1,
77,1,788,366,18,14,1,5,1,
77,2,730,404,16,19,1,5,1,
77,10,675,117,40,17,1,5,1,
77,13,694,116,88,21,1,5,1,
77,16,781,353,69,23,1,5,1,
77,17,650,449,88,21,1,5,1,
77,22,913,235,20,9,1,5,1,
77,23,694,305,58,17,1,5,1,
77,24,537,77,125,28,1,5,1,
77,25,901,97,19,15,1,5,1,
77,28,701,483,112,32,1,5,1,
77,29,668,223,77,17,1,5,1,
78,1,787,366,18,13,1,5,1,
78,2,731,403,16,19,1,5,1,
78,10,679,119,43,15,1,5,1,
78,13,704,116,90,21,1,5,1,
78,16,784,353,73,22,1,5,1,
78,17,658,449,87,20,1,5,1,
78,22,911,236,20,8,1,5,1,
78,23,699,304,58,18,1,5,1,
78,24,548,76,127,28,1,5,1,
78,25,903,98,18,15,1,5,1,
78,28,710,482,110,32,1,5,1,
78,29,677,223,77,17,1,5,1,
79,1,786,365,19,13,1,5,1,
79,2,732,402,16,18,1,5,1,
79,10,681,120,47,15,1,5,1,
79,13,712,115,91,22,1,5,1,
79,16,786,352,79,23,1,5,1,
79,17,665,448,88,21,1,5,1,
79,22,909,236,21,8,1,5,1,
79,23,704,304,58,17,1,5,1,
79,24,557,74,130,29,1,5,1,
79,25,905,98,18,16,1,5,1,
79,28,717,481,111,32,1,5,1,
79,29,685,223,78,17,1,5,1,
80,1,785,364,19,13,1,5,1,
80,2,733,401,16,18,1,5,1,
80,10,684,122,51,13,1,5,1,
80,13,723,115,90,22,1,5,1,
80,16,788,352,85,23,1,5,1,
80,17,674,448,86,21,1,5,1,
80,22,907,236,21,9,1,5,1,
80,23,710,304,56,17,1,5,1,
80,24,569,73,131,29,1,5,1,
80,25,907,99,17,16,1,5,1,
80,28,726,480,110,32,1,5,1,
80,29,695,223,77,17,1,5,1,
81,1,784,364,20,12,1,5,1,
81,2,735,400,15,17,1,5,1,
81,10,688,122,49,14,1,5,1,
81,13,733,116,90,21,1,5,1,
81,16,790,352,92,23,1,5,1,
81,17,681,448,87,21,1,5,1,
81,22,905,237,21,8,1,5,1,
81,23,714,304,59,17,1,5,1,
81,24,579,71,134,30,1,5,1,
81,25,908,100,17,16,1,5,1,
81,28,734,479,110,32,1,5,1,
81,29,703,223,77,17,1,5,1,
81,30,955,156,4,6,1,5,1,
82,1,783,363,20,12,1,5,1,
82,2,736,399,15,17,1,5,1,
82,10,693,123,51,13,1,5,1,
82,13,744,116,85,22,1,5,1,
82,16,794,352,95,23,1,5,1,
82,17,689,447,86,21,1,5,1,
82,22,902,237,22,8,1,5,1,
82,23,718,304,62,16,1,5,1,
82,24,591,70,134,30,1,5,1,
82,25,910,101,15,16,1,5,1,
82,28,743,478,108,32,1,5,1,
82,29,712,223,77,17,1,5,1,
82,30,952,156,7,7,1,5,1,
83,1,782,362,20,13,1,5,1,
83,2,737,398,16,17,1,5,1,
83,10,697,123,55,13,1,5,1,
83,13,755,117,82,22,1,5,1,
83,16,799,352,96,23,1,5,1,
83,17,697,447,86,21,1,5,1,
83,22,900,237,22,8,1,5,1,
83,23,721,304,65,17,1,5,1,
83,24,602,69,136,30,1,5,1,
83,25,912,102,13,16,1,5,1,
83,28,751,478,108,31,1,5,1,
83,29,721,223,77,17,1,5,1,
83,30,949,156,11,8,1,5,1,
84,1,781,361,20,13,1,5,1,
84,2,738,397,16,16,1,5,1,
84,10,702,123,55,13,1,5,1,
84,13,766,117,79,22,1,5,1,
84,16,806,352,96,23,1,5,1,
84,17,706,447,84,21,1,5,1,
84,22,898,238,22,7,1,5,1,
84,23,726,304,66,17,1,5,1,
84,24,615,68,136,30,1,5,1,
84,25,912,103,14,16,1,5,1,
84,28,760,477,106,31,1,5,1,
84,29,731,223,76,17,1,5,1,
84,30,946,156,13,9,1,5,1,
85,1,780,361,20,12,1,5,1,
85,2,739,396,16,16,1,5,1,
85,10,707,123,53,13,1,5,1,
85,13,774,118,80,22,1,5,1,
85,16,812,352,96,23,1,5,1,
85,17,713,447,85,21,1,5,1,
85,22,896,238,22,8,1,5,1,
85,23,730,304,67,17,1,5,1,
85,24,626,67,138,30,1,5,1,
85,25,912,104,14,16,1,5,1,
85,28,768,476,105,31,1,5,1,
85,29,739,223,76,17,1,5,1,
85,30,943,156,16,10,1,5,1,
86,2,741,395,15,16,1,5,1,
86,10,713,123,49,14,1,5,1,
86,13,783,118,80,22,1,5,1,
86,16,819,352,95,23,1,5,1,
86,17,721,446,84,21,1,5,1,
86,22,893,238,23,8,1,5,1,
86,23,736,304,66,16,1,5,1,
86,24,637,65,141,30,1,5,1,
86,25,912,105,14,16,1,5,1,
86,28,776,475,104,31,1,5,1,
86,29,748,223,76,17,1,5,1,
86,30,940,157,20,10,1,5,1,
87,2,742,394,15,16,1,5,1,
87,10,717,124,52,13,1,5,1,
87,13,791,119,80,22,1,5,1,
87,16,825,352,95,23,1,5,1,
87,17,728,446,84,21,1,5,1,
87,22,891,238,23,8,1,5,1,
87,23,741,304,66,16,1,5,1,
87,24,648,64,143,30,1,5,1,
87,25,913,106,13,16,1,5,1,
87,28,784,475,103,30,1,5,1,
87,29,756,224,76,17,1,5,1,
87,30,937,157,22,11,1,5,1,
88,2,743,393,15,16,1,5,1,
88,10,722,124,53,13,1,5,1,
88,13,801,119,79,22,1,5,1,
88,16,833,352,93,23,1,5,1,
88,17,736,446,83,21,1,5,1,
88,22,889,239,22,7,1,5,1,
88,23,747,304,65,16,1,5,1,
88,24,661,63,143,31,1,5,1,
88,25,913,107,13,16,1,5,1,
88,28,792,474,101,30,1,5,1,
88,29,765,224,76,17,1,5,1,
88,30,934,157,24,12,1,5,1,
89,2,744,392,14,16,1,5,1,
89,10,726,124,54,13,1,5,1,
89,13,809,120,79,21,1,5,1,
89,16,839,352,93,22,1,5,1,
89,17,743,446,83,21,1,5,1,
89,22,886,239,23,8,1,5,1,
89,23,753,304,64,16,1,5,1,
89,24,672,62,146,31,1,5,1,
89,25,913,108,14,16,1,5,1,
89,28,800,473,100,30,1,5,1,
89,29,773,224,76,17,1,5,1,
89,30,931,158,25,11,1,5,1,
90,2,745,391,14,16,1,5,1,
90,10,732,124,50,13,1,5,1,
90,13,818,120,78,22,1,5,1,
90,16,847,352,88,22,1,5,1,
90,17,751,445,82,21,1,5,1,
90,22,884,240,23,7,1,5,1,
90,23,759,303,62,17,1,5,1,
90,24,685,61,146,31,1,5,1,
90,25,913,109,14,16,1,5,1,
90,28,809,472,96,30,1,5,1,
90,29,782,224,75,17,1,5,1,
90,30,928,159,24,11,1,5,1,
91,2,745,390,14,16,1,5,1,
91,10,737,124,46,14,1,5,1,
91,13,827,121,77,21,1,5,1,
91,16,856,352,82,22,1,5,1,
91,17,758,445,82,21,1,5,1,
91,22,881,240,24,7,1,5,1,
91,23,765,303,61,17,1,5,1,
91,24,697,60,147,31,1,5,1,
91,25,913,110,14,15,1,5,1,
91,28,817,471,94,30,1,5,1,
91,29,791,224,75,17,1,5,1,
91,30,925,160,25,11,1,5,1,
92,2,746,389,14,16,1,5,1,
92,10,742,125,48,13,1,5,1,
92,13,836,121,76,22,1,5,1,
92,16,866,352,74,22,1,5,1,
92,17,766,445,80,20,1,5,1,
92,22,879,240,24,7,1,5,1,
92,23,771,303,59,16,1,5,1,
92,24,710,59,148,31,1,5,1,
92,25,913,111,13,15,1,5,1,
92,28,825,470,92,30,1,5,1,
92,29,799,224,75,17,1,5,1,
92,30,922,161,25,11,1,5,1,
93,2,746,388,14,16,1,5,1,
93,10,746,125,50,13,1,5,1,
93,13,844,122,75,21,1,5,1,
93,16,876,352,64,22,1,5,1,
93,17,774,445,79,20,1,5,1,
93,22,876,240,25,8,1,5,1,
93,23,776,303,58,16,1,5,1,
93,24,722,58,149,31,1,5,1,
93,25,913,112,13,15,1,5,1,
93,28,833,469,89,30,1,5,1,
93,29,808,224,74,17,1,5,1,
93,30,918,162,26,11,1,5,1,
94,2,746,387,15,16,1,5,1,
94,10,750,125,47,14,1,5,1,
94,13,853,122,74,22,1,5,1,
94,16,887,351,54,23,1,5,1,
94,17,782,444,77,21,1,5,1,
94,22,874,241,24,7,1,5,1,
94,23,782,303,56,16,1,5,1,
94,24,735,57,150,32,1,5,1,
94,25,913,113,13,15,1,5,1,
94,28,842,468,85,29,1,5,1,
94,29,817,224,72,17,1,5,1,
94,30,915,163,26,11,1,5,1,
95,2,746,386,15,16,1,5,1,
95,10,755,126,43,13,1,5,1,
95,13,861,123,73,21,1,5,1,
95,16,895,351,48,22,1,5,1,
95,17,788,444,78,20,1,5,1,
95,22,871,241,25,7,1,5,1,
95,23,787,303,55,16,1,5,1,
95,24,747,56,151,32,1,5,1,
95,25,913,114,13,15,1,5,1,
95,28,849,467,83,29,1,5,1,
95,29,824,224,73,17,1,5,1,
95,30,912,164,26,10,1,5,1,
96,2,746,385,15,16,1,5,1,
96,10,761,125,37,15,1,5,1,
96,13,870,123,72,22,1,5,1,
96,16,901,350,44,23,1,5,1,
96,17,796,443,76,21,1,5,1,
96,22,867,241,27,7,1,5,1,
96,23,793,303,53,16,1,5,1,
96,24,761,55,151,32,1,5,1,
96,25,912,115,13,15,1,5,1,
96,28,857,466,80,29,1,5,1,
96,29,833,224,72,17,1,5,1,
96,30,909,165,26,10,1,5,1,
97,2,746,384,15,15,1,5,1,
97,10,765,126,39,14,1,5,1,
97,13,878,124,71,21,1,5,1,
97,16,907,350,39,22,1,5,1,
97,17,804,443,74,20,1,5,1,
97,22,864,241,27,7,1,5,1,
97,23,797,303,57,16,1,5,1,
97,24,774,54,152,33,1,5,1,
97,25,912,116,13,15,1,5,1,
97,28,864,465,78,28,1,5,1,
97,29,841,224,72,17,1,5,1,
97,30,907,166,24,10,1,5,1,
98,2,747,384,14,14,1,5,1,
98,10,768,127,43,13,1,5,1,
98,13,886,124,70,22,1,5,1,
98,16,911,349,38,22,1,5,1,
98,17,811,442,73,21,1,5,1,
98,23,801,302,56,16,1,5,1,
98,24,788,54,151,32,1,5,1,
98,25,911,117,13,15,1,5,1,
98,28,871,463,76,29,1,5,1,
98,29,850,224,71,17,1,5,1,
98,30,905,167,22,10,1,5,1,
99,2,748,383,14,14,1,5,1,
99,10,770,128,46,13,1,5,1,
99,13,893,125,66,21,1,5,1,
99,16,914,349,37,22,1,5,1,
99,17,817,442,73,20,1,5,1,
99,23,806,302,53,16,1,5,1,
99,24,799,53,154,32,1,5,1,
99,25,911,118,13,15,1,5,1,
99,28,876,462,75,29,1,5,1,
99,29,857,224,71,17,1,5,1,
99,30,904,167,20,11,1,5,1,
100,2,750,383,13,13,1,5,1,
100,10,774,128,46,13,1,5,1,
100,13,901,126,59,21,1,5,1,
100,16,918,348,36,22,1,5,1,
100,17,824,442,72,19,1,5,1,
100,23,814,302,48,16,1,5,1,
100,24,813,52,146,33,1,5,1,
100,25,911,119,12,15,1,5,1,
100,28,884,461,71,28,1,5,1,
100,29,865,224,70,17,1,5,1,
100,30,903,168,17,11,1,5,1,
101,2,750,382,17,13,1,5,1,
101,10,778,128,46,13,1,5,1,
101,13,908,126,52,21,1,5,1,
101,16,921,348,35,21,1,5,1,
101,17,831,441,71,20,1,5,1,
101,23,820,302,45,16,1,5,1,
101,24,824,52,136,32,1,5,1,
101,25,910,120,13,15,1,5,1,
101,28,890,460,69,28,1,5,1,
101,29,872,224,71,17,1,5,1,
101,30,901,169,16,11,1,5,1,
102,2,748,382,23,12,1,5,1,
102,10,783,128,41,14,1,5,1,
102,13,917,127,43,21,1,5,1,
102,16,924,347,34,22,1,5,1,
102,17,838,440,69,20,1,5,1,
102,23,826,302,42,16,1,5,1,
102,24,839,51,121,33,1,5,1,
102,25,910,121,12,15,1,5,1,
102,28,897,459,63,28,1,5,1,
102,29,881,224,69,17,1,5,1,
102,30,901,170,12,11,1,5,1,
103,2,747,381,28,13,1,5,1,
103,10,788,128,36,15,1,5,1,
103,13,923,127,37,17,1,5,1,
103,16,927,347,32,21,1,5,1,
103,17,844,440,69,20,1,5,1,
103,23,830,302,40,16,1,5,1,
103,24,851,50,109,33,1,5,1,
103,25,910,122,12,15,1,5,1,
103,28,902,457,58,29,1,5,1,
103,29,888,224,69,17,1,5,1,
104,2,746,380,34,13,1,5,1,
104,10,794,128,30,15,1,5,1,
104,13,932,128,28,13,1,5,1,
104,16,931,346,28,21,1,5,1,
104,17,852,439,66,20,1,5,1,
104,23,835,302,38,15,1,5,1,
104,24,866,50,94,32,1,5,1,
104,25,909,124,12,14,1,5,1,
104,28,909,456,51,28,1,5,1,
104,29,897,224,62,17,1,5,1,
105,2,745,380,39,13,1,5,1,
105,10,798,128,24,16,1,5,1,
105,13,938,130,22,10,1,5,1,
105,16,933,346,26,21,1,5,1,
105,17,857,439,67,19,1,5,1,
105,23,838,302,38,15,1,5,1,
105,24,877,49,83,25,1,5,1,
105,25,909,124,12,15,1,5,1,
105,28,913,456,47,27,1,5,1,
105,29,903,225,57,16,1,5,1,
106,2,745,379,44,13,1,5,1,
106,10,802,129,25,16,1,5,1,
106,16,935,345,24,21,1,5,1,
106,17,863,438,66,19,1,5,1,
106,23,842,302,36,15,1,5,1,
106,24,890,50,70,20,1,5,1,
106,25,908,125,12,15,1,5,1,
106,28,919,454,41,27,1,5,1,
106,29,911,225,49,16,1,5,1,
107,2,746,379,46,13,1,5,1,
107,10,803,130,29,16,1,5,1,
107,16,936,345,24,20,1,5,1,
107,17,869,437,65,20,1,5,1,
107,23,845,301,36,16,1,5,1,
107,24,902,50,58,17,1,5,1,
107,25,908,126,11,14,1,5,1,
107,28,923,455,37,25,1,5,1,
107,29,917,225,43,16,1,5,1,
108,2,749,379,46,13,1,5,1,
108,10,803,132,35,14,1,5,1,
108,16,938,344,22,21,1,5,1,
108,17,874,437,66,19,1,5,1,
108,23,849,301,34,15,1,5,1,
108,25,907,127,11,14,1,5,1,
108,28,928,456,32,23,1,5,1,
108,29,924,225,36,13,1,5,1,
109,2,751,379,47,12,1,5,1,
109,10,804,133,38,13,1,5,1,
109,16,940,344,20,20,1,5,1,
109,17,879,436,66,19,1,5,1,
109,23,851,301,35,15,1,5,1,
109,25,906,128,12,14,1,5,1,
109,28,932,455,28,23,1,5,1,
109,29,930,225,30,11,1,5,1,
110,2,755,378,46,13,1,5,1,
110,10,806,134,39,13,1,5,1,
110,16,941,343,19,20,1,5,1,
110,17,885,436,65,19,1,5,1,
110,23,855,301,33,15,1,5,1,
110,25,905,129,12,14,1,5,1,
110,28,937,454,23,22,1,5,1,
110,29,937,227,23,7,1,5,1,
111,2,759,378,43,12,1,5,1,
111,10,809,134,36,13,1,5,1,
111,16,943,343,17,20,1,5,1,
111,17,890,435,64,19,1,5,1,
111,23,857,301,33,15,1,5,1,
111,25,904,130,13,14,1,5,1,
112,2,762,378,42,12,1,5,1,
112,10,812,134,32,14,1,5,1,
112,16,944,342,16,20,1,5,1,
112,17,896,434,63,19,1,5,1,
112,23,860,301,32,14,1,5,1,
112,25,903,131,14,14,1,5,1,
113,2,765,377,42,13,1,5,1,
113,10,816,134,27,15,1,5,1,
113,16,945,343,15,19,1,5,1,
113,17,900,434,60,18,1,5,1,
113,23,862,301,32,14,1,5,1,
113,25,902,131,14,15,1,5,1,
114,2,769,377,40,12,1,5,1,
114,10,820,134,27,15,1,5,1,
114,16,946,343,14,18,1,5,1,
114,17,905,433,55,19,1,5,1,
114,23,865,300,31,15,1,5,1,
114,25,901,132,14,15,1,5,1,
115,2,772,377,40,12,1,5,1,
115,10,823,135,29,15,1,5,1,
115,16,947,343,13,14,1,5,1,
115,17,910,432,50,19,1,5,1,
115,23,868,300,28,15,1,5,1,
116,2,775,376,38,12,1,5,1,
116,10,824,136,32,14,1,5,1,
116,17,915,432,45,17,1,5,1,
116,23,871,300,27,14,1,5,1,
117,2,777,375,36,13,1,5,1,
117,10,825,137,31,14,1,5,1,
117,17,919,432,41,17,1,5,1,
117,23,873,300,26,14,1,5,1,
118,2,780,375,35,13,1,5,1,
118,10,826,138,28,14,1,5,1,
118,17,923,431,37,17,1,5,1,
118,23,875,299,26,15,1,5,1,
119,2,784,374,32,13,1,5,1,
119,10,829,138,25,15,1,5,1,
119,17,928,435,32,12,1,5,1,
119,21,946,254,13,10,1,5,1,
119,23,877,299,25,15,1,5,1,
120,2,787,374,31,13,1,5,1,
120,10,832,138,24,15,1,5,1,
120,17,933,434,27,12,1,5,1,
120,21,942,254,17,12,1,5,1,
120,23,879,299,25,14,1,5,1,
121,2,790,373,29,13,1,5,1,
121,10,835,139,26,15,1,5,1,
121,17,938,433,22,11,1,5,1,
121,21,939,253,20,13,1,5,1,
121,23,881,299,24,14,1,5,1,
122,2,793,373,28,13,1,5,1,
122,10,837,140,28,14,1,5,1,
122,21,935,252,24,14,1,5,1,
122,23,883,299,24,14,1,5,1,
123,2,795,372,27,13,1,5,1,
123,10,838,141,26,14,1,5,1,
123,21,931,253,28,13,1,5,1,
123,23,885,298,23,15,1,5,1,
124,2,797,372,27,13,1,5,1,
124,10,839,142,24,14,1,5,1,
124,21,928,253,31,13,1,5,1,
124,23,886,298,23,14,1,5,1,
125,2,800,371,25,13,1,5,1,
125,10,842,142,21,14,1,5,1,
125,21,924,253,35,13,1,5,1,
125,23,888,298,23,14,1,5,1,
126,2,802,371,24,13,1,5,1,
126,10,845,142,19,15,1,5,1,
126,21,921,253,38,13,1,5,1,
126,23,890,298,22,14,1,5,1,
127,2,804,370,23,13,1,5,1,
127,10,847,143,20,15,1,5,1,
127,21,917,253,42,13,1,5,1,
127,23,891,298,22,14,1,5,1,
128,2,806,370,22,12,1,5,1,
128,10,848,144,22,14,1,5,1,
128,21,914,253,45,14,1,5,1,
128,23,893,298,21,13,1,5,1,
129,2,808,369,21,13,1,5,1,
129,10,848,145,24,14,1,5,1,
129,21,910,254,49,13,1,5,1,
129,23,895,298,20,13,1,5,1,
130,2,810,369,20,12,1,5,1,
130,10,849,146,22,13,1,5,1,
130,21,907,254,52,13,1,5,1,
130,23,896,297,20,14,1,5,1,
131,2,812,368,19,13,1,5,1,
131,10,851,146,20,14,1,5,1,
131,21,904,254,55,13,1,5,1,
131,23,898,297,19,13,1,5,1,
132,2,813,368,19,12,1,5,1,
132,10,853,147,19,14,1,5,1,
132,21,900,254,58,13,1,5,1,
132,23,899,297,19,13,1,5,1,
133,2,815,367,18,13,1,5,1,
133,10,855,147,20,14,1,5,1,
133,21,897,254,58,13,1,5,1,
133,23,900,297,19,13,1,5,1,
134,2,816,367,19,12,1,5,1,
134,10,856,148,19,14,1,5,1,
134,21,894,254,56,13,1,5,1,
134,23,901,297,18,13,1,5,1,
135,2,817,366,19,13,1,5,1,
135,10,858,149,17,13,1,5,1,
135,21,891,254,55,13,1,5,1,
135,23,902,297,18,12,1,5,1,
136,2,819,366,18,12,1,5,1,
136,10,859,149,17,14,1,5,1,
136,21,888,255,55,12,1,5,1,
136,23,903,296,18,13,1,5,1,
137,2,820,365,18,12,1,5,1,
137,10,861,150,16,14,1,5,1,
137,21,887,255,51,12,1,5,1,
137,23,904,296,18,13,1,5,1,
138,10,862,151,16,13,1,5,1,
138,23,905,296,18,13,1,5,1,
139,10,862,151,17,14,1,5,1,
139,23,906,296,18,13,1,5,1,
140,10,863,152,16,14,1,5,1,
140,23,906,296,18,12,1,5,1,
141,10,864,152,16,15,1,5,1,
141,23,907,296,18,12,1,5,1,
142,10,865,153,16,15,1,5,1,
142,23,908,295,18,13,1,5,1,
143,10,866,154,15,14,1,5,1,
143,16,948,328,12,11,1,5,1,
143,23,909,295,18,13,1,5,1,
144,10,866,155,16,14,1,5,1,
144,16,948,328,12,11,1,5,1,
144,23,910,295,17,12,1,5,1,
145,10,867,156,16,13,1,5,1,
145,16,947,326,12,13,1,5,1,
145,23,910,295,18,12,1,5,1,
146,10,868,157,16,13,1,5,1,
146,16,947,326,12,13,1,5,1,
146,23,911,295,17,12,1,5,1,
147,10,869,157,15,13,1,5,1,
147,16,946,325,13,14,1,5,1,
147,23,911,295,18,12,1,5,1,
148,10,869,158,16,13,1,5,1,
148,16,946,325,13,13,1,5,1,
148,23,912,295,17,12,1,5,1,
149,10,870,159,15,12,1,5,1,
149,16,945,324,14,14,1,5,1,
149,23,912,294,18,12,1,5,1,
150,10,871,160,15,12,1,5,1,
150,16,945,324,14,14,1,5,1,
150,23,913,294,17,12,1,5,1,
