1,1,684,17,28,56,1,5,1,
1,2,179,264,63,18,1,5,1,
1,3,718,513,89,22,1,5,1,
1,4,758,65,64,17,1,5,1,
1,5,757,378,29,29,1,5,1,
1,6,228,429,92,28,1,5,1,
1,7,33,126,42,31,1,5,1,
1,8,-12,4,53,25,1,5,1,
1,9,2,453,62,22,1,5,1,
1,10,834,2,23,30,1,5,1,
1,11,266,241,81,32,1,5,1,
1,12,523,251,42,13,1,5,1,
1,13,27,386,55,20,1,5,1,
1,14,516,366,79,21,1,5,1,
1,15,255,6,67,70,1,5,1,
1,16,349,329,17,18,1,5,1,
1,17,721,126,37,29,1,5,1,
1,18,185,99,49,25,1,5,1,
1,19,81,32,21,20,1,5,1,
1,20,707,254,35,28,1,5,1,
1,21,724,491,44,25,1,5,1,
1,22,790,1,122,40,1,5,1,
1,23,558,153,131,31,1,5,1,
1,24,239,195,86,20,1,5,1,
1,25,577,318,68,42,1,5,1,
2,1,685,24,31,53,1,5,1,
2,2,182,265,68,17,1,5,1,
2,3,712,509,89,27,1,5,1,
2,4,749,64,69,19,1,5,1,
2,5,755,377,34,34,1,5,1,
2,6,236,430,87,28,1,5,1,
2,7,34,124,44,31,1,5,1,
2,8,-17,1,52,26,1,5,1,
2,9,-3,453,62,23,1,5,1,
2,10,829,5,26,30,1,5,1,
2,11,277,241,71,33,1,5,1,
2,12,528,250,39,14,1,5,1,
2,13,31,388,53,20,1,5,1,
2,14,524,367,80,21,1,5,1,
2,15,256,12,75,68,1,5,1,
2,16,349,330,19,18,1,5,1,
2,17,715,128,42,28,1,5,1,
2,18,185,98,58,24,1,5,1,
2,19,80,30,21,21,1,5,1,
2,20,709,254,34,27,1,5,1,
2,21,720,491,40,30,1,5,1,
2,22,795,0,131,37,1,5,1,
2,23,567,152,134,32,1,5,1,
2,24,247,195,84,20,1,5,1,
2,25,577,318,57,47,1,5,1,
3,1,683,30,39,51,1,5,1,
3,2,186,265,72,18,1,5,1,
3,3,707,506,89,31,1,5,1,
3,4,742,63,72,21,1,5,1,
3,5,754,378,43,39,1,5,1,
3,6,244,431,82,29,1,5,1,
3,7,30,122,54,31,1,5,1,
3,8,-21,-1,51,25,1,5,1,
3,9,-18,454,71,19,1,5,1,
3,10,826,9,25,29,1,5,1,
3,11,287,240,64,33,1,5,1,
3,12,532,249,37,14,1,5,1,
3,13,34,389,52,20,1,5,1,
3,14,532,368,80,20,1,5,1,
3,15,258,18,82,65,1,5,1,
3,16,348,331,23,18,1,5,1,
3,17,710,130,45,27,1,5,1,
3,18,185,98,68,24,1,5,1,
3,19,78,27,21,22,1,5,1,
3,20,713,255,32,26,1,5,1,
3,21,717,492,35,35,1,5,1,
3,22,802,-2,137,35,1,5,1,
3,23,577,152,134,32,1,5,1,
3,24,254,195,82,20,1,5,1,
3,25,579,318,46,52,1,5,1,
4,1,683,37,46,47,1,5,1,
4,2,191,266,75,17,1,5,1,
4,3,702,502,87,35,1,5,1,
4,4,734,62,74,25,1,5,1,
4,5,753,379,54,43,1,5,1,
4,6,252,432,75,30,1,5,1,
4,7,27,121,72,30,1,5,1,
4,8,-24,-4,47,26,1,5,1,
4,9,-35,453,80,20,1,5,1,
4,10,823,12,23,29,1,5,1,
4,11,297,239,57,35,1,5,1,
4,12,537,247,34,15,1,5,1,
4,13,37,391,51,20,1,5,1,
4,14,542,368,78,20,1,5,1,
4,15,262,24,88,62,1,5,1,
4,16,347,332,30,18,1,5,1,
4,17,705,131,45,28,1,5,1,
4,18,187,98,77,24,1,5,1,
4,19,74,23,24,24,1,5,1,
4,20,717,256,31,26,1,5,1,
4,21,716,493,28,41,1,5,1,
4,22,811,-4,140,33,1,5,1,
4,23,588,152,131,32,1,5,1,
4,24,262,195,79,20,1,5,1,
4,25,580,318,44,58,1,5,1,
5,1,684,43,53,43,1,5,1,
5,2,197,266,77,18,1,5,1,
5,3,698,499,84,38,1,5,1,
5,4,727,62,75,28,1,5,1,
5,5,754,380,63,49,1,5,1,
5,6,259,433,69,31,1,5,1,
5,7,32,120,77,30,1,5,1,
5,8,-28,-7,46,26,1,5,1,
5,9,-52,453,88,21,1,5,1,
5,10,820,16,21,28,1,5,1,
5,11,306,239,53,36,1,5,1,
5,12,541,245,30,17,1,5,1,
5,13,40,392,53,20,1,5,1,
5,14,551,367,76,20,1,5,1,
5,15,267,30,92,58,1,5,1,
5,16,347,333,36,18,1,5,1,
5,17,699,133,49,27,1,5,1,
5,18,189,98,85,24,1,5,1,
5,19,67,19,32,27,1,5,1,
5,20,714,257,41,26,1,5,1,
5,21,715,496,22,46,1,5,1,
5,22,821,-5,138,29,1,5,1,
5,23,601,152,125,33,1,5,1,
5,24,270,195,75,20,1,5,1,
5,25,579,319,46,64,1,5,1,
6,1,686,50,58,39,1,5,1,
6,2,203,266,78,18,1,5,1,
6,3,695,495,80,41,1,5,1,
6,4,720,62,74,32,1,5,1,
6,5,755,383,75,51,1,5,1,
6,6,266,434,62,33,1,5,1,
6,7,36,118,83,30,1,5,1,
6,10,818,20,19,27,1,5,1,
6,11,313,238,48,36,1,5,1,
6,12,545,243,26,18,1,5,1,
6,13,44,392,53,20,1,5,1,
6,14,559,367,75,19,1,5,1,
6,15,273,36,95,54,1,5,1,
6,16,348,334,41,19,1,5,1,
6,17,692,135,55,27,1,5,1,
6,18,194,98,90,25,1,5,1,
6,19,63,15,35,28,1,5,1,
6,20,713,258,52,26,1,5,1,
6,21,714,499,19,44,1,5,1,
6,22,832,-5,128,25,1,5,1,
6,23,614,152,117,34,1,5,1,
6,24,278,195,70,20,1,5,1,
6,25,579,321,48,68,1,5,1,
7,1,689,56,62,35,1,5,1,
7,2,210,267,79,18,1,5,1,
7,3,693,491,76,43,1,5,1,
7,4,714,62,73,35,1,5,1,
7,5,758,386,85,53,1,5,1,
7,6,272,435,55,36,1,5,1,
7,7,42,116,87,31,1,5,1,
7,10,813,23,23,27,1,5,1,
7,11,315,237,51,37,1,5,1,
7,12,546,241,31,18,1,5,1,
7,13,49,392,52,21,1,5,1,
7,14,566,367,77,20,1,5,1,
7,15,279,43,99,49,1,5,1,
7,16,350,336,46,18,1,5,1,
7,17,688,136,55,27,1,5,1,
7,18,201,98,90,25,1,5,1,
7,19,60,11,35,29,1,5,1,
7,20,713,259,62,26,1,5,1,
7,21,714,503,19,41,1,5,1,
7,22,843,-5,117,24,1,5,1,
7,23,626,152,110,35,1,5,1,
7,24,286,195,65,20,1,5,1,
7,25,582,323,50,74,1,5,1,
8,1,693,61,63,33,1,5,1,
8,2,218,268,78,18,1,5,1,
8,3,691,488,71,44,1,5,1,
8,4,709,63,69,37,1,5,1,
8,5,762,390,95,54,1,5,1,
8,6,271,438,66,36,1,5,1,
8,7,49,115,91,31,1,5,1,
8,10,810,26,24,27,1,5,1,
8,11,316,236,59,39,1,5,1,
8,12,547,239,36,18,1,5,1,
8,13,57,392,45,22,1,5,1,
8,14,573,367,80,20,1,5,1,
8,15,288,49,99,44,1,5,1,
8,16,354,337,45,19,1,5,1,
8,17,684,138,53,26,1,5,1,
8,18,210,98,88,25,1,5,1,
8,19,56,7,35,30,1,5,1,
8,20,715,260,71,26,1,5,1,
8,21,716,509,10,35,1,5,1,
8,22,856,-5,104,24,1,5,1,
8,23,636,154,110,34,1,5,1,
8,24,295,194,57,20,1,5,1,
8,25,577,326,64,78,1,5,1,
9,1,699,65,63,31,1,5,1,
9,2,226,268,77,19,1,5,1,
9,3,690,485,65,44,1,5,1,
9,4,704,65,66,39,1,5,1,
9,5,767,395,104,54,1,5,1,
9,6,271,441,76,36,1,5,1,
9,7,58,113,92,32,1,5,1,
9,10,807,29,24,26,1,5,1,
9,11,319,235,64,40,1,5,1,
9,12,548,237,41,17,1,5,1,
9,13,65,391,37,24,1,5,1,
9,14,580,368,83,20,1,5,1,
9,15,296,54,100,40,1,5,1,
9,16,359,339,42,19,1,5,1,
9,17,681,139,50,27,1,5,1,
9,18,218,98,87,24,1,5,1,
9,19,52,3,35,31,1,5,1,
9,20,719,261,79,27,1,5,1,
9,21,715,514,13,30,1,5,1,
9,22,869,-4,91,22,1,5,1,
9,23,645,154,111,34,1,5,1,
9,24,303,194,50,20,1,5,1,
9,25,572,329,89,82,1,5,1,
10,1,705,68,63,30,1,5,1,
10,2,234,269,75,18,1,5,1,
10,3,689,482,60,44,1,5,1,
10,4,700,67,61,40,1,5,1,
10,5,774,399,111,55,1,5,1,
10,6,274,443,78,37,1,5,1,
10,7,67,112,94,31,1,5,1,
10,10,804,32,23,26,1,5,1,
10,11,322,234,71,41,1,5,1,
10,12,550,236,46,16,1,5,1,
10,13,73,391,29,27,1,5,1,
10,14,587,369,85,19,1,5,1,
10,15,305,59,100,36,1,5,1,
10,16,363,341,42,18,1,5,1,
10,17,678,141,46,26,1,5,1,
10,18,226,97,86,25,1,5,1,
10,19,49,0,35,30,1,5,1,
10,20,723,262,88,27,1,5,1,
10,21,713,521,22,23,1,5,1,
10,22,883,-2,77,21,1,5,1,
10,23,654,155,111,34,1,5,1,
10,24,309,193,47,21,1,5,1,
10,25,568,333,117,85,1,5,1,
11,1,712,70,61,30,1,5,1,
11,2,242,270,73,17,1,5,1,
11,3,689,480,54,43,1,5,1,
11,4,697,70,55,41,1,5,1,
11,5,782,405,118,53,1,5,1,
11,6,278,446,80,37,1,5,1,
11,7,76,110,95,32,1,5,1,
11,10,802,35,21,25,1,5,1,
11,11,325,233,78,42,1,5,1,
11,12,553,236,50,14,1,5,1,
11,13,75,392,27,28,1,5,1,
11,14,596,369,85,20,1,5,1,
11,15,314,64,100,33,1,5,1,
11,16,366,342,44,19,1,5,1,
11,17,676,143,40,26,1,5,1,
11,18,234,96,84,25,1,5,1,
11,19,46,-4,34,31,1,5,1,
11,20,729,263,96,26,1,5,1,
11,22,900,0,60,19,1,5,1,
11,23,664,156,110,33,1,5,1,
11,24,313,192,45,21,1,5,1,
11,25,567,337,144,87,1,5,1,
12,1,718,73,60,29,1,5,1,
12,2,249,270,72,17,1,5,1,
12,3,689,478,48,41,1,5,1,
12,4,695,73,48,41,1,5,1,
12,5,791,410,122,51,1,5,1,
12,6,282,449,82,37,1,5,1,
12,7,85,108,96,33,1,5,1,
12,10,800,38,20,25,1,5,1,
12,11,329,232,86,43,1,5,1,
12,12,556,235,55,14,1,5,1,
12,13,73,392,27,31,1,5,1,
12,14,605,369,85,20,1,5,1,
12,15,323,69,99,28,1,5,1,
12,16,370,343,46,19,1,5,1,
12,17,674,145,36,25,1,5,1,
12,18,242,95,83,25,1,5,1,
12,19,46,-8,30,31,1,5,1,
12,20,737,264,101,26,1,5,1,
12,22,933,0,27,20,1,5,1,
12,23,674,156,108,34,1,5,1,
12,24,317,192,44,20,1,5,1,
12,25,567,342,172,88,1,5,1,
13,1,725,75,57,29,1,5,1,
13,2,257,269,69,17,1,5,1,
13,3,689,478,43,38,1,5,1,
13,4,694,77,41,39,1,5,1,
13,5,802,416,125,47,1,5,1,
13,6,286,451,86,38,1,5,1,
13,7,93,107,99,32,1,5,1,
13,10,799,41,17,24,1,5,1,
13,11,333,231,94,44,1,5,1,
13,12,561,235,58,14,1,5,1,
13,13,70,393,26,33,1,5,1,
13,14,614,369,85,20,1,5,1,
13,15,333,73,97,25,1,5,1,
13,16,374,344,48,19,1,5,1,
13,17,673,148,31,23,1,5,1,
13,18,248,94,85,25,1,5,1,
13,19,42,-13,31,33,1,5,1,
13,20,747,264,101,26,1,5,1,
13,22,944,0,16,21,1,5,1,
13,23,684,157,106,33,1,5,1,
13,24,320,191,43,20,1,5,1,
13,25,570,347,199,88,1,5,1,
14,1,732,76,54,30,1,5,1,
14,2,265,269,65,17,1,5,1,
14,3,689,477,39,35,1,5,1,
14,4,693,81,35,38,1,5,1,
14,5,814,422,126,43,1,5,1,
14,6,291,454,88,37,1,5,1,
14,7,102,105,101,33,1,5,1,
14,10,797,44,16,23,1,5,1,
14,11,338,230,103,46,1,5,1,
14,12,566,235,60,14,1,5,1,
14,13,60,395,34,34,1,5,1,
14,14,623,370,85,19,1,5,1,
14,15,342,74,96,24,1,5,1,
14,16,378,345,51,19,1,5,1,
14,17,671,149,29,24,1,5,1,
14,18,255,94,85,24,1,5,1,
14,19,39,-18,30,34,1,5,1,
14,20,760,264,94,25,1,5,1,
14,22,950,0,10,21,1,5,1,
14,23,696,157,95,34,1,5,1,
14,24,323,190,43,21,1,5,1,
14,25,575,353,225,86,1,5,1,
15,1,739,78,49,29,1,5,1,
15,2,272,269,62,16,1,5,1,
15,3,688,476,37,33,1,5,1,
15,4,693,84,28,37,1,5,1,
15,5,828,428,123,37,1,5,1,
15,6,296,456,91,38,1,5,1,
15,7,112,103,103,34,1,5,1,
15,10,795,47,15,22,1,5,1,
15,11,343,228,113,48,1,5,1,
15,12,572,235,62,14,1,5,1,
15,13,50,396,47,36,1,5,1,
15,14,633,370,83,19,1,5,1,
15,15,350,74,96,24,1,5,1,
15,16,382,346,53,19,1,5,1,
15,17,669,151,27,23,1,5,1,
15,18,262,93,86,25,1,5,1,
15,19,36,-22,29,34,1,5,1,
15,20,772,264,89,25,1,5,1,
15,23,707,157,89,35,1,5,1,
15,24,326,189,44,21,1,5,1,
15,25,583,358,247,83,1,5,1,
16,1,745,79,45,30,1,5,1,
16,2,280,268,56,17,1,5,1,
16,3,686,474,38,33,1,5,1,
16,4,693,88,22,35,1,5,1,
16,5,841,433,118,33,1,5,1,
16,6,301,458,94,39,1,5,1,
16,7,121,101,106,34,1,5,1,
16,10,794,50,13,22,1,5,1,
16,11,349,227,123,49,1,5,1,
16,12,578,235,63,14,1,5,1,
16,13,41,397,55,38,1,5,1,
16,14,642,370,82,19,1,5,1,
16,15,357,74,97,24,1,5,1,
16,16,387,347,55,20,1,5,1,
16,17,668,153,24,22,1,5,1,
16,18,268,92,88,25,1,5,1,
16,20,783,264,86,25,1,5,1,
16,23,716,158,86,34,1,5,1,
16,24,329,188,44,21,1,5,1,
16,25,594,364,266,78,1,5,1,
17,1,751,81,40,30,1,5,1,
17,2,286,268,53,17,1,5,1,
17,3,683,472,39,32,1,5,1,
17,4,693,92,16,32,1,5,1,
17,5,855,438,105,28,1,5,1,
17,6,306,461,97,39,1,5,1,
17,7,130,100,109,34,1,5,1,
17,10,793,52,12,22,1,5,1,
17,11,355,226,134,50,1,5,1,
17,12,585,235,64,14,1,5,1,
17,13,37,400,54,38,1,5,1,
17,14,651,370,80,19,1,5,1,
17,15,364,74,98,25,1,5,1,
17,16,392,348,58,20,1,5,1,
17,17,667,154,22,22,1,5,1,
17,18,274,91,90,26,1,5,1,
17,20,793,264,83,25,1,5,1,
17,23,724,159,84,34,1,5,1,
17,24,331,187,45,22,1,5,1,
17,25,608,370,281,73,1,5,1,
18,1,756,83,37,30,1,5,1,
18,2,293,267,47,17,1,5,1,
18,3,681,469,39,32,1,5,1,
18,4,693,96,14,29,1,5,1,
18,5,871,441,89,25,1,5,1,
18,6,311,463,100,39,1,5,1,
18,7,140,98,112,35,1,5,1,
18,10,792,55,10,20,1,5,1,
18,11,363,224,145,52,1,5,1,
18,12,592,235,63,14,1,5,1,
18,13,34,402,49,39,1,5,1,
18,14,661,369,78,20,1,5,1,
18,15,372,75,97,24,1,5,1,
18,16,397,349,60,20,1,5,1,
18,17,666,156,20,21,1,5,1,
18,18,281,91,91,25,1,5,1,
18,20,803,264,80,25,1,5,1,
18,23,732,160,84,32,1,5,1,
18,24,333,186,47,22,1,5,1,
18,25,627,376,289,70,1,5,1,
19,1,759,86,40,28,1,5,1,
19,2,299,267,42,17,1,5,1,
19,3,679,467,39,32,1,5,1,
19,4,694,100,14,26,1,5,1,
19,5,886,441,74,24,1,5,1,
19,6,317,466,103,39,1,5,1,
19,7,150,96,115,35,1,5,1,
19,10,791,58,11,19,1,5,1,
19,11,371,222,157,54,1,5,1,
19,12,600,234,61,14,1,5,1,
19,13,32,404,45,40,1,5,1,
19,14,670,369,76,19,1,5,1,
19,15,380,75,97,24,1,5,1,
19,16,402,350,63,20,1,5,1,
19,17,665,157,18,21,1,5,1,
19,18,288,90,92,25,1,5,1,
19,20,814,264,72,25,1,5,1,
19,22,944,10,15,34,1,5,1,
19,23,740,161,85,30,1,5,1,
19,24,334,185,50,23,1,5,1,
19,25,648,383,290,66,1,5,1,
20,1,762,89,44,25,1,5,1,
20,2,302,267,41,17,1,5,1,
20,3,676,465,40,31,1,5,1,
20,4,694,103,15,24,1,5,1,
20,5,901,440,59,24,1,5,1,
20,6,323,469,106,39,1,5,1,
20,7,161,94,117,36,1,5,1,
20,10,790,60,11,19,1,5,1,
20,11,380,221,170,54,1,5,1,
20,12,608,234,59,14,1,5,1,
20,13,30,407,40,40,1,5,1,
20,14,680,369,73,19,1,5,1,
20,15,388,75,96,24,1,5,1,
20,16,409,351,65,21,1,5,1,
20,17,665,159,14,20,1,5,1,
20,18,295,89,93,25,1,5,1,
20,20,824,264,68,24,1,5,1,
20,22,942,12,17,35,1,5,1,
20,23,750,161,83,30,1,5,1,
20,24,334,184,54,23,1,5,1,
20,25,673,384,286,66,1,5,1,
21,1,766,90,48,25,1,5,1,
21,2,305,267,40,18,1,5,1,
21,3,674,464,39,29,1,5,1,
21,4,694,105,17,23,1,5,1,
21,5,915,439,45,21,1,5,1,
21,6,329,471,110,39,1,5,1,
21,7,172,92,119,36,1,5,1,
21,10,790,62,10,19,1,5,1,
21,11,389,219,186,56,1,5,1,
21,12,615,234,58,15,1,5,1,
21,13,29,409,34,41,1,5,1,
21,14,689,368,70,19,1,5,1,
21,15,396,74,96,26,1,5,1,
21,16,415,352,67,21,1,5,1,
21,17,664,160,14,20,1,5,1,
21,18,302,88,94,26,1,5,1,
21,20,832,264,66,24,1,5,1,
21,22,941,12,18,38,1,5,1,
21,23,760,161,79,30,1,5,1,
21,24,335,183,58,23,1,5,1,
21,25,697,385,263,67,1,5,1,
22,1,771,91,50,24,1,5,1,
22,2,307,268,40,18,1,5,1,
22,3,671,462,40,29,1,5,1,
22,4,695,107,17,22,1,5,1,
22,5,929,438,31,21,1,5,1,
22,6,336,474,112,39,1,5,1,
22,7,183,90,122,37,1,5,1,
22,10,789,64,11,18,1,5,1,
22,11,395,217,209,58,1,5,1,
22,12,623,235,56,14,1,5,1,
22,13,28,412,32,41,1,5,1,
22,14,698,368,68,19,1,5,1,
22,15,404,75,95,25,1,5,1,
22,16,421,353,70,21,1,5,1,
22,17,663,161,13,20,1,5,1,
22,18,309,87,95,26,1,5,1,
22,20,840,264,63,24,1,5,1,
22,22,940,15,19,37,1,5,1,
22,23,770,162,75,29,1,5,1,
22,24,336,182,62,24,1,5,1,
22,25,722,387,238,67,1,5,1,
23,1,778,91,49,25,1,5,1,
23,2,308,269,42,18,1,5,1,
23,3,669,460,40,28,1,5,1,
23,4,695,109,18,21,1,5,1,
23,5,943,437,17,21,1,5,1,
23,6,344,477,114,39,1,5,1,
23,7,195,88,125,37,1,5,1,
23,10,788,66,11,18,1,5,1,
23,11,402,215,233,60,1,5,1,
23,12,631,235,54,14,1,5,1,
23,13,26,415,32,41,1,5,1,
23,14,708,367,64,19,1,5,1,
23,15,412,74,94,27,1,5,1,
23,16,429,355,71,21,1,5,1,
23,17,662,162,16,19,1,5,1,
23,18,316,86,97,27,1,5,1,
23,20,849,264,59,24,1,5,1,
23,22,939,16,20,39,1,5,1,
23,23,779,162,71,30,1,5,1,
23,24,339,181,65,24,1,5,1,
23,25,752,387,208,68,1,5,1,
24,1,784,91,47,26,1,5,1,
24,2,309,269,45,18,1,5,1,
24,3,666,458,41,28,1,5,1,
24,4,696,110,18,21,1,5,1,
24,6,350,479,119,40,1,5,1,
24,7,204,86,131,38,1,5,1,
24,10,788,68,10,18,1,5,1,
24,11,411,214,254,61,1,5,1,
24,12,636,235,54,14,1,5,1,
24,13,24,417,34,41,1,5,1,
24,14,715,367,63,19,1,5,1,
24,15,419,75,94,26,1,5,1,
24,16,435,356,75,21,1,5,1,
24,17,659,162,20,20,1,5,1,
24,18,323,86,99,26,1,5,1,
24,20,856,264,57,24,1,5,1,
24,22,937,18,22,40,1,5,1,
24,23,786,163,69,30,1,5,1,
24,24,342,180,68,24,1,5,1,
24,25,776,388,184,54,1,5,1,
25,1,791,92,44,26,1,5,1,
25,2,312,269,47,18,1,5,1,
25,3,663,456,41,27,1,5,1,
25,4,699,112,15,21,1,5,1,
25,6,358,483,121,39,1,5,1,
25,7,217,84,133,39,1,5,1,
25,10,787,70,10,18,1,5,1,
25,11,427,213,266,62,1,5,1,
25,12,644,235,51,14,1,5,1,
25,13,22,420,35,41,1,5,1,
25,14,724,366,60,19,1,5,1,
25,15,428,75,92,27,1,5,1,
25,16,443,357,79,21,1,5,1,
25,17,656,163,23,20,1,5,1,
25,18,331,85,99,27,1,5,1,
25,20,863,264,55,23,1,5,1,
25,22,935,21,25,40,1,5,1,
25,23,794,164,67,29,1,5,1,
25,24,346,179,70,24,1,5,1,
25,25,807,390,153,53,1,5,1,
26,1,796,94,43,26,1,5,1,
26,2,314,269,49,19,1,5,1,
26,3,660,455,42,26,1,5,1,
26,4,700,113,15,21,1,5,1,
26,6,365,486,127,39,1,5,1,
26,7,229,83,138,38,1,5,1,
26,10,786,72,10,17,1,5,1,
26,11,446,213,273,62,1,5,1,
26,12,651,235,50,14,1,5,1,
26,13,22,423,36,41,1,5,1,
26,14,731,366,58,18,1,5,1,
26,15,436,75,91,28,1,5,1,
26,16,451,358,82,21,1,5,1,
26,17,654,164,24,19,1,5,1,
26,18,339,85,100,27,1,5,1,
26,20,870,264,52,23,1,5,1,
26,22,934,24,25,39,1,5,1,
26,23,801,165,65,29,1,5,1,
26,24,349,178,73,25,1,5,1,
26,25,834,395,126,49,1,5,1,
27,1,800,95,43,26,1,5,1,
27,2,317,269,51,19,1,5,1,
27,3,657,453,43,26,1,5,1,
27,4,702,114,14,21,1,5,1,
27,6,372,488,131,39,1,5,1,
27,7,240,81,143,39,1,5,1,
27,10,785,73,10,18,1,5,1,
27,11,465,212,278,63,1,5,1,
27,12,656,236,50,14,1,5,1,
27,13,22,425,37,41,1,5,1,
27,14,737,365,58,19,1,5,1,
27,15,442,76,91,28,1,5,1,
27,16,458,359,85,21,1,5,1,
27,17,652,165,24,19,1,5,1,
27,18,345,85,103,26,1,5,1,
27,20,875,264,52,23,1,5,1,
27,22,932,26,27,40,1,5,1,
27,23,806,166,64,29,1,5,1,
27,24,353,177,76,25,1,5,1,
27,25,857,400,103,42,1,5,1,
28,1,806,97,41,25,1,5,1,
28,2,320,268,53,20,1,5,1,
28,3,654,451,43,26,1,5,1,
28,4,703,115,13,21,1,5,1,
28,6,381,491,134,39,1,5,1,
28,7,254,80,145,39,1,5,1,
28,10,784,75,10,18,1,5,1,
28,11,493,212,271,64,1,5,1,
28,12,663,236,47,14,1,5,1,
28,13,23,428,37,41,1,5,1,
28,14,745,365,55,18,1,5,1,
28,15,451,77,89,28,1,5,1,
28,16,468,360,86,21,1,5,1,
28,17,650,166,24,19,1,5,1,
28,18,354,84,102,27,1,5,1,
28,20,881,264,50,23,1,5,1,
28,22,930,25,29,44,1,5,1,
28,23,814,167,61,28,1,5,1,
28,24,357,176,79,25,1,5,1,
29,1,810,98,41,26,1,5,1,
29,2,323,268,55,20,1,5,1,
29,3,651,450,44,25,1,5,1,
29,4,703,116,14,21,1,5,1,
29,6,389,493,137,40,1,5,1,
29,7,266,79,150,39,1,5,1,
29,10,783,77,11,17,1,5,1,
29,11,516,213,269,63,1,5,1,
29,12,668,236,47,14,1,5,1,
29,13,24,430,38,42,1,5,1,
29,14,751,364,54,18,1,5,1,
29,15,458,77,88,29,1,5,1,
29,16,476,360,89,21,1,5,1,
29,17,648,167,25,19,1,5,1,
29,18,361,84,104,27,1,5,1,
29,20,886,264,49,23,1,5,1,
29,22,928,22,31,49,1,5,1,
29,23,819,168,61,28,1,5,1,
29,24,361,176,81,25,1,5,1,
30,1,815,100,39,25,1,5,1,
30,2,327,268,56,20,1,5,1,
30,3,648,448,44,25,1,5,1,
30,4,703,117,14,21,1,5,1,
30,6,398,495,141,40,1,5,1,
30,7,280,78,153,40,1,5,1,
30,10,782,79,11,17,1,5,1,
30,11,541,214,267,62,1,5,1,
30,12,674,236,45,14,1,5,1,
30,13,25,432,38,43,1,5,1,
30,14,757,364,53,18,1,5,1,
30,15,465,78,87,29,1,5,1,
30,16,485,360,92,22,1,5,1,
30,17,646,168,25,19,1,5,1,
30,18,368,84,106,27,1,5,1,
30,20,891,265,48,22,1,5,1,
30,22,926,25,33,49,1,5,1,
30,23,825,169,59,27,1,5,1,
30,24,365,175,85,25,1,5,1,
31,1,819,101,38,25,1,5,1,
31,2,330,268,58,20,1,5,1,
31,3,645,447,45,23,1,5,1,
31,4,704,119,13,20,1,5,1,
31,6,407,497,144,40,1,5,1,
31,7,295,76,155,41,1,5,1,
31,10,781,81,11,17,1,5,1,
31,11,567,214,265,63,1,5,1,
31,12,680,236,44,14,1,5,1,
31,13,26,435,39,43,1,5,1,
31,14,764,363,51,18,1,5,1,
31,15,472,79,86,29,1,5,1,
31,16,495,361,93,22,1,5,1,
31,17,644,169,25,18,1,5,1,
31,18,377,84,106,27,1,5,1,
31,20,896,265,47,22,1,5,1,
31,22,924,28,35,48,1,5,1,
31,23,831,170,58,27,1,5,1,
31,24,370,174,87,26,1,5,1,
32,1,824,103,37,24,1,5,1,
32,2,334,268,60,20,1,5,1,
32,3,642,445,45,23,1,5,1,
32,4,704,120,13,20,1,5,1,
32,6,417,499,146,41,1,5,1,
32,7,310,75,157,41,1,5,1,
32,10,780,82,11,17,1,5,1,
32,11,593,215,262,62,1,5,1,
32,12,685,236,43,14,1,5,1,
32,13,27,437,40,44,1,5,1,
32,14,770,362,50,18,1,5,1,
32,15,480,80,84,29,1,5,1,
32,16,506,362,94,22,1,5,1,
32,17,641,170,26,18,1,5,1,
32,18,385,84,106,27,1,5,1,
32,20,902,265,45,21,1,5,1,
32,22,922,31,36,48,1,5,1,
32,23,837,171,56,27,1,5,1,
32,24,375,173,90,26,1,5,1,
33,1,828,104,36,25,1,5,1,
33,2,338,268,61,21,1,5,1,
33,3,639,444,45,22,1,5,1,
33,4,704,121,13,21,1,5,1,
33,6,427,501,149,41,1,5,1,
33,7,326,74,159,41,1,5,1,
33,10,779,84,11,17,1,5,1,
33,11,618,215,259,62,1,5,1,
33,12,691,237,41,13,1,5,1,
33,13,28,440,41,44,1,5,1,
33,14,776,362,49,17,1,5,1,
33,15,487,81,82,29,1,5,1,
33,16,516,362,96,23,1,5,1,
33,17,639,171,26,18,1,5,1,
33,18,393,84,107,27,1,5,1,
33,20,906,265,44,21,1,5,1,
33,22,920,35,36,46,1,5,1,
33,23,842,172,55,26,1,5,1,
33,24,380,172,92,26,1,5,1,
34,1,832,106,35,24,1,5,1,
34,2,342,268,63,21,1,5,1,
34,3,636,442,45,22,1,5,1,
34,4,704,122,13,21,1,5,1,
34,6,437,503,152,40,1,5,1,
34,7,341,73,161,41,1,5,1,
34,10,778,86,11,16,1,5,1,
34,11,644,215,255,62,1,5,1,
34,12,696,237,40,13,1,5,1,
34,13,29,442,42,45,1,5,1,
34,14,782,361,48,18,1,5,1,
34,15,494,82,80,29,1,5,1,
34,16,526,363,97,23,1,5,1,
34,17,637,172,26,18,1,5,1,
34,18,402,84,107,28,1,5,1,
34,20,911,265,43,21,1,5,1,
34,22,918,38,36,45,1,5,1,
34,23,848,172,53,27,1,5,1,
34,24,386,171,94,27,1,5,1,
35,1,836,107,34,24,1,5,1,
35,2,346,268,65,21,1,5,1,
35,3,632,441,46,21,1,5,1,
35,4,704,124,13,20,1,5,1,
35,6,448,505,154,38,1,5,1,
35,7,358,72,162,41,1,5,1,
35,10,777,88,11,16,1,5,1,
35,11,670,215,251,62,1,5,1,
35,12,702,237,37,14,1,5,1,
35,13,30,445,44,45,1,5,1,
35,14,788,360,46,18,1,5,1,
35,15,501,83,79,29,1,5,1,
35,16,537,364,99,22,1,5,1,
35,17,635,173,26,17,1,5,1,
35,18,410,85,107,27,1,5,1,
35,20,916,265,41,21,1,5,1,
35,22,915,41,37,45,1,5,1,
35,23,853,173,52,27,1,5,1,
35,24,391,171,97,26,1,5,1,
36,1,840,108,32,24,1,5,1,
36,2,351,268,66,21,1,5,1,
36,3,629,440,46,21,1,5,1,
36,4,704,125,13,20,1,5,1,
36,6,459,506,156,37,1,5,1,
36,7,374,71,164,42,1,5,1,
36,10,775,89,11,16,1,5,1,
36,11,696,216,246,61,1,5,1,
36,12,707,237,36,14,1,5,1,
36,13,31,447,46,47,1,5,1,
36,14,794,360,44,17,1,5,1,
36,15,508,84,77,29,1,5,1,
36,16,548,364,100,23,1,5,1,
36,17,632,174,26,17,1,5,1,
36,18,419,85,107,27,1,5,1,
36,20,920,265,39,21,1,5,1,
36,22,913,44,36,44,1,5,1,
36,23,859,174,49,26,1,5,1,
36,24,397,170,99,26,1,5,1,
37,1,844,110,31,23,1,5,1,
37,2,355,268,69,21,1,5,1,
37,3,625,438,47,21,1,5,1,
37,4,704,126,13,20,1,5,1,
37,6,470,508,159,35,1,5,1,
37,7,390,70,167,42,1,5,1,
37,10,774,91,11,16,1,5,1,
37,11,721,216,238,61,1,5,1,
37,12,711,238,35,13,1,5,1,
37,13,32,450,47,47,1,5,1,
37,14,799,359,44,18,1,5,1,
37,15,515,85,75,30,1,5,1,
37,16,559,365,101,23,1,5,1,
37,17,630,175,26,17,1,5,1,
37,18,428,85,107,27,1,5,1,
37,20,925,265,34,21,1,5,1,
37,22,911,47,36,43,1,5,1,
37,23,864,175,48,26,1,5,1,
37,24,403,169,102,27,1,5,1,
38,1,847,111,31,24,1,5,1,
38,2,360,268,70,21,1,5,1,
38,3,622,437,47,20,1,5,1,
38,4,704,127,12,20,1,5,1,
38,6,481,510,162,33,1,5,1,
38,7,406,69,169,42,1,5,1,
38,10,773,92,11,16,1,5,1,
38,11,745,216,215,61,1,5,1,
38,12,716,238,33,13,1,5,1,
38,13,33,452,50,49,1,5,1,
38,14,804,359,43,17,1,5,1,
38,15,521,86,73,30,1,5,1,
38,16,570,366,103,23,1,5,1,
38,17,628,176,26,16,1,5,1,
38,18,437,84,107,27,1,5,1,
38,20,929,265,31,21,1,5,1,
38,22,909,50,36,42,1,5,1,
38,23,869,176,46,26,1,5,1,
38,24,409,168,104,27,1,5,1,
39,1,851,113,29,23,1,5,1,
39,2,365,268,72,22,1,5,1,
39,3,618,436,48,19,1,5,1,
39,4,703,128,13,20,1,5,1,
39,6,493,512,164,31,1,5,1,
39,7,423,67,171,43,1,5,1,
39,10,772,94,11,15,1,5,1,
39,11,770,217,190,60,1,5,1,
39,12,721,238,31,13,1,5,1,
39,13,35,455,51,49,1,5,1,
39,14,810,358,41,17,1,5,1,
39,15,527,88,73,29,1,5,1,
39,16,582,366,104,24,1,5,1,
39,17,626,177,26,16,1,5,1,
39,18,446,82,108,28,1,5,1,
39,20,933,265,27,21,1,5,1,
39,22,906,53,36,42,1,5,1,
39,23,874,177,45,25,1,5,1,
39,24,416,168,105,27,1,5,1,
40,1,854,114,28,23,1,5,1,
40,2,370,268,73,22,1,5,1,
40,3,615,434,48,19,1,5,1,
40,4,703,130,13,19,1,5,1,
40,6,505,514,162,30,1,5,1,
40,7,442,66,171,43,1,5,1,
40,10,770,96,12,15,1,5,1,
40,11,797,217,163,60,1,5,1,
40,12,725,238,30,13,1,5,1,
40,13,37,458,53,50,1,5,1,
40,14,815,357,40,17,1,5,1,
40,15,534,89,71,29,1,5,1,
40,16,595,367,103,23,1,5,1,
40,17,623,178,27,16,1,5,1,
40,18,455,81,108,27,1,5,1,
40,20,937,265,23,20,1,5,1,
40,22,904,56,36,41,1,5,1,
40,23,879,178,43,25,1,5,1,
40,24,423,167,107,27,1,5,1,
41,1,857,115,27,23,1,5,1,
41,2,375,268,74,22,1,5,1,
41,3,611,433,48,19,1,5,1,
41,4,703,131,12,19,1,5,1,
41,5,946,400,14,15,1,5,1,
41,6,517,515,164,29,1,5,1,
41,7,458,65,174,43,1,5,1,
41,10,769,97,11,15,1,5,1,
41,11,820,218,140,59,1,5,1,
41,12,730,238,27,13,1,5,1,
41,13,39,461,54,50,1,5,1,
41,14,820,357,38,17,1,5,1,
41,15,540,90,70,29,1,5,1,
41,16,608,367,101,23,1,5,1,
41,17,621,178,27,16,1,5,1,
41,18,464,78,109,28,1,5,1,
41,20,941,265,19,20,1,5,1,
41,22,901,58,36,41,1,5,1,
41,23,883,178,42,25,1,5,1,
41,24,430,166,108,28,1,5,1,
42,1,861,117,26,22,1,5,1,
42,2,381,268,75,23,1,5,1,
42,3,607,432,49,18,1,5,1,
42,4,702,132,13,19,1,5,1,
42,5,945,399,14,15,1,5,1,
42,6,530,516,166,28,1,5,1,
42,7,476,64,176,44,1,5,1,
42,10,768,99,11,15,1,5,1,
42,11,844,218,116,59,1,5,1,
42,12,734,239,26,13,1,5,1,
42,13,41,464,56,51,1,5,1,
42,14,825,356,37,17,1,5,1,
42,15,546,92,69,28,1,5,1,
42,16,622,367,97,23,1,5,1,
42,17,619,179,26,16,1,5,1,
42,18,473,76,109,27,1,5,1,
42,20,944,265,16,20,1,5,1,
42,22,899,61,36,40,1,5,1,
42,23,888,179,40,25,1,5,1,
42,24,437,165,110,28,1,5,1,
43,1,864,118,25,23,1,5,1,
43,2,386,269,76,22,1,5,1,
43,3,603,431,49,18,1,5,1,
43,4,702,133,12,19,1,5,1,
43,5,944,397,15,16,1,5,1,
43,6,544,517,167,27,1,5,1,
43,7,494,63,177,44,1,5,1,
43,10,767,100,11,15,1,5,1,
43,11,867,220,93,48,1,5,1,
43,12,737,239,25,13,1,5,1,
43,13,43,467,59,52,1,5,1,
43,14,830,355,35,17,1,5,1,
43,15,552,93,68,28,1,5,1,
43,16,637,366,90,23,1,5,1,
43,17,616,180,27,16,1,5,1,
43,18,482,73,110,28,1,5,1,
43,20,948,266,12,15,1,5,1,
43,22,896,64,36,39,1,5,1,
43,23,892,180,39,25,1,5,1,
43,24,444,165,112,28,1,5,1,
44,1,867,120,24,22,1,5,1,
44,2,392,269,77,22,1,5,1,
44,3,599,430,50,17,1,5,1,
44,4,701,134,12,19,1,5,1,
44,5,943,394,16,20,1,5,1,
44,6,558,517,167,27,1,5,1,
44,7,512,62,178,44,1,5,1,
44,10,765,102,11,14,1,5,1,
44,11,890,226,70,31,1,5,1,
44,12,741,239,23,13,1,5,1,
44,13,46,470,61,53,1,5,1,
44,14,834,355,35,16,1,5,1,
44,15,558,94,67,27,1,5,1,
44,16,652,366,81,22,1,5,1,
44,17,614,181,27,15,1,5,1,
44,18,491,71,111,28,1,5,1,
44,22,893,66,37,39,1,5,1,
44,23,896,181,38,24,1,5,1,
44,24,451,164,114,28,1,5,1,
45,1,869,121,24,22,1,5,1,
45,2,397,269,79,23,1,5,1,
45,3,595,429,50,17,1,5,1,
45,4,701,135,12,19,1,5,1,
45,5,942,393,17,20,1,5,1,
45,6,573,517,165,26,1,5,1,
45,7,530,61,179,45,1,5,1,
45,10,764,103,11,14,1,5,1,
45,12,744,239,22,13,1,5,1,
45,13,49,473,63,54,1,5,1,
45,14,838,354,34,17,1,5,1,
45,15,563,95,67,27,1,5,1,
45,16,664,365,76,22,1,5,1,
45,17,612,182,27,15,1,5,1,
45,18,499,69,112,29,1,5,1,
45,22,891,69,36,38,1,5,1,
45,23,900,182,37,24,1,5,1,
45,24,458,163,116,29,1,5,1,
46,1,872,122,23,22,1,5,1,
46,2,402,269,81,23,1,5,1,
46,3,591,428,51,16,1,5,1,
46,4,700,136,12,19,1,5,1,
46,5,941,391,19,20,1,5,1,
46,6,587,517,164,26,1,5,1,
46,7,548,60,180,45,1,5,1,
46,10,762,105,12,14,1,5,1,
46,12,747,240,21,12,1,5,1,
46,13,52,476,67,55,1,5,1,
46,14,842,354,33,16,1,5,1,
46,15,569,96,66,27,1,5,1,
46,16,675,365,73,21,1,5,1,
46,17,609,182,28,15,1,5,1,
46,18,507,68,114,29,1,5,1,
46,22,888,71,37,37,1,5,1,
46,23,904,182,36,24,1,5,1,
46,24,465,163,118,28,1,5,1,
47,1,874,124,23,21,1,5,1,
47,2,407,269,84,23,1,5,1,
47,3,587,427,51,16,1,5,1,
47,4,699,138,12,18,1,5,1,
47,5,940,390,19,20,1,5,1,
47,6,600,517,164,26,1,5,1,
47,7,565,60,182,45,1,5,1,
47,10,761,106,12,14,1,5,1,
47,12,750,240,20,12,1,5,1,
47,13,55,479,70,56,1,5,1,
47,14,847,353,30,16,1,5,1,
47,15,575,97,64,27,1,5,1,
47,16,684,364,72,22,1,5,1,
47,17,607,183,28,15,1,5,1,
47,18,515,67,116,29,1,5,1,
47,22,885,74,37,36,1,5,1,
47,23,907,183,35,24,1,5,1,
47,24,473,162,119,29,1,5,1,
48,1,876,125,23,21,1,5,1,
48,2,413,269,88,23,1,5,1,
48,3,582,426,52,15,1,5,1,
48,4,699,139,12,18,1,5,1,
48,5,938,388,21,20,1,5,1,
48,6,613,517,165,26,1,5,1,
48,7,584,59,182,46,1,5,1,
48,10,760,107,11,14,1,5,1,
48,12,753,240,19,12,1,5,1,
48,13,58,482,74,57,1,5,1,
48,14,851,352,29,16,1,5,1,
48,15,581,98,62,27,1,5,1,
48,16,694,363,70,21,1,5,1,
48,17,604,184,28,15,1,5,1,
48,18,524,66,118,29,1,5,1,
48,22,882,76,37,36,1,5,1,
48,23,911,184,34,23,1,5,1,
48,24,481,162,121,28,1,5,1,
49,1,879,126,21,21,1,5,1,
49,2,418,269,91,23,1,5,1,
49,3,578,426,52,14,1,5,1,
49,4,698,140,12,17,1,5,1,
49,5,936,387,23,19,1,5,1,
49,6,625,517,166,26,1,5,1,
49,7,603,59,181,46,1,5,1,
49,10,758,109,12,13,1,5,1,
49,12,756,240,17,13,1,5,1,
49,13,62,485,77,58,1,5,1,
49,14,855,352,28,15,1,5,1,
49,15,586,99,61,27,1,5,1,
49,16,703,362,68,21,1,5,1,
49,17,602,185,28,14,1,5,1,
49,18,532,65,120,29,1,5,1,
49,22,879,78,38,36,1,5,1,
49,23,915,185,33,23,1,5,1,
49,24,489,161,122,29,1,5,1,
50,1,881,128,21,20,1,5,1,
50,2,425,269,93,24,1,5,1,
50,3,573,425,53,14,1,5,1,
50,4,697,141,13,17,1,5,1,
50,5,934,385,25,20,1,5,1,
50,6,639,517,165,26,1,5,1,
50,7,623,59,179,46,1,5,1,
50,10,757,110,11,14,1,5,1,
50,12,759,241,15,12,1,5,1,
50,13,66,489,81,54,1,5,1,
50,14,859,351,26,16,1,5,1,
50,15,592,100,58,27,1,5,1,
50,16,713,361,65,21,1,5,1,
50,17,599,185,29,15,1,5,1,
50,18,542,64,120,29,1,5,1,
50,22,876,81,38,35,1,5,1,
50,23,918,186,32,23,1,5,1,
50,24,497,161,123,29,1,5,1,
51,1,883,129,20,21,1,5,1,
51,2,432,268,94,25,1,5,1,
51,3,568,425,53,13,1,5,1,
51,4,696,142,13,17,1,5,1,
51,5,933,384,26,19,1,5,1,
51,6,652,517,165,26,1,5,1,
51,7,642,59,176,46,1,5,1,
51,10,755,111,12,14,1,5,1,
51,12,761,241,15,12,1,5,1,
51,13,71,492,83,51,1,5,1,
51,14,862,350,25,16,1,5,1,
51,15,597,101,57,27,1,5,1,
51,16,722,361,63,20,1,5,1,
51,17,597,186,28,14,1,5,1,
51,18,551,63,121,29,1,5,1,
51,22,873,83,38,34,1,5,1,
51,23,921,186,31,23,1,5,1,
51,24,506,161,124,28,1,5,1,
52,1,885,130,20,21,1,5,1,
52,2,439,268,96,25,1,5,1,
52,3,564,424,53,13,1,5,1,
52,4,696,143,13,17,1,5,1,
52,5,931,383,28,18,1,5,1,
52,6,667,517,163,26,1,5,1,
52,7,663,59,168,48,1,5,1,
52,10,754,113,11,13,1,5,1,
52,12,764,241,13,12,1,5,1,
52,13,75,496,84,47,1,5,1,
52,14,866,350,24,15,1,5,1,
52,15,602,102,55,28,1,5,1,
52,16,731,360,60,20,1,5,1,
52,18,561,63,121,29,1,5,1,
52,22,870,85,38,34,1,5,1,
52,23,923,187,32,23,1,5,1,
52,24,515,160,124,29,1,5,1,
53,1,886,131,20,21,1,5,1,
53,2,445,268,99,25,1,5,1,
53,3,559,424,53,13,1,5,1,
53,4,695,144,13,17,1,5,1,
53,5,929,381,30,19,1,5,1,
53,6,679,516,163,27,1,5,1,
53,7,680,60,168,47,1,5,1,
53,10,752,114,12,13,1,5,1,
53,12,765,241,13,12,1,5,1,
53,13,80,499,86,45,1,5,1,
53,14,868,349,24,15,1,5,1,
53,15,605,104,60,26,1,5,1,
53,16,738,359,59,20,1,5,1,
53,18,570,62,122,29,1,5,1,
53,22,866,87,39,34,1,5,1,
53,23,926,188,31,22,1,5,1,
53,24,523,160,125,29,1,5,1,
54,1,888,133,19,20,1,5,1,
54,2,453,268,101,25,1,5,1,
54,3,554,424,53,13,1,5,1,
54,4,694,145,13,17,1,5,1,
54,5,927,380,32,19,1,5,1,
54,6,693,516,161,27,1,5,1,
54,7,699,61,164,47,1,5,1,
54,10,751,115,12,13,1,5,1,
54,12,767,242,12,11,1,5,1,
54,13,85,502,87,42,1,5,1,
54,14,872,348,22,15,1,5,1,
54,15,608,107,65,23,1,5,1,
54,16,747,358,56,20,1,5,1,
54,18,579,61,124,30,1,5,1,
54,22,863,90,39,32,1,5,1,
54,23,928,189,31,22,1,5,1,
54,24,532,160,126,29,1,5,1,
55,1,889,134,19,20,1,5,1,
55,2,460,268,103,25,1,5,1,
55,3,550,424,52,13,1,5,1,
55,4,693,146,13,17,1,5,1,
55,5,925,379,33,18,1,5,1,
55,6,707,516,159,27,1,5,1,
55,7,717,62,162,47,1,5,1,
55,10,749,117,12,12,1,5,1,
55,12,768,242,12,11,1,5,1,
55,13,90,506,87,38,1,5,1,
55,14,874,348,22,15,1,5,1,
55,15,611,109,70,21,1,5,1,
55,16,754,358,55,19,1,5,1,
55,18,589,60,124,30,1,5,1,
55,22,860,92,39,32,1,5,1,
55,23,930,189,29,22,1,5,1,
55,24,540,159,127,29,1,5,1,
56,1,890,135,19,20,1,5,1,
56,2,468,268,105,26,1,5,1,
56,3,546,424,50,13,1,5,1,
56,4,692,147,14,16,1,5,1,
56,5,923,377,33,19,1,5,1,
56,6,721,515,156,28,1,5,1,
56,7,735,63,160,46,1,5,1,
56,10,748,118,12,12,1,5,1,
56,12,768,242,13,12,1,5,1,
56,13,96,510,90,34,1,5,1,
56,14,877,347,21,15,1,5,1,
56,15,615,109,75,20,1,5,1,
56,16,762,357,53,19,1,5,1,
56,18,599,60,125,29,1,5,1,
56,22,857,94,39,32,1,5,1,
56,23,932,190,27,22,1,5,1,
56,24,550,159,127,29,1,5,1,
57,1,891,136,19,20,1,5,1,
57,2,476,268,107,26,1,5,1,
57,3,543,425,47,13,1,5,1,
57,4,691,148,14,16,1,5,1,
57,5,921,376,33,18,1,5,1,
57,6,735,515,154,28,1,5,1,
57,7,754,64,156,46,1,5,1,
57,10,746,119,12,13,1,5,1,
57,12,769,242,12,12,1,5,1,
57,13,102,514,94,30,1,5,1,
57,14,880,346,20,15,1,5,1,
57,15,620,109,78,20,1,5,1,
57,16,770,356,50,19,1,5,1,
57,18,609,59,126,30,1,5,1,
57,22,854,96,39,31,1,5,1,
57,23,934,191,26,21,1,5,1,
57,24,559,159,128,29,1,5,1,
58,1,892,137,19,20,1,5,1,
58,2,484,268,109,26,1,5,1,
58,3,539,425,45,14,1,5,1,
58,4,690,149,14,16,1,5,1,
58,5,919,375,33,18,1,5,1,
58,6,749,514,151,29,1,5,1,
58,7,771,65,154,46,1,5,1,
58,10,745,120,12,13,1,5,1,
58,12,770,243,12,11,1,5,1,
58,13,109,518,98,26,1,5,1,
58,14,883,346,19,14,1,5,1,
58,15,625,108,82,20,1,5,1,
58,16,777,355,48,19,1,5,1,
58,18,619,58,126,30,1,5,1,
58,22,851,98,39,31,1,5,1,
58,23,936,192,23,21,1,5,1,
58,24,568,158,128,30,1,5,1,
59,1,893,139,19,19,1,5,1,
59,2,492,268,111,26,1,5,1,
59,3,537,426,42,13,1,5,1,
59,4,688,150,16,16,1,5,1,
59,5,917,374,33,17,1,5,1,
59,6,761,514,151,29,1,5,1,
59,7,787,66,153,46,1,5,1,
59,12,770,243,12,11,1,5,1,
59,13,115,522,103,22,1,5,1,
59,14,885,345,18,15,1,5,1,
59,15,631,107,85,19,1,5,1,
59,16,784,354,47,19,1,5,1,
59,18,628,57,128,30,1,5,1,
59,22,848,100,39,30,1,5,1,
59,23,937,192,23,21,1,5,1,
59,24,577,158,129,29,1,5,1,
60,1,894,140,19,19,1,5,1,
60,2,500,268,113,26,1,5,1,
60,3,534,427,39,13,1,5,1,
60,5,914,373,34,17,1,5,1,
60,6,773,513,150,30,1,5,1,
60,7,803,67,155,45,1,5,1,
60,12,771,243,12,11,1,5,1,
60,14,886,344,19,15,1,5,1,
60,15,637,106,88,19,1,5,1,
60,16,790,354,45,18,1,5,1,
60,18,638,56,129,31,1,5,1,
60,22,845,102,40,29,1,5,1,
60,23,942,193,18,20,1,5,1,
60,24,585,158,131,29,1,5,1,
61,1,895,141,19,19,1,5,1,
61,2,508,268,116,27,1,5,1,
61,3,533,428,36,13,1,5,1,
61,5,911,372,35,17,1,5,1,
61,6,784,512,150,31,1,5,1,
61,7,816,68,144,45,1,5,1,
61,12,771,243,12,11,1,5,1,
61,14,888,344,19,14,1,5,1,
61,15,643,104,90,20,1,5,1,
61,16,795,353,45,19,1,5,1,
61,18,646,56,133,30,1,5,1,
61,22,842,103,40,30,1,5,1,
61,23,943,194,17,19,1,5,1,
61,24,593,157,133,30,1,5,1,
62,1,896,142,18,19,1,5,1,
62,2,516,268,119,27,1,5,1,
62,3,532,428,32,15,1,5,1,
62,5,908,370,36,18,1,5,1,
62,6,796,511,148,32,1,5,1,
62,7,831,69,129,44,1,5,1,
62,12,771,243,12,11,1,5,1,
62,14,890,343,18,15,1,5,1,
62,15,649,103,92,20,1,5,1,
62,16,801,352,43,19,1,5,1,
62,18,655,55,135,30,1,5,1,
62,22,839,105,40,29,1,5,1,
62,23,946,195,14,19,1,5,1,
62,24,602,157,134,30,1,5,1,
63,1,896,143,19,19,1,5,1,
63,2,524,268,122,27,1,5,1,
63,3,531,429,28,16,1,5,1,
63,5,907,369,33,17,1,5,1,
63,6,809,511,145,32,1,5,1,
63,7,847,70,113,44,1,5,1,
63,12,771,244,12,10,1,5,1,
63,14,891,343,19,14,1,5,1,
63,15,656,102,92,20,1,5,1,
63,16,807,351,41,19,1,5,1,
63,18,665,54,136,31,1,5,1,
63,22,836,107,40,29,1,5,1,
63,24,611,157,135,30,1,5,1,
64,1,897,144,18,19,1,5,1,
64,2,533,268,124,27,1,5,1,
64,3,530,429,24,18,1,5,1,
64,5,906,368,29,17,1,5,1,
64,6,821,510,138,33,1,5,1,
64,7,863,71,97,44,1,5,1,
64,12,771,244,12,11,1,5,1,
64,14,893,342,18,14,1,5,1,
64,15,662,101,94,20,1,5,1,
64,16,812,351,40,18,1,5,1,
64,18,675,53,137,31,1,5,1,
64,22,832,109,41,28,1,5,1,
64,24,620,156,136,30,1,5,1,
65,1,897,145,19,18,1,5,1,
65,2,541,268,128,27,1,5,1,
65,3,530,430,20,19,1,5,1,
65,5,905,367,25,17,1,5,1,
65,6,833,509,127,34,1,5,1,
65,7,878,72,82,37,1,5,1,
65,12,771,244,12,11,1,5,1,
65,14,894,341,19,14,1,5,1,
65,15,668,101,96,20,1,5,1,
65,16,817,350,39,18,1,5,1,
65,18,685,52,138,31,1,5,1,
65,22,829,111,41,27,1,5,1,
65,24,628,156,137,30,1,5,1,
66,1,898,147,18,17,1,5,1,
66,2,551,268,129,27,1,5,1,
66,3,530,431,16,20,1,5,1,
66,5,905,366,21,16,1,5,1,
66,6,846,508,114,35,1,5,1,
66,7,894,74,66,30,1,5,1,
66,12,770,244,12,11,1,5,1,
66,14,896,341,18,14,1,5,1,
66,15,675,100,96,20,1,5,1,
66,16,823,349,37,18,1,5,1,
66,18,696,52,138,31,1,5,1,
66,22,826,112,41,28,1,5,1,
66,24,638,156,137,30,1,5,1,
67,1,898,148,18,17,1,5,1,
67,2,562,268,130,28,1,5,1,
67,3,530,432,12,21,1,5,1,
67,5,905,366,20,15,1,5,1,
67,6,860,507,100,36,1,5,1,
67,12,770,245,12,10,1,5,1,
67,14,898,342,17,13,1,5,1,
67,15,684,99,95,20,1,5,1,
67,16,829,348,34,18,1,5,1,
67,18,708,51,137,31,1,5,1,
67,22,823,114,40,27,1,5,1,
67,24,650,156,135,30,1,5,1,
68,1,899,149,18,17,1,5,1,
68,2,571,268,133,28,1,5,1,
68,3,529,433,14,22,1,5,1,
68,5,904,365,20,15,1,5,1,
68,6,871,505,89,37,1,5,1,
68,12,768,244,14,11,1,5,1,
68,14,898,342,18,13,1,5,1,
68,15,690,98,97,21,1,5,1,
68,16,833,348,33,17,1,5,1,
68,18,717,50,140,31,1,5,1,
68,22,820,116,41,26,1,5,1,
68,24,658,155,137,31,1,5,1,
69,1,899,150,18,17,1,5,1,
69,2,579,268,138,28,1,5,1,
69,3,529,435,16,21,1,5,1,
69,5,904,364,19,15,1,5,1,
69,6,881,504,79,37,1,5,1,
69,12,766,244,17,11,1,5,1,
69,14,898,341,19,13,1,5,1,
69,15,696,98,98,20,1,5,1,
69,16,837,347,32,17,1,5,1,
69,18,727,49,141,32,1,5,1,
69,22,817,117,41,26,1,5,1,
69,24,666,155,138,30,1,5,1,
70,1,899,151,18,17,1,5,1,
70,2,590,268,139,28,1,5,1,
70,3,529,436,20,22,1,5,1,
70,5,903,363,20,15,1,5,1,
70,6,893,503,67,37,1,5,1,
70,12,765,244,17,11,1,5,1,
70,14,897,341,20,12,1,5,1,
70,15,703,97,99,20,1,5,1,
70,16,842,346,30,17,1,5,1,
70,18,737,49,142,31,1,5,1,
70,22,814,119,41,26,1,5,1,
70,24,676,155,138,30,1,5,1,
71,1,899,152,17,17,1,5,1,
71,2,600,268,142,29,1,5,1,
71,3,528,438,26,22,1,5,1,
71,5,902,362,21,15,1,5,1,
71,6,903,515,57,23,1,5,1,
71,12,764,245,17,10,1,5,1,
71,14,896,340,20,12,1,5,1,
71,15,710,96,100,21,1,5,1,
71,16,846,345,29,17,1,5,1,
71,18,748,48,142,32,1,5,1,
71,22,811,120,41,26,1,5,1,
71,24,685,155,139,30,1,5,1,
72,1,899,153,17,17,1,5,1,
72,2,610,268,144,29,1,5,1,
72,3,527,440,32,21,1,5,1,
72,5,900,361,22,15,1,5,1,
72,6,914,513,46,24,1,5,1,
72,12,763,245,17,10,1,5,1,
72,14,896,339,20,12,1,5,1,
72,15,717,95,101,21,1,5,1,
72,16,850,345,28,16,1,5,1,
72,18,758,47,144,32,1,5,1,
72,22,811,122,37,25,1,5,1,
72,24,695,155,138,30,1,5,1,
73,1,899,154,17,17,1,5,1,
73,2,621,268,146,29,1,5,1,
73,3,526,441,39,22,1,5,1,
73,5,899,361,23,14,1,5,1,
73,12,760,245,20,10,1,5,1,
73,14,895,338,20,13,1,5,1,
73,15,724,95,101,21,1,5,1,
73,16,854,344,26,16,1,5,1,
73,18,769,47,144,32,1,5,1,
73,22,811,124,32,24,1,5,1,
73,24,705,155,138,30,1,5,1,
74,1,899,155,17,17,1,5,1,
74,2,632,268,148,29,1,5,1,
74,3,526,443,43,21,1,5,1,
74,5,898,360,23,14,1,5,1,
74,12,756,245,23,10,1,5,1,
74,14,894,338,21,12,1,5,1,
74,15,731,94,102,21,1,5,1,
74,16,857,343,25,16,1,5,1,
74,18,780,46,144,32,1,5,1,
74,22,811,126,26,23,1,5,1,
74,24,714,155,138,30,1,5,1,
75,1,900,156,17,16,1,5,1,
75,2,642,268,150,29,1,5,1,
75,3,527,445,47,20,1,5,1,
75,5,897,359,23,14,1,5,1,
75,12,753,245,26,10,1,5,1,
75,14,893,337,21,12,1,5,1,
75,15,738,94,103,21,1,5,1,
75,16,860,342,25,16,1,5,1,
75,18,790,46,145,32,1,5,1,
75,22,808,127,26,23,1,5,1,
75,24,723,155,139,30,1,5,1,
76,1,902,157,17,15,1,5,1,
76,2,654,268,151,30,1,5,1,
76,3,528,446,50,21,1,5,1,
76,5,896,358,23,14,1,5,1,
76,12,749,246,29,10,1,5,1,
76,14,891,336,22,12,1,5,1,
76,15,746,93,102,21,1,5,1,
76,16,864,342,23,15,1,5,1,
76,18,801,45,145,32,1,5,1,
76,22,803,128,30,23,1,5,1,
76,24,733,155,138,30,1,5,1,
77,1,904,158,17,15,1,5,1,
77,2,665,268,153,30,1,5,1,
77,3,530,448,53,20,1,5,1,
77,5,894,357,24,14,1,5,1,
77,12,745,246,32,11,1,5,1,
77,14,890,336,23,12,1,5,1,
77,15,753,93,103,21,1,5,1,
77,16,867,341,21,15,1,5,1,
77,18,812,45,145,32,1,5,1,
77,22,800,129,33,23,1,5,1,
77,24,743,154,137,31,1,5,1,
78,1,905,159,17,14,1,5,1,
78,2,677,268,154,30,1,5,1,
78,3,533,449,54,20,1,5,1,
78,5,893,356,23,14,1,5,1,
78,12,740,247,35,11,1,5,1,
78,14,889,335,22,12,1,5,1,
78,15,761,92,103,22,1,5,1,
78,16,870,340,20,15,1,5,1,
78,18,824,44,136,32,1,5,1,
78,22,798,130,34,23,1,5,1,
78,24,753,154,137,31,1,5,1,
79,1,906,160,17,14,1,5,1,
79,2,689,268,154,30,1,5,1,
79,3,536,451,56,19,1,5,1,
79,5,892,356,23,13,1,5,1,
79,12,735,247,39,11,1,5,1,
79,14,888,335,23,11,1,5,1,
79,15,768,92,103,21,1,5,1,
79,16,872,340,19,14,1,5,1,
79,18,835,44,125,33,1,5,1,
79,22,795,131,35,23,1,5,1,
79,24,762,154,136,31,1,5,1,
80,1,907,160,17,15,1,5,1,
80,2,702,267,155,31,1,5,1,
80,3,539,452,58,20,1,5,1,
80,5,890,355,24,13,1,5,1,
80,12,731,248,41,11,1,5,1,
80,14,887,334,22,11,1,5,1,
80,15,776,91,102,22,1,5,1,
80,16,873,339,19,14,1,5,1,
80,18,849,45,111,34,1,5,1,
80,22,792,133,35,22,1,5,1,
80,24,773,154,134,31,1,5,1,
81,1,908,161,17,15,1,5,1,
81,2,713,267,157,30,1,5,1,
81,3,542,454,60,19,1,5,1,
81,5,889,354,23,14,1,5,1,
81,12,726,249,43,10,1,5,1,
81,14,885,333,23,12,1,5,1,
81,15,784,91,101,22,1,5,1,
81,16,875,338,19,15,1,5,1,
81,18,861,46,99,35,1,5,1,
81,22,790,134,35,22,1,5,1,
81,24,782,154,134,31,1,5,1,
82,1,909,162,16,14,1,5,1,
82,2,726,267,156,30,1,5,1,
82,3,545,455,62,19,1,5,1,
82,5,887,353,24,14,1,5,1,
82,12,721,250,45,10,1,5,1,
82,14,884,333,23,11,1,5,1,
82,15,792,91,100,22,1,5,1,
82,16,875,337,19,14,1,5,1,
82,18,872,47,88,34,1,5,1,
82,22,787,135,36,22,1,5,1,
82,24,792,155,132,30,1,5,1,
83,1,909,163,17,14,1,5,1,
83,2,739,267,156,30,1,5,1,
83,3,549,457,63,18,1,5,1,
83,5,886,353,24,13,1,5,1,
83,12,716,251,46,9,1,5,1,
83,14,882,332,24,11,1,5,1,
83,15,800,91,99,22,1,5,1,
83,16,875,336,19,14,1,5,1,
83,18,882,47,78,34,1,5,1,
83,22,784,137,36,21,1,5,1,
83,24,803,155,130,30,1,5,1,
84,1,909,163,17,15,1,5,1,
84,2,752,266,156,32,1,5,1,
84,3,553,458,64,18,1,5,1,
84,5,884,352,24,13,1,5,1,
84,12,711,252,47,8,1,5,1,
84,14,880,332,25,11,1,5,1,
84,15,808,91,99,22,1,5,1,
84,16,876,335,18,14,1,5,1,
84,17,532,191,11,10,1,5,1,
84,18,891,48,69,28,1,5,1,
84,22,782,138,35,21,1,5,1,
84,24,813,155,128,30,1,5,1,
85,1,910,164,16,14,1,5,1,
85,2,764,266,157,32,1,5,1,
85,3,556,460,66,18,1,5,1,
85,5,883,351,24,13,1,5,1,
85,12,706,252,48,9,1,5,1,
85,14,878,331,25,11,1,5,1,
85,15,815,91,99,22,1,5,1,
85,16,876,335,19,14,1,5,1,
85,17,533,190,11,10,1,5,1,
85,18,900,48,60,29,1,5,1,
85,22,779,139,36,21,1,5,1,
85,24,822,155,127,30,1,5,1,
86,1,910,165,16,14,1,5,1,
86,2,778,266,155,32,1,5,1,
86,3,561,461,67,18,1,5,1,
86,5,881,350,24,13,1,5,1,
86,12,701,252,48,9,1,5,1,
86,14,877,330,25,11,1,5,1,
86,15,823,90,98,22,1,5,1,
86,16,876,334,19,14,1,5,1,
86,17,533,190,13,10,1,5,1,
86,18,911,50,49,21,1,5,1,
86,22,776,140,36,21,1,5,1,
86,24,832,155,126,30,1,5,1,
87,1,910,166,16,14,1,5,1,
87,2,791,266,155,32,1,5,1,
87,3,565,462,68,18,1,5,1,
87,5,879,350,25,12,1,5,1,
87,12,697,252,47,9,1,5,1,
87,14,875,330,25,11,1,5,1,
87,15,831,90,97,22,1,5,1,
87,16,876,333,19,14,1,5,1,
87,17,532,189,16,10,1,5,1,
87,18,921,52,39,14,1,5,1,
87,22,773,141,36,21,1,5,1,
87,24,842,155,117,30,1,5,1,
88,1,909,166,16,15,1,5,1,
88,2,805,266,153,32,1,5,1,
88,3,570,463,69,18,1,5,1,
88,5,878,349,24,13,1,5,1,
88,12,692,252,47,9,1,5,1,
88,14,873,329,26,11,1,5,1,
88,15,839,90,96,22,1,5,1,
88,16,875,333,19,13,1,5,1,
88,17,532,188,18,10,1,5,1,
88,22,770,143,37,20,1,5,1,
88,24,852,155,108,30,1,5,1,
89,1,908,167,15,15,1,5,1,
89,2,816,266,144,32,1,5,1,
89,3,573,464,71,18,1,5,1,
89,5,876,348,25,13,1,5,1,
89,12,688,252,47,9,1,5,1,
89,14,870,329,27,10,1,5,1,
89,15,845,90,97,22,1,5,1,
89,16,875,332,19,13,1,5,1,
89,17,532,187,21,11,1,5,1,
89,22,765,144,41,19,1,5,1,
89,24,860,156,100,30,1,5,1,
90,1,907,168,15,15,1,5,1,
90,2,829,266,131,32,1,5,1,
90,3,578,465,72,18,1,5,1,
90,5,874,348,25,12,1,5,1,
90,12,683,253,47,9,1,5,1,
90,14,868,328,28,11,1,5,1,
90,15,852,90,96,22,1,5,1,
90,16,875,331,19,13,1,5,1,
90,17,533,186,22,11,1,5,1,
90,22,760,145,44,19,1,5,1,
90,24,869,156,91,30,1,5,1,
91,1,906,169,15,14,1,5,1,
91,2,842,266,118,32,1,5,1,
91,3,583,466,73,18,1,5,1,
91,5,872,347,26,12,1,5,1,
91,12,679,253,47,9,1,5,1,
91,14,866,328,28,10,1,5,1,
91,15,860,90,95,22,1,5,1,
91,16,874,330,19,13,1,5,1,
91,17,534,186,24,10,1,5,1,
91,22,756,146,47,18,1,5,1,
91,24,878,156,82,30,1,5,1,
92,1,905,170,16,14,1,5,1,
92,2,855,266,105,30,1,5,1,
92,3,587,467,74,18,1,5,1,
92,5,870,346,26,12,1,5,1,
92,12,674,253,47,10,1,5,1,
92,14,864,327,28,10,1,5,1,
92,15,867,90,92,22,1,5,1,
92,16,873,330,20,12,1,5,1,
92,17,534,185,27,11,1,5,1,
92,22,751,147,51,18,1,5,1,
92,24,887,157,73,29,1,5,1,
93,1,904,170,16,15,1,5,1,
93,2,867,267,93,27,1,5,1,
93,3,592,467,75,19,1,5,1,
93,5,868,346,26,12,1,5,1,
93,12,670,254,46,9,1,5,1,
93,14,861,327,29,10,1,5,1,
93,15,875,90,85,22,1,5,1,
93,16,873,329,19,13,1,5,1,
93,17,535,184,29,11,1,5,1,
93,22,747,148,53,17,1,5,1,
93,24,896,158,64,28,1,5,1,
94,1,903,171,16,14,1,5,1,
94,2,881,270,79,24,1,5,1,
94,3,598,468,74,19,1,5,1,
94,5,866,345,26,12,1,5,1,
94,12,665,254,45,9,1,5,1,
94,14,859,326,29,10,1,5,1,
94,15,882,90,78,22,1,5,1,
94,16,872,328,19,13,1,5,1,
94,17,537,184,30,10,1,5,1,
94,22,742,149,56,17,1,5,1,
94,24,905,159,55,27,1,5,1,
95,1,902,172,16,14,1,5,1,
95,2,894,271,66,23,1,5,1,
95,3,603,469,75,18,1,5,1,
95,5,864,344,26,12,1,5,1,
95,12,661,254,44,9,1,5,1,
95,14,857,326,29,9,1,5,1,
95,15,890,90,70,22,1,5,1,
95,16,871,328,20,12,1,5,1,
95,17,538,183,32,11,1,5,1,
95,22,738,150,57,16,1,5,1,
95,24,914,162,46,21,1,5,1,
96,1,901,173,16,14,1,5,1,
96,2,907,273,53,19,1,5,1,
96,3,608,469,76,19,1,5,1,
96,5,862,344,27,11,1,5,1,
96,12,658,254,41,9,1,5,1,
96,14,854,325,30,10,1,5,1,
96,15,897,90,63,23,1,5,1,
96,16,871,327,18,12,1,5,1,
96,17,540,182,34,11,1,5,1,
96,22,734,151,58,16,1,5,1,
96,24,923,162,37,15,1,5,1,
97,1,900,174,16,14,1,5,1,
97,3,613,470,77,19,1,5,1,
97,5,860,343,27,12,1,5,1,
97,12,655,254,39,9,1,5,1,
97,14,852,325,30,9,1,5,1,
97,15,904,90,56,23,1,5,1,
97,16,871,327,17,12,1,5,1,
97,17,542,181,35,12,1,5,1,
97,22,731,152,58,15,1,5,1,
98,1,899,175,16,13,1,5,1,
98,3,617,470,78,19,1,5,1,
98,5,858,343,27,11,1,5,1,
98,12,652,254,38,9,1,5,1,
98,14,850,324,30,10,1,5,1,
98,15,909,90,51,19,1,5,1,
98,16,870,326,18,12,1,5,1,
98,17,543,181,38,11,1,5,1,
99,1,898,175,17,14,1,5,1,
99,3,621,471,80,19,1,5,1,
99,5,856,342,28,11,1,5,1,
99,12,650,253,35,10,1,5,1,
99,14,850,323,29,10,1,5,1,
99,15,915,91,45,18,1,5,1,
99,16,870,325,17,12,1,5,1,
99,17,545,180,39,11,1,5,1,
100,1,897,176,17,14,1,5,1,
100,3,626,471,80,19,1,5,1,
100,5,855,341,27,12,1,5,1,
100,12,648,253,33,9,1,5,1,
100,14,850,323,26,9,1,5,1,
100,15,921,91,39,16,1,5,1,
100,16,870,325,16,12,1,5,1,
100,17,547,179,41,12,1,5,1,
101,1,895,177,18,13,1,5,1,
101,3,631,472,81,19,1,5,1,
101,5,853,341,27,11,1,5,1,
101,12,647,252,30,10,1,5,1,
101,14,849,322,24,10,1,5,1,
101,15,926,93,34,11,1,5,1,
101,16,871,325,15,11,1,5,1,
101,17,548,179,44,11,1,5,1,
102,1,894,178,17,13,1,5,1,
102,3,636,472,82,19,1,5,1,
102,5,852,341,25,10,1,5,1,
102,12,643,252,29,10,1,5,1,
102,14,848,322,22,9,1,5,1,
102,16,873,324,15,11,1,5,1,
102,17,551,177,44,12,1,5,1,
103,1,893,178,17,14,1,5,1,
103,3,641,472,82,20,1,5,1,
103,5,850,340,26,11,1,5,1,
103,12,639,252,31,10,1,5,1,
103,14,847,322,20,9,1,5,1,
103,16,875,323,17,12,1,5,1,
103,17,553,176,45,12,1,5,1,
104,1,892,179,17,13,1,5,1,
104,3,645,473,84,19,1,5,1,
104,5,847,340,27,10,1,5,1,
104,12,635,252,33,10,1,5,1,
104,14,846,321,20,10,1,5,1,
104,16,876,323,21,12,1,5,1,
104,17,556,176,47,12,1,5,1,
105,1,891,180,17,13,1,5,1,
105,3,651,473,83,19,1,5,1,
105,5,845,339,28,11,1,5,1,
105,12,631,253,35,9,1,5,1,
105,14,845,321,19,9,1,5,1,
105,16,874,322,29,12,1,5,1,
105,17,558,176,50,12,1,5,1,
106,1,890,180,17,13,1,5,1,
106,3,656,473,83,19,1,5,1,
106,5,843,339,29,10,1,5,1,
106,12,627,254,37,9,1,5,1,
106,14,841,321,22,9,1,5,1,
106,16,873,322,35,12,1,5,1,
106,17,560,176,53,12,1,5,1,
107,1,888,181,18,13,1,5,1,
107,3,662,473,83,19,1,5,1,
107,5,840,338,30,11,1,5,1,
107,12,623,255,40,9,1,5,1,
107,14,837,320,25,9,1,5,1,
107,16,874,322,39,11,1,5,1,
107,17,562,176,55,12,1,5,1,
108,1,887,182,18,13,1,5,1,
108,3,667,473,83,20,1,5,1,
108,5,837,338,32,10,1,5,1,
108,12,619,255,42,11,1,5,1,
108,14,833,320,29,9,1,5,1,
108,16,875,321,42,12,1,5,1,
108,17,564,176,58,12,1,5,1,
109,1,886,183,18,12,1,5,1,
109,3,673,473,82,20,1,5,1,
109,5,834,337,33,10,1,5,1,
109,12,615,255,44,12,1,5,1,
109,14,828,319,34,9,1,5,1,
109,16,877,321,44,12,1,5,1,
109,17,567,176,59,12,1,5,1,
110,1,884,183,19,13,1,5,1,
110,3,679,473,81,20,1,5,1,
110,5,830,337,36,10,1,5,1,
110,12,612,254,44,15,1,5,1,
110,13,943,531,17,12,1,5,1,
110,14,825,319,36,9,1,5,1,
110,16,880,321,44,12,1,5,1,
110,17,570,176,59,12,1,5,1,
111,1,883,184,18,12,1,5,1,
111,3,686,473,79,20,1,5,1,
111,5,827,336,37,10,1,5,1,
111,12,609,254,44,17,1,5,1,
111,13,950,527,10,8,1,5,1,
111,14,821,318,39,9,1,5,1,
111,16,885,321,43,11,1,5,1,
111,17,574,176,59,12,1,5,1,
112,1,881,185,19,12,1,5,1,
112,3,692,473,78,20,1,5,1,
112,5,825,335,37,10,1,5,1,
112,12,606,255,43,18,1,5,1,
112,13,957,524,3,7,1,5,1,
112,14,818,318,40,9,1,5,1,
112,16,889,321,43,11,1,5,1,
112,17,578,176,58,12,1,5,1,
113,1,880,186,18,12,1,5,1,
113,3,698,473,77,19,1,5,1,
113,5,822,335,37,10,1,5,1,
113,8,10869,20952,-9909,-20408,1,5,1,
113,12,603,255,42,19,1,5,1,
113,13,1022,528,-62,0,1,5,1,
113,14,818,318,37,8,1,5,1,
113,16,894,320,41,12,1,5,1,
113,17,582,175,56,13,1,5,1,
113,20,953,268,6,10,1,5,1,
114,1,878,186,19,12,1,5,1,
114,3,705,473,75,19,1,5,1,
114,5,820,334,36,10,1,5,1,
114,12,601,256,40,20,1,5,1,
114,14,818,317,33,9,1,5,1,
114,16,899,320,39,12,1,5,1,
114,17,587,175,53,13,1,5,1,
114,20,952,268,7,10,1,5,1,
115,1,877,187,18,12,1,5,1,
115,3,711,473,74,19,1,5,1,
115,5,819,334,34,10,1,5,1,
115,12,599,257,38,20,1,5,1,
115,14,813,317,34,8,1,5,1,
115,16,904,320,38,11,1,5,1,
115,17,592,175,49,13,1,5,1,
115,20,950,268,9,10,1,5,1,
115,22,687,160,31,10,1,5,1,
116,1,875,188,19,11,1,5,1,
116,3,716,472,73,20,1,5,1,
116,12,598,258,35,20,1,5,1,
116,14,809,317,35,8,1,5,1,
116,16,908,320,37,11,1,5,1,
116,17,597,175,45,14,1,5,1,
116,20,949,268,10,9,1,5,1,
116,22,688,159,27,11,1,5,1,
117,1,874,188,18,12,1,5,1,
117,3,723,472,71,20,1,5,1,
117,12,597,260,31,19,1,5,1,
117,14,805,316,36,8,1,5,1,
117,16,913,319,35,12,1,5,1,
117,17,602,175,40,14,1,5,1,
117,20,949,268,10,9,1,5,1,
117,22,684,158,27,11,1,5,1,
118,1,873,189,18,11,1,5,1,
118,3,727,472,72,19,1,5,1,
118,12,597,261,28,19,1,5,1,
118,14,805,316,34,8,1,5,1,
118,16,916,319,35,11,1,5,1,
118,17,606,176,36,14,1,5,1,
118,20,949,267,10,10,1,5,1,
118,22,680,157,29,10,1,5,1,
119,1,872,190,17,11,1,5,1,
119,3,733,472,70,19,1,5,1,
119,12,597,263,25,18,1,5,1,
119,14,804,316,32,8,1,5,1,
119,16,920,319,33,11,1,5,1,
119,17,611,176,32,15,1,5,1,
119,20,948,268,11,9,1,5,1,
119,22,676,155,32,12,1,5,1,
120,1,870,190,18,11,1,5,1,
120,3,738,471,69,19,1,5,1,
120,12,597,264,21,17,1,5,1,
120,14,800,315,33,9,1,5,1,
120,16,924,319,32,11,1,5,1,
120,17,615,176,29,16,1,5,1,
120,20,948,268,11,9,1,5,1,
120,22,671,154,37,13,1,5,1,
121,1,869,191,17,11,1,5,1,
121,3,743,471,69,19,1,5,1,
121,12,597,266,18,15,1,5,1,
121,14,795,315,36,8,1,5,1,
121,16,927,318,32,12,1,5,1,
121,17,618,176,26,17,1,5,1,
121,20,947,268,12,9,1,5,1,
121,22,666,152,42,14,1,5,1,
122,1,868,192,17,10,1,5,1,
122,3,749,470,67,20,1,5,1,
122,12,597,268,15,13,1,5,1,
122,16,931,318,29,11,1,5,1,
122,17,621,177,25,16,1,5,1,
122,20,946,268,13,9,1,5,1,
122,22,660,151,47,15,1,5,1,
123,1,866,192,18,11,1,5,1,
123,3,754,470,66,19,1,5,1,
123,12,597,269,12,13,1,5,1,
123,16,934,318,26,11,1,5,1,
123,17,623,178,24,16,1,5,1,
123,20,944,268,16,9,1,5,1,
123,22,655,150,51,15,1,5,1,
124,1,865,193,18,10,1,5,1,
124,3,758,470,66,19,1,5,1,
124,12,597,270,10,13,1,5,1,
124,16,937,318,23,10,1,5,1,
124,17,624,179,24,15,1,5,1,
124,20,943,268,17,9,1,5,1,
124,22,650,149,54,15,1,5,1,
125,1,863,193,19,11,1,5,1,
125,3,762,469,66,19,1,5,1,
125,4,549,157,34,12,1,5,1,
125,12,598,271,8,13,1,5,1,
125,16,940,318,20,10,1,5,1,
125,17,625,180,25,15,1,5,1,
125,20,942,268,17,9,1,5,1,
125,22,645,148,57,14,1,5,1,
125,23,952,229,7,8,1,5,1,
126,3,768,469,64,18,1,5,1,
126,4,552,156,32,11,1,5,1,
126,16,944,319,16,9,1,5,1,
126,17,627,181,24,14,1,5,1,
126,20,941,268,17,9,1,5,1,
126,22,640,148,58,13,1,5,1,
126,23,951,229,8,9,1,5,1,
127,3,773,468,62,19,1,5,1,
127,4,555,156,30,11,1,5,1,
127,16,946,319,14,8,1,5,1,
127,17,628,182,25,14,1,5,1,
127,20,940,268,17,8,1,5,1,
127,22,635,148,60,11,1,5,1,
127,23,949,229,10,9,1,5,1,
128,3,777,468,62,18,1,5,1,
128,4,559,155,29,11,1,5,1,
128,16,949,319,11,8,1,5,1,
128,17,630,183,24,13,1,5,1,
128,20,939,268,17,8,1,5,1,
128,22,631,147,60,11,1,5,1,
128,23,948,229,11,10,1,5,1,
129,3,782,467,60,19,1,5,1,
129,4,561,154,31,11,1,5,1,
129,17,631,183,24,14,1,5,1,
129,20,938,268,17,8,1,5,1,
129,22,627,147,60,11,1,5,1,
129,23,947,229,12,11,1,5,1,
130,3,785,466,61,19,1,5,1,
130,4,563,154,33,10,1,5,1,
130,17,632,184,25,13,1,5,1,
130,20,936,268,19,8,1,5,1,
130,22,623,147,60,12,1,5,1,
130,23,946,228,13,12,1,5,1,
131,3,790,466,59,18,1,5,1,
131,4,565,153,35,11,1,5,1,
131,17,634,184,25,14,1,5,1,
131,20,935,268,19,8,1,5,1,
131,22,620,147,59,12,1,5,1,
131,23,944,229,15,11,1,5,1,
132,3,794,465,59,19,1,5,1,
132,4,566,152,38,11,1,5,1,
132,17,635,185,25,13,1,5,1,
132,20,934,268,18,8,1,5,1,
132,23,943,229,16,11,1,5,1,
133,3,797,464,59,19,1,5,1,
133,4,566,152,43,11,1,5,1,
133,17,636,185,26,14,1,5,1,
133,20,933,268,19,8,1,5,1,
133,23,942,229,18,12,1,5,1,
134,3,801,464,58,18,1,5,1,
134,4,567,152,45,11,1,5,1,
134,17,637,186,26,13,1,5,1,
134,20,931,268,19,8,1,5,1,
134,23,940,229,19,12,1,5,1,
135,3,805,463,57,18,1,5,1,
135,4,568,151,48,11,1,5,1,
135,17,639,186,25,13,1,5,1,
135,20,930,268,19,8,1,5,1,
135,23,939,230,20,11,1,5,1,
136,3,808,462,57,18,1,5,1,
136,4,570,151,50,11,1,5,1,
136,17,640,187,26,13,1,5,1,
136,20,929,268,19,8,1,5,1,
136,23,937,230,22,11,1,5,1,
137,3,812,462,56,18,1,5,1,
137,4,571,151,52,11,1,5,1,
137,17,642,188,25,12,1,5,1,
137,20,927,268,20,8,1,5,1,
137,23,936,230,23,12,1,5,1,
138,3,816,461,54,18,1,5,1,
138,4,573,150,53,11,1,5,1,
138,17,643,188,25,13,1,5,1,
138,20,926,268,20,8,1,5,1,
138,23,934,231,25,11,1,5,1,
139,3,820,460,53,19,1,5,1,
139,4,575,150,55,11,1,5,1,
139,17,645,189,25,12,1,5,1,
139,20,925,268,20,8,1,5,1,
139,23,932,231,27,11,1,5,1,
140,3,824,460,52,18,1,5,1,
140,4,578,150,55,11,1,5,1,
140,17,646,189,25,13,1,5,1,
140,20,923,268,20,8,1,5,1,
140,23,931,231,27,11,1,5,1,
141,3,828,459,50,18,1,5,1,
141,4,581,150,56,11,1,5,1,
141,20,922,268,20,8,1,5,1,
141,23,929,231,28,11,1,5,1,
142,3,831,458,50,19,1,5,1,
142,4,584,150,56,11,1,5,1,
142,20,920,268,21,8,1,5,1,
142,23,928,232,28,11,1,5,1,
143,3,835,457,48,19,1,5,1,
143,4,587,150,57,11,1,5,1,
143,20,919,268,20,8,1,5,1,
143,23,926,232,29,11,1,5,1,
144,3,838,456,47,19,1,5,1,
144,4,590,150,57,11,1,5,1,
145,3,840,456,48,19,1,5,1,
145,4,593,150,57,11,1,5,1,
146,3,842,455,48,20,1,5,1,
146,4,595,151,58,10,1,5,1,
147,3,844,454,48,20,1,5,1,
147,4,597,151,59,10,1,5,1,
148,3,846,453,48,21,1,5,1,
148,4,600,151,59,10,1,5,1,
149,3,848,452,48,21,1,5,1,
149,4,602,151,60,11,1,5,1,
150,3,851,451,46,22,1,5,1,
150,4,605,151,60,11,1,5,1,
